-6.184065e+000 1.030755e+001 -1.600878e+001 -2.520496e+000 -3.247797e-001 6.425210e-002 -4.883574e-001 -4.042880e+000 -6.722401e-001 -2.559884e+000 -2.814565e+000 -4.441835e-001 -9.123570e-001 -5.522071e-001 1.076476e+000 7.785870e-001 9.095887e-001 1.172646e+000 1.023710e+000 6.600830e-001 2.623865e-001 9.131604e-001 4.484188e-001 -7.612309e-001 -6.673741e-001 -2.832768e-001 -2.322684e-001 -3.511705e-001 8.797206e-002 6.135773e-001 8.816557e-001 2.143733e-001 -1.382788e+000 -1.040077e+000 8.738730e-002 -2.567983e-002 
-7.227192e+000 1.299338e+001 -1.706035e+001 -1.417352e+000 -1.924745e-001 6.246391e-002 -2.527337e+000 -6.817823e+000 3.788880e-002 -2.699715e+000 -4.046680e+000 -1.224387e+000 -3.972969e-001 -1.255401e+000 1.809321e+000 1.623474e+000 1.457244e+000 1.479468e+000 1.779912e+000 1.477433e+000 1.481564e-001 1.373632e+000 -1.637320e-001 -1.137000e-001 -3.468195e-001 -3.846966e-001 4.760664e-001 8.787160e-002 4.332822e-001 6.779187e-001 8.926127e-001 4.443326e-001 -7.866857e-001 -8.220792e-001 -2.941117e-001 -1.984480e-001 
-8.891700e+000 1.312890e+001 -1.737364e+001 -1.754198e-001 1.809962e-001 -1.855973e-001 -9.378182e-001 -6.155708e+000 1.613427e-001 -3.272594e+000 -3.710010e+000 -1.564808e+000 -7.493822e-001 -2.575990e-001 5.010419e-001 9.497681e-001 1.909155e+000 1.278607e+000 8.642428e-001 1.736753e+000 1.043291e+000 1.183697e+000 -6.047656e-002 -6.005825e-001 4.893233e-001 -3.760559e-001 4.495906e-001 2.200783e-001 1.977027e-001 9.285718e-001 1.118734e+000 3.096400e-001 -8.199877e-001 -4.452483e-001 -3.829605e-002 -8.904301e-001 
-8.490248e+000 1.331522e+001 -1.722390e+001 8.559633e-001 1.265693e+000 -5.412841e-001 -8.680443e-001 -6.291420e+000 1.029386e-001 -4.687757e+000 -3.365410e+000 -3.714202e-001 3.144622e-001 -4.546607e-001 8.605301e-001 1.487029e-001 8.931523e-001 2.229483e+000 1.709298e+000 2.564784e+000 1.304029e-001 5.818529e-001 6.558826e-003 -8.838080e-001 2.525819e-001 -5.788186e-001 2.764762e-001 -2.479883e-001 -5.001145e-001 9.457556e-001 4.028578e-001 4.974708e-001 -7.706176e-001 -9.741609e-001 2.007939e-001 -8.645792e-001 
-7.222725e+000 1.345301e+001 -1.576293e+001 -4.528996e-001 8.299490e-001 -1.026847e-001 -5.950960e-001 -4.760453e+000 7.240394e-001 -2.940028e+000 -4.139131e+000 -6.331108e-001 9.413091e-001 7.045240e-001 6.209942e-001 4.919743e-001 1.395785e+000 1.936301e+000 1.663085e+000 4.721544e-002 -3.529787e-001 4.641234e-001 -4.705709e-001 -4.557941e-001 -1.068680e+000 -1.470392e+000 -6.551147e-002 -5.276982e-001 4.696597e-003 6.847569e-001 8.987936e-001 2.123187e-001 -9.413070e-001 -7.224702e-001 -9.381022e-001 -5.268299e-001 
-9.881737e+000 1.356533e+001 -1.495277e+001 3.889244e-001 1.425180e+000 -1.319625e+000 -2.142812e+000 -5.103573e+000 1.345610e+000 -4.712174e+000 -4.002398e+000 -1.135264e+000 1.883899e-002 -3.440607e-004 -7.162258e-001 -4.678299e-001 -9.339079e-003 7.259708e-001 1.216795e+000 -2.989249e-001 -1.622472e+000 -8.216086e-001 -8.684596e-001 -4.365516e-001 -1.540561e+000 -1.932078e+000 1.330448e-001 -2.338464e-001 2.168649e-001 6.337876e-001 7.557133e-001 4.153466e-001 -8.488470e-001 -3.358802e-001 -4.422041e-001 -5.598314e-001 
-8.617440e+000 1.312214e+001 -1.383358e+001 3.548168e-001 3.939133e-001 -2.239991e+000 -2.297486e+000 -4.532490e+000 1.529051e+000 -3.243276e+000 -4.206748e+000 -7.829087e-001 -5.883838e-001 -6.291981e-001 -3.879286e-002 3.526896e-001 9.863339e-001 7.053889e-001 1.676257e+000 3.965990e-001 -4.787529e-005 1.791944e-001 -6.331629e-002 -4.291147e-001 -1.052402e+000 -6.486806e-001 6.367041e-001 5.683055e-001 5.000567e-001 2.204219e-001 6.527329e-001 5.005933e-001 -6.393835e-001 -2.672999e-001 4.809429e-001 2.468619e-002 
-6.990681e+000 1.622224e+001 -1.589503e+001 -4.490975e-001 -6.366604e-001 -2.496479e+000 -6.158910e-001 -5.815634e+000 3.051181e+000 -3.036098e+000 -4.351105e+000 -1.374033e+000 -7.978086e-001 4.285172e-001 -8.715031e-001 1.093602e+000 1.617495e+000 7.887264e-001 1.752354e+000 -1.187112e+000 2.025217e-002 1.530336e+000 1.940249e-001 1.057604e-001 -1.181333e+000 8.258725e-002 1.615541e-001 -1.372062e+000 -6.839155e-001 -1.064089e+000 5.408228e-001 -1.571316e-001 -1.275023e+000 4.520962e-001 5.813682e-001 9.401497e-001 
-1.341686e+000 1.541129e+001 -1.468857e+001 1.756549e+000 -2.705626e+000 -2.144049e+000 -2.550048e+000 -7.224648e+000 1.652958e+000 -3.267427e+000 -4.972484e+000 -1.746412e+000 -7.777441e-001 -1.530604e+000 -1.340779e+000 1.158128e+000 1.380091e+000 1.807626e+000 1.457234e+000 6.592964e-001 1.876471e+000 1.352686e+000 1.177612e+000 2.253174e-001 5.815556e-001 1.211114e+000 -1.088461e+000 -1.193589e+000 -8.572282e-001 -7.950790e-002 1.748442e+000 4.317879e-001 4.515991e-001 8.204984e-001 -2.340566e-001 6.013488e-002 
1.383603e+000 1.366996e+001 -1.630518e+001 3.286458e+000 -4.537754e+000 -2.413052e+000 -2.538184e+000 -6.793885e+000 3.519531e+000 -3.391299e+000 -5.256928e+000 -2.118977e+000 -1.720557e+000 -2.980212e+000 -1.710757e+000 1.579987e+000 -4.146177e-002 1.232494e+000 1.650430e+000 5.486470e-001 1.546513e+000 1.011287e+000 1.865507e+000 2.141539e-001 -1.564817e-001 1.059552e+000 -1.498833e+000 -1.527991e+000 -1.491946e+000 -2.750658e-001 1.595245e+000 2.114844e-001 5.800764e-001 9.571249e-001 2.233647e-001 1.829715e-001 
3.022802e+000 1.307195e+001 -1.461824e+001 2.309227e+000 -3.456572e+000 -3.680003e+000 -2.380709e+000 -5.083723e+000 3.364051e+000 -1.595000e+000 -5.646605e+000 -1.222679e+000 -1.842059e+000 -3.016804e+000 -6.816012e-001 1.546231e+000 9.557397e-001 9.156166e-001 5.416720e-001 -5.405775e-002 2.619081e+000 1.606603e+000 3.993947e-001 6.804664e-001 5.866801e-002 1.252627e+000 -2.678223e-001 -1.852239e+000 -1.417575e+000 -8.291213e-001 1.490850e+000 4.559767e-001 -2.797588e-002 1.655475e+000 -9.616847e-002 -6.796929e-001 
4.073044e+000 1.266478e+001 -1.483557e+001 1.586425e+000 -3.581086e+000 -3.462439e+000 -2.449130e+000 -5.393602e+000 3.366959e+000 -1.112447e+000 -6.037585e+000 -1.498776e+000 -1.258319e+000 -2.685213e+000 -1.059560e+000 1.327778e+000 9.180446e-001 1.290366e+000 1.340794e+000 4.764620e-002 2.258924e+000 1.304572e+000 7.134907e-001 1.583603e+000 1.354448e-003 1.097197e+000 -3.551892e-001 -1.876557e+000 -1.002741e+000 -8.419583e-001 1.974267e+000 7.464525e-001 -4.531279e-001 1.719927e+000 2.697932e-002 -3.177174e-001 
2.786423e-001 1.703097e+001 -1.974221e+001 3.313572e+000 -3.772073e+000 -4.542364e+000 -3.010990e-001 -8.639695e+000 5.630513e+000 -3.797853e+000 -4.583211e+000 -1.545275e+000 -3.629203e+000 -1.647276e+000 -2.667205e+000 1.637781e+000 5.129772e-001 1.207335e+000 2.431518e+000 -8.775447e-001 2.719952e+000 1.089100e+000 4.225983e-001 1.713968e+000 -6.277144e-001 1.095703e+000 -1.195419e+000 -2.527773e+000 -7.594628e-001 -1.650579e+000 2.177008e+000 1.128666e+000 -3.037786e-001 2.345755e+000 -5.570876e-001 -3.447536e-002 
3.255531e+000 1.174308e+001 -1.535820e+001 1.365121e+000 -3.484013e+000 -4.104966e+000 -1.937450e+000 -3.913898e+000 2.622868e+000 -1.912028e+000 -4.934969e+000 -1.227680e+000 -2.570739e+000 -3.485484e+000 -1.374363e+000 7.127300e-001 1.401601e+000 1.459653e+000 4.981421e-001 8.078808e-001 3.583301e+000 1.413187e+000 3.687888e-001 1.446400e+000 4.488182e-001 8.328381e-001 -1.578812e+000 -2.484503e+000 -8.046047e-001 -6.332339e-001 1.640952e+000 7.268575e-001 5.142195e-001 2.477017e+000 5.738396e-002 -4.656378e-001 
1.573912e+000 1.432917e+001 -1.835176e+001 2.672339e+000 -4.050509e+000 -4.714291e+000 -1.461138e+000 -5.656104e+000 4.102469e+000 -2.835099e+000 -4.043588e+000 -1.060350e+000 -3.064571e+000 -2.065081e+000 -1.436420e+000 5.317765e-001 1.628567e+000 1.204109e+000 9.162255e-001 1.586772e-001 3.396060e+000 1.404066e+000 3.473235e-001 1.879905e+000 -2.173661e-001 1.376179e+000 -6.590390e-001 -2.518390e+000 -7.502404e-001 -1.109701e+000 2.150691e+000 8.887533e-001 -5.063159e-002 2.166508e+000 -6.446390e-001 -3.188896e-003 
6.124547e+000 1.046791e+001 -1.424949e+001 1.318612e+000 -3.999032e+000 -3.973754e+000 -2.308700e+000 -3.897239e+000 2.131044e+000 -2.431521e+000 -4.466226e+000 -7.223975e-001 -2.241889e+000 -2.716313e+000 -1.349813e+000 5.032539e-001 1.076036e+000 1.073084e+000 4.091837e-001 9.077263e-003 2.210404e+000 9.495883e-001 3.426924e-001 1.016385e+000 -3.342530e-001 6.917364e-001 -9.020243e-001 -2.347466e+000 -1.421795e+000 -9.891108e-001 1.864220e+000 8.260079e-001 -4.152938e-001 1.220504e+000 -1.008214e-001 8.591472e-002 
7.760310e+000 8.016499e+000 -9.759874e+000 -1.491949e+000 6.646396e-001 -3.310840e-001 -2.298663e+000 -2.793087e+000 1.615822e+000 -2.373017e-001 -2.817001e+000 -4.436828e-001 -6.537887e-001 -1.011413e+000 7.292191e-001 7.454734e-001 3.050113e-001 4.313120e-001 -4.904608e-001 -9.655362e-001 -2.412305e-001 2.077766e-001 5.939815e-001 1.003934e-001 -5.193844e-001 1.636456e-002 -1.298922e-001 -2.757941e-001 -2.907521e-001 -3.035898e-001 9.582922e-001 7.654846e-001 -3.858463e-001 -8.523040e-003 4.316233e-001 4.151554e-001 
-8.623972e+000 1.351622e+001 -2.074887e+001 -7.511550e-001 3.734323e-001 -8.564995e-001 1.286534e+000 -6.404079e+000 2.718418e+000 -4.171693e+000 -3.683628e+000 -2.198895e-001 -1.911590e+000 5.442048e-001 1.693806e-002 1.235773e+000 1.733341e+000 5.973927e-001 2.270488e+000 7.335952e-001 1.730103e+000 1.006587e+000 -3.230813e-001 4.055948e-001 -7.016013e-001 -5.295034e-001 3.187781e-001 -6.951672e-001 1.410860e-001 -9.435673e-002 6.881487e-001 6.878785e-001 -9.109197e-001 -1.881995e-001 -5.123158e-001 -1.401128e-001 
-6.429802e+000 1.186758e+001 -1.808046e+001 -7.804141e-001 -9.139622e-002 4.773908e-002 -5.511666e-001 -5.097338e+000 1.734575e+000 -4.275523e+000 -4.940622e+000 -1.224409e+000 -1.010638e+000 1.049157e+000 8.248032e-001 1.887235e+000 1.504061e+000 9.443398e-003 2.544621e+000 3.359877e-001 -3.751857e-001 1.349341e+000 5.223534e-001 2.925562e-002 -4.394823e-001 8.353707e-002 -8.531616e-002 -9.271408e-001 -5.691261e-002 -3.041246e-001 6.788620e-001 3.548683e-001 -1.042471e+000 -4.908422e-002 3.766681e-002 -1.540519e-001 
-4.923053e+000 1.227015e+001 -1.636854e+001 -1.527304e-001 9.568378e-001 -1.279033e+000 -9.451509e-001 -5.396741e+000 2.658505e-001 -2.399732e+000 -4.731070e+000 -5.560644e-001 -2.619025e-001 -4.991480e-001 1.108032e-002 3.863361e-001 1.895587e+000 1.309067e+000 1.560989e+000 3.328430e-001 -3.692460e-001 1.612032e+000 7.417460e-001 -4.190352e-001 -2.176566e-001 -3.234516e-001 3.154912e-001 -2.606724e-001 -1.975351e-001 9.600562e-001 1.213597e+000 8.884107e-001 -9.149190e-001 -1.059221e+000 5.653371e-001 -1.479091e-002 
-5.109144e+000 1.232063e+001 -1.746517e+001 3.494129e-001 5.805899e-001 -1.049430e+000 -1.133232e+000 -6.593887e+000 5.015405e-001 -2.795831e+000 -3.806997e+000 -1.104189e+000 -5.760533e-001 3.889157e-001 2.676758e-001 1.765162e+000 2.846666e+000 7.679227e-001 1.542841e+000 1.158874e+000 1.230114e+000 1.227537e+000 1.167454e-001 3.365703e-001 -1.029500e+000 -1.126261e+000 2.342207e-001 5.226730e-002 -3.667930e-001 -1.666450e-001 1.177505e+000 3.580820e-001 -1.439569e+000 -5.528936e-001 1.750018e-001 2.558070e-001 
-7.743924e+000 1.593875e+001 -1.981114e+001 -4.692037e-001 1.238662e+000 -1.081336e+000 2.286664e+000 -7.501551e+000 2.863026e+000 -3.770918e+000 -5.020153e+000 -9.132139e-001 -2.253264e+000 1.771921e+000 -2.299895e-001 1.403988e+000 1.944849e+000 -2.267998e-001 1.704564e+000 -1.557209e-001 7.413035e-001 1.307444e+000 -6.247288e-001 -3.051584e-001 -1.535476e+000 -9.796268e-001 -2.188554e-001 -5.061242e-001 -3.563349e-001 -5.134273e-001 1.251178e+000 3.446373e-001 -1.605545e+000 -5.600579e-001 -2.401694e-001 1.802235e-001 
-3.833198e+000 1.038136e+001 -1.494013e+001 -1.543173e+000 1.375749e+000 5.115296e-001 -1.231169e+000 -4.182884e+000 6.320520e-002 -2.943262e+000 -4.743756e+000 -1.906435e+000 -1.507115e+000 -2.730803e-001 4.303508e-001 -7.292320e-002 2.895688e-001 5.977516e-001 1.007645e+000 -2.915901e-001 -3.174270e-001 9.735836e-001 2.303980e-001 -1.014306e+000 -1.166996e+000 -2.364483e-001 1.778050e-001 -4.083720e-001 -4.154870e-001 2.291685e-001 9.795872e-001 9.932495e-002 -1.018047e+000 -4.987353e-001 1.435135e-001 3.442425e-001 
-4.675342e+000 1.275373e+001 -1.769901e+001 -1.285572e+000 1.070187e-001 -8.104472e-001 -3.036428e-001 -4.869228e+000 1.467819e+000 -2.272843e+000 -3.706571e+000 -9.654609e-001 -1.317097e+000 -4.492125e-001 -5.881987e-001 -4.582434e-001 1.169327e+000 1.093119e+000 1.652759e+000 2.360677e-001 1.670995e-002 8.958608e-001 -5.059250e-002 -2.108379e-001 -4.396056e-001 1.512653e-001 7.036350e-001 -1.018892e-002 -8.201637e-002 3.660955e-001 9.980735e-001 6.123228e-002 -1.348988e+000 -5.379056e-001 9.976619e-002 9.150011e-002 
-2.377726e+000 1.579616e+001 -1.733225e+001 -1.344786e-001 -1.713557e-001 -2.868727e+000 -2.249570e+000 -7.121583e+000 8.071873e-001 -2.864496e+000 -5.750179e+000 -1.605018e+000 -1.866186e+000 -1.072614e+000 -4.897770e-001 2.074259e-001 2.548590e+000 1.030237e+000 1.300665e+000 8.354141e-001 -1.211966e-001 1.161582e+000 9.338934e-001 3.413127e-001 4.062454e-001 -4.123176e-001 1.750779e-001 -3.437873e-001 -7.760239e-001 -2.616465e-001 7.460070e-001 4.756558e-001 -5.743352e-001 5.883095e-002 1.068537e+000 1.084229e-001 
1.573888e+000 1.365985e+001 -1.512101e+001 9.915011e-001 -2.220039e+000 -1.732261e+000 -2.375540e+000 -6.771531e+000 2.321290e+000 -1.389106e+000 -6.458579e+000 -2.193264e+000 -9.534547e-001 -1.055228e+000 -8.766019e-001 1.277381e-001 1.375253e+000 1.407042e+000 1.619849e+000 5.524997e-001 1.225291e+000 2.230370e+000 1.656887e+000 8.882136e-001 -1.627847e-001 -2.000715e-001 -4.787003e-001 -5.943696e-001 -5.553858e-001 -4.936475e-001 1.363651e+000 6.388526e-001 -3.640307e-001 7.184275e-001 4.821536e-001 5.726751e-001 
4.107069e+000 1.118639e+001 -1.406739e+001 1.222880e+000 -2.468028e+000 -2.959385e+000 -2.629986e+000 -5.228962e+000 2.537883e+000 -1.550106e+000 -6.955931e+000 -2.259670e+000 -8.406704e-001 -2.003911e+000 -1.284691e+000 -2.373408e-001 6.856829e-001 1.999169e+000 2.044416e+000 8.266973e-001 1.460303e+000 1.348373e+000 1.555164e+000 1.108899e+000 -3.688608e-001 -6.447865e-002 -1.160986e+000 -1.553201e+000 -1.067733e+000 -8.535961e-001 1.527886e+000 6.647134e-001 1.573288e-001 1.645516e+000 2.970081e-001 1.681973e-001 
4.683353e+000 1.056349e+001 -1.371691e+001 7.618449e-001 -2.872181e+000 -3.718724e+000 -2.815028e+000 -4.201663e+000 2.774034e+000 -1.685824e+000 -6.262000e+000 -1.742026e+000 -1.538891e+000 -2.671955e+000 -1.113606e+000 -4.979128e-003 5.276274e-001 1.908552e+000 1.509571e+000 1.328699e-001 1.636135e+000 1.377071e+000 1.404992e+000 1.718569e+000 -6.900372e-002 3.625012e-001 -2.206814e-001 -1.498128e+000 -1.260895e+000 -6.356845e-001 1.677794e+000 8.243159e-001 5.175365e-002 1.642677e+000 3.928033e-001 -3.057797e-001 
9.679489e-001 1.635786e+001 -1.839599e+001 2.674961e+000 -4.006789e+000 -3.989656e+000 -1.559236e+000 -7.452799e+000 5.349875e+000 -4.226399e+000 -5.250221e+000 -1.362262e+000 -1.872497e+000 -1.485388e+000 -2.088802e+000 1.168830e+000 5.553907e-001 1.820494e+000 2.588752e+000 -8.569769e-001 1.098713e+000 1.347558e+000 1.268819e+000 2.251251e+000 -9.112508e-001 5.756538e-001 -4.287485e-001 -1.817830e+000 -2.468006e-001 -1.287157e+000 1.648056e+000 7.417711e-001 -5.567321e-001 1.687605e+000 -3.405237e-001 2.371005e-001 
3.834599e+000 1.274026e+001 -1.524391e+001 1.439979e+000 -3.222653e+000 -3.479555e+000 -2.488042e+000 -5.289081e+000 2.157251e+000 -2.209354e+000 -4.940567e+000 -1.010575e+000 -1.126053e+000 -2.113751e+000 -1.673741e+000 8.788284e-001 1.796981e+000 1.756521e+000 7.756324e-001 -7.883267e-001 1.965505e+000 1.167267e+000 6.525157e-001 1.715331e+000 3.637762e-002 7.752989e-001 -9.174349e-001 -1.559396e+000 -3.168199e-001 -9.502124e-001 1.744360e+000 4.657587e-001 -7.859242e-001 1.287002e+000 -3.059626e-001 2.464588e-001 
-3.096241e-001 1.597827e+001 -1.993767e+001 1.746275e+000 -3.590921e+000 -5.081403e+000 -9.377294e-001 -8.166386e+000 3.768208e+000 -3.854598e+000 -4.580018e+000 -9.291557e-001 -2.769191e+000 -1.384449e+000 -1.876781e+000 1.028328e+000 1.684442e+000 2.059662e+000 1.771760e+000 5.107787e-002 2.957212e+000 1.881985e+000 1.303570e+000 2.399446e+000 -1.707807e-001 1.411970e+000 -7.072689e-001 -1.372112e+000 1.676576e-001 -7.075776e-001 2.424359e+000 8.837347e-001 -3.183740e-001 2.082439e+000 -2.472928e-001 4.097428e-001 
1.751993e+000 1.347190e+001 -1.759284e+001 2.728087e+000 -3.731301e+000 -3.957246e+000 -2.311090e+000 -5.433627e+000 3.779187e+000 -3.097869e+000 -4.912131e+000 -1.412212e+000 -1.835969e+000 -1.739960e+000 -1.945557e+000 1.096405e-001 1.257987e+000 1.923494e+000 1.740988e+000 -6.775909e-001 2.570687e+000 1.608080e+000 1.009979e+000 2.051358e+000 -4.452163e-001 9.098444e-001 -4.597675e-001 -1.876360e+000 -5.369324e-001 -1.144667e+000 2.415482e+000 1.079834e+000 -3.892607e-001 1.646783e+000 -4.319268e-001 5.035463e-001 
