1.221170e+000 1.490715e+001 -1.446786e+001 2.922121e+000 -4.185966e+000 -5.985048e+000 -2.238242e+000 -7.544713e+000 3.616382e-001 -2.336222e+000 -6.071214e+000 2.620154e-001 3.794276e-001 -2.059430e+000 -6.989678e-001 -3.188189e-002 1.655348e+000 2.125037e+000 1.812494e+000 8.596517e-001 1.653306e+000 2.631409e+000 -6.163744e-001 -1.648741e+000 5.591477e-003 -1.059628e+000 -1.467260e-001 4.036235e-003 -1.484748e+000 4.698221e-001 1.220169e+000 -4.753089e-002 -8.471200e-001 -5.542283e-001 6.282092e-002 -7.960158e-001 
3.696080e+000 1.385233e+001 -1.426647e+001 2.317733e+000 -3.284164e+000 -6.091061e+000 -1.362901e+000 -6.168190e+000 -8.174416e-001 -2.251355e+000 -5.394516e+000 1.627485e+000 5.378087e-001 -2.575504e+000 -7.911025e-001 2.271934e-001 2.490593e+000 2.762641e+000 1.698137e+000 9.045545e-001 1.504811e+000 2.402514e+000 -7.985834e-001 -1.376656e+000 1.610209e-001 -8.760958e-001 2.459725e-001 1.093836e-001 -4.514262e-001 1.357923e+000 7.961685e-001 -3.396425e-001 -8.511291e-001 -4.708340e-001 5.689848e-001 -5.106566e-001 
2.000427e+000 1.746343e+001 -1.614659e+001 4.178937e+000 -3.012072e+000 -7.140478e+000 -6.373628e-001 -6.690388e+000 -1.665384e-001 -1.801128e+000 -4.402015e+000 1.705000e+000 5.573026e-001 -2.441282e+000 -1.329860e-001 7.572494e-001 2.772403e+000 2.773807e+000 2.128219e+000 1.495024e+000 1.785387e+000 1.790367e+000 -1.511999e+000 -1.832034e+000 -4.380457e-001 -1.050493e+000 2.845655e-001 -2.249046e-001 -7.769016e-001 6.889918e-001 -3.202036e-001 -6.961593e-001 -1.136332e+000 -1.003321e+000 4.540561e-001 -3.752207e-001 
3.107646e+000 1.630873e+001 -1.460180e+001 3.801470e+000 -3.016004e+000 -6.808437e+000 -1.259490e+000 -7.284832e+000 -5.152641e-002 -8.467771e-001 -4.664316e+000 1.902906e+000 8.092075e-001 -3.287893e+000 -7.931506e-001 1.678997e+000 2.901121e+000 2.411219e+000 2.456578e+000 1.354883e+000 9.696378e-001 1.322268e+000 -1.234472e+000 -1.823059e+000 -1.489117e+000 -1.533348e+000 6.575863e-001 1.491478e-001 -5.595870e-001 3.670723e-001 -3.691577e-001 -9.067640e-001 -1.974968e+000 -1.270891e+000 1.025590e+000 1.684278e-001 
5.386494e+000 1.277826e+001 -1.219559e+001 1.721104e+000 -3.359811e+000 -6.655897e+000 -2.419702e+000 -5.679317e+000 -7.524336e-001 -6.561832e-001 -4.606867e+000 5.841288e-001 1.116105e+000 -2.224370e+000 -6.221066e-001 1.142348e+000 2.457085e+000 2.749954e+000 2.492207e+000 2.377665e+000 1.422981e+000 -2.754602e-002 -1.532087e+000 -2.017881e+000 -1.931363e+000 -9.893840e-001 1.371149e+000 7.538648e-001 -1.155852e+000 -2.293642e-001 3.649200e-001 -1.043840e+000 -2.034552e+000 -7.829820e-001 4.247371e-001 -3.028904e-001 
2.229645e+000 1.710300e+001 -1.453346e+001 2.978959e+000 -4.138528e+000 -8.745236e+000 -1.253553e+000 -6.222401e+000 -1.786540e-001 -1.264410e+000 -5.416438e+000 8.368852e-001 7.508097e-001 -2.061054e+000 -1.011296e+000 -4.459883e-001 2.605250e+000 2.494765e+000 2.363579e+000 2.562806e+000 6.438259e-001 2.147573e-001 -1.130857e+000 -1.817943e+000 -1.286698e+000 -1.416603e+000 1.608838e+000 1.683360e+000 -9.667267e-001 1.597310e-002 3.542787e-001 -7.079688e-001 -1.074007e+000 -3.019103e-001 4.088468e-001 -7.465271e-001 
5.592001e+000 1.547458e+001 -1.339877e+001 3.328615e+000 -3.770807e+000 -7.205700e+000 -1.754607e+000 -5.434304e+000 3.187943e-001 -8.965672e-001 -4.777410e+000 1.018059e+000 1.115850e+000 -1.649564e+000 -8.746179e-001 6.108373e-001 3.273613e+000 2.253326e+000 2.137566e+000 2.691341e+000 1.154900e+000 4.484372e-001 -1.275315e+000 -2.043703e+000 -1.467879e+000 -1.419253e+000 1.376685e+000 1.097733e+000 -1.622821e+000 -2.705557e-001 6.249766e-001 -8.446238e-001 -1.766678e+000 -6.372555e-001 4.245630e-001 -6.941661e-001 
6.058862e+000 1.326259e+001 -1.347226e+001 1.027764e+000 -3.884323e+000 -7.569963e+000 -3.345010e+000 -6.271963e+000 -1.130754e+000 -1.381272e+000 -5.297098e+000 2.755738e-001 7.408024e-001 -2.790834e+000 -1.106249e+000 1.030321e+000 2.083599e+000 1.760159e+000 2.256276e+000 2.610003e+000 1.267502e+000 2.840235e-001 -1.188398e+000 -1.683448e+000 -1.112635e+000 -1.001409e+000 7.617665e-001 8.793021e-001 -9.854141e-001 -2.426819e-001 7.353052e-001 -5.989369e-001 -1.839848e+000 -4.122461e-001 6.577971e-001 -6.290192e-001 
5.082743e+000 1.652089e+001 -1.499549e+001 4.247767e+000 -2.761778e+000 -7.230948e+000 -1.427799e+000 -6.065298e+000 1.377906e-001 -1.077323e+000 -4.942352e+000 1.449996e+000 9.403718e-001 -1.993341e+000 -1.669156e-001 6.057324e-001 2.569305e+000 2.487664e+000 2.384040e+000 2.468405e+000 1.008875e+000 1.008919e+000 -8.039881e-001 -1.932832e+000 -9.785160e-001 -1.203450e+000 6.350645e-001 9.819826e-001 -1.388183e+000 -5.262642e-001 7.807978e-001 -4.226685e-001 -1.781826e+000 -7.834921e-001 5.134319e-001 -4.639606e-001 
5.483925e+000 1.259391e+001 -1.305080e+001 2.100446e+000 -2.796597e+000 -6.944652e+000 -2.432528e+000 -4.792808e+000 -3.537162e-001 -2.145211e+000 -5.776968e+000 1.597554e+000 1.789495e+000 -2.097105e+000 -5.471544e-002 1.065116e+000 2.482155e+000 2.815904e+000 2.130391e+000 2.376992e+000 1.283997e+000 8.784721e-001 2.191902e-002 -1.670676e+000 -1.105545e+000 -1.044303e+000 -1.075653e-001 1.195676e+000 -8.584760e-001 -9.521191e-001 9.645274e-001 -5.126735e-001 -1.607006e+000 -4.612995e-001 -2.059490e-001 -4.289443e-001 
4.124496e+000 1.189577e+001 -1.405700e+001 2.528599e+000 -2.978433e+000 -7.695815e+000 -3.335225e+000 -5.327303e+000 -9.224852e-002 -2.228598e+000 -5.532838e+000 7.573620e-001 3.620520e-001 -1.421644e+000 5.814009e-001 5.990598e-001 2.702651e+000 2.753450e+000 1.567653e+000 2.340191e+000 1.877786e+000 1.317071e+000 3.612971e-002 -1.064708e+000 -9.037485e-001 -1.452335e+000 -4.129997e-001 1.761054e-001 -1.078224e+000 -1.670396e-001 6.277702e-001 -6.898697e-001 -1.562354e+000 -8.301882e-001 -2.500137e-002 -2.631785e-001 
-2.263350e-001 1.811173e+001 -1.749764e+001 5.292090e+000 -2.312995e+000 -8.432287e+000 -5.902176e-002 -7.018195e+000 2.070808e+000 -2.560102e+000 -5.837808e+000 5.014294e-001 -7.073287e-001 -7.376230e-001 4.521729e-001 -2.477811e-001 2.114991e+000 1.816662e+000 5.452064e-001 2.285458e+000 1.520141e+000 1.842940e+000 -4.503978e-001 -1.165494e+000 -4.115455e-001 -1.642647e+000 -8.998987e-002 -1.460912e-001 -8.949566e-001 1.064536e+000 6.815498e-001 -3.321733e-001 -8.276847e-001 -7.968976e-001 3.205043e-001 -4.035900e-001 
4.690341e+000 1.496762e+001 -1.384690e+001 3.403656e+000 -2.571138e+000 -7.546833e+000 -1.903682e+000 -4.361671e+000 1.477726e-001 -1.550978e+000 -5.169010e+000 3.057607e-001 1.363354e-001 -1.191595e+000 6.754938e-001 1.682519e-003 2.021620e+000 2.495934e+000 1.224619e+000 1.880089e+000 1.753046e+000 1.599873e+000 1.277448e-001 -1.536314e+000 -8.703363e-001 -8.917344e-001 -6.496875e-001 -4.049828e-001 -8.374885e-001 5.904205e-001 7.627398e-001 -9.541783e-001 -1.003563e+000 -2.239386e-001 -2.322483e-001 -3.943123e-001 
3.712079e+000 1.626737e+001 -1.632742e+001 2.883644e+000 -3.082112e+000 -8.478131e+000 -2.658814e+000 -6.143309e+000 -4.356805e-001 -2.596167e+000 -5.245105e+000 7.119706e-001 -5.207862e-001 -1.900029e+000 -9.972841e-002 -1.795361e-001 2.774068e+000 2.636556e+000 1.228112e+000 1.669666e+000 1.318719e+000 1.928137e+000 2.532500e-001 -1.373631e+000 -6.426256e-001 -1.326989e+000 -5.884305e-001 2.751108e-002 -4.570624e-001 5.540001e-001 2.889596e-001 -9.294229e-001 -1.013261e+000 -1.981706e-001 1.648951e-001 -7.880884e-001 
2.914611e+000 1.653165e+001 -1.594356e+001 3.788692e+000 -2.052191e+000 -7.880925e+000 -1.245715e+000 -6.032855e+000 -9.466108e-001 -2.534112e+000 -5.630739e+000 8.386035e-001 -3.400271e-001 -1.384662e+000 9.750609e-001 -3.564247e-003 2.530260e+000 2.124658e+000 4.543311e-001 1.632374e+000 1.564149e+000 1.779620e+000 3.244984e-001 -1.363372e+000 -9.972462e-001 -1.548090e+000 -5.616525e-001 -4.121090e-001 -9.123397e-001 8.150953e-001 6.123329e-001 -8.202957e-001 -1.043408e+000 -6.869751e-001 -2.100308e-001 -6.322418e-001 
8.300947e+000 1.494012e+001 -1.128495e+001 3.264142e+000 -9.055657e-001 -6.434797e+000 -1.959463e+000 -2.711279e+000 -5.172629e-001 -1.653429e+000 -4.249114e+000 -5.468851e-003 1.427013e-001 -1.595017e+000 6.694072e-002 7.908186e-002 1.519934e+000 2.333590e+000 8.818303e-001 1.343379e+000 1.636866e+000 9.031997e-001 -6.013241e-002 -1.408186e+000 -1.239993e+000 -7.537995e-001 -4.688104e-001 -2.574855e-001 -7.206922e-001 2.120628e-001 1.054544e+000 -5.684332e-001 -1.113919e+000 -2.472304e-001 -1.266113e-001 -8.965482e-002 
1.292680e+001 1.172366e+001 -6.261627e+000 2.309034e+000 -1.583590e-001 -2.721208e+000 -1.031299e+000 -2.166245e+000 -4.254522e-002 -9.267058e-001 -3.316709e+000 2.454660e-001 9.033150e-001 -1.314758e+000 -1.873074e-001 -4.933653e-002 -2.735288e-001 1.048146e+000 1.049637e+000 6.243545e-001 1.375990e+000 1.041077e+000 -6.899027e-001 -9.789129e-001 -1.908837e-001 -1.240275e-001 2.368946e-001 -2.024186e-001 -1.161616e+000 3.966054e-002 8.373436e-001 -1.729310e-001 -1.020652e-001 -1.697756e-002 -3.425866e-001 1.561179e-001 
4.927373e+000 1.332195e+001 -1.346402e+001 -2.689344e-001 -3.349777e+000 -4.199038e+000 -1.884154e+000 -6.482344e+000 -1.080823e+000 -2.323313e+000 -5.322682e+000 1.495118e+000 8.360215e-001 -2.341403e+000 -3.372554e-001 1.419024e-001 1.510688e+000 2.445729e+000 1.688244e+000 1.329266e+000 1.887477e+000 2.177555e+000 -5.930882e-001 -1.784025e+000 -1.543141e-001 -3.635165e-001 -1.813919e-001 -1.669517e-001 -1.106915e+000 4.743679e-001 1.383803e+000 -2.489038e-001 -1.088671e+000 -2.885899e-001 6.258237e-002 -4.569968e-001 
3.502025e+000 1.565302e+001 -1.572145e+001 1.882042e+000 -2.889431e+000 -6.221245e+000 -1.121098e+000 -6.076723e+000 -7.252984e-001 -2.046369e+000 -5.406471e+000 1.350713e+000 5.348301e-001 -2.780427e+000 -1.700331e-001 3.728758e-001 2.077832e+000 2.949803e+000 1.723289e+000 1.067216e+000 1.749208e+000 1.895571e+000 -9.349418e-001 -1.716309e+000 -3.329062e-001 -7.377689e-001 3.340658e-002 -2.377564e-001 -1.164752e+000 4.315739e-001 8.843443e-001 -1.961394e-001 -1.150486e+000 -8.411038e-001 7.814658e-002 -4.242468e-001 
5.706556e+000 1.248230e+001 -1.212001e+001 1.856715e+000 -2.908477e+000 -6.277468e+000 -2.442282e+000 -5.650436e+000 -8.305629e-001 -1.296344e+000 -4.984097e+000 5.323545e-001 2.688296e-001 -3.188405e+000 -9.623095e-001 5.419393e-001 1.914757e+000 2.682549e+000 1.703597e+000 7.703042e-001 1.128457e+000 1.224201e+000 -8.699864e-001 -1.488641e+000 -5.908473e-001 -8.253796e-001 1.361238e-001 5.390697e-001 1.926314e-001 9.464066e-001 5.449680e-001 -5.311968e-001 -1.050959e+000 -5.900964e-001 4.166026e-001 1.925878e-001 
3.508615e+000 1.810668e+001 -1.520476e+001 2.935357e+000 -3.075555e+000 -7.380954e+000 -6.853506e-001 -6.826019e+000 -5.582900e-001 -6.766168e-001 -5.347134e+000 1.109833e+000 9.832264e-001 -2.906006e+000 -8.640000e-001 5.938132e-001 2.534962e+000 2.718030e+000 2.030527e+000 1.829175e+000 1.165572e+000 1.048680e+000 -6.908475e-001 -1.360633e+000 -1.091671e+000 -1.234676e+000 9.841505e-001 6.992638e-001 -8.898918e-001 3.886909e-001 5.419111e-001 -5.520098e-001 -1.552766e+000 -8.103329e-001 8.004513e-001 -1.089635e-001 
6.253386e+000 1.264883e+001 -1.188279e+001 1.051789e+000 -2.940431e+000 -6.625410e+000 -2.427978e+000 -5.022571e+000 -8.447978e-001 -8.598404e-001 -5.030753e+000 -2.840120e-001 3.647423e-001 -2.598330e+000 -4.628944e-001 9.138862e-001 1.993239e+000 2.848302e+000 2.222227e+000 1.825660e+000 9.399356e-001 -4.227364e-001 -1.259443e+000 -1.441342e+000 -1.563688e+000 -1.010626e+000 1.274888e+000 1.560613e+000 -1.037041e-001 3.439351e-001 7.776120e-001 -7.136666e-001 -1.430045e+000 -4.323542e-001 2.128542e-002 -5.449156e-001 
3.399254e+000 1.841057e+001 -1.451002e+001 4.461403e+000 -3.024883e+000 -7.624410e+000 -1.381260e+000 -6.539195e+000 7.110233e-001 -6.016191e-001 -4.473266e+000 5.454422e-001 2.037238e-001 -1.823659e+000 -8.978009e-002 1.411678e-001 2.739697e+000 2.344513e+000 2.172816e+000 2.518281e+000 1.180933e+000 2.408255e-001 -1.357556e+000 -1.553490e+000 -1.032864e+000 -1.380409e+000 1.268161e+000 8.182576e-001 -1.273894e+000 4.709464e-001 7.514760e-001 -9.387823e-001 -1.890883e+000 -8.130054e-001 8.500096e-001 -5.324506e-002 
5.348873e+000 1.382945e+001 -1.344058e+001 2.731275e+000 -3.048330e+000 -7.062540e+000 -2.932897e+000 -6.666793e+000 -2.928448e-001 -5.761811e-001 -5.037872e+000 1.033480e-001 -1.889810e-001 -2.505269e+000 -5.688745e-001 6.801728e-001 2.653570e+000 2.035278e+000 1.646219e+000 2.438150e+000 1.223630e+000 2.428803e-001 -1.185410e+000 -1.788028e+000 -1.223659e+000 -9.442867e-001 1.262101e+000 1.018858e+000 -9.891922e-001 4.936687e-001 1.187110e+000 -7.994500e-001 -2.069089e+000 -6.648931e-001 8.387398e-001 -6.947741e-002 
5.140914e+000 1.597251e+001 -1.402829e+001 3.327553e+000 -2.762094e+000 -6.618019e+000 -1.609139e+000 -5.457778e+000 5.454916e-001 -6.886292e-001 -4.977317e+000 6.819507e-001 9.992893e-001 -1.752612e+000 -5.443016e-001 6.537790e-001 2.381324e+000 1.696991e+000 1.970648e+000 2.180132e+000 8.779341e-001 7.360967e-001 -8.412262e-001 -1.695971e+000 -1.118133e+000 -1.402521e+000 6.220936e-001 6.465876e-001 -1.026392e+000 -7.195706e-003 6.040071e-001 -3.890612e-001 -1.478022e+000 -5.905411e-001 6.024361e-001 -7.429343e-001 
-5.735378e-002 1.898543e+001 -1.814911e+001 4.598832e+000 -2.378088e+000 -9.758623e+000 -2.083091e-001 -8.505269e+000 2.268702e+000 -1.629368e+000 -5.542446e+000 1.027830e+000 -8.490788e-001 -1.906937e+000 -4.406199e-001 8.754565e-001 2.909592e+000 1.272042e+000 1.540065e+000 1.980538e+000 4.115562e-001 1.655688e+000 3.128905e-001 -1.391783e+000 -7.682659e-001 -2.418485e+000 1.109738e-001 1.398005e+000 -6.814219e-001 3.205109e-001 4.511269e-001 -5.416564e-001 -1.392390e+000 -4.598077e-001 7.941791e-001 -6.901488e-001 
3.385702e+000 1.607606e+001 -1.541884e+001 3.196718e+000 -3.497474e+000 -7.163121e+000 -1.051670e+000 -5.641816e+000 1.017989e+000 -1.286935e+000 -5.226143e+000 1.533459e+000 4.067380e-001 -2.266472e+000 -3.518951e-001 -1.086198e-001 2.198819e+000 1.882862e+000 1.531886e+000 2.428675e+000 1.233556e+000 1.402041e+000 -5.475030e-001 -2.176729e+000 -7.052518e-001 -9.283071e-001 9.313853e-002 7.306104e-001 -1.042736e+000 -3.266510e-001 7.108505e-001 -1.039549e-001 -9.410565e-001 -4.181539e-001 2.824936e-001 -4.141365e-001 
3.258877e+000 1.626330e+001 -1.478058e+001 3.403464e+000 -3.346806e+000 -7.489525e+000 -1.307710e+000 -5.479099e+000 7.814552e-001 -1.276605e+000 -4.691745e+000 1.456987e+000 -1.288799e-001 -1.840666e+000 5.350524e-001 -4.842055e-001 2.050388e+000 2.559802e+000 1.567201e+000 2.510638e+000 1.994012e+000 1.243435e+000 -6.771922e-001 -1.742635e+000 -6.909315e-001 -9.032062e-001 2.461908e-002 -2.588859e-002 -1.448868e+000 -1.152854e-001 6.563133e-001 -3.580003e-001 -1.078242e+000 -6.649469e-001 2.205283e-001 -6.059082e-002 
1.097952e+000 1.809197e+001 -1.723567e+001 3.710631e+000 -3.015397e+000 -7.964513e+000 -1.358435e-001 -6.533263e+000 3.853560e-001 -3.136321e+000 -5.973742e+000 1.342086e+000 -1.790902e-001 -1.403903e+000 5.409494e-002 -4.502716e-001 2.478163e+000 1.891658e+000 6.618496e-001 1.810285e+000 1.360048e+000 1.837772e+000 -2.511446e-001 -9.876402e-001 -2.644159e-001 -1.522984e+000 -4.194692e-002 2.577235e-001 -7.029928e-001 1.105811e+000 7.394367e-001 -1.883617e-001 -5.853091e-001 -4.624955e-001 1.388336e-001 -8.597222e-001 
1.323619e+000 1.961093e+001 -1.727055e+001 4.011906e+000 -2.360280e+000 -8.967687e+000 -1.107854e-001 -6.508960e+000 5.970456e-001 -2.330521e+000 -5.847877e+000 4.310726e-001 -5.427015e-001 -1.276403e+000 5.906394e-001 -4.436257e-001 2.493762e+000 1.593040e+000 7.793116e-001 2.211605e+000 1.368059e+000 1.670800e+000 -3.662090e-001 -1.762097e+000 -4.228444e-001 -1.081792e+000 -3.141232e-001 -4.750417e-001 -1.183668e+000 1.045639e+000 7.004376e-001 -5.566863e-001 -1.142855e+000 -8.025266e-001 2.191497e-001 -4.485634e-001 
4.103407e+000 1.686078e+001 -1.587016e+001 3.135829e+000 -2.103263e+000 -7.917181e+000 -1.425584e+000 -4.813988e+000 1.579386e-001 -1.980111e+000 -5.632706e+000 6.171130e-001 1.917481e-001 -1.743130e+000 -1.571002e-001 -6.217055e-001 2.393054e+000 2.559590e+000 9.796461e-001 1.406832e+000 1.043472e+000 1.583324e+000 6.080765e-001 -1.070579e+000 -1.014311e+000 -1.575409e+000 -2.901594e-001 5.334202e-001 -5.245956e-001 3.418726e-001 6.581426e-001 -2.972433e-001 -5.804993e-001 -2.192869e-001 -7.114026e-002 -6.422256e-001 
3.252257e+000 1.428010e+001 -1.596005e+001 1.556944e+000 -3.146349e+000 -7.909551e+000 -1.688669e+000 -4.874281e+000 -1.842951e+000 -2.997356e+000 -5.772801e+000 -4.656397e-002 2.178226e-001 -1.749038e+000 -1.511246e-001 -6.026538e-001 1.831291e+000 2.755408e+000 8.624558e-001 1.136616e+000 1.226573e+000 1.580452e+000 1.065617e+000 -1.116216e+000 -1.492732e+000 -1.383518e+000 -7.713253e-001 1.505748e-001 -6.617108e-001 2.414032e-002 8.863108e-001 -5.083380e-001 -7.667883e-001 -1.635582e-001 -5.954868e-001 -5.657205e-001 
