1.724516e+001 4.637383e+000 -4.049900e+000 6.484292e+000 -6.989068e+000 3.614552e+000 -2.150967e+000 3.481039e+000 -1.886068e-001 -7.188363e-001 -2.143473e+000 1.337611e-001 1.327329e+000 1.153626e-001 -5.542898e-001 -8.901453e-001 -1.140302e+000 -3.339181e-001 -1.851667e-001 3.494947e-001 -2.202583e-001 -2.476735e-001 -5.501820e-001 2.203899e-001 
1.636456e+001 1.091714e+000 -4.928342e+000 5.616730e+000 -1.027419e+001 2.996773e+000 -2.062921e+000 2.156427e+000 -4.845106e-001 -4.199348e-001 -1.576590e+000 -1.587555e-001 1.620673e+000 -2.269961e-001 6.629106e-001 -1.077720e+000 8.037472e-002 -1.056633e+000 2.940717e-001 -8.951560e-002 6.894777e-001 -7.156568e-001 -3.188521e-001 -1.105202e-004 
1.666933e+001 1.518742e+000 -5.619107e+000 6.445836e+000 -1.066440e+001 3.718266e+000 -2.648521e+000 2.466196e+000 -1.563247e-001 -1.948562e-001 -1.609355e+000 -1.640099e-001 7.750427e-001 -3.474849e-001 6.532132e-001 -1.257266e+000 -8.960843e-001 -1.941075e+000 2.661182e-001 -1.281354e-001 9.159586e-001 -5.694796e-001 -2.604495e-001 -7.430536e-002 
1.635043e+001 1.411699e+000 -4.517616e+000 7.512515e+000 -1.045124e+001 3.691615e+000 -3.636988e+000 2.296974e+000 -3.642896e-001 -6.503084e-001 -1.837228e+000 -3.138060e-001 5.631180e-001 -9.387163e-001 -3.146192e-001 -4.259363e-001 1.155508e-001 -1.423174e+000 5.086025e-001 -1.383688e-001 1.029277e-001 -1.037628e+000 -8.010921e-001 -6.224962e-001 
1.758637e+001 2.184569e+000 -3.475936e+000 7.672906e+000 -9.894955e+000 3.037878e+000 -4.297720e+000 1.262768e+000 -1.119486e+000 -1.005664e+000 -2.411396e+000 5.751770e-001 9.021955e-001 -9.947733e-002 -1.536582e-001 -7.584539e-001 -7.605561e-001 -9.895004e-001 -2.011734e-001 3.708155e-001 -7.767705e-002 -4.271964e-001 -5.655210e-001 1.503221e-001 
2.103874e+001 2.901938e+000 -1.649228e+000 5.505046e+000 -6.926251e+000 2.834940e+000 -7.242631e-001 6.809848e-001 7.495440e-001 -1.850434e+000 -1.208053e+000 -2.647296e-001 1.250907e+000 -3.275683e-001 1.571375e-001 -8.732478e-002 -7.634816e-001 -9.974685e-001 1.425538e-001 3.260511e-001 -1.270036e-001 -2.968697e-001 -6.325569e-001 -2.741699e-003 
1.812753e+001 5.624531e+000 -1.150770e+000 6.046892e+000 -5.131648e+000 3.094778e+000 -8.902379e-001 1.250528e+000 1.990584e-001 -9.812678e-001 -1.202603e+000 -6.803567e-001 1.516808e+000 -3.231137e-001 -3.211365e-001 -1.181395e+000 -1.038738e+000 -1.313581e+000 -9.266402e-001 1.371242e-001 1.762033e-001 9.814081e-002 -3.016406e-001 7.389080e-001 
1.720638e+001 2.781149e+000 -3.188347e+000 7.171063e+000 -7.902948e+000 3.835200e+000 -2.384027e+000 2.115280e+000 -9.561305e-001 -1.029744e+000 -1.931706e+000 -7.562874e-001 8.267300e-001 -6.526049e-001 3.135258e-001 -1.442494e+000 -9.387293e-001 -1.359608e+000 8.454989e-002 -1.750320e-001 2.751374e-001 -5.270643e-001 -5.678824e-001 -3.423831e-001 
1.821746e+001 3.848738e+000 -3.873996e+000 9.216402e+000 -8.882201e+000 4.682482e+000 -3.292105e+000 1.512865e+000 -9.427765e-001 8.269216e-002 -1.753512e+000 -5.402145e-001 2.532609e-001 -7.424281e-001 6.951862e-001 -9.890794e-001 -4.038815e-001 -1.827649e+000 2.696953e-002 -1.177707e+000 4.416045e-001 -5.973347e-001 -1.024698e-001 7.402587e-002 
1.867758e+001 3.818124e+000 -3.165973e+000 7.930097e+000 -9.203397e+000 4.928109e+000 -2.758648e+000 1.219617e+000 -5.525874e-001 2.911633e-001 -1.241080e+000 -1.047163e+000 4.785541e-001 -6.783895e-001 2.283265e-001 -1.428027e+000 -7.282513e-001 -2.185187e+000 1.493954e-001 -5.641045e-001 3.455332e-001 -4.933137e-001 1.013395e-001 -8.957733e-002 
1.786760e+001 2.269198e+000 -1.919335e+000 8.294513e+000 -8.502045e+000 4.513941e+000 -2.519392e+000 1.440423e+000 -4.285443e-001 -2.086257e-001 -8.908303e-001 8.052349e-002 2.495642e-001 -9.781755e-001 -5.551293e-001 -1.618204e+000 -1.084704e+000 -1.285407e+000 1.811849e-001 8.550152e-002 -1.903266e-001 -6.843832e-001 -3.349382e-001 4.087994e-001 
