3.655908e+000 2.184803e+001 -5.122560e+000 2.377659e+000 -2.369152e+000 -1.095524e+000 -4.413525e+000 -5.101521e+000 3.032887e+000 -2.242488e+000 -4.122813e+000 -1.186359e+000 -1.560755e+000 -9.545510e-001 1.920784e+000 1.220836e+000 -2.175983e-001 -1.050440e+000 -5.638242e-001 3.161037e-002 -1.218545e+000 -1.687853e+000 1.176707e-001 1.405111e+000 -2.446980e-001 -1.365065e+000 -2.815961e-002 -3.812637e-001 -8.834310e-001 -3.077115e-001 -3.219006e-001 -1.333256e+000 -7.350427e-001 -1.334416e-001 -7.808389e-001 -1.163068e-001 
-1.279592e+000 2.186418e+001 -3.396457e+000 1.848598e+000 -1.061544e+000 8.756818e-003 -3.030492e+000 -4.597375e+000 2.687539e+000 -2.618234e+000 -4.316205e+000 -8.136235e-001 -1.266577e+000 -9.780680e-001 1.794773e-001 -1.324294e-001 4.516848e-001 -1.520374e-001 3.461071e-001 4.238798e-001 -1.997863e+000 -1.410564e+000 3.809290e-001 7.593653e-001 -8.339676e-002 -1.046941e+000 5.736203e-002 -1.941149e-001 -8.416609e-001 -1.214833e-001 -4.140526e-001 -8.442779e-001 -6.998827e-001 -6.690083e-001 -6.251516e-001 -4.098557e-001 
-2.851114e+000 2.128660e+001 -3.317609e+000 1.842795e+000 -1.151838e+000 6.046167e-001 -2.088792e+000 -4.343407e+000 2.216304e+000 -2.802905e+000 -4.542291e+000 -2.162314e-001 9.116163e-001 3.948282e-001 4.704515e-001 -9.094718e-001 -3.889909e-001 -4.869324e-001 9.547911e-002 3.829131e-001 -1.260538e+000 -1.654541e+000 -4.011523e-001 1.258365e+000 -3.038095e-001 -1.834573e+000 7.126982e-001 7.804566e-001 -9.370430e-001 -7.633676e-001 -1.109127e+000 -1.243512e+000 -9.130979e-002 -3.184833e-002 -8.001251e-001 -4.463000e-001 
-4.184519e+000 2.021054e+001 -3.726437e+000 2.470017e+000 1.278130e-001 3.157629e-001 -2.521540e+000 -4.069642e+000 2.148561e+000 -2.089027e+000 -4.346409e+000 -1.095737e-001 1.931003e+000 3.194298e-001 9.218447e-002 4.008288e-002 -1.446115e-001 -1.084011e+000 -7.441500e-001 -1.201134e-001 -7.532039e-001 -1.363192e+000 -7.326999e-001 8.578336e-001 1.476612e-001 -1.334212e+000 2.817410e-001 1.414309e-001 -7.066214e-001 -3.622293e-001 -3.676698e-001 -8.997112e-001 -7.495417e-001 -3.138160e-001 -6.173871e-001 -1.722360e-001 
-5.616380e+000 2.063721e+001 -6.557485e+000 3.363936e+000 5.630618e-001 9.701405e-001 -1.687905e+000 -4.621977e+000 2.644694e+000 -2.494556e+000 -3.528780e+000 2.512206e-001 2.997667e+000 -6.420379e-001 7.746490e-001 -8.882550e-001 -9.506008e-001 5.812872e-002 -3.689848e-002 1.287256e-001 -2.867120e+000 -9.296150e-001 -9.798825e-002 8.555212e-001 -2.956099e-002 -1.518064e+000 5.229528e-001 -3.709388e-002 -1.006172e+000 -1.109401e-001 -2.536308e-001 -3.662796e-001 -4.771105e-001 -7.443821e-001 -5.452638e-001 -1.266259e-001 
-5.836449e+000 2.099311e+001 -6.197230e+000 2.920642e+000 1.210722e+000 -4.431284e-002 -1.515290e+000 -5.328471e+000 2.246345e+000 -2.402741e+000 -3.246208e+000 3.023130e-001 8.709246e-001 -2.302517e-001 3.991364e-001 -1.199606e+000 -6.598405e-001 -3.070219e-001 7.070014e-001 1.346610e+000 -1.443934e+000 -1.535853e+000 -3.749589e-001 6.946399e-001 3.802336e-001 -1.177118e+000 4.351531e-001 1.741806e-001 -1.067385e+000 -2.789466e-001 -8.602051e-001 -6.417710e-001 -5.972592e-001 -1.012136e+000 -3.389033e-001 2.843468e-001 
-7.261548e+000 2.152275e+001 -7.181231e+000 2.370510e+000 -3.431677e-001 -1.100551e+000 4.937589e-002 -5.367666e+000 3.698745e+000 -2.030461e+000 -2.478722e+000 9.610283e-001 -3.132895e-001 6.855462e-001 4.092778e-001 8.375183e-003 -8.173815e-001 -1.260344e+000 -8.979785e-002 5.393140e-001 -7.893479e-001 -1.618481e+000 -4.740117e-001 4.829275e-001 -6.213628e-002 -7.596162e-001 6.399243e-001 3.523394e-001 -1.346418e+000 5.458111e-003 -1.200227e-001 -9.559731e-001 -4.180540e-001 -8.216403e-001 -3.851767e-001 1.916311e-001 
-7.249278e+000 2.131060e+001 -6.127311e+000 2.965959e+000 -3.167423e-001 -2.215022e+000 -2.541012e-001 -4.413576e+000 3.432319e+000 -2.238118e+000 -3.262708e+000 7.890855e-002 5.019461e-001 2.597956e-001 -1.129938e-002 -9.360491e-001 -6.638748e-001 -3.804180e-002 9.951856e-001 -6.428890e-002 -1.263645e+000 -1.571018e+000 -1.460265e-001 6.095305e-001 -2.543844e-001 -6.009677e-001 9.864766e-001 4.857631e-001 -1.440860e+000 -2.957542e-001 -2.266180e-001 -1.558627e+000 -7.352365e-001 -3.019138e-001 -5.072543e-001 -1.543237e-001 
-5.505718e+000 2.199778e+001 -6.823278e+000 3.041315e+000 -5.286718e-001 -2.636085e+000 -6.218155e-001 -3.983656e+000 3.692953e+000 -3.275871e+000 -3.601917e+000 7.560559e-001 2.749789e-001 5.320580e-001 -1.534785e-002 -5.024960e-001 -9.376976e-001 -4.346364e-001 1.364132e+000 2.454945e-001 -1.754778e+000 -1.613919e+000 -5.118715e-001 1.016400e+000 -2.346775e-002 -1.207038e+000 6.263784e-001 7.684272e-001 -9.037392e-001 -1.012851e-001 -8.026237e-001 -1.600246e+000 -5.482108e-001 -4.351702e-001 -2.548822e-001 2.189665e-001 
-4.929220e+000 2.184130e+001 -5.218467e+000 1.770400e+000 -1.488026e-002 -1.579613e+000 -1.914219e+000 -3.673446e+000 3.158597e+000 -2.470150e+000 -4.018164e+000 2.040142e-001 -6.763742e-002 -4.632175e-001 5.420572e-001 -6.624489e-001 -1.285259e+000 -9.021007e-001 9.902762e-001 6.483799e-001 -1.132564e+000 -8.458777e-001 3.583971e-001 4.836709e-001 1.898196e-001 -6.323919e-001 -4.054550e-001 -1.897069e-001 -8.816493e-001 -8.103870e-002 -4.011093e-001 -1.194739e+000 -4.266928e-001 -4.688794e-001 -5.829189e-001 3.598689e-002 
-5.535014e+000 2.412465e+001 -6.150766e+000 3.593290e+000 7.828404e-001 -2.406332e+000 -2.181231e+000 -5.367047e+000 4.618133e+000 -4.214984e+000 -3.566606e+000 -7.962578e-001 -6.522765e-001 1.455594e+000 3.010026e-002 1.730066e-001 -1.965417e+000 -9.249572e-001 7.401855e-001 3.769191e-001 -4.553731e-001 -1.420367e+000 1.301685e-001 1.565891e-001 7.635068e-002 -4.058720e-001 2.187407e-001 5.334349e-001 -1.838523e+000 -2.583687e-001 -7.810546e-001 -6.061389e-001 3.895873e-001 -1.235405e+000 -6.976543e-001 -5.144720e-001 
-4.612079e+000 2.425880e+001 -5.598101e+000 3.143294e+000 4.043080e-001 -1.367063e+000 -1.680915e+000 -5.081145e+000 3.325126e+000 -3.369709e+000 -4.025668e+000 -9.189383e-001 -5.369981e-001 -8.583207e-001 -1.741407e-001 6.169913e-001 -1.704047e+000 -7.555506e-001 1.001803e+000 9.278298e-001 -1.352281e-001 -8.824501e-001 3.831867e-002 1.715533e-001 -7.434680e-002 -7.131164e-001 -5.347393e-002 -2.206970e-001 -2.149007e+000 -2.893038e-001 -3.775623e-001 -4.974612e-001 4.911142e-001 -8.747598e-001 -3.032150e-001 -2.236789e-002 
-6.576181e+000 2.502715e+001 -6.263093e+000 4.515771e+000 1.951484e+000 -1.554492e+000 -2.738899e-001 -6.776824e+000 3.259242e+000 -4.322166e+000 -4.380627e+000 -1.454861e+000 -1.104811e+000 1.194068e+000 -1.043974e+000 3.609470e-001 -1.147190e+000 -1.584488e-001 1.360653e+000 4.842383e-001 -1.019434e+000 -1.015537e+000 1.141538e+000 -5.091468e-002 -4.224082e-001 -1.010168e+000 -1.965240e-001 5.101006e-001 -1.912575e+000 -4.137777e-001 -8.064768e-001 -7.904387e-001 5.814321e-001 -7.481431e-001 6.620531e-002 -1.740602e-001 
-1.705604e+000 2.201395e+001 -3.972805e+000 3.911635e+000 6.348668e-001 -2.396730e+000 -2.425223e+000 -3.948049e+000 7.921639e-001 -3.642589e+000 -4.558210e+000 -5.446518e-001 -5.147124e-001 5.523151e-001 1.043503e+000 -4.783238e-001 -1.305659e+000 -1.430705e+000 1.029462e+000 9.265349e-001 -9.250823e-001 -3.584233e-001 -2.220768e-001 2.325603e-001 -4.599459e-002 -1.097226e+000 2.137664e-001 -4.613621e-002 -1.420555e+000 -7.159436e-001 -6.862320e-001 -1.752339e-001 2.414461e-001 -1.046810e+000 -1.061408e+000 -2.048809e-001 
-3.343469e+000 2.377078e+001 -4.109959e+000 4.304930e+000 9.119388e-001 -2.763326e+000 -2.937402e+000 -5.572773e+000 1.912217e+000 -3.788195e+000 -4.997235e+000 3.582893e-001 -1.183340e-001 -4.516517e-001 1.061649e+000 1.001224e-001 -1.671148e+000 -1.615685e+000 1.424410e+000 9.597668e-001 -9.108874e-001 -2.683202e-001 -6.810579e-001 -3.557807e-001 2.235825e-001 -5.572019e-001 -4.403231e-002 -7.195055e-002 -9.470373e-001 -8.094143e-001 -1.106105e+000 -2.674397e-001 1.908027e-001 -9.051674e-001 -9.049676e-001 -6.006770e-001 
-5.001093e+000 2.516132e+001 -4.190023e+000 6.067715e+000 -1.204925e-001 -3.079911e+000 -2.671415e+000 -7.535065e+000 3.810266e+000 -4.724854e+000 -3.582705e+000 -2.689059e-001 -4.698174e-001 3.150632e-002 -6.312125e-001 1.245172e+000 -2.005344e+000 -4.321315e-001 1.650945e+000 9.103145e-002 -6.570451e-001 -1.493235e+000 5.991693e-001 7.234280e-002 -3.588357e-001 -8.037244e-001 -2.394189e-001 6.419949e-001 -2.060215e+000 4.400580e-002 -6.533972e-001 -9.960350e-001 7.694477e-002 -1.441191e+000 1.761999e-001 -6.176860e-001 
-4.189627e+000 2.486761e+001 -3.995430e+000 5.644634e+000 2.018095e-001 -3.251985e+000 -2.394078e+000 -6.147262e+000 2.543427e+000 -4.479812e+000 -4.231071e+000 -9.828926e-001 1.144962e-001 1.300279e+000 -3.573438e-001 -2.147836e-001 -1.030761e+000 -1.022442e+000 1.455138e+000 8.999215e-001 -6.925794e-001 -1.437389e+000 -4.060720e-001 4.014776e-001 9.278693e-002 -1.133058e+000 2.007206e-001 -1.998519e-001 -1.997541e+000 -3.053638e-002 1.142490e-001 -1.102043e+000 -8.746032e-001 -9.766951e-001 1.946709e-002 1.012874e-001 
-1.054452e+000 2.027317e+001 -8.352476e-001 3.121008e+000 2.213744e+000 -9.372429e-001 -4.518829e+000 -4.310015e+000 4.021028e-001 -4.240379e+000 -4.827542e+000 1.087507e-001 -1.901596e-001 1.331585e-001 1.388424e+000 2.193048e-001 -1.199437e+000 -1.241557e+000 1.375514e+000 3.778128e-001 -1.869616e+000 -4.308030e-001 1.590786e-001 1.668837e-001 4.888769e-001 -8.586784e-001 -6.712421e-001 -3.386741e-001 -1.555668e+000 -5.253668e-001 -5.334202e-001 -5.077763e-001 2.193108e-002 -8.503789e-001 -5.033167e-001 -5.753042e-001 
1.346224e+001 1.285460e+001 2.583243e-001 -5.781467e-001 -2.967274e-001 -1.147739e+000 -2.847726e+000 -2.319935e+000 -6.566790e-001 -2.590781e+000 -3.772919e+000 -1.934184e+000 -7.142463e-002 1.044426e+000 1.588369e+000 7.898941e-001 -4.668513e-001 -9.687410e-001 -2.393179e-001 6.458298e-002 -8.868926e-001 -1.017979e+000 3.486034e-001 1.029451e+000 3.511244e-002 -1.025125e+000 -3.773806e-001 4.027725e-001 -2.836389e-001 -9.676349e-001 -8.979488e-001 -4.901958e-001 -9.889414e-002 -2.090846e-001 -3.584487e-001 -1.108869e-001 
2.672136e+000 2.328753e+001 -6.138991e+000 3.087705e+000 -3.939252e+000 -6.032587e-001 -3.406986e+000 -5.496054e+000 2.712501e+000 -3.171998e+000 -3.814237e+000 -1.810725e+000 -6.710802e-001 -6.276221e-001 1.975840e+000 1.043243e+000 -7.331827e-001 -8.075478e-001 -6.831317e-001 2.362885e-001 -1.599299e+000 -1.784125e+000 -4.723654e-001 1.989366e+000 6.067763e-002 -1.038757e+000 -2.829781e-002 -4.815275e-001 -1.203233e+000 -7.028994e-001 -3.103567e-001 -1.208909e+000 -5.528061e-001 -3.284631e-002 -8.632977e-001 -1.021420e-001 
-1.523298e-001 2.110548e+001 -4.379205e+000 2.979947e+000 -6.500469e-001 -6.460992e-001 -3.121878e+000 -4.297454e+000 2.143233e+000 -2.592217e+000 -4.604294e+000 -1.469886e+000 -4.359480e-001 5.504068e-002 8.378906e-001 4.134779e-001 -7.598590e-001 -1.326112e+000 -2.038508e-002 4.191738e-001 -1.287425e+000 -1.414914e+000 2.064972e-002 8.225860e-001 1.404953e-001 -3.465110e-001 1.223165e-001 -5.655532e-001 -1.405087e+000 -4.630314e-001 -3.584552e-002 -7.314897e-001 -6.130600e-001 -4.951680e-001 -8.272590e-001 -4.093096e-001 
-3.306695e+000 2.205902e+001 -6.320549e+000 4.126995e+000 -1.867765e-001 -1.015549e+000 -2.845074e+000 -3.780742e+000 3.168308e+000 -2.602287e+000 -3.731398e+000 -1.053416e+000 1.457088e+000 1.022346e-001 1.508503e+000 -2.226199e-001 -1.574343e+000 -1.758825e+000 -6.321490e-001 1.141638e+000 -7.253741e-001 -1.447834e+000 -1.157720e+000 8.099247e-001 -4.460621e-001 -1.043328e+000 1.495430e+000 -1.449548e-001 -1.566111e+000 -6.953551e-001 2.688483e-001 -1.024093e+000 -3.863597e-001 -7.379637e-001 -7.657492e-001 -3.261977e-001 
-4.911669e+000 2.100217e+001 -5.645377e+000 4.041202e+000 7.709473e-002 -5.054141e-001 -2.760625e+000 -4.340332e+000 3.887617e+000 -1.634885e+000 -2.064424e+000 -3.334133e-001 1.745309e-001 1.272126e-001 1.205562e+000 -6.458310e-001 -4.191951e-001 -1.479961e+000 -1.335589e+000 9.903257e-001 -1.705219e+000 -1.811522e+000 -6.998090e-001 8.099396e-001 2.109574e-001 -9.256847e-001 1.055915e+000 1.415417e-001 -9.323828e-001 -3.189743e-001 -5.406823e-001 -8.238287e-001 -9.461931e-001 -3.148223e-001 -1.627338e-001 1.538838e-001 
-4.483844e+000 2.120615e+001 -5.257284e+000 3.007665e+000 -6.288282e-001 -2.368616e-001 -2.209941e+000 -2.817141e+000 2.886909e+000 -2.771423e+000 -2.341187e+000 3.145170e-001 1.130698e+000 -5.871137e-001 9.386704e-001 -4.685412e-001 -1.131462e+000 -8.883565e-001 -6.157194e-001 7.139259e-001 -1.414137e+000 -1.217449e+000 -4.006472e-001 4.189004e-001 1.571834e-001 -8.983385e-001 8.170298e-001 -3.351847e-002 -1.030093e+000 -3.521199e-001 -1.370285e-001 -6.395574e-001 -8.584401e-001 -8.917097e-001 -5.811681e-001 2.884928e-001 
-5.302369e+000 2.128459e+001 -6.849556e+000 3.409678e+000 1.533086e-001 -1.511215e+000 -1.876529e+000 -3.172016e+000 3.996716e+000 -3.461127e+000 -2.655905e+000 5.095745e-001 1.895302e+000 5.969290e-001 2.429117e-001 -1.179236e+000 -1.340520e+000 -6.929677e-001 -5.157956e-001 4.787436e-001 -1.098141e+000 -1.142874e+000 3.642353e-002 6.660868e-001 1.905205e-001 -1.072806e+000 2.790903e-001 7.527870e-002 -1.047571e+000 -1.578214e-001 -3.099681e-001 -3.208306e-001 -3.803269e-001 -1.251273e+000 -1.076974e+000 -1.674309e-001 
-5.815120e+000 2.187093e+001 -7.337256e+000 2.633300e+000 -1.052014e+000 -1.553121e+000 -8.359229e-001 -4.129452e+000 3.842630e+000 -3.617385e+000 -2.841193e+000 1.859012e+000 1.244480e+000 3.763296e-001 -2.989003e-001 2.922275e-001 -1.016381e+000 -1.389084e+000 -2.595663e-001 2.263393e-001 -6.310380e-001 -1.217052e+000 4.956157e-002 4.897945e-001 1.411442e-001 -7.054733e-001 -4.413221e-001 -2.290933e-001 -8.155263e-001 5.167606e-001 1.366335e-001 -1.114244e+000 -3.327785e-001 -1.123481e+000 -5.433667e-001 -2.392938e-003 
-4.452894e+000 2.012681e+001 -4.095003e+000 1.061162e+000 -6.547170e-001 -9.433344e-001 -1.576699e+000 -3.052401e+000 1.517290e+000 -2.902793e+000 -3.069024e+000 1.375840e+000 1.283676e+000 2.235922e-001 -8.398687e-002 -8.486258e-001 -1.320769e+000 -1.455824e+000 3.413077e-001 8.497080e-001 -5.331726e-002 -5.833398e-001 -1.258504e-001 2.509169e-001 -2.707489e-001 -6.787548e-001 7.404114e-002 -2.660450e-001 -1.112750e+000 6.376760e-002 2.506299e-001 -1.118711e+000 -8.038448e-001 -5.650760e-001 -8.202709e-001 -1.465244e-001 
-6.517967e+000 2.345374e+001 -6.943279e+000 3.491405e+000 -6.637707e-001 -2.462546e+000 -2.200158e-001 -5.872376e+000 4.549725e+000 -3.910725e+000 -1.866975e+000 5.026067e-001 2.074022e-001 2.177076e+000 -1.104193e+000 -7.088948e-002 -2.463738e+000 -8.039070e-001 6.702670e-001 -1.704384e-001 -2.116428e-001 -1.222307e+000 7.104585e-001 5.961446e-001 -7.955981e-001 -1.064855e+000 -1.068420e-001 9.037998e-001 -1.717732e+000 -4.290457e-002 2.272563e-001 -1.126567e+000 1.291339e-001 -1.205013e+000 -5.938197e-001 -5.887230e-001 
-3.918133e+000 2.094366e+001 -2.704251e+000 1.088148e+000 -1.113706e+000 -1.261978e+000 -1.955524e+000 -3.531743e+000 1.993139e+000 -1.887065e+000 -4.124558e+000 5.446172e-001 5.148793e-001 -2.834966e-002 7.466743e-001 -1.203145e+000 -2.191511e+000 -8.511841e-001 1.263537e+000 6.690396e-001 -1.367876e+000 -7.102299e-001 7.500161e-001 7.275328e-001 -1.687952e-001 -1.094233e+000 -3.066519e-001 1.067727e-001 -8.294728e-001 -4.096745e-001 -3.240098e-001 -7.127290e-001 -2.917198e-001 -5.557268e-001 -9.647649e-001 -4.909681e-001 
-2.344170e+000 2.046648e+001 -2.980469e+000 2.173942e+000 3.154760e-001 -1.212611e+000 -2.678518e+000 -3.560365e+000 1.924686e+000 -2.405151e+000 -4.490890e+000 -3.911306e-001 -8.714541e-001 -5.832159e-001 1.125940e+000 -2.461829e-002 -1.174585e+000 -8.390096e-001 1.572029e+000 5.601576e-001 -2.092352e+000 -1.275248e+000 3.537656e-001 1.192978e+000 2.837721e-001 -1.510108e+000 4.165012e-003 2.594735e-001 -9.688739e-001 -3.268282e-001 -4.926440e-001 -4.609068e-001 -2.471147e-001 -1.258166e+000 -8.495983e-001 3.915158e-002 
-3.796484e+000 2.176702e+001 -4.066261e+000 4.191030e+000 9.754759e-002 -8.006021e-001 -2.528004e+000 -4.461558e+000 2.987849e+000 -3.161677e+000 -3.706795e+000 -1.083832e+000 -1.008311e+000 -1.232527e+000 -4.173068e-001 1.911914e-001 -1.352208e+000 -6.153007e-001 1.297991e+000 7.942261e-001 -4.652579e-001 -4.190695e-001 1.226797e+000 6.862393e-001 -8.836494e-001 -2.080855e+000 -5.788287e-001 3.157052e-001 -1.337379e+000 -2.578762e-001 -6.523591e-001 -1.096983e+000 2.900240e-001 -2.372686e-001 5.423198e-001 5.213235e-001 
-5.106332e+000 2.443258e+001 -5.325280e+000 4.572111e+000 1.677077e+000 -2.112666e+000 -2.526913e+000 -5.942799e+000 3.251437e+000 -4.660839e+000 -3.766214e+000 -6.540648e-001 -4.428355e-001 1.099576e-001 -9.287652e-001 5.264148e-001 -8.597715e-001 -3.094542e-001 8.126774e-001 4.110661e-002 -8.508325e-001 -5.904012e-001 9.463175e-001 5.198748e-002 -1.903967e-001 -9.991696e-001 -5.547974e-001 4.016350e-001 -1.569399e+000 -1.420814e-001 -5.165677e-001 -9.309731e-001 1.252597e-001 -9.297042e-001 -1.596525e-001 -1.522385e-001 
-3.739888e+000 2.399720e+001 -5.014232e+000 4.392667e+000 1.269150e+000 -2.470439e+000 -2.463432e+000 -4.929314e+000 1.904775e+000 -4.865945e+000 -3.849956e+000 -6.158929e-001 -1.127537e+000 4.716191e-001 3.694450e-001 3.325192e-001 -7.749879e-002 -9.387730e-001 1.657370e-001 8.282713e-002 -1.276758e+000 -3.511637e-001 2.449829e-001 4.209185e-001 6.311788e-002 -8.612055e-001 -1.622694e-001 -8.218291e-002 -1.292976e+000 -2.070855e-001 -7.304669e-001 -8.364488e-001 -1.354494e-002 -1.079809e+000 -5.583693e-001 3.288987e-001 
-4.410822e+000 2.491090e+001 -4.815736e+000 4.347454e+000 1.029343e+000 -1.933148e+000 -2.463243e+000 -6.257869e+000 1.789201e+000 -4.840652e+000 -3.340462e+000 -1.951252e-002 -8.430705e-001 3.997155e-002 -8.962310e-002 1.089296e-001 -7.033280e-001 -6.680244e-001 3.512721e-001 -6.396879e-002 -5.667485e-001 -1.728260e-001 6.336093e-001 2.038636e-001 -6.067567e-001 -1.391592e+000 -5.320078e-001 2.643004e-003 -7.070543e-001 8.415674e-002 -6.150773e-001 -1.018943e+000 -3.036271e-001 -9.214030e-001 -4.192245e-001 -3.562586e-001 
-5.403383e+000 2.571601e+001 -4.793411e+000 4.626355e+000 1.239162e+000 -1.996198e+000 -2.542631e+000 -6.564922e+000 3.085382e+000 -4.830754e+000 -3.553973e+000 -4.954107e-001 -7.231802e-001 -8.915998e-002 -6.559388e-001 7.095473e-001 -1.173599e+000 -4.336054e-001 8.616820e-001 -1.767320e-002 -3.464561e-001 -2.749838e-001 9.008183e-001 4.702884e-002 -1.100769e+000 -1.543822e+000 -3.628947e-001 8.821910e-002 -1.616127e+000 3.856337e-001 -2.872304e-001 -9.498234e-001 -7.821163e-002 -1.178963e+000 -9.891243e-002 -5.334096e-001 
-4.479418e+000 2.444655e+001 -4.594548e+000 5.543053e+000 1.976651e+000 -3.209589e+000 -3.360963e+000 -5.372616e+000 3.243444e+000 -3.533355e+000 -4.043043e+000 -1.112368e+000 -6.285539e-001 3.464816e-001 -1.508099e-001 -1.301410e-001 -4.023341e-001 -1.229268e+000 6.886485e-001 1.059292e+000 -1.521285e-001 -5.400507e-001 -1.959674e-001 -1.461732e-001 -4.975352e-001 -1.256527e+000 1.692154e-001 -6.426771e-001 -2.291731e+000 -2.251467e-001 5.393339e-001 -2.979157e-001 -1.797531e-001 -1.122320e+000 -7.884928e-001 -2.773727e-001 
