1.282901e+001 1.163179e+001 -3.885661e+000 8.975871e-001 5.476588e-001 -2.222177e+000 -2.426023e+000 8.578458e-001 2.542770e+000 -1.018507e-001 -9.606667e-001 -9.554712e-001 
1.209373e+001 1.338297e+001 -5.363950e+000 1.858863e+000 -3.649984e-001 -1.441370e+000 -2.552708e+000 7.695664e-001 2.790299e+000 -4.761130e-001 -5.998051e-001 -9.724901e-001 
1.257113e+001 1.206124e+001 -4.796254e+000 4.605056e-001 3.831618e-001 -1.327005e+000 -2.624400e+000 5.782252e-001 2.722019e+000 -5.120559e-001 -6.425366e-001 -4.817783e-001 
1.129963e+001 1.332182e+001 -6.333084e+000 1.463509e+000 -1.497885e-001 -7.278298e-001 -2.818927e+000 5.073359e-001 2.447079e+000 -5.859469e-001 -4.069829e-001 -3.945249e-001 
1.167687e+001 1.337002e+001 -5.608050e+000 9.420622e-001 3.265365e-001 -8.379153e-001 -2.642098e+000 3.369162e-001 2.500700e+000 -7.466519e-001 -5.175141e-001 -2.747119e-001 
1.260887e+001 1.178367e+001 -4.586306e+000 1.196868e-001 4.159601e-001 -1.185258e+000 -2.522117e+000 3.402113e-001 2.367410e+000 -6.411581e-001 -7.257433e-001 -2.358341e-001 
1.170027e+001 1.311229e+001 -5.955173e+000 9.129495e-001 -2.478734e-001 -8.302671e-001 -2.571106e+000 4.757308e-001 2.512837e+000 -8.835207e-001 -5.890784e-001 -3.435315e-001 
1.211177e+001 1.346820e+001 -6.385649e+000 1.070545e+000 -2.607431e-001 -7.957847e-001 -2.434760e+000 7.985276e-001 2.449011e+000 -9.013740e-001 -7.287577e-001 -5.427591e-001 
1.228682e+001 1.376350e+001 -6.642347e+000 1.123147e+000 -6.753720e-001 -5.605023e-001 -2.477268e+000 9.636966e-001 2.386097e+000 -1.130088e+000 -7.009995e-001 -6.673519e-001 
1.336295e+001 1.240187e+001 -5.148850e+000 -3.287361e-001 2.337400e-001 -1.237867e+000 -1.955445e+000 1.000068e+000 2.288119e+000 -9.622570e-001 -1.090657e+000 -5.026398e-001 
1.343994e+001 1.255363e+001 -5.851094e+000 -9.474461e-002 8.742085e-003 -1.282512e+000 -1.719961e+000 1.030969e+000 2.015965e+000 -9.717187e-001 -1.148442e+000 -5.493024e-001 
1.284738e+001 1.314826e+001 -6.252452e+000 4.782810e-001 -7.615143e-001 -7.535459e-001 -1.972594e+000 9.473721e-001 1.688367e+000 -1.154366e+000 -9.685169e-001 -3.372842e-001 
1.318446e+001 1.176327e+001 -4.890488e+000 -4.181211e-001 2.104506e-001 -8.783287e-001 -2.100653e+000 2.860711e-001 1.892927e+000 -1.320032e+000 -9.546337e-001 5.467959e-002 
1.207760e+001 1.247514e+001 -5.329589e+000 3.269678e-001 -6.958041e-002 -9.789594e-001 -2.076608e+000 -1.361731e-001 1.604337e+000 -1.186023e+000 -6.147949e-001 1.439237e-001 
1.056503e+001 1.381522e+001 -6.352370e+000 1.391589e+000 -4.672173e-001 -1.274791e-001 -2.526338e+000 -8.946500e-002 1.510926e+000 -1.170943e+000 -4.377275e-001 3.048066e-001 
1.157320e+001 1.170342e+001 -4.726485e+000 2.431796e-001 8.730276e-001 -6.498922e-002 -2.143599e+000 -9.976110e-002 1.666708e+000 -1.477131e+000 -6.459777e-001 5.488016e-001 
1.139493e+001 1.237786e+001 -5.189577e+000 3.597305e-001 3.723591e-001 5.004848e-001 -1.884434e+000 -1.878465e-002 1.920873e+000 -1.812886e+000 -8.375314e-001 5.588552e-001 
1.122378e+001 1.262213e+001 -5.678447e+000 9.367906e-001 -3.851706e-001 7.032461e-001 -1.466086e+000 -2.011079e-001 1.747524e+000 -1.962334e+000 -6.834540e-001 3.500411e-001 
1.060415e+001 1.329613e+001 -5.576258e+000 1.528130e+000 -9.772432e-001 1.397321e+000 -2.203668e+000 7.754323e-002 1.939236e+000 -1.969109e+000 -8.921057e-001 7.008194e-001 
1.082290e+001 1.246932e+001 -4.587829e+000 1.754066e+000 -1.437438e+000 1.650047e+000 -2.086567e+000 -3.636793e-001 2.139615e+000 -2.066375e+000 -6.183289e-001 6.582158e-001 
1.375880e+001 8.876010e+000 -1.802935e+000 3.541696e-002 4.729206e-001 6.058816e-001 -1.599708e+000 -4.366624e-001 1.315175e+000 -1.168000e+000 -5.928434e-001 3.725215e-001 
1.486881e+001 9.193442e+000 -2.201950e+000 -1.496152e-001 1.134156e+000 -1.678816e+000 -2.243875e+000 7.568789e-001 1.896718e+000 -6.169206e-002 -9.258040e-001 -4.881282e-001 
1.345998e+001 1.105657e+001 -3.290152e+000 2.745956e-001 5.902796e-001 -2.128788e+000 -2.544088e+000 8.534759e-001 2.547563e+000 -1.420303e-001 -1.066694e+000 -7.677631e-001 
1.271455e+001 1.179340e+001 -4.626871e+000 2.416090e-001 4.544401e-002 -1.778945e+000 -2.794384e+000 5.253936e-001 2.650449e+000 -4.629150e-001 -8.826255e-001 -6.262326e-001 
1.311350e+001 1.123468e+001 -4.381256e+000 8.302362e-002 7.107120e-001 -1.669693e+000 -2.657496e+000 2.911260e-001 2.136648e+000 -4.663367e-001 -8.302694e-001 -3.737494e-001 
1.144646e+001 1.325544e+001 -6.205522e+000 1.443416e+000 -1.142376e-001 -5.973596e-001 -2.812876e+000 4.089612e-001 2.465989e+000 -7.640525e-001 -4.070437e-001 -4.030279e-001 
1.207442e+001 1.258627e+001 -4.865667e+000 3.315702e-001 6.492432e-001 -1.042538e+000 -2.456931e+000 3.361443e-001 2.346023e+000 -6.082730e-001 -6.934875e-001 -2.020950e-001 
1.267893e+001 1.195931e+001 -4.491827e+000 2.572667e-001 4.916483e-001 -1.124920e+000 -2.298638e+000 4.310547e-001 2.245366e+000 -6.168905e-001 -6.205422e-001 -3.421382e-001 
1.247238e+001 1.210054e+001 -5.238577e+000 4.817828e-002 2.646576e-001 -1.155801e+000 -2.391362e+000 5.955967e-001 2.420800e+000 -7.408538e-001 -7.418468e-001 -3.193123e-001 
1.254463e+001 1.270770e+001 -6.084681e+000 4.130690e-001 -1.131009e-001 -1.095837e+000 -2.310215e+000 7.832195e-001 2.417263e+000 -9.216797e-001 -7.768542e-001 -6.113036e-001 
1.298609e+001 1.224373e+001 -5.628605e+000 -3.004513e-001 3.606990e-002 -1.201516e+000 -2.201267e+000 9.034947e-001 2.362363e+000 -1.007691e+000 -9.022413e-001 -5.343207e-001 
1.251550e+001 1.339170e+001 -6.525930e+000 4.414003e-001 -7.202230e-001 -8.527471e-001 -2.149420e+000 9.919407e-001 2.342418e+000 -1.156558e+000 -1.044648e+000 -5.788683e-001 
1.364468e+001 1.226292e+001 -5.703792e+000 -1.114149e-001 -6.854708e-002 -1.370229e+000 -1.663078e+000 9.477536e-001 1.784086e+000 -8.962893e-001 -1.138127e+000 -5.192540e-001 
1.314451e+001 1.293296e+001 -5.768640e+000 1.338992e-001 -2.315780e-002 -6.410613e-001 -2.105087e+000 6.635788e-001 2.090037e+000 -1.343716e+000 -8.504639e-001 -2.147090e-001 
1.193566e+001 1.303143e+001 -5.675605e+000 6.654499e-001 -5.569054e-001 -3.569248e-001 -2.159984e+000 7.470573e-002 2.062454e+000 -1.407426e+000 -7.366093e-001 1.999360e-001 
1.258081e+001 1.164158e+001 -4.503578e+000 1.471126e-001 2.081389e-001 -5.951999e-001 -2.182822e+000 -2.567695e-001 1.750679e+000 -1.180272e+000 -6.798064e-001 3.560323e-001 
1.196436e+001 1.245040e+001 -4.584644e+000 1.838889e-001 4.956331e-001 -5.568992e-001 -2.330347e+000 -2.132960e-001 1.704656e+000 -1.238186e+000 -5.500127e-001 4.695602e-001 
1.204317e+001 1.244529e+001 -4.694004e+000 4.032260e-001 5.042447e-001 -6.395516e-002 -2.016231e+000 -5.011891e-003 1.736774e+000 -1.452912e+000 -4.857044e-001 3.913120e-001 
1.096755e+001 1.379774e+001 -6.700175e+000 1.506681e+000 -5.339344e-001 1.206483e+000 -2.228300e+000 2.459334e-001 2.045271e+000 -1.835741e+000 -9.106467e-001 5.287007e-001 
1.079756e+001 1.362074e+001 -6.231167e+000 1.743367e+000 -5.845210e-001 1.344888e+000 -1.951433e+000 2.050263e-001 1.830803e+000 -1.925369e+000 -9.722780e-001 4.832040e-001 
1.082043e+001 1.347723e+001 -6.017113e+000 2.274167e+000 -1.322827e+000 1.525154e+000 -2.405933e+000 2.786618e-001 1.826085e+000 -1.783462e+000 -6.708017e-001 4.489963e-001 
1.079951e+001 1.249222e+001 -4.760801e+000 2.457789e+000 -1.533024e+000 1.891849e+000 -1.865357e+000 -4.480675e-001 1.787822e+000 -1.948328e+000 -4.680985e-001 2.030234e-001 
