5.544986e+000 1.334169e+001 -4.298686e+000 2.100835e+000 -1.788209e+000 9.387186e-001 -7.092932e-001 3.055378e-001 2.680997e+000 -1.323993e+000 -2.298319e-001 -4.082059e-001 
6.954905e+000 1.144257e+001 -2.967535e+000 1.676636e+000 -1.082076e+000 2.908221e-001 -8.691034e-001 4.546707e-001 2.197770e+000 -1.084535e+000 -4.265430e-001 -1.779854e-001 
6.917599e+000 1.090804e+001 -3.529722e+000 1.758796e+000 -7.200282e-001 2.836022e-001 -9.461334e-001 1.950171e-002 1.531539e+000 -6.545996e-001 -7.645911e-002 -3.430737e-001 
6.486289e+000 1.183834e+001 -4.978016e+000 7.217215e-001 -1.156351e+000 6.703893e-001 -7.494588e-001 1.866431e-001 2.001718e+000 -9.092816e-001 -4.504139e-001 -1.520087e-001 
6.780128e+000 1.143169e+001 -3.981909e+000 9.672548e-002 -9.843597e-001 7.055026e-001 -8.556811e-001 1.813099e-001 1.670343e+000 -6.455976e-001 -7.070545e-001 -1.347883e-001 
6.411275e+000 1.206039e+001 -5.381387e+000 7.973551e-001 -9.661404e-001 9.747399e-001 -1.308561e+000 7.725155e-001 9.545628e-001 -3.873567e-002 -8.774342e-001 1.870173e-001 
7.659963e+000 1.085607e+001 -4.416967e+000 -2.551307e-001 -6.321105e-001 5.440207e-001 -4.671480e-001 8.321143e-002 1.391119e+000 -3.728941e-001 -6.132254e-001 1.017946e-001 
9.899262e+000 1.196390e+001 -6.777901e+000 1.964909e-001 -2.066737e+000 1.015370e+000 -1.751348e+000 5.994682e-002 8.797705e-001 -6.809081e-001 -7.098902e-001 1.080914e-001 
1.184972e+001 1.044269e+001 -7.296635e+000 6.377961e-001 -2.531280e+000 8.523883e-001 -2.545052e+000 -2.691634e-001 8.705800e-001 -9.278092e-001 -5.462105e-001 3.062770e-001 
1.350814e+001 1.007942e+001 -7.651957e+000 8.131247e-001 -2.390542e+000 1.231195e+000 -2.686634e+000 -3.023698e-001 1.115957e+000 -1.168939e+000 -1.582888e-001 2.525796e-001 
1.502416e+001 8.970871e+000 -7.625792e+000 5.416800e-001 -1.766528e+000 8.151202e-001 -2.467245e+000 -2.700094e-001 8.826679e-001 -6.726836e-001 -4.188349e-001 3.571155e-001 
1.479671e+001 9.742592e+000 -9.130021e+000 1.486446e+000 -2.486958e+000 1.257624e+000 -3.078517e+000 1.490891e-001 4.926897e-001 -2.515276e-001 -6.498959e-001 4.293041e-001 
1.558106e+001 8.854429e+000 -8.299788e+000 1.735960e-001 -1.186274e+000 -3.722564e-002 -1.844231e+000 -7.294358e-001 1.185342e+000 -8.725482e-001 -5.681479e-002 3.670027e-002 
1.555557e+001 9.039600e+000 -8.678583e+000 3.445406e-001 -1.399986e+000 1.771831e-001 -2.426671e+000 -2.571443e-001 5.735660e-001 -3.763467e-001 -4.629092e-001 4.143742e-002 
1.610290e+001 9.127495e+000 -8.914004e+000 2.947824e-001 -1.728092e+000 3.927513e-001 -2.264307e+000 -9.427093e-002 4.258476e-001 -3.747160e-001 -4.130930e-001 2.958451e-001 
1.542144e+001 9.800500e+000 -9.631955e+000 3.954929e-001 -2.777790e+000 5.103407e-001 -2.360219e+000 -1.632676e-001 2.784344e-001 -7.243892e-001 -3.631396e-001 3.544127e-001 
1.526382e+001 9.866149e+000 -1.018926e+001 5.002030e-001 -2.811267e+000 1.367959e-001 -1.757447e+000 -2.915158e-001 3.559929e-001 -1.292259e+000 2.577997e-001 -2.167713e-001 
1.661584e+001 8.588574e+000 -8.659870e+000 -8.249521e-001 -1.613932e+000 -5.351680e-001 -6.320213e-001 -1.063686e-001 3.066529e-001 -1.101064e+000 3.023137e-001 -6.225015e-002 
1.580301e+001 9.833443e+000 -9.908731e+000 2.354054e-001 -3.011540e+000 1.787183e-001 -1.833140e+000 5.668612e-001 -4.107795e-001 -5.138187e-001 -9.035493e-003 5.416949e-002 
1.670302e+001 8.668466e+000 -8.838977e+000 -9.812243e-001 -2.538551e+000 -3.521157e-001 -1.382031e+000 -2.363232e-002 -4.592623e-001 -1.063969e+000 1.650389e-001 -2.295987e-001 
2.040140e+001 5.081268e+000 -5.490925e+000 -2.702900e+000 -2.581018e-001 -1.024835e+000 -9.102139e-001 -2.734084e-002 -3.119415e-001 -6.937631e-001 -6.650862e-002 1.222682e-001 
1.427214e+001 7.387505e+000 -2.117790e+000 -1.282276e+000 -2.899475e-003 -4.169616e-001 -1.954977e-001 8.592465e-001 1.260739e+000 2.652898e-001 -3.426808e-001 -1.443281e-001 
8.240429e+000 1.301371e+001 -4.629820e+000 1.738287e+000 -1.663145e+000 -3.366817e-002 -1.014007e+000 6.066828e-002 3.088589e+000 -1.101152e+000 -2.388320e-001 -4.992286e-001 
7.081398e+000 1.317045e+001 -5.845145e+000 2.309223e+000 -2.419696e+000 -2.465471e-003 -2.828955e-001 1.400724e-001 2.614498e+000 -8.545782e-001 -2.962311e-003 -5.898742e-001 
7.576725e+000 1.174773e+001 -5.485031e+000 8.468861e-001 -1.250211e+000 5.780035e-001 -8.822711e-001 1.659506e-001 2.266808e+000 -6.635019e-001 -3.292643e-001 -5.268137e-001 
6.965854e+000 1.166196e+001 -6.295610e+000 1.505149e+000 -1.658631e+000 7.809413e-001 -1.047535e+000 5.308646e-002 1.740828e+000 -6.870240e-001 -5.815327e-001 -1.316334e-001 
7.954658e+000 1.128689e+001 -4.689903e+000 4.001294e-001 -6.391475e-001 3.852414e-001 -4.676527e-001 2.547167e-001 1.674985e+000 -6.299765e-001 -5.787798e-001 -3.138738e-001 
8.238271e+000 1.080135e+001 -5.261679e+000 6.616079e-001 -1.141694e+000 7.800931e-001 -7.349428e-001 -2.156694e-002 2.388063e+000 -2.915658e-001 -3.705510e-001 3.090537e-001 
9.587631e+000 1.170233e+001 -6.885598e+000 2.563520e-001 -2.466378e+000 8.021437e-001 -1.587787e+000 -1.051512e-001 1.575294e+000 -6.941887e-001 -6.061312e-001 -2.196756e-002 
1.148983e+001 1.077614e+001 -6.613117e+000 7.219002e-002 -2.586784e+000 9.213371e-001 -2.625839e+000 1.153057e-001 1.030359e+000 -6.440646e-001 -7.058832e-001 5.384616e-001 
1.304359e+001 1.014029e+001 -7.573051e+000 3.235718e-001 -2.562486e+000 4.603115e-001 -2.179382e+000 -8.406076e-001 1.686687e+000 -1.540306e+000 6.840269e-002 1.759422e-001 
1.490018e+001 8.950799e+000 -6.876182e+000 -2.235878e-001 -1.465796e+000 3.984339e-001 -2.054029e+000 -4.365812e-001 1.402730e+000 -9.432680e-001 -3.189065e-001 3.109330e-001 
1.515534e+001 9.490248e+000 -7.793549e+000 6.101332e-001 -1.809497e+000 7.856221e-001 -2.524999e+000 -7.769373e-002 1.037002e+000 -6.085430e-001 -4.449681e-001 2.678824e-001 
1.519312e+001 9.371768e+000 -8.552333e+000 3.944820e-001 -1.941836e+000 4.308270e-001 -2.467931e+000 -1.950884e-001 1.012691e+000 -4.001848e-001 -5.142004e-001 3.393756e-001 
1.545937e+001 9.485395e+000 -8.669321e+000 5.312700e-001 -1.669587e+000 1.627769e-001 -2.327998e+000 -3.004039e-001 7.928544e-001 -3.953406e-001 -4.375389e-001 1.552506e-001 
1.466263e+001 1.055651e+001 -9.610572e+000 1.130703e+000 -2.622221e+000 6.769666e-001 -3.273778e+000 1.917712e-001 2.067693e-002 2.522527e-001 -8.726069e-001 5.452193e-001 
1.494231e+001 1.020339e+001 -9.990375e+000 7.661904e-001 -3.222865e+000 4.990640e-001 -3.401741e+000 1.806741e-001 -2.594720e-001 -1.944901e-001 -7.232675e-001 4.352068e-001 
1.668433e+001 8.440530e+000 -8.194378e+000 -8.753885e-001 -1.502856e+000 -5.480940e-001 -1.576676e+000 -5.887304e-001 6.742060e-001 -1.137663e+000 2.101633e-001 -1.644958e-001 
1.516473e+001 1.055911e+001 -9.965392e+000 5.172681e-001 -2.557101e+000 5.822532e-001 -1.274178e+000 1.642334e-001 3.585564e-001 -1.472789e+000 6.610737e-001 -4.120137e-001 
1.638806e+001 8.737241e+000 -8.333950e+000 -9.225077e-001 -1.645060e+000 -6.174784e-001 -6.271755e-001 -1.192458e-001 4.931145e-002 -9.589850e-001 2.843455e-002 9.630427e-002 
1.589134e+001 9.972609e+000 -9.463645e+000 2.161591e-003 -2.820712e+000 3.094096e-001 -1.598805e+000 2.354106e-001 -8.253377e-001 -6.143016e-001 -1.637170e-001 -2.482887e-001 
