9.863135999999999 17.76047 -9.772119000000002 -0.502399 -5.19367 -4.158296 -0.4669121 -2.55712 -0.2497852 -3.1021509999999997 -4.247314 -0.9406925 -0.2982556 -1.1407679999999998 -1.419112 -1.7719889999999998 -1.128476 0.2406035 -0.3509007 -1.395253 -1.086114 0.48217629999999995 2.142185 1.983592 1.856 1.464213 0.8157709000000002 0.1717434 0.20170890000000002 0.7525709000000002 -0.9626962 -0.9010905000000002 -0.04291185 -0.2560799 0.8452137999999999 0.23679129999999998 
7.9909729999999985 18.6501 -11.76317 2.464971 -5.245608 -2.43727 -1.631216 -1.872629 0.6041144000000002 -4.747169 -3.181131 -3.5440420000000006 -1.522537 -1.739523 -2.177614 -1.0862420000000002 -2.476023 -0.2844072 -0.9687579 -2.450201 -1.7820579999999997 -0.634718 0.5845097 -0.07580456 0.876176 0.5182585 -0.02839922 0.27862270000000006 0.19531000000000004 0.3743132 -0.7907672000000001 -1.113328 -0.7377398 -0.33762900000000007 0.5072787 -0.22445849999999995 
11.71179 14.428160000000002 -9.166114 3.6461040000000002 -7.321699000000001 0.5636435999999999 -0.09941739 0.21457449999999995 1.3740869999999998 -3.058543 -1.5701959999999997 -4.2511730000000005 0.025826889999999998 -1.256992 -2.131734 -1.254717 -2.497797 -0.0015187399999999998 -1.591433 -1.578544 -1.3328430000000002 -0.703821 0.1858834 -0.3035507 0.20349440000000002 -0.5809544999999999 0.0635978 -0.8555688999999999 0.1983102 0.8058468000000001 -0.5463611999999999 -0.4244868999999999 -0.5911133 0.4257343000000001 0.1431861 0.27720039999999996 
11.946420000000002 11.99951 -13.94976 6.838568000000001 -9.943641999999999 3.385569 -1.014965 0.8652762999999999 3.5652070000000005 -3.4773229999999993 0.5941554 -4.485209 1.911759 -2.209346 -2.234442 -1.5350219999999999 -2.6019660000000004 0.6047058 -1.4967159999999997 0.0025221399999999995 -1.9998609999999997 -0.15579600000000002 0.5123717 -0.41929369999999994 0.8278613999999999 -0.9237908 0.8511461000000001 -1.9461510000000002 -0.22795000000000004 0.050992409999999995 -1.0347030000000002 0.24250529999999998 -0.9079502999999998 1.6243409999999998 -0.11160369999999999 0.6424691 
12.830150000000001 5.174017 -13.12129 4.544201 -10.66228 1.860184 -1.4858010000000001 0.9866843999999999 3.154861 -2.809414 0.6579181 -3.477055 0.7284379000000001 -1.390516 -3.1655769999999994 -2.105323 -2.537281 1.153073 0.168822 0.4467309 -0.8865803000000001 0.1687136 -0.06438526 -0.5378963 1.2945899999999997 0.1459246 1.258713 -0.9703635000000002 -0.08939103999999999 0.19593039999999998 -1.012989 0.003436215 -0.6980168999999999 0.8514046999999999 -0.18532909999999997 0.2698567 
12.70573 7.239359999999999 -13.473060000000002 6.548766 -12.904650000000002 3.009733 -1.9126949999999998 0.19814850000000003 2.625278 -4.228096999999999 2.256226 -3.106707 2.3267899999999995 -1.5309310000000003 -2.868126 -1.4029620000000003 -2.311742 1.8541539999999999 -0.9963046999999998 -0.9061937000000001 -1.93435 1.011086 0.9740900999999998 -0.3166535 2.18772 0.2860326 1.981971 -0.560672 0.07093108999999999 0.7232193000000001 -0.8087039000000001 -0.3243014 -1.464271 0.8565305 -0.39954480000000003 0.9593556000000001 
12.617019999999998 4.178861 -11.081339999999999 5.115326 -12.52046 1.987973 -1.5913760000000001 0.1698301 1.9125130000000001 -2.8653629999999994 1.6062390000000002 -3.0436760000000005 1.507795 -1.246748 -2.7536820000000004 -0.7180863 -0.34230580000000005 2.142187 -0.4516958 0.8344801000000002 -0.8681298999999998 0.5518209 1.551003 0.7459146 2.266624 0.4438838 1.540083 -0.6476658999999999 0.1147665 0.7307815 -0.7992011999999998 0.1633974 -0.7473672999999998 0.5699348999999999 -0.008659988 0.5326383999999998 
10.55777 3.4448289999999995 -13.042370000000002 2.885309 -12.990700000000002 1.194426 -2.9235280000000006 0.631382 2.0367150000000005 -3.904539 0.32075349999999997 -3.6435029999999995 1.7970240000000002 -0.1831228 -1.4672029999999998 -0.002278325 -0.7790155 1.457955 -0.4808453 0.970738 -0.620801 0.9105387 1.7787520000000003 1.0485869999999997 2.302573 -0.22285099999999997 0.9791163000000002 -0.21895059999999994 0.40998890000000004 0.44595249999999986 -1.00976 0.08989532 -0.6745551 0.530084 0.019431840000000002 0.8761061000000001 
7.837401999999999 6.787658 -16.66955 4.582946 -14.99068 2.234963 -3.201083 -0.5113236 2.7494219999999996 -5.790270999999999 2.185563 -4.877295 2.155947 -1.222805 -0.6106158 -0.5354241000000001 -2.203771 1.4424849999999998 -2.240489 0.5530413 -1.9900819999999997 0.43093659999999995 0.48402160000000005 -0.4872478 2.551065 -1.1534250000000001 0.8470576000000001 -1.411492 0.14719630000000003 -0.6667042 -1.4809400000000001 -0.1729448 -1.4199769999999998 0.9685775999999999 -0.44385159999999996 0.6534022 
10.04735 6.10176 -13.255160000000002 4.187953 -13.166759999999998 1.9963200000000003 -3.9055159999999995 1.0435929999999998 3.2121819999999994 -2.884355 1.173754 -3.694215 2.177444 -0.6878468 -1.210783 -0.5323536 -0.7943525 2.379864 -0.5646706 0.45191269999999994 -0.9924511999999999 0.4776376 0.9455055000000001 -0.4219947 1.5848200000000001 -0.14951690000000004 1.154165 -0.03360535 0.7708852999999999 0.6757859 -1.039864 -0.4491483 -1.321039 0.2643518 -0.2613177 0.6822632 
8.0846 6.393146000000001 -13.13574 4.583362999999999 -11.55021 2.158738 -3.1823489999999994 1.6514489999999997 4.006031 -2.968307 -0.17652120000000002 -5.019938 1.1114750000000002 -1.24082 -1.5757840000000003 -0.8868108 -1.4625000000000001 2.500729 0.5507198999999999 0.6917147000000001 -0.09009422 1.335011 0.9491804000000001 -0.5295225 1.8310360000000006 0.6437669 1.3529389999999997 -0.5246087 0.07906849 0.7022351000000001 -0.006675944000000001 0.10011729999999999 -1.003198 0.5734228999999998 -0.1833357 0.4391170999999999 
7.016212000000001 9.324975 -14.147009999999998 5.506871 -12.274550000000001 3.6101099999999997 -1.723433 1.18619 4.351617 -5.355604999999999 0.4932481000000001 -5.140462 2.4118360000000005 -0.7960962 -0.5986693 -0.1578595 -1.3809369999999999 1.6940609999999998 -0.8423394999999998 0.7651165999999999 -1.6864019999999997 1.272695 1.427697 -0.6289648 1.6031359999999997 -0.1483996 1.4016339999999998 -1.104258 -0.21781089999999997 0.5447533 -0.2794437 -0.010606119999999998 -1.674056 1.027083 -0.6070615 0.1195389 
6.354508000000001 12.04217 -13.052059999999999 4.612771000000001 -10.51365 2.267215 -1.9123800000000002 0.7043896 4.461668 -5.409052000000001 1.8605079999999998 -3.749032 0.7911457999999999 -1.6909150000000002 -0.6611732999999999 -0.5174219 -2.0882989999999997 2.636201 -1.015826 0.9750403 -1.4801210000000002 0.9849180999999999 1.269011 -0.151319 2.04199 -1.2347339999999998 1.303612 -0.6131113 0.6351667 0.3185037 -0.7952084 0.1068888 -1.6390569999999998 0.9107203000000001 -1.021005 0.1551502 
7.795693 15.721900000000002 -13.212779999999999 4.551121000000001 -9.881834 -0.9049655999999999 -3.2060500000000003 -0.7335858000000001 3.704165 -4.109569999999999 0.03299293 -4.268149 0.1494984 -2.3428730000000004 -0.2896774 0.7117639000000001 -1.5217539999999998 2.405871 0.060083080000000004 1.241068 0.3118705 1.084132 0.9496411 0.19000639999999996 2.3356 0.1264507 1.092642 -0.44485220000000003 -0.05046165000000001 -0.29465880000000005 -0.5805505000000001 0.599449 -0.49043249999999994 1.371596 0.4102025 0.5374157999999999 
12.32036 14.928960000000002 -9.465754000000002 0.7054590999999999 -9.988681999999999 -4.006424 -3.5099769999999997 -0.5769685 2.59812 -2.511533 -1.287854 -2.262563 -0.498195 -1.9189399999999996 -1.5609090000000003 -0.1485249 -1.054752 1.287949 -0.10771600000000002 -0.6954526999999999 0.1156047 0.6160719 0.5665433000000001 1.3839539999999997 2.672515 0.6166147999999999 0.598983 -0.2350325 -0.8706641 -0.26945329999999995 -0.8303167 -0.02675685 0.4660038000000001 0.6574061000000001 0.4394179 0.293533 
11.633539999999998 17.99006 -15.701970000000001 2.187222 -10.61874 -3.380271 -4.482381 -1.571173 4.595019999999999 -3.4814730000000003 -0.41969939999999994 -3.4086339999999997 0.506348 -1.517441 -0.4996223999999999 0.5844994999999998 -1.3341499999999997 2.132684 -0.4443221 -0.7422246 -0.08901072 1.360892 1.6475360000000001 0.9385098999999999 2.302752 0.8883593000000001 1.4678509999999998 -0.7832724999999999 -1.153037 -0.17547430000000003 -0.5699423 0.2404328 -0.5314256 0.7774164 0.7978326 0.5240749 
15.10597 15.63843 -15.15826 -0.22504679999999994 -7.750177999999999 -2.8084020000000005 -3.31983 -0.9923614 3.5785139999999993 -2.677968 -2.3614910000000005 -3.3895459999999997 -0.48989530000000003 -0.18234449999999996 -0.48092140000000005 -0.23336289999999998 -1.3999939999999997 1.5058880000000001 -0.38482260000000007 -1.038861 1.0003 1.321496 1.105869 0.5469377 1.5075959999999997 1.4399289999999998 1.351635 -0.1592213 -1.5118159999999998 -0.6116397 -0.661944 -0.06454459 0.04374656999999999 0.7796608000000002 1.386001 0.1130348 
17.51347 14.536280000000001 -14.223560000000003 -1.594741 -7.661428 -3.3463999999999996 -1.9862389999999999 -1.0728670000000002 2.1268430000000005 -2.471904 -3.301043 -3.773001999999999 -0.6281114 -0.035732309999999996 -0.6430704 -0.4469516000000001 -0.9701564000000003 1.767161 -0.2970865 -1.161263 1.677837 1.534718 0.9165112999999999 0.8623627999999999 1.425223 1.526313 1.6298290000000004 -0.024314 -1.411244 -0.35623309999999997 -0.541489 -0.2225618 0.6943805000000001 0.8373477000000003 1.1126699999999998 0.7534865000000001 
17.976470000000003 15.201570000000002 -11.47528 -1.7261880000000003 -6.7740670000000005 -3.905298000000001 -1.072001 -0.22993020000000003 2.1058419999999995 -2.730169 -2.9820020000000005 -2.6693600000000006 -1.2106329999999998 0.07072885 -0.7942101 -0.21076619999999996 -0.4139472 0.7394287999999999 -0.145744 -0.8479329 1.017626 0.5735929 0.2629762 0.4373008 0.8129692999999999 0.7174275999999999 0.258674 0.06873838 -1.285462 -0.7911140999999999 -0.5228625 -0.5179879 0.44839280000000004 0.2476216 0.6358897 0.7548224 
10.11181 17.31965 -10.608180000000003 0.3924205 -5.519537999999999 -5.806477 -0.8273846999999999 -2.217148 1.19141 -1.670304 -3.699157 -1.897591 -2.559893 -0.8776054000000001 0.011696849999999998 -1.3171219999999997 -0.9244458 -0.19685250000000004 -0.3749780999999999 -0.8334878999999998 0.09718168000000002 1.142856 0.9117422 1.6841349999999997 2.3462029999999996 0.9904472000000001 0.6083514 0.8977125 0.8246656000000001 0.7004381 -0.5363914 -0.9341746999999999 -0.6712849 -0.163272 0.9118852000000002 0.3961364 
8.283727999999998 18.19292 -11.477419999999999 2.450338 -4.958964000000001 -3.1930699999999996 -0.9673885999999998 -1.05023 -0.6267622 -4.667293999999999 -3.1923880000000002 -2.850446 -0.5603806000000001 -1.443678 -1.569216 -2.321868 -2.366313 0.2833783 -0.9073092999999999 -1.7793089999999998 -1.6782040000000005 0.19111349999999996 0.5056447 -0.0032836959999999996 1.618926 0.7096973000000001 0.19352750000000002 -0.2285921 0.08703003 0.2745089 -0.2555787 -0.42608349999999995 -1.064877 -0.06664714 -0.05801827999999999 -0.37475099999999995 
10.634370000000002 14.804149999999996 -11.19435 4.312687 -7.218041999999999 0.4530165999999999 -0.6804313 0.4303656 2.234762 -3.039659 -0.2676224 -4.098682 -1.267882 -2.35068 -1.4596490000000002 -1.4648070000000002 -3.4919450000000003 -0.046870379999999996 -1.009289 -1.084772 -1.222587 -0.41994640000000005 -0.5438701999999999 -0.6844921 1.175903 -0.4609486 0.1298772 -0.9267583000000001 0.582612 0.9069228999999999 -0.7695319 -0.4790535 -0.9426936999999997 0.39373099999999994 -0.07487307 0.2713933 
11.85226 9.803277 -12.01435 6.701914000000001 -8.956559999999998 2.874594 -0.4015214999999999 1.157102 3.3143470000000006 -2.554013 0.05052873000000001 -3.757175 0.6905634000000002 -1.42551 -1.3673800000000003 -0.8718958 -2.643979 -0.8103192999999999 -2.103265 -0.9242755999999999 -1.3142130000000003 0.06725081 -0.11440130000000001 -0.359623 1.261766 -0.2008219 0.34845829999999994 -1.368285 0.23733050000000006 -0.164562 -0.4465557000000001 0.6273638 -0.9661811 0.7322004 -0.19484839999999998 0.6702836999999999 
10.486559999999999 8.415206 -13.676900000000002 7.817362000000001 -12.37854 2.177752 -2.069552 0.20008310000000004 3.151653 -4.221119000000001 0.8985772 -4.721726 2.111864 -1.052814 -1.265455 -0.5720317 -2.3741109999999996 0.12205240000000003 -2.17652 -1.109044 -2.002827 0.8387159999999999 0.4825416000000001 -0.21049239999999997 1.4572140000000002 -1.0754979999999998 0.6694107999999999 -1.360893 0.29178829999999994 -0.010041969999999999 -1.3797499999999998 -0.1513951 -1.145403 0.170911 -0.7483075 0.8239823 
10.79645 6.207721 -14.10074 7.352756999999999 -12.695449999999997 2.63832 -2.3075170000000003 1.0205520000000001 3.8264029999999996 -3.620677 1.324915 -3.444896 2.442172 -1.258447 -2.476965 -1.29077 -2.5811689999999996 0.2741164 -1.236734 0.2654321 -0.9086293999999999 0.8698180000000002 1.0870809999999997 0.6609723 2.801883 0.012568670000000002 1.5691229999999998 -0.1443304 0.3070138 0.24670220000000004 -1.0190219999999999 -0.06364415 -0.8461891 0.2740725 -1.27748 0.11273670000000001 
11.48052 6.832248 -14.903490000000001 6.3544279999999995 -13.749430000000002 3.187566 -0.5670029 0.30634730000000004 3.0785270000000002 -5.383597000000001 1.4270440000000002 -3.389856000000001 2.765272 -1.0709029999999997 -2.462609 -0.9246901000000001 -2.344979 1.5699450000000001 -0.8402287 2.072605 -1.1476559999999998 0.4395468 1.4164650000000003 -0.09721716000000001 2.3094700000000006 -0.3389845 1.85872 -1.215719 -0.1293208 0.37481639999999994 -1.1630269999999998 0.6087812 -0.9431316 1.247439 -0.6498171 0.6130962000000001 
9.568737999999998 5.7468330000000005 -15.749449999999998 5.396082 -12.783820000000002 3.9986710000000008 -2.668709 -0.9388636999999999 0.9080639 -5.301586999999999 1.8989100000000003 -2.962071 3.652542 -0.280562 -1.4003739999999998 -1.7114670000000003 -2.6982670000000004 1.4643890000000002 -0.8034073 1.07083 -0.8968859 1.239891 1.220839 0.3702383 2.5738559999999997 1.578852E-4 1.161334 -0.4514337 0.5067491 0.3762938 -1.031756 0.2902251 -1.000929 0.5163317 -0.4697772000000001 0.6757875000000001 
8.677671000000002 6.403007000000001 -15.566249999999998 4.924644 -14.115399999999998 2.9318090000000003 -2.9012050000000005 -0.6774326000000002 1.9547880000000002 -5.838565000000001 2.1425699999999996 -2.6847950000000003 3.487569 -1.7090180000000001 -1.7362540000000002 -1.065646 -1.745801 2.30916 -1.414759 0.9437543 -1.902004 0.4289189000000001 -0.1283595 -0.7955626999999998 2.0236769999999997 -0.9060677000000001 1.143108 -0.8758741 0.6267288999999999 0.30535889999999993 -1.4486690000000002 0.08927454999999998 -1.4008070000000001 0.4911811 -0.7924923 1.175025 
10.668999999999999 6.359282999999999 -13.17527 3.6688809999999994 -13.15863 1.908379 -3.4454740000000004 -0.1834504 1.758922 -3.9006469999999998 2.4448259999999995 -1.9533920000000005 2.9967040000000003 -1.0888799999999998 -1.8269059999999997 -0.3263277 -1.938827 0.7640741000000001 -1.161188 0.4533684 -1.8956230000000003 0.2548561 1.2665690000000003 0.12006039999999998 2.3716590000000006 -0.05306957 0.8289106000000002 -0.7968681000000001 0.7364189000000001 0.5304622 -1.707592 -0.2674387 -1.010859 0.4710333000000001 -0.5370372 0.5953794 
7.757731999999999 7.396020999999999 -14.201350000000001 4.062862 -13.33816 2.214661 -2.243687 -0.2637036 1.896003 -3.9901799999999996 2.014179 -3.5645160000000002 1.8003339999999999 -1.788385 -2.0707799999999996 -0.10486609999999999 -2.385683 0.8233784000000001 -0.7829658999999999 0.514288 -1.4243380000000003 0.49462349999999994 1.6539059999999997 0.6562433 2.04827 -0.0809511 0.9310140000000001 -0.4793487 0.8541302000000001 0.6701353 -1.262342 -0.026131060000000005 -0.8468443 0.3739450999999999 -0.6450918 1.184331 
9.137877000000001 8.540784 -12.66257 4.630623 -11.64296 2.729087 -1.9860570000000002 -0.3418606 2.423169 -4.233418999999999 1.5598969999999999 -3.03017 1.067808 -1.46349 -1.901247 -0.5255187 -2.1804209999999995 1.0042469999999997 0.4593194 1.771008 -0.3961759 0.37804489999999996 1.167085 0.13518530000000004 2.720042 0.6781771 1.029352 -0.305719 0.2101826 0.4456094999999999 -0.5137195 0.0799729 -0.6635303 0.7425943000000002 -0.4948652 0.3051109 
7.698728000000001 9.423995 -11.38503 3.6235129999999995 -10.383449999999998 1.781027 -1.808624 1.406877 2.8258550000000002 -4.544206 0.6291938999999999 -2.270547 1.044433 0.09177658 -0.5889996000000001 -1.2330690000000002 -1.8501150000000002 0.8021126 -0.6374584 0.8080774000000001 -0.391435 0.38333750000000005 0.8176848000000001 0.3025182 2.315807 0.2436057 0.8468723999999999 -0.4153712 -0.4646632999999999 -0.8336366000000001 -1.028056 0.2224233 -0.6861762000000001 0.41871640000000004 -0.45569870000000007 -0.006178133000000001 
10.27265 10.988209999999999 -9.399554 2.47958 -7.876862000000001 -1.154564 -3.2517220000000004 0.05261799 2.489013 -3.797884 -0.48292180000000007 -1.771478 0.2590904 -0.7020371 -1.5563800000000003 -0.968605 -1.1012009999999999 1.6003109999999998 0.9593917000000001 0.6301604 -0.2522583 0.7380455 0.8045764999999998 0.2066142 1.811985 0.40984819999999994 0.38109800000000005 -0.19389680000000004 0.1674972 0.003333882 -0.6591212 -0.3589265 -0.7885952 0.7812178999999999 0.8778509000000001 0.7512308 
12.6449 13.340410000000002 -9.625496 1.089558 -9.668808999999998 -2.7619499999999997 -3.7187440000000005 -0.6501365999999998 3.555695 -2.460218 -0.44028130000000004 -1.8298299999999998 -0.7039754 -1.148372 -1.359814 -0.372283 -1.02666 1.3348820000000001 0.1106184 -0.9160554000000001 -0.5554445 0.5090531 0.7719756000000001 1.312426 2.86904 0.49931420000000004 0.03857594 -0.37087549999999997 -0.8218359 -0.1103079 -0.9475024000000001 -0.6229109 0.1734817 0.48290189999999994 0.4364632999999999 0.7187662 
13.45698 15.38332 -12.982259999999998 1.6994849999999997 -10.04849 -2.476925 -4.056233 -0.5855414 4.201311 -1.9186080000000003 0.2848013 -2.357965 0.1458228 -1.6461059999999998 -0.9409256 0.9026498 -1.2079819999999997 1.46674 -0.6351797 -0.9750902000000001 -0.26167119999999994 0.3531696 1.0508050000000002 1.233443 2.224726 0.8232090000000001 1.037669 -1.1336189999999997 -1.533289 -0.38847660000000006 -1.144965 0.05908309 0.21713849999999996 0.37966079999999996 0.1360863 0.024375139999999997 
14.10786 18.04217 -15.83627 1.759069 -9.919753 -0.4158024 -3.900848 -1.4331200000000002 4.267843 -3.6496260000000005 -1.525558 -4.105991 0.6606312 -1.756439 -0.8190419999999998 -0.4198184 -1.650437 1.737722 -1.244537 -0.8916433 -0.5724403000000001 1.205364 1.1198949999999999 0.17272979999999996 1.7341009999999994 0.8328112 1.6892910000000003 -1.4097740000000003 -1.137738 -0.5816629999999999 -1.1562269999999997 0.13983389999999998 -0.5393694 1.077084 0.5613283 0.9183284 
17.880619999999997 13.83153 -13.61877 -1.7271110000000003 -7.93419 -1.949489 -2.380296 -0.12397139999999998 2.68713 -2.542273 -2.610018 -3.614243000000001 0.15273040000000002 -0.21281360000000002 -0.9310885999999999 -0.2033383 -0.9234175999999998 1.625176 0.07067415 -0.8349639 0.5633528 1.6018880000000002 1.007511 0.34164830000000007 1.402996 1.11644 1.229278 -0.7534539999999998 -1.312056 -0.2564848 -0.9203662 -0.3903433 0.4563147 0.8511141000000001 0.8167698999999999 1.2158309999999999 
