7.179266e+000 1.480719e+001 -1.169303e+001 -8.153636e-003 -4.257426e+000 -5.533919e+000 -1.407038e+000 -1.395436e+000 1.192310e+000 -2.443388e+000 -5.249692e+000 -5.616767e-001 6.215654e-001 -9.985286e-001 1.393648e+000 6.746823e-001 -1.168481e+000 1.041674e-001 5.619597e-002 5.953721e-001 1.346441e+000 1.192089e+000 2.428364e+000 2.143579e+000 1.399876e+000 2.679114e+000 1.937652e+000 4.988582e-001 7.305238e-001 -1.477597e-001 -5.087027e-001 -1.715698e-001 -8.411898e-002 8.757748e-001 1.583191e+000 1.457885e+000 
4.868330e+000 1.663316e+001 -1.384307e+001 2.084813e+000 -5.915473e+000 -5.934195e+000 -1.199456e+000 -2.154195e+000 1.744708e+000 -1.731791e+000 -4.642954e+000 -1.968527e+000 7.383888e-001 -1.669451e+000 -2.783147e-001 -5.520946e-002 -1.062385e+000 -7.166057e-002 -1.059851e+000 2.038648e-001 1.542393e+000 1.339940e+000 1.242967e+000 8.337326e-001 1.424473e+000 2.337296e+000 1.617344e+000 2.120088e-001 1.040454e+000 -9.721045e-002 -1.081223e+000 -3.454529e-001 -7.334157e-001 6.960678e-001 1.445240e+000 4.498776e-001 
2.646784e+000 1.875691e+001 -1.398898e+001 2.144182e+000 -5.532727e+000 -6.138962e+000 -1.126356e+000 -2.588355e+000 3.684243e+000 -1.353473e+000 -3.916381e+000 -2.362892e+000 1.949296e-001 -1.566885e+000 -1.419341e+000 -5.027051e-001 -6.157637e-002 6.789794e-001 9.412438e-001 1.227926e+000 3.548522e-001 1.447218e+000 2.429958e+000 8.319219e-001 9.008008e-001 1.865586e+000 2.278500e+000 1.206779e+000 9.713276e-001 7.115987e-001 -2.733414e-001 -4.352827e-001 -6.311709e-001 8.052263e-001 1.321911e+000 4.662998e-001 
9.940610e-001 1.654846e+001 -1.413097e+001 1.690188e+000 -4.358308e+000 -4.270871e+000 -7.578509e-001 -5.130134e-001 4.037928e+000 -1.060547e+000 -3.393847e+000 -2.959693e+000 -3.267762e-001 -1.304612e+000 -1.246457e+000 -4.418511e-001 -8.469695e-001 4.808299e-001 9.063200e-001 1.415862e+000 7.900920e-002 2.902462e-001 2.303700e+000 4.640580e-001 1.401525e-001 1.049264e+000 1.757748e+000 1.633284e+000 1.082473e+000 6.317365e-001 -1.933675e-001 -4.319118e-001 -8.187910e-002 4.076960e-001 6.012509e-001 5.831616e-001 
-7.579887e-001 1.631335e+001 -1.393706e+001 2.096309e+000 -6.086883e+000 -5.011231e+000 -7.431858e-001 -2.954160e+000 3.790040e+000 -2.869184e+000 -3.935790e+000 -2.524638e+000 -2.015706e-001 -7.972870e-001 -1.792360e+000 -7.700303e-001 -1.596570e+000 3.674669e-001 1.160868e+000 1.113852e+000 7.519878e-001 1.254970e+000 2.963447e+000 4.490072e-001 5.541555e-001 2.114367e+000 2.148576e+000 2.217873e+000 1.176460e+000 1.028210e+000 -2.195870e-003 -7.531878e-001 -1.292703e-001 -2.455730e-001 4.926846e-001 3.420407e-001 
-1.007176e+000 1.747121e+001 -1.255883e+001 1.639953e+000 -4.829753e+000 -3.725184e+000 -1.096373e-001 -2.054623e+000 2.783937e+000 -2.976566e+000 -3.316909e+000 -1.518338e+000 4.936650e-001 -9.866837e-001 -1.612717e+000 -1.610237e+000 -1.826196e+000 5.875776e-001 8.742184e-001 2.718034e-001 7.279341e-001 1.195825e+000 1.549491e+000 3.337194e-001 1.030979e+000 2.614508e+000 2.388730e+000 1.402669e+000 9.853505e-001 5.356741e-001 3.140991e-001 -7.083187e-001 -1.164477e+000 -3.428401e-001 -6.773798e-003 6.878015e-001 
5.998046e-001 1.660228e+001 -1.157776e+001 1.535447e+000 -4.620064e+000 -5.299209e+000 -1.416344e-001 -1.084991e+000 2.695102e+000 -1.971682e+000 -4.015516e+000 -1.196964e+000 7.277060e-002 -1.361948e+000 -1.642460e+000 -1.522824e+000 -1.073395e+000 -1.843103e-001 -2.672864e-001 -5.579404e-001 1.188851e-001 8.437512e-001 1.247413e+000 4.199608e-001 6.991162e-001 1.701930e+000 2.223954e+000 1.599465e+000 7.240641e-001 3.561101e-001 -2.928774e-001 -8.806100e-001 -9.072827e-001 -5.387442e-001 1.081278e-001 1.485723e-001 
1.197889e+001 1.149170e+001 -4.123252e+000 -2.460212e+000 -3.529729e+000 -3.739145e+000 -6.501825e-001 4.381707e-001 1.109435e+000 -1.153276e+000 -3.561556e+000 -9.646206e-001 5.803052e-001 -5.995317e-001 -6.256438e-002 1.627572e-001 -1.462925e-001 -9.047476e-002 -3.545952e-001 -1.747892e-001 8.970450e-002 5.564253e-001 7.898784e-001 -2.423939e-001 -7.490820e-002 9.950352e-001 3.692689e-001 -3.974201e-001 -3.916176e-001 -2.316735e-001 -1.876975e-001 -6.527767e-001 -7.650131e-001 -1.598003e-001 4.494474e-001 5.223598e-001 
5.500113e+000 1.677811e+001 -1.092132e+001 1.434659e+000 -5.836436e+000 -4.489481e+000 -6.217208e-001 -1.648285e+000 1.413818e+000 -2.792402e+000 -4.310172e+000 -8.352447e-001 3.804479e-002 -6.560243e-001 1.474742e+000 3.637938e-001 -1.201490e+000 -7.958072e-001 -6.517853e-001 8.474168e-001 1.099300e+000 6.896905e-001 1.865591e+000 1.589184e+000 1.502192e+000 2.344520e+000 1.496150e+000 1.354320e-001 1.107678e-001 -4.523195e-001 -6.041608e-001 -4.751782e-001 -4.683517e-001 9.054105e-001 1.364597e+000 1.487105e+000 
4.374171e+000 1.590759e+001 -1.069334e+001 2.802560e-001 -6.812577e+000 -5.242748e+000 -1.482785e+000 -2.114707e+000 9.208783e-001 -3.000342e+000 -4.535779e+000 -1.752336e+000 4.227903e-001 -1.266773e+000 -8.373786e-001 -2.385894e-001 -8.637106e-001 1.395703e-001 -4.732356e-001 2.667987e-001 1.752503e+000 1.118195e+000 1.258480e+000 1.188252e+000 1.639616e+000 2.528748e+000 1.331056e+000 4.722569e-001 1.160112e+000 1.013304e-001 -6.099489e-001 -4.677059e-001 -6.133718e-001 9.061307e-001 1.571667e+000 6.734610e-001 
3.538502e+000 1.655493e+001 -1.026612e+001 1.340148e+000 -5.697546e+000 -5.823933e+000 -9.530444e-001 -9.631769e-001 2.330996e+000 -1.426072e+000 -3.532213e+000 -1.796500e+000 -1.222072e+000 -1.562729e+000 -6.914710e-001 -5.664450e-001 -6.883720e-001 2.703256e-001 4.857255e-001 7.685450e-001 1.475704e+000 1.286810e+000 6.208306e-001 3.283477e-001 1.310929e+000 2.123479e+000 1.777925e+000 9.253325e-001 7.014952e-001 9.284673e-002 -3.604970e-001 -7.007603e-001 -5.444574e-001 7.546736e-001 9.572765e-001 3.077811e-001 
2.294649e+000 1.324259e+001 -9.173242e+000 -8.713229e-001 -4.303569e+000 -4.497433e+000 -1.187512e-001 -6.014783e-002 2.133113e+000 -1.994711e-001 -3.222021e+000 -2.473299e+000 -1.216792e+000 -5.124640e-001 -9.064584e-002 -1.344964e+000 -1.349985e+000 1.022448e-001 -6.781639e-002 6.024778e-001 1.621442e+000 9.801008e-001 5.382849e-001 -1.748144e-002 5.406293e-001 1.731121e+000 1.954024e+000 1.468075e+000 3.642552e-001 8.302994e-002 3.292164e-001 -2.147289e-001 -6.162468e-001 -1.104455e-001 7.900939e-001 8.848748e-001 
-9.471279e-001 1.890112e+001 -1.475621e+001 8.685865e-001 -4.787227e+000 -4.903858e+000 -1.688508e-001 -2.736825e+000 3.673654e+000 -3.606231e+000 -3.766891e+000 -2.998556e+000 -3.081906e-001 -8.596409e-001 -1.433516e+000 -1.240253e+000 -1.500295e+000 1.460878e+000 1.023868e+000 1.184950e+000 1.039057e+000 1.142299e+000 1.579860e+000 7.408706e-002 1.293979e+000 2.135495e+000 1.985283e+000 1.483149e+000 4.595039e-001 1.073065e+000 6.156337e-001 -2.572773e-001 -1.182813e+000 -3.171854e-002 9.891762e-001 1.118933e+000 
8.965782e-002 1.642060e+001 -1.057769e+001 6.436294e-001 -3.948438e+000 -4.837550e+000 -5.195575e-001 -1.190842e+000 1.016037e+000 -1.228180e+000 -2.818832e+000 -2.041115e+000 -1.041925e+000 -5.288247e-001 -1.036329e+000 -1.992146e+000 -1.137392e+000 -1.166127e-001 2.269506e-001 4.240932e-001 6.190473e-002 1.139138e+000 1.219270e+000 -3.191153e-004 9.480727e-001 2.494692e+000 2.192406e+000 1.009793e+000 4.258933e-001 9.095995e-003 2.178027e-001 -4.631624e-001 -1.276741e+000 -2.501578e-001 3.100314e-001 4.516082e-001 
3.294739e-002 1.616952e+001 -1.103567e+001 8.558218e-001 -3.940119e+000 -4.410806e+000 -1.052230e+000 -1.725626e+000 1.667047e+000 -1.586032e+000 -2.654586e+000 -1.302667e+000 -7.723952e-001 -9.714256e-001 -1.237461e+000 -2.071166e+000 -1.391255e+000 -7.576314e-001 -2.734733e-001 9.748421e-002 5.634185e-002 9.122028e-001 1.215209e+000 6.689733e-001 9.479688e-001 1.292331e+000 2.072697e+000 1.687486e+000 1.008886e+000 2.860549e-001 -1.100362e-001 -7.892709e-001 -1.320807e+000 -4.558468e-001 1.066573e-001 3.487748e-001 
