1.254715e+001 9.513169e+000 -4.517209e+000 2.124206e+000 -2.536299e+000 2.718561e+000 -7.708070e-001 -5.999837e-001 -6.866752e-001 -3.225598e+000 -2.760140e+000 2.555207e+000 6.865301e-001 4.458083e-001 -1.535375e+000 2.709887e-001 -1.390082e+000 -1.627340e+000 1.029238e+000 -2.064036e-001 -2.246802e+000 7.338158e-001 1.831881e-001 -4.414321e-001 
8.950745e+000 1.070703e+001 -3.928793e+000 1.925178e+000 -2.459108e+000 2.535581e+000 -5.702416e-001 -3.389756e-001 -1.370588e+000 -3.457871e+000 -3.177623e+000 2.291001e+000 1.882267e-001 9.352648e-001 -1.844539e+000 7.174656e-001 -1.174330e+000 -8.272089e-001 1.334973e+000 -1.893400e-001 -2.213750e+000 -9.861057e-002 1.022428e-001 -5.156466e-001 
7.001492e+000 1.144960e+001 -3.443007e+000 2.380582e+000 -2.065371e+000 2.193961e+000 -9.976902e-001 1.132625e-001 -2.201724e+000 -3.168019e+000 -3.410359e+000 2.463458e+000 2.312511e-001 9.735218e-001 -1.257813e+000 3.694918e-001 -8.220208e-001 -1.257077e+000 1.021065e+000 3.960637e-002 -2.070742e+000 4.743741e-003 1.671166e-001 -1.016404e-001 
5.043028e+000 1.164474e+001 -3.453792e+000 2.737738e+000 -1.455157e+000 2.936885e+000 -1.550937e+000 -1.791278e-001 -1.655005e+000 -3.401898e+000 -3.408727e+000 1.751118e+000 7.865296e-001 6.616675e-001 -6.278587e-001 -1.169166e-001 -1.211652e+000 -1.093173e+000 1.660835e+000 2.657400e-001 -2.285966e+000 -3.024737e-001 3.485079e-002 -6.888773e-002 
5.137727e+000 1.044392e+001 -9.614271e-001 3.332136e+000 -1.065063e-001 3.039177e+000 -3.072265e+000 6.127291e-001 -2.113271e+000 -1.831304e+000 -2.563082e+000 1.335346e+000 1.150970e+000 8.603747e-001 -6.761089e-001 1.674078e-001 -2.512087e+000 -9.622116e-001 5.944998e-001 3.560772e-001 -1.946786e+000 1.440589e-001 5.692899e-001 -2.735211e-001 
6.297626e+000 9.013167e+000 1.424253e-001 3.441500e+000 -3.568422e-001 4.531732e+000 -3.186552e+000 1.908208e+000 -2.185517e+000 -6.587264e-001 -1.756306e+000 4.693335e-001 1.692184e+000 8.879514e-001 -1.106316e+000 -1.718720e-001 -2.476124e+000 -5.146957e-001 -1.607709e-001 9.134235e-001 -1.788592e+000 -4.663798e-001 5.823504e-001 -8.379798e-002 
5.027449e+000 6.466084e+000 -8.558623e-002 3.562126e+000 -1.407312e+000 5.410089e+000 -2.763293e+000 1.618272e+000 -2.036493e+000 8.404590e-001 -1.081827e+000 7.031219e-001 1.582172e+000 5.140973e-001 -1.299929e+000 -4.001054e-001 -2.010977e+000 1.949421e-001 -5.877131e-001 1.232377e+000 -1.469384e+000 -9.588768e-001 -7.300963e-002 2.370688e-001 
5.895866e+000 4.701817e+000 7.529865e-001 3.353169e+000 -1.805987e+000 4.807127e+000 -3.111766e+000 1.646196e+000 -2.757921e+000 4.609645e-001 -1.534395e+000 9.668637e-001 1.494471e+000 2.241046e+000 -8.964533e-001 4.487209e-001 -1.640933e+000 -8.817296e-002 -9.922799e-001 8.836896e-001 -1.283932e+000 -4.304408e-001 1.415773e-001 3.385811e-001 
6.561367e+000 2.498484e+000 -5.515975e-002 3.196971e+000 -2.697668e+000 4.204079e+000 -3.229923e+000 1.793807e+000 -3.048741e+000 2.238762e+000 -1.344596e+000 1.415825e+000 1.053590e+000 2.767145e+000 -1.115901e+000 3.171910e-001 -1.922541e+000 -6.302196e-001 -1.493514e+000 7.981365e-001 -1.113509e+000 -5.029869e-001 -1.591600e-001 5.164411e-001 
7.613155e+000 2.286642e+000 -1.526717e+000 3.331056e+000 -3.697884e+000 2.316242e+000 -4.024267e+000 4.316804e-001 -3.498306e+000 1.657084e+000 -1.395828e+000 1.595401e+000 1.604542e+000 2.450836e+000 -1.002762e+000 3.827008e-001 -1.405401e+000 -5.313424e-002 -5.548440e-001 8.318357e-001 -1.010325e+000 -6.397003e-001 -3.769569e-002 7.321044e-001 
8.504349e+000 3.082201e-001 -2.365864e+000 5.018811e+000 -3.429940e+000 3.228861e+000 -2.696909e+000 8.304922e-001 -4.144761e+000 1.246633e+000 -2.032678e+000 1.060625e+000 1.350884e+000 2.629806e+000 -2.331279e+000 -4.351748e-001 -2.071333e+000 1.251142e-001 -1.111493e+000 1.075596e+000 -7.042362e-001 -4.735808e-001 -1.927238e-002 1.035874e+000 
9.646531e+000 -6.245597e-001 -3.422470e+000 3.558415e+000 -3.975378e+000 2.952291e+000 -3.009828e+000 4.761675e-001 -4.350491e+000 8.114482e-001 -2.132928e+000 1.067230e+000 1.245569e+000 3.659242e+000 -1.993400e+000 -1.298268e-001 -2.457752e+000 2.942676e-001 -1.362933e+000 8.547465e-001 -1.027697e+000 -7.871954e-001 2.013440e-001 1.369420e+000 
9.150857e+000 1.598471e+000 -2.661042e+000 5.444311e+000 -3.591950e+000 3.504345e+000 -2.587442e+000 6.268098e-001 -3.545150e+000 9.158806e-001 -1.567482e+000 7.963415e-001 1.316584e+000 1.729054e+000 -1.480283e+000 2.889400e-001 -2.230446e+000 -1.284199e-001 -6.137522e-001 8.280480e-001 -1.070295e+000 -6.046834e-001 -1.480572e-001 7.771025e-001 
7.489999e+000 4.547100e-001 -3.127569e+000 4.511114e+000 -3.025953e+000 3.506530e+000 -2.275912e+000 1.010565e+000 -4.615709e+000 9.292280e-001 -2.130361e+000 3.625612e-001 9.358971e-001 2.027837e+000 -1.170235e+000 4.303960e-001 -2.087790e+000 -9.236326e-003 -1.237968e+000 5.392900e-001 -7.404780e-001 -1.067803e-001 1.573123e-001 4.731421e-001 
6.809428e+000 4.540286e+000 -1.289248e+000 4.176414e+000 -2.152131e+000 3.196087e+000 -1.727859e+000 1.797310e+000 -3.142633e+000 -9.835099e-002 -2.159906e+000 6.372404e-001 1.068696e+000 2.228072e+000 -7.122332e-001 9.663700e-002 -2.002022e+000 -6.235584e-001 -1.382222e+000 1.009080e-001 -7.965018e-001 -2.406542e-001 1.322835e-001 7.108453e-001 
8.838662e+000 9.870957e+000 -1.547068e+000 3.148282e+000 1.190129e+000 2.109247e+000 -3.110107e+000 -1.070704e+000 -1.808432e+000 -2.768427e-001 -2.129855e+000 -3.093341e-002 3.794953e-001 1.518178e+000 -7.489421e-001 1.919607e-003 -1.206871e+000 -4.827286e-001 -6.682219e-002 6.553651e-001 -6.235335e-001 -3.171110e-001 1.749919e-001 3.708113e-001 
1.073420e+001 1.342806e+001 -4.600185e+000 4.095810e+000 6.079751e-001 1.393838e+000 -3.459256e+000 -1.562297e+000 -1.670856e+000 5.059317e-002 -3.257090e+000 1.155498e-001 9.126708e-001 1.220235e+000 -9.274599e-001 6.493133e-002 -4.955442e-001 -6.650926e-001 4.067506e-001 6.191497e-001 -5.650220e-001 -5.416451e-001 1.188114e-001 8.023950e-001 
1.295514e+001 1.363979e+001 -5.656406e+000 2.385736e+000 9.063431e-001 -4.870066e-003 -2.860973e+000 -6.377027e-001 -1.050538e+000 -1.815931e+000 -2.856830e+000 1.432068e-001 1.211433e+000 1.441756e+000 -8.873813e-001 -8.477374e-001 1.261574e-002 -1.132451e+000 9.376618e-001 3.832061e-001 -6.545777e-001 -4.276341e-001 7.940000e-001 2.704429e-001 
1.531130e+001 9.617116e+000 -3.331231e+000 1.170445e+000 3.757550e-001 1.470972e+000 -1.635904e+000 -7.206457e-001 2.305122e-001 -2.978661e+000 -1.750376e+000 1.880830e+000 1.654862e+000 7.083540e-001 -5.946364e-001 2.209111e-001 -8.693475e-002 -1.180264e+000 1.053708e+000 1.029037e-001 -1.162306e+000 2.109821e-001 4.455815e-001 -2.580451e-001 
1.189108e+001 1.035403e+001 -5.421915e+000 3.158856e+000 -3.250615e+000 2.954813e+000 -1.247889e+000 6.988134e-002 -1.531009e+000 -2.952453e+000 -2.893103e+000 2.718000e+000 5.097063e-001 9.610335e-001 -1.847449e+000 3.921404e-001 -1.466465e+000 -1.436684e+000 6.161575e-001 -7.823044e-002 -2.194096e+000 8.076976e-001 1.222386e-001 -3.084545e-001 
8.845493e+000 1.157253e+001 -4.480928e+000 2.338821e+000 -3.142296e+000 2.712514e+000 -1.211557e+000 -1.010827e+000 -1.207985e+000 -3.409685e+000 -3.104882e+000 2.387623e+000 5.951141e-001 8.294783e-001 -1.666784e+000 3.410528e-001 -1.083885e+000 -1.449910e+000 1.470012e+000 -3.129437e-001 -1.949063e+000 -8.361344e-002 5.626093e-001 -4.945306e-001 
7.661936e+000 1.153637e+001 -3.050979e+000 2.480315e+000 -1.427290e+000 2.023912e+000 -9.368692e-001 3.610640e-001 -2.299092e+000 -2.630531e+000 -3.290766e+000 2.313935e+000 5.016052e-001 9.489494e-001 -1.203990e+000 1.963719e-001 -6.205357e-001 -1.327205e+000 1.117058e+000 -1.107350e-001 -1.819887e+000 -1.099091e-001 1.461592e-001 -1.284408e-001 
5.392361e+000 1.091619e+001 -2.232808e+000 2.655827e+000 -1.441518e+000 2.294848e+000 -1.300090e+000 -5.771520e-002 -1.367593e+000 -3.487263e+000 -3.253568e+000 1.995669e+000 9.396856e-001 1.365330e-001 -5.394769e-001 4.065647e-002 -9.705304e-001 -1.639139e+000 1.419048e+000 1.106824e-001 -1.966891e+000 -1.584136e-001 3.047160e-001 -1.486366e-001 
5.034666e+000 1.020153e+001 -5.789562e-001 3.104504e+000 -4.106471e-001 2.901774e+000 -2.313107e+000 8.962336e-001 -1.709317e+000 -2.089604e+000 -2.687153e+000 1.534705e+000 8.887627e-001 5.193193e-001 -5.237629e-001 1.146366e-001 -2.363298e+000 -1.194758e+000 6.477070e-001 3.951505e-001 -1.750671e+000 2.440467e-001 4.132697e-001 -3.241832e-001 
5.824551e+000 8.047667e+000 4.885648e-001 3.348981e+000 -1.648030e-001 4.823219e+000 -2.275848e+000 2.294795e+000 -2.576244e+000 -9.909522e-001 -2.419651e+000 2.874625e-001 1.776705e+000 9.020520e-001 -8.129698e-001 -4.937905e-002 -2.317084e+000 -2.501368e-001 -9.541407e-001 6.448600e-001 -1.704402e+000 -1.372135e-001 1.213281e+000 3.451004e-002 
5.830550e+000 6.346781e+000 3.511733e-001 3.431742e+000 -1.428305e+000 4.640500e+000 -2.877958e+000 2.089126e+000 -1.994687e+000 7.811589e-001 -1.828409e+000 1.211467e+000 1.446035e+000 1.251883e+000 -1.098405e+000 1.707316e-001 -1.987778e+000 -3.560390e-001 -1.388670e+000 1.002547e+000 -1.174126e+000 -5.459158e-001 2.446474e-001 4.471127e-001 
5.453297e+000 4.012982e+000 4.553710e-001 3.120905e+000 -1.386545e+000 4.834340e+000 -3.233582e+000 2.026125e+000 -2.573279e+000 1.191057e+000 -1.580238e+000 1.174292e+000 1.294904e+000 2.197675e+000 -9.524319e-001 7.263073e-001 -1.769676e+000 -1.580271e-001 -1.151605e+000 3.925700e-001 -1.398106e+000 -3.521113e-001 3.122402e-001 9.127545e-001 
7.443268e+000 1.981697e+000 -2.966794e-001 2.479603e+000 -2.919013e+000 3.975526e+000 -3.187175e+000 2.327156e+000 -3.507508e+000 1.659253e+000 -1.871476e+000 1.319503e+000 1.287947e+000 2.744788e+000 -1.602524e+000 5.905234e-001 -1.706612e+000 -7.135671e-002 -1.177724e+000 8.688575e-001 -1.154948e+000 -5.658506e-001 7.804938e-003 1.104903e+000 
8.488048e+000 2.177857e+000 -9.226889e-001 4.229700e+000 -3.341455e+000 2.568040e+000 -3.831892e+000 4.920939e-001 -4.312869e+000 1.410684e+000 -1.887034e+000 1.693989e+000 1.058831e+000 2.985501e+000 -1.758977e+000 1.674584e-001 -1.479246e+000 3.894973e-001 -5.196873e-001 1.468845e+000 -7.811421e-001 -8.088085e-001 3.972829e-002 9.298696e-001 
9.868888e+000 7.447739e-001 -2.102704e+000 4.677384e+000 -3.672775e+000 2.523864e+000 -2.278126e+000 1.029092e+000 -3.985843e+000 7.416942e-001 -2.519465e+000 7.822129e-001 1.394542e+000 3.065608e+000 -2.665035e+000 -1.460709e-001 -1.570576e+000 5.586960e-001 -7.856331e-001 6.289479e-001 -5.622748e-001 -4.427258e-001 -2.745858e-001 1.160768e+000 
8.855475e+000 -4.199989e-001 -3.593074e+000 3.206691e+000 -5.917113e+000 2.006943e+000 -3.303544e+000 1.425399e+000 -4.044538e+000 2.599304e-001 -2.597747e+000 9.062135e-001 1.470256e+000 2.999733e+000 -2.142863e+000 6.572369e-002 -1.537765e+000 9.838342e-001 -6.317722e-001 9.672174e-001 -8.628113e-001 -3.840832e-001 4.218187e-001 1.461854e+000 
8.733225e+000 4.654315e-001 -2.678912e+000 4.963875e+000 -3.836548e+000 2.918718e+000 -2.440779e+000 9.845206e-001 -3.319489e+000 8.405822e-001 -2.341715e+000 3.448431e-001 1.074043e+000 2.037525e+000 -7.016407e-001 7.586325e-001 -1.913949e+000 -6.325465e-001 -9.493057e-001 4.648462e-001 -9.750177e-001 -6.325514e-001 -3.104119e-001 6.157719e-001 
8.101673e+000 1.518329e+000 -3.617364e+000 3.777720e+000 -4.028199e+000 2.750797e+000 -2.855381e+000 9.800954e-001 -4.119535e+000 1.528430e+000 -1.369920e+000 1.191930e+000 1.330977e+000 2.066137e+000 -1.499510e+000 -2.609937e-002 -2.454163e+000 -5.261180e-001 -1.540076e+000 4.676632e-001 -9.583903e-001 -2.577472e-001 -2.695472e-001 2.927310e-001 
7.444823e+000 4.986268e+000 -1.583848e+000 3.991271e+000 -1.266943e+000 2.742927e+000 -2.962348e+000 1.242409e+000 -3.192170e+000 8.242873e-001 -1.543584e+000 1.972215e+000 1.212009e+000 2.171357e+000 -1.438333e+000 1.157758e-002 -2.452302e+000 -1.016477e+000 -1.638206e+000 5.598708e-001 -7.502676e-001 -1.302883e-001 3.237445e-001 1.215071e+000 
9.391316e+000 1.038413e+001 -2.549437e+000 2.339195e+000 1.110771e+000 2.512209e+000 -2.793165e+000 -9.374258e-001 -1.952072e+000 -9.542296e-001 -2.417051e+000 8.336735e-001 9.770948e-001 1.722922e+000 -1.032514e+000 -6.159458e-001 -1.153826e+000 -6.419580e-001 1.395221e-001 8.548488e-001 -8.456109e-001 -2.265527e-001 4.162596e-001 6.496313e-001 
1.095547e+001 1.376993e+001 -4.882924e+000 3.294790e+000 6.563111e-001 1.037164e+000 -3.278237e+000 -1.479793e+000 -1.651938e+000 -4.406596e-001 -3.105459e+000 3.947368e-001 9.854888e-001 1.448965e+000 -1.094870e+000 -8.037461e-002 -5.380159e-001 -5.145381e-001 3.483080e-001 7.317329e-001 -6.065793e-001 -4.697850e-001 3.867088e-001 8.293958e-001 
