2.643381e+000 1.836892e+001 -7.599717e+000 1.179523e+000 -1.358195e+000 1.835169e+000 -4.122133e+000 -6.995859e-001 1.978746e+000 -1.906325e+000 -9.490105e-001 -4.630079e-001 -3.043458e+000 -1.443583e+000 1.938283e+000 5.276151e-001 -6.814179e-002 -3.211953e+000 -1.627523e+000 -1.152704e+000 -1.961009e+000 -1.925168e+000 -9.956676e-001 -9.099112e-001 1.849139e-001 -6.652564e-001 -5.794591e-001 -1.113657e-002 -2.412607e-001 1.069499e+000 6.153685e-001 1.065304e+000 -3.846879e-001 -8.934081e-001 7.937893e-002 7.469387e-001 
2.814002e+000 1.855570e+001 -6.666181e+000 1.474948e+000 -2.231846e+000 1.174959e+000 -4.568826e+000 -7.519847e-001 1.258723e+000 -3.018065e+000 -2.612500e+000 -1.673295e+000 -3.403958e+000 -1.892771e+000 1.425108e+000 -4.214088e-001 -7.817369e-001 -2.595773e+000 -7.183659e-001 -2.832477e-002 -1.167613e+000 -1.377711e+000 -2.515390e-001 -3.073660e-001 8.950510e-001 -1.236074e-001 -1.446006e+000 -7.867851e-001 -5.728206e-001 9.348115e-001 4.636635e-001 5.967638e-001 -1.350829e-001 -4.520005e-001 -9.877430e-002 7.438085e-001 
1.745254e+000 1.834118e+001 -8.641655e+000 9.312651e-001 -3.333770e+000 2.085532e-001 -5.512318e+000 -2.102035e+000 1.334201e+000 -3.108998e+000 -2.284766e+000 -2.371504e+000 -3.244714e+000 -2.291408e+000 1.319952e+000 8.994333e-002 -6.084746e-001 -2.823403e+000 -8.732800e-001 -1.972783e-001 -3.596707e-001 -5.626001e-001 -5.587590e-001 -8.531662e-001 9.731029e-002 -4.596933e-002 -6.668388e-001 -5.309969e-001 -4.003178e-001 7.840677e-001 3.501234e-001 3.427495e-001 1.320217e-002 -3.922608e-001 -9.300855e-001 4.768987e-001 
1.474790e+000 1.928439e+001 -8.138776e+000 1.248238e+000 -2.848468e+000 -1.076849e-001 -5.972617e+000 -1.828469e+000 1.294113e+000 -4.743440e+000 -2.623430e+000 -2.520164e+000 -2.678849e+000 -1.547009e+000 9.166927e-001 9.008588e-002 -1.925676e+000 -2.825307e+000 -1.001331e+000 1.081016e-001 -8.275916e-001 -1.507325e+000 -6.733033e-001 -1.167556e+000 7.736732e-001 -5.981030e-001 -5.501783e-001 -2.805020e-001 -6.531144e-001 8.115692e-001 -4.430284e-001 6.865286e-001 -2.222342e-001 -1.450799e-001 -3.677510e-001 8.396871e-001 
2.790859e+000 1.582402e+001 -6.111373e+000 2.102624e+000 -3.182678e+000 1.847367e+000 -5.532040e+000 -1.569720e+000 -1.936423e-001 -3.106490e+000 -2.114194e+000 -2.828430e+000 -2.959680e+000 -3.146338e+000 7.053658e-001 -2.406088e-001 -1.965703e+000 -2.674042e+000 -5.452494e-001 -4.047766e-001 -1.653915e+000 -1.791496e+000 -1.000197e+000 -8.641049e-001 -1.739594e-001 5.955838e-002 -5.052390e-002 2.508234e-002 5.072310e-002 4.626621e-001 -3.337832e-001 2.640335e-001 -4.128435e-001 -4.837356e-001 -5.419012e-001 2.401741e-002 
7.286281e+000 1.235429e+001 -6.129468e+000 5.299393e+000 -5.564288e+000 3.730912e+000 -6.639443e+000 -2.063507e+000 -5.433090e-002 -1.885237e+000 -2.499322e-001 -2.317492e+000 -3.453422e-001 -2.191845e+000 2.013680e+000 -2.936855e-001 -1.397810e+000 -1.025376e+000 2.870261e-001 1.651988e-001 -1.493036e+000 -5.120005e-001 3.758471e-001 7.815887e-001 6.607473e-001 2.999117e-001 -3.960574e-001 1.145846e-001 7.101071e-001 2.376154e-001 6.624359e-001 1.251573e+000 8.154207e-002 -1.608523e-002 -4.254926e-001 -3.346096e-001 
9.232558e+000 1.905789e+001 -4.955611e+000 5.127566e+000 -4.118566e+000 7.030677e-001 -8.210859e+000 -1.912734e+000 1.929378e+000 -3.322215e+000 5.770064e-001 -2.275691e+000 -9.509038e-001 -2.167339e+000 4.879409e-001 -4.583648e-001 -1.965760e+000 -1.049007e+000 -1.179594e-001 2.887789e-001 -1.753161e+000 -9.232530e-001 -8.464156e-001 -1.909491e-001 1.697414e-001 -2.555544e-001 -7.526757e-001 -9.037528e-001 2.218564e-001 2.616458e-001 1.567935e-001 2.664550e-001 3.514677e-001 9.778019e-002 2.730557e-001 4.127979e-001 
1.276993e+001 1.724977e+001 -4.255156e+000 1.095930e+000 -4.080209e+000 -1.150325e+000 -9.704081e+000 -9.361265e-001 2.782144e+000 -3.805810e+000 9.963661e-001 -2.402638e+000 -8.612580e-001 2.415013e-002 -7.275852e-001 -3.675656e-001 -1.316898e+000 -1.299050e+000 -1.872724e+000 -7.093866e-001 -1.941139e+000 -1.086342e+000 -1.491730e-001 -1.913939e-001 3.696601e-001 -1.124459e+000 -4.135250e-001 -1.300268e+000 -1.126823e+000 2.218171e-001 1.703995e-001 1.774158e-001 -5.575154e-002 4.609589e-001 1.292254e-001 6.514720e-001 
1.641629e+001 1.949892e+001 -6.098736e+000 1.906448e+000 -4.959975e+000 -9.391466e-001 -9.891678e+000 4.902412e-001 3.277086e+000 -3.391727e+000 -7.266068e-001 -3.181964e+000 -9.058363e-001 -1.139250e+000 4.078474e-001 -1.149518e+000 -1.620655e+000 -1.247005e+000 -2.237847e+000 -1.368680e+000 -1.859744e+000 -1.150596e+000 -7.591917e-001 9.146693e-001 -7.319209e-003 -5.066316e-001 2.511749e-001 -1.355967e+000 -1.161201e+000 6.877316e-003 8.259757e-002 -2.085351e-001 3.478652e-001 -2.879744e-001 2.753507e-001 1.096753e+000 
1.917670e+001 1.800944e+001 -6.406677e+000 -3.388742e-001 -4.119291e+000 -1.107294e+000 -8.172851e+000 6.098070e-001 2.853752e+000 -3.686909e+000 -4.226872e-001 -3.265747e+000 -2.298859e+000 -4.700505e-001 5.288217e-001 -7.926228e-001 -9.576424e-001 -5.660073e-001 -1.944382e+000 5.013274e-001 3.708122e-001 -1.481192e+000 -1.433148e+000 -2.231321e-001 -9.218926e-001 -1.549437e+000 -5.972335e-001 -1.059887e+000 -2.390977e-001 4.266246e-001 -1.934294e-001 -5.698523e-001 -4.193033e-001 -1.228982e-001 2.044041e-001 7.383557e-001 
2.083833e+001 1.843121e+001 -8.287701e+000 7.906456e-001 -4.566238e+000 -3.705514e-001 -7.194716e+000 1.542561e+000 2.830498e+000 -4.026820e+000 -3.943457e-001 -3.823743e+000 -1.989163e+000 -9.365415e-001 -8.079259e-001 -1.533258e+000 -5.136206e-001 -2.344050e-002 -2.619732e+000 5.242344e-001 8.104536e-001 -1.321563e+000 -1.370874e+000 -6.321481e-001 -1.881629e+000 -2.246875e+000 -1.109820e-001 -7.749861e-001 1.597403e-001 1.105235e+000 -3.954337e-003 -2.394576e-001 -4.183333e-001 -3.049232e-001 1.939269e-001 7.456945e-001 
2.196599e+001 2.027972e+001 -9.632757e+000 1.622143e+000 -4.820949e+000 8.504004e-001 -7.132932e+000 1.632364e+000 1.956571e+000 -3.947462e+000 -6.219718e-001 -3.869716e+000 -1.137954e+000 -5.878957e-001 -9.018197e-001 -2.617495e+000 2.617874e-002 -5.823035e-001 -1.786435e+000 1.095294e+000 4.507642e-001 -1.541550e+000 -1.829586e+000 2.672620e-001 -2.489302e+000 -2.121784e+000 -1.654387e-001 -4.815429e-001 3.681744e-001 5.327298e-001 2.606940e-001 -2.387658e-001 3.380791e-001 -3.245836e-001 2.978866e-001 -8.367238e-002 
2.193103e+001 1.958021e+001 -9.968006e+000 1.497305e-001 -4.387485e+000 1.180212e+000 -6.416034e+000 1.158464e+000 1.151482e+000 -4.081012e+000 -6.068925e-001 -4.300784e+000 -1.013251e+000 -2.156002e-001 -2.211047e+000 -1.919300e+000 -1.113576e-001 -1.476336e+000 -6.153028e-001 1.143328e+000 9.405368e-002 -1.345591e+000 -2.329650e+000 -3.563092e-002 -2.362301e+000 -2.189639e+000 1.295943e-001 -4.521183e-001 5.341752e-002 9.117731e-002 1.036844e-001 -1.036230e-001 1.410115e-001 -2.298900e-001 -1.873876e-001 -4.423260e-001 
2.118090e+001 2.006896e+001 -1.005504e+001 5.255229e-001 -4.627604e+000 4.969351e-001 -5.269442e+000 1.099871e-001 1.283498e+000 -4.517199e+000 -9.359960e-001 -3.528184e+000 -6.372124e-001 -7.547014e-002 -2.286757e+000 -9.578088e-001 -1.087467e+000 -1.580729e+000 2.275841e-001 1.172440e+000 1.408691e-001 -1.686021e+000 -2.646224e+000 -6.021868e-001 -1.734456e+000 -1.686144e+000 1.320448e-001 -6.333532e-001 3.746660e-001 1.425685e-001 -2.002159e-001 4.152040e-001 3.858311e-001 2.940409e-001 -5.509163e-001 -3.513123e-001 
2.137554e+001 1.792017e+001 -9.157259e+000 -6.335878e-001 -5.036982e+000 -5.916846e-001 -4.355361e+000 -4.306264e-001 6.535769e-001 -4.689393e+000 -1.543659e+000 -3.297718e+000 -7.723657e-001 -6.596223e-001 -2.217053e+000 -5.312491e-001 -1.930615e+000 -1.168383e+000 2.685856e-001 7.961097e-001 5.183874e-001 -2.176053e+000 -3.065219e+000 -7.937768e-001 -1.627535e+000 -1.839700e+000 3.551163e-001 -7.229820e-001 4.324523e-002 -2.640197e-001 -5.205376e-001 8.397918e-001 -1.164852e-001 3.636810e-001 -4.361844e-001 -1.085519e+000 
2.026636e+001 1.845338e+001 -9.916087e+000 -1.989897e-001 -4.727126e+000 1.430529e-001 -2.957185e+000 7.315390e-002 4.141783e-001 -4.236042e+000 -1.406953e+000 -3.379488e+000 -5.311627e-001 -1.466070e+000 -1.789281e+000 -8.077004e-001 -2.132573e+000 -8.007783e-002 -3.354208e-001 9.774766e-001 7.551986e-001 -2.427289e+000 -3.057850e+000 -1.094201e+000 -1.253344e+000 -1.903193e+000 4.714510e-001 -2.646472e-001 -2.851771e-002 -2.299189e-001 -1.444577e-001 9.555767e-001 -8.772168e-002 4.570963e-001 -6.779199e-001 -8.983643e-001 
1.847734e+001 1.540616e+001 -4.303485e+000 -2.064681e+000 -9.906489e-001 -2.105269e-001 -5.679493e-001 7.410218e-001 8.165729e-001 -2.295409e+000 -1.408311e+000 -8.209059e-001 -4.843800e-001 2.190940e-001 -4.418579e-001 -8.164634e-001 -5.774295e-001 4.449010e-001 6.646471e-001 7.413835e-001 9.059864e-001 -1.241395e+000 -1.530399e+000 -2.007603e-001 -7.443383e-001 -9.953406e-001 -1.356429e-001 2.697279e-001 -4.423548e-001 -7.138891e-001 2.628747e-001 1.992952e-001 9.828516e-003 2.334534e-001 -1.446094e-001 5.450555e-002 
3.832575e+000 1.781865e+001 -6.928161e+000 5.134652e-001 -1.395644e+000 8.498983e-001 -4.616546e+000 -1.569254e+000 1.764706e+000 -2.847686e+000 -1.838287e+000 -3.138473e-001 -2.850707e+000 -1.347849e+000 1.180619e+000 3.443009e-002 -1.123404e+000 -2.526644e+000 -3.401431e-001 -3.036867e-001 -1.272838e+000 -8.226720e-001 -5.600940e-001 5.439138e-002 9.308319e-001 -4.899730e-001 -1.154697e+000 -7.870365e-001 -6.311619e-001 8.006692e-001 6.556972e-001 7.851207e-001 2.238930e-002 -4.413860e-001 -1.536481e-001 5.384346e-001 
3.011306e+000 1.868120e+001 -6.597755e+000 1.624632e+000 -3.061547e+000 8.019055e-001 -5.013280e+000 -1.772999e+000 1.034014e+000 -2.739749e+000 -2.169114e+000 -1.298311e+000 -2.203806e+000 -1.301547e+000 1.423503e+000 -4.673750e-001 -5.677046e-001 -2.473346e+000 -8.863580e-001 -2.466280e-001 -9.953386e-001 -8.978529e-001 3.553460e-002 5.971557e-002 9.619566e-001 2.322227e-001 -7.085217e-001 -3.612571e-001 -5.005595e-001 7.976573e-001 1.614869e-001 7.644502e-001 6.611638e-001 2.501508e-001 -4.443819e-001 4.268812e-001 
1.909463e+000 1.856840e+001 -8.521316e+000 1.616648e+000 -3.380500e+000 7.899212e-001 -5.387513e+000 -2.691515e+000 8.860614e-001 -3.580472e+000 -1.889311e+000 -2.250961e+000 -2.565146e+000 -2.015122e+000 -3.263747e-001 -1.443773e+000 -1.452861e+000 -2.646323e+000 -2.850727e-001 -3.141499e-001 -1.717880e+000 -1.730865e+000 -8.131976e-001 1.661772e-001 8.094929e-001 -5.022155e-001 -9.695920e-001 -7.501057e-001 -3.394639e-001 7.384037e-001 -1.114677e-001 2.083821e-001 2.312901e-001 -2.785772e-002 -4.525757e-001 5.738673e-001 
1.175049e+000 1.619778e+001 -7.394952e+000 5.593198e-002 -2.246248e+000 2.629351e-001 -5.779668e+000 -2.916099e+000 7.878421e-001 -3.272244e+000 -6.497498e-001 -8.254872e-001 -2.598475e+000 -1.383143e+000 2.268258e-001 -4.219281e-001 -1.657302e+000 -1.728586e+000 -4.394859e-002 1.210893e-001 -7.948812e-001 -6.086440e-001 -5.802870e-001 -5.150462e-001 7.842547e-001 -7.880778e-001 1.540991e-001 4.077880e-001 -1.881756e-001 8.510991e-001 -2.941300e-001 5.657924e-001 2.854727e-001 1.248740e-002 5.476678e-001 1.126888e+000 
5.266009e+000 1.524940e+001 -6.732797e+000 3.237196e+000 -4.125192e+000 2.816395e+000 -6.003764e+000 -1.289532e+000 1.347178e-002 -2.940210e+000 -1.785433e+000 -2.334303e+000 -1.397448e+000 -3.391804e+000 2.250714e-001 -9.034028e-001 -1.934510e+000 -2.262943e+000 -2.212259e-001 6.834753e-002 -8.967113e-001 -1.093473e+000 -1.084034e+000 -7.807502e-001 -5.991583e-001 -2.423038e-001 -1.675526e-001 4.746138e-001 2.951705e-001 -2.542339e-001 -5.284452e-001 4.705234e-001 -3.783652e-001 8.949108e-002 2.473920e-001 4.556821e-001 
8.830795e+000 1.324542e+001 -4.245111e+000 4.330795e+000 -4.368444e+000 3.004009e+000 -5.584907e+000 -1.411434e+000 6.762160e-001 -2.993659e+000 -9.529295e-001 -1.286270e+000 2.251743e-002 -2.336062e+000 5.789984e-001 -1.544190e-001 -1.529915e+000 -1.470240e+000 -7.737111e-001 6.236881e-001 -8.548993e-001 -7.486385e-001 -7.413630e-001 -2.347130e-001 5.742705e-001 4.512427e-001 -2.674560e-001 -3.601540e-001 3.989246e-001 -1.794051e-002 2.784287e-001 1.860758e-001 -5.894397e-001 1.928384e-001 5.156122e-001 3.621932e-001 
9.124709e+000 1.955609e+001 -6.707091e+000 4.752256e+000 -5.472906e+000 2.666098e-001 -9.330042e+000 -1.866934e+000 2.137334e+000 -3.590293e+000 1.554778e+000 -2.244390e+000 -3.258687e-002 -1.922988e+000 3.740342e-001 -3.161094e-001 -1.115427e+000 -4.199254e-001 -2.081268e-001 1.130131e-001 -1.799575e+000 -2.991382e-001 -1.325153e+000 -8.481665e-001 -3.419060e-001 1.002843e-001 -3.426078e-001 -1.445104e+000 -5.238269e-001 1.134931e-001 5.345565e-001 3.435046e-002 5.941935e-001 9.217799e-002 4.250004e-001 5.892579e-001 
1.456300e+001 1.691904e+001 -3.431734e+000 5.224830e-001 -3.423365e+000 -1.531959e+000 -9.457642e+000 -7.521479e-001 2.282165e+000 -3.816432e+000 8.720107e-001 -2.015127e+000 -1.247434e+000 -4.469534e-001 -8.801633e-001 -4.048375e-001 -1.241201e+000 -1.106432e+000 -1.666607e+000 -1.004308e+000 -1.954078e+000 -1.186628e+000 -2.446349e-001 9.828270e-002 6.418519e-001 -9.221880e-001 -7.012952e-001 -1.399438e+000 -1.188726e+000 1.781922e-001 1.595942e-001 6.043669e-002 -6.836990e-002 2.283077e-001 8.207786e-002 5.963948e-001 
1.654215e+001 2.049340e+001 -7.966491e+000 2.036142e+000 -5.895779e+000 -1.253702e-001 -1.008138e+001 5.348527e-001 2.674933e+000 -3.453068e+000 -3.828732e-001 -3.335203e+000 -8.076720e-001 -1.307370e+000 1.108506e+000 -1.320964e+000 -1.299738e+000 -1.057177e+000 -2.282619e+000 -1.297317e+000 -1.748495e+000 -1.200929e+000 -1.286079e+000 8.481492e-001 -3.578197e-001 -7.166044e-001 1.071812e-001 -1.373001e+000 -1.001344e+000 3.499380e-002 1.881001e-001 -4.015252e-001 5.045899e-001 -3.314450e-001 5.005804e-001 1.133230e+000 
1.645451e+001 2.117596e+001 -9.155425e+000 2.758374e+000 -6.494958e+000 5.678485e-001 -9.415629e+000 1.782274e+000 3.467132e+000 -4.532366e+000 2.183468e-001 -4.066460e+000 -1.584476e+000 -1.723387e+000 9.864366e-001 -2.008882e+000 -4.329666e-001 -2.902340e-001 -2.642990e+000 4.190381e-001 3.256968e-001 -7.602324e-001 -1.557846e+000 2.479694e-001 -2.026283e+000 -1.446774e+000 -3.515506e-001 -8.141556e-001 1.145470e-001 4.136334e-001 3.034410e-002 -9.861562e-001 1.789298e-001 -5.145010e-001 2.687648e-001 7.650252e-001 
1.946743e+001 2.138604e+001 -1.097102e+001 3.160237e+000 -6.198350e+000 9.893929e-001 -8.003479e+000 2.042856e+000 2.608182e+000 -4.358162e+000 1.229968e-001 -4.553732e+000 -9.166959e-001 -1.232212e+000 6.614043e-003 -2.152449e+000 -6.191148e-002 1.394888e-002 -1.961666e+000 8.774408e-001 4.715776e-001 -1.044287e+000 -1.580127e+000 6.988048e-002 -2.193976e+000 -2.400120e+000 -2.667081e-001 -6.701368e-001 5.072524e-001 8.363780e-001 1.009442e-003 -6.415277e-001 2.169154e-001 -4.589429e-001 1.736656e-001 3.210253e-001 
2.035689e+001 2.193430e+001 -1.181246e+001 3.051272e+000 -6.082348e+000 1.905554e+000 -7.770186e+000 2.241152e+000 1.873013e+000 -4.368194e+000 -2.893341e-001 -4.737934e+000 -5.724354e-001 -1.522042e+000 -4.371880e-001 -3.541698e+000 5.081414e-001 -1.058807e+000 -1.415207e+000 1.181271e+000 -7.467765e-002 -1.156139e+000 -2.272360e+000 5.523877e-001 -3.044371e+000 -1.912097e+000 -2.571888e-001 -3.306852e-001 4.435017e-001 2.015579e-001 4.305995e-001 -3.185086e-001 6.381318e-001 -5.355401e-001 4.256115e-001 -3.775483e-001 
2.293081e+001 1.782544e+001 -8.295726e+000 -1.089946e+000 -3.209300e+000 -2.309224e-001 -5.607149e+000 5.930345e-001 1.518781e+000 -4.115676e+000 -9.989059e-001 -3.911342e+000 -1.267746e+000 1.958579e-001 -2.672127e+000 -1.501321e+000 -8.242869e-001 -1.490359e+000 -2.224030e-001 7.943044e-001 8.903737e-002 -1.583178e+000 -2.184887e+000 -4.129939e-001 -2.161737e+000 -2.250528e+000 1.713065e-001 -4.356818e-001 8.207556e-002 2.104250e-001 -1.765725e-001 2.548623e-001 3.001473e-001 7.761739e-002 -3.489995e-001 -3.330798e-001 
2.029124e+001 2.121127e+001 -1.141789e+001 1.809066e+000 -5.530806e+000 1.359211e+000 -5.514691e+000 6.024173e-001 1.441969e+000 -4.176397e+000 -8.295474e-001 -3.731659e+000 -1.684995e-001 -3.644501e-001 -1.855188e+000 -8.456030e-001 -9.388178e-001 -1.535970e+000 5.702936e-001 1.318347e+000 3.865769e-001 -1.493508e+000 -2.563314e+000 -5.074778e-001 -1.771371e+000 -1.713323e+000 2.818581e-001 -6.953315e-001 2.898309e-001 6.372745e-002 -3.548976e-001 6.618068e-001 2.324393e-001 4.579654e-001 -6.361282e-001 -4.682663e-001 
2.230893e+001 1.616109e+001 -7.629536e+000 -1.627439e+000 -3.952919e+000 -9.974602e-001 -3.370064e+000 -1.408171e-001 6.769341e-001 -4.365136e+000 -2.057798e+000 -3.055976e+000 -9.389755e-001 -5.302951e-001 -2.181666e+000 -7.372291e-001 -1.854479e+000 -6.181868e-001 7.589197e-001 4.186062e-001 5.541909e-001 -1.936662e+000 -3.045573e+000 -1.057658e+000 -1.756673e+000 -1.539243e+000 3.354673e-001 -4.468926e-001 1.829220e-001 -1.773314e-001 -3.926003e-001 8.446063e-001 3.069408e-002 3.712855e-002 -4.238008e-001 -1.037040e+000 
