-7.222041e+000 1.495515e+001 -4.398941e+000 -7.672581e-001 -1.109125e+000 2.295197e-001 -5.954680e+000 -3.834874e+000 -8.413827e-001 1.245647e+000 -2.071792e+000 5.290306e-001 9.344686e-001 -8.462918e-001 -1.217938e+000 -1.102795e+000 -7.433153e-001 -2.048543e+000 -2.747444e-001 1.503376e+000 1.629656e+000 -9.705863e-001 1.460500e-001 -6.015742e-001 -4.255379e-001 -1.736435e-001 5.373855e-003 -6.723723e-001 -1.605513e+000 -1.764858e-001 7.599648e-001 2.378838e-003 -9.318200e-001 -2.254630e-002 -5.599404e-001 -1.107608e+000 
2.771789e+000 8.382351e+000 -5.258145e+000 2.798877e+000 -4.313331e+000 5.711671e-001 -8.905647e+000 -1.762793e+000 -1.507400e+000 9.984330e-001 -1.729629e+000 1.112728e+000 -1.383379e+000 -7.656349e-001 -1.505754e+000 -7.288757e-001 -5.671643e-002 -8.358516e-001 -2.030212e-002 3.276964e-001 1.331929e+000 2.744148e-001 8.766813e-001 -2.290171e-001 9.469709e-001 -7.415055e-001 5.464479e-001 -6.250530e-001 -1.361922e-001 -6.112031e-001 8.776539e-001 1.375607e-001 -2.729313e-001 -7.217421e-001 -3.491886e-001 -3.250539e-001 
7.101619e+000 7.743681e+000 -3.755656e+000 4.462575e+000 -4.369382e+000 1.959492e+000 -9.394439e+000 -2.911016e+000 -6.833867e-001 6.635611e-002 -4.268832e+000 -4.142274e-001 -1.682466e+000 -1.584645e+000 -2.614534e+000 -4.338352e-001 -3.525911e-002 -1.421582e+000 -2.043625e-002 5.496334e-001 8.446937e-001 -3.438941e-001 1.171070e+000 6.077633e-002 9.298140e-001 7.288718e-002 1.116842e+000 -4.283468e-002 3.672639e-001 -5.732445e-001 6.297384e-001 -1.243336e-001 -8.484903e-001 -1.542638e-001 2.228262e-001 -1.726031e-001 
4.620006e+000 1.296492e+001 -2.030587e+000 3.956109e+000 -4.148911e+000 2.315708e+000 -1.120643e+001 -3.145462e+000 1.171920e+000 3.921528e-001 -4.027980e+000 -1.224124e+000 8.597670e-001 -1.715366e+000 -4.372323e+000 -6.537153e-001 -1.441207e-001 -2.164058e+000 -2.775547e-001 -1.447880e-001 7.217722e-002 -1.323952e+000 1.858820e+000 9.599154e-001 8.981585e-001 9.682029e-001 1.895202e+000 3.527352e-001 1.252528e-001 -3.018310e-001 -1.734455e-001 -5.993319e-001 -1.485704e+000 -1.449605e-002 1.872504e-002 5.388544e-001 
5.171033e+000 1.459910e+001 -2.764879e+000 6.436428e-001 -2.869486e+000 1.423901e+000 -1.276442e+001 -3.129795e+000 2.871411e+000 3.980499e-001 -4.863373e+000 -1.025070e+000 3.358625e+000 -2.815778e+000 -4.689508e+000 -6.072993e-001 -2.305439e-002 -1.587295e+000 2.482816e-001 -8.452611e-003 3.057186e-001 -1.472288e+000 -9.571490e-003 -1.821748e-001 1.267983e+000 1.670206e+000 1.160354e+000 1.475358e+000 -4.165340e-001 -1.023460e+000 1.008464e+000 3.706694e-001 -2.075876e+000 4.505922e-001 -9.902631e-001 6.045601e-001 
6.476096e+000 1.585571e+001 -3.680491e+000 -1.376169e+000 -1.363865e+000 -7.436845e-001 -1.310085e+001 -4.118404e+000 2.717587e+000 2.973075e-002 -5.802561e+000 -1.629220e-001 3.717661e+000 -4.265233e+000 -4.008746e+000 -1.271879e+000 -2.227439e-001 -8.909941e-001 -1.134257e+000 9.066070e-001 3.662627e-001 -2.561586e+000 9.682403e-001 3.175507e-001 5.543349e-001 1.974740e+000 1.384544e+000 1.446957e+000 -1.527020e-001 -2.030246e-002 7.841643e-001 -5.294963e-001 -1.990410e+000 8.982283e-001 -6.039290e-001 5.794310e-001 
8.125289e+000 1.817251e+001 -6.269600e+000 1.594974e+000 -2.435092e+000 -1.796104e+000 -1.217988e+001 -2.576453e+000 5.465046e-001 8.450503e-001 -5.541064e+000 5.417670e-001 4.124279e+000 -5.119068e+000 -2.840236e+000 -1.980724e+000 3.465292e-001 -1.095161e+000 -1.974073e+000 2.559092e-001 2.007770e-001 -2.712003e+000 1.305750e+000 -5.961659e-001 8.538688e-001 2.393204e+000 4.822561e-001 1.097050e+000 -6.935815e-001 3.242844e-001 1.233327e-001 -2.719326e-001 -1.887448e+000 4.514684e-001 -7.659669e-001 5.873089e-001 
1.032108e+001 1.645928e+001 -6.641201e+000 1.131649e+000 -3.036393e+000 -3.462986e+000 -1.118394e+001 -3.024933e+000 -3.244980e-001 2.307954e+000 -5.748298e+000 -1.450701e-001 4.296385e+000 -5.281337e+000 -2.900626e+000 -1.158057e+000 4.112588e-001 -8.198337e-001 -2.843724e+000 9.007744e-001 -3.647957e-001 -2.452355e+000 1.802723e+000 -7.420807e-001 9.150615e-001 2.254243e+000 4.560453e-001 1.330002e+000 -2.536554e-002 -2.543420e-001 6.461520e-001 -9.614738e-001 -1.268275e+000 2.902738e-001 -5.850296e-001 4.746800e-001 
1.274929e+001 1.520913e+001 -6.834844e+000 1.171187e+000 -4.145802e+000 -4.915624e+000 -9.482903e+000 -2.479009e+000 -8.955264e-001 2.503224e+000 -6.129777e+000 -4.053903e-001 3.409456e+000 -4.839076e+000 -2.954321e+000 4.897145e-002 -1.858514e-001 -1.026566e+000 -3.214092e+000 5.098652e-001 -1.805444e-001 -1.704246e+000 1.395694e+000 -1.126852e+000 1.909886e+000 1.131989e+000 4.112998e-001 1.263603e+000 2.223339e-001 -3.500136e-001 9.654695e-001 -9.381698e-001 -1.199514e+000 2.487774e-001 -6.243686e-001 -1.871029e-001 
1.295555e+001 1.330728e+001 -6.872430e+000 -8.515513e-001 -4.401850e+000 -5.937698e+000 -9.230851e+000 -2.562367e+000 1.079214e-001 2.866554e+000 -5.810348e+000 -1.238066e-001 3.733475e+000 -3.509060e+000 -2.285375e+000 1.196158e+000 -8.621635e-001 -5.178363e-001 -2.213808e+000 -1.207995e-001 -5.000978e-001 -1.426822e+000 9.688246e-001 -1.305265e+000 1.817679e+000 3.123400e-001 1.059518e+000 1.408229e+000 -1.434163e-001 2.015248e-001 1.380145e+000 -4.160255e-001 -8.170285e-001 1.222201e-001 -4.225401e-001 1.876597e-001 
1.432202e+001 1.340713e+001 -5.846674e+000 6.698140e-001 -4.633104e+000 -5.837869e+000 -7.843920e+000 -2.265675e+000 9.118537e-001 3.168376e+000 -7.132900e+000 6.754279e-001 2.489566e+000 -2.364702e+000 -2.586851e+000 5.232491e-001 -3.766134e-001 -7.912187e-001 -3.447307e+000 -1.698334e-002 3.429253e-002 -2.191700e+000 1.759540e+000 -1.854937e+000 1.017551e+000 6.276110e-001 1.138111e+000 1.274552e+000 6.022247e-003 -8.448398e-001 1.289865e+000 -4.202806e-001 -3.375147e-001 3.369561e-001 -1.295633e+000 -4.269421e-003 
1.552250e+001 1.267956e+001 -5.707571e+000 -6.024599e-001 -4.090238e+000 -6.381514e+000 -6.974635e+000 -2.743851e+000 1.150130e+000 2.879651e+000 -7.313819e+000 -5.748044e-001 2.748181e+000 -2.446437e+000 -2.645936e+000 -3.016452e-001 4.942468e-001 -1.186750e+000 -3.013885e+000 3.553226e-001 -3.067491e-002 -1.315158e+000 1.831884e+000 -2.774851e-001 9.712563e-001 6.197575e-001 1.173238e+000 1.560670e+000 -6.345257e-001 -4.159177e-001 1.195184e+000 -8.586290e-001 -1.150543e+000 -5.633412e-001 -5.953497e-001 -4.048777e-002 
1.457696e+001 1.516619e+001 -7.531687e+000 4.033413e-001 -5.442251e+000 -4.910317e+000 -8.486633e+000 -2.074453e+000 1.137050e+000 2.295624e+000 -8.618947e+000 -1.240601e+000 2.661966e+000 -3.174314e+000 -2.047826e+000 -1.698100e+000 4.542423e-001 -9.516632e-001 -4.013905e+000 1.765309e-001 -3.919921e-001 -2.126342e+000 3.272254e+000 -3.154223e-001 1.589759e-001 1.071494e+000 5.740883e-001 2.019238e+000 -4.183113e-001 -6.970215e-001 1.836286e+000 -7.136669e-001 -1.514032e+000 -6.877436e-002 -7.426071e-001 -7.210910e-002 
1.661648e+001 1.371572e+001 -7.161189e+000 -5.304464e-001 -4.317730e+000 -5.695320e+000 -8.235220e+000 -2.291010e+000 2.135627e+000 1.369645e+000 -7.339682e+000 -3.193682e+000 2.001648e+000 -2.677599e+000 -1.212050e+000 -8.149413e-001 4.715931e-001 -1.230022e+000 -3.312547e+000 1.083420e+000 -2.363585e-001 -1.014768e+000 3.419033e+000 2.850027e-001 7.558446e-001 8.184966e-001 1.224166e+000 2.449338e+000 -4.167095e-001 4.099438e-001 1.021148e+000 2.056087e-001 -1.294258e+000 -4.578987e-002 -6.365053e-001 -9.574353e-001 
1.814806e+001 1.361963e+001 -8.601800e+000 -1.000993e+000 -4.067220e+000 -6.368807e+000 -8.447769e+000 -1.126620e+000 1.583759e+000 1.499839e+000 -6.494826e+000 -3.709805e+000 1.193049e+000 -2.521428e+000 -1.208767e+000 -8.747436e-001 4.992155e-002 -1.330351e+000 -3.803658e+000 -3.159391e-001 -1.350272e-001 -1.065143e+000 2.390669e+000 3.238301e-001 4.671376e-001 1.191278e-001 2.639471e-001 2.197049e+000 6.785344e-002 2.845801e-002 1.112977e+000 -3.062342e-001 -1.550113e+000 -1.223810e-001 -7.320106e-001 -6.950015e-001 
2.190524e+001 1.325230e+001 -7.364842e+000 -6.651521e-001 -2.758090e+000 -5.006458e+000 -6.395499e+000 -1.584804e-001 2.422339e+000 1.864524e+000 -5.819298e+000 -2.484800e+000 1.186722e+000 -1.254992e+000 -3.046335e-001 -2.002546e-001 1.037439e+000 -9.678847e-001 -3.120050e+000 -5.951747e-001 -1.354287e-001 -5.062238e-001 2.721753e+000 6.764023e-001 8.215097e-001 7.656028e-002 -2.076334e-001 2.082695e+000 7.253693e-001 5.603166e-001 1.101718e+000 4.515112e-002 -1.892119e+000 -2.506505e-001 -3.774971e-002 -3.923502e-001 
2.343536e+001 1.005526e+001 -5.004073e+000 -2.552774e+000 2.058626e-001 -2.505020e+000 -2.946638e+000 1.493361e+000 2.810946e+000 1.202332e-001 -2.585219e+000 -1.199242e+000 1.096607e+000 1.155876e-001 -1.654078e-001 1.048886e+000 8.455264e-001 -1.149412e+000 -1.743823e+000 -9.520616e-001 -7.654064e-001 -3.870502e-001 5.807730e-001 5.806986e-001 4.852780e-001 3.110902e-001 9.594921e-002 4.726583e-001 3.326450e-001 -1.386914e-001 9.532520e-002 2.204893e-001 -4.046623e-001 -1.587351e-001 2.769822e-001 -3.416505e-002 
-5.191247e+000 1.364726e+001 -3.359961e+000 5.468441e-001 -5.193258e-001 1.151629e+000 -5.241962e+000 -2.701006e+000 -1.992653e+000 -1.234920e+000 -3.610138e+000 8.246168e-001 -3.497579e-001 -1.840086e+000 -2.651674e+000 -2.071400e+000 -5.220852e-001 -9.203864e-001 2.936392e-001 4.191393e-001 -3.152350e-002 -1.560670e+000 2.432889e-001 4.479202e-001 -3.272735e-001 -1.012492e+000 9.913771e-002 -4.582126e-001 -6.963970e-001 -2.981294e-001 9.397857e-001 2.419998e-001 -5.444311e-001 -8.449937e-002 4.247469e-001 1.220970e-002 
4.295022e+000 7.712951e+000 -4.125129e+000 4.209069e+000 -3.255296e+000 2.778140e+000 -6.919841e+000 -1.183834e+000 -1.582427e+000 -1.095771e+000 -3.553216e+000 7.722718e-001 -1.265715e+000 -4.625322e-001 -1.558754e+000 -7.192822e-001 6.281289e-002 -4.948202e-001 5.391752e-001 3.005181e-001 4.322599e-001 -4.259897e-002 9.583655e-001 4.645882e-002 8.989701e-001 -1.149119e+000 -4.396062e-001 -7.466634e-001 2.179930e-001 -3.159001e-002 1.003404e+000 -2.590261e-001 -6.576909e-001 -1.529019e-001 3.432067e-001 -2.268899e-001 
6.712826e+000 8.566857e+000 -2.771141e+000 4.438488e+000 -3.692146e+000 1.957171e+000 -8.822786e+000 -2.585221e+000 -2.398503e-001 -1.594747e+000 -4.239201e+000 -7.325288e-001 4.883291e-002 -9.076527e-001 -3.044389e+000 -1.447098e+000 2.228758e-001 -1.132984e+000 -8.885879e-002 8.028638e-001 4.570666e-001 -3.263654e-001 9.828751e-001 1.234980e-001 4.492876e-001 3.715530e-001 9.972652e-001 -4.841230e-001 7.078430e-002 -5.471587e-001 4.542292e-001 2.481187e-001 -7.458441e-001 -9.615531e-002 2.882491e-001 1.788056e-001 
4.334585e+000 1.304675e+001 -3.095068e+000 1.938887e+000 -4.858839e+000 2.134080e+000 -1.098137e+001 -3.237606e+000 1.198080e+000 -3.681359e-001 -4.693035e+000 -1.422221e+000 1.041645e+000 -2.476055e+000 -5.204246e+000 -1.074811e+000 -3.153096e-001 -1.841744e+000 -1.968165e-001 7.756710e-002 4.060350e-001 -1.490341e+000 1.358891e+000 5.025599e-001 1.264378e+000 1.504533e+000 1.697328e+000 7.873428e-001 6.644408e-002 -5.422474e-001 3.625845e-001 -1.811229e-001 -1.706794e+000 -1.488004e-001 -5.020077e-001 7.128143e-001 
5.986858e+000 1.490398e+001 -3.734657e+000 -2.340765e-001 -2.474152e+000 9.720626e-001 -1.325113e+001 -3.114414e+000 2.568442e+000 -1.111437e-002 -4.953884e+000 -8.426578e-001 2.895325e+000 -2.854483e+000 -3.860165e+000 -1.233850e+000 -8.338079e-001 -1.353278e+000 2.826704e-001 2.933650e-001 6.669841e-001 -1.945086e+000 4.787928e-001 6.074001e-001 1.674418e+000 1.925002e+000 9.691989e-001 1.589162e+000 2.067945e-001 -6.367536e-001 6.204496e-001 7.873958e-002 -2.191248e+000 6.750500e-001 -8.277788e-001 4.528915e-001 
6.815755e+000 1.696104e+001 -4.592687e+000 1.128752e+000 -1.190852e+000 -7.365029e-001 -1.281573e+001 -3.189354e+000 2.447161e+000 1.619645e+000 -5.043571e+000 4.283946e-001 3.911005e+000 -4.506785e+000 -3.650307e+000 -1.369859e+000 -6.520361e-002 -1.349310e+000 -1.517451e+000 3.924700e-001 6.224176e-001 -3.060109e+000 8.897575e-001 -3.551447e-001 6.173577e-001 2.294055e+000 6.235485e-001 1.404953e+000 -4.270739e-001 -9.475340e-002 3.849214e-001 -5.074134e-001 -2.336050e+000 8.391536e-001 -7.659880e-001 7.598473e-001 
9.802718e+000 1.397398e+001 -4.944629e+000 -4.531638e-001 -1.596615e+000 -4.269467e+000 -1.146352e+001 -4.515622e+000 1.273611e+000 3.009991e-001 -4.990985e+000 1.993752e-001 3.641743e+000 -4.733755e+000 -3.190222e+000 -8.352505e-001 4.183628e-001 -4.190017e-001 -2.315457e+000 9.351883e-001 -3.240014e-001 -1.625529e+000 1.053909e+000 -1.293533e-001 1.208071e+000 1.763025e+000 8.773758e-001 1.225787e+000 6.220026e-002 3.724068e-001 4.009841e-001 -6.590895e-001 -1.176390e+000 7.448151e-002 4.120820e-002 1.051286e-001 
1.165166e+001 1.575172e+001 -6.776202e+000 8.397215e-001 -2.723236e+000 -4.282600e+000 -9.919668e+000 -3.785687e+000 8.111505e-002 2.097666e+000 -5.234757e+000 -2.818805e-001 3.867658e+000 -4.608175e+000 -2.943649e+000 -3.323749e-001 5.237653e-001 -1.015104e+000 -2.367997e+000 1.049740e+000 -2.625413e-001 -1.923082e+000 1.202197e+000 -5.712011e-001 1.193349e+000 2.041761e+000 3.552862e-001 1.381751e+000 8.381036e-002 -1.046108e-001 7.604364e-001 -8.519294e-001 -1.021492e+000 1.697648e-001 -2.829315e-001 1.516096e-001 
1.357142e+001 1.290766e+001 -6.814962e+000 -2.608135e-001 -4.570805e+000 -5.783772e+000 -9.114435e+000 -3.860677e+000 -1.391599e-001 1.465096e+000 -5.821485e+000 -7.842828e-001 2.945372e+000 -4.752018e+000 -2.628205e+000 -2.099174e-001 -2.179982e-001 -1.110880e+000 -3.103367e+000 4.785746e-001 -1.962963e-001 -1.449583e+000 9.594442e-001 -6.823783e-001 1.862712e+000 1.327791e+000 2.507383e-001 1.615149e+000 1.885284e-001 -5.404168e-003 9.759987e-001 -7.234095e-001 -1.075338e+000 1.894904e-001 -5.198427e-001 -1.211625e-001 
1.268701e+001 1.514063e+001 -6.937330e+000 1.220310e+000 -5.376510e+000 -4.993108e+000 -9.300351e+000 -1.786857e+000 -8.931285e-001 3.176680e+000 -7.271223e+000 -1.530199e-001 2.858914e+000 -3.914543e+000 -2.857448e+000 3.205955e-001 -1.211042e+000 -7.246529e-001 -2.524291e+000 -3.720400e-001 -5.792596e-001 -1.867159e+000 1.610231e+000 -1.547136e+000 1.616488e+000 3.125142e-001 9.270006e-001 1.213667e+000 1.316624e-002 -4.905538e-001 1.524599e+000 -1.094908e+000 -6.607692e-001 -7.449349e-002 -8.232575e-001 1.976086e-001 
1.454732e+001 1.338963e+001 -5.803237e+000 -2.238843e-001 -4.744265e+000 -6.141962e+000 -7.306618e+000 -3.084244e+000 2.381647e-001 2.619299e+000 -7.888638e+000 2.658152e-001 1.997597e+000 -2.763325e+000 -3.340881e+000 -2.646566e-002 -1.656069e-001 -9.053616e-001 -3.293418e+000 1.402948e-001 2.269763e-001 -1.864573e+000 2.024353e+000 -1.056883e+000 1.512918e+000 8.345348e-001 1.004381e+000 1.372596e+000 1.637263e-001 -5.977712e-001 1.319095e+000 -8.119312e-001 -7.503354e-001 7.435155e-002 -1.130849e+000 2.203138e-001 
1.345236e+001 1.348293e+001 -7.526622e+000 -1.174068e+000 -5.260575e+000 -6.911112e+000 -8.230463e+000 -2.981892e+000 1.900759e-001 2.770472e+000 -8.627559e+000 -1.229746e+000 2.642542e+000 -2.638916e+000 -3.116685e+000 -9.428044e-001 5.696580e-001 -9.909762e-001 -3.626994e+000 3.035246e-001 1.413817e-001 -1.783664e+000 2.536567e+000 -1.058192e-001 8.968505e-001 9.403179e-001 1.259719e+000 1.992321e+000 -1.634405e-001 -5.131379e-001 1.859566e+000 -5.817793e-001 -1.138585e+000 -2.865730e-001 -4.084910e-001 3.829501e-002 
1.491213e+001 1.552737e+001 -7.370616e+000 4.434759e-001 -5.197351e+000 -4.530988e+000 -7.994943e+000 -1.942314e+000 1.524282e+000 2.695893e+000 -8.260035e+000 -1.383635e+000 3.210596e+000 -2.820246e+000 -1.908603e+000 -1.325012e+000 7.991877e-001 -9.708132e-001 -3.675363e+000 6.248425e-001 -4.846520e-001 -2.016860e+000 3.608461e+000 6.706710e-002 2.171329e-001 9.402773e-001 8.266759e-001 2.091391e+000 -3.485348e-001 -3.072403e-001 1.631011e+000 -4.676589e-001 -1.564645e+000 3.443673e-002 -5.411069e-001 -3.851183e-001 
1.563215e+001 1.471180e+001 -9.217301e+000 1.929876e-001 -5.896885e+000 -4.758375e+000 -8.974346e+000 -1.239407e+000 9.031450e-001 2.350511e+000 -7.630905e+000 -2.564929e+000 2.005051e+000 -2.306994e+000 -1.286771e+000 -1.034528e+000 7.567197e-001 -1.023215e+000 -3.313643e+000 3.094982e-001 -1.895716e-001 -1.812539e+000 3.582587e+000 3.658532e-001 6.376580e-001 2.600447e-001 5.534079e-001 2.368542e+000 4.652956e-002 4.984882e-001 1.394062e+000 -2.657309e-001 -1.509699e+000 1.670206e-001 -5.036176e-001 -5.841920e-001 
1.801272e+001 1.410972e+001 -9.541384e+000 -9.640501e-001 -4.499041e+000 -5.892549e+000 -8.710024e+000 -4.939281e-001 5.640596e-001 2.215275e+000 -6.729329e+000 -3.231065e+000 1.002135e+000 -2.529987e+000 -1.362018e+000 -9.420363e-001 3.199590e-001 -1.099643e+000 -4.157629e+000 -7.870793e-001 -1.121762e-001 -1.542636e+000 2.774059e+000 1.310886e-003 6.112727e-001 -2.092010e-001 -2.706870e-001 2.074997e+000 3.393520e-001 2.930281e-001 1.182915e+000 -4.801652e-001 -1.955899e+000 -1.380242e-001 -4.899350e-001 -1.824754e-001 
