4.840778e+000 2.343984e+001 -4.647714e+000 5.185654e+000 -1.992226e+000 -1.621144e+000 -3.814037e+000 -4.110464e+000 -1.294503e+000 -3.828382e+000 -3.813424e-001 -1.627093e+000 -1.807012e+000 -5.503853e-001 -6.177753e-001 -2.957384e+000 -1.423681e+000 -1.587033e+000 -2.990378e+000 3.237653e-002 1.513385e+000 -6.065943e-001 -2.239520e+000 -3.424899e-001 -8.172655e-004 -6.814388e-001 -1.545961e-001 5.537764e-001 8.003835e-001 8.945621e-001 7.657155e-001 -4.557217e-001 -6.425963e-001 -6.546539e-001 -8.679034e-001 -6.792332e-001 
8.511896e+000 1.935823e+001 -5.412368e-002 6.982583e-001 2.520979e-001 -2.161568e+000 -3.859434e+000 -4.150744e+000 -2.710512e+000 -2.423455e+000 -1.295770e+000 -1.465127e+000 -1.696780e+000 5.578360e-002 -1.153019e+000 -3.131648e+000 -1.844225e+000 -1.959254e+000 -2.471311e+000 7.984627e-002 1.480264e+000 -7.227287e-001 -2.164551e+000 -8.084818e-001 3.514944e-001 -3.690072e-001 -6.956294e-001 6.211343e-002 5.374298e-001 9.594542e-001 1.058530e+000 7.472150e-002 -8.110426e-001 -8.437789e-001 -7.736089e-001 -6.784853e-001 
6.351913e+000 2.108815e+001 -8.405035e-001 -1.244379e-001 1.041665e+000 -1.525670e+000 -4.164364e+000 -4.053681e+000 -2.631102e+000 -2.733457e+000 -1.878953e+000 -2.219327e+000 -1.798854e+000 1.282197e-001 -1.317573e+000 -2.793671e+000 -1.342351e+000 -2.037434e+000 -2.533660e+000 -1.486423e-002 8.198763e-001 -1.397062e+000 -2.617639e+000 -9.350808e-001 7.367584e-001 -5.663310e-002 -6.653347e-001 1.134375e-001 5.421664e-001 9.075069e-001 8.589429e-001 -2.539701e-001 -8.787479e-001 -8.840106e-001 -7.775804e-001 -2.611631e-001 
4.278921e+000 2.292195e+001 -2.531220e+000 1.656483e+000 1.418126e+000 -1.272885e+000 -2.826760e+000 -2.989852e+000 -2.634567e+000 -3.244716e+000 -1.537929e+000 -2.498983e+000 -2.448262e+000 2.173538e-001 -1.099587e+000 -2.710785e+000 -9.458786e-001 -1.558620e+000 -2.390659e+000 -4.093377e-002 8.285391e-001 -1.481150e+000 -2.345937e+000 -6.937296e-001 9.321917e-001 1.842713e-001 -5.330905e-001 6.948293e-001 8.680761e-001 7.411480e-001 6.736120e-001 -7.131594e-001 -1.307464e+000 -6.343127e-001 -5.374666e-001 -6.851544e-001 
2.225910e+000 2.429692e+001 -1.295801e+000 1.785563e+000 9.092951e-001 -9.614762e-001 -2.753029e+000 -3.359563e+000 -2.821011e+000 -3.165388e+000 -9.690937e-001 -2.827681e+000 -3.410834e+000 4.139403e-001 -3.571717e-001 -1.890961e+000 -2.213717e-001 -1.763274e+000 -2.711069e+000 -1.690569e-001 6.692751e-001 -1.400656e+000 -1.795465e+000 -1.025694e+000 2.090757e-001 4.672429e-001 -1.552500e-001 6.650216e-001 8.983845e-001 9.350400e-001 6.090186e-001 -8.494595e-001 -1.018266e+000 -4.416303e-001 -5.587083e-001 -3.910391e-001 
5.072281e-001 2.538877e+001 -2.113694e+000 2.792768e+000 -7.256171e-002 -9.167475e-001 -3.561466e+000 -2.891797e+000 -2.006157e+000 -4.354706e+000 -1.509266e+000 -3.559402e+000 -3.080282e+000 -5.616192e-001 -6.566829e-001 -1.902644e+000 1.128031e-001 -2.077618e+000 -3.237753e+000 -6.439360e-001 -7.835118e-002 -1.285426e+000 -1.788821e+000 -1.171815e+000 3.726281e-001 -7.038784e-002 -2.523991e-001 1.342585e+000 6.141125e-001 2.802998e-001 1.235251e-001 -9.908966e-001 -6.512417e-001 -5.970497e-001 -4.034690e-001 -7.376637e-001 
9.088684e-001 2.479456e+001 -1.661249e+000 2.379031e+000 1.274413e-002 -5.285608e-001 -3.849042e+000 -3.612070e+000 -1.838471e+000 -4.012889e+000 -2.245082e+000 -3.186815e+000 -2.626863e+000 -1.032371e+000 -1.000729e+000 -1.393898e+000 -7.659890e-001 -1.832777e+000 -2.997013e+000 -1.321795e+000 6.049034e-001 -1.478452e+000 -1.992240e+000 -1.180046e+000 1.141320e-001 3.137817e-002 -3.067357e-001 1.341829e+000 6.846519e-001 1.320350e-002 1.698776e-001 -7.062119e-001 -9.018100e-001 -4.891736e-001 -5.805298e-001 -7.578114e-001 
1.931685e+000 2.428524e+001 -1.061439e+000 2.091106e+000 1.452429e+000 -1.260082e+000 -3.637102e+000 -3.843060e+000 -2.075885e+000 -3.369694e+000 -2.422080e+000 -2.221163e+000 -2.235224e+000 -6.646258e-001 -4.996371e-001 -1.384304e+000 -8.827814e-001 -1.678840e+000 -2.808816e+000 -9.191342e-001 7.753780e-001 -8.475122e-001 -1.895730e+000 -1.000951e+000 3.170373e-002 -2.420243e-003 1.312097e-001 1.193779e+000 7.779044e-001 2.801828e-001 3.226832e-001 -3.795833e-001 -1.122006e+000 -3.942150e-001 -2.721738e-001 -1.132801e+000 
5.798082e+000 2.074720e+001 -1.277521e+000 1.966558e+000 2.208743e+000 -2.074724e+000 -3.413835e+000 -3.476476e+000 -3.297756e+000 -3.407412e+000 -2.351430e+000 -2.670173e+000 -2.443384e+000 1.017773e-001 -6.950124e-001 -2.495403e+000 -1.122057e+000 -1.874742e+000 -3.017439e+000 -8.713387e-001 7.349667e-001 -6.548871e-001 -2.249251e+000 -1.420015e+000 3.505710e-001 -9.612267e-002 -4.050798e-001 9.705326e-001 7.630948e-001 2.617995e-001 7.331925e-001 -3.859113e-001 -1.308590e+000 -6.456849e-001 -6.585156e-001 -9.185999e-001 
6.521542e+000 1.963082e+001 -1.530869e+000 2.246112e+000 2.748553e+000 -2.369419e+000 -3.627550e+000 -3.858067e+000 -4.236954e+000 -3.070443e+000 -1.620356e+000 -2.674895e+000 -2.526861e+000 -3.596722e-001 -1.091799e+000 -2.553569e+000 -1.187865e+000 -1.558601e+000 -2.731897e+000 -8.866301e-001 5.531832e-001 -1.205703e+000 -2.491637e+000 -1.233348e+000 3.443404e-001 1.353400e-001 -3.555039e-001 4.833497e-001 7.391075e-001 3.418959e-001 6.239448e-001 -1.300847e-001 -1.243228e+000 -7.965538e-001 -6.821927e-001 -1.102666e+000 
2.982050e+000 2.340121e+001 -1.678074e+000 3.330807e+000 1.467122e+000 -2.308207e+000 -2.681585e+000 -4.144100e+000 -3.543225e+000 -2.475059e+000 -1.190776e+000 -2.292668e+000 -2.561228e+000 -1.053037e-003 -4.911989e-001 -2.209546e+000 -2.300557e-001 -1.109358e+000 -3.029530e+000 -9.023332e-001 9.990439e-001 -7.267563e-001 -2.316477e+000 -1.041812e+000 7.691583e-001 5.917095e-002 -6.174809e-001 1.119816e+000 1.329068e+000 1.738034e-001 3.658351e-001 1.172683e-001 -8.112978e-001 -8.049740e-001 -8.392484e-001 -8.820170e-001 
4.586904e+000 2.152893e+001 2.323947e-001 2.851167e+000 1.045960e+000 -2.764836e+000 -3.150268e+000 -3.262738e+000 -3.538299e+000 -2.895669e+000 -6.824597e-001 -1.823945e+000 -2.529668e+000 8.733023e-004 -6.484456e-001 -2.299787e+000 -4.170100e-001 -8.917751e-001 -2.438802e+000 -8.248256e-001 3.277407e-001 -7.107556e-001 -1.886235e+000 -1.242159e+000 7.905370e-001 1.365919e-001 -6.818051e-001 1.193834e+000 1.061431e+000 3.261978e-001 8.649834e-001 -3.762276e-001 -1.096900e+000 -3.729043e-001 -6.314088e-001 -7.967549e-001 
7.076796e+000 1.823822e+001 7.511102e-001 3.108153e+000 1.075964e+000 -2.502867e+000 -3.786362e+000 -3.661295e+000 -2.776224e+000 -3.197380e+000 -1.567518e+000 -1.462554e+000 -2.307453e+000 -4.482198e-001 -8.309425e-001 -2.127986e+000 -6.475557e-001 -1.141078e+000 -2.207665e+000 -8.722693e-001 7.365376e-002 -5.827956e-001 -2.015490e+000 -1.565424e+000 7.149923e-001 1.020458e-001 -6.181743e-001 1.242208e+000 8.995272e-001 1.296597e-001 1.062589e+000 -1.519495e-001 -1.309694e+000 -4.635846e-001 -6.101154e-001 -9.939939e-001 
6.171942e+000 1.898881e+001 9.120278e-002 3.894910e+000 6.117714e-001 -2.606310e+000 -3.778173e+000 -3.536240e+000 -2.383225e+000 -3.596306e+000 -1.554853e+000 -1.251998e+000 -2.115954e+000 -4.586507e-001 -1.116584e+000 -1.823979e+000 -5.248932e-001 -1.409631e+000 -2.130375e+000 -8.675464e-001 -4.842634e-002 -5.443946e-001 -1.759266e+000 -1.174729e+000 8.052863e-001 -1.021571e-001 -8.519710e-001 1.176503e+000 1.021445e+000 3.676055e-001 1.171294e+000 -4.104666e-001 -1.271365e+000 -3.505756e-001 -8.263029e-001 -8.953913e-001 
2.352658e+000 2.311223e+001 -3.113621e+000 6.600671e+000 -1.434433e+000 -1.239581e+000 -4.920048e+000 -4.116533e+000 -1.221857e+000 -4.073565e+000 -8.155021e-001 -2.697424e+000 -6.651286e-001 -1.437886e+000 -1.394986e+000 -1.407205e+000 -3.343275e-001 -1.457150e+000 -2.460086e+000 -6.288214e-001 -4.141389e-001 -3.844146e-001 -1.682826e+000 -1.152906e+000 7.207069e-001 -7.647397e-003 -1.050523e+000 1.411918e+000 1.038341e+000 3.371716e-001 9.845220e-001 -7.141844e-001 -6.763748e-001 -7.931131e-001 -5.880472e-001 -8.632618e-001 
4.467250e+000 2.017741e+001 -1.029835e+000 4.369678e+000 -1.108483e-001 -2.268111e+000 -4.637107e+000 -3.921219e+000 -2.005039e+000 -3.808681e+000 -1.691338e+000 -2.251588e+000 -1.223154e+000 -8.590145e-001 -2.048833e+000 -9.886216e-001 -8.774421e-001 -1.686355e+000 -2.321436e+000 -9.451591e-001 -1.936637e-001 -8.466012e-001 -1.236622e+000 -1.581044e+000 6.502912e-001 -4.060445e-002 -1.001722e+000 1.375122e+000 8.305512e-001 4.965021e-001 8.145462e-001 -6.407287e-001 -8.961314e-001 -6.146378e-001 -7.654206e-001 -7.983212e-001 
3.836106e+000 2.102443e+001 -8.366667e-001 4.559183e+000 -6.766074e-001 -1.977309e+000 -4.530174e+000 -3.456708e+000 -1.567049e+000 -4.008220e+000 -1.930492e+000 -2.359339e+000 -8.207207e-001 -6.682764e-001 -1.789348e+000 -7.760298e-001 -1.027107e+000 -1.761175e+000 -2.035205e+000 -6.282596e-001 -1.811804e-001 -1.063979e+000 -1.196772e+000 -1.510115e+000 6.864084e-001 4.199516e-001 -9.029340e-001 1.232772e+000 7.881884e-001 4.662630e-001 8.577516e-001 -5.989554e-001 -7.491834e-001 -5.962541e-001 -7.422435e-001 -8.419365e-001 
6.443414e+000 1.884330e+001 1.976127e+000 3.463010e+000 5.062312e-001 -2.159183e+000 -3.409447e+000 -2.802512e+000 -2.103400e+000 -2.965502e+000 -1.535119e+000 -1.447435e+000 -7.946258e-001 -2.596718e-001 -1.011841e+000 -5.569431e-001 -5.705172e-001 -1.452364e+000 -1.729005e+000 -4.873272e-001 2.588649e-001 -4.426860e-001 -1.237258e+000 -9.389973e-001 9.734730e-001 2.721365e-001 -5.208663e-001 1.437501e+000 1.087314e+000 4.779499e-001 8.117779e-001 -4.088151e-001 -8.825846e-001 -3.275416e-001 -5.049635e-001 -8.411989e-001 
1.598306e+001 1.454289e+001 3.239623e+000 2.100196e+000 1.186864e+000 -1.936787e+000 -2.914439e+000 -1.115510e+000 -5.708758e-001 -1.133165e+000 1.601301e-001 1.810236e-001 -6.300497e-001 2.214247e-002 -2.339331e-001 -8.615803e-001 -2.520105e-001 -6.730791e-001 -1.603924e+000 -4.758096e-001 1.093215e+000 3.264196e-001 -5.387998e-001 4.931153e-001 7.576622e-001 -2.008066e-001 8.924845e-002 8.953222e-001 5.303305e-001 5.744513e-002 1.214893e-001 -3.710718e-001 -6.929212e-001 -1.203598e-001 6.941843e-002 -1.816865e-001 
5.665038e+000 2.199935e+001 -3.656417e+000 3.747694e+000 -1.279237e+000 -2.165462e+000 -3.711216e+000 -4.531556e+000 -1.660608e+000 -3.596058e+000 -8.900936e-001 -1.215008e+000 -2.342668e+000 -4.903831e-002 -1.152810e+000 -3.032670e+000 -1.679268e+000 -1.844832e+000 -2.869776e+000 -1.241614e-001 1.652479e+000 -8.760116e-001 -2.159542e+000 -6.878452e-001 2.790395e-002 -6.042383e-001 -2.962713e-001 5.123173e-001 6.659765e-001 8.826791e-001 7.119932e-001 -3.471826e-001 -8.095282e-001 -5.960342e-001 -7.540783e-001 -7.466531e-001 
3.607797e+000 2.447202e+001 -3.761705e+000 2.456967e+000 -7.927410e-001 -1.635454e+000 -4.295972e+000 -4.852605e+000 -2.277637e+000 -3.281983e+000 -9.588796e-001 -1.872763e+000 -1.852237e+000 6.182813e-002 -1.251785e+000 -3.529502e+000 -1.715799e+000 -2.271099e+000 -2.766513e+000 2.140022e-001 1.378853e+000 -9.814323e-001 -2.334905e+000 -1.034111e+000 3.613411e-001 -3.178762e-001 -1.028148e+000 7.612912e-002 5.451165e-001 9.096025e-001 9.804423e-001 1.862961e-002 -8.422008e-001 -9.016208e-001 -7.904046e-001 -5.155111e-001 
1.464173e+000 2.595349e+001 -4.709882e+000 1.832122e+000 -1.089754e-001 -1.022959e+000 -4.131108e+000 -4.410258e+000 -2.240308e+000 -3.729669e+000 -1.331299e+000 -2.995269e+000 -1.949228e+000 -2.694461e-001 -1.454214e+000 -2.943826e+000 -1.280103e+000 -2.065228e+000 -2.603325e+000 -2.499726e-001 8.026514e-001 -1.808102e+000 -2.804930e+000 -8.966986e-001 6.896106e-001 -2.038277e-002 -7.913078e-001 2.101850e-001 4.733558e-001 8.680277e-001 6.194852e-001 -3.169085e-001 -9.580517e-001 -8.657119e-001 -9.226279e-001 -2.244490e-001 
3.814270e+000 2.293269e+001 -2.166700e+000 1.659665e+000 1.306937e+000 -1.022221e+000 -2.659922e+000 -2.948154e+000 -2.670723e+000 -3.400791e+000 -1.310153e+000 -2.306123e+000 -2.754833e+000 3.726426e-002 -8.201173e-001 -2.429509e+000 -7.536069e-001 -1.351275e+000 -2.408349e+000 -4.956388e-002 8.503126e-001 -1.717698e+000 -2.436755e+000 -5.421304e-001 1.111831e+000 2.889262e-001 -5.301201e-001 5.889616e-001 8.597760e-001 7.549130e-001 6.901499e-001 -6.036244e-001 -1.223699e+000 -5.897321e-001 -5.194582e-001 -7.499835e-001 
3.794662e+000 2.085939e+001 5.602915e-001 4.005795e-001 1.013848e+000 -1.430219e+000 -3.068644e+000 -3.373635e+000 -3.504660e+000 -3.110009e+000 -1.766857e+000 -3.335615e+000 -3.319241e+000 -4.211333e-001 -6.465102e-001 -1.620717e+000 -7.319767e-001 -2.043599e+000 -3.016544e+000 -7.560031e-001 3.101414e-001 -1.462777e+000 -2.062081e+000 -9.799600e-001 2.251349e-002 6.886388e-002 -2.676082e-002 5.054773e-001 7.424565e-001 7.365759e-001 2.404153e-001 -8.937570e-001 -9.917040e-001 -5.225493e-001 -5.455484e-001 -3.838265e-001 
3.740618e+000 2.134480e+001 1.127274e+000 1.451216e+000 1.198524e+000 -1.054385e+000 -2.941827e+000 -2.796129e+000 -2.270053e+000 -3.244997e+000 -2.257861e+000 -2.795893e+000 -2.729666e+000 -2.642903e-001 -7.748303e-001 -1.391714e+000 5.054855e-002 -1.755333e+000 -2.941757e+000 -6.138212e-001 1.124828e-001 -9.942311e-001 -1.700146e+000 -9.982088e-001 4.413254e-001 -1.398826e-001 -2.956405e-003 1.402898e+000 8.466608e-001 3.731138e-001 8.576419e-002 -7.884512e-001 -7.073094e-001 -4.616198e-001 -6.275580e-001 -6.298498e-001 
4.747818e-001 2.571019e+001 -1.740294e+000 3.819295e+000 5.568042e-001 -1.016930e-001 -3.619659e+000 -3.309647e+000 -1.570464e+000 -3.268189e+000 -1.795067e+000 -2.631278e+000 -1.979635e+000 -8.974219e-001 -4.380561e-001 -1.119884e+000 -3.832714e-001 -1.245392e+000 -2.617607e+000 -1.027618e+000 1.016479e+000 -1.288678e+000 -1.825770e+000 -7.808596e-001 2.253790e-001 3.590752e-001 -8.659888e-002 1.526924e+000 7.105251e-001 3.466542e-001 2.366933e-001 -4.532237e-001 -8.179465e-001 -5.137860e-001 -5.269279e-001 -8.755232e-001 
5.005502e+000 2.101354e+001 8.975354e-001 1.439214e+000 2.146769e+000 -1.393522e+000 -3.646482e+000 -3.432230e+000 -2.437945e+000 -2.853667e+000 -2.363030e+000 -2.105429e+000 -2.020050e+000 -5.147269e-001 -4.630579e-001 -1.429455e+000 -7.703558e-001 -1.580581e+000 -2.723424e+000 -8.401846e-001 8.101941e-001 -5.953860e-001 -1.925506e+000 -1.009989e+000 2.197641e-001 -7.507636e-002 1.583437e-001 1.270200e+000 8.870990e-001 1.924568e-001 3.810895e-001 -3.113622e-001 -1.076736e+000 -4.532012e-001 -3.913287e-001 -1.007269e+000 
7.278663e+000 1.914695e+001 -5.979970e-001 1.700572e+000 2.438282e+000 -2.019439e+000 -3.270180e+000 -3.079130e+000 -3.448138e+000 -3.279899e+000 -2.107313e+000 -2.570907e+000 -2.225854e+000 9.211526e-002 -6.641020e-001 -2.367747e+000 -1.133571e+000 -1.708007e+000 -2.856265e+000 -7.859361e-001 7.910250e-001 -6.449035e-001 -2.177475e+000 -1.292108e+000 3.454040e-001 -3.520581e-002 -2.319099e-001 8.931060e-001 7.475914e-001 4.255584e-001 7.360049e-001 -3.425463e-001 -1.251293e+000 -6.590752e-001 -6.624783e-001 -9.727045e-001 
4.142341e+000 2.230610e+001 -2.545200e+000 3.251113e+000 2.914829e+000 -2.431923e+000 -3.198316e+000 -3.830224e+000 -3.611390e+000 -2.712310e+000 -1.492623e+000 -2.408649e+000 -2.468991e+000 -1.573692e-001 -8.220884e-001 -2.618243e+000 -7.917289e-001 -1.274819e+000 -2.743362e+000 -6.228540e-001 8.092817e-001 -1.195442e+000 -2.323445e+000 -1.007179e+000 4.482676e-001 2.578888e-001 -2.752234e-001 5.369916e-001 8.731480e-001 4.588046e-001 6.308388e-001 -1.444814e-002 -1.252410e+000 -8.799730e-001 -5.637455e-001 -1.124919e+000 
3.064906e+000 2.257657e+001 -5.553919e-001 2.892183e+000 1.171700e+000 -2.551608e+000 -2.504111e+000 -3.938629e+000 -3.700083e+000 -2.211896e+000 -1.342019e+000 -2.573396e+000 -2.476898e+000 1.294184e-001 -4.598284e-001 -2.335124e+000 -4.652337e-001 -9.744955e-001 -2.908054e+000 -8.342298e-001 8.426396e-001 -7.617907e-001 -2.165312e+000 -1.152288e+000 8.144249e-001 1.560538e-001 -8.075625e-001 1.069001e+000 1.247605e+000 2.677204e-001 6.858952e-001 2.428896e-002 -9.725288e-001 -7.723622e-001 -8.541755e-001 -9.520828e-001 
3.508431e+000 2.181154e+001 -6.544576e-001 3.155260e+000 4.227319e-001 -3.089006e+000 -3.315690e+000 -3.527026e+000 -3.567228e+000 -3.369123e+000 -8.308179e-001 -1.875455e+000 -2.900915e+000 -2.954244e-001 -7.023313e-001 -2.453243e+000 -7.082617e-001 -1.156056e+000 -2.544611e+000 -8.994641e-001 1.523959e-001 -1.023820e+000 -2.015970e+000 -1.346790e+000 7.425848e-001 8.936683e-002 -9.108408e-001 1.077062e+000 1.025544e+000 1.839533e-001 8.548536e-001 -3.693217e-001 -1.246643e+000 -3.991024e-001 -4.917114e-001 -8.512737e-001 
3.042225e+000 2.249764e+001 -2.790255e+000 5.636329e+000 -3.052312e-001 -2.062554e+000 -3.917042e+000 -4.214776e+000 -2.231284e+000 -3.872040e+000 -1.244976e+000 -1.606470e+000 -2.302713e+000 -4.258093e-001 -8.327720e-001 -2.459758e+000 -3.764375e-001 -1.382639e+000 -2.440445e+000 -7.364951e-001 -3.236845e-002 -3.215401e-001 -2.044000e+000 -1.634225e+000 7.974556e-001 1.446336e-002 -9.802730e-001 1.372098e+000 1.018024e+000 4.552182e-002 1.113012e+000 -1.127593e-001 -1.296798e+000 -5.723613e-001 -6.221448e-001 -1.012304e+000 
3.814448e+000 2.100184e+001 -1.410088e+000 5.188524e+000 -3.677479e-001 -2.233146e+000 -4.092251e+000 -3.766651e+000 -1.988933e+000 -4.073060e+000 -1.438583e+000 -1.523651e+000 -1.802640e+000 -3.434407e-001 -1.577368e+000 -1.972133e+000 -5.345182e-001 -1.301501e+000 -2.213489e+000 -9.889424e-001 -1.251502e-002 -4.534919e-001 -1.837604e+000 -1.305948e+000 7.717415e-001 -1.603542e-001 -9.967545e-001 1.382908e+000 1.158521e+000 2.027801e-001 1.032183e+000 -4.624450e-001 -1.207608e+000 -4.111710e-001 -8.085284e-001 -6.981164e-001 
2.114566e+000 2.273965e+001 -3.185497e+000 6.551794e+000 -1.564594e+000 -1.447888e+000 -5.018388e+000 -4.228414e+000 -1.243873e+000 -4.245432e+000 -1.016284e+000 -2.795230e+000 -7.138383e-001 -1.496942e+000 -1.613196e+000 -1.376163e+000 -5.510603e-001 -1.388157e+000 -2.703587e+000 -6.627521e-001 -4.296693e-001 -4.791045e-001 -1.673114e+000 -1.285258e+000 6.223589e-001 -5.374847e-002 -9.071540e-001 1.318641e+000 9.796097e-001 2.425825e-001 9.138726e-001 -7.064064e-001 -6.361952e-001 -8.584418e-001 -5.456019e-001 -9.388536e-001 
3.521421e+000 2.097037e+001 -1.677629e+000 5.042277e+000 -6.217749e-001 -2.283647e+000 -4.680574e+000 -3.796436e+000 -1.700923e+000 -4.035793e+000 -1.763212e+000 -2.446089e+000 -1.056025e+000 -8.760284e-001 -2.021258e+000 -9.161067e-001 -1.043351e+000 -1.568796e+000 -2.378003e+000 -9.003651e-001 -1.670671e-001 -9.074584e-001 -1.230314e+000 -1.729182e+000 6.147030e-001 1.477042e-001 -8.880771e-001 1.359938e+000 7.514949e-001 3.767007e-001 7.872471e-001 -5.875739e-001 -9.034284e-001 -5.406239e-001 -7.463783e-001 -8.036582e-001 
4.004586e+000 2.022152e+001 -1.001121e-001 3.904394e+000 -4.653514e-001 -2.359554e+000 -4.387083e+000 -3.418170e+000 -1.709037e+000 -3.913403e+000 -2.399085e+000 -2.082571e+000 -9.131031e-001 -7.458964e-001 -1.751951e+000 -9.654575e-001 -9.897707e-001 -1.837409e+000 -2.015850e+000 -6.936405e-001 -3.000302e-001 -9.371228e-001 -1.343137e+000 -1.487213e+000 6.912696e-001 3.071478e-001 -7.877022e-001 1.177156e+000 8.131166e-001 3.508006e-001 8.428922e-001 -5.512842e-001 -9.351307e-001 -4.675981e-001 -7.390179e-001 -8.186676e-001 
