1.519716e+001 1.123610e+001 -4.189169e+000 3.459499e+000 -3.150690e+000 2.152406e+000 -1.626516e+000 -2.396534e-001 -1.455231e+000 1.558804e+000 -3.046697e+000 2.365783e+000 -6.106401e-002 -3.338591e-001 -1.195253e+000 -9.093011e-001 -1.580684e+000 -1.731432e+000 7.818828e-001 -1.026141e-001 -1.392251e+000 -6.600157e-002 8.615532e-001 5.452108e-002 
1.412429e+001 9.830147e+000 -3.660921e+000 3.693038e+000 -2.962505e+000 2.118330e+000 -1.995371e+000 8.641058e-001 -8.512871e-001 1.209899e+000 -3.280486e+000 2.687591e+000 -6.471018e-001 -2.847280e-001 -1.609861e+000 -1.077596e-001 -1.936223e+000 -1.731289e+000 2.514675e-001 8.744771e-002 -1.823543e+000 4.691450e-001 1.284846e+000 3.151967e-001 
1.465397e+001 1.041239e+001 -1.695305e+000 3.555517e+000 -3.097251e+000 1.979602e+000 -2.248146e+000 -1.299321e-001 -1.848448e+000 1.362386e+000 -3.268718e+000 3.075302e+000 -8.990890e-001 3.494090e-003 -1.033950e+000 5.223055e-001 -1.830646e+000 -1.448387e+000 2.812351e-001 1.103284e-001 -1.870864e+000 2.548862e-001 4.426574e-001 -2.826457e-001 
1.455725e+001 9.624368e+000 -2.432483e+000 4.541270e+000 -3.691801e+000 1.079982e+000 -2.750902e+000 1.027677e-001 -1.081271e+000 6.938614e-001 -2.900523e+000 3.120020e+000 -8.158772e-001 -4.032839e-001 -1.311828e+000 1.216260e+000 -1.713792e+000 -1.654270e+000 3.484222e-001 -5.923474e-002 -1.845888e+000 5.295923e-002 6.914620e-001 -2.990190e-001 
1.430731e+001 9.194529e+000 -3.450809e+000 3.898368e+000 -3.577817e+000 9.964434e-001 -2.645703e+000 3.063779e-001 -9.264326e-001 3.609165e-001 -2.567036e+000 3.026787e+000 -8.930062e-001 4.451458e-001 -9.683719e-001 4.486116e-001 -1.594831e+000 -1.329716e+000 -2.070380e-001 4.245270e-002 -1.632306e+000 -1.629172e-001 3.556782e-001 2.742906e-001 
1.599115e+001 1.001512e+001 -2.925906e+000 2.711990e+000 -2.765110e+000 1.251674e+000 -1.684659e+000 -1.142724e+000 -3.346619e-001 3.917304e-002 -2.865881e+000 3.098930e+000 -8.041608e-001 2.329654e-001 -4.302457e-001 2.071228e-001 -1.643178e+000 -1.849100e+000 3.948237e-001 4.789081e-001 -1.837353e+000 -9.449860e-002 5.153961e-001 2.780659e-001 
1.679307e+001 1.180969e+001 -7.072263e+000 1.216989e+000 -2.180452e+000 1.879450e+000 -1.796025e+000 -5.866267e-001 -1.020963e+000 -6.275194e-002 -1.669512e+000 2.357642e+000 -5.306802e-001 -7.025308e-003 2.139471e-001 -9.523938e-001 -2.317477e+000 -1.491379e+000 5.853580e-002 2.169654e-001 -1.458703e+000 -9.655531e-002 4.525221e-001 3.125863e-001 
1.881201e+001 1.207523e+001 -6.981208e+000 5.530997e-001 -2.398460e+000 1.658357e+000 -3.287266e+000 -1.148801e+000 -9.508554e-001 -9.243643e-001 -1.850224e+000 2.086870e+000 2.959094e-003 2.549221e-001 2.912124e-001 -7.228846e-001 -2.238755e+000 -1.333753e+000 5.258675e-001 3.829321e-001 -1.720040e+000 1.798644e-001 8.305425e-001 3.067253e-001 
1.706244e+001 1.170667e+001 -7.151218e+000 -2.389419e-002 -3.398011e+000 1.759200e+000 -4.288727e+000 -1.213792e+000 -3.070000e-001 -8.818823e-001 -3.126195e+000 3.540963e+000 -8.342931e-001 -5.365605e-001 1.936156e-001 -8.167054e-001 -1.152423e+000 -2.040777e+000 8.214158e-001 4.758558e-001 -1.852618e+000 4.566614e-001 5.769690e-001 5.704560e-003 
1.733496e+001 1.152698e+001 -8.104292e+000 -7.260355e-001 -1.807819e+000 1.876425e+000 -4.669259e+000 -5.212843e-001 -3.957973e-001 -7.903859e-002 -2.744713e+000 4.723455e+000 -2.070111e+000 5.107766e-002 -4.493244e-001 -4.497648e-001 -2.254177e+000 -1.581487e+000 5.153239e-001 1.421818e+000 -2.345294e+000 1.015608e+000 -1.803508e-001 -4.319235e-002 
1.902572e+001 1.060371e+001 -8.435100e+000 -1.320027e+000 -8.117663e-001 6.129626e-001 -4.299641e+000 -6.331798e-001 -9.430964e-001 -7.206257e-001 -2.218232e+000 3.082212e+000 -2.227680e+000 9.264545e-001 -4.205772e-001 -1.201150e-001 -1.757930e+000 -1.587579e+000 1.775681e-001 1.758595e+000 -2.046733e+000 -4.925061e-002 -1.108658e-001 -1.444224e-001 
1.860443e+001 1.060280e+001 -1.047974e+001 -1.389495e+000 -1.294977e+000 5.783649e-001 -5.235595e+000 1.328117e-001 -1.686635e+000 -9.360105e-001 -2.950690e+000 2.873741e+000 -1.735084e+000 1.063912e+000 -2.226618e-001 2.808639e-001 -1.364479e+000 -1.082918e+000 6.857546e-001 1.823716e+000 -2.413019e+000 -1.342006e-001 4.596243e-002 -3.650128e-001 
1.969771e+001 9.666838e+000 -9.086508e+000 -2.588235e+000 -1.138165e+000 8.604240e-001 -4.090393e+000 5.718902e-001 -6.040600e-002 -1.263265e+000 -2.385761e+000 2.715961e+000 -5.555791e-001 -6.563513e-001 -1.708306e-001 -6.344546e-001 -1.791542e+000 -1.516888e+000 6.543647e-001 9.597237e-001 -2.279182e+000 -6.276041e-002 2.256958e-001 -6.446694e-001 
2.096087e+001 1.028216e+001 -8.531277e+000 -2.712428e+000 3.975762e-001 6.986328e-001 -3.869855e+000 7.545631e-001 -1.452787e+000 -1.583104e+000 -3.338015e+000 2.634970e+000 -8.932172e-001 4.934627e-001 -6.751398e-001 7.586511e-001 -1.547998e+000 -9.825754e-001 2.067468e-001 1.255628e+000 -3.075619e+000 -4.714220e-001 3.626111e-002 -5.331764e-001 
2.199345e+001 9.739883e+000 -8.349529e+000 -2.400791e+000 6.119167e-001 4.806742e-001 -3.583523e+000 -2.677630e-001 -9.850975e-001 -1.228715e+000 -2.350286e+000 2.807173e+000 -1.622956e+000 4.300009e-001 -3.370292e-001 7.208672e-002 -1.313884e+000 -8.795339e-001 2.819261e-001 1.230811e+000 -2.633171e+000 -7.063869e-001 1.889405e-001 -6.635425e-001 
2.098453e+001 8.904579e+000 -9.824241e+000 -2.307413e+000 -7.316204e-001 -1.473191e-001 -4.925846e+000 -1.224356e+000 -1.835948e+000 -7.449236e-001 -3.049775e+000 2.297836e+000 -2.154839e+000 7.361617e-001 -2.273715e-001 2.324725e-002 -1.808951e+000 -8.104840e-001 -1.336740e-001 8.453730e-001 -2.656327e+000 -9.201086e-001 8.392625e-002 -5.627835e-001 
2.228903e+001 8.451033e+000 -8.431057e+000 -2.315150e+000 5.406183e-002 9.491128e-001 -5.072338e+000 -8.353360e-001 -5.913661e-001 -1.353139e+000 -3.103556e+000 2.937320e+000 -9.667313e-001 5.082631e-001 4.252706e-001 4.403958e-001 -1.981096e+000 -1.338579e+000 -1.966888e-002 1.160732e+000 -2.145062e+000 -6.290240e-001 1.480586e-001 -5.738046e-001 
2.258981e+001 9.538055e+000 -8.472415e+000 -2.099584e+000 -3.897047e-002 6.997857e-001 -5.236718e+000 3.036274e-001 -1.535331e+000 -3.681714e-001 -3.476479e+000 3.444549e+000 -9.152482e-001 2.471726e-002 -9.530260e-002 9.830816e-001 -2.576858e+000 -6.627391e-001 -3.161042e-001 1.065096e+000 -1.809248e+000 -5.435111e-001 5.554235e-002 -1.067429e+000 
2.251620e+001 1.022625e+001 -9.331666e+000 -1.170447e+000 -1.129252e+000 6.630025e-001 -4.915732e+000 1.114411e+000 -2.787140e+000 9.057279e-001 -3.718776e+000 3.190508e+000 -1.002063e+000 6.434730e-001 -5.931010e-001 1.220407e+000 -3.098727e+000 -8.159160e-002 -7.069937e-001 1.186434e+000 -1.653066e+000 -2.832988e-001 -5.349744e-002 -9.378077e-001 
2.371750e+001 9.276867e+000 -9.040003e+000 -1.658281e+000 -1.366309e+000 -1.257397e-001 -4.067967e+000 -3.711996e-001 -2.188333e+000 3.780098e-001 -3.497681e+000 2.845682e+000 -9.340026e-001 3.865496e-001 -5.228015e-001 6.143066e-001 -2.580975e+000 -8.943456e-001 -3.173726e-001 1.050538e+000 -1.595824e+000 -6.661762e-001 8.661386e-002 -9.962850e-001 
2.507709e+001 7.139909e+000 -5.944359e+000 -1.702764e+000 6.920805e-001 -7.319163e-001 -1.812571e+000 -1.524987e+000 -2.328242e-001 -1.082179e+000 -1.488618e+000 2.341206e+000 3.976750e-001 -2.544157e-001 2.176711e-001 -5.484525e-001 -1.439319e+000 -1.132439e+000 6.351157e-001 8.216414e-001 -4.661721e-001 -8.749140e-001 7.910731e-002 -2.702463e-001 
1.586513e+001 1.014101e+001 -3.060381e+000 2.440055e+000 -2.137367e+000 1.083788e+000 -9.217233e-001 -1.182004e+000 -1.154922e+000 6.509031e-001 -2.607479e+000 1.674831e+000 4.389696e-001 -6.544170e-001 -6.248809e-001 -1.215962e+000 -1.183247e+000 -1.961948e+000 8.994292e-001 -4.271106e-001 -1.227663e+000 -1.717161e-001 9.147774e-001 9.252163e-002 
1.495373e+001 1.068701e+001 -3.165101e+000 4.005227e+000 -2.947846e+000 2.264644e+000 -2.279490e+000 6.395872e-001 -1.149458e+000 8.898498e-001 -3.536915e+000 2.492527e+000 -1.353842e-001 -1.902215e-001 -9.130957e-001 -1.473582e-001 -1.675265e+000 -1.741622e+000 3.482958e-001 -7.987904e-002 -2.058848e+000 4.447797e-002 1.062605e+000 1.405177e-001 
1.434776e+001 8.967914e+000 -1.397262e+000 2.445562e+000 -2.236797e+000 1.534332e+000 -1.264029e+000 -4.135981e-001 -9.047098e-001 8.684717e-001 -2.497668e+000 2.693844e+000 -6.125793e-001 -7.257789e-001 -7.942417e-001 -4.953535e-001 -1.699864e+000 -1.630481e+000 1.762327e-001 4.912638e-002 -1.473746e+000 1.287823e-001 6.271678e-001 -2.733870e-001 
1.475689e+001 9.596692e+000 -2.444171e+000 3.917630e+000 -4.028122e+000 1.378190e+000 -2.535582e+000 4.523000e-001 -8.535912e-001 4.949647e-001 -2.984163e+000 3.513860e+000 -8.170468e-001 -4.520397e-001 -1.365232e+000 9.167952e-001 -2.061339e+000 -1.655671e+000 4.361820e-001 -1.355654e-002 -1.570983e+000 -1.734165e-001 9.222006e-001 -4.684209e-001 
1.468249e+001 8.195491e+000 -3.023875e+000 3.157832e+000 -3.082719e+000 1.126266e+000 -1.970555e+000 5.821857e-001 -3.737235e-001 5.748698e-001 -2.228905e+000 3.057183e+000 -8.363497e-001 3.465745e-001 -1.092906e+000 8.284168e-002 -1.795867e+000 -1.549602e+000 -3.238476e-001 1.772935e-001 -1.484372e+000 -7.241526e-002 3.321636e-001 3.227857e-001 
1.490648e+001 1.090698e+001 -3.906666e+000 3.384486e+000 -3.349750e+000 1.878032e+000 -2.234550e+000 -3.115604e-001 -6.300993e-001 6.448745e-001 -3.072579e+000 3.398604e+000 -1.111293e+000 5.346422e-002 -6.966950e-001 2.364407e-001 -2.070798e+000 -1.692144e+000 1.512455e-001 6.122948e-001 -1.909825e+000 -1.038406e-001 5.670305e-001 2.712555e-001 
1.707461e+001 1.191833e+001 -6.125645e+000 1.512014e+000 -1.340388e+000 2.137040e+000 -8.985520e-001 -4.602978e-001 -3.531958e-001 -1.294702e-001 -1.225565e+000 2.152699e+000 -2.814142e-001 -2.571703e-001 3.123671e-001 -1.235166e+000 -2.216788e+000 -1.720253e+000 1.016936e-001 2.054818e-001 -1.319410e+000 2.844160e-003 5.654048e-001 4.017165e-001 
1.808261e+001 1.229020e+001 -7.764719e+000 7.078080e-001 -2.647999e+000 2.087182e+000 -3.473790e+000 -4.776628e-001 -1.072470e+000 -5.152384e-001 -1.799092e+000 2.156293e+000 -3.024017e-002 3.338966e-002 1.146010e-001 -9.496254e-001 -2.605054e+000 -1.418990e+000 3.459585e-001 3.122672e-001 -1.634176e+000 1.203582e-001 9.430816e-001 2.674028e-001 
1.707459e+001 1.138547e+001 -6.581657e+000 -5.787655e-002 -2.612536e+000 2.091845e+000 -3.478988e+000 -5.849766e-001 3.811495e-001 -2.608726e-001 -2.798530e+000 3.860475e+000 -9.368523e-001 -9.719256e-002 -2.586513e-001 -6.491806e-001 -1.752405e+000 -2.013010e+000 3.730654e-001 6.544027e-001 -1.852545e+000 6.772807e-001 7.142648e-001 8.572788e-002 
1.752858e+001 1.262655e+001 -7.852650e+000 3.222572e-001 -2.202394e+000 1.939171e+000 -4.838628e+000 -1.115935e+000 9.559522e-002 -6.428068e-001 -2.320414e+000 4.382013e+000 -1.616357e+000 -3.521492e-001 -2.393346e-002 -5.868119e-001 -1.677223e+000 -1.668230e+000 8.407290e-001 1.037930e+000 -2.195369e+000 7.429819e-001 -1.373933e-001 -1.375052e-001 
1.982038e+001 1.075680e+001 -7.352338e+000 -1.659830e+000 -2.997753e-001 -1.934201e-002 -4.210691e+000 -1.206813e+000 -5.389678e-001 -1.099044e+000 -1.571567e+000 2.399173e+000 -1.676542e+000 8.103433e-002 7.831152e-002 -4.505996e-001 -1.484221e+000 -1.677589e+000 3.448057e-001 1.619997e+000 -2.034537e+000 -1.154226e-001 -6.858350e-002 -2.099374e-001 
1.997923e+001 1.090082e+001 -9.012466e+000 -1.086984e+000 -2.843495e-001 7.896674e-001 -4.040617e+000 -6.701613e-002 -9.287884e-001 -1.042370e+000 -2.601970e+000 2.813691e+000 -1.407276e+000 8.805671e-001 -1.128295e-001 2.581508e-002 -1.561000e+000 -1.185551e+000 5.958794e-001 1.583347e+000 -2.278076e+000 -4.455193e-001 1.528098e-002 -4.048676e-001 
1.922389e+001 9.452587e+000 -9.603224e+000 -2.428415e+000 -1.519028e+000 1.123981e+000 -4.308069e+000 7.356714e-001 -2.505364e-001 -9.476884e-001 -2.729447e+000 3.219318e+000 -8.559689e-001 -1.084090e-001 -2.406376e-001 -2.845225e-002 -2.018834e+000 -8.870259e-001 3.782000e-001 1.427183e+000 -2.460740e+000 2.364393e-001 1.229341e-001 -5.515588e-001 
2.068673e+001 1.007950e+001 -8.870561e+000 -2.727819e+000 -2.736175e-002 7.705681e-001 -3.999890e+000 7.611118e-001 -1.349143e+000 -1.563108e+000 -3.263227e+000 2.558650e+000 -6.293646e-001 3.428905e-001 -4.293391e-001 7.149047e-001 -1.448642e+000 -7.942772e-001 2.534013e-001 1.393347e+000 -2.968168e+000 -4.244907e-001 8.797339e-002 -5.361168e-001 
2.079701e+001 9.823345e+000 -9.437038e+000 -2.464252e+000 2.651877e-001 5.930098e-001 -4.016359e+000 2.759362e-001 -1.460147e+000 -8.370368e-001 -2.705298e+000 2.947179e+000 -1.715651e+000 1.881985e-001 -7.107546e-001 7.921135e-002 -1.791162e+000 -8.405028e-001 -1.054658e-001 1.212150e+000 -2.881815e+000 -8.065017e-001 2.396888e-001 -7.615265e-001 
2.058578e+001 9.163413e+000 -1.024046e+001 -2.065055e+000 -1.251985e+000 5.896842e-001 -5.604426e+000 -2.200819e-001 -2.359799e+000 -2.196424e-001 -2.898498e+000 2.260762e+000 -2.164689e+000 8.025540e-001 -5.663596e-001 2.672698e-001 -2.267582e+000 -5.039418e-001 -5.254378e-001 1.073325e+000 -2.760561e+000 -9.549849e-001 7.428764e-002 -6.566020e-001 
2.176158e+001 7.465618e+000 -8.994717e+000 -3.144625e+000 -5.773677e-001 4.311451e-001 -5.801512e+000 -1.352346e+000 -1.132159e+000 -1.884239e+000 -3.592358e+000 2.450444e+000 -1.679468e+000 1.502335e-001 -2.346810e-001 -3.595033e-002 -2.281788e+000 -1.770081e+000 -2.773775e-001 9.283046e-001 -2.486493e+000 -7.919037e-001 8.998669e-002 -6.760502e-001 
2.251292e+001 9.022507e+000 -8.419009e+000 -2.488947e+000 -6.392884e-002 2.856258e-001 -5.026103e+000 -3.884060e-001 -1.023650e+000 -1.186326e+000 -3.063999e+000 3.045330e+000 -7.114089e-001 -3.845471e-001 2.339554e-001 6.374566e-001 -2.202202e+000 -9.025310e-001 -1.885322e-001 1.097480e+000 -1.762550e+000 -5.771505e-001 1.163274e-001 -1.117332e+000 
2.274728e+001 8.962770e+000 -9.029297e+000 -2.448595e+000 -9.266843e-001 -3.220440e-001 -4.856264e+000 -1.884779e-002 -2.325985e+000 -5.426150e-001 -3.291758e+000 2.033954e+000 -7.647972e-001 -3.808996e-001 -1.839930e-001 3.477636e-001 -2.729026e+000 -5.158410e-001 -5.703346e-001 9.430011e-001 -1.503078e+000 -6.129411e-001 1.307866e-001 -1.073746e+000 
2.252839e+001 9.523232e+000 -1.050605e+001 -1.588971e+000 -2.698396e+000 -3.646218e-001 -4.900333e+000 -1.078761e+000 -2.745505e+000 -7.795171e-002 -4.506876e+000 2.900444e+000 -1.910838e+000 2.437411e-001 -9.479613e-001 3.343083e-001 -2.888345e+000 -1.114725e+000 -5.593686e-001 8.751416e-001 -1.744885e+000 -7.203980e-001 1.280251e-002 -1.021984e+000 
