1.386829e+001 2.098380e+001 -7.550214e+000 2.294252e+000 -1.929301e+000 6.410115e-001 -1.731663e+000 2.226824e-001 6.027332e-001 -1.433418e+000 7.828167e-002 -1.113809e-001 1.549490e+000 -4.657507e-001 -9.449923e-001 -1.941990e+000 -2.195753e-001 6.378418e-001 -1.598500e-001 -8.962462e-001 -7.119147e-001 1.708709e-001 -4.871478e-001 4.037826e-001 
1.342115e+001 1.834209e+001 -2.591253e+000 1.878728e+000 -1.504612e+000 4.075929e-001 -4.126636e-001 -7.838542e-001 -2.086781e-001 -1.160014e+000 2.596303e-001 6.559547e-001 1.663055e+000 1.456968e-001 -1.975021e+000 -2.272185e+000 -6.499973e-001 8.433128e-001 1.409957e-001 -5.617470e-001 -4.026548e-001 -4.538976e-001 -7.051479e-001 -9.661153e-002 
1.130524e+001 1.952137e+001 -3.738377e+000 4.364057e+000 -2.971705e+000 1.858842e+000 -1.593064e+000 8.202556e-001 -6.359773e-002 -1.357599e+000 3.661365e-001 5.049719e-002 1.874133e+000 -4.785292e-001 -9.504881e-001 -2.286745e+000 -6.448447e-002 9.987774e-002 -2.726637e-001 -1.458584e+000 -3.299656e-001 -3.202336e-001 -2.433107e-001 7.025649e-001 
1.099322e+001 1.744552e+001 -1.231686e+000 2.379647e+000 -2.099627e+000 1.566431e+000 7.662297e-002 9.144825e-001 4.256099e-001 -1.805839e+000 -2.620917e-001 3.354369e-001 1.468796e+000 -2.409865e-001 -1.240329e+000 -1.643144e+000 -2.902076e-001 2.021964e-001 -1.077364e+000 -9.453965e-001 -8.166052e-001 -2.844218e-001 2.153157e-001 7.126738e-001 
1.195146e+001 1.715632e+001 -2.854930e+000 2.921348e+000 -1.399705e+000 1.492855e+000 -1.706605e-002 7.839836e-001 6.378659e-001 -1.376748e+000 -8.139717e-002 -7.443828e-002 9.940711e-001 1.442983e-001 -1.023326e+000 -1.451398e+000 -2.804273e-001 1.128928e-001 -9.344987e-001 -1.519576e+000 -4.704174e-001 2.435098e-002 -3.660997e-001 8.884594e-001 
1.049647e+001 1.824525e+001 -3.299374e+000 3.326964e+000 -2.274632e+000 1.758515e+000 -2.269626e-001 1.358548e+000 4.393153e-001 -1.758233e+000 7.916710e-002 -4.235964e-001 9.889768e-001 1.660973e-001 -9.859872e-001 -2.076273e+000 1.250973e-002 4.002483e-001 -9.759495e-001 -1.203231e+000 -3.423150e-001 -3.504642e-001 -1.077055e-001 7.397465e-001 
1.018637e+001 1.893615e+001 -2.929544e+000 4.176228e+000 -2.582658e+000 1.171507e+000 -1.610499e+000 5.717618e-001 4.597900e-001 -9.140956e-001 4.550448e-001 -2.230948e-001 5.062975e-001 -1.907916e-001 -1.227693e+000 -2.280151e+000 2.530533e-001 2.281920e-001 -4.150961e-001 -8.882886e-001 -1.368615e-001 -3.444662e-001 -4.689962e-001 9.917358e-002 
1.033292e+001 1.971438e+001 -2.605656e+000 2.819062e+000 -3.455804e+000 1.898959e+000 -2.630468e+000 3.971893e-001 1.546751e+000 -8.617778e-001 -2.319657e-001 -9.176727e-001 5.258067e-001 -9.576625e-001 -4.349783e-001 -1.393152e+000 -2.403083e-001 3.718368e-001 -6.945457e-002 -9.439588e-001 -3.320862e-001 -5.273984e-001 -4.666645e-001 2.392745e-001 
1.282369e+001 1.923085e+001 -4.885808e+000 1.777999e+000 -1.576658e+000 1.160738e+000 -2.639080e+000 -3.489967e-002 1.146267e+000 -7.661650e-001 -3.322003e-001 -1.386040e+000 3.012551e-001 -4.290770e-001 -6.018678e-001 -9.665723e-001 -2.270538e-001 6.590604e-001 -6.114470e-001 -1.278317e+000 -3.695411e-001 -2.074887e-001 -3.172588e-002 3.676220e-001 
1.642486e+001 1.633942e+001 -4.891170e+000 4.964969e-001 2.184886e-001 -4.728941e-001 -1.386790e+000 -6.958786e-001 4.697119e-001 -1.208087e+000 -4.385955e-001 -1.770559e-001 -1.443301e-001 3.370433e-001 -5.362121e-001 -1.419280e+000 -4.579384e-001 3.331673e-001 -1.070059e+000 -1.359683e+000 1.371395e-001 1.666000e-001 -6.010050e-002 6.322835e-001 
1.392822e+001 2.053872e+001 -8.558856e+000 3.297975e+000 -2.388980e+000 4.342149e-001 -1.686439e+000 -8.013366e-001 1.533187e-001 -2.478383e+000 -4.446591e-003 -6.287242e-001 1.032003e+000 -6.220232e-001 -9.122017e-002 -1.560295e+000 -3.700862e-001 6.260795e-001 -9.221637e-001 -5.444771e-001 -5.694523e-001 2.697996e-001 -7.027627e-001 3.374835e-001 
1.669152e+001 1.765105e+001 -6.552206e+000 1.445495e+000 -9.445784e-001 -1.480675e+000 -4.963483e-001 -9.714028e-001 -5.328935e-001 -2.080359e+000 -1.062123e+000 2.496084e-001 4.813256e-001 7.494157e-002 -7.270621e-001 -1.285043e+000 -3.485555e-001 5.604752e-001 -1.210745e-001 -8.391838e-001 -5.011717e-001 -4.196810e-001 -6.044243e-001 4.678268e-001 
1.541551e+001 2.009226e+001 -1.000681e+001 3.127566e+000 -2.388752e+000 -5.618625e-002 -2.754109e+000 -8.334370e-001 -5.649889e-001 -2.213533e+000 -6.847820e-001 -8.478182e-001 1.189747e+000 1.849103e-002 -2.572482e-001 -2.471449e+000 -6.692573e-002 7.760461e-001 -1.367842e-001 -9.454068e-001 -8.542610e-001 -2.614658e-001 -6.902973e-001 7.478500e-001 
1.594598e+001 1.951581e+001 -8.836830e+000 2.383229e+000 -1.039143e+000 -1.243026e+000 -2.510348e+000 -1.094486e+000 -5.342909e-002 -1.540975e+000 -1.113406e+000 -7.135946e-001 9.298096e-001 9.979420e-002 -2.711931e-001 -1.937567e+000 -5.190003e-001 9.798999e-001 -4.525879e-001 -1.177261e+000 -6.773235e-001 -3.399357e-001 -4.912805e-001 4.873665e-001 
1.745418e+001 1.695325e+001 -6.267553e+000 1.303093e+000 -7.443298e-001 -1.862125e+000 -2.024012e+000 -1.735504e+000 -7.121427e-002 -1.377386e+000 -1.448404e+000 -3.721766e-001 4.421491e-001 -1.346083e-001 -5.811989e-001 -1.210817e+000 -4.436407e-001 5.974280e-001 -4.981982e-001 -1.232288e+000 -7.569649e-001 -3.940027e-001 -4.421325e-001 3.340835e-001 
1.688335e+001 1.785233e+001 -6.713235e+000 2.161131e+000 -1.651728e+000 -1.984862e+000 -1.815836e+000 -1.503765e+000 -2.884579e-001 -2.029410e+000 -6.969040e-001 -1.658498e-001 1.174201e-001 -6.075295e-003 -5.349259e-001 -1.200426e+000 -3.942756e-001 2.434482e-001 -8.008555e-001 -9.720687e-001 -4.712697e-001 -3.943440e-001 -7.586695e-001 1.487993e-001 
1.770049e+001 1.705062e+001 -6.026295e+000 1.353951e+000 -9.114417e-001 -2.463910e+000 -1.856335e+000 -1.455793e+000 -2.127481e-001 -1.990589e+000 -1.067060e+000 3.585991e-002 -7.719575e-002 1.692945e-001 -4.095146e-001 -1.133546e+000 -5.745058e-001 1.053588e-001 -5.782406e-001 -1.072575e+000 -2.876309e-001 -4.651294e-001 -9.664062e-001 1.158148e-001 
1.833652e+001 1.663939e+001 -5.531293e+000 1.071302e+000 -6.525255e-001 -2.679800e+000 -1.558689e+000 -1.386169e+000 -4.297748e-001 -1.904941e+000 -1.176547e+000 1.408697e-001 -6.947285e-002 2.009182e-001 -4.144734e-001 -1.232355e+000 -6.317634e-001 1.671509e-001 -4.747923e-001 -1.176389e+000 -3.398906e-001 -4.745913e-001 -9.035454e-001 1.759933e-001 
1.541380e+001 2.050743e+001 -8.764582e+000 3.198144e+000 -1.930321e+000 -2.249868e+000 -1.768803e+000 -1.546043e+000 -1.116092e-001 -2.460366e+000 -4.655492e-001 -4.324280e-001 3.473640e-001 -1.415069e-001 -4.845553e-001 -1.036300e+000 -9.381874e-001 5.869398e-001 -6.826820e-001 -1.324453e+000 -1.985057e-001 -5.214723e-001 -7.781860e-001 1.941116e-001 
1.571716e+001 2.011770e+001 -8.321752e+000 3.294414e+000 -1.890879e+000 -2.004470e+000 -1.744927e+000 -1.478387e+000 -2.194358e-001 -2.329740e+000 -4.629906e-001 -2.959200e-001 4.327130e-001 -2.098223e-001 -5.569071e-001 -1.077556e+000 -7.655909e-001 6.101744e-001 -8.092664e-001 -1.198480e+000 -4.245583e-001 -4.526948e-001 -5.659590e-001 6.233304e-003 
1.866939e+001 1.571518e+001 -3.437866e+000 3.201351e-001 3.663544e-001 -1.688688e+000 -1.144721e+000 -6.945652e-001 -9.886362e-002 -1.056356e+000 -7.125497e-001 6.751792e-001 6.019347e-001 -7.039161e-002 -6.785213e-001 -8.956324e-001 -2.464351e-001 4.443259e-001 -3.316273e-001 -1.220670e+000 -5.696376e-001 -2.273286e-001 -2.297084e-001 3.188823e-001 
1.429462e+001 2.019936e+001 -7.068837e+000 1.754211e+000 -1.169699e+000 -1.894748e-002 -1.379178e+000 -3.612384e-002 5.799983e-001 -1.374530e+000 8.071298e-002 1.879344e-001 1.305715e+000 -2.488304e-001 -1.167472e+000 -1.797235e+000 -3.870687e-001 7.543447e-001 -2.176020e-001 -9.516845e-001 -5.939072e-001 1.121081e-001 -5.784745e-001 4.884186e-001 
1.178086e+001 2.088266e+001 -5.035403e+000 3.575921e+000 -2.855383e+000 1.501441e+000 -1.244250e+000 -3.528879e-001 -2.053917e-001 -1.227244e+000 4.527694e-001 1.050369e-001 2.019157e+000 -2.608239e-001 -1.413527e+000 -2.625399e+000 -2.725868e-001 5.728364e-001 2.226609e-001 -7.446570e-001 -3.957671e-001 -3.915222e-001 -5.991042e-001 -4.523215e-002 
1.160863e+001 1.867940e+001 -3.025466e+000 3.876418e+000 -2.282843e+000 1.342370e+000 -1.463313e+000 3.915741e-001 -3.131318e-002 -1.221494e+000 3.541330e-001 1.150691e-001 1.638818e+000 -2.260351e-001 -1.111163e+000 -1.933615e+000 -3.698673e-001 2.942104e-001 -6.181589e-001 -1.185557e+000 -4.409715e-001 -1.031898e-001 -3.738916e-001 7.044413e-001 
1.118539e+001 1.717755e+001 -9.988843e-001 2.186500e+000 -1.912222e+000 1.430537e+000 5.527787e-002 8.557775e-001 4.783599e-001 -1.764315e+000 -3.028587e-001 4.081910e-001 1.462398e+000 -1.436694e-001 -1.235488e+000 -1.657714e+000 -3.507016e-001 2.478134e-001 -1.004863e+000 -9.581415e-001 -8.572316e-001 -2.978124e-001 2.546517e-001 7.133334e-001 
1.201279e+001 1.656869e+001 -2.374468e+000 2.563711e+000 -1.301039e+000 1.059115e+000 4.443061e-002 7.543275e-001 6.440685e-001 -1.450721e+000 -2.422132e-001 -9.869306e-002 9.736851e-001 2.237549e-001 -1.068074e+000 -1.482569e+000 -3.791004e-001 2.357017e-001 -7.635127e-001 -1.417226e+000 -5.828268e-001 -7.025435e-002 -2.271415e-001 1.029302e+000 
1.098538e+001 1.717460e+001 -2.503875e+000 2.563434e+000 -1.618758e+000 1.201560e+000 8.011799e-003 9.491960e-001 5.141535e-001 -1.611298e+000 1.922232e-002 -3.939051e-001 7.878731e-001 2.759582e-001 -1.190998e+000 -1.809489e+000 -5.999227e-002 5.370133e-001 -1.136218e+000 -1.118706e+000 -3.979610e-001 -3.107497e-001 -8.625656e-002 8.866810e-001 
1.046449e+001 1.826362e+001 -2.600374e+000 3.803117e+000 -2.137647e+000 8.909102e-001 -1.290017e+000 5.452241e-001 6.986746e-001 -9.200080e-001 5.009619e-001 -1.728012e-001 3.753816e-001 -5.123816e-002 -1.291897e+000 -2.195454e+000 1.290773e-001 2.806909e-001 -6.420599e-001 -8.179840e-001 -2.837023e-001 -2.626277e-001 -4.862100e-001 2.054416e-001 
1.017984e+001 1.900566e+001 -1.839039e+000 2.559062e+000 -3.142162e+000 1.453080e+000 -2.072864e+000 3.364277e-001 1.571932e+000 -1.091947e+000 7.470220e-002 -6.611343e-001 3.291949e-001 -9.237368e-001 -6.549313e-001 -1.053743e+000 -4.719773e-001 3.347694e-001 -3.296143e-001 -6.678549e-001 -4.905815e-001 -4.389952e-001 -4.378383e-001 3.088768e-001 
1.352746e+001 1.766874e+001 -3.028377e+000 4.839145e-001 -7.172935e-001 4.631168e-001 -2.072157e+000 -1.586506e-001 1.203683e+000 -8.050187e-001 -4.812547e-001 -1.097848e+000 1.334331e-001 -3.593093e-001 -8.160325e-001 -6.600159e-001 -3.124615e-001 5.708380e-001 -6.388638e-001 -1.224958e+000 -4.022087e-001 -2.140228e-001 -3.488303e-002 3.290868e-001 
1.459092e+001 1.854337e+001 -6.746821e+000 2.111666e+000 -1.006711e+000 2.114556e-001 -1.702605e+000 -4.753671e-001 6.318610e-001 -1.428168e+000 -1.295611e-001 -5.244894e-001 3.586564e-002 -7.216931e-003 -4.406610e-001 -1.372439e+000 -3.917217e-001 3.691436e-001 -1.091904e+000 -1.284068e+000 2.833034e-002 1.779280e-001 -1.637086e-001 6.954585e-001 
1.343078e+001 2.087778e+001 -8.507137e+000 3.522831e+000 -2.672163e+000 4.870555e-001 -1.652041e+000 -7.915429e-001 2.872397e-001 -2.729252e+000 1.712726e-001 -7.771033e-001 1.172500e+000 -6.244606e-001 4.102447e-002 -1.555753e+000 -5.231367e-001 7.130271e-001 -1.184775e+000 -3.271938e-001 -7.322112e-001 4.352550e-001 -7.561042e-001 5.480808e-001 
1.454936e+001 2.010968e+001 -8.699742e+000 3.395434e+000 -2.131413e+000 -5.174037e-001 -9.932653e-001 -8.879072e-001 -3.040349e-001 -2.651086e+000 -4.228987e-001 -3.895741e-001 9.571122e-001 -2.643399e-001 -4.376428e-001 -1.426885e+000 -3.548860e-001 7.622095e-001 -3.317205e-001 -5.318038e-001 -8.435199e-001 -1.768521e-001 -8.463077e-001 5.795976e-001 
1.510603e+001 2.015240e+001 -9.747863e+000 3.032660e+000 -2.126984e+000 3.634637e-002 -2.455410e+000 -9.977144e-001 -4.480360e-001 -2.251890e+000 -6.250296e-001 -9.190524e-001 1.219759e+000 -6.225563e-003 -2.729088e-001 -2.319963e+000 -4.796269e-002 9.508593e-001 -2.034870e-001 -9.278317e-001 -9.969535e-001 -2.194205e-001 -7.699688e-001 7.794744e-001 
1.573898e+001 1.928942e+001 -8.814821e+000 2.071416e+000 -1.187756e+000 -1.318717e+000 -2.505642e+000 -1.216504e+000 -3.645479e-001 -1.417430e+000 -1.200136e+000 -7.689220e-001 8.475365e-001 1.910966e-001 -2.458163e-001 -2.033186e+000 -5.004789e-001 1.051337e+000 -3.314869e-001 -1.328092e+000 -6.073603e-001 -3.296794e-001 -4.338146e-001 4.073998e-001 
1.676083e+001 1.782172e+001 -6.791668e+000 1.791722e+000 -1.088532e+000 -1.571932e+000 -2.076023e+000 -1.582045e+000 -3.186144e-002 -1.485326e+000 -1.251760e+000 -5.020556e-001 5.388157e-001 -1.052502e-001 -4.841587e-001 -1.305912e+000 -3.703429e-001 7.281168e-001 -5.865208e-001 -1.186072e+000 -8.289734e-001 -2.560138e-001 -4.427985e-001 2.443890e-001 
1.640755e+001 1.797895e+001 -6.862655e+000 2.331529e+000 -1.790663e+000 -2.011939e+000 -1.845235e+000 -1.442074e+000 -1.639150e-001 -2.185766e+000 -7.898677e-001 -1.616758e-001 1.506835e-001 9.901257e-002 -5.602684e-001 -1.183148e+000 -3.316166e-001 3.670012e-001 -7.753518e-001 -1.069382e+000 -5.008032e-001 -4.204344e-001 -7.382492e-001 1.798767e-001 
1.427683e+001 2.127801e+001 -9.854299e+000 4.501687e+000 -3.117203e+000 -1.348587e+000 -2.453933e+000 -1.750352e+000 6.276819e-001 -3.162767e+000 2.996673e-001 -1.482064e+000 1.192208e+000 -8.666164e-001 2.591350e-001 -1.355128e+000 -7.391728e-001 6.363198e-001 -1.360265e+000 -2.577649e-001 -1.105708e+000 2.373039e-001 -1.448464e+000 3.885021e-001 
1.673071e+001 1.823825e+001 -6.990207e+000 2.245812e+000 -1.450718e+000 -2.451938e+000 -1.620253e+000 -1.599357e+000 -1.857372e-001 -2.153914e+000 -9.323881e-001 3.966132e-002 6.344869e-003 1.286941e-001 -4.378788e-001 -1.110069e+000 -6.901437e-001 1.443039e-001 -5.208455e-001 -1.107521e+000 -3.181349e-001 -4.798123e-001 -8.835260e-001 1.804188e-001 
1.592112e+001 1.964616e+001 -7.985756e+000 2.625426e+000 -1.440945e+000 -2.422807e+000 -1.636281e+000 -1.468911e+000 -2.001677e-001 -2.290636e+000 -6.895453e-001 -1.891313e-001 1.774865e-001 1.676719e-002 -5.322231e-001 -1.054857e+000 -9.503853e-001 4.993395e-001 -6.038825e-001 -1.371049e+000 -1.572180e-001 -5.864061e-001 -7.323305e-001 2.139737e-001 
1.580778e+001 1.970966e+001 -7.987439e+000 2.935284e+000 -1.791888e+000 -2.165839e+000 -1.680285e+000 -1.518151e+000 -2.744020e-001 -2.242555e+000 -5.703373e-001 -2.736567e-001 3.978762e-001 -2.012540e-001 -6.025313e-001 -1.075590e+000 -7.968105e-001 5.471204e-001 -7.431901e-001 -1.231525e+000 -4.092426e-001 -4.832943e-001 -5.312763e-001 6.139077e-003 
