1.012303e+001 1.155211e+001 -8.691976e+000 2.429499e+000 -8.276287e-001 4.461026e+000 -3.432113e+000 2.371634e+000 -9.904910e-001 -3.813517e+000 -2.814000e-001 -1.050945e+000 -6.996295e-001 -2.221176e+000 3.581183e-001 -7.998666e-001 -1.536629e+000 -6.037343e-001 -4.238270e-001 8.738871e-001 -1.071783e+000 -1.168826e+000 1.652839e-002 7.626399e-001 
1.119573e+001 9.770759e+000 -6.559453e+000 5.252358e+000 -3.002889e+000 5.250953e+000 -3.620981e+000 3.162825e+000 -6.825271e-001 -3.270322e+000 -4.082976e-001 -2.198572e+000 3.437558e-001 -2.416861e+000 -5.804301e-001 -2.529025e+000 -8.741694e-001 -6.263240e-001 1.324094e-001 1.281761e+000 -4.105777e-001 -6.660065e-001 1.853736e-001 3.682960e-001 
1.286112e+001 9.072752e+000 -5.214409e+000 6.066516e+000 -3.801223e+000 6.898230e+000 -4.921073e+000 3.071142e+000 -1.887353e+000 -3.132162e+000 -7.374044e-001 -2.089797e+000 -3.245946e-002 -2.099276e+000 1.122297e+000 -1.714261e+000 7.014406e-002 -1.490515e+000 -8.690937e-002 1.157455e-002 -5.140148e-001 -9.015374e-001 7.704782e-002 -2.370156e-002 
1.278558e+001 7.081009e+000 -3.766163e+000 4.892662e+000 -3.896673e+000 5.598972e+000 -4.719766e+000 1.652531e+000 -1.151597e+000 -1.878706e+000 2.505728e-002 -1.631865e+000 -2.715066e-001 -1.718010e+000 8.045662e-001 -9.216678e-001 -4.833625e-001 -1.267447e+000 -1.757410e-001 5.903598e-002 -7.150450e-001 -1.048806e+000 -1.854042e-001 2.922165e-001 
1.149285e+001 7.450462e+000 -4.862056e+000 5.163464e+000 -5.480049e+000 6.467719e+000 -5.595826e+000 3.046927e+000 -1.257415e+000 -2.333364e+000 -2.599558e-001 -6.565021e-001 3.126772e-001 -1.701552e+000 9.379699e-001 -8.223197e-001 7.967151e-001 -2.031038e+000 -2.396335e-001 -7.717841e-001 -3.706626e-001 -1.179458e+000 1.035630e-002 -5.084942e-001 
1.172465e+001 5.100223e+000 -3.361034e+000 3.970175e+000 -3.918738e+000 5.970090e+000 -5.698197e+000 1.392468e+000 -7.610275e-001 -2.323285e+000 2.997555e-001 -6.252166e-001 4.680976e-002 -2.318785e+000 4.424542e-001 -2.556318e-001 1.564189e-001 -1.262169e+000 -8.442354e-001 -3.552015e-001 -8.626010e-001 -1.257845e-001 -4.930200e-001 -3.756185e-001 
9.971537e+000 4.501599e+000 -4.567912e+000 3.634293e+000 -6.000495e+000 8.649554e+000 -5.541504e+000 1.389457e+000 -7.351065e-001 -1.638178e+000 -7.973927e-001 -9.237141e-001 1.307623e+000 -2.843139e+000 1.058890e+000 -6.748580e-002 6.316938e-001 -1.864369e+000 -5.578773e-001 -3.511060e-001 -1.467841e+000 -7.003923e-001 5.673340e-002 -2.786909e-001 
1.087344e+001 6.503165e+000 -4.119015e+000 4.184840e+000 -5.084860e+000 8.192230e+000 -5.166935e+000 8.797980e-001 8.903508e-001 -3.058587e+000 -7.113708e-001 -1.833792e+000 1.210589e+000 -2.791412e+000 1.388780e-001 -1.594780e-001 -3.571819e-001 -1.391718e+000 -6.901142e-001 9.582694e-001 -1.927619e+000 1.886855e-001 -4.150308e-001 5.599811e-002 
1.099084e+001 7.762805e+000 -5.895888e+000 5.133189e+000 -6.098883e+000 7.690711e+000 -5.010179e+000 4.109417e-001 -2.180120e-001 -4.326058e+000 1.299851e+000 -1.796643e+000 1.471072e+000 -2.725373e+000 2.123253e-001 -7.925562e-001 -8.958513e-002 -4.821510e-001 -1.541043e+000 9.265782e-001 -1.783297e+000 1.216004e-002 -1.520806e+000 1.877169e-001 
8.354689e+000 8.308852e+000 -6.799487e+000 4.741454e+000 -5.477095e+000 6.864197e+000 -5.280625e+000 -2.643884e-001 8.195198e-001 -4.223590e+000 4.390066e-002 -2.589175e+000 3.066167e-001 -1.982941e+000 6.017649e-001 -6.720461e-001 -7.320835e-001 -1.421625e+000 -7.840979e-001 5.857157e-001 -1.817678e+000 -6.519128e-002 -2.718661e-001 2.816824e-001 
7.356152e+000 1.013553e+001 -5.910941e+000 1.876464e+000 -1.800670e+000 5.914056e+000 -3.732604e+000 -1.370046e+000 5.650220e-001 -3.386643e+000 -1.955373e+000 -3.160848e+000 -9.011628e-001 -2.535659e+000 -7.958885e-001 -7.274681e-001 -9.149718e-001 -1.003675e+000 -7.445978e-001 1.030807e+000 -5.620084e-001 -1.207388e-001 -2.517939e-001 6.101240e-001 
8.330600e+000 1.395233e+001 -5.647350e+000 1.634470e+000 -1.878938e+000 3.992392e+000 -3.540909e+000 -9.946161e-001 1.205981e-001 -2.169127e+000 -2.352583e+000 -2.696736e+000 -1.183091e+000 -1.763012e+000 2.967937e-001 -9.100651e-001 -1.204124e+000 -1.605834e+000 -7.264867e-001 9.330360e-001 -1.776958e-001 -3.946587e-001 -7.824979e-001 3.365776e-001 
1.034958e+001 1.256139e+001 -4.942137e+000 2.667361e-001 -1.118770e+000 2.106752e+000 -3.639361e+000 -7.390776e-001 -8.601865e-001 -2.204748e+000 -2.200928e+000 -2.248893e+000 -7.294779e-001 -2.086375e+000 -9.507577e-001 -9.002726e-001 -2.274638e-001 -1.025821e+000 -1.369446e+000 -5.626441e-002 -3.277726e-001 -5.629797e-001 -6.361885e-001 8.463043e-001 
1.017204e+001 1.338986e+001 -4.850880e+000 1.301095e+000 -1.254953e+000 8.227188e-001 -3.942781e+000 8.513685e-001 -9.750590e-005 -1.429497e+000 -2.646759e+000 -1.474399e+000 -1.645700e+000 -2.131188e+000 -1.382429e+000 -8.822203e-002 5.254721e-001 -6.513906e-001 -1.680550e+000 -7.967367e-001 -6.568567e-002 -2.884744e-001 -4.821585e-001 7.561847e-001 
1.287536e+001 1.293829e+001 -5.365596e+000 5.201191e-001 -2.752797e-001 1.117416e+000 -3.135343e+000 1.473620e+000 1.041923e-001 -1.621049e+000 -4.650699e-001 -1.548700e+000 -2.273947e+000 -2.006303e+000 -1.347075e-001 -2.484389e-002 -1.566733e-001 5.269709e-002 -7.517166e-001 -5.236039e-001 -1.075228e+000 -7.764147e-001 1.490856e-001 9.365054e-001 
1.164704e+001 1.158065e+001 -8.489722e+000 2.176882e+000 6.456565e-001 4.706114e+000 -3.287750e+000 2.796848e+000 -1.518182e+000 -3.728493e+000 -7.919017e-001 -1.388132e+000 -1.486995e+000 -2.228471e+000 9.795401e-002 -8.357629e-001 -1.917346e+000 -3.841987e-001 -1.567799e-001 1.064758e+000 -7.942557e-001 -1.202151e+000 4.715037e-001 8.926757e-001 
1.168307e+001 1.077423e+001 -5.785877e+000 4.122821e+000 -1.767092e+000 4.066803e+000 -2.733016e+000 2.503418e+000 -8.157835e-001 -3.803585e+000 -9.599214e-001 -2.477423e+000 1.870132e-001 -1.634073e+000 -1.197548e-001 -9.932632e-001 -6.136597e-001 -6.549040e-001 -6.299176e-001 5.571523e-001 -1.251304e+000 -5.408570e-001 8.089913e-003 6.879530e-001 
1.243239e+001 8.923654e+000 -5.917901e+000 5.803141e+000 -3.920058e+000 6.774451e+000 -4.421545e+000 3.465597e+000 -1.603479e+000 -3.442983e+000 -7.132829e-001 -2.207254e+000 -1.300137e-001 -2.367532e+000 1.062431e+000 -1.733181e+000 -9.406809e-002 -1.077414e+000 -1.686167e-001 1.857762e-001 -4.652812e-001 -8.550231e-001 -1.493219e-001 5.312031e-002 
1.138919e+001 6.777271e+000 -5.263013e+000 5.443132e+000 -4.346028e+000 6.299731e+000 -3.610977e+000 3.234538e+000 -1.305106e+000 -2.001082e+000 -5.801990e-001 -1.612720e+000 -1.897424e-001 -1.698355e+000 8.292623e-001 -1.233379e+000 5.592622e-003 -1.416345e+000 -1.033787e-001 -5.310801e-001 -3.782328e-001 -6.623018e-001 -3.512579e-002 -9.054355e-002 
1.109347e+001 6.667467e+000 -3.813798e+000 5.303510e+000 -4.933982e+000 5.689633e+000 -5.655866e+000 2.770962e+000 -7.371693e-001 -2.177078e+000 -6.899992e-001 -1.537385e+000 2.838975e-001 -1.467332e+000 7.958001e-001 -8.441819e-001 1.634136e-001 -1.947364e+000 -4.118259e-001 -3.468634e-001 -5.194647e-001 -1.052598e+000 -6.042510e-002 3.521995e-002 
1.096825e+001 6.760679e+000 -4.554682e+000 4.366719e+000 -5.092246e+000 5.928217e+000 -6.984767e+000 2.289483e+000 -1.111859e+000 -1.879569e+000 -5.589062e-001 -1.482290e+000 -5.281867e-001 -1.851570e+000 1.967365e+000 -3.577797e-001 3.847326e-001 -2.613367e+000 -1.299417e-001 -5.304052e-001 -4.471661e-001 -9.444207e-001 2.154721e-001 6.475036e-002 
1.139949e+001 5.045046e+000 -1.147066e+000 5.119933e+000 -4.418958e+000 6.612870e+000 -5.719087e+000 9.616634e-001 1.655742e-001 -1.797199e+000 -1.181247e+000 -2.495917e+000 -4.864978e-001 -2.176506e+000 7.234991e-001 -3.802439e-001 -4.463010e-001 -1.216494e+000 -1.724492e-001 1.308978e-001 -1.112407e+000 -3.666516e-001 8.779159e-002 -3.235892e-001 
1.149554e+001 7.447911e+000 -2.087155e+000 4.872750e+000 -5.331639e+000 8.874732e+000 -5.209759e+000 4.959697e-002 3.384673e-001 -2.231616e+000 -1.534820e+000 -2.934189e+000 8.022202e-001 -2.390909e+000 6.366451e-001 -5.739971e-001 -6.641019e-001 -1.890802e+000 -6.166679e-001 1.453840e+000 -1.188519e+000 -1.044853e-001 -5.162992e-001 -3.584284e-002 
1.098833e+001 7.010425e+000 -3.977145e+000 4.199534e+000 -6.605073e+000 6.933120e+000 -4.928041e+000 -7.803342e-002 2.689516e-002 -3.634245e+000 -6.883030e-002 -2.716517e+000 9.691134e-001 -1.624263e+000 3.358813e-001 -6.410572e-001 -5.981617e-002 -8.212642e-001 -1.605358e+000 1.037613e+000 -1.632308e+000 -1.751973e-001 -1.291253e+000 5.280715e-001 
7.535886e+000 6.674660e+000 -7.067361e+000 3.976757e+000 -7.065362e+000 6.487331e+000 -4.905107e+000 5.996499e-001 9.549347e-001 -3.944791e+000 4.458770e-001 -2.362219e+000 4.318498e-001 -2.533172e+000 -1.660189e-001 -9.915876e-001 -7.384795e-001 -8.332710e-001 -6.326067e-001 1.336636e+000 -1.302785e+000 8.229176e-001 -4.921409e-001 5.491479e-002 
7.753024e+000 1.038206e+001 -7.429337e+000 2.680072e+000 -3.316908e+000 5.613855e+000 -4.564006e+000 -1.048533e+000 8.395094e-001 -4.705416e+000 -2.199486e+000 -3.031677e+000 1.661687e-001 -2.048700e+000 -5.510402e-001 -6.543067e-001 -7.293465e-001 -1.170318e+000 -1.003931e+000 8.530901e-001 -1.218089e+000 -1.007399e-001 -7.320385e-001 7.694727e-001 
8.360143e+000 1.283413e+001 -6.229028e+000 4.488890e-001 -1.737566e+000 4.282383e+000 -3.548862e+000 -2.198391e+000 -4.638670e-001 -2.556737e+000 -1.809689e+000 -2.523559e+000 -9.168051e-001 -1.818800e+000 1.656132e-001 -9.536787e-001 -1.324722e+000 -1.460733e+000 -6.821021e-001 9.644261e-001 -8.150887e-001 -6.453209e-001 -7.410372e-001 7.054317e-001 
9.568728e+000 1.222995e+001 -5.615916e+000 -7.817872e-002 -1.242161e+000 2.253993e+000 -3.838312e+000 -1.986540e+000 -1.487922e+000 -2.281538e+000 -2.192744e+000 -2.155529e+000 -4.538193e-001 -1.523573e+000 -4.761819e-001 -7.457580e-001 -7.103938e-001 -1.475722e+000 -1.516520e+000 -4.882023e-002 -4.061205e-001 -8.373197e-001 -7.440458e-001 8.603937e-001 
1.069750e+001 1.355858e+001 -5.367198e+000 2.163689e-001 -1.296445e+000 2.207404e+000 -3.792739e+000 -5.268972e-001 -1.027115e+000 -1.160409e+000 -2.225886e+000 -1.475284e+000 -1.319370e+000 -2.119829e+000 -9.703142e-001 5.954246e-002 1.160289e-001 -7.913316e-001 -1.289991e+000 -8.704047e-001 -6.280894e-001 -7.311156e-001 -1.145039e-001 1.100673e+000 
