-1.230974e+000 1.725948e+001 1.084827e-001 4.784827e+000 3.287736e-001 -2.370025e+000 1.048198e-001 9.020465e-001 -1.060469e+000 -3.184202e+000 1.136426e-001 -3.086575e-001 -8.865698e-001 1.304691e-001 -8.228666e-001 -1.362856e+000 -1.682426e-001 9.609394e-001 -1.981075e-001 -2.157469e+000 -1.255847e+000 -1.776457e-002 -1.832247e-001 -2.091277e-001 
1.515703e-001 1.683678e+001 -8.381146e-001 5.308867e+000 1.854738e-001 -9.753923e-001 -1.171795e+000 4.123183e-001 3.996660e-002 -2.786383e+000 7.776626e-001 -1.009390e+000 -6.383453e-001 1.001476e-001 -8.876605e-001 -1.063901e+000 -7.400336e-001 1.061101e+000 -3.514057e-001 -1.753685e+000 -7.090192e-001 -1.561206e-001 -1.392852e-001 -8.370861e-001 
1.176735e+000 1.545284e+001 -2.030488e+000 5.888371e+000 2.849998e-001 2.526421e-001 -8.570429e-001 -2.606560e-001 4.831497e-001 -2.561856e+000 2.737768e-001 -6.747484e-001 3.839249e-001 4.230346e-001 -9.392660e-001 -1.413828e+000 -1.264671e+000 1.232777e+000 5.952771e-002 -1.538345e+000 -8.722747e-001 -5.770377e-001 -2.487800e-001 -2.525441e-001 
1.360418e+000 1.467146e+001 -2.915667e+000 8.294433e+000 -6.552389e-001 1.701887e+000 -8.123248e-001 -2.145121e-001 9.502593e-001 -4.174184e+000 9.403813e-001 -4.711113e-001 7.766633e-001 -1.567665e-001 -5.554636e-001 -1.914733e+000 -1.198391e+000 9.964257e-001 -4.458161e-002 -5.206673e-001 -1.620625e+000 -1.817969e-001 -4.048983e-001 -3.318833e-002 
3.329637e+000 1.360856e+001 -4.521035e+000 9.028055e+000 1.020576e+000 2.115853e+000 -1.420032e+000 -1.202646e+000 1.881111e+000 -3.175202e+000 -1.245218e-001 -7.032857e-001 3.192499e-001 1.600856e-001 -6.017421e-001 -8.360846e-001 -1.290375e+000 1.096411e-001 -2.887742e-001 -4.532297e-001 -8.538559e-001 -9.143738e-001 1.621925e-001 -9.662741e-002 
6.185415e+000 1.227284e+001 -4.004367e+000 7.767588e+000 1.201704e+000 1.896013e+000 -1.869186e+000 -1.747013e+000 2.418409e+000 -1.830187e+000 -1.338026e+000 -1.148609e+000 7.107425e-002 7.907081e-001 -8.289046e-001 -1.432525e+000 -5.953189e-001 1.946198e-001 -1.969667e-001 -3.520057e-001 -1.123637e+000 -1.204422e+000 -1.347896e-001 1.746786e-001 
6.280795e+000 1.513337e+001 -4.608170e+000 6.587902e+000 8.328576e-001 1.676891e+000 -2.550105e+000 -2.150386e+000 2.206699e+000 -1.793573e+000 -1.181759e+000 -2.170797e+000 -1.337266e+000 9.872649e-001 3.066442e-001 -1.923912e+000 -5.181286e-001 8.895858e-001 -9.137450e-002 -9.496234e-001 -1.655893e+000 -6.280112e-001 -3.260136e-001 -2.662864e-001 
5.297661e+000 1.942568e+001 -5.825607e+000 6.163331e+000 6.890801e-001 1.567246e-001 -2.407924e+000 -2.832356e+000 2.722433e+000 -2.303114e+000 -1.252342e+000 -3.274279e+000 -1.092284e+000 8.944459e-001 7.628936e-001 -1.664021e+000 -1.572663e+000 9.883820e-001 -5.696745e-001 -1.010873e+000 -8.926528e-001 -5.845867e-001 -7.136994e-001 1.771846e-001 
4.969622e+000 2.120946e+001 -5.379275e+000 6.088757e+000 4.018503e-001 -1.326714e+000 -2.531857e+000 -2.757423e+000 3.393485e+000 -2.040997e+000 -1.603079e+000 -3.055243e+000 -1.069168e+000 7.122967e-001 2.196751e-001 -1.163530e+000 -1.573549e+000 1.482020e+000 -7.362741e-001 -1.586244e+000 -8.638815e-001 -1.011913e+000 -1.248829e-001 3.836768e-001 
6.137962e+000 1.975943e+001 -2.048097e+000 5.047131e+000 -5.542877e-001 -2.245981e+000 -3.294330e+000 -2.608557e+000 2.144506e+000 -5.345071e-001 -1.217155e+000 -2.550986e+000 -1.479937e+000 -4.864005e-002 1.143411e-001 -3.458965e-002 -5.403227e-001 6.005321e-001 -1.227199e+000 -2.023175e+000 -5.969491e-001 -1.014145e+000 4.714097e-002 -1.135737e-001 
5.981880e+000 1.982471e+001 -1.047906e+000 4.161855e+000 -1.233170e+000 -2.796520e+000 -3.267858e+000 -1.881239e+000 2.327536e+000 -8.834767e-001 -1.900429e+000 -1.626543e+000 -9.939352e-001 -1.098132e+000 -4.249772e-001 4.763723e-001 9.861804e-002 4.006558e-001 -1.593144e+000 -1.902562e+000 -3.187046e-001 -1.287661e+000 -4.159715e-001 5.099511e-001 
3.952988e+000 2.075933e+001 -1.825195e+000 5.551128e+000 -1.342916e+000 -2.371987e+000 -2.887018e+000 -3.070118e+000 1.679634e+000 -1.388782e+000 -1.099909e+000 -1.977287e+000 2.078124e-001 -8.611296e-001 -1.248582e+000 8.626414e-001 -7.149425e-001 3.616089e-002 -9.341613e-001 -1.927699e+000 -4.848752e-001 -9.881741e-001 -1.683330e-001 1.619293e-001 
3.448878e+000 2.057448e+001 -1.449362e+000 6.382891e+000 -1.419597e+000 -3.102799e+000 -2.538400e+000 -3.380023e+000 1.424565e+000 -9.738066e-001 -9.483177e-001 -2.100386e+000 3.915463e-001 -7.125979e-001 -1.149012e+000 5.954005e-001 -1.053838e+000 -1.041612e-001 -6.861886e-001 -1.672760e+000 -1.102449e-001 -8.407088e-001 -6.714600e-001 -4.419881e-001 
2.776113e+000 2.119996e+001 -2.449435e+000 7.458914e+000 -1.222925e+000 -3.679998e+000 -2.519794e+000 -3.951135e+000 2.389842e+000 -1.639692e+000 -4.291345e-001 -2.313023e+000 -6.277561e-002 -1.252403e-001 -1.085860e+000 4.999939e-001 -1.327870e+000 2.046084e-001 -1.158972e+000 -1.460477e+000 3.829055e-001 -9.546494e-001 -8.873643e-001 -7.749493e-001 
1.018277e+001 1.492347e+001 2.319821e+000 3.222385e+000 6.999601e-001 -2.318316e+000 -1.944128e+000 -9.425698e-001 -8.026894e-002 -7.425990e-001 -7.762106e-001 2.615606e-001 4.887659e-001 7.199414e-002 -5.190745e-001 -8.865648e-001 1.695104e-001 7.299951e-001 -7.012373e-001 -1.149830e+000 -7.878228e-002 -4.100432e-001 -8.247980e-001 -4.837091e-002 
1.547853e+000 1.488356e+001 1.576433e+000 3.556714e+000 1.091646e+000 -1.990718e+000 -2.224414e-002 1.246906e+000 -1.427261e+000 -2.848707e+000 8.115701e-002 2.348240e-001 -6.141804e-001 1.388493e-001 -8.592658e-001 -1.689357e+000 -2.030425e-001 9.365744e-001 -6.565115e-002 -1.649652e+000 -1.041613e+000 2.162357e-002 -2.337217e-001 -3.319026e-001 
-1.971047e+000 1.859585e+001 -1.548727e+000 6.123270e+000 -2.994827e-001 -1.402064e+000 -5.083827e-001 4.850023e-002 2.811796e-001 -3.520355e+000 1.462689e+000 -1.476109e+000 -4.619739e-001 -1.900226e-001 -7.258930e-001 -9.562022e-001 -7.321284e-001 1.319020e+000 -7.641059e-001 -1.675781e+000 -1.118171e+000 3.112202e-001 -3.484709e-001 -6.147842e-001 
9.772749e-001 1.502315e+001 -8.228134e-001 5.082562e+000 5.693099e-001 -3.705099e-001 -7.307747e-001 -2.455484e-001 2.307804e-001 -2.120186e+000 8.355431e-002 -7.191738e-001 -1.189368e-001 6.198546e-001 -7.425477e-001 -1.466573e+000 -1.104695e+000 1.140781e+000 -5.596051e-003 -1.814465e+000 -6.952674e-001 -4.294762e-001 -1.335821e-001 -4.090903e-001 
1.188104e+000 1.513720e+001 -2.514577e+000 6.911249e+000 -2.772714e-001 1.134947e+000 -3.628816e-001 -2.477878e-001 5.617095e-001 -3.528859e+000 6.600624e-001 -6.732137e-002 1.628291e-001 2.067981e-001 -1.076259e+000 -1.740697e+000 -1.135746e+000 1.052599e+000 3.873912e-001 -1.075262e+000 -1.142461e+000 -4.646256e-001 -2.674682e-001 -4.479368e-001 
1.828055e+000 1.398330e+001 -4.092786e+000 9.518429e+000 4.355030e-001 2.178157e+000 -1.297532e+000 -1.129627e+000 2.002757e+000 -4.176815e+000 4.914717e-001 -9.744085e-001 7.200589e-001 1.375220e-001 -4.993804e-001 -8.226488e-001 -1.483138e+000 3.552930e-001 -5.582438e-001 -3.351633e-001 -9.386114e-001 -8.085775e-001 9.986348e-002 -8.500652e-003 
4.089526e+000 1.398528e+001 -5.839011e+000 9.224645e+000 8.683102e-001 2.435825e+000 -1.792536e+000 -2.087115e+000 2.786230e+000 -2.676469e+000 -4.189213e-001 -1.606177e+000 6.989759e-001 4.756829e-001 -5.824950e-001 -1.350558e+000 -9.794045e-001 2.057834e-001 -4.329098e-001 -1.966347e-001 -1.104869e+000 -9.258735e-001 -2.440787e-001 2.254951e-001 
6.751712e+000 1.278295e+001 -3.052162e+000 6.478333e+000 1.136561e+000 1.292714e+000 -1.991786e+000 -2.069741e+000 2.240695e+000 -1.515469e+000 -1.474882e+000 -1.527934e+000 -1.306905e+000 1.001997e+000 4.836483e-002 -1.629793e+000 -4.335045e-001 5.729702e-001 -1.276781e-001 -8.512994e-001 -1.409911e+000 -9.262144e-001 -1.655466e-001 -1.436164e-001 
6.176787e+000 1.763655e+001 -5.545011e+000 5.816454e+000 9.142140e-001 3.754748e-001 -2.622951e+000 -2.328444e+000 2.105942e+000 -2.089810e+000 -1.174101e+000 -2.868551e+000 -1.545006e+000 9.893890e-001 3.528035e-001 -1.498739e+000 -1.366856e+000 9.981726e-001 -1.012299e-001 -1.453733e+000 -8.738648e-001 -6.771472e-001 -5.669914e-001 6.361159e-002 
5.638025e+000 1.958606e+001 -4.483459e+000 5.230112e+000 1.158964e+000 -1.058051e+000 -2.583114e+000 -2.289157e+000 3.033955e+000 -1.568306e+000 -2.336205e+000 -2.435418e+000 -1.613352e+000 9.089660e-001 5.612028e-001 -1.527947e+000 -1.349898e+000 9.808247e-001 -4.438497e-001 -1.662227e+000 -3.980944e-001 -1.040184e+000 -3.935854e-001 4.381976e-001 
6.223822e+000 1.936828e+001 -1.930044e+000 4.253909e+000 2.111995e-001 -1.770527e+000 -3.342588e+000 -1.957840e+000 2.128061e+000 -8.394276e-001 -1.476781e+000 -2.353507e+000 -1.648468e+000 2.604717e-001 3.690994e-001 -7.385973e-001 -8.026244e-001 1.014717e+000 -1.007474e+000 -2.116390e+000 -4.871241e-001 -9.631549e-001 -1.736290e-001 1.673830e-001 
6.225470e+000 1.900885e+001 -3.858173e-001 3.373808e+000 -6.397865e-001 -2.983927e+000 -3.470488e+000 -1.631249e+000 1.902483e+000 -7.172292e-001 -1.797327e+000 -1.717138e+000 -1.272382e+000 -9.633989e-001 -3.677859e-001 4.880158e-001 1.519494e-001 3.330756e-001 -1.459097e+000 -2.127949e+000 -4.193998e-001 -1.040141e+000 -5.679805e-001 5.099086e-001 
4.779125e+000 2.023547e+001 -1.466507e+000 4.927996e+000 -1.348313e+000 -2.375555e+000 -3.129848e+000 -2.383899e+000 1.988406e+000 -1.155437e+000 -1.576745e+000 -1.859272e+000 -2.208888e-001 -8.647919e-001 -1.116283e+000 8.957184e-001 -3.462167e-001 4.436302e-002 -1.118441e+000 -1.940842e+000 -4.126244e-001 -1.088966e+000 -2.430993e-001 2.848659e-001 
3.067045e+000 2.091033e+001 -1.776261e+000 6.154058e+000 -1.502628e+000 -2.891114e+000 -2.503046e+000 -3.346269e+000 1.344198e+000 -1.192111e+000 -9.763138e-001 -1.844964e+000 1.964543e-001 -6.761454e-001 -1.303726e+000 6.679485e-001 -9.897784e-001 2.326283e-002 -8.392393e-001 -1.602860e+000 -3.587794e-001 -9.364991e-001 -4.336880e-001 -2.440506e-001 
2.226564e+000 2.154007e+001 -2.557465e+000 7.277083e+000 -1.339844e+000 -3.303759e+000 -2.558491e+000 -3.840129e+000 2.222712e+000 -1.676625e+000 -4.141469e-001 -2.387915e+000 2.064916e-001 -2.981807e-001 -1.120409e+000 5.950793e-001 -1.328825e+000 1.355329e-001 -1.095361e+000 -1.425341e+000 2.351801e-001 -8.753411e-001 -8.639984e-001 -7.710877e-001 
