6.614663e+000 1.391636e+001 -1.965580e+000 4.171081e+000 5.525823e-001 1.722601e+000 -4.172471e-001 -5.366554e-001 -1.182529e-001 -5.534506e-001 -1.651330e-001 -2.506473e-001 
2.225722e+000 1.440671e+001 1.043432e-001 4.331098e+000 1.850786e+000 1.016460e+000 3.785138e-001 -2.392677e-001 -1.058230e+000 -1.213979e-001 2.002768e-001 -8.555243e-001 
9.524296e-001 1.490900e+001 1.228613e-001 4.122719e+000 2.343822e+000 8.596875e-001 9.425227e-001 -8.244027e-002 -9.790614e-001 -3.812421e-001 3.380146e-001 -9.180750e-001 
6.667856e-001 1.366713e+001 3.968273e-001 5.181433e+000 2.247285e+000 6.123786e-001 6.824191e-001 1.360583e-001 -4.147390e-001 -4.390264e-001 9.652252e-002 -9.992450e-001 
-2.285361e-001 1.322054e+001 4.070080e-001 5.233287e+000 3.122370e+000 2.449729e-001 9.715310e-001 1.952728e-001 -1.023996e+000 -3.858146e-001 2.697484e-001 -1.031474e+000 
1.575358e+000 1.165256e+001 9.231956e-001 3.218185e+000 3.111299e+000 1.071337e+000 1.158334e+000 1.857392e-001 -1.177108e+000 -1.443136e-001 3.435802e-001 -7.999646e-001 
8.565606e-001 1.086090e+001 9.336026e-001 2.448554e+000 3.035367e+000 1.596656e+000 1.119466e+000 -4.508012e-002 -1.040761e+000 -2.661388e-002 4.191880e-001 -5.295812e-001 
-2.136641e+000 1.263223e+001 -2.702234e-001 2.820764e+000 2.149815e+000 1.082115e+000 1.583094e+000 9.638059e-001 -5.816727e-001 -3.039236e-001 2.626048e-001 -6.269180e-001 
1.109181e+000 8.997944e+000 8.000646e-001 1.810244e+000 2.240604e+000 7.157889e-001 5.113586e-001 6.596833e-001 2.204151e-001 2.771310e-002 6.007874e-002 -1.110249e-001 
1.057071e+001 1.046882e+001 -7.524957e-001 2.570147e+000 1.405476e+000 4.414403e-001 -1.188010e-001 -5.625268e-001 -1.147377e-001 -4.394656e-001 -2.950725e-001 -2.681595e-001 
4.731469e+000 1.398699e+001 -5.359009e-001 3.581345e+000 1.107872e+000 1.580047e+000 -1.562666e-001 -5.779440e-001 -2.917351e-001 -3.526478e-001 -1.036477e-001 -2.790563e-001 
2.285375e+000 1.327068e+001 1.183838e+000 3.900290e+000 2.639972e+000 4.106946e-001 6.812742e-001 -4.125721e-002 -1.223473e+000 -1.690378e-001 3.823654e-001 -9.231217e-001 
9.577892e-001 1.461133e+001 -4.042010e-002 4.406146e+000 2.148416e+000 8.081320e-001 1.029978e+000 -7.887191e-002 -7.882136e-001 -3.589444e-001 2.378695e-001 -8.103552e-001 
5.023108e-001 1.274428e+001 1.145158e+000 4.559108e+000 2.935101e+000 6.950125e-001 6.704913e-001 2.748164e-001 -4.457170e-001 -5.810579e-001 -1.789582e-001 -1.224075e+000 
7.980345e-001 1.197530e+001 8.719872e-001 4.410409e+000 3.309896e+000 3.043773e-001 1.100721e+000 4.086302e-001 -1.239871e+000 -3.345272e-001 2.481206e-001 -9.454658e-001 
1.447495e+000 1.134265e+001 7.074959e-001 3.001037e+000 3.389118e+000 1.262738e+000 1.084752e+000 -1.607625e-002 -1.295426e+000 -4.338217e-003 5.133982e-001 -6.212675e-001 
-9.005173e-001 1.204263e+001 2.496070e-001 2.719624e+000 2.617519e+000 1.329883e+000 1.455252e+000 5.102359e-001 -8.166991e-001 -2.759440e-001 1.379497e-001 -6.615876e-001 
-2.075943e+000 1.133355e+001 6.657504e-001 2.227399e+000 2.345275e+000 1.073454e+000 1.549649e+000 9.100409e-001 -4.542914e-001 -2.746232e-001 2.446446e-001 -5.009959e-001 
