-6.043649e+000 2.216897e+001 -2.139108e+000 1.617780e+000 3.349803e+000 -9.387655e-001 -3.500048e+000 -1.159872e+000 1.542000e+000 -1.659729e+000 -1.630977e+000 -1.779726e+000 -1.979394e+000 -2.407170e+000 -1.598898e+000 -1.018438e+000 -1.312872e+000 -1.380446e+000 -1.429396e+000 -7.560056e-001 -1.385967e+000 -2.118846e+000 -5.618098e-001 -1.044775e+000 -2.011740e+000 -7.541870e-001 -8.848502e-002 -5.214494e-001 -3.062726e-001 3.926437e-001 6.487431e-001 3.399082e-001 -8.970766e-002 2.428749e-001 6.569710e-001 4.892052e-001 
-9.805467e+000 2.302303e+001 -2.385915e-001 2.581557e+000 2.727172e+000 -2.282026e+000 -3.406703e+000 -1.064454e+000 2.317706e+000 -1.550988e+000 -1.555821e+000 -1.125870e+000 -9.969752e-001 -1.938065e+000 -1.557411e+000 -2.582561e-001 -4.396980e-001 -7.534985e-001 -9.896735e-001 -9.623819e-001 -8.302147e-001 -1.103019e+000 -3.540212e-001 -9.210913e-001 -6.737062e-001 -4.627813e-001 -3.511814e-003 -1.494491e-002 -7.463437e-001 4.516001e-003 3.996828e-001 -3.214756e-002 -1.972130e-001 3.937192e-002 -4.432944e-001 1.850872e-001 
-1.207277e+001 2.067606e+001 -3.123403e+000 9.048687e-001 2.169211e+000 -7.691901e-001 -2.354531e+000 -1.464633e+000 1.524429e+000 -8.176398e-001 1.098513e+000 -9.624157e-001 -1.141370e+000 -2.685980e+000 -8.342139e-001 6.315861e-001 -8.544121e-001 -8.362452e-001 -7.182458e-001 1.402399e-001 6.668004e-001 -4.048825e-001 -6.149593e-001 -5.450308e-001 -1.038680e-001 -5.376134e-001 -6.640646e-001 1.214579e-001 1.061931e-001 -1.506468e-001 -6.437250e-001 -4.948328e-001 -5.839275e-001 -5.498884e-001 -6.731004e-001 8.863234e-001 
-1.122608e+001 1.637851e+001 -4.030855e+000 3.926470e+000 6.318582e-001 -2.224698e+000 -3.953187e+000 -1.477752e-001 2.985067e+000 -3.305095e-001 1.703875e+000 -6.450378e-001 -1.199730e+000 -3.287169e+000 -2.309621e+000 4.100307e-002 -8.555809e-001 -4.845024e-001 -8.286671e-001 3.632019e-002 8.605266e-001 -5.083635e-001 -1.006843e+000 -3.664995e-001 1.881407e-002 -3.969772e-002 3.430552e-001 4.502552e-001 9.180075e-003 6.139048e-002 -2.597448e-001 -3.464436e-001 -6.790382e-002 -9.521710e-001 -8.067572e-001 5.702311e-001 
-8.003809e+000 1.626559e+001 -3.885935e+000 5.616437e+000 -2.565659e+000 -2.859370e+000 -3.642034e+000 2.333658e+000 4.854960e+000 -1.982550e+000 9.881893e-001 -7.786851e-001 8.697991e-001 -2.553480e+000 -2.742656e+000 -8.670202e-001 1.237550e+000 -4.021900e-001 -2.040327e+000 1.166584e+000 -4.997472e-001 -1.538288e+000 -1.691178e+000 4.931571e-001 -4.482185e-001 -8.700752e-001 -9.810404e-003 -3.006859e-002 -1.916860e-001 2.462548e-001 3.562239e-001 -6.120980e-001 1.143604e+000 4.339449e-001 -3.739958e-001 3.518710e-001 
-9.062261e+000 1.559518e+001 -3.551626e+000 3.891630e+000 -5.246853e+000 -2.243067e+000 -2.334019e+000 1.735954e+000 3.979367e+000 -1.070227e+000 1.321016e+000 -1.736851e+000 5.886338e-002 -1.710265e+000 -1.206258e+000 -1.365329e+000 1.035309e-001 -9.827992e-001 -1.828902e+000 9.998435e-001 3.468303e-001 -1.072431e+000 -1.213228e+000 1.319320e+000 1.954701e-001 -1.037356e-001 8.721282e-001 4.100437e-001 7.769021e-002 -2.528156e-001 1.022709e-001 -6.112752e-001 2.875192e-002 -1.286285e-001 -4.340068e-001 -3.783977e-001 
-1.348899e+001 1.241473e+001 -5.431863e+000 4.267415e+000 -3.104151e+000 8.949941e-002 -1.237236e+000 1.118054e+000 4.778483e+000 -1.200776e+000 1.787472e+000 -2.076095e+000 3.147249e-001 -9.122226e-001 -2.293015e-001 8.010948e-001 4.458589e-001 4.480876e-001 -2.071983e+000 1.635450e+000 -2.149474e-002 -1.900944e+000 -7.017890e-001 -1.234600e-001 -1.195655e+000 -1.678040e+000 9.032779e-001 -9.350256e-002 2.858607e-001 2.678289e-001 6.388549e-001 3.199066e-001 8.823511e-002 4.683356e-001 -6.405280e-002 7.625641e-001 
-1.396639e+001 1.230560e+001 -4.801937e+000 3.880153e+000 -3.492192e+000 -1.259013e+000 -2.325117e+000 -8.394639e-002 3.001491e+000 -1.942212e+000 1.725802e+000 -2.840316e+000 -7.375611e-002 -1.330506e+000 -1.309203e+000 -4.855277e-001 1.962095e-001 1.433280e-001 -1.675124e+000 9.256154e-001 4.876994e-002 -1.328044e+000 -1.013842e+000 -1.882396e-001 -2.356405e-001 1.829798e-001 1.024496e+000 2.975105e-001 5.859504e-001 -1.512151e-001 -5.189235e-001 1.066040e-001 5.810314e-001 1.966734e-001 -1.925313e-001 -7.012077e-002 
-8.057561e+000 1.610736e+001 -5.417365e+000 5.426127e+000 -2.523106e+000 -1.223892e+000 -2.099482e+000 -5.414861e-001 4.100709e+000 -1.589571e+000 4.424787e-002 -3.527164e+000 -5.959922e-001 -1.786768e+000 -2.582349e+000 3.961683e-002 2.128573e+000 9.865342e-001 -1.986241e+000 1.760346e+000 -1.400931e-001 -1.818042e+000 -5.375332e-001 -3.326290e-001 3.422377e-001 -3.396812e-001 7.122933e-001 6.695620e-001 8.469147e-001 7.289652e-001 -4.706524e-001 -9.943176e-002 -1.403843e-001 -3.921622e-001 -3.427881e-001 -1.095373e-001 
-5.914723e+000 1.838436e+001 -5.545370e+000 5.865955e+000 -3.183990e+000 -3.135458e+000 -1.602488e+000 1.035859e-001 4.733975e+000 -2.269931e+000 -1.280348e-001 -2.894123e+000 7.757171e-001 -7.483914e-001 -2.591631e+000 1.778164e-001 8.466095e-001 4.128140e-001 -2.874262e+000 9.711284e-001 4.263357e-001 -2.322595e+000 -5.510376e-001 -7.136615e-001 -2.202342e-001 -4.317560e-001 1.284651e+000 4.191189e-001 -2.522033e-002 2.730557e-001 -3.661324e-001 4.575970e-002 -5.512611e-001 -2.040983e-001 -4.149216e-001 -5.167645e-001 
-6.988399e+000 1.834510e+001 -5.016380e+000 7.083302e+000 -2.845289e+000 -3.495276e+000 -1.455138e+000 -3.005169e-001 5.386596e+000 -2.787050e+000 -6.472856e-002 -2.717601e+000 5.891266e-001 -1.291327e+000 -2.998392e+000 6.450468e-001 1.186509e+000 7.681920e-001 -2.474398e+000 1.133519e+000 7.308495e-001 -1.229178e+000 3.200626e-001 -9.122113e-001 -4.017291e-001 -8.865151e-001 3.662879e-001 -2.594200e-001 5.136810e-003 6.586106e-001 -5.128534e-002 1.584255e-001 -6.457906e-001 3.970766e-001 -8.761629e-001 1.522625e-001 
-7.194165e+000 1.987810e+001 -4.738019e+000 6.881292e+000 -9.456309e-001 -4.056368e+000 -1.895972e+000 -1.008945e+000 3.474197e+000 -1.086548e+000 3.686299e-002 -3.832870e+000 -8.017185e-001 -2.105673e+000 -3.216171e+000 -7.321396e-001 1.364743e+000 1.747269e+000 -1.131199e+000 -3.975022e-002 -2.729199e-001 -1.746921e+000 -8.528049e-001 -8.985361e-001 -1.151340e-001 -6.463642e-001 -6.267551e-001 -7.706044e-001 -1.870688e-001 -4.005201e-001 -2.514145e-001 1.028086e-001 6.709159e-001 4.998210e-001 -3.644792e-001 4.398310e-001 
-4.069995e+000 2.328045e+001 -4.755838e+000 5.143145e+000 1.842608e+000 -4.523716e+000 -4.442663e+000 -1.450343e+000 2.871920e+000 -1.980450e+000 -2.762411e+000 -3.026127e+000 -4.756916e-001 -1.254481e+000 -6.716450e-001 -1.033096e+000 1.804345e-001 1.055496e+000 -2.036834e+000 -2.059660e+000 -9.862946e-001 -4.075462e-001 -1.685541e+000 -1.228041e+000 -9.133581e-001 -4.488646e-001 -2.986769e-001 -6.357710e-001 3.146150e-001 -6.238759e-001 -4.629791e-001 -5.021600e-002 7.360753e-001 7.478416e-001 5.217206e-001 8.749242e-001 
1.351976e+000 2.347953e+001 -4.176415e+000 2.321250e+000 2.014211e+000 -6.307857e+000 -7.229164e+000 -4.021965e-001 3.234926e+000 -2.173978e+000 -3.181501e+000 -1.467752e+000 -1.700600e+000 -1.080424e+000 5.490590e-001 -9.152158e-001 -2.174468e-001 1.350241e+000 -2.109779e+000 -2.726495e+000 5.588166e-002 -1.299709e+000 -1.950520e+000 -5.759662e-001 -6.793950e-001 -8.448680e-001 -4.325303e-001 -3.048360e-001 8.125416e-002 2.177780e-002 1.305186e-001 9.184705e-001 7.609996e-001 2.052990e-001 2.619054e-001 2.877582e-002 
7.705761e-001 2.606618e+001 -4.456944e+000 6.922984e-001 -1.244782e-001 -5.373524e+000 -9.357125e+000 -6.086099e-001 5.612858e+000 -4.701930e+000 -3.227955e+000 -9.101570e-001 -2.649649e+000 -1.191814e+000 7.197622e-001 -1.748633e+000 -8.024796e-001 2.258269e+000 -2.279795e+000 -3.992099e+000 1.742434e-001 -8.243900e-001 -2.916494e+000 -1.190615e+000 -3.072899e-001 -1.308126e+000 -4.391102e-001 5.199732e-001 -9.633901e-005 -2.701486e-001 7.241668e-001 9.771416e-001 -1.869606e-001 4.070238e-001 9.579467e-001 -4.317709e-001 
1.732005e+001 1.447425e+001 1.271079e+000 -1.238050e+000 4.544341e-001 -1.096618e+000 -3.372013e+000 -1.278887e+000 1.547573e+000 -1.017977e-001 -1.834868e+000 -7.273045e-001 -9.443987e-002 -1.134525e+000 -1.100486e+000 2.023897e-001 8.069505e-001 1.214834e-001 -8.294901e-001 -1.245340e+000 -1.108600e+000 -1.199263e+000 -1.418624e+000 -8.727546e-001 2.261298e-001 3.151548e-001 -2.577056e-001 -3.768395e-002 5.073722e-001 4.166057e-001 5.881123e-002 1.852036e-001 5.788015e-001 4.572086e-001 2.252094e-001 2.389566e-001 
-2.418345e+000 1.768011e+001 4.027349e-001 7.094074e-001 3.076716e+000 -4.461791e-001 -3.063310e+000 -1.063401e+000 6.830944e-001 -1.282482e+000 -2.117313e+000 -1.476178e+000 -1.818521e+000 -2.317786e+000 -1.549597e+000 -1.046172e+000 -1.373035e+000 -1.748240e+000 -1.413130e+000 -9.112716e-001 -1.423019e+000 -1.782481e+000 -8.438409e-001 -9.938682e-001 -1.695668e+000 -9.305755e-001 -4.383544e-002 -3.640516e-001 -5.512394e-001 2.711457e-001 7.797036e-001 2.803388e-001 -1.490351e-002 3.028897e-001 5.890555e-001 4.396629e-001 
-8.640996e+000 2.222974e+001 6.762351e-002 2.202230e+000 3.011971e+000 -2.111169e+000 -3.808473e+000 -5.638552e-001 2.053515e+000 -1.590185e+000 -1.965194e+000 -1.000772e+000 -1.268346e+000 -2.206617e+000 -1.348089e+000 -2.859316e-001 -3.031517e-001 -6.258547e-001 -1.017172e+000 -9.615535e-001 -1.106316e+000 -1.108421e+000 -4.404911e-001 -7.952908e-001 -1.095576e+000 -5.300343e-001 3.048256e-002 -1.159521e-002 -4.896662e-001 -3.636398e-002 4.696018e-001 -6.683815e-002 -3.005650e-002 1.004127e-002 -1.584071e-001 1.052115e-001 
-1.278092e+001 2.121163e+001 -2.807107e+000 9.538900e-001 2.110558e+000 -9.716631e-001 -2.197378e+000 -1.633150e+000 1.672027e+000 -8.377114e-001 8.885643e-001 -7.836680e-001 -9.872855e-001 -2.886682e+000 -4.760625e-001 3.008421e-001 -8.580357e-001 -6.963725e-001 -6.503670e-001 1.177375e-001 4.099399e-001 -2.243425e-001 -6.656780e-001 -6.222699e-001 -2.874156e-001 -5.749090e-001 -5.594727e-001 -9.405466e-002 3.176933e-001 -2.641366e-001 -2.989476e-001 -5.058426e-001 -4.948418e-001 -7.324305e-001 -5.455894e-001 5.948024e-001 
-1.190292e+001 1.728596e+001 -4.647220e+000 3.887083e+000 3.659065e-001 -2.280643e+000 -3.911404e+000 -7.763649e-001 2.701188e+000 -1.140089e+000 2.285885e+000 -1.518616e+000 -8.267099e-001 -3.827723e+000 -2.024170e+000 1.448295e-002 -7.946264e-001 -6.885537e-001 -1.159894e+000 1.607852e-001 8.275679e-001 -3.241889e-001 -1.361969e+000 -8.509218e-002 -1.207363e-001 4.155023e-002 3.995710e-001 3.426359e-001 3.722548e-001 -2.462530e-001 -1.121002e-001 -6.724372e-001 -4.337613e-002 -1.222880e+000 -6.258669e-001 5.945270e-001 
-8.480871e+000 1.602646e+001 -3.788892e+000 5.423020e+000 -2.227050e+000 -2.515638e+000 -3.394146e+000 2.159296e+000 4.649887e+000 -1.884399e+000 8.956241e-001 -8.755482e-001 7.102590e-001 -2.345001e+000 -2.772717e+000 -5.986416e-001 1.105527e+000 -3.520380e-001 -2.114244e+000 1.097330e+000 -1.534377e-001 -1.628197e+000 -1.500851e+000 2.967877e-001 -4.962887e-001 -1.054130e+000 -3.684044e-002 2.938539e-002 -3.828243e-001 4.417250e-001 1.513030e-001 -5.536731e-001 9.391093e-001 6.279739e-001 -4.608108e-001 4.075111e-001 
-9.069634e+000 1.596109e+001 -3.632952e+000 4.059595e+000 -5.164237e+000 -2.639167e+000 -2.495447e+000 2.058229e+000 4.185011e+000 -1.443878e+000 8.500909e-001 -1.619248e+000 1.233547e-001 -1.943780e+000 -1.372944e+000 -1.357054e+000 6.309760e-002 -1.179566e+000 -1.881026e+000 1.150162e+000 3.546964e-001 -1.030862e+000 -1.184811e+000 1.313152e+000 3.716503e-001 -1.113774e-001 9.779057e-001 4.084744e-001 1.302302e-001 -2.977031e-001 1.478421e-001 -6.322613e-001 1.283817e-001 -5.753484e-002 -3.490804e-001 -4.352561e-001 
-1.310514e+001 1.247401e+001 -5.274898e+000 4.193385e+000 -3.083433e+000 -1.285749e-001 -1.400995e+000 1.178018e+000 4.699480e+000 -9.705617e-001 1.865226e+000 -1.638272e+000 2.373408e-001 -1.001542e+000 -4.179298e-001 8.809399e-001 8.286262e-001 5.525898e-001 -2.118373e+000 1.445775e+000 -1.733407e-001 -2.115595e+000 -8.037743e-001 -1.620771e-001 -9.809162e-001 -1.596921e+000 9.996869e-001 1.489251e-002 3.327336e-001 4.989679e-001 3.902958e-001 3.809166e-001 -1.621708e-001 5.061923e-001 -1.107864e-001 7.238802e-001 
-1.453135e+001 1.197801e+001 -4.747770e+000 3.823937e+000 -3.376836e+000 -1.318967e+000 -2.250141e+000 1.256425e-001 2.736736e+000 -1.430838e+000 1.645264e+000 -2.251265e+000 -5.076462e-001 -1.106577e+000 -1.662996e+000 -5.223455e-002 9.050321e-002 2.976840e-001 -1.847509e+000 7.916983e-001 2.098743e-001 -1.426279e+000 -5.088421e-001 -1.722472e-001 -2.827414e-001 -3.527523e-001 8.544120e-001 2.962866e-001 5.168305e-001 1.869687e-002 -4.842147e-001 1.464306e-001 3.436861e-001 3.195701e-001 -2.853724e-001 1.254922e-001 
-9.148882e+000 1.581765e+001 -5.644702e+000 5.135088e+000 -2.767657e+000 -1.250556e+000 -2.204789e+000 -4.358126e-001 4.255637e+000 -1.502143e+000 3.464538e-001 -3.604027e+000 -5.841726e-001 -1.969709e+000 -2.456700e+000 -1.046579e-001 1.865150e+000 9.666821e-001 -2.095740e+000 1.660967e+000 -1.057886e-001 -1.667435e+000 -5.616665e-001 -3.459862e-001 3.850940e-001 -4.528631e-001 6.103243e-001 6.254675e-001 7.967710e-001 6.933839e-001 -7.091657e-001 3.084350e-003 -1.670101e-001 -2.636226e-001 -1.807501e-001 -3.566671e-002 
-6.191735e+000 1.739591e+001 -4.984320e+000 5.739940e+000 -2.579795e+000 -2.775635e+000 -1.659334e+000 4.212173e-001 4.430346e+000 -1.767344e+000 -6.728570e-001 -2.711559e+000 5.896562e-001 -9.331726e-001 -2.352261e+000 -3.226955e-002 1.118961e+000 2.532683e-003 -2.823639e+000 8.403916e-001 3.266137e-001 -2.453408e+000 -8.686942e-001 -4.521635e-001 -3.073555e-001 -4.050077e-002 1.164021e+000 5.784467e-001 -8.154189e-002 2.879676e-001 -2.720747e-001 -1.064811e-001 -2.725224e-001 -2.050768e-001 -3.282440e-001 -6.367437e-001 
-6.217835e+000 1.770537e+001 -4.076645e+000 6.447428e+000 -2.720966e+000 -3.593130e+000 -2.257875e+000 -3.631416e-001 4.528145e+000 -2.136415e+000 -6.072436e-001 -2.053413e+000 2.741631e-001 -1.666364e+000 -2.724994e+000 2.624106e-001 1.906833e+000 5.321970e-001 -1.804868e+000 7.414470e-001 6.783287e-001 -1.256328e+000 1.541631e-001 -3.668987e-001 -6.030830e-001 -2.672405e-001 1.963628e-001 -1.869213e-001 -2.368901e-001 5.406521e-001 3.388854e-001 3.516036e-002 -2.569858e-001 -1.703671e-001 -7.850972e-001 -1.037446e-001 
-7.809848e+000 1.933717e+001 -4.680530e+000 6.826202e+000 -7.616730e-001 -3.959502e+000 -1.694345e+000 -1.047529e+000 3.582257e+000 -1.117172e+000 3.429897e-001 -3.195059e+000 -1.748468e-001 -1.756002e+000 -2.983354e+000 -6.332605e-001 1.214956e+000 1.869877e+000 -1.087583e+000 3.504323e-001 -1.315837e-001 -1.661009e+000 -6.251919e-001 -5.551105e-001 2.231827e-001 -4.327993e-001 -5.083511e-001 -6.409323e-001 -2.514018e-001 -2.964480e-001 -3.882517e-001 2.582070e-001 5.614254e-001 5.533820e-001 -4.009571e-001 3.856905e-001 
-3.715997e+000 2.029026e+001 -3.197613e+000 4.277625e+000 2.106147e+000 -4.343302e+000 -4.276695e+000 -1.084576e+000 2.087986e+000 -1.317668e+000 -3.188928e+000 -2.362077e+000 -7.971961e-001 -1.198735e+000 -1.227362e+000 -8.681797e-001 5.273412e-001 5.217017e-001 -1.651441e+000 -2.157590e+000 -8.859678e-001 -1.028733e+000 -1.560784e+000 -1.367393e+000 -6.179724e-001 -2.062891e-001 -4.337623e-001 -5.329068e-001 -3.835020e-002 -4.234845e-001 -6.517966e-001 1.695148e-001 8.816240e-001 7.102495e-001 4.890525e-001 6.604525e-001 
8.835592e-001 2.219027e+001 -3.735214e+000 2.337091e+000 2.275515e+000 -6.340956e+000 -7.318398e+000 -6.500218e-001 2.739093e+000 -2.175508e+000 -3.289218e+000 -1.795090e+000 -1.950198e+000 -1.323916e+000 -8.810940e-003 -1.078741e+000 -1.497643e-002 1.182296e+000 -2.402681e+000 -2.969078e+000 -3.551383e-001 -1.338939e+000 -1.830017e+000 -7.235294e-001 -9.011503e-001 -8.073664e-001 -6.424540e-001 -5.175562e-001 8.373906e-002 9.299929e-003 6.927578e-002 8.356215e-001 5.549118e-001 1.339160e-001 2.913653e-001 2.988098e-002 
1.461560e+000 2.445529e+001 -4.037625e+000 2.742719e-001 2.132123e-001 -6.047977e+000 -9.089654e+000 -5.999506e-001 4.913761e+000 -4.220024e+000 -3.575836e+000 -1.117602e+000 -2.648652e+000 -1.222914e+000 6.257043e-001 -1.762386e+000 -8.217875e-001 1.788221e+000 -2.166873e+000 -3.943575e+000 1.642538e-002 -9.692595e-001 -2.919881e+000 -1.183073e+000 -4.468523e-001 -1.350532e+000 -6.518177e-001 3.242915e-001 9.470907e-002 -4.139336e-001 6.511957e-001 1.129867e+000 -1.297754e-001 2.907731e-001 8.718143e-001 -5.389907e-001 
