2.321576e+000 1.192487e+001 -3.991674e+000 4.113151e+000 -3.989078e+000 8.831683e-001 -2.146231e+000 1.310258e+000 2.252832e+000 -1.666625e+000 -1.651207e+000 -2.493036e-001 1.163267e+000 -8.289072e-001 7.033445e-001 -4.347227e-001 -1.421332e+000 -1.301680e+000 6.323492e-003 2.619393e-001 5.800507e-001 3.697361e-001 -2.547413e-001 2.931429e-002 
3.500752e+000 1.160200e+001 -3.715166e+000 2.718129e+000 -3.828244e+000 3.201007e-001 -2.334204e+000 1.161875e+000 1.754447e+000 -2.187892e+000 -1.199000e+000 9.073263e-002 1.076603e+000 -8.540802e-001 -6.124201e-002 -3.286310e-001 -1.608693e+000 -6.376348e-001 6.462047e-001 7.306513e-001 5.788203e-001 8.612280e-001 3.937908e-001 -2.667981e-002 
3.102547e+000 1.178823e+001 -4.738893e+000 2.344176e+000 -4.902838e+000 3.457578e-001 -2.756397e+000 8.554387e-001 4.091550e-001 -3.317582e+000 -3.326748e+000 -1.092170e+000 1.001363e-001 -1.074230e+000 8.653867e-002 -1.645873e-001 -6.146672e-001 -4.651129e-001 3.893131e-001 5.117466e-001 5.685046e-001 -4.986203e-002 3.321407e-001 6.562385e-002 
2.505159e+000 1.045794e+001 -3.032090e+000 3.348902e+000 -3.819348e+000 7.056550e-001 -3.498170e+000 3.156529e-001 5.971888e-001 -2.863105e+000 -2.658438e+000 -6.256688e-001 2.311999e-001 -9.127652e-001 5.647477e-001 4.251139e-002 -1.437239e-001 -1.203124e-001 6.363653e-001 6.866331e-001 5.748805e-001 -1.805066e-001 1.203020e-002 -7.886397e-002 
2.278792e+000 1.160140e+001 -3.211839e+000 3.895531e+000 -3.031544e+000 1.575730e+000 -2.992332e+000 7.416938e-001 1.202025e+000 -1.879679e+000 -1.477769e+000 2.901793e-001 5.095538e-001 -1.198064e+000 7.077298e-001 -7.500789e-001 -9.470313e-001 -5.023069e-001 4.854614e-001 6.117324e-002 4.091034e-001 6.436477e-001 7.808296e-001 1.886932e-001 
3.177689e+000 1.148754e+001 -4.124616e+000 3.581080e+000 -3.244131e+000 6.735828e-001 -3.480112e+000 9.177926e-001 1.310917e+000 -1.800637e+000 -1.384570e+000 1.400776e+000 1.100268e+000 -1.083935e+000 3.679566e-001 3.081355e-002 -1.194302e+000 -1.235907e+000 3.875156e-001 8.412711e-001 5.553505e-001 6.037940e-001 5.892785e-001 -3.208961e-001 
3.210909e+000 1.201541e+001 -3.444548e+000 3.408900e+000 -3.795552e+000 4.507455e-001 -3.523509e+000 1.067571e+000 2.186407e+000 -1.370665e+000 -1.630776e+000 5.194730e-001 6.641215e-001 -8.190706e-001 6.667806e-002 -4.109745e-001 -1.547487e+000 -1.354619e+000 1.544132e-001 6.056275e-001 8.224351e-001 1.534680e-001 2.956548e-001 2.706427e-003 
3.792740e+000 1.313856e+001 -1.890619e+000 4.783632e+000 -2.126347e+000 1.231672e+000 -2.428472e+000 -1.763268e-001 2.182988e+000 -2.400069e+000 -1.353969e+000 -1.703911e-001 4.853187e-001 -1.137093e+000 -4.692072e-001 -4.553275e-001 -1.658472e+000 -6.122708e-001 4.426431e-001 8.051860e-001 3.957238e-001 7.113284e-002 7.862205e-002 1.048075e-001 
5.268149e+000 1.441433e+001 -8.818574e-001 5.681735e+000 -2.205912e+000 2.376360e+000 -2.642524e+000 -9.218855e-001 9.828108e-001 -1.670088e+000 -1.511304e+000 -6.672342e-001 -2.244298e-001 -1.032051e+000 -5.964793e-002 -7.358993e-001 -9.226173e-001 -2.931745e-001 1.402941e-001 1.457070e-001 3.581619e-001 -1.630189e-002 -6.345897e-002 -2.867069e-001 
7.612727e+000 1.375595e+001 3.580872e-001 5.596033e+000 -2.309731e+000 1.969103e+000 -1.806137e+000 -9.054417e-002 1.551933e+000 -1.989276e+000 -2.214920e+000 -7.557636e-001 8.420285e-001 -8.452748e-001 -8.240689e-002 -1.327657e-001 -1.067517e+000 -9.393444e-001 5.882581e-002 3.027161e-001 -3.380284e-001 3.441401e-001 1.034356e-001 -1.078737e-001 
8.666718e+000 1.432247e+001 -3.434701e-001 7.927171e+000 -3.342327e+000 4.122877e+000 -3.565137e+000 -3.643910e-001 9.579373e-001 -1.962121e+000 -8.931679e-001 -4.820956e-001 8.754574e-001 -1.428955e+000 2.888743e-001 -2.435367e-001 -8.873759e-001 -6.509036e-001 1.633687e-001 5.067833e-001 -3.159589e-001 1.959918e-001 -3.059676e-002 1.583284e-001 
1.080256e+001 1.375702e+001 2.967304e-002 7.307057e+000 -3.316178e+000 4.830970e+000 -3.408687e+000 -2.610835e-001 4.280261e-001 -1.756536e+000 -1.477853e+000 -3.802970e-001 8.043529e-001 -1.371808e+000 9.576153e-001 4.624582e-001 -7.834754e-001 -1.794195e+000 6.703862e-001 3.395489e-001 1.238271e-001 -2.572296e-001 5.729617e-002 -1.481777e-001 
1.195127e+001 1.409894e+001 -7.928637e-001 7.734459e+000 -2.265223e+000 5.398216e+000 -4.373881e+000 -2.541044e-001 7.143094e-002 -1.490371e+000 -1.402850e+000 -7.171900e-001 -1.874234e-001 -9.249585e-001 1.331748e+000 4.586118e-001 -1.514570e-001 -1.389129e+000 3.097343e-001 7.604522e-002 1.013637e-001 -2.304545e-001 -2.195410e-001 -2.956501e-001 
1.515655e+001 1.333265e+001 -5.018584e-001 6.677380e+000 -8.146519e-001 4.003741e+000 -3.167806e+000 -6.898459e-001 3.424461e-001 -1.720330e+000 -1.315403e+000 -1.019423e+000 -2.759592e-001 -1.390557e+000 1.535024e+000 8.292660e-001 -2.095828e-001 -7.555508e-001 -3.856328e-001 4.098879e-001 -4.169455e-001 -6.001556e-003 -4.267546e-001 -3.775530e-001 
1.739266e+001 1.486711e+001 -2.708297e+000 5.599553e+000 -1.265053e+000 4.768404e+000 -3.720624e+000 -8.392039e-001 -1.182577e-002 -1.284035e+000 -1.619837e+000 -1.247386e+000 -6.236431e-001 -7.544986e-001 1.514796e+000 1.034989e+000 -4.046712e-001 -9.184676e-001 2.472740e-001 -3.843298e-002 -3.234372e-001 -5.253874e-001 -6.467275e-001 -3.635178e-001 
1.989555e+001 1.240471e+001 -2.727400e+000 3.300120e+000 1.314302e+000 2.500375e+000 -2.655429e+000 -1.725022e+000 -3.241878e-001 -3.159746e+000 -8.562714e-001 -4.115116e-001 -7.274269e-001 -2.168725e-001 1.113410e+000 3.647624e-001 -9.648968e-001 -3.725809e-001 3.884238e-001 3.030871e-001 -1.489067e-001 -3.753629e-001 -8.614282e-001 1.419066e-001 
4.135550e+000 1.085930e+001 -3.972419e+000 2.874037e+000 -2.677737e+000 -1.573805e-001 -2.887329e+000 6.201824e-001 2.397827e+000 -2.861332e+000 -1.649971e+000 4.450673e-001 8.055985e-001 -1.378520e+000 -5.768749e-002 -2.142966e-001 -1.275452e+000 -6.786344e-001 8.912788e-001 1.223937e+000 4.966150e-001 9.628205e-001 4.674144e-001 2.586999e-001 
2.101499e+000 1.154435e+001 -3.351827e+000 4.503246e+000 -2.756192e+000 8.717321e-001 -2.739994e+000 1.366933e+000 1.472520e+000 -2.617753e+000 -2.223587e+000 1.916223e-001 1.043969e+000 -1.084975e+000 1.019168e-001 -1.063594e-001 -9.521525e-001 -9.455215e-001 -1.606310e-001 6.088890e-001 5.634988e-002 4.603680e-001 5.741795e-001 9.537718e-002 
3.038355e+000 1.246625e+001 -3.146315e+000 4.087295e+000 -4.190714e+000 -7.506512e-002 -3.357082e+000 8.666020e-001 1.357663e+000 -1.778483e+000 -1.704849e+000 1.166858e-001 7.480934e-001 -5.023648e-001 1.768617e-001 -1.956530e-001 -8.320863e-001 -9.062301e-001 5.074599e-001 2.872308e-001 4.240168e-001 3.329449e-001 9.138298e-002 -4.119418e-002 
3.297097e+000 1.164585e+001 -4.080540e+000 2.547028e+000 -4.351617e+000 -6.134000e-001 -4.015422e+000 1.862365e-001 3.062187e-001 -2.826898e+000 -2.940586e+000 -6.182082e-001 -3.836036e-002 -1.122098e+000 7.740004e-001 1.214232e-001 -8.322376e-001 -8.249806e-001 8.447322e-001 5.728925e-001 7.214552e-001 2.565129e-001 1.138545e-001 -2.076844e-001 
2.303621e+000 1.141426e+001 -4.747338e+000 3.133986e+000 -3.409795e+000 1.582093e+000 -2.321726e+000 8.758644e-001 7.760150e-001 -2.391511e+000 -2.223311e+000 -3.225401e-001 7.058105e-001 -1.323138e+000 7.699170e-001 -1.091441e-001 -6.788018e-001 -7.116992e-001 1.138290e+000 3.494210e-001 5.157255e-001 -2.893125e-002 1.233494e-001 -1.822064e-001 
2.814250e+000 1.161338e+001 -3.663841e+000 2.931025e+000 -3.908928e+000 1.391299e+000 -2.207602e+000 5.571950e-001 8.169883e-001 -1.843676e+000 -1.863185e+000 3.726685e-001 5.872977e-001 -6.724746e-001 2.956512e-001 -9.108664e-002 -4.839503e-001 -5.973303e-001 4.322003e-001 4.237648e-001 2.122603e-002 7.002202e-002 5.402297e-001 5.356561e-002 
3.248112e+000 1.240432e+001 -2.936535e+000 2.822839e+000 -2.874642e+000 1.741862e+000 -1.753747e+000 1.455407e+000 1.431021e+000 -2.461654e+000 -2.007436e+000 6.070275e-001 6.659706e-001 -7.076345e-001 4.402544e-001 1.456116e-001 -1.132045e+000 -9.119054e-001 5.071193e-001 1.817790e-001 3.434669e-001 3.695286e-001 5.167770e-001 2.259443e-001 
3.535370e+000 1.241505e+001 -2.517209e+000 4.079350e+000 -1.656262e+000 9.914199e-001 -2.522012e+000 2.172596e-001 1.999898e+000 -2.555603e+000 -2.114081e+000 -7.614044e-001 2.283930e-001 -1.171433e+000 2.761111e-001 -1.698231e-001 -1.415586e+000 -1.034790e+000 -4.139218e-001 2.275341e-001 -1.899546e-001 1.460983e-001 -1.895464e-001 2.242991e-001 
4.622928e+000 1.415308e+001 -1.480873e+000 5.540253e+000 -1.993834e+000 2.149342e+000 -2.445210e+000 2.214648e-001 1.253108e+000 -2.191029e+000 -2.462044e+000 -9.843027e-001 -5.953193e-001 -1.507486e+000 3.245495e-001 -3.408933e-001 -9.908820e-001 -1.034283e+000 1.992339e-002 6.701869e-001 5.940369e-001 2.785552e-001 -1.304401e-001 -3.778757e-001 
8.022030e+000 1.387277e+001 -4.899216e-001 5.783634e+000 -2.293745e+000 2.114776e+000 -1.997567e+000 5.036935e-001 1.400913e+000 -2.511793e+000 -2.222770e+000 -5.615277e-001 5.968429e-001 -1.950227e+000 3.111025e-001 3.670643e-001 -1.480103e+000 -1.313365e+000 3.747684e-001 1.043907e+000 -1.057197e-001 2.161970e-001 -1.637920e-002 7.589497e-002 
9.047158e+000 1.302770e+001 6.185265e-001 7.417608e+000 -2.629099e+000 3.177824e+000 -3.402534e+000 -6.765462e-002 1.448457e+000 -2.520073e+000 -2.126536e+000 -7.760907e-001 5.044881e-001 -1.472814e+000 8.538023e-001 8.910653e-001 -6.161032e-001 -6.200517e-001 2.684310e-001 2.655644e-001 -3.027368e-001 -4.889603e-003 -1.296885e-001 -6.752053e-002 
1.131046e+001 1.215913e+001 1.190489e+000 6.845502e+000 -2.334860e+000 3.660272e+000 -3.025087e+000 -2.229391e-001 1.693026e+000 -1.506346e+000 -1.428060e+000 -4.856661e-001 1.131134e-001 -1.368378e+000 6.000389e-001 7.564812e-001 -8.101161e-001 -1.127046e+000 3.111495e-001 3.437907e-001 -4.262010e-002 -1.679545e-001 -3.263859e-001 -5.479334e-001 
1.292499e+001 1.411087e+001 -1.780437e-001 6.490848e+000 -2.673441e+000 5.141895e+000 -3.276468e+000 -3.008750e-001 3.920952e-001 -1.495174e+000 -1.274820e+000 -8.552242e-001 -8.777959e-002 -6.904103e-001 1.195294e+000 3.258713e-001 -3.501312e-001 -1.453370e+000 -2.580457e-002 -9.452541e-003 2.524401e-002 8.244188e-002 3.581286e-002 -2.101070e-002 
1.503820e+001 1.377876e+001 -1.023683e+000 6.840970e+000 -1.267763e+000 4.296931e+000 -3.493663e+000 -5.514633e-001 4.460310e-001 -1.444806e+000 -1.199020e+000 -8.528387e-001 -3.087932e-001 -1.502164e+000 1.562830e+000 8.944385e-001 -3.099880e-001 -1.240462e+000 -4.887602e-001 4.058397e-001 -3.748185e-001 3.869208e-002 -2.729612e-001 -1.188589e-001 
1.735115e+001 1.493266e+001 -2.649449e+000 5.827211e+000 -1.443754e+000 4.551487e+000 -4.048721e+000 -1.027150e+000 2.028767e-002 -9.771934e-001 -1.358841e+000 -9.266650e-001 -5.866168e-001 -8.919529e-001 1.363879e+000 9.689499e-001 -4.621346e-001 -1.050972e+000 1.481037e-001 -1.065320e-001 -2.934861e-001 -3.355487e-001 -4.011540e-001 -1.652611e-001 
