-7.556806000000001 11.87601 -4.796421 1.506727 -2.207584 1.3800670000000002 -1.387107 -0.8041489999999999 4.994030000000001 -0.3586453 -2.34313 -1.094112 1.714506 -1.233274 -1.512035 0.3153774 0.5179424 -0.43555620000000006 0.2227929 0.5427241 -0.01195595 0.12286359999999999 -0.5946429000000001 -0.03525419 
-7.2679279999999995 12.38606 -4.860564 1.7450480000000002 -2.1799129999999995 1.391801 -0.5101402999999999 -0.7974728999999999 4.18992 -1.3628599999999997 -2.1648150000000004 -0.769234 1.7339869999999995 -1.5187539999999997 -1.531853 -0.18375849999999996 0.4616965 0.4015203 0.5495595 0.1361814 -0.7028368 0.2518771 -0.16491579999999997 0.6010910000000002 
-6.233280999999999 11.82024 -5.58753 1.597389 -1.8041920000000002 3.154539 -0.05393325999999999 -1.3518779999999997 3.9472200000000006 -1.2480519999999997 -1.2119230000000003 -1.273267 2.039328 -0.9919389 -2.122741 0.06646308 0.6302613 -0.06835373 -0.1589091 -0.007501867000000001 -0.5050438 -0.14173119999999997 -0.8270345 0.8272491999999999 
-6.0724409999999995 13.18137 -5.427325 0.6450687999999999 -0.9004193999999999 3.2642750000000005 -0.3761644 -0.9435398 3.5617249999999996 -1.9837170000000002 -1.304785 -1.184833 0.9542317000000001 -0.9959686000000001 -1.660043 -0.15449899999999997 0.7344051 0.4608827 0.264998 -0.08429032000000002 -0.5332117 3.302373E-5 -0.6741023000000002 0.17751880000000003 
-6.289164999999999 12.79311 -4.973959 1.7202559999999996 -0.8969471000000001 2.619851 -0.8420050000000001 -0.6404503999999999 3.292634 -2.649279 -2.553552 -0.24645270000000002 2.206751 -1.586748 -1.6468640000000003 0.1390774 0.5340718 -0.2506316 0.21889080000000002 0.2208299 -0.7100464 0.269523 -0.02930399 -0.24552899999999994 
-7.664127 13.5847 -4.098882 1.165992 -0.1343968 1.7901159999999998 -1.1536290000000002 -0.21821209999999996 3.3724929999999995 -2.1966870000000003 -1.9407180000000002 0.20831479999999997 1.199599 -2.0259110000000002 -0.6161119 0.7292911000000001 0.23882200000000003 -0.8636926000000001 -0.5623559 -0.47474380000000005 -0.48452660000000003 0.8143187999999999 0.1912764 -0.2957706 
-8.507844 14.08699 -3.0829379999999995 1.6595030000000004 -0.2495649 0.8572489 -1.107026 -0.1331717 3.7135950000000006 -1.086072 -2.1804899999999994 -1.082031 1.082355 -1.4137780000000002 -1.277106 0.153027 1.011674 -0.37619459999999993 -0.781473 0.451422 -0.25991499999999995 -0.24815760000000003 -0.8908401 0.21017550000000002 
-7.462217000000001 13.88959 -4.384916 1.812704 0.41513629999999996 1.632538 -0.4924304 -0.46690409999999993 2.812201 -1.475332 -2.204504 -0.7964181000000001 1.5720589999999999 -0.9160776999999999 -1.098435 -0.7655773000000001 0.35066929999999996 0.5184595 -0.2788339 0.1317501 -0.632927 -0.3221377 -0.6025572 0.6911423 
-8.443442 13.37827 -4.022783 2.1741309999999996 0.6394596 2.4159709999999994 -0.5392299 -0.8057147000000001 2.657055 -2.2128860000000006 -2.445254 -0.6018869000000001 1.6612469999999997 -1.252203 -0.45565610000000006 0.1121989 0.1292293 -0.2018297 -0.6928053 -0.25178110000000004 -0.660057 0.7148339000000001 0.09274875000000002 0.6305381 
-8.653464 13.783990000000001 -4.350698 1.5044369999999998 0.687202 2.111416 -0.08115384000000002 -0.424404 3.4789789999999994 -2.133412 -2.151214 -0.6813775 1.669418 -0.669934 -1.454987 0.30596589999999996 0.09106833999999998 -0.3660226999999999 -0.42530290000000004 -0.23934720000000004 -0.589327 0.047815060000000006 -0.1044952 0.40667399999999987 
-9.238464 15.35105 -4.483374 0.6922829000000001 -0.06157597999999999 1.9506999999999999 0.3225685999999999 -1.495749 3.937027 -2.37966 -2.0443010000000004 -0.6525322 1.324562 -0.5007818 -1.693904 0.03486875 0.135962 0.009392605 -0.07423717 -0.32400120000000004 -0.2302659 0.3930304 0.1325276 0.5651235 
-11.714389999999998 15.69767 -5.328367 0.2784814 0.6375906000000001 0.41039780000000003 1.540655 -2.109741 5.181818 -2.309161 -2.083627 0.5316285 0.8692839 -0.48946049999999997 -2.124302 0.542981 -0.14249010000000004 0.3822503 -0.05560492 -0.5211779 0.050416489999999994 -1.1351829999999998 0.10626289999999997 -0.07931872 
-9.512338999999999 14.07531 -5.774575 0.6971821 1.07165 1.046604 -0.1631541 -0.9944635000000001 3.666316000000001 -1.7893190000000003 -2.7733449999999995 -0.02820137 0.9175451 -0.9036096999999998 -0.7326091999999998 0.08020512 -0.028703449999999995 -0.07344571 0.21058430000000003 -0.1847733 -0.4985401 0.3406083 -0.4247097000000001 0.5366925 
-6.577842000000002 12.457719999999998 -4.550527 3.377253 0.8588478999999999 0.8034020999999998 -1.090702 -0.11875919999999998 1.454987 -1.218324 -1.6494739999999999 -1.9972069999999997 0.39499599999999996 -0.6832119 0.1245113 -0.22466680000000003 0.5690226000000002 -0.11377930000000001 -0.4205364999999999 -0.181195 -0.5337006 0.16311 -0.2304765 0.2565164 
-0.5341072000000001 10.5422 -4.736438 4.08271 -1.254567 1.8492549999999999 -2.6851300000000005 -0.624529 1.8265619999999996 0.1592703 -1.13784 -1.9548500000000002 0.9974246999999999 -1.167566 -0.5246861000000002 -0.9973798 -0.1549294 0.39917349999999996 -0.1418477 -0.4353117000000001 -0.16924129999999998 -0.193055 -0.5884608 0.1776465 
0.1957461 12.25238 -6.695829000000002 3.560124000000001 -2.634401 1.629657 -3.5106749999999995 -3.2903160000000002 2.743385 -1.0967970000000002 -2.5625010000000006 -1.944001 2.248585 -1.035635 -1.759333 -1.1670560000000003 -0.3332351 -0.09005083000000001 -0.6629185 -0.6759465000000001 -0.9204131000000001 -0.025987060000000003 -0.6952666 0.2517953 
0.447889 12.825630000000002 -6.4120550000000005 3.407617000000001 -1.6165249999999998 1.035884 -3.932064 -3.1072820000000005 2.4467719999999997 -0.26600130000000005 -4.442534000000001 -0.35197749999999994 1.80649 -1.6306359999999995 -0.8517080999999999 -1.4429990000000001 0.4450034 -1.023136 -0.2571602 -1.238408 -0.9500938000000001 0.0697359 -0.5458659 -0.3867702 
0.1683772 13.158010000000003 -5.409948 4.560243 -2.2809570000000003 0.9542683 -4.353814 -4.226523 3.563969 -0.5956321 -3.7498180000000003 -0.8159223000000002 1.7068220000000003 -1.981498 -1.274614 -1.182669 0.025972319999999997 -0.8042148000000002 -0.4087554 -0.5048276 -1.187583 -0.14829059999999997 -0.5228485000000002 -0.35456790000000005 
0.7232718 13.24682 -5.439086 4.953933 -2.4712220000000005 -0.4612135 -3.093429 -5.53729 3.5767470000000006 -0.09534619 -3.7529019999999997 -0.46016289999999993 0.42663759999999995 -1.6487700000000003 -1.147556 -0.8745418000000001 0.01432501 -0.9509353000000001 -0.8596966000000001 -0.1456102 -0.9537744999999999 -0.35572539999999997 -0.7030092000000001 -0.4310863999999999 
1.738716 13.73308 -6.336191 5.112301000000001 -3.1018359999999996 -0.18610330000000003 -3.009999 -5.920074999999999 4.754804 -0.9330505000000001 -3.306355 -0.7483205 0.05113648999999999 -0.5671122 -1.54171 -0.4440604000000001 -0.7675951999999999 -0.8458628 -0.6364688 -0.452632 -0.1266398 -1.076135 -0.6017031 -0.5724052999999999 
2.434655 13.206680000000002 -5.731925 4.807223 -3.895121 0.9456691 -4.355149 -5.062758 3.8768129999999994 -0.4546758 -2.884667 -1.1516529999999998 0.5944788 -1.503508 -0.6522741 -1.363612 -0.5033507999999999 -0.517868 -0.5272065 -0.47253089999999986 -0.7855062000000002 -0.47500620000000005 -0.8825966999999999 -0.2034113 
3.2532339999999995 13.275859999999998 -5.3039309999999995 3.803836 -3.4768970000000006 0.9180924 -4.394859 -4.479661 3.7945579999999994 0.008720839 -3.3255510000000004 -1.444787 0.7415149999999999 -1.2737990000000001 -0.23989140000000003 -1.51579 -0.6512061 -0.3365467999999999 -0.8498983999999999 -0.43034259999999996 -0.6439107000000001 -0.43867149999999994 -1.071893 -0.04456305 
3.4567480000000006 13.16212 -6.251584 4.747083 -4.432401 1.133487 -4.468367 -4.617646999999999 4.231045000000001 -0.7556633 -2.9004380000000003 -1.714271 0.7769773999999999 -1.0132329999999998 -0.6878770999999999 -1.187156 -0.5607633 -0.6732893 -0.730193 -0.6544145 -0.3421969 -0.49953620000000004 -1.5192010000000002 0.4197758 
2.2494979999999996 11.044399999999998 -4.523547999999999 3.025071 -2.183583 1.062079 -2.7108239999999997 -2.967972 3.212809 -1.1716560000000003 -2.142046 -0.6837863999999999 0.5588532 -0.553735 -0.9509948 -0.3266944 0.1703013 0.3928219 -0.05824839999999999 -0.32619249999999994 -0.01669924 -0.17840269999999997 -0.8366565 0.7584058000000001 
-5.826812 12.97479 -6.143031999999999 0.2345572 -2.025935 1.0669439999999997 -0.9079011999999997 -0.2660583 3.137076 -2.2979750000000005 -2.0240900000000006 0.6504213 2.197846 -1.176595 -0.7196075 -0.2136764 0.2777757 -0.5447327 -0.22900270000000006 0.1739488 -0.40375540000000004 0.5175545 0.31786240000000004 0.6538122 
-6.321531 12.98101 -5.721674999999999 -6.5312E-5 -1.857766 1.9268610000000002 -0.2829500999999999 -0.43959370000000003 3.0563059999999997 -2.094498 -2.543689 -0.33558809999999994 2.328052 -0.7424491 -0.5333889000000002 -0.40678880000000006 0.21858630000000007 -0.3865867 -0.6436188 0.2010087 -0.1203033 0.8821351000000001 0.030551219999999997 0.9475425 
-6.246606999999999 13.438069999999998 -5.682133999999999 1.356218 -0.8039272999999999 1.720383 -0.4383572 -0.3882843 3.3026620000000007 -1.282364 -2.5448659999999994 -1.5931739999999999 1.6478680000000003 -0.5317306999999999 -0.4973242 -0.20996140000000002 0.41566949999999997 -0.1561427 -0.1989558 0.37035140000000005 -0.6625966 0.1553084 -0.46110199999999996 0.8838966 
-6.683433 13.50887 -5.367445 1.7636800000000004 -0.059301779999999985 2.3207 -0.3719934 -0.7887413 3.2988919999999995 -1.6916949999999997 -2.923804 -0.9407461999999998 1.5302679999999997 -0.9699368 -0.014236349999999998 -0.33326229999999996 -0.1585742 0.3483494999999999 -0.32061580000000006 0.09092893999999999 -0.9064253000000002 0.2008615 -0.1085446 0.7514643000000001 
-6.0727899999999995 14.031630000000003 -6.391880999999999 0.31119159999999996 0.03757751 2.29602 0.031133799999999996 0.04609311 3.6710889999999994 -2.3716970000000006 -3.170945 -0.5037887 1.478349 -1.468693 -0.6237341 -0.1843546 0.2246515 0.41088400000000014 0.2251748 0.06619953 -1.215642 -0.115611 -0.18668780000000001 0.3446333 
-7.180349999999999 14.201120000000001 -5.305518 1.737166 0.211778 2.4187100000000004 -0.5155222999999999 -2.380186 3.612864000000001 -1.272619 -1.9016319999999998 -1.095732 0.7337192999999999 -0.6997061000000001 -1.01236 0.09808938 0.3817503 0.21988650000000004 -0.44795540000000006 -0.2287736 -0.08424155 -0.04648871999999999 -0.5338351 0.23395980000000002 
-8.179649 13.96146 -4.776901 2.1045720000000006 0.8210677000000002 2.143099 0.4452596999999999 -2.03488 3.903458 -1.8257049999999997 -2.548802 -0.7544275000000001 0.5918799 -0.7944335000000001 -1.452475 0.9684172000000001 0.27640440000000005 -0.1132721 -0.05697565999999999 -0.3321756 0.001277746 -0.9145008 -0.32051959999999996 -0.1708463 
-7.606306000000002 15.34201 -5.370842 1.4481540000000002 1.1001580000000002 1.269742 -0.07026285 -1.6935710000000002 4.295323 -1.7609239999999997 -2.4185079999999997 -0.5652862 1.404743 0.2476711 -1.351966 -0.916385 -0.5707392000000001 0.5965401999999999 0.19209000000000004 -0.3412104 -0.9315252000000002 -0.49354219999999993 0.2759041 0.6920301000000001 
-8.516751999999999 14.185869999999998 -5.184211 0.8087106999999999 0.8466727 2.385438 0.9013156999999998 -0.6058311 3.33953 -2.6606470000000004 -2.649256 0.21853030000000004 1.4102580000000002 -1.410643 -0.9974512000000002 -0.1444685 -0.03604471 0.18615319999999996 -0.40739009999999987 0.1375159 -0.5490385 -0.20259469999999996 -0.3101827 0.3012884 
-10.2326 14.4285 -4.982026 1.0809490000000002 1.09135 2.019615 1.693213 -1.3577949999999999 4.395716 -2.363356 -3.1996819999999997 -0.30104059999999994 1.05705 0.15520920000000002 -1.2050090000000002 -0.08868788 0.10500509999999999 -0.2310238 -0.4873745 -0.5401824 -0.3190509000000001 -0.3680169 0.1359288 1.066483 
-8.815041 16.030650000000005 -6.358255999999999 0.2572287 1.0552 1.140754 1.4414669999999998 -2.093054 4.981552 -2.295696 -2.458467 -0.16434480000000004 0.8516263999999999 0.3381382 -1.9830819999999998 0.005100525000000001 -0.1912543 0.6086177 0.017999619999999997 -0.7274776999999999 0.1398686 -1.096064 0.2596211 0.10841440000000001 
-8.554196 14.727949999999996 -5.850346000000001 0.20187090000000002 0.3119995 0.4747116 1.06396 -0.5340385 3.967025 -1.392332 -2.776405 -0.05447331 0.7986180000000002 -0.42902819999999997 -1.1135839999999997 -0.1444288 0.0520657 0.1529948 0.025554219999999996 -0.4128585 -0.3262749 -0.4819537 -0.04660399999999999 0.1255243 
-8.451813 14.728219999999997 -5.392654 0.45509740000000004 -0.28961149999999997 0.6654152 0.09033883 -0.7987611 3.4780480000000003 -1.645681 -2.327716 0.1641775 1.407304 -1.4161160000000002 -1.4998869999999997 -0.3641755 0.5764694 0.48909929999999996 -0.09744904 0.22392000000000006 -0.4041344000000001 0.02485998 -0.4595881999999999 0.6708929 
-3.6093079999999995 12.91149 -4.930839 3.440479 -0.35683290000000006 1.315895 -1.1748650000000003 0.009600587 0.9680348 -1.325916 -1.6666640000000004 -1.4157530000000003 0.7717694 -1.039379 -0.4242995 -0.6876254 0.3429133 0.5287938 -0.05518434 0.1999719 -0.6591576 -0.19379349999999998 -0.4980389 0.23098 
0.1606052 11.080709999999998 -5.234892000000001 2.7593099999999997 -1.904218 2.057872 -2.148697 -0.8223569 2.3692880000000005 0.0328871 -2.037316 -2.161752 1.478535 -0.5781999 -0.8237161000000002 -1.2965160000000002 -0.6300903 0.5820123 -0.004584572000000001 -0.5290133 -0.709332 -0.1621131 -0.5729255000000001 0.5836815 
0.02503432 13.30892 -6.235678999999999 3.4303099999999995 -2.720603 1.219775 -3.5596129999999997 -3.0223249999999995 3.360588 -0.5343447 -3.596498 -2.242552 2.522273 -0.8734811999999998 -1.6731110000000002 -0.9486375999999999 0.10121800000000002 -0.5993880000000001 -0.5583089 -0.6542285 -0.6291221 -0.04585846 -0.830826 0.43774740000000006 
0.5497769999999998 12.7391 -6.031616 3.4886319999999995 -1.741885 0.8277517000000001 -3.84075 -3.1060699999999994 2.444825 -0.6560100000000001 -4.403665 -0.1284563 2.072798 -1.6771270000000003 -0.7455585 -1.4359959999999998 0.2888302 -0.7937377999999999 -0.23719850000000003 -1.320692 -0.9243916 0.03701289 -0.5972543999999999 -0.5814678999999999 
0.7289148 13.549999999999999 -5.467422 3.8971589999999994 -3.059683 0.7984540999999999 -3.8614460000000004 -3.5800240000000008 3.530884 -1.107746 -4.272237 -0.7358633 1.9900590000000002 -1.7862480000000003 -1.168769 -0.9921334999999998 -0.3983607 -0.7562686000000001 -0.4763224 -0.4057735 -1.495787 -0.004125823 -0.41730959999999995 -0.5475851 
1.7104920000000001 13.81169 -5.539223999999999 4.01209 -3.1935439999999997 -0.08382946999999999 -2.497329 -4.765003 3.8121739999999997 -1.207021 -4.054288 -0.458319 0.5358828999999999 -1.062574 -1.0542429999999998 -1.159579 -0.4435783 -0.4971763 -0.514243 -0.4945903 -1.1118939999999997 -0.5972263 -0.33268839999999994 -0.1349003 
2.318064 13.08162 -5.539558999999999 4.102214 -3.163983 -0.1394344 -2.97753 -5.496609 4.190098 -0.7209959 -3.462319999999999 -0.2966809000000001 0.046583780000000005 -0.7786609000000001 -1.6461120000000002 -0.6995011 -0.4892119 -0.6313351000000001 -0.5362185 -0.7437343 -0.6636278999999999 -0.8618663 -0.4398833999999999 -0.1570568 
2.973589 13.24306 -5.492587 4.07252 -3.801472 0.9193322999999999 -4.208419 -4.631279 3.574244 -0.09676098 -3.3264439999999995 -1.5640789999999998 0.8034491 -1.232985 -0.8875510999999998 -1.2374410000000002 -0.26227739999999994 -0.4278534 -0.7121136999999998 -0.6780619999999999 -0.9006492999999998 -0.5169405 -0.6987459 0.27794160000000007 
3.050158 13.39367 -5.186291 3.4858140000000004 -3.142614 0.6042742 -3.8256389999999993 -4.861902 3.499699 0.05947875000000001 -3.512922 -1.440639 0.5728739000000002 -1.1060420000000002 -0.7160514 -1.2507079999999997 -0.5252128000000001 -0.3752366999999999 -0.9616939000000001 -0.46645659999999994 -0.39365659999999997 -0.6392578000000001 -0.9584853999999999 0.08550355 
