6.414795e+000 1.001298e+001 -2.755041e+000 3.054689e+000 7.151476e-001 1.514846e+000 -1.133615e+000 1.681207e+000 -1.347167e-001 -7.951428e-001 -2.003028e-001 3.526372e-001 
4.243370e+000 1.058874e+001 -2.661877e+000 3.174026e+000 5.366087e-001 -3.658751e-001 -2.006435e+000 6.434528e-001 1.654680e-001 -7.172889e-001 9.041082e-002 1.321765e-002 
4.342607e+000 1.042688e+001 -2.862172e+000 2.473450e+000 -8.704186e-002 -4.817738e-001 -1.718049e+000 6.630927e-001 -2.618376e-002 -7.940308e-001 -2.828734e-002 -2.761941e-003 
3.872204e+000 1.018921e+001 -3.732130e+000 1.516195e+000 -5.832987e-001 -8.653156e-001 -2.555705e+000 2.641732e-001 -2.457949e-002 -6.784766e-001 -7.625496e-002 2.653436e-001 
3.504325e+000 9.175479e+000 -4.149282e+000 1.332610e+000 -2.183510e-001 -3.357354e-001 -1.827576e+000 8.013243e-001 4.021928e-001 -5.284296e-001 -8.598141e-002 -3.219568e-002 
4.717815e+000 7.908028e+000 -2.709356e+000 1.277289e+000 -2.782939e-001 7.842793e-001 -4.833342e-001 2.258258e+000 5.182226e-001 -3.973309e-001 2.703242e-002 6.153723e-001 
8.928365e+000 6.810708e+000 -1.508160e+000 1.717955e+000 -6.726422e-001 1.248447e+000 -7.986968e-001 1.923366e+000 3.400032e-001 -2.266079e-001 -3.182403e-001 3.888167e-001 
9.820777e+000 7.094571e+000 -1.861675e+000 2.581917e+000 -1.289726e+000 1.371914e+000 -1.422481e+000 1.414668e+000 -2.437317e-001 -8.679079e-001 -8.661055e-001 3.504493e-001 
9.691581e+000 7.529235e+000 -6.582647e-001 3.027157e+000 -6.617884e-001 1.003797e+000 -1.479913e+000 1.143905e+000 1.643087e-001 -6.147725e-001 -1.056376e+000 6.272228e-003 
1.043685e+001 1.052566e+001 2.082243e-001 3.875075e+000 -4.646858e-001 1.879787e+000 -7.974307e-001 8.545359e-001 4.091155e-001 -7.054691e-001 -6.976574e-001 1.606633e-001 
1.250050e+001 1.095584e+001 -1.650970e-001 3.164351e+000 -3.911470e-001 1.921741e+000 -1.615027e+000 3.294991e-001 1.102533e+000 -5.234843e-001 -5.896374e-001 3.639771e-001 
1.363136e+001 1.136727e+001 -9.615590e-001 3.287129e+000 -7.462736e-001 5.074057e-001 -1.655507e+000 5.081165e-001 1.037267e+000 -4.652743e-001 -6.672033e-001 4.559736e-001 
1.399858e+001 1.107719e+001 -1.592985e+000 3.706708e+000 -3.528337e-001 4.924086e-001 -1.724279e+000 4.043406e-001 5.465880e-001 3.080753e-002 -6.086523e-001 6.076506e-001 
1.410275e+001 1.090258e+001 -1.832347e+000 3.988172e+000 1.357980e-001 -8.040897e-002 -1.718380e+000 1.867656e-001 8.710894e-002 3.445117e-001 -7.666890e-001 9.757484e-001 
1.444954e+001 1.039403e+001 -1.812797e+000 4.616470e+000 -7.990793e-002 2.004959e-001 -2.118815e+000 -4.884784e-002 7.154585e-002 4.651562e-001 -7.318421e-001 1.175418e+000 
1.381573e+001 1.072742e+001 -1.832182e+000 4.705649e+000 -4.676956e-001 1.324745e-001 -2.013775e+000 1.676935e-001 1.516179e-001 2.869131e-001 -4.797864e-001 1.178395e+000 
1.331611e+001 1.143049e+001 -2.007278e+000 4.934410e+000 -5.799783e-001 -5.745294e-002 -1.849926e+000 2.225388e-001 3.500161e-001 1.373407e-001 -5.570279e-001 1.040033e+000 
1.348149e+001 1.101466e+001 -1.173938e+000 3.830403e+000 -7.165094e-002 -6.258300e-001 -1.184925e+000 1.479076e-001 8.647821e-001 -2.270437e-001 -5.828728e-001 6.419992e-001 
1.302307e+001 1.143050e+001 -1.328045e+000 3.777141e+000 -6.072659e-002 -8.398718e-001 -7.165004e-001 2.740525e-002 1.111019e+000 -3.469688e-001 -8.014586e-001 6.453567e-001 
1.123235e+001 1.279488e+001 -1.889013e+000 4.410637e+000 -6.340917e-001 -3.102308e-001 -1.282852e+000 4.128792e-001 1.212193e+000 -2.212040e-001 -1.183998e+000 5.432052e-001 
1.113936e+001 1.188114e+001 -1.081798e+000 2.831289e+000 7.085136e-001 -7.835305e-001 -1.358502e+000 3.406518e-001 1.198049e+000 6.052008e-002 -1.080671e+000 -4.839383e-002 
1.009609e+001 8.198271e+000 3.557850e-001 1.345507e+000 1.284814e-001 1.624736e-001 -1.570046e+000 6.995816e-001 9.265019e-001 -5.615027e-001 -1.979356e-001 2.364462e-001 
5.644307e+000 9.504046e+000 -3.169084e+000 2.067440e+000 -5.281068e-001 6.543908e-001 -1.618258e+000 1.536016e+000 2.720994e-001 -4.394908e-001 -1.716387e-001 5.788622e-002 
4.623339e+000 1.015475e+001 -3.148048e+000 2.456985e+000 3.804757e-001 2.244962e-001 -1.106012e+000 1.195789e+000 2.270079e-001 -9.633493e-001 7.127824e-003 4.370675e-002 
5.507546e+000 1.141562e+001 -2.802958e+000 2.213503e+000 1.232554e-001 4.112624e-001 -8.749760e-001 1.370806e+000 9.603731e-002 -9.909818e-001 -8.937039e-002 2.563277e-001 
4.784400e+000 1.154457e+001 -2.679498e+000 2.365942e+000 4.598736e-001 1.465489e-001 -1.762991e+000 1.144228e+000 2.441995e-001 -4.469950e-001 2.627230e-001 5.779055e-001 
6.012952e+000 1.122615e+001 -2.932693e+000 2.179579e+000 3.071355e-001 -1.757118e-001 -1.260136e+000 1.133122e+000 4.482428e-002 -1.170743e+000 -1.008859e-001 4.886272e-001 
7.050090e+000 8.558549e+000 -1.621730e+000 1.913916e+000 -2.551787e-001 3.935626e-001 -1.401579e+000 1.089507e+000 -8.259619e-002 -1.006159e+000 -6.865871e-001 3.667001e-001 
8.654515e+000 6.429898e+000 -1.826002e+000 1.104229e+000 -1.642412e+000 -7.284973e-002 -2.234067e+000 1.291965e+000 1.591054e-001 -4.962945e-001 -7.754514e-001 5.109218e-002 
9.358668e+000 6.048803e+000 -2.295050e+000 1.959329e+000 -2.069462e+000 2.671992e-001 -2.204984e+000 1.110598e+000 6.594154e-002 -6.409713e-001 -7.059108e-001 4.590489e-001 
9.731523e+000 8.291559e+000 -5.438893e-001 3.437468e+000 -3.838802e-001 1.568894e+000 -1.166071e+000 1.169407e+000 1.498048e-001 -3.559071e-001 -6.078807e-001 1.912166e-001 
1.026736e+001 1.058963e+001 1.065261e-001 3.893474e+000 2.325239e-001 2.145218e+000 -1.177452e+000 4.746623e-001 2.774109e-001 -4.170381e-001 -5.600123e-001 2.140696e-002 
1.233019e+001 1.112617e+001 -4.971947e-001 3.628727e+000 -1.024616e+000 1.698917e+000 -1.703313e+000 4.294074e-001 1.036146e+000 -3.962899e-001 -4.751559e-001 1.784705e-001 
1.373492e+001 1.139015e+001 -9.628141e-001 3.332973e+000 -7.849023e-001 5.783801e-001 -1.636064e+000 8.330846e-001 6.316747e-001 -7.729953e-002 -5.204137e-001 3.355617e-001 
1.400729e+001 1.085137e+001 -1.728452e+000 3.755826e+000 -1.581728e-002 4.434073e-001 -1.779778e+000 1.324719e-001 3.598409e-001 -3.068660e-002 -4.591298e-001 8.008305e-001 
1.490775e+001 1.000825e+001 -1.142501e+000 3.541866e+000 8.204837e-001 -6.547469e-001 -1.350765e+000 -2.182823e-001 3.808800e-001 2.179555e-001 -5.701643e-001 1.018417e+000 
1.456773e+001 1.069838e+001 -1.671198e+000 4.709578e+000 -1.526518e-001 -7.892557e-003 -1.822610e+000 9.923375e-002 3.801948e-002 3.302080e-001 -6.666223e-001 1.176868e+000 
1.422613e+001 9.951213e+000 -1.063445e+000 3.630296e+000 6.643188e-002 -3.327194e-001 -1.290721e+000 -2.810161e-001 4.815011e-001 2.835746e-002 -5.918922e-001 1.029711e+000 
1.331804e+001 1.139441e+001 -1.595526e+000 4.945630e+000 -2.113189e-001 -2.954749e-001 -1.509723e+000 4.703970e-001 5.948366e-001 -9.399374e-002 -3.897480e-001 8.716089e-001 
1.281529e+001 1.180372e+001 -2.067187e+000 4.612465e+000 -5.353862e-001 -3.719245e-001 -1.655033e+000 5.848725e-001 4.890385e-001 -1.412776e-001 -6.090359e-001 7.436537e-001 
1.215654e+001 1.249076e+001 -2.518813e+000 4.667295e+000 -7.292303e-001 -3.859089e-001 -1.295750e+000 3.525616e-001 8.032704e-001 -3.653185e-002 -9.289247e-001 8.896774e-001 
1.146018e+001 1.242723e+001 -1.787322e+000 3.856929e+000 -2.931805e-001 -6.424480e-001 -1.303419e+000 2.421292e-001 1.240373e+000 -2.778212e-001 -1.051100e+000 6.284831e-001 
