2.046398e+001 5.011644e+000 -5.765269e+000 8.571294e+000 -7.657053e+000 2.635118e+000 -5.149612e+000 1.208365e+000 -1.874135e+000 -3.369787e+000 -1.243733e+000 -1.581844e+000 -3.532659e-001 -1.299874e+000 1.148533e+000 -1.566981e+000 -1.595828e+000 -1.008326e+000 6.744034e-001 7.174277e-001 -1.379341e-001 -1.158360e+000 -1.222479e+000 -9.613203e-002 -1.746781e-001 1.154283e-001 2.797474e-001 1.343336e-001 3.134933e-002 -1.842623e-001 -1.802058e-001 3.566544e-001 1.159951e-002 -1.584238e-002 2.947402e-002 -6.379095e-002 
1.867804e+001 5.992498e+000 -8.352302e+000 1.073904e+001 -9.652755e+000 3.096283e+000 -6.110949e+000 1.992716e+000 -2.402364e+000 -3.079609e+000 -1.352289e+000 -1.605907e+000 -2.453887e-001 -2.955406e+000 5.343852e-001 -2.589394e+000 -1.828468e+000 -1.839950e+000 1.972007e-001 -6.870652e-001 -4.051405e-001 -1.055345e+000 -1.067451e+000 -2.015830e-001 -9.109897e-002 -2.860939e-001 -3.581948e-001 4.067215e-001 -6.050165e-001 -1.273011e-002 -7.737930e-001 2.168815e-001 1.559645e-002 2.941067e-001 -2.936459e-001 -2.484002e-001 
1.859711e+001 5.750075e+000 -7.895424e+000 9.379345e+000 -9.174098e+000 2.203035e+000 -6.503027e+000 8.421042e-001 -2.440973e+000 -3.923222e+000 -1.279512e+000 -1.809287e+000 7.073582e-001 -1.328436e+000 1.582721e+000 -1.267894e+000 -1.781413e+000 -1.430553e+000 3.391114e-001 1.886901e-001 -5.546339e-001 -1.206922e+000 -1.493220e+000 -7.843652e-001 -3.821063e-001 5.038694e-003 -3.039427e-001 -1.228809e-001 -2.568988e-003 2.767578e-001 -8.746044e-002 2.475621e-001 -4.104009e-001 5.437815e-001 1.420529e-001 -3.150372e-001 
1.942176e+001 4.501245e+000 -9.786802e+000 1.045788e+001 -8.266641e+000 1.954138e+000 -6.565597e+000 8.575827e-001 -1.284051e+000 -3.635677e+000 -1.394355e+000 -1.654813e+000 -9.602838e-002 -1.868216e+000 7.852125e-001 -2.378089e+000 -2.310224e+000 -1.613211e+000 2.817985e-001 1.369712e-001 -3.692121e-001 -5.807369e-001 -1.211698e+000 -7.639390e-001 -6.404396e-001 -3.300158e-001 -4.833465e-002 -1.332944e-001 -1.658775e-001 -1.413247e-001 -2.495460e-001 4.915854e-001 -1.726822e-001 6.112262e-001 -2.451082e-001 3.501712e-001 
1.747976e+001 5.043461e+000 -1.067618e+001 1.069741e+001 -8.021512e+000 2.145596e+000 -6.265661e+000 6.669318e-001 -1.036556e+000 -3.006399e+000 -1.340978e+000 -1.274585e+000 -1.108644e-001 -1.028899e+000 9.382522e-001 -2.475702e+000 -2.242350e+000 -1.495516e+000 4.446713e-001 -4.882034e-001 -1.111848e-001 -6.086935e-001 -7.770149e-001 -9.023499e-001 -1.102970e+000 -4.394712e-001 -3.176003e-001 2.062795e-001 -4.967213e-001 -4.698659e-001 -4.780852e-001 1.187736e+000 2.832337e-001 3.176878e-001 -4.469789e-001 7.810157e-002 
1.637145e+001 4.637071e+000 -1.029754e+001 9.407732e+000 -8.197928e+000 1.492171e+000 -6.525387e+000 3.354313e-001 -1.279580e+000 -4.227311e+000 -1.853567e+000 -2.504857e+000 -6.844006e-001 -2.582376e+000 1.474457e+000 -9.884145e-001 -1.797893e+000 -1.015390e+000 5.950731e-001 5.516614e-001 4.115933e-002 -2.260598e-001 -6.489682e-001 -1.441869e-001 -7.293867e-001 1.001977e-001 2.246744e-001 5.602392e-001 1.673741e-001 -3.385940e-001 1.942802e-001 4.027570e-001 4.461897e-001 1.749636e-001 -2.568982e-001 4.030410e-001 
1.377435e+001 1.012785e+001 -6.615034e+000 8.231672e+000 -4.476864e+000 2.449105e+000 -3.747677e+000 2.637483e-001 -6.736873e-001 -4.299697e+000 -1.648966e+000 -1.724562e+000 -7.135168e-001 -1.511427e+000 1.060893e+000 -5.547538e-002 -1.484392e+000 -6.830631e-001 -2.750985e-001 -6.126718e-001 -4.969352e-001 -7.520832e-001 -6.682292e-001 -3.420623e-001 -3.374943e-002 -1.429755e-001 7.816342e-002 1.723598e-001 -9.857262e-002 -2.525360e-001 -3.380668e-001 4.530394e-001 -3.504237e-001 -1.048882e-001 -1.674983e-001 5.389395e-002 
1.036797e+001 1.610600e+001 -6.434275e+000 5.860158e+000 -3.351940e+000 2.958211e+000 -4.756269e+000 -6.663002e-001 -2.455953e+000 -4.345310e+000 -1.919925e+000 -9.001334e-001 -3.993325e-001 -1.328122e+000 -4.047819e-002 -1.146571e+000 -1.732750e+000 -7.241874e-001 1.605398e+000 -1.086480e+000 -8.172886e-001 -1.495603e+000 -2.271735e-001 -6.398686e-001 -1.504539e+000 -1.517489e+000 -1.718315e-001 1.846516e-002 -3.770475e-002 -4.172095e-001 -9.068694e-001 2.547796e-001 4.060990e-001 3.418929e-001 -2.970419e-001 5.862455e-001 
1.188514e+001 1.678567e+001 -5.390940e+000 1.840242e+000 -2.621810e+000 9.084118e-001 -5.042575e+000 -2.444870e+000 -1.756157e+000 -5.065507e+000 -2.059784e+000 -7.983548e-001 -6.075991e-001 -1.246404e+000 4.606968e-001 -4.504308e-001 -2.150752e+000 -9.998049e-001 6.615336e-001 -6.918716e-001 -1.607534e+000 -1.113144e+000 -1.199655e+000 -8.034609e-001 -5.280878e-001 -7.449611e-001 -7.805107e-001 -5.650496e-001 -6.247226e-001 -6.843005e-001 -7.243147e-001 -1.848919e-001 4.120511e-001 -1.440805e-001 3.358585e-002 8.116477e-001 
1.339521e+001 1.768652e+001 -5.504693e+000 2.009118e+000 -3.322664e+000 1.259006e+000 -5.918925e+000 -9.990109e-001 -8.839987e-001 -5.281672e+000 -1.395189e+000 -2.291223e-001 8.661065e-001 -1.015118e-001 -4.952425e-002 -2.013245e+000 -3.990732e+000 -8.675322e-001 5.414829e-001 -1.183589e+000 -1.100974e+000 -1.319780e+000 -4.958890e-001 5.363601e-002 -4.247942e-001 -7.920247e-001 -9.382749e-002 -6.260708e-001 -4.282009e-001 -2.636585e-001 -4.961489e-001 3.800805e-001 -2.639822e-001 1.693387e-001 -5.489697e-001 6.538628e-001 
1.429639e+001 1.845764e+001 -8.516690e+000 2.727799e+000 -3.914363e+000 1.101706e+000 -5.976641e+000 -1.956386e+000 -2.651831e+000 -4.219968e+000 -1.292536e+000 -2.427905e-001 2.302379e+000 4.254476e-001 1.889444e-001 -1.811132e+000 -3.519325e+000 -1.002299e+000 4.506311e-001 -1.125754e+000 -1.023234e+000 -1.896059e+000 -2.343077e-001 2.283344e-001 5.505606e-003 -9.048919e-001 -1.110171e+000 -3.778448e-001 -7.113235e-001 -7.640865e-001 -7.332571e-001 3.965909e-001 -2.766038e-001 1.819170e-001 -1.389370e-002 1.290118e+000 
1.854425e+001 1.764465e+001 -7.530985e+000 2.679450e+000 -3.142733e+000 1.357583e-001 -5.546657e+000 -1.919019e+000 -2.609038e+000 -4.751346e+000 -1.019369e+000 -5.212614e-001 1.316523e+000 6.947562e-001 -9.931419e-002 -1.753454e+000 -3.855256e+000 -8.283582e-001 5.036814e-001 -2.222766e+000 -1.005245e+000 -7.659784e-001 -5.722556e-001 2.237665e-001 -5.781559e-003 -1.493447e+000 -5.761054e-001 7.953092e-002 -6.696584e-001 -1.033724e+000 -6.353215e-001 9.288850e-001 2.229752e-001 9.024432e-001 3.122610e-001 8.746285e-001 
1.889928e+001 1.820322e+001 -1.085714e+001 2.254274e+000 -4.608502e+000 7.457212e-001 -8.296281e+000 9.963389e-002 -3.072613e+000 -4.868865e+000 -1.463052e+000 -4.896613e-001 1.424094e+000 -7.436531e-001 -6.150060e-001 -2.580478e+000 -4.486934e+000 -1.741224e+000 7.416062e-001 -1.832279e+000 -3.565626e-001 -1.227331e+000 -1.192771e+000 -9.716457e-001 2.116233e-001 -2.060609e+000 -6.273751e-001 -2.383766e-001 -9.924070e-001 -1.170359e+000 -2.778260e-001 1.333342e+000 -5.018073e-001 1.431279e+000 -2.238866e-001 8.313486e-001 
2.152644e+001 1.802167e+001 -1.065544e+001 1.027372e+000 -4.174437e+000 6.839333e-002 -7.435181e+000 -1.440951e-001 -1.857384e+000 -5.605228e+000 -1.038650e+000 -5.944329e-001 1.899340e+000 -1.557137e-001 -3.721778e-001 -2.199481e+000 -5.043336e+000 -1.446012e+000 9.484329e-001 -1.587604e+000 -7.354956e-001 -9.323393e-001 -1.586745e+000 -9.994616e-002 1.357697e-001 -1.754380e+000 -5.739440e-001 -3.765521e-001 -5.620985e-001 -4.826672e-001 1.456991e-001 1.528426e+000 -4.491340e-001 1.244899e+000 2.652900e-001 5.715723e-001 
2.781534e+001 1.078767e+001 -3.748995e+000 5.345764e-001 -2.506585e+000 -7.250776e-001 -3.532928e+000 -7.083800e-001 -4.571305e-002 -3.477772e+000 -1.117039e-002 1.431621e+000 1.136190e+000 1.512680e-001 -2.894296e-001 -1.971851e+000 -3.050400e+000 -3.037604e-001 1.228817e+000 3.412088e-001 -7.374577e-001 -1.053613e+000 -1.757667e-001 5.012024e-001 -4.374631e-001 -7.896017e-001 -2.960262e-001 -2.059796e-001 -8.166586e-002 -1.642510e-001 4.250756e-001 9.567720e-001 6.669161e-001 3.079596e-001 3.930615e-001 6.717892e-001 
2.309237e+001 3.977935e+000 -2.304610e+000 6.223272e+000 -5.107033e+000 1.327713e+000 -3.037076e+000 8.668291e-001 4.500727e-001 -2.768620e+000 -1.973569e-001 -1.332118e+000 -1.097598e-001 -4.213882e-001 1.020805e+000 -9.824515e-001 -1.919629e+000 -5.781645e-001 1.360256e-001 6.607718e-001 6.541700e-002 -4.237623e-001 -8.971667e-001 -3.090882e-001 -6.225019e-001 -9.181046e-002 7.219442e-001 3.277444e-001 -7.885106e-002 -2.855224e-001 1.774880e-001 4.734451e-001 1.575511e-001 -6.197191e-001 -3.902629e-001 1.002733e-003 
1.815307e+001 3.927493e+000 -7.436496e+000 1.052319e+001 -8.455880e+000 2.960128e+000 -5.733434e+000 1.669190e+000 -2.292604e+000 -2.680340e+000 -1.391030e+000 -2.520871e+000 -1.096680e+000 -2.706624e+000 8.375312e-001 -1.788478e+000 -1.046615e+000 -8.157037e-001 6.430962e-001 7.595197e-002 2.857431e-002 -7.260573e-001 -1.510219e+000 -2.267168e-001 3.183418e-001 6.483353e-001 6.032081e-001 3.593697e-001 -3.733784e-001 2.199099e-002 -2.399681e-001 6.311379e-001 -2.366052e-001 -2.969769e-001 -3.191837e-001 -1.858215e-001 
1.859911e+001 7.141902e+000 -6.818108e+000 1.081060e+001 -9.223509e+000 2.745123e+000 -6.581126e+000 7.464671e-001 -1.502342e+000 -2.985396e+000 -2.062954e+000 -2.485787e+000 -6.051637e-001 -1.509851e+000 1.367311e+000 -2.292452e+000 -2.748055e+000 -2.018669e+000 1.982508e-001 -2.272488e-001 -5.442781e-001 -1.262270e+000 -2.047928e+000 -9.323308e-001 -6.084291e-001 1.385457e-001 7.635550e-002 3.526633e-001 -1.650555e-001 -1.819785e-001 -1.650960e-001 4.054168e-001 -2.100763e-001 5.093791e-002 -1.460502e-001 -1.788392e-001 
1.954245e+001 6.789112e+000 -8.620607e+000 1.201652e+001 -8.763357e+000 2.476510e+000 -7.344992e+000 1.635241e+000 -1.942579e+000 -4.362453e+000 -2.504883e+000 -3.130632e+000 -2.084433e-001 -2.018644e+000 1.595624e+000 -1.937825e+000 -1.848868e+000 -2.736935e+000 -3.523125e-001 -5.446438e-001 -8.635415e-001 -1.350886e+000 -1.431172e+000 -9.069756e-001 -6.806506e-001 1.679192e-001 -7.148664e-002 -3.974311e-002 -6.487098e-001 1.598710e-001 8.293779e-002 1.037201e+000 -5.729728e-001 5.139473e-002 -6.975967e-001 -3.316812e-001 
1.841607e+001 7.112423e+000 -1.115744e+001 1.174134e+001 -8.711884e+000 2.724843e+000 -6.108467e+000 7.171765e-001 -1.924183e+000 -3.793801e+000 -1.665216e+000 -1.913203e+000 -1.410272e+000 -3.564871e+000 4.639634e-001 -2.745469e+000 -1.989667e+000 -2.348915e+000 9.552372e-001 -3.439629e-001 4.384726e-001 -8.422259e-001 -1.012320e+000 -5.971867e-001 -9.207167e-002 1.682605e-001 -1.858258e-002 3.618849e-001 -4.312579e-001 1.011995e-002 -7.470148e-001 7.626911e-001 -3.348694e-001 5.638777e-001 -5.093973e-001 -1.095275e-001 
1.811764e+001 5.501425e+000 -9.605985e+000 1.019695e+001 -7.669234e+000 2.136004e+000 -5.877758e+000 1.545145e+000 -6.873980e-001 -3.571745e+000 -1.204353e+000 -1.723736e+000 5.733235e-002 -1.624130e+000 1.127514e+000 -2.247782e+000 -2.781104e+000 -1.742087e+000 4.869044e-001 -1.364568e-001 -3.596268e-001 -5.183719e-001 -3.651898e-001 -1.043956e-001 -1.051912e+000 -4.275004e-001 -4.508085e-001 4.799576e-001 3.378099e-001 -3.530933e-001 -6.516267e-002 9.004266e-001 2.868793e-001 1.217554e-001 -4.591233e-001 4.586305e-001 
1.358922e+001 8.543396e+000 -1.010981e+001 9.329443e+000 -8.131068e+000 2.879247e+000 -4.830297e+000 1.888064e+000 -1.803536e-001 -3.301776e+000 -1.691144e+000 -1.976208e+000 3.399624e-001 -2.450921e+000 8.889539e-001 -2.056553e+000 -2.420688e+000 -1.806862e+000 6.475234e-001 -4.419146e-001 -2.396581e-002 -6.366246e-001 -1.488906e-001 -1.645849e-001 -2.976464e-001 -1.901758e-001 -7.967242e-002 4.282260e-001 -6.641366e-001 -7.201752e-002 -4.929838e-001 7.952688e-001 2.122170e-001 6.410044e-001 -2.060819e-001 -8.575232e-002 
1.176525e+001 1.566339e+001 -6.335259e+000 6.755691e+000 -3.748512e+000 3.354140e+000 -4.174892e+000 -1.266400e-001 -1.314423e+000 -3.597394e+000 -1.401658e+000 -1.084578e+000 -5.177029e-001 -1.638769e+000 -3.371718e-001 -1.425973e+000 -1.796440e+000 -5.229858e-001 1.064875e+000 -6.112643e-001 -2.504399e-001 -1.979245e+000 -1.331906e+000 -8.156784e-001 -1.151257e+000 -6.356374e-001 -4.245934e-002 2.037004e-001 -4.344560e-001 -3.384726e-001 -4.501142e-001 7.470432e-001 3.287050e-001 7.926589e-001 -5.443364e-002 4.396508e-001 
1.110533e+001 1.774128e+001 -5.713682e+000 4.176146e+000 -3.533663e+000 1.943587e+000 -5.315897e+000 -1.564683e+000 -1.639239e+000 -4.293058e+000 -2.079738e+000 -5.243394e-001 -6.888002e-001 -1.688404e+000 1.001437e-001 -7.781202e-001 -1.646461e+000 -7.678682e-001 1.204293e+000 -1.184035e+000 -1.418040e+000 -1.039264e+000 -9.665461e-001 -6.329982e-001 -9.543945e-001 -8.314960e-001 -6.555824e-001 -6.157216e-001 -4.724168e-001 -5.744431e-001 -8.521955e-001 -6.501870e-002 1.446706e-002 1.977398e-001 6.017585e-001 7.450792e-001 
1.064210e+001 1.853518e+001 -6.107231e+000 4.018029e+000 -3.840787e+000 2.828240e+000 -6.129820e+000 -7.902342e-001 -1.482043e+000 -4.846041e+000 -1.674091e+000 1.222683e-001 7.209425e-001 -4.962160e-001 2.403111e-001 -1.899219e+000 -2.670758e+000 -1.393329e+000 3.867790e-001 -1.275566e+000 -5.590095e-001 -1.821885e+000 -8.956381e-001 -4.368004e-001 1.201740e-001 -3.048602e-001 -4.781811e-001 -8.095117e-001 -5.587264e-001 -5.211980e-001 -6.397520e-001 3.295663e-001 -3.934726e-001 3.156482e-001 -7.755753e-003 9.638154e-001 
1.399190e+001 1.847922e+001 -7.594198e+000 2.861034e+000 -3.673968e+000 2.174442e+000 -5.694393e+000 -1.529868e+000 -2.314192e+000 -4.725512e+000 -8.788110e-001 -3.755434e-001 1.737810e+000 5.330240e-001 -6.020185e-002 -2.260598e+000 -3.558962e+000 -1.439134e+000 -7.270158e-003 -1.152929e+000 -1.017710e+000 -1.875256e+000 -4.020022e-001 -1.664780e-001 -2.638461e-001 -3.101816e-001 -3.221726e-001 -8.172389e-001 -4.637147e-001 -4.173616e-001 -7.138275e-001 6.683404e-001 -5.785188e-001 3.584460e-001 2.421509e-001 1.059305e+000 
1.587076e+001 1.771110e+001 -8.497254e+000 3.383562e+000 -4.122255e+000 7.524749e-001 -6.004809e+000 -1.935799e+000 -3.035461e+000 -4.086660e+000 -3.388838e-001 1.351063e-001 2.148918e+000 8.932700e-001 2.938647e-001 -1.691249e+000 -3.561136e+000 -3.817275e-001 1.314142e+000 -2.054538e+000 -9.480476e-001 -1.057652e+000 -3.630532e-001 3.077384e-001 2.212456e-001 -1.348604e+000 -8.829200e-001 -7.142083e-002 -9.052900e-001 -8.221652e-001 -8.461607e-001 5.152196e-001 -1.631289e-002 5.125990e-001 2.957954e-001 9.090131e-001 
1.957631e+001 1.667138e+001 -8.042271e+000 1.235046e+000 -3.009174e+000 -6.100993e-001 -6.280430e+000 -9.896029e-001 -2.403365e+000 -4.591670e+000 -7.365571e-001 -5.259769e-001 1.517717e+000 2.219626e-001 -6.653087e-001 -2.108504e+000 -4.670264e+000 -1.260696e+000 6.097115e-001 -1.762231e+000 -7.661396e-001 -1.030259e+000 -1.283138e+000 -2.948548e-001 -1.890025e-001 -1.365957e+000 -2.590347e-001 -7.644147e-002 -5.971118e-001 -1.187674e+000 -4.799489e-001 1.102403e+000 -1.601187e-001 1.199470e+000 1.216946e-001 9.323291e-001 
2.176730e+001 1.730957e+001 -9.098233e+000 7.094449e-001 -2.718997e+000 -2.319354e-002 -7.041512e+000 -4.003181e-001 -1.932708e+000 -5.654185e+000 -1.443160e+000 -7.517096e-001 1.720414e+000 -2.005758e-001 -3.571324e-001 -2.306075e+000 -5.082483e+000 -1.391840e+000 2.662630e-001 -1.617806e+000 -6.890466e-001 -5.127948e-001 -1.345213e+000 -1.654424e-001 2.105150e-001 -1.962976e+000 -7.727713e-001 -2.955205e-001 -5.386726e-001 -7.091607e-001 2.515338e-001 1.522142e+000 -1.713490e-001 1.137720e+000 -1.082779e-001 2.733702e-001 
