2.621068e+000 1.581937e+001 1.769577e+000 3.555625e+000 2.270149e+000 -2.483163e-001 4.120905e-002 5.998209e-002 -9.654065e-001 -2.244021e+000 -1.623548e+000 -4.589221e-001 1.410951e-002 -8.161576e-003 -2.785787e-001 -7.506671e-001 -3.803861e-001 7.415507e-001 2.615663e-001 -1.714312e+000 -1.575347e+000 -3.936482e-001 -7.258905e-001 -9.669320e-001 
-1.902308e+000 1.733653e+001 2.573227e+000 2.529015e+000 2.270003e+000 6.740869e-001 2.477822e-002 -5.076651e-002 -4.414411e-001 -1.572072e+000 -9.668631e-001 -1.798703e-001 4.004171e-002 -1.238336e-001 -1.818520e-001 -6.437588e-001 -8.984658e-001 -3.907085e-001 -5.487786e-001 -1.339550e+000 -7.284858e-001 1.973069e-001 1.157391e-001 -1.521790e-001 
-7.187605e+000 2.033509e+001 1.769984e+000 3.521565e+000 2.590209e+000 5.738171e-001 -2.994671e-001 -1.490126e-001 -3.866122e-001 -2.257999e+000 3.411054e-001 7.356420e-002 6.745147e-001 -2.609156e-001 -4.115012e-001 -2.030318e+000 -5.658237e-001 5.815850e-001 -1.310458e+000 -1.199784e+000 -2.564738e-001 6.109741e-001 -4.046087e-001 -1.374414e-001 
-4.758282e+000 1.766194e+001 2.941255e+000 1.865265e+000 2.511728e+000 9.837579e-001 7.286306e-001 1.167485e-001 -1.592503e+000 -1.889675e+000 -5.678403e-003 8.087951e-001 9.096906e-001 3.749109e-001 -1.183315e+000 -2.024431e+000 -5.192238e-001 1.928984e-001 -9.834244e-001 -1.031233e+000 1.242035e-001 1.463396e-001 -3.499634e-001 -2.164022e-001 
9.083916e-001 1.269424e+001 4.748770e+000 2.096258e+000 8.245911e-001 8.689546e-001 8.836022e-001 -2.383861e-001 -1.225807e+000 -1.196585e+000 -1.052827e-001 7.586649e-001 6.596395e-001 -1.547458e-001 -9.524468e-001 -1.135548e+000 -5.675714e-001 -2.594029e-001 -5.001328e-001 -6.284238e-001 -3.905949e-001 -1.827943e-001 -4.873810e-002 8.680749e-002 
1.434941e+001 9.704494e+000 3.401172e+000 1.297888e+000 -4.923036e-001 -7.469898e-001 -3.588598e-001 -8.071958e-001 -1.314343e+000 -1.392810e+000 -7.578221e-001 -1.909988e-002 2.282417e-001 4.432155e-002 -2.810599e-001 -5.731964e-001 -3.773191e-001 -8.547637e-002 -3.027665e-001 -7.322588e-001 -6.527188e-001 -3.187033e-001 -2.343520e-001 -1.807877e-001 
-5.582616e-001 1.848893e+001 5.104725e-001 4.352832e+000 1.847890e+000 -1.294443e-001 3.331359e-001 1.919433e-001 -5.996034e-001 -2.472471e+000 -1.554721e+000 -5.681583e-001 -8.294278e-002 -1.044965e-001 -3.072645e-001 -6.026416e-001 -3.638465e-001 5.267688e-001 1.753719e-001 -1.637249e+000 -1.373517e+000 -2.468368e-001 -8.024453e-001 -9.904672e-001 
-5.390267e+000 2.041385e+001 7.327432e-001 3.495552e+000 1.946745e+000 8.778041e-001 -1.699412e-001 -6.666291e-001 2.621787e-001 -1.991912e+000 -4.833455e-001 -2.977939e-001 4.567626e-001 -1.508163e-001 -2.889469e-002 -8.306039e-001 -9.425513e-001 -4.200161e-001 -7.110870e-001 -1.479113e+000 -5.722640e-001 3.795771e-001 1.760441e-001 -1.686981e-001 
-6.398877e+000 1.925975e+001 2.270631e+000 2.920970e+000 2.851603e+000 4.207123e-001 2.837741e-001 1.466423e-001 -1.033441e+000 -1.996182e+000 2.247608e-001 4.343276e-001 4.808826e-001 -3.755713e-002 -8.284861e-001 -2.168478e+000 -4.922676e-001 4.735652e-001 -1.135299e+000 -1.284644e+000 -2.437556e-002 5.373919e-001 -2.600071e-001 -2.331763e-001 
-6.995461e+000 1.933144e+001 2.204114e+000 1.872387e+000 2.789384e+000 1.027460e+000 8.069070e-001 -2.919930e-001 -1.421385e+000 -1.901511e+000 2.775437e-001 6.913407e-001 1.266988e+000 3.264660e-001 -1.280224e+000 -2.128103e+000 -5.045953e-001 2.025805e-001 -1.017446e+000 -1.066483e+000 1.712491e-001 2.125227e-001 -4.789679e-001 -1.339045e-001 
