-7.497833e+000 2.085962e+001 1.362382e+000 1.532126e+000 1.152097e+000 -3.295951e+000 -4.047073e+000 -1.759971e+000 -4.098577e-001 -2.334373e+000 -2.117897e-001 1.385884e-001 1.025336e+000 7.157865e-001 1.301641e+000 3.921410e-002 3.969738e-001 8.888086e-001 -6.153129e-001 -8.946098e-001 -3.975324e-001 5.741735e-002 -9.861927e-002 -7.000345e-002 
-7.583983e+000 2.041201e+001 1.503165e+000 1.341346e+000 8.750632e-001 -3.140839e+000 -3.072617e+000 -2.123167e+000 -1.233071e+000 -2.256616e+000 -5.071084e-001 3.642252e-001 3.764635e-001 3.908603e-001 1.464054e+000 1.561197e-001 8.792608e-001 8.296560e-001 -3.826149e-001 -8.557214e-001 -3.534063e-001 2.356614e-002 -3.186485e-001 -5.633960e-001 
-4.453444e+000 1.662388e+001 2.545247e+000 1.835574e-001 4.106155e-002 -2.493807e+000 -3.590108e+000 -2.338812e+000 -1.571329e+000 -1.934681e+000 -9.231899e-001 1.386026e-001 2.544732e-001 4.684902e-001 1.048243e+000 9.230105e-001 1.134601e+000 8.245832e-001 -2.772944e-001 -6.622522e-001 -1.380947e-001 -1.348322e-001 -3.899292e-001 -2.870139e-001 
-2.850750e+000 1.480449e+001 2.201345e+000 1.884549e-001 -3.374233e-001 -2.862006e+000 -3.577241e+000 -2.598012e+000 -2.320309e+000 -2.225639e+000 -6.228422e-001 9.923452e-002 -2.163239e-001 3.178926e-001 1.287163e+000 1.118828e+000 7.905559e-001 5.081208e-001 -1.941891e-001 -5.215324e-001 -1.565679e-001 -1.124982e-001 -3.616411e-001 -2.853602e-001 
-4.242404e+000 1.725607e+001 1.017248e+000 3.847034e-001 4.183161e-001 -3.568912e+000 -4.085250e+000 -1.974241e+000 -2.001478e+000 -2.509141e+000 -3.056420e-001 1.200346e-001 -7.438488e-001 2.939714e-001 1.632624e+000 8.500792e-001 7.480049e-001 7.607586e-001 -4.883115e-001 -7.438351e-001 7.018521e-002 7.722383e-002 -4.768388e-001 -4.991478e-001 
-4.725658e+000 1.836568e+001 1.068974e+000 6.612356e-001 9.723664e-001 -3.506093e+000 -4.127606e+000 -1.562904e+000 -1.705680e+000 -2.719568e+000 -2.050708e-001 3.622408e-001 -4.709673e-001 5.195713e-001 1.864557e+000 7.251642e-001 5.726197e-001 8.415318e-001 -4.544410e-001 -7.263058e-001 1.987215e-001 5.150015e-002 -4.688482e-001 -2.514779e-001 
-2.327967e+000 1.557036e+001 2.089144e+000 9.799650e-001 5.319785e-001 -3.047198e+000 -3.821023e+000 -2.128195e+000 -1.867358e+000 -2.155857e+000 -4.411504e-001 2.444436e-001 -3.181068e-001 5.911453e-001 1.807911e+000 1.203729e+000 6.351140e-001 4.770031e-001 -2.356050e-001 -4.744147e-001 -1.806745e-002 -8.510777e-002 -3.188252e-001 -1.576795e-001 
-4.159764e+000 1.696680e+001 1.830424e+000 4.487703e-001 2.559862e-001 -3.200773e+000 -4.381840e+000 -2.608527e+000 -1.357915e+000 -1.955398e+000 -9.585387e-001 2.208879e-002 -1.705911e-001 6.429737e-001 1.850907e+000 1.046327e+000 5.552431e-001 3.641141e-001 -3.928740e-001 -1.125882e-001 2.420643e-001 -3.469091e-001 -4.520641e-001 -1.011880e-001 
-7.259598e+000 2.016569e+001 5.670184e-001 1.182545e+000 8.375340e-001 -3.626594e+000 -4.892437e+000 -2.452860e+000 -3.941149e-001 -3.003864e+000 -8.119546e-001 7.860813e-001 -4.147570e-001 6.266735e-001 2.524282e+000 2.183566e-001 1.009613e-001 1.187936e+000 -6.759245e-001 -5.683634e-001 5.287879e-001 -2.843679e-001 -5.766449e-001 1.470561e-001 
-3.729139e+000 1.702982e+001 1.867732e+000 2.099433e+000 8.707148e-001 -4.432684e+000 -4.623655e+000 -1.648735e+000 -1.028323e+000 -2.289438e+000 -4.869806e-001 7.218873e-001 -1.790976e-001 1.317954e+000 2.519376e+000 5.215892e-004 -3.663228e-001 6.416062e-001 -4.346271e-001 -6.443771e-001 2.317611e-001 1.585710e-001 -1.948203e-001 -2.259288e-001 
-1.888406e+000 1.632207e+001 2.789526e+000 1.934118e+000 6.867422e-001 -4.073273e+000 -4.772381e+000 -1.654999e+000 -6.003745e-001 -1.499213e+000 -2.132778e-001 7.598091e-001 4.676940e-001 1.326602e+000 1.740852e+000 1.178530e-002 -5.484007e-001 -3.361356e-002 -3.962837e-001 -4.950782e-001 1.227659e-001 1.094807e-001 -2.509172e-001 -3.187448e-001 
-6.345204e+000 2.121819e+001 1.422550e+000 2.801920e+000 1.204757e+000 -4.823327e+000 -4.825562e+000 -1.550465e+000 4.288878e-001 -1.432675e+000 4.908386e-001 1.516067e+000 7.729148e-002 3.915060e-001 2.177913e+000 -9.159275e-001 -1.083677e+000 5.214664e-001 -7.136428e-001 -7.287568e-001 7.596435e-001 -3.794192e-001 -7.821624e-001 -3.861507e-001 
-1.755051e+000 1.808622e+001 2.835103e+000 1.865345e+000 8.157521e-001 -3.907949e+000 -4.388002e+000 -1.145857e+000 7.574187e-002 -3.629489e-001 8.147699e-001 9.737074e-001 -5.634356e-001 -4.466672e-002 9.315308e-001 -3.299886e-001 -4.042104e-001 7.482836e-002 -7.362878e-001 -6.768627e-001 5.710627e-001 4.441275e-001 -5.362473e-001 -7.157964e-001 
-1.490087e+000 2.022294e+001 1.289851e+000 2.104915e+000 1.590111e-001 -3.739920e+000 -3.461502e+000 -1.569444e+000 8.597938e-001 -4.118305e-001 -2.096562e-001 1.315842e+000 -1.379975e+000 -9.820081e-001 1.551314e+000 -1.054241e+000 -6.162112e-001 8.729615e-001 -1.105059e+000 -7.261197e-001 1.283491e+000 3.206061e-001 -5.253805e-001 -5.986523e-001 
-2.036913e+000 2.304729e+001 -2.381113e-001 1.968253e+000 1.321524e-001 -3.236252e+000 -3.709666e+000 -2.170903e+000 2.688295e+000 -1.062485e+000 -7.718999e-001 1.350848e+000 -1.799144e+000 -1.776807e+000 2.458595e+000 -1.778732e+000 -8.697572e-001 1.825258e+000 -1.361875e+000 -8.765969e-001 1.942078e+000 -9.072749e-002 -1.273679e+000 1.516740e-001 
4.300234e+000 1.882058e+001 1.322755e+000 1.831316e+000 -2.489465e-003 -3.732541e+000 -2.915720e+000 -4.446007e-001 1.131302e+000 -5.084128e-001 -5.660426e-001 2.991600e-001 -1.729072e+000 -8.862011e-001 1.142858e+000 -1.177871e+000 -6.478842e-001 1.126327e+000 -6.335926e-001 -4.633112e-001 7.948188e-001 -2.227906e-001 -9.184156e-001 -6.426109e-001 
2.329190e+000 2.267996e+001 -8.676202e-001 3.208896e+000 -3.232725e-001 -3.713976e+000 -2.899203e+000 -1.273657e+000 2.179204e+000 -1.117490e+000 -8.823042e-001 3.602768e-001 -1.902413e+000 -1.318656e+000 1.233817e+000 -1.076990e+000 -2.134396e-001 1.905864e+000 -1.242852e+000 -6.378454e-001 9.476728e-001 -9.930266e-001 -9.116521e-001 -4.765400e-001 
1.286679e+001 1.263962e+001 3.100345e+000 1.094130e+000 -8.914829e-001 -3.035898e+000 -2.423111e+000 -6.400586e-001 -1.875684e-001 -7.604620e-001 -5.844361e-001 -4.468015e-001 -8.485799e-001 -6.922836e-001 -9.357306e-002 1.168874e-001 3.381382e-001 2.287479e-001 -4.482301e-001 -5.267706e-001 -9.386686e-002 -2.353011e-001 -5.838299e-001 -4.868707e-001 
6.982923e-001 1.328595e+001 3.824436e+000 1.392088e+000 -1.989731e-001 -2.509494e+000 -3.170282e+000 -2.090097e+000 -1.199814e+000 -1.212379e+000 -6.599843e-001 3.960940e-001 1.097896e+000 9.681375e-001 6.695898e-001 5.192714e-001 4.069956e-001 6.237109e-002 -5.286900e-001 -7.399082e-001 -2.464133e-001 1.123486e-001 -7.517684e-002 -2.478603e-001 
-7.775974e+000 2.058854e+001 1.668673e+000 1.032988e+000 7.980759e-001 -2.944442e+000 -3.416339e+000 -2.001601e+000 -8.495709e-001 -2.672378e+000 -2.550543e-001 7.315149e-001 1.549798e-002 3.031540e-001 2.032657e+000 -8.845335e-002 3.349859e-001 1.308170e+000 -4.141278e-001 -1.171374e+000 -2.485087e-001 1.164182e-001 -4.332091e-001 -2.327904e-001 
-5.227451e+000 1.713870e+001 2.680461e+000 1.477021e-001 7.085673e-002 -2.455240e+000 -3.708155e+000 -2.356326e+000 -1.270815e+000 -1.922608e+000 -9.730423e-001 2.644363e-001 3.833913e-001 4.212941e-001 9.192549e-001 8.211576e-001 1.230276e+000 7.954452e-001 -4.191185e-001 -6.382512e-001 -1.260152e-001 -1.208956e-001 -4.026316e-001 -3.041876e-001 
-5.161169e+000 1.638362e+001 1.961487e+000 9.229459e-002 -8.172631e-002 -2.995191e+000 -3.613662e+000 -2.311762e+000 -2.075072e+000 -2.378888e+000 -7.130205e-001 -4.100046e-002 -4.771875e-001 2.727960e-001 1.521105e+000 1.187191e+000 9.799556e-001 7.593888e-001 -3.524712e-001 -6.931417e-001 4.603630e-003 -9.771962e-002 -5.846522e-001 -4.510435e-001 
-7.079536e+000 1.945343e+001 2.168020e-001 1.349035e-001 9.743593e-001 -3.865098e+000 -4.286484e+000 -2.150505e+000 -1.501957e+000 -3.430555e+000 -3.004498e-001 3.769243e-001 -7.685971e-001 1.185154e-001 2.166695e+000 3.471568e-001 5.468634e-001 1.248077e+000 -8.440123e-001 -9.222756e-001 4.997040e-001 -7.744586e-002 -6.765660e-001 -1.080395e-001 
-4.863535e+000 1.806494e+001 1.143544e+000 5.715487e-001 8.695334e-001 -3.590323e+000 -4.168615e+000 -1.552084e+000 -1.708974e+000 -2.659210e+000 -1.959742e-001 4.005017e-001 -5.560371e-001 5.289306e-001 1.831471e+000 6.482117e-001 5.718291e-001 8.992485e-001 -3.871775e-001 -6.900199e-001 1.843708e-001 5.797696e-002 -4.945159e-001 -3.033283e-001 
-3.464264e+000 1.652742e+001 1.841577e+000 9.452685e-001 8.076878e-001 -3.124279e+000 -3.856065e+000 -1.865408e+000 -1.732691e+000 -2.340689e+000 -4.143754e-001 2.398434e-001 -4.983501e-001 5.704184e-001 1.900628e+000 1.023891e+000 6.143273e-001 6.776150e-001 -2.771521e-001 -6.462910e-001 1.672260e-002 -6.672082e-002 -4.552464e-001 -2.207193e-001 
-5.301405e+000 1.796587e+001 1.257175e+000 4.490356e-001 4.000657e-001 -3.448145e+000 -4.318441e+000 -2.393114e+000 -1.457490e+000 -2.287699e+000 -6.512267e-001 2.694779e-001 -4.187943e-001 5.425083e-001 2.243738e+000 1.104403e+000 4.956827e-001 4.453512e-001 -5.303912e-001 -1.453387e-001 4.677660e-001 -3.018194e-001 -4.643078e-001 1.561461e-002 
-7.829642e+000 2.044303e+001 6.492563e-001 5.438147e-001 7.869173e-001 -3.399551e+000 -4.688660e+000 -2.831652e+000 -2.806687e-001 -2.916566e+000 -7.054205e-001 4.880229e-001 -3.621195e-001 6.424654e-001 2.406585e+000 3.755699e-001 3.943366e-001 1.024366e+000 -5.873185e-001 -3.303534e-001 5.226544e-001 -4.578034e-001 -6.417205e-001 2.437018e-001 
-8.156507e+000 2.140254e+001 4.306027e-001 1.613965e+000 1.443020e+000 -4.237744e+000 -5.455689e+000 -1.953951e+000 8.339080e-001 -3.906832e+000 -4.700509e-001 1.278505e+000 -8.986474e-001 6.493209e-001 4.131240e+000 -8.589156e-001 -8.628397e-001 1.906146e+000 -1.345891e+000 -8.704412e-001 1.181982e+000 -1.522915e-001 -1.178905e+000 7.944112e-001 
-3.072566e+000 1.689278e+001 2.626689e+000 1.902276e+000 6.714178e-001 -4.054175e+000 -4.667546e+000 -1.874626e+000 -8.184392e-001 -1.697087e+000 -2.639677e-001 7.158499e-001 2.370666e-001 1.374084e+000 2.015632e+000 -4.853189e-002 -5.221628e-001 1.365630e-001 -4.800368e-001 -5.525852e-001 1.408724e-001 1.600933e-001 -1.503012e-001 -2.202741e-001 
-6.400630e+000 2.058696e+001 1.525386e+000 2.657444e+000 1.386924e+000 -4.980508e+000 -5.086301e+000 -1.466390e+000 2.931331e-001 -1.600289e+000 3.541935e-001 1.350169e+000 7.920990e-002 7.503793e-001 2.006651e+000 -6.972999e-001 -8.836354e-001 5.165208e-001 -8.105127e-001 -6.242671e-001 6.826074e-001 -9.803957e-002 -8.257834e-001 -4.462701e-001 
-1.448510e+000 1.714196e+001 3.287368e+000 1.868630e+000 5.743700e-001 -3.787414e+000 -4.283231e+000 -1.291090e+000 -7.390855e-002 -3.844592e-001 7.809910e-001 1.020051e+000 -1.748633e-001 1.649804e-001 8.525923e-001 -2.951919e-001 -5.565896e-001 -7.131183e-002 -5.201209e-001 -5.544342e-001 2.740580e-001 2.159907e-001 -4.819107e-001 -6.395881e-001 
-3.935398e+000 2.195963e+001 5.995524e-001 2.254030e+000 2.829387e-001 -4.213018e+000 -3.281765e+000 -1.683696e+000 1.198824e+000 -9.120218e-001 2.316151e-001 1.244935e+000 -1.233272e+000 -1.210600e+000 2.394406e+000 -1.371776e+000 -8.663915e-001 1.178258e+000 -1.510996e+000 -6.963531e-001 1.412118e+000 2.066368e-001 -6.608302e-001 -5.013744e-001 
9.481260e-001 1.899279e+001 1.651814e+000 1.972145e+000 5.181794e-002 -3.642054e+000 -3.374005e+000 -1.345132e+000 1.027750e+000 -1.472728e-001 -2.101733e-001 8.004505e-001 -1.368261e+000 -1.054378e+000 9.935964e-001 -1.014173e+000 -4.951974e-001 1.010629e+000 -9.250489e-001 -6.803851e-001 9.595921e-001 3.702892e-001 -5.475418e-001 -7.495097e-001 
3.087808e-001 2.209411e+001 -3.729313e-001 2.709635e+000 1.345869e-001 -4.019589e+000 -2.829527e+000 -1.489003e+000 1.796248e+000 -3.040059e-001 -6.520711e-001 7.029438e-001 -1.779822e+000 -1.619882e+000 1.837171e+000 -1.498094e+000 -6.945667e-001 1.733798e+000 -1.203850e+000 -5.643465e-001 1.003132e+000 -3.595360e-001 -7.375504e-001 -1.735264e-001 
3.890441e+000 1.993272e+001 1.075398e+000 2.507179e+000 1.130327e-001 -3.738983e+000 -3.140320e+000 -1.049259e+000 1.516748e+000 -2.270739e-001 -6.170515e-001 3.739501e-001 -2.003936e+000 -1.412669e+000 8.799308e-001 -1.012940e+000 9.658184e-002 1.653493e+000 -1.029580e+000 -8.379804e-001 5.437725e-001 -5.878480e-001 -7.430655e-001 -3.302780e-001 
