1.402715e+001 1.494721e+001 -3.691488e+000 6.720980e+000 -4.240584e+000 2.194091e+000 -5.922763e+000 1.400292e+000 1.324294e+000 -4.115513e-001 3.233058e-001 -1.443503e+000 1.580001e-001 -1.777794e+000 -3.164135e-001 -1.068717e+000 -3.748883e-001 4.810103e-002 6.060707e-001 5.154895e-001 5.880320e-001 -1.476816e+000 -2.158123e+000 -1.688235e-001 -2.428219e-001 -1.036369e+000 7.637808e-001 2.150969e-001 7.522144e-002 2.371965e-001 -7.281715e-001 8.827255e-001 3.512148e-003 5.136944e-001 -2.913439e-001 -7.916839e-002 
1.147946e+001 1.277952e+001 -3.284279e+000 7.189998e+000 -6.636438e+000 3.657632e+000 -5.707945e+000 3.768161e+000 4.711655e-001 -3.616913e-001 -6.623448e-001 -5.581444e-001 2.051131e-001 -1.490616e+000 2.154619e+000 -3.770657e-001 1.916432e-001 7.854380e-001 1.228177e+000 1.211259e+000 2.040202e+000 -1.896527e+000 -1.201566e+000 -3.493864e-001 -1.212741e+000 -2.968488e-001 9.653228e-001 3.267334e-002 -3.880831e-001 4.139893e-001 -5.948917e-001 4.613063e-001 -2.258958e-001 1.226985e-001 -5.522716e-001 -4.546758e-002 
1.298923e+001 1.261300e+001 -3.575708e+000 8.015228e+000 -7.142511e+000 5.079842e+000 -5.559952e+000 3.477942e+000 9.684283e-001 -1.324525e+000 6.465042e-002 -4.117922e-001 9.991888e-003 -8.061547e-001 1.280384e+000 -4.479900e-001 1.158410e-001 -2.170932e-001 1.270596e+000 2.001417e-001 2.021842e+000 -1.944801e+000 -1.399750e-001 3.493109e-001 -1.300959e+000 3.139848e-001 8.162184e-001 -5.715569e-001 -1.317779e+000 4.297338e-001 -1.019014e+000 9.228616e-001 2.601541e-001 5.516398e-001 -3.780151e-001 -5.419069e-001 
1.467577e+001 1.203235e+001 -3.647957e+000 8.370340e+000 -6.824549e+000 4.871747e+000 -4.561676e+000 3.902900e+000 1.563888e+000 -3.465339e-001 6.810406e-002 5.205251e-001 -9.094174e-001 -9.574950e-001 5.749478e-001 -1.165090e+000 -1.272208e-001 3.377246e-002 1.102935e+000 2.965519e-001 1.060532e+000 -2.088079e+000 -4.376620e-002 -5.381349e-001 -9.698960e-001 1.029588e-001 1.087759e+000 -2.691957e-001 -4.987101e-001 2.141926e-001 -3.593622e-001 3.917358e-001 6.119525e-002 8.157221e-001 2.597423e-001 7.345670e-002 
1.560336e+001 1.142045e+001 -3.398848e+000 7.703020e+000 -5.526862e+000 5.153957e+000 -4.597833e+000 3.400572e+000 2.776159e+000 -1.095404e+000 -5.937098e-001 -1.638880e+000 3.796221e-002 -2.028161e+000 2.025281e+000 -3.633782e-001 -1.050673e+000 2.020394e-001 1.516784e+000 1.149435e+000 4.649151e-001 -6.566994e-001 -7.477723e-001 1.000849e-002 -1.618642e+000 -4.244209e-002 6.648806e-001 -4.453718e-001 -2.403476e-001 4.400790e-001 -3.384852e-001 4.162404e-002 6.401038e-001 1.096119e-001 3.641746e-001 3.551581e-002 
1.575232e+001 1.189316e+001 -3.031793e+000 7.267931e+000 -6.245525e+000 4.586292e+000 -5.967922e+000 3.014257e+000 1.752257e+000 4.103055e-002 4.424740e-001 -7.908158e-001 9.555990e-002 -1.948796e+000 1.651279e+000 -1.004685e+000 -1.377302e+000 1.269312e+000 1.413825e+000 7.400579e-001 2.615849e-001 -1.401652e+000 -8.636572e-001 4.597575e-001 -8.624612e-001 -2.407111e-001 4.276713e-001 -7.389529e-001 1.125796e-002 2.934166e-001 7.448071e-003 2.819515e-001 1.104456e+000 4.241466e-001 3.740657e-001 -3.346034e-002 
1.367597e+001 1.225786e+001 -2.960775e+000 6.947350e+000 -3.517350e+000 3.737639e+000 -4.568514e+000 1.243949e+000 1.671834e+000 -2.040524e-001 7.183465e-003 -5.051286e-001 -7.148574e-001 -1.194437e+000 1.911710e+000 -2.530425e-001 3.719499e-001 1.407136e+000 7.167328e-001 -4.941806e-003 1.550390e-002 -1.787587e+000 -8.224681e-001 -2.188387e-001 -1.167531e+000 -3.627649e-001 7.439192e-001 -1.315285e-001 -7.700493e-002 1.087775e+000 1.673814e-001 1.411397e-001 1.863592e-001 4.566667e-001 -9.330452e-001 1.700158e-001 
1.374369e+001 1.534216e+001 -1.838137e+000 5.044841e+000 -2.365066e+000 9.281309e-001 -3.011511e+000 1.476781e-001 1.908107e+000 -2.074977e+000 -8.158922e-001 -1.681712e+000 -6.476554e-001 -5.449713e-001 8.926805e-001 -4.651493e-001 -1.466574e+000 -3.880519e-003 -4.651378e-001 1.248234e-001 -3.686437e-001 -9.576710e-001 -3.317210e-002 -3.172344e-001 -1.463825e+000 -2.132701e-001 5.430981e-001 -9.867765e-001 -2.402486e-001 2.607015e-001 8.804663e-002 5.198119e-001 5.720928e-001 1.721225e-001 -3.435520e-001 3.375563e-001 
1.571630e+001 1.316441e+001 -2.031987e+000 2.486771e+000 -3.192595e+000 5.352045e-001 -2.920199e+000 5.415005e-001 1.825197e+000 -1.964904e+000 -1.082294e+000 -1.380600e+000 2.483590e-001 -9.538912e-001 -2.091335e-002 -5.718285e-001 -1.263720e+000 8.417455e-001 8.083792e-001 8.109872e-001 -1.241689e-001 -8.877676e-001 -1.284257e+000 -5.975977e-001 -7.150053e-001 -1.027693e+000 5.937424e-001 -2.292984e-001 2.325477e-001 2.183435e-001 4.792528e-002 7.228714e-001 -3.208683e-001 -1.747473e-001 -4.446869e-001 -2.623977e-002 
1.423630e+001 1.442430e+001 -4.352827e+000 4.832447e+000 -5.312641e+000 3.348932e+000 -5.032289e+000 2.743009e+000 7.350461e-001 -9.039781e-001 -9.484008e-001 -8.549808e-001 1.144100e+000 -1.069528e+000 7.531708e-001 -1.158857e+000 -2.456521e-001 1.187263e+000 1.289653e+000 1.433778e+000 1.050351e+000 -1.946342e+000 -1.644108e+000 -5.543220e-001 -1.369757e+000 -7.545141e-001 1.121028e+000 5.545549e-003 -2.775647e-001 5.187045e-001 -1.360243e-001 9.609595e-001 -3.127873e-001 -2.170080e-001 -3.402388e-001 1.164076e-001 
1.480520e+001 1.298420e+001 -3.374235e+000 5.574760e+000 -6.650560e+000 3.793746e+000 -4.875658e+000 3.002803e+000 6.248563e-001 -5.284497e-001 -6.162039e-001 -1.145062e+000 5.023231e-001 -1.088146e-001 1.933674e+000 -1.945735e+000 -7.328090e-001 6.588470e-001 1.337827e+000 9.554080e-001 1.764475e+000 -2.184934e+000 -5.017348e-001 6.319548e-001 -1.369208e+000 -2.989563e-001 5.142707e-001 -3.001174e-003 -4.077256e-001 8.915124e-001 -3.924140e-001 7.506924e-001 1.704838e-001 5.575613e-001 -3.062299e-001 -3.183096e-001 
1.425264e+001 1.254125e+001 -3.464068e+000 6.140458e+000 -6.737129e+000 4.871978e+000 -5.349596e+000 2.779971e+000 1.630997e+000 -7.377804e-001 8.290449e-001 -4.356337e-001 2.533709e-001 -7.183753e-001 2.435852e-001 -7.524915e-001 -6.242436e-001 1.935694e-001 2.133586e+000 9.180563e-001 1.212641e+000 -1.745360e+000 -3.513524e-001 3.733351e-001 -1.300177e+000 -3.195741e-001 2.780676e-001 -4.139455e-001 -4.275117e-001 8.535373e-001 -6.080925e-001 4.549944e-001 4.046896e-001 8.729889e-001 -1.804968e-002 -5.845972e-001 
1.578282e+001 1.129255e+001 -2.391853e+000 7.706704e+000 -5.838605e+000 3.915258e+000 -4.148499e+000 3.096096e+000 1.972160e+000 -8.613672e-001 -1.827645e-001 -4.538017e-001 -6.838470e-001 -8.821616e-001 8.968226e-001 -1.084191e+000 1.488417e-001 9.474273e-001 1.769230e+000 1.217238e+000 7.233872e-001 -2.452274e+000 -8.781851e-001 -7.041996e-001 -1.512380e+000 -8.299307e-002 8.284324e-001 5.066412e-001 -2.585698e-001 4.430297e-001 -5.902133e-001 4.739788e-001 2.288880e-001 5.677540e-001 -1.685787e-001 -3.127953e-001 
1.434937e+001 1.354973e+001 -4.276286e+000 9.021596e+000 -6.962955e+000 5.844221e+000 -5.634085e+000 3.464914e+000 1.817929e+000 -2.383362e+000 -7.269920e-001 -2.060513e+000 1.373480e+000 -1.751205e+000 2.723477e+000 -7.296365e-001 -7.075519e-001 4.982149e-001 2.021361e+000 1.247636e+000 1.600777e-002 -9.814280e-001 -1.225918e+000 9.575311e-002 -1.677827e+000 3.058747e-001 1.086086e+000 -5.090310e-001 -3.751331e-001 -2.765619e-001 -2.407434e-001 1.725195e-001 1.122360e+000 -4.184298e-001 1.661064e-001 -1.201218e-001 
1.346930e+001 1.261834e+001 -3.312333e+000 6.855283e+000 -6.584496e+000 4.795466e+000 -4.461020e+000 3.949432e+000 9.308019e-001 -6.512276e-001 -1.036982e+000 -3.352941e-001 1.824289e-001 -9.197964e-001 2.309370e+000 -5.973205e-001 -6.140609e-001 9.022449e-001 1.000690e+000 3.491355e-001 8.647245e-001 -1.619880e+000 -9.925851e-001 -1.064641e+000 -1.021381e+000 2.437228e-001 1.891151e+000 -1.562173e-001 -2.927462e-001 -2.985810e-001 4.745193e-002 4.634241e-001 1.327983e+000 2.984598e-001 -2.507928e-001 8.028143e-002 
1.190366e+001 1.488873e+001 -4.586069e+000 7.030835e+000 -4.867314e+000 4.166658e+000 -3.823876e+000 3.325464e+000 1.448037e+000 -1.614998e+000 -1.149473e+000 -4.498649e-001 8.746392e-002 -1.087463e+000 1.976011e+000 -8.017483e-001 -8.040579e-001 -2.726587e-001 1.046568e+000 6.043878e-001 7.351216e-001 -1.892294e+000 -2.399061e-001 2.000449e-001 -8.610409e-002 5.271797e-001 7.673123e-001 -2.251903e-001 -1.063521e+000 1.915964e-001 -3.404584e-001 4.637935e-001 2.803458e-002 4.617794e-001 -4.936739e-001 4.672666e-001 
