-7.947658e+000 1.977911e+001 1.854379e+000 4.206311e+000 2.298098e+000 -5.599936e+000 -6.547066e+000 -8.855992e-001 2.504800e+000 -1.184153e+000 -2.710786e+000 -1.108380e+000 -5.189706e-001 -2.315874e+000 -2.107881e+000 -7.777933e-001 -4.986319e-001 -8.558338e-001 -1.516285e+000 -8.915197e-001 9.709928e-001 6.426767e-002 -2.344332e+000 -2.266517e+000 -7.638449e-001 -8.945821e-001 -1.551750e+000 -8.065494e-002 8.793878e-001 -1.378079e-001 8.408146e-002 2.676854e-001 -3.032610e-001 -3.090322e-002 3.184316e-001 3.569613e-001 
-1.035169e+001 2.331399e+001 -4.899393e-001 5.627248e+000 2.674941e+000 -5.506304e+000 -6.213106e+000 -1.744353e+000 4.077947e+000 -1.534372e+000 -3.017528e+000 -8.693894e-001 -2.282864e-002 -2.905852e+000 -1.751706e+000 -6.305106e-001 -6.514177e-001 5.019422e-001 -2.637658e-001 -1.328020e+000 1.292866e+000 7.989397e-001 -3.567458e+000 -2.683022e+000 3.392935e-001 -7.097343e-001 -2.254825e+000 7.087651e-001 1.267364e+000 -7.463786e-001 4.549520e-001 8.919982e-001 -1.033847e+000 1.032353e-001 9.096116e-001 -1.397493e-001 
-5.916814e+000 1.976106e+001 -9.179105e-001 4.841888e+000 4.170674e+000 -4.990940e+000 -6.520499e+000 -1.004198e+000 2.664035e+000 -1.241786e+000 -3.541869e+000 -1.223622e+000 -8.306586e-001 -3.295367e+000 -2.120773e+000 -1.795785e-001 2.303255e-001 1.235517e+000 1.586625e-001 -1.491314e+000 6.812248e-001 -5.140090e-001 -3.924842e+000 -2.824930e+000 -1.358250e-001 -5.952511e-001 -1.389485e+000 1.110806e+000 1.540788e+000 -4.990814e-001 5.095796e-001 5.761736e-001 -1.078028e+000 -1.410943e-001 3.546092e-001 -4.567669e-001 
-6.777481e+000 2.246248e+001 -1.774615e+000 4.935695e+000 1.914689e+000 -5.829082e+000 -7.299567e+000 -1.579244e+000 3.699118e+000 -2.274558e+000 -4.126513e+000 -1.756621e+000 -1.051601e+000 -3.451329e+000 -1.820007e+000 -8.008537e-001 1.175146e-001 1.294291e+000 -6.183450e-001 -2.852131e+000 -4.322923e-001 -8.826298e-001 -3.484397e+000 -2.667553e+000 -3.364412e-001 -7.844983e-001 -1.125249e+000 7.505697e-001 6.091949e-001 -7.692088e-001 6.732526e-001 9.356447e-001 -6.092488e-001 -7.240827e-002 8.259740e-002 -7.974650e-001 
-5.353328e+000 2.436581e+001 -1.360416e+000 3.658588e+000 8.569758e-001 -6.044707e+000 -8.415144e+000 -2.144153e+000 5.298819e+000 -2.585467e+000 -3.778218e+000 -2.506217e-001 -1.466581e+000 -3.755889e+000 -1.578726e+000 -1.030848e+000 7.159222e-002 1.002531e+000 -1.015116e+000 -3.778599e+000 2.071534e-002 -4.844918e-002 -4.481774e+000 -2.095418e+000 6.746805e-001 -1.118800e+000 -1.757646e+000 8.337639e-001 6.682785e-001 -6.232435e-001 7.289191e-001 7.684211e-001 -7.157213e-001 4.577246e-001 9.110781e-001 -4.025562e-001 
-3.163973e+000 2.447956e+001 -1.526692e+000 2.513348e+000 2.226990e-001 -6.927243e+000 -8.864184e+000 -1.360883e+000 4.470439e+000 -1.980012e+000 -3.731335e+000 -7.784149e-001 -1.082692e+000 -3.421123e+000 -2.692831e+000 -1.198486e+000 1.729354e-001 1.639298e-002 -1.235604e+000 -2.856631e+000 -5.697755e-001 -4.243301e-001 -4.139381e+000 -2.561457e+000 5.670854e-001 -9.174855e-001 -1.378983e+000 7.780320e-001 -3.885464e-001 -5.182252e-001 1.320166e+000 2.039831e-001 -3.918651e-001 5.077936e-001 7.427242e-001 5.511311e-001 
-1.142893e+000 2.381736e+001 -1.222165e+000 1.396644e+000 -7.660974e-001 -6.704405e+000 -8.358725e+000 -1.840758e+000 3.978420e+000 -1.666027e+000 -3.678142e+000 -6.805915e-001 -1.397610e+000 -3.644556e+000 -2.944268e+000 -8.817764e-001 -5.688794e-002 -6.699191e-001 -9.836640e-001 -2.065348e+000 -1.227390e+000 -1.087432e+000 -3.750638e+000 -2.242728e+000 9.636145e-002 -8.993226e-001 -7.757252e-001 3.496795e-001 -2.599270e-001 -1.026772e-001 9.147649e-001 6.442445e-002 -4.058745e-001 5.329894e-001 9.505340e-001 5.975295e-001 
7.396160e-001 2.376514e+001 -7.197500e-001 1.537979e+000 -1.273367e+000 -6.368122e+000 -7.353018e+000 -1.771256e+000 4.132838e+000 -2.396631e-001 -3.017688e+000 -7.638482e-001 -1.414445e+000 -3.460396e+000 -1.927469e+000 -2.176015e-001 -2.136898e-001 -7.475297e-001 -7.962096e-001 -1.499873e+000 -4.954734e-001 -8.449314e-001 -3.551105e+000 -2.323886e+000 5.605011e-001 -2.269741e-001 -7.556977e-001 5.307829e-001 -2.203251e-002 -3.031682e-001 8.947288e-001 4.152121e-001 -2.865794e-001 6.813896e-001 1.127569e+000 3.359246e-001 
3.096467e+000 2.179172e+001 -1.178536e-001 6.644253e-001 -1.329816e+000 -6.706801e+000 -7.341567e+000 -1.325641e+000 3.482611e+000 -7.236966e-002 -2.130262e+000 -8.513720e-001 -1.977557e+000 -3.235798e+000 -2.073561e+000 -3.961993e-001 -4.611228e-002 -7.732674e-001 -1.164238e+000 -1.239020e+000 -4.570089e-001 -1.123666e+000 -3.147638e+000 -2.054008e+000 2.283877e-001 -2.521195e-001 -6.307695e-001 1.714539e-001 1.083802e-001 7.686258e-002 3.828654e-001 2.272183e-001 1.855280e-001 6.496140e-001 9.813906e-001 6.344885e-001 
2.224080e+000 2.346665e+001 -8.663291e-001 3.916725e-001 -1.368168e+000 -6.186565e+000 -7.238183e+000 -1.272314e+000 4.024154e+000 -3.158631e-001 -2.045236e+000 -3.682763e-001 -1.912461e+000 -3.294925e+000 -2.143884e+000 -4.129523e-001 2.311977e-001 -7.777595e-001 -1.227590e+000 -1.253614e+000 -4.280670e-001 -8.626630e-001 -2.820341e+000 -1.790390e+000 1.308678e-001 -5.141797e-001 -5.315868e-001 2.553839e-001 1.101203e-002 2.598530e-002 3.852427e-001 3.117740e-001 3.040080e-001 7.684334e-001 1.015118e+000 4.815793e-001 
3.145792e+000 2.345104e+001 -6.564273e-001 2.538488e-001 -1.600090e+000 -5.722075e+000 -6.310501e+000 -1.341539e+000 4.121491e+000 4.544159e-002 -2.560562e+000 -5.376742e-002 -1.017390e+000 -3.378948e+000 -2.016684e+000 9.415184e-003 -1.413712e-001 -8.695932e-001 -6.533990e-001 -1.126481e+000 -6.662962e-001 -6.620886e-001 -2.624812e+000 -1.581856e+000 4.608181e-001 -5.887924e-001 -6.123239e-001 4.236207e-001 -8.960936e-002 1.145983e-001 6.351376e-001 3.293574e-001 4.607464e-001 9.364217e-001 9.288404e-001 3.642479e-001 
4.369130e+000 2.141258e+001 -8.612990e-003 -5.508615e-001 -2.280038e+000 -5.789975e+000 -6.695647e+000 -1.952136e+000 3.355391e+000 -1.692815e-002 -2.960242e+000 -9.938033e-001 -9.809707e-001 -3.606878e+000 -3.108427e+000 -2.495267e-001 -1.366827e-001 -1.577723e+000 -1.319699e+000 -1.291952e+000 -1.066197e+000 -9.908869e-001 -2.421682e+000 -1.942365e+000 -2.418517e-001 -6.278809e-001 -6.412197e-001 -6.436975e-002 -2.975907e-001 -5.674660e-002 3.105672e-001 3.471939e-001 5.573442e-001 7.829779e-001 7.246708e-001 3.469147e-001 
3.276851e+000 2.300019e+001 -6.164795e-001 1.195750e-001 -1.987040e+000 -5.714992e+000 -6.696661e+000 -1.550361e+000 3.781977e+000 -1.982869e-001 -2.713722e+000 -9.039619e-001 -9.159506e-001 -3.399960e+000 -2.777699e+000 -2.489377e-001 -3.277120e-001 -1.272837e+000 -1.272258e+000 -1.187627e+000 -8.689321e-001 -1.016130e+000 -2.174760e+000 -1.972085e+000 -7.576543e-002 -5.774568e-001 -7.250574e-001 9.439960e-002 -3.362934e-001 4.179316e-002 2.249890e-001 3.316721e-001 8.107016e-001 6.412956e-001 6.876983e-001 3.687409e-001 
4.161835e+000 2.179520e+001 1.544866e-001 -4.403709e-001 -1.733597e+000 -5.705757e+000 -6.863371e+000 -1.274877e+000 3.735530e+000 -2.106215e-001 -2.719996e+000 -6.682865e-001 -8.395082e-001 -3.246312e+000 -2.854298e+000 -4.057607e-001 -1.218654e-002 -1.197665e+000 -1.415876e+000 -1.229283e+000 -9.142641e-001 -1.063778e+000 -1.987227e+000 -1.393454e+000 -2.416176e-001 -8.515291e-001 -6.241639e-001 6.979738e-002 -3.170240e-001 1.593026e-002 2.800781e-001 3.925316e-001 8.373866e-001 8.401649e-001 6.165226e-001 6.724895e-002 
2.640794e+000 2.267534e+001 -1.377547e+000 5.266882e-001 -1.911611e+000 -6.149053e+000 -7.063682e+000 -1.794513e+000 3.808039e+000 -7.950350e-001 -3.166770e+000 -3.059072e-001 -9.201155e-001 -3.890979e+000 -3.194677e+000 -3.841101e-001 6.132285e-003 -1.438007e+000 -1.921828e+000 -1.756267e+000 -6.149583e-001 -8.546444e-001 -2.473059e+000 -1.634544e+000 -1.042633e-001 -1.075984e+000 -8.963919e-001 1.022019e-001 -5.405180e-001 -3.272132e-001 3.604170e-001 5.645584e-001 5.386102e-001 8.357743e-001 8.586440e-001 -3.214756e-001 
9.267207e+000 1.728181e+001 6.102168e-001 -3.981492e-001 -1.241148e+000 -5.528512e+000 -6.056814e+000 -9.949240e-001 2.507792e+000 -5.476699e-001 -2.408556e+000 -5.667243e-001 -6.598099e-001 -2.863937e+000 -3.068184e+000 -7.789765e-001 3.649270e-001 -1.146754e+000 -1.933025e+000 -1.005484e+000 -3.092531e-001 -1.128597e+000 -2.002971e+000 -8.557986e-001 6.349230e-002 -8.347757e-001 -9.072135e-001 -1.885484e-001 -2.884346e-001 -2.705379e-001 2.043165e-001 5.657814e-001 6.195683e-001 5.408259e-001 3.898609e-001 7.686366e-002 
6.472832e+000 1.377487e+001 1.509115e+000 1.223158e-002 -2.626735e-001 -2.862873e+000 -3.292611e+000 -5.206660e-001 1.195373e+000 -6.669791e-001 -1.977092e+000 -9.908960e-001 -5.593025e-001 -1.763543e+000 -2.123320e+000 -7.237832e-001 2.000327e-001 -7.332880e-001 -1.375475e+000 -6.325529e-001 -6.184847e-002 -8.305812e-001 -1.476735e+000 -7.421197e-001 -1.842782e-001 -7.798494e-001 -9.792882e-001 -2.108699e-001 1.876387e-001 -1.044513e-001 -1.469728e-001 2.588292e-001 2.602571e-001 -1.661789e-001 -1.264778e-001 1.863554e-001 
-8.485905e+000 2.028955e+001 1.492897e+000 4.172736e+000 2.411325e+000 -5.338409e+000 -6.370069e+000 -1.218909e+000 2.477778e+000 -1.379877e+000 -2.934344e+000 -7.071801e-001 -3.295660e-001 -2.634295e+000 -2.300188e+000 -8.903657e-001 -4.436967e-001 -4.333759e-001 -9.412336e-001 -8.624461e-001 1.033026e+000 1.993513e-001 -2.905086e+000 -2.600179e+000 -3.459795e-001 -9.243410e-001 -1.647404e+000 1.325633e-001 1.031352e+000 -3.427084e-001 -5.224474e-002 4.559820e-001 -3.454309e-001 6.116957e-002 5.043776e-001 7.092930e-003 
-9.292376e+000 2.256568e+001 -4.362432e-001 5.094334e+000 3.495470e+000 -5.195207e+000 -6.586977e+000 -1.479109e+000 3.743300e+000 -1.082193e+000 -3.467214e+000 -6.800262e-001 -1.368155e-001 -3.439832e+000 -1.448622e+000 -4.427738e-001 -5.611300e-001 9.593842e-001 3.144838e-001 -1.798111e+000 1.350663e+000 4.856222e-001 -3.854267e+000 -2.591646e+000 4.950091e-001 -7.912223e-001 -2.246385e+000 1.028092e+000 1.673965e+000 -8.658000e-001 5.781076e-001 6.370385e-001 -1.273312e+000 1.998796e-001 1.044872e+000 -1.912161e-001 
-7.894409e+000 2.262933e+001 -1.897768e+000 5.194203e+000 3.532627e+000 -4.711096e+000 -6.853865e+000 -1.391314e+000 4.147041e+000 -2.329871e+000 -4.119637e+000 -7.168203e-001 -9.999421e-001 -3.898392e+000 -1.136295e+000 1.645452e-002 -4.574220e-001 1.975365e+000 4.536968e-001 -2.908165e+000 4.055152e-001 -1.243658e-001 -4.149805e+000 -2.714720e+000 1.595426e-001 -9.784724e-001 -1.511503e+000 1.966682e+000 1.089364e+000 -1.350060e+000 1.254905e+000 1.065799e+000 -1.732733e+000 8.039780e-002 6.594971e-001 -1.347805e+000 
-7.263305e+000 2.301596e+001 -1.650733e+000 3.750283e+000 9.165475e-001 -5.598254e+000 -8.314879e+000 -3.375491e+000 4.855567e+000 -2.926653e+000 -4.284823e+000 -1.265507e+000 -1.517928e+000 -4.241814e+000 -2.101008e+000 -5.411215e-001 -3.815719e-001 9.366313e-001 -1.148384e+000 -3.697319e+000 -7.700105e-001 -3.050285e-001 -4.169288e+000 -2.683518e+000 4.448063e-001 -1.196481e+000 -1.800967e+000 6.345529e-001 4.394566e-001 -1.030984e+000 7.366029e-001 1.041408e+000 -9.165306e-001 2.661168e-001 6.603822e-001 -9.875339e-001 
-3.460549e+000 2.316596e+001 -9.167857e-001 3.168844e+000 5.985021e-001 -7.354816e+000 -8.375994e+000 -1.084751e+000 4.566663e+000 -2.072756e+000 -3.769716e+000 -8.098053e-001 -1.210661e+000 -2.968172e+000 -2.381590e+000 -1.496421e+000 2.583802e-001 6.264118e-001 -1.485411e+000 -3.051480e+000 -2.070197e-001 -5.402770e-001 -4.182917e+000 -2.311044e+000 4.952642e-001 -8.962324e-001 -1.431970e+000 3.582155e-001 2.858255e-001 -3.037956e-001 7.622978e-001 6.230183e-001 -2.687708e-001 1.712793e-001 7.539090e-001 3.931492e-001 
-3.973260e+000 2.600424e+001 -1.881506e+000 2.843629e+000 -1.536072e-001 -7.018674e+000 -8.867292e+000 -1.536761e+000 5.431229e+000 -2.562322e+000 -3.479383e+000 -4.380530e-001 -1.363585e+000 -3.517187e+000 -2.248854e+000 -9.373972e-001 -1.424766e-001 -2.061427e-001 -8.590124e-001 -2.651722e+000 -6.853922e-001 -3.139190e-003 -4.573382e+000 -2.488766e+000 6.493937e-001 -7.739042e-001 -1.101472e+000 9.955798e-001 -6.347914e-001 -7.382102e-001 1.841203e+000 2.188942e-001 -7.948132e-001 5.488403e-001 1.137187e+000 3.788984e-001 
3.971839e+000 1.969387e+001 1.186536e+000 5.846745e-001 -5.877933e-001 -6.276744e+000 -7.186919e+000 -1.225297e+000 2.900697e+000 -4.737542e-001 -2.685001e+000 -8.851497e-001 -1.089856e+000 -3.026282e+000 -2.599363e+000 -6.887354e-001 2.175583e-001 -3.535164e-001 -1.158914e+000 -1.346923e+000 -7.940187e-001 -1.542528e+000 -3.096619e+000 -1.943852e+000 -7.926406e-002 -3.340960e-001 -3.673271e-001 1.291276e-001 2.019171e-002 1.960918e-001 4.215571e-001 2.088044e-001 2.964433e-001 5.172805e-001 7.002538e-001 7.554959e-001 
2.852429e-001 2.420923e+001 -1.169635e+000 1.570928e+000 -1.575135e+000 -6.220577e+000 -7.380810e+000 -1.872856e+000 4.125708e+000 -3.440224e-001 -2.381750e+000 -7.522851e-001 -1.750928e+000 -3.284306e+000 -2.004567e+000 -3.094554e-001 -9.594014e-002 -7.979043e-001 -8.823988e-001 -1.459253e+000 -2.571615e-001 -8.271792e-001 -3.488141e+000 -2.328313e+000 4.201704e-001 -1.203430e-001 -5.849138e-001 4.342383e-001 -7.125401e-002 -2.220327e-001 6.656712e-001 4.307304e-001 -1.012935e-001 6.840681e-001 1.134046e+000 4.006964e-001 
6.361070e+000 1.877779e+001 1.141490e+000 -6.133933e-001 -1.438224e+000 -5.967511e+000 -6.678172e+000 -1.147520e+000 2.704976e+000 1.530936e-001 -1.689743e+000 -8.752159e-001 -1.443182e+000 -3.025225e+000 -2.531763e+000 -5.658629e-001 2.458264e-001 -5.765952e-001 -1.135269e+000 -8.886882e-001 -6.050321e-001 -1.469859e+000 -2.589795e+000 -1.679136e+000 -8.671481e-002 -2.050668e-001 -5.030653e-001 3.462632e-002 2.784325e-001 1.694287e-001 1.600448e-001 2.935765e-001 5.260730e-001 7.196696e-001 8.453537e-001 6.605674e-001 
1.630183e+000 2.443211e+001 -1.455619e+000 1.100715e+000 -1.408961e+000 -5.861197e+000 -6.873698e+000 -1.289915e+000 4.703023e+000 -3.495653e-001 -2.156164e+000 1.654420e-001 -1.509906e+000 -3.400433e+000 -1.725607e+000 -1.500684e-001 2.381510e-002 -5.386951e-001 -8.899237e-001 -1.222766e+000 -2.929329e-001 -5.777840e-001 -2.862141e+000 -1.609821e+000 4.849860e-001 -5.766882e-001 -4.570925e-001 4.650622e-001 -2.301598e-002 -2.730298e-003 6.770712e-001 3.785250e-001 2.512895e-001 9.823449e-001 9.908937e-001 3.600652e-001 
3.783704e+000 2.181057e+001 -1.049762e-001 -7.501947e-001 -1.855174e+000 -5.838811e+000 -6.579136e+000 -1.516671e+000 3.269878e+000 -1.227082e-001 -2.672150e+000 -7.004756e-001 -1.103923e+000 -3.697172e+000 -2.731889e+000 -8.928230e-002 -2.423336e-001 -1.358549e+000 -1.112029e+000 -1.230897e+000 -9.234774e-001 -9.712707e-001 -2.434976e+000 -1.826105e+000 -1.696114e-002 -5.983193e-001 -7.946538e-001 9.962208e-002 -1.253357e-001 -7.111933e-002 3.857943e-001 2.889458e-001 4.290626e-001 8.185179e-001 8.668751e-001 3.421666e-001 
-5.544861e-001 2.699575e+001 -3.221191e+000 1.862330e+000 -3.346947e+000 -4.905858e+000 -6.962690e+000 -2.451171e+000 5.384014e+000 -1.684704e+000 -2.057574e+000 -9.288806e-001 -5.692942e-001 -4.468632e+000 -2.066457e+000 1.901392e-001 -1.205122e+000 -8.925151e-001 -8.780659e-001 -1.826335e+000 -1.026772e+000 -1.743593e-001 -2.698550e+000 -2.570239e+000 1.078531e+000 -9.582900e-001 -1.340626e+000 7.385409e-001 -2.012835e-001 -7.945108e-001 8.848011e-001 5.809511e-001 2.912488e-002 7.398199e-001 1.460032e+000 -3.825394e-001 
2.627528e+000 2.344437e+001 -5.635082e-001 1.557133e-001 -2.025767e+000 -5.352791e+000 -6.663312e+000 -1.542541e+000 4.167629e+000 -1.850710e-001 -2.525004e+000 -6.184824e-001 -7.704331e-001 -3.413218e+000 -2.702351e+000 1.932078e-001 -2.311960e-001 -1.367170e+000 -9.692165e-001 -1.269631e+000 -9.126288e-001 -6.555840e-001 -2.145546e+000 -1.668305e+000 6.734283e-002 -7.870859e-001 -6.575109e-001 2.230886e-001 -1.890447e-001 5.107333e-002 2.209503e-001 3.798654e-001 7.772415e-001 8.591067e-001 8.070935e-001 5.039134e-002 
1.127760e+000 2.428120e+001 -1.616952e+000 5.062485e-001 -2.139296e+000 -5.703343e+000 -7.341498e+000 -1.916888e+000 4.542645e+000 -8.046401e-001 -2.822545e+000 -4.121419e-001 -1.090954e+000 -3.622594e+000 -2.687780e+000 -3.683915e-001 -1.506250e-001 -1.054362e+000 -1.698990e+000 -1.643235e+000 -6.448983e-001 -7.065932e-001 -2.253877e+000 -1.539712e+000 -1.143695e-001 -1.233846e+000 -6.538820e-001 4.801732e-001 -6.536750e-001 -2.436597e-001 3.989029e-001 4.293954e-001 7.673662e-001 8.005760e-001 7.787226e-001 -2.142561e-001 
7.189466e-001 2.505031e+001 -3.113127e+000 1.864521e+000 -2.548527e+000 -5.307217e+000 -7.259817e+000 -2.036093e+000 5.162977e+000 -1.776585e+000 -2.652593e+000 4.378054e-002 -5.305982e-001 -4.158331e+000 -2.811160e+000 8.051347e-002 -2.526874e-001 -1.440492e+000 -1.468981e+000 -2.098352e+000 -3.185486e-001 -2.725026e-001 -2.815405e+000 -1.706153e+000 7.506636e-001 -1.437272e+000 -1.014690e+000 6.481816e-001 -7.159235e-001 -5.093384e-001 7.811090e-001 6.224514e-001 2.666864e-001 1.018771e+000 1.048695e+000 -6.272022e-001 
