12.83864 15.502219999999998 -12.43786 -1.7054159999999998 -4.801514 -4.083272 -0.4336924 -1.4290020000000003 2.155006 -2.4694870000000004 -4.579470999999999 0.6669150999999999 0.4448482 -0.6975011000000001 -0.1809011 -0.09636054 -0.5647452 -0.6897130000000001 1.463273 2.1951059999999996 1.7299260000000003 1.9849820000000002 1.7001640000000005 0.8970137000000002 0.6201658 0.8114252999999999 0.3333282 0.02082773 -0.4087728999999999 -0.5306167999999999 0.4885924 0.03171483 0.34273450000000005 1.406324 0.5322836 0.2877469000000001 
11.66384 14.36251 -12.43034 -2.292965 -5.093994000000001 -5.179994999999999 -1.7369129999999997 -1.927268 1.6368139999999998 -2.9039150000000005 -4.605553 0.22055120000000003 -0.49440900000000004 -1.150479 -0.3910236 -0.6912507000000001 -1.170336 -1.03029 1.23031 2.003382 1.3493879999999998 1.304286 1.347156 1.258046 0.5063708 0.12274830000000002 0.20668709999999996 -0.19442699999999996 -0.7566132000000001 -0.40880390000000005 0.2796872000000001 -0.09478638 0.7300301 1.3012440000000003 0.08231092 0.12129290000000001 
10.107730000000002 16.46562 -14.32549 -1.4398029999999997 -6.083354999999999 -5.428514999999999 -1.4461700000000002 -1.6642670000000002 2.1212370000000003 -3.180166 -4.407837999999999 -0.01826582 -0.2756565 -1.40437 -0.33057660000000005 0.26612869999999994 -1.186388 -0.9057639999999998 0.6840108999999999 1.818797 2.568396 0.8245332000000001 0.8718823000000001 1.7520849999999997 0.8388348 0.5277389 0.7844745 0.08235723 -1.30206 -0.44404889999999997 0.7799034999999999 -0.25359059999999994 0.5024281 1.5984929999999997 0.30867930000000005 -0.550917 
9.418452 16.964560000000002 -14.00309 -1.150851 -5.250058 -4.200544999999999 -2.451394 -3.1215739999999994 2.5331499999999996 -3.035982 -3.980885999999999 -0.41131690000000004 -1.1334040000000003 -1.164516 -0.8769644999999999 0.2267724 -0.5114981 -0.41028630000000005 1.838502 1.578377 1.519287 1.40367 1.68449 1.8844239999999997 0.7869270000000002 0.3621083 0.2581315 -0.02249492 -1.017686 -0.47044549999999996 1.160804 0.2656468 0.4466383 1.557734 0.43242670000000005 -0.25974990000000003 
8.707944 16.42916 -11.789249999999997 0.21930190000000002 -5.51737 -3.8970270000000005 -3.5723589999999996 -3.394161 2.340491 -2.6718839999999995 -2.905901 -0.8375376 -1.425053 -2.308512 -0.6858321 1.284714 -0.8699525 0.5178238 1.62739 1.873006 1.9099590000000002 -0.20782879999999998 2.7474090000000007 2.708335 0.5563943 0.6587532 -0.5833995 0.05973256999999999 -0.9071131 -0.5155124 1.732068 0.2161419 0.8307745000000002 1.395772 -0.07404919 0.3736286 
6.22156 21.806530000000002 -16.07459 0.5295012 -7.4880179999999985 -4.973120000000001 -0.8252480999999998 -4.949013 4.107421000000001 -4.307111 -3.9689380000000005 -1.7373530000000001 -1.6822490000000003 -1.195877 -0.51411 0.5546829999999999 -1.5304339999999999 0.08473836 2.0214910000000006 1.956258 2.192907 0.3310464 2.6678859999999998 1.337963 0.24961539999999996 1.055737 -0.18409870000000003 -0.07071888999999999 -1.454072 -0.447502 1.218351 0.21018429999999994 1.6668680000000005 1.280082 -0.1126853 0.2440065 
8.208711 19.49502 -12.657309999999999 -1.5065229999999998 -6.591951000000001 -5.131019000000001 -2.159215 -2.631917 1.886744 -2.485116 -4.120743 -1.7460129999999998 -1.32498 -1.895723 -0.465468 0.390517 -1.115353 1.0329820000000003 2.07668 1.90155 1.9643820000000003 0.7771545 2.3669569999999998 2.124483 1.082768 0.8333532000000001 -0.37183620000000006 -0.1129409 -0.7093996000000001 -0.2452409 0.7932623000000001 0.7271503 1.9803510000000002 1.543399 -0.07399712999999998 -0.389256 
7.256678999999999 20.86863 -13.690650000000002 -1.016647 -6.69294 -5.099608 -2.166317 -3.0840959999999997 2.8976739999999994 -2.8165529999999994 -4.054585 -1.6468489999999998 -1.00749 -2.1911090000000004 0.03282184 1.002448 -1.183867 1.221553 2.2625810000000004 2.460131 2.115085 0.13120409999999996 3.0093819999999996 2.5009410000000005 1.266273 0.6559558 -0.5959225 1.058453 -0.7991869 -0.8109661 1.034679 0.9781469000000003 1.9853140000000002 1.211197 0.0776541 0.1653093 
4.451968 22.667049999999996 -14.8382 0.3848335 -6.206510000000001 -6.134011999999999 -1.833565 -4.313623 4.292185 -3.6998129999999994 -4.679406 -2.5159230000000004 -0.9559125 -1.6962550000000003 -0.7149506 0.6852744 -1.9072340000000003 0.525058 1.991303 2.113794 2.0217689999999995 0.3012337 2.564905 1.6135319999999997 0.3055846 0.5104777 -0.6009081 0.21783630000000004 -1.000826 -0.5944995999999999 0.37641640000000004 0.8022818999999999 2.055449 0.9335519999999999 0.09873955 0.107958 
6.144772 18.396 -12.08162 -0.6598679 -5.911108 -5.655614 -2.6741239999999995 -3.3196310000000007 2.070029 -2.8362860000000003 -5.172356 -1.8472050000000002 -0.865602 -2.0328440000000003 -1.247559 0.7087915999999999 -0.2658998000000001 -0.19746510000000003 1.269503 2.0375100000000006 2.6703529999999995 1.32533 1.3791019999999998 1.5373079999999997 0.8032139999999999 0.8339065000000001 0.14767470000000002 -0.8588639000000001 -0.9745966 0.0403045 0.5110867 1.002592 1.719412 0.9871017000000001 0.24596630000000003 -0.08786574000000001 
7.5322510000000005 16.948450000000005 -12.20158 -1.9435780000000002 -5.769058 -5.655879 -3.14847 -3.4882409999999995 1.41686 -2.44214 -4.988295 -2.313806 -1.743404 -2.047031 -0.625617 0.1406151 -0.5647992999999999 0.38293830000000006 1.428476 1.9657249999999995 2.360496 0.7923986000000001 1.6124569999999996 2.000421 0.7710118 0.8562231999999999 0.20186229999999997 -1.03014 -0.7695467000000001 0.039967499999999996 0.35104660000000004 0.9994284000000001 1.9437370000000003 1.196657 0.06724061999999999 -0.2630223 
4.132172 20.53663 -14.21642 0.40986300000000003 -5.301257 -6.393101000000001 -2.612066 -5.101999 3.3989049999999996 -1.374834 -6.105386000000001 -3.2213409999999993 -0.9525509999999999 -2.7864490000000006 -0.7595484 0.4884617000000001 -0.7613214 0.9941315 1.106314 1.22584 2.159969 0.5444791000000001 1.8744759999999998 1.100618 1.0240089999999997 1.4432550000000002 -0.42831110000000006 -1.049544 -1.108205 -0.1564518 0.5090491 0.8140058999999998 1.969842 1.165908 0.20341690000000007 -0.6289271 
2.435537 20.21943 -13.83471 0.9655629 -5.171224 -5.883527 -2.049491 -3.1267339999999995 2.120277 -4.933335 -4.510111000000001 -3.0821490000000002 -0.8559529999999997 -2.790882 -1.9323549999999998 0.38039 -0.8673665 1.729875 0.09360417 0.1375471 0.6399540999999999 -0.12576849999999998 2.646614 0.7571163 0.5500248 1.7963260000000003 -0.5950286 -0.43966819999999995 -1.205375 -0.04735475 0.6540479 0.03196539 0.9625377999999999 1.2523610000000003 0.5091973 -0.7726316999999999 
1.094118 19.95387 -12.72267 0.4413521 -5.8423039999999995 -5.087981 -2.359389 -2.091104 2.9776479999999994 -4.608771 -5.089398 -4.009075 0.1322666 -1.6884289999999997 -0.5501912 0.3416969 -0.544753 2.28167 1.010159 2.388121 1.7574350000000005 1.47295 2.201215 -0.14408810000000002 0.6003965 1.127238 0.2808895 -1.1213689999999998 -1.360965 -0.01107324 0.6139717 0.9829375000000001 0.8759671000000002 1.702463 0.4983696000000001 -0.22321720000000006 
1.7857 17.739190000000004 -12.267480000000003 0.5669669 -5.458862 -5.260567000000001 -2.3154539999999995 -1.513452 1.6529430000000003 -4.130525 -6.074854000000001 -4.518861 -0.6415006 -1.43398 -1.223719 -0.7592955999999998 -0.3293402 1.7707289999999998 1.422556 2.076031 2.3785850000000006 1.371027 1.737862 0.8068716 0.24250679999999997 0.18235899999999997 0.07124275000000001 -0.8421881999999999 -0.8705138000000001 -0.7666526 0.3952860999999999 1.3747830000000003 1.8449229999999999 1.7400909999999998 0.15348910000000002 0.43534989999999996 
-0.6286461 18.55915 -12.320499999999997 2.0182800000000003 -4.553247 -5.104058000000001 -1.8011940000000002 -4.163169 1.8766940000000003 -3.7008429999999994 -4.782649 -3.760227 -0.6411371 -1.437119 -1.9909560000000002 -1.046926 -0.30960419999999994 1.662528 1.833444 1.641717 1.715225 2.352986 2.015796 1.191903 0.17353930000000004 0.23462500000000003 -0.3386232 -0.9649516 -0.06905996999999998 -0.41310940000000007 0.8088756999999999 1.378571 0.9501743000000002 2.223888 -0.07269744 0.43220249999999993 
20.14921 9.074803000000001 -2.856855 -1.552244 -1.3752200000000003 -1.5694990000000002 0.0014422570000000002 1.07662 0.4971041 -2.7385939999999995 -3.3488590000000005 -0.267072 0.6508569 0.16814219999999996 0.6337193 -0.1254662 -0.9851486000000003 -0.6333582 0.2946856 0.9777521 0.7154214999999999 0.4616137 0.36563500000000004 -0.07887107 0.27974230000000005 0.2531337 -0.5766123 -0.6356835 -0.48285249999999996 -0.1891001 0.04545377 -0.34033459999999993 0.22269620000000007 0.7618184 0.18048850000000002 0.0010201789999999997 
13.838989999999999 14.180769999999999 -11.203860000000002 -1.9106889999999999 -3.751427 -3.2284940000000004 -0.09062379 -0.5335465 1.9632830000000001 -2.6939099999999994 -4.454512 0.4001554 0.5111244 -0.7302279 -0.3811512000000001 -0.156002 -0.6302811 -0.43417610000000006 1.12225 1.486211 1.709166 1.4645019999999997 1.005421 0.9853563000000001 0.24597019999999997 0.2478692 0.3090588 -0.3800588 -0.8506489999999999 -0.5813040000000002 0.1754604 -0.2522769 0.36684619999999996 1.315628 0.4539765 0.37054229999999994 
7.620137 18.04217 -16.24982 0.1344995 -5.143601 -4.543957 -0.9743908999999997 -3.3410660000000005 1.9272980000000002 -4.155391000000001 -4.649721 0.1271588 -0.9514012000000001 -0.7807645 -1.5349450000000002 -0.7479481999999998 -0.10721289999999997 -1.365743 1.115985 1.8486449999999999 0.9612556000000001 1.22236 1.087985 1.1486090000000002 0.21388730000000006 0.301232 0.09078867999999998 -0.6548078999999999 -0.8942595000000002 -0.5511809 0.43794099999999997 -0.08206579000000001 0.3410809000000001 1.4301519999999999 0.22499840000000002 0.175144 
9.828911 14.919029999999996 -13.420240000000003 -1.4107959999999997 -4.636598 -4.898505 -2.1100430000000006 -3.103403 0.9017874 -2.747173 -4.150994 -0.289296 -1.068427 -1.8166550000000004 -0.39776610000000007 -0.11804380000000002 -0.9276559999999999 -0.4500731 1.038753 1.763465 2.137167 1.410019 1.1836459999999998 1.582775 1.2605249999999997 0.7572029999999998 0.48401400000000006 0.062462279999999995 -0.8781912 -0.23522749999999998 0.8283684000000002 0.33832 1.024464 1.263458 0.05564352 0.1235364 
7.402493 20.31044 -16.48465 -0.38596949999999997 -7.6073900000000005 -4.444749000000001 -0.8531038999999999 -3.5970900000000006 2.439912 -5.364711999999999 -2.742153 -0.8131523000000003 -0.9597984999999999 -0.8212175999999999 -1.4781879999999998 0.6213632000000001 -1.5811709999999999 -0.8528367 1.89598 1.7027959999999998 2.096702 1.046212 1.8286040000000001 1.66254 0.2682881 0.8690911000000001 0.04472806000000001 0.19948879999999997 -0.6688641 -0.6390169 0.8732569000000001 0.39983160000000006 0.6954250000000001 1.186961 0.4230434 -4.454309E-4 
7.601314000000001 19.43955 -13.74441 1.124452 -7.403754 -4.594808 -2.258571 -3.1838149999999996 3.368456000000001 -3.810299 -3.0256900000000004 -1.6655619999999998 -1.5628080000000002 -0.2512364 -0.5124851 0.3000858 -1.742863 0.03637714 1.742205 1.456042 2.22202 0.6275076 2.066509 1.2528559999999997 0.4548237 1.413977 -0.6578109 -0.2463639 -0.6123842 -0.649721 0.8486719000000001 0.014409709999999996 1.3138699999999999 1.526133 -0.2955187000000001 -0.2623918 
7.539845999999999 19.45128 -14.014179999999998 0.2277174 -8.049682000000002 -4.796013000000001 -1.9234050000000003 -3.428305000000001 3.3857399999999993 -3.924529 -4.014888 -1.5007020000000002 -1.843211 -1.426938 -0.17443129999999998 0.8082114000000001 -1.938226 -0.1390464 1.918436 2.172163 2.2625430000000004 0.5575489 2.209756 1.37786 0.6721111999999999 1.546018 -0.7029281999999999 -0.22445859999999998 -0.5839919 -0.4499909 0.6923393999999999 0.3507503 2.042976 1.2389659999999998 -0.5334704 0.5372251 
5.440386 20.6992 -14.221360000000002 0.6407548 -6.7818249999999995 -6.211708000000001 -1.147088 -4.081564 3.0343480000000005 -2.479471 -3.743921 -1.6325629999999998 -2.8254340000000004 -1.8613649999999997 0.22527389999999997 0.8387779000000001 -0.9526472999999999 -0.5371215 2.238311 1.593904 2.274927 0.8529079 1.325521 2.185284 0.17221599999999998 1.0432240000000002 -0.10560800000000001 -1.187061 -0.45349329999999993 -1.087295 1.0250380000000001 0.5454727 1.431133 2.2014409999999995 -1.119365 0.1747812 
4.07839 21.99413 -14.857249999999997 0.7677136999999999 -6.605555000000001 -6.7151950000000005 -0.06408590000000002 -3.7466049999999997 4.592339 -2.6841049999999997 -4.952124 -1.9184009999999998 -2.845025 -0.8818020999999999 0.05543058 1.080195 -0.5550308 -0.5856517 2.460597 2.095243 2.292966 0.9877652999999997 1.2865009999999997 2.0545450000000005 0.05507868 1.4832800000000002 0.397068 -0.8518014000000002 -0.6445531999999999 -1.912025 1.242758 1.245112 1.177868 2.240012 -0.8219871000000001 0.4579069000000001 
5.300745 19.37084 -13.58802 -0.41340669999999996 -4.98041 -5.9580649999999995 -1.0140080000000002 -1.9015900000000001 2.83493 -2.803343 -5.347718 -1.7133319999999999 -2.197402 -2.317275 -1.0320160000000003 -0.01974563 0.2430055 0.4000811 1.8991469999999997 1.8724360000000002 1.6016890000000001 0.47160180000000007 1.348287 2.241244 0.40367830000000005 0.10564379999999998 -0.6997352 -1.1409769999999997 -0.7474759999999999 -1.1485269999999999 0.7083798000000001 0.8091103000000002 1.313629 2.0969769999999994 0.01203721 0.1884281 
4.761928 20.478849999999998 -14.49665 -0.7718413000000001 -5.720821 -5.96864 -0.5700625 -2.7430440000000003 3.1934660000000004 -3.3945830000000004 -6.219893 -1.6917170000000001 -0.9891593 -1.071053 -1.1523649999999999 0.10458180000000003 -0.3423608 -0.5704554000000001 1.9672870000000002 2.0319420000000004 2.078832 1.564548 0.8816088999999999 1.3222319999999999 0.19704830000000004 0.8828057000000002 -0.10994060000000003 -0.9303999999999999 -0.6272029 -1.160114 0.8271636000000002 0.7016659 0.8871444000000002 2.094244 -0.04203691999999999 0.07998795999999998 
5.897758 18.72044 -12.70943 -1.0425319999999998 -6.272796 -6.240395999999999 -0.7831242 -2.158648 2.031803 -3.50496 -6.457043 -1.402209 -0.8311042999999999 -1.421449 -1.107902 -0.6349644 -0.1801775 -0.0014814140000000001 1.520193 1.404638 1.7639099999999996 1.568856 0.9953136999999999 1.402697 0.24897679999999994 0.04330907 0.06136950000000001 -1.0720600000000002 -0.7218904000000002 -0.2713524 0.08451388000000001 0.1521138 0.9709820999999998 2.224593 0.5910055 -1.040179 
5.224422 19.89936 -13.954949999999998 -1.9309770000000002 -6.816246 -6.3496060000000005 0.4972072 -3.318989000000001 0.5015301 -3.0020920000000006 -6.631764000000002 -1.6991080000000003 -1.3055959999999998 -2.443306 -0.7237676 -0.49654640000000005 -0.259854 0.06987761999999999 1.151997 1.970295 1.60605 1.205144 1.2678329999999998 1.3024889999999998 0.9238641000000001 0.2828267 -0.17622359999999998 -0.7868792 -0.6355342999999999 -0.20189539999999997 -0.06132254999999999 0.6242638 1.5478819999999998 1.501512 0.6022781 -0.3076246999999999 
3.611853 19.11921 -11.86844 -0.1364227 -5.881926 -5.212955 -0.9589746000000001 -3.08191 0.7326116000000001 -3.3081360000000006 -5.405093 -2.565213 -1.3264879999999997 -2.748118 -1.478611 -0.07661939 -0.4820094 1.2995280000000002 0.6771593 0.6754170000000002 1.209853 0.238407 2.2308540000000003 1.123602 0.42611279999999996 1.2826959999999998 -0.2628378 -0.40748879999999993 -0.8142449999999999 -0.29520640000000004 0.6605959 0.6347648 1.342995 0.6900817000000001 0.24251 0.3795549 
2.32032 19.78416 -12.92949 0.8145055 -5.978540000000001 -6.402861000000001 -2.259127 -2.401947 1.7149439999999996 -4.446739 -4.155942 -3.321282 -0.7301079 -1.076893 -1.5738590000000001 0.2845176 -0.4526865 1.843475 1.294803 1.6826620000000003 2.3749989999999994 0.4487249000000001 2.540649 1.064453 0.46851809999999994 1.213757 -1.0282979999999997 0.10743400000000002 -0.7307123999999999 -0.5020438 0.3651537 1.201417 1.7950789999999999 0.6067312 0.6388325 -0.03239964 
3.832653999999999 18.6888 -11.364599999999998 0.08117214 -5.050802 -5.976286000000001 -2.201148 -2.681224 1.8327810000000002 -2.988502 -5.687390999999999 -2.763968 -1.060689 -1.176412 -0.8591363000000001 -0.8715077000000002 -0.5915854 0.7288242 0.9791236999999999 2.22743 2.9140690000000005 1.4314990000000003 1.7247990000000004 0.2432926 0.04115035 0.9894191 -0.8362591000000001 -0.6308724999999998 -0.8736496999999999 -0.8523131 0.838597 0.9583614000000001 1.548135 1.5047180000000002 0.03026182 0.09975213 
3.510438 17.412990000000004 -11.64062 1.043475 -3.773543 -6.64403 -2.616055 -2.673962 2.004221 -2.719884 -6.159067 -2.559135 -0.9748843000000001 -0.8599799 -1.3499560000000002 -1.309551 -0.21008990000000002 0.5532456999999998 0.9454347 1.55326 3.198034 1.680674 0.6166187 1.17537 0.48225130000000005 0.6149326999999999 -0.7972067000000002 -1.143374 -0.02018805 -0.5868333999999998 0.36226780000000003 0.7655146000000002 1.436406 1.7029940000000001 -0.1413137 0.4499342 
