1.283864e+001 1.550222e+001 -1.243786e+001 -1.705416e+000 -4.801514e+000 -4.083272e+000 -4.336924e-001 -1.429002e+000 2.155006e+000 -2.469487e+000 -4.579471e+000 6.669151e-001 4.448482e-001 -6.975011e-001 -1.809011e-001 -9.636054e-002 -5.647452e-001 -6.897130e-001 1.463273e+000 2.195106e+000 1.729926e+000 1.984982e+000 1.700164e+000 8.970137e-001 6.201658e-001 8.114253e-001 3.333282e-001 2.082773e-002 -4.087729e-001 -5.306168e-001 4.885924e-001 3.171483e-002 3.427345e-001 1.406324e+000 5.322836e-001 2.877469e-001 
1.166384e+001 1.436251e+001 -1.243034e+001 -2.292965e+000 -5.093994e+000 -5.179995e+000 -1.736913e+000 -1.927268e+000 1.636814e+000 -2.903915e+000 -4.605553e+000 2.205512e-001 -4.944090e-001 -1.150479e+000 -3.910236e-001 -6.912507e-001 -1.170336e+000 -1.030290e+000 1.230310e+000 2.003382e+000 1.349388e+000 1.304286e+000 1.347156e+000 1.258046e+000 5.063708e-001 1.227483e-001 2.066871e-001 -1.944270e-001 -7.566132e-001 -4.088039e-001 2.796872e-001 -9.478638e-002 7.300301e-001 1.301244e+000 8.231092e-002 1.212929e-001 
1.010773e+001 1.646562e+001 -1.432549e+001 -1.439803e+000 -6.083355e+000 -5.428515e+000 -1.446170e+000 -1.664267e+000 2.121237e+000 -3.180166e+000 -4.407838e+000 -1.826582e-002 -2.756565e-001 -1.404370e+000 -3.305766e-001 2.661287e-001 -1.186388e+000 -9.057640e-001 6.840109e-001 1.818797e+000 2.568396e+000 8.245332e-001 8.718823e-001 1.752085e+000 8.388348e-001 5.277389e-001 7.844745e-001 8.235723e-002 -1.302060e+000 -4.440489e-001 7.799035e-001 -2.535906e-001 5.024281e-001 1.598493e+000 3.086793e-001 -5.509170e-001 
9.418452e+000 1.696456e+001 -1.400309e+001 -1.150851e+000 -5.250058e+000 -4.200545e+000 -2.451394e+000 -3.121574e+000 2.533150e+000 -3.035982e+000 -3.980886e+000 -4.113169e-001 -1.133404e+000 -1.164516e+000 -8.769645e-001 2.267724e-001 -5.114981e-001 -4.102863e-001 1.838502e+000 1.578377e+000 1.519287e+000 1.403670e+000 1.684490e+000 1.884424e+000 7.869270e-001 3.621083e-001 2.581315e-001 -2.249492e-002 -1.017686e+000 -4.704455e-001 1.160804e+000 2.656468e-001 4.466383e-001 1.557734e+000 4.324267e-001 -2.597499e-001 
8.707944e+000 1.642916e+001 -1.178925e+001 2.193019e-001 -5.517370e+000 -3.897027e+000 -3.572359e+000 -3.394161e+000 2.340491e+000 -2.671884e+000 -2.905901e+000 -8.375376e-001 -1.425053e+000 -2.308512e+000 -6.858321e-001 1.284714e+000 -8.699525e-001 5.178238e-001 1.627390e+000 1.873006e+000 1.909959e+000 -2.078288e-001 2.747409e+000 2.708335e+000 5.563943e-001 6.587532e-001 -5.833995e-001 5.973257e-002 -9.071131e-001 -5.155124e-001 1.732068e+000 2.161419e-001 8.307745e-001 1.395772e+000 -7.404919e-002 3.736286e-001 
6.221560e+000 2.180653e+001 -1.607459e+001 5.295012e-001 -7.488018e+000 -4.973120e+000 -8.252481e-001 -4.949013e+000 4.107421e+000 -4.307111e+000 -3.968938e+000 -1.737353e+000 -1.682249e+000 -1.195877e+000 -5.141100e-001 5.546830e-001 -1.530434e+000 8.473836e-002 2.021491e+000 1.956258e+000 2.192907e+000 3.310464e-001 2.667886e+000 1.337963e+000 2.496154e-001 1.055737e+000 -1.840987e-001 -7.071889e-002 -1.454072e+000 -4.475020e-001 1.218351e+000 2.101843e-001 1.666868e+000 1.280082e+000 -1.126853e-001 2.440065e-001 
8.208711e+000 1.949502e+001 -1.265731e+001 -1.506523e+000 -6.591951e+000 -5.131019e+000 -2.159215e+000 -2.631917e+000 1.886744e+000 -2.485116e+000 -4.120743e+000 -1.746013e+000 -1.324980e+000 -1.895723e+000 -4.654680e-001 3.905170e-001 -1.115353e+000 1.032982e+000 2.076680e+000 1.901550e+000 1.964382e+000 7.771545e-001 2.366957e+000 2.124483e+000 1.082768e+000 8.333532e-001 -3.718362e-001 -1.129409e-001 -7.093996e-001 -2.452409e-001 7.932623e-001 7.271503e-001 1.980351e+000 1.543399e+000 -7.399713e-002 -3.892560e-001 
7.256679e+000 2.086863e+001 -1.369065e+001 -1.016647e+000 -6.692940e+000 -5.099608e+000 -2.166317e+000 -3.084096e+000 2.897674e+000 -2.816553e+000 -4.054585e+000 -1.646849e+000 -1.007490e+000 -2.191109e+000 3.282184e-002 1.002448e+000 -1.183867e+000 1.221553e+000 2.262581e+000 2.460131e+000 2.115085e+000 1.312041e-001 3.009382e+000 2.500941e+000 1.266273e+000 6.559558e-001 -5.959225e-001 1.058453e+000 -7.991869e-001 -8.109661e-001 1.034679e+000 9.781469e-001 1.985314e+000 1.211197e+000 7.765410e-002 1.653093e-001 
4.451968e+000 2.266705e+001 -1.483820e+001 3.848335e-001 -6.206510e+000 -6.134012e+000 -1.833565e+000 -4.313623e+000 4.292185e+000 -3.699813e+000 -4.679406e+000 -2.515923e+000 -9.559125e-001 -1.696255e+000 -7.149506e-001 6.852744e-001 -1.907234e+000 5.250580e-001 1.991303e+000 2.113794e+000 2.021769e+000 3.012337e-001 2.564905e+000 1.613532e+000 3.055846e-001 5.104777e-001 -6.009081e-001 2.178363e-001 -1.000826e+000 -5.944996e-001 3.764164e-001 8.022819e-001 2.055449e+000 9.335520e-001 9.873955e-002 1.079580e-001 
6.144772e+000 1.839600e+001 -1.208162e+001 -6.598679e-001 -5.911108e+000 -5.655614e+000 -2.674124e+000 -3.319631e+000 2.070029e+000 -2.836286e+000 -5.172356e+000 -1.847205e+000 -8.656020e-001 -2.032844e+000 -1.247559e+000 7.087916e-001 -2.658998e-001 -1.974651e-001 1.269503e+000 2.037510e+000 2.670353e+000 1.325330e+000 1.379102e+000 1.537308e+000 8.032140e-001 8.339065e-001 1.476747e-001 -8.588639e-001 -9.745966e-001 4.030450e-002 5.110867e-001 1.002592e+000 1.719412e+000 9.871017e-001 2.459663e-001 -8.786574e-002 
7.532251e+000 1.694845e+001 -1.220158e+001 -1.943578e+000 -5.769058e+000 -5.655879e+000 -3.148470e+000 -3.488241e+000 1.416860e+000 -2.442140e+000 -4.988295e+000 -2.313806e+000 -1.743404e+000 -2.047031e+000 -6.256170e-001 1.406151e-001 -5.647993e-001 3.829383e-001 1.428476e+000 1.965725e+000 2.360496e+000 7.923986e-001 1.612457e+000 2.000421e+000 7.710118e-001 8.562232e-001 2.018623e-001 -1.030140e+000 -7.695467e-001 3.996750e-002 3.510466e-001 9.994284e-001 1.943737e+000 1.196657e+000 6.724062e-002 -2.630223e-001 
4.132172e+000 2.053663e+001 -1.421642e+001 4.098630e-001 -5.301257e+000 -6.393101e+000 -2.612066e+000 -5.101999e+000 3.398905e+000 -1.374834e+000 -6.105386e+000 -3.221341e+000 -9.525510e-001 -2.786449e+000 -7.595484e-001 4.884617e-001 -7.613214e-001 9.941315e-001 1.106314e+000 1.225840e+000 2.159969e+000 5.444791e-001 1.874476e+000 1.100618e+000 1.024009e+000 1.443255e+000 -4.283111e-001 -1.049544e+000 -1.108205e+000 -1.564518e-001 5.090491e-001 8.140059e-001 1.969842e+000 1.165908e+000 2.034169e-001 -6.289271e-001 
2.435537e+000 2.021943e+001 -1.383471e+001 9.655629e-001 -5.171224e+000 -5.883527e+000 -2.049491e+000 -3.126734e+000 2.120277e+000 -4.933335e+000 -4.510111e+000 -3.082149e+000 -8.559530e-001 -2.790882e+000 -1.932355e+000 3.803900e-001 -8.673665e-001 1.729875e+000 9.360417e-002 1.375471e-001 6.399541e-001 -1.257685e-001 2.646614e+000 7.571163e-001 5.500248e-001 1.796326e+000 -5.950286e-001 -4.396682e-001 -1.205375e+000 -4.735475e-002 6.540479e-001 3.196539e-002 9.625378e-001 1.252361e+000 5.091973e-001 -7.726317e-001 
1.094118e+000 1.995387e+001 -1.272267e+001 4.413521e-001 -5.842304e+000 -5.087981e+000 -2.359389e+000 -2.091104e+000 2.977648e+000 -4.608771e+000 -5.089398e+000 -4.009075e+000 1.322666e-001 -1.688429e+000 -5.501912e-001 3.416969e-001 -5.447530e-001 2.281670e+000 1.010159e+000 2.388121e+000 1.757435e+000 1.472950e+000 2.201215e+000 -1.440881e-001 6.003965e-001 1.127238e+000 2.808895e-001 -1.121369e+000 -1.360965e+000 -1.107324e-002 6.139717e-001 9.829375e-001 8.759671e-001 1.702463e+000 4.983696e-001 -2.232172e-001 
1.785700e+000 1.773919e+001 -1.226748e+001 5.669669e-001 -5.458862e+000 -5.260567e+000 -2.315454e+000 -1.513452e+000 1.652943e+000 -4.130525e+000 -6.074854e+000 -4.518861e+000 -6.415006e-001 -1.433980e+000 -1.223719e+000 -7.592956e-001 -3.293402e-001 1.770729e+000 1.422556e+000 2.076031e+000 2.378585e+000 1.371027e+000 1.737862e+000 8.068716e-001 2.425068e-001 1.823590e-001 7.124275e-002 -8.421882e-001 -8.705138e-001 -7.666526e-001 3.952861e-001 1.374783e+000 1.844923e+000 1.740091e+000 1.534891e-001 4.353499e-001 
-6.286461e-001 1.855915e+001 -1.232050e+001 2.018280e+000 -4.553247e+000 -5.104058e+000 -1.801194e+000 -4.163169e+000 1.876694e+000 -3.700843e+000 -4.782649e+000 -3.760227e+000 -6.411371e-001 -1.437119e+000 -1.990956e+000 -1.046926e+000 -3.096042e-001 1.662528e+000 1.833444e+000 1.641717e+000 1.715225e+000 2.352986e+000 2.015796e+000 1.191903e+000 1.735393e-001 2.346250e-001 -3.386232e-001 -9.649516e-001 -6.905997e-002 -4.131094e-001 8.088757e-001 1.378571e+000 9.501743e-001 2.223888e+000 -7.269744e-002 4.322025e-001 
2.014921e+001 9.074803e+000 -2.856855e+000 -1.552244e+000 -1.375220e+000 -1.569499e+000 1.442257e-003 1.076620e+000 4.971041e-001 -2.738594e+000 -3.348859e+000 -2.670720e-001 6.508569e-001 1.681422e-001 6.337193e-001 -1.254662e-001 -9.851486e-001 -6.333582e-001 2.946856e-001 9.777521e-001 7.154215e-001 4.616137e-001 3.656350e-001 -7.887107e-002 2.797423e-001 2.531337e-001 -5.766123e-001 -6.356835e-001 -4.828525e-001 -1.891001e-001 4.545377e-002 -3.403346e-001 2.226962e-001 7.618184e-001 1.804885e-001 1.020179e-003 
1.383899e+001 1.418077e+001 -1.120386e+001 -1.910689e+000 -3.751427e+000 -3.228494e+000 -9.062379e-002 -5.335465e-001 1.963283e+000 -2.693910e+000 -4.454512e+000 4.001554e-001 5.111244e-001 -7.302279e-001 -3.811512e-001 -1.560020e-001 -6.302811e-001 -4.341761e-001 1.122250e+000 1.486211e+000 1.709166e+000 1.464502e+000 1.005421e+000 9.853563e-001 2.459702e-001 2.478692e-001 3.090588e-001 -3.800588e-001 -8.506490e-001 -5.813040e-001 1.754604e-001 -2.522769e-001 3.668462e-001 1.315628e+000 4.539765e-001 3.705423e-001 
7.620137e+000 1.804217e+001 -1.624982e+001 1.344995e-001 -5.143601e+000 -4.543957e+000 -9.743909e-001 -3.341066e+000 1.927298e+000 -4.155391e+000 -4.649721e+000 1.271588e-001 -9.514012e-001 -7.807645e-001 -1.534945e+000 -7.479482e-001 -1.072129e-001 -1.365743e+000 1.115985e+000 1.848645e+000 9.612556e-001 1.222360e+000 1.087985e+000 1.148609e+000 2.138873e-001 3.012320e-001 9.078868e-002 -6.548079e-001 -8.942595e-001 -5.511809e-001 4.379410e-001 -8.206579e-002 3.410809e-001 1.430152e+000 2.249984e-001 1.751440e-001 
9.828911e+000 1.491903e+001 -1.342024e+001 -1.410796e+000 -4.636598e+000 -4.898505e+000 -2.110043e+000 -3.103403e+000 9.017874e-001 -2.747173e+000 -4.150994e+000 -2.892960e-001 -1.068427e+000 -1.816655e+000 -3.977661e-001 -1.180438e-001 -9.276560e-001 -4.500731e-001 1.038753e+000 1.763465e+000 2.137167e+000 1.410019e+000 1.183646e+000 1.582775e+000 1.260525e+000 7.572030e-001 4.840140e-001 6.246228e-002 -8.781912e-001 -2.352275e-001 8.283684e-001 3.383200e-001 1.024464e+000 1.263458e+000 5.564352e-002 1.235364e-001 
7.402493e+000 2.031044e+001 -1.648465e+001 -3.859695e-001 -7.607390e+000 -4.444749e+000 -8.531039e-001 -3.597090e+000 2.439912e+000 -5.364712e+000 -2.742153e+000 -8.131523e-001 -9.597985e-001 -8.212176e-001 -1.478188e+000 6.213632e-001 -1.581171e+000 -8.528367e-001 1.895980e+000 1.702796e+000 2.096702e+000 1.046212e+000 1.828604e+000 1.662540e+000 2.682881e-001 8.690911e-001 4.472806e-002 1.994888e-001 -6.688641e-001 -6.390169e-001 8.732569e-001 3.998316e-001 6.954250e-001 1.186961e+000 4.230434e-001 -4.454309e-004 
7.601314e+000 1.943955e+001 -1.374441e+001 1.124452e+000 -7.403754e+000 -4.594808e+000 -2.258571e+000 -3.183815e+000 3.368456e+000 -3.810299e+000 -3.025690e+000 -1.665562e+000 -1.562808e+000 -2.512364e-001 -5.124851e-001 3.000858e-001 -1.742863e+000 3.637714e-002 1.742205e+000 1.456042e+000 2.222020e+000 6.275076e-001 2.066509e+000 1.252856e+000 4.548237e-001 1.413977e+000 -6.578109e-001 -2.463639e-001 -6.123842e-001 -6.497210e-001 8.486719e-001 1.440971e-002 1.313870e+000 1.526133e+000 -2.955187e-001 -2.623918e-001 
7.539846e+000 1.945128e+001 -1.401418e+001 2.277174e-001 -8.049682e+000 -4.796013e+000 -1.923405e+000 -3.428305e+000 3.385740e+000 -3.924529e+000 -4.014888e+000 -1.500702e+000 -1.843211e+000 -1.426938e+000 -1.744313e-001 8.082114e-001 -1.938226e+000 -1.390464e-001 1.918436e+000 2.172163e+000 2.262543e+000 5.575489e-001 2.209756e+000 1.377860e+000 6.721112e-001 1.546018e+000 -7.029282e-001 -2.244586e-001 -5.839919e-001 -4.499909e-001 6.923394e-001 3.507503e-001 2.042976e+000 1.238966e+000 -5.334704e-001 5.372251e-001 
5.440386e+000 2.069920e+001 -1.422136e+001 6.407548e-001 -6.781825e+000 -6.211708e+000 -1.147088e+000 -4.081564e+000 3.034348e+000 -2.479471e+000 -3.743921e+000 -1.632563e+000 -2.825434e+000 -1.861365e+000 2.252739e-001 8.387779e-001 -9.526473e-001 -5.371215e-001 2.238311e+000 1.593904e+000 2.274927e+000 8.529079e-001 1.325521e+000 2.185284e+000 1.722160e-001 1.043224e+000 -1.056080e-001 -1.187061e+000 -4.534933e-001 -1.087295e+000 1.025038e+000 5.454727e-001 1.431133e+000 2.201441e+000 -1.119365e+000 1.747812e-001 
4.078390e+000 2.199413e+001 -1.485725e+001 7.677137e-001 -6.605555e+000 -6.715195e+000 -6.408590e-002 -3.746605e+000 4.592339e+000 -2.684105e+000 -4.952124e+000 -1.918401e+000 -2.845025e+000 -8.818021e-001 5.543058e-002 1.080195e+000 -5.550308e-001 -5.856517e-001 2.460597e+000 2.095243e+000 2.292966e+000 9.877653e-001 1.286501e+000 2.054545e+000 5.507868e-002 1.483280e+000 3.970680e-001 -8.518014e-001 -6.445532e-001 -1.912025e+000 1.242758e+000 1.245112e+000 1.177868e+000 2.240012e+000 -8.219871e-001 4.579069e-001 
5.300745e+000 1.937084e+001 -1.358802e+001 -4.134067e-001 -4.980410e+000 -5.958065e+000 -1.014008e+000 -1.901590e+000 2.834930e+000 -2.803343e+000 -5.347718e+000 -1.713332e+000 -2.197402e+000 -2.317275e+000 -1.032016e+000 -1.974563e-002 2.430055e-001 4.000811e-001 1.899147e+000 1.872436e+000 1.601689e+000 4.716018e-001 1.348287e+000 2.241244e+000 4.036783e-001 1.056438e-001 -6.997352e-001 -1.140977e+000 -7.474760e-001 -1.148527e+000 7.083798e-001 8.091103e-001 1.313629e+000 2.096977e+000 1.203721e-002 1.884281e-001 
4.761928e+000 2.047885e+001 -1.449665e+001 -7.718413e-001 -5.720821e+000 -5.968640e+000 -5.700625e-001 -2.743044e+000 3.193466e+000 -3.394583e+000 -6.219893e+000 -1.691717e+000 -9.891593e-001 -1.071053e+000 -1.152365e+000 1.045818e-001 -3.423608e-001 -5.704554e-001 1.967287e+000 2.031942e+000 2.078832e+000 1.564548e+000 8.816089e-001 1.322232e+000 1.970483e-001 8.828057e-001 -1.099406e-001 -9.304000e-001 -6.272029e-001 -1.160114e+000 8.271636e-001 7.016659e-001 8.871444e-001 2.094244e+000 -4.203692e-002 7.998796e-002 
5.897758e+000 1.872044e+001 -1.270943e+001 -1.042532e+000 -6.272796e+000 -6.240396e+000 -7.831242e-001 -2.158648e+000 2.031803e+000 -3.504960e+000 -6.457043e+000 -1.402209e+000 -8.311043e-001 -1.421449e+000 -1.107902e+000 -6.349644e-001 -1.801775e-001 -1.481414e-003 1.520193e+000 1.404638e+000 1.763910e+000 1.568856e+000 9.953137e-001 1.402697e+000 2.489768e-001 4.330907e-002 6.136950e-002 -1.072060e+000 -7.218904e-001 -2.713524e-001 8.451388e-002 1.521138e-001 9.709821e-001 2.224593e+000 5.910055e-001 -1.040179e+000 
5.224422e+000 1.989936e+001 -1.395495e+001 -1.930977e+000 -6.816246e+000 -6.349606e+000 4.972072e-001 -3.318989e+000 5.015301e-001 -3.002092e+000 -6.631764e+000 -1.699108e+000 -1.305596e+000 -2.443306e+000 -7.237676e-001 -4.965464e-001 -2.598540e-001 6.987762e-002 1.151997e+000 1.970295e+000 1.606050e+000 1.205144e+000 1.267833e+000 1.302489e+000 9.238641e-001 2.828267e-001 -1.762236e-001 -7.868792e-001 -6.355343e-001 -2.018954e-001 -6.132255e-002 6.242638e-001 1.547882e+000 1.501512e+000 6.022781e-001 -3.076247e-001 
3.611853e+000 1.911921e+001 -1.186844e+001 -1.364227e-001 -5.881926e+000 -5.212955e+000 -9.589746e-001 -3.081910e+000 7.326116e-001 -3.308136e+000 -5.405093e+000 -2.565213e+000 -1.326488e+000 -2.748118e+000 -1.478611e+000 -7.661939e-002 -4.820094e-001 1.299528e+000 6.771593e-001 6.754170e-001 1.209853e+000 2.384070e-001 2.230854e+000 1.123602e+000 4.261128e-001 1.282696e+000 -2.628378e-001 -4.074888e-001 -8.142450e-001 -2.952064e-001 6.605959e-001 6.347648e-001 1.342995e+000 6.900817e-001 2.425100e-001 3.795549e-001 
2.320320e+000 1.978416e+001 -1.292949e+001 8.145055e-001 -5.978540e+000 -6.402861e+000 -2.259127e+000 -2.401947e+000 1.714944e+000 -4.446739e+000 -4.155942e+000 -3.321282e+000 -7.301079e-001 -1.076893e+000 -1.573859e+000 2.845176e-001 -4.526865e-001 1.843475e+000 1.294803e+000 1.682662e+000 2.374999e+000 4.487249e-001 2.540649e+000 1.064453e+000 4.685181e-001 1.213757e+000 -1.028298e+000 1.074340e-001 -7.307124e-001 -5.020438e-001 3.651537e-001 1.201417e+000 1.795079e+000 6.067312e-001 6.388325e-001 -3.239964e-002 
3.832654e+000 1.868880e+001 -1.136460e+001 8.117214e-002 -5.050802e+000 -5.976286e+000 -2.201148e+000 -2.681224e+000 1.832781e+000 -2.988502e+000 -5.687391e+000 -2.763968e+000 -1.060689e+000 -1.176412e+000 -8.591363e-001 -8.715077e-001 -5.915854e-001 7.288242e-001 9.791237e-001 2.227430e+000 2.914069e+000 1.431499e+000 1.724799e+000 2.432926e-001 4.115035e-002 9.894191e-001 -8.362591e-001 -6.308725e-001 -8.736497e-001 -8.523131e-001 8.385970e-001 9.583614e-001 1.548135e+000 1.504718e+000 3.026182e-002 9.975213e-002 
3.510438e+000 1.741299e+001 -1.164062e+001 1.043475e+000 -3.773543e+000 -6.644030e+000 -2.616055e+000 -2.673962e+000 2.004221e+000 -2.719884e+000 -6.159067e+000 -2.559135e+000 -9.748843e-001 -8.599799e-001 -1.349956e+000 -1.309551e+000 -2.100899e-001 5.532457e-001 9.454347e-001 1.553260e+000 3.198034e+000 1.680674e+000 6.166187e-001 1.175370e+000 4.822513e-001 6.149327e-001 -7.972067e-001 -1.143374e+000 -2.018805e-002 -5.868334e-001 3.622678e-001 7.655146e-001 1.436406e+000 1.702994e+000 -1.413137e-001 4.499342e-001 
