10.535747125 8.255079625 -1.79767750875 2.9602063375 -0.2817207749999999 1.1652207625 -0.23063806375 0.4901158625 -0.15923841249999998 -0.50733037375 -0.5021619 0.020615491875000017 
10.086690500000001 6.887278587500001 -1.4366222375 3.47503675 -0.56224195 1.9616952499999998 -0.49540482124999996 0.508316675 -0.2185237 -0.5023617312499999 -0.56462179125 0.03666398750000002 
9.713578375 6.29464445 -1.4190130787500002 3.7978991375 -1.0836869525000001 1.9208775 -0.50887859 0.43849785500000005 -0.20181608874999998 -0.1326800425 -0.3383282725 0.04678723374999999 
9.8568765 5.936924375 -0.8734902012500002 4.014358875 -1.1972137999999999 2.0441763749999997 -0.5162572750000001 0.346936425 -0.31465534500000003 -0.13634204875 -0.2759752325 -0.134019938 
9.969814500000002 6.096002625000001 -0.9152180599999997 4.128809625000001 -1.3354562025 2.074970125 -0.6187190625 0.20480281875 -0.18214896000000003 -0.056171925000000004 -0.192120284875 -0.026632901249999993 
9.703354625 6.2119251250000005 -1.64630865 3.4933958874999993 -1.3979567000000002 2.0131412 -0.6114176625000001 0.3783501975 -0.01750978750000002 -0.2327308475 -0.251652775 -0.07384841249999999 
10.45187425 6.658537125 -2.1802735124999995 3.4596589749999995 -1.1993340749999999 1.6968489625 -0.981126825 0.37574343749999994 0.0278593875 -0.22399151250000002 -0.36372805337499997 -0.10749290387500002 
11.7489335 7.667427 -2.6654716824999998 3.111876325 -0.485807 1.2232013625 -0.915312147625 0.6641657375 -0.34546695 -0.6661298499999999 -0.6062556925000001 -0.1591527475 
13.20551225 8.8160245 -3.348474925 2.7970826875 -0.50770750875 0.9122430375 -0.954562975 0.43731127875000003 -0.6850720625 -0.8225240249999999 -0.5714583249999999 -0.30793132125 
14.395300249999998 9.002312625 -3.6872939999999996 2.68244785 -0.8619572875 0.345308925 -1.0684771999999998 0.37732330000000003 -0.9067745512500001 -0.85011235 -0.4721876950000001 -0.10150587749999998 
15.16758375 8.8871925 -3.5809671499999998 2.1794781875 -0.6527062137499999 0.1623439499999999 -1.0292339912500001 0.30722637625 -0.7529941250000001 -0.8318131049999999 -0.31641457874999995 0.007832204999999995 
15.329298750000001 9.33667975 -4.532058499999999 2.2055344425000003 -1.163797700625 0.4103754387500001 -1.0002456124999999 0.2276036875 -0.58510208125 -0.9109554875 -0.4329299 0.11772176875 
15.52145875 9.583633875 -4.53174925 1.8986941575 -1.44316529625 0.26360304999999995 -1.1797828587499999 0.3688808 -0.64915965 -0.60470205 -0.3793254924999999 0.31632669750000003 
15.630371250000001 9.604818125000001 -4.689518250000001 1.8193968749999998 -1.3715396 0.35063585374999995 -1.105874415 0.40119093125000005 -0.705488025 -0.6921466750000002 -0.385004755 0.43883124999999995 
15.3580075 9.451915125 -4.387247875 1.694821775 -1.0521406749999997 0.41440983499999995 -0.81425812375 0.152370905 -0.39202220625000006 -0.8299316875 -0.311492525 0.37229587750000004 
15.04424875 9.61972875 -4.77686375 1.7675568125 -1.2032525124999998 0.635523975 -1.0057909500000002 0.28729603625 -0.40638764125 -0.69484935 -0.3709325624999999 0.42043336249999996 
16.711475 7.4646415 -2.410506375 0.3019061625 0.18569226875000006 0.04900778749999994 -0.43189177875 -0.06924368625000002 -0.1440624625 -0.86133765 -0.309147395 0.467033533375 
11.033354625 8.201800375 -1.5858194625 2.6432468625 -0.07388260749999992 0.9486055374999999 -0.09465492249999999 0.347075585 -0.06398935587500001 -0.6567561 -0.5158103125 -0.02362048125000002 
10.324529000000002 7.4919805 -1.681199875 3.3586021625 -0.918140225 1.7227016250000002 -0.55821249875 0.5652138375 -0.21467475 -0.601259075 -0.6294330025 0.01230497500000003 
9.959709 6.485251125000001 -1.2195042703749999 3.5862340125 -1.0549474112500001 1.7089425500000002 -0.6207307725 0.36860796875 -0.16256125 -0.2000722025 -0.43909095000000004 -0.009191944999999993 
9.731399375 5.880675924999999 -1.2296810125 4.04829775 -1.109659325 1.8836049999999998 -0.6544382500000001 0.41789200000000004 -0.128886455 -0.07024801749999997 -0.242757575 -0.07657041249999999 
10.145321125 5.9764078750000005 -1.344170525 3.9912508749999995 -1.0687771675 2.031994625 -0.7272118125 0.24323623375000003 -0.019014592499999997 -0.25576076750000004 -0.34962870875 -0.0865020625 
9.685378374999999 6.003021875 -1.7676260212500001 3.5132508749999998 -1.2499422500000001 2.021729375 -0.6762902 0.38890766250000003 -0.009259432500000019 -0.16054240000000003 -0.287720175 -0.1316745125 
10.357782125 6.533303 -2.3642452375000005 3.428659375 -0.8693215287500001 1.9377363749999998 -0.773858475 0.5223248625000001 0.16555328875 -0.44566891625 -0.5273269374999999 -0.2023445 
11.483296625 7.425051375000001 -2.5044990375 3.2154205375 -0.31335939999999995 1.2950137174999998 -0.92523915 0.6703292750000001 -0.108451925 -0.6661282625 -0.6699727925000001 -0.208448775 
12.933644750000001 8.749097125 -3.445114025 2.74114615 -0.5313488 0.9544339125000001 -1.05556875 0.5912728500000001 -0.6523545124999999 -0.8561559249999999 -0.6236767750000001 -0.2651265125 
14.27840325 9.240712499999999 -3.5392521249999995 2.867102425 -0.7710473999999999 0.59352785 -1.1897110624999998 0.37903207499999997 -0.9079127124999999 -0.7680318749999999 -0.5125182625 -0.1154817075 
14.6413525 9.25321375 -3.8606976250000002 2.45836983125 -0.84348326375 0.17413141875000004 -1.3194348000000002 0.39999433124999995 -0.7871941987500001 -0.74177437 -0.38513787499999996 -0.044107862750000004 
15.059776250000002 9.344030125 -4.356891624999999 2.1521910625 -1.1636055112500001 0.35627401375000006 -1.0801963625 0.2990077125 -0.6478681875 -0.89168285 -0.3877715412500001 0.08153573524999999 
15.517952500000002 9.537504874999998 -4.426770375 1.9394834950000002 -1.205906512625 0.14751998875 -1.0515139875000001 0.20759168125000002 -0.5548870375 -0.747528975 -0.3159074425 0.36110269875 
15.436403750000002 9.784682375000001 -4.7329933749999995 2.0728676375 -1.427908457125 0.45397630375000003 -1.2399325250000002 0.42907136 -0.739799475 -0.6711812374999999 -0.35729462875 0.42907829000000003 
15.26445125 9.58756875 -4.4296 1.8199707437500003 -1.1842844262500003 0.47412787625 -1.0141917 0.13892734999999998 -0.52210014375 -0.7954291000000001 -0.3847264087499999 0.40936625 
15.1947725 9.472763375 -4.41537825 1.54607295375 -1.0282143625 0.44956734000000015 -0.973840992375 0.11244961249999999 -0.488729025 -0.8119572375000002 -0.33419433749999994 0.310283315 
