1.124299e+001 1.670431e+000 -1.085204e+000 2.388191e+000 -5.381928e-001 1.873232e+000 -2.589515e-001 1.075030e+000 -4.314295e-001 8.570851e-002 -2.670335e-001 8.574394e-002 
1.259271e+001 9.012597e-001 -3.362638e-001 1.503528e+000 2.838470e-001 2.594606e+000 1.854114e-001 4.003426e-001 -1.943648e-001 -5.024603e-001 -4.247108e-001 -3.146828e-001 
1.251993e+001 4.525606e-001 -8.752343e-001 8.793281e-001 5.870298e-002 2.185561e+000 -1.815868e-001 -2.698556e-002 -7.993893e-002 -6.482214e-002 -3.955367e-001 -3.468001e-001 
1.337883e+001 1.343277e+000 -6.793725e-001 1.925806e+000 8.195103e-001 2.380618e+000 4.762312e-001 -8.221290e-002 -3.402840e-001 -8.242829e-002 -4.764017e-001 -7.173869e-001 
1.280877e+001 3.030997e+000 -8.948306e-001 1.384741e+000 4.736768e-002 2.868508e+000 1.757612e-001 5.188836e-001 -4.655891e-001 -3.894265e-001 -6.991944e-002 -5.043358e-001 
1.187660e+001 5.390837e+000 -2.594320e+000 7.169301e-001 1.658782e-001 2.679853e+000 -1.699467e-001 4.485415e-001 -2.909577e-001 -2.685785e-001 -1.817074e-001 -6.220176e-001 
1.443577e+001 6.850720e+000 -4.171453e+000 5.252968e-001 7.176163e-001 2.009046e+000 -3.825922e-001 1.059961e+000 -7.722044e-001 -1.042080e-001 -4.837389e-001 -7.602294e-001 
1.531825e+001 7.133701e+000 -5.321713e+000 5.479476e-001 1.027988e+000 8.779036e-001 -9.614781e-003 1.531176e+000 -8.991545e-001 -7.889069e-001 -5.459708e-001 -1.108227e-001 
1.656213e+001 7.243877e+000 -5.207338e+000 5.784424e-001 9.766063e-001 -2.358025e-001 -1.121601e+000 4.532593e-001 -8.870599e-001 -9.305072e-001 -5.441655e-001 1.552687e-002 
1.788266e+001 8.634701e+000 -4.812786e+000 9.879512e-001 1.015505e+000 -6.170345e-001 -2.208458e+000 -3.524517e-001 -6.578411e-001 -9.676561e-001 -3.985108e-001 1.716419e-001 
1.819615e+001 8.503174e+000 -5.020494e+000 5.861188e-001 -6.478240e-002 -3.855800e-001 -2.659159e+000 -2.592528e-001 -1.096387e+000 -1.134605e+000 -5.525981e-001 2.943560e-001 
1.736520e+001 8.211722e+000 -5.137424e+000 8.436173e-001 -5.773029e-001 3.393103e-001 -1.811793e+000 -7.270551e-001 -2.839085e-001 -1.331295e+000 -6.506856e-001 3.980461e-001 
1.741969e+001 7.840300e+000 -4.861335e+000 -9.489404e-002 2.102669e-001 2.118018e-001 -1.917603e+000 -3.715034e-001 -3.631034e-001 -9.831972e-001 -9.500725e-001 6.338506e-001 
1.698675e+001 8.466239e+000 -4.860000e+000 -2.262493e-001 6.206070e-001 3.525835e-001 -1.927104e+000 3.617605e-002 -4.354912e-001 -9.441720e-001 -9.881124e-001 8.117172e-001 
1.701998e+001 8.613632e+000 -4.765684e+000 5.948231e-001 1.509042e-001 9.447163e-001 -1.701433e+000 -2.991455e-001 -4.160405e-002 -9.947115e-001 -9.213691e-001 7.943954e-001 
1.695185e+001 7.738317e+000 -4.395040e+000 1.701125e-001 5.354790e-001 4.499582e-001 -1.858700e+000 -6.418393e-001 -2.569648e-001 -9.198341e-001 -9.298531e-001 7.093030e-001 
1.637506e+001 6.948989e+000 -3.488794e+000 6.158500e-001 4.657917e-001 1.140281e+000 -1.932827e+000 -2.672656e-001 -1.943953e-001 -9.087717e-001 -4.545332e-001 7.515240e-001 
1.168287e+001 2.279097e+000 -8.789191e-001 2.014372e+000 -1.882983e-001 2.162279e+000 2.286827e-001 9.887295e-001 -6.519038e-001 -3.340922e-001 -2.498642e-001 2.360564e-001 
1.284482e+001 1.412346e+000 -1.213221e+000 6.439933e-001 -8.912725e-001 2.124671e+000 7.524456e-002 6.269306e-001 -3.840318e-001 -8.471690e-001 -3.280356e-001 -1.961259e-001 
1.333218e+001 1.376854e+000 -6.587063e-003 9.279441e-001 -1.141775e-001 2.699506e+000 2.604532e-001 -6.814515e-002 -1.251353e-001 4.956518e-002 -3.068891e-001 -5.008896e-001 
1.261238e+001 4.294834e-001 -1.293715e+000 1.042529e+000 -1.393360e-001 2.076106e+000 2.506609e-001 2.722708e-001 8.238978e-002 7.173306e-001 7.027702e-002 -4.368293e-001 
1.285745e+001 2.214464e+000 -1.850151e+000 1.091019e+000 -4.162144e-001 2.666784e+000 2.021894e-001 8.551884e-001 -2.017115e-001 -4.430328e-001 6.515283e-002 -3.041721e-001 
1.135077e+001 4.833984e+000 -1.690748e+000 1.432286e+000 6.448798e-001 3.192338e+000 -1.148431e-001 3.747877e-001 -5.534188e-001 -5.024999e-001 -5.041113e-001 -6.981856e-001 
1.324827e+001 5.918044e+000 -4.111138e+000 9.469087e-001 1.268623e+000 3.031510e+000 -1.248269e-001 1.132119e+000 -9.137671e-001 -5.100415e-001 -1.043696e+000 -1.175502e+000 
1.448085e+001 6.276085e+000 -4.868326e+000 6.595323e-001 2.010172e+000 1.518990e+000 3.464204e-001 1.639175e+000 -7.459587e-001 -1.026081e+000 -8.112765e-001 -4.277100e-001 
1.638313e+001 6.978974e+000 -5.182117e+000 3.261672e-001 1.279325e+000 -1.825649e-001 -8.978432e-001 3.016749e-001 -7.548457e-001 -1.037366e+000 -6.109883e-001 -1.101518e-001 
1.782125e+001 8.174942e+000 -4.792395e+000 9.367627e-001 1.260778e+000 -9.142266e-001 -2.265419e+000 -4.772890e-001 -7.666606e-001 -9.306027e-001 -3.948497e-001 1.620699e-001 
1.854973e+001 8.378713e+000 -4.835136e+000 2.238589e-001 6.711655e-002 -7.850387e-001 -2.475873e+000 -3.473234e-001 -1.196054e+000 -1.205232e+000 -5.765707e-001 2.483831e-001 
1.726977e+001 8.084124e+000 -4.986813e+000 2.898519e-001 -4.885700e-001 -3.253840e-001 -2.216466e+000 -8.957621e-001 -7.657481e-001 -1.275738e+000 -8.155529e-001 3.935299e-001 
1.730419e+001 7.959511e+000 -4.887199e+000 -7.384104e-002 -3.512787e-002 1.048506e-001 -2.108426e+000 -6.943867e-001 -3.970245e-001 -1.136641e+000 -9.878289e-001 5.955316e-001 
1.714054e+001 7.836836e+000 -4.635471e+000 -3.752899e-001 4.379005e-001 8.708853e-002 -2.028687e+000 -4.024405e-001 -4.897790e-001 -1.012721e+000 -1.001981e+000 7.296438e-001 
1.666034e+001 8.593880e+000 -4.888793e+000 6.835658e-001 -2.739221e-002 7.042706e-001 -1.937207e+000 -6.165796e-001 -8.700035e-002 -1.180140e+000 -8.954133e-001 7.732324e-001 
1.647763e+001 7.638556e+000 -4.564046e+000 3.971913e-002 -2.119723e-001 4.112139e-001 -2.051063e+000 -7.666897e-001 -4.781549e-001 -1.105950e+000 -8.858699e-001 6.532719e-001 
