1.361842e+001 6.846716e+000 -3.723456e+000 3.328102e+000 5.662858e-001 2.952840e+000 -4.177063e+000 -1.092477e+000 -2.660628e+000 1.380702e+000 -1.630924e+000 4.693512e-001 -1.121914e+000 -6.412171e-001 -2.316092e+000 -1.932381e-001 -5.941828e-002 -9.261625e-001 -4.078860e-001 -6.761047e-001 7.745871e-002 -5.807064e-001 -8.953636e-001 3.869765e-001 
1.179054e+001 6.340937e+000 -4.079316e+000 2.594627e+000 1.554534e+000 3.457975e+000 -4.115541e+000 4.736437e-001 -2.870868e+000 1.219248e+000 -1.033552e+000 9.737966e-001 -6.562974e-001 -1.821971e-001 -1.559487e+000 -8.776297e-001 -8.211292e-001 4.058346e-002 -2.969635e-001 -6.759403e-001 -2.344388e-001 -6.843974e-001 -4.700056e-001 9.797063e-001 
1.198161e+001 6.825582e+000 -7.248405e+000 4.221800e+000 1.866802e+000 3.340560e+000 -4.476797e+000 1.933725e+000 -1.704890e+000 1.013206e+000 -6.548567e-001 1.036603e+000 -9.856154e-001 -4.972532e-001 -1.113412e+000 -2.345786e-001 -1.088310e+000 2.386934e-001 -7.358178e-001 -7.123946e-001 3.083303e-001 -1.011947e+000 -9.607540e-001 9.474833e-001 
1.331527e+001 5.874566e+000 -6.392334e+000 3.909132e+000 2.292390e+000 3.279099e+000 -3.451224e+000 1.495010e+000 -1.673071e+000 1.929885e+000 -2.244028e-001 4.943316e-001 -7.056722e-001 -1.008389e-001 -1.342265e+000 2.639786e-001 -1.231664e+000 3.262144e-001 -1.017155e+000 -6.913484e-001 -2.237591e-001 -1.216125e+000 -1.083811e+000 8.434511e-001 
1.084991e+001 5.811181e+000 -6.294818e+000 5.123016e+000 2.453977e+000 4.503995e+000 -2.795453e+000 8.464199e-001 -2.483234e+000 1.118134e+000 -6.979606e-001 1.278108e+000 -6.263866e-001 1.153754e+000 -2.197297e-001 9.086348e-001 -3.286270e-001 3.007689e-001 -1.140613e+000 -5.136394e-001 -8.404784e-001 -1.049247e+000 -8.684317e-001 7.915592e-001 
1.219657e+001 6.271966e+000 -5.784662e+000 3.090520e+000 3.344252e+000 2.597541e+000 -2.076970e+000 -1.334265e+000 -1.415464e+000 7.601884e-002 2.756622e-001 1.404725e+000 -1.358179e+000 9.450285e-001 -6.648469e-001 3.484219e-001 -1.772952e-001 -5.613203e-002 -2.089504e-002 1.433370e-001 -4.777589e-001 -1.252532e+000 -7.065853e-001 -9.740876e-002 
1.737727e+001 6.915449e+000 -3.076822e+000 1.559268e-001 2.434241e+000 2.379806e+000 -1.987013e+000 -8.424307e-001 -1.320269e+000 8.727631e-003 1.150878e-002 6.365364e-001 -4.118082e-001 -7.828868e-001 -9.778320e-001 -5.148965e-001 6.013687e-002 -1.030431e+000 7.643549e-001 -2.943898e-001 -2.400256e-001 -4.461910e-001 -8.149845e-002 -2.348189e-001 
1.320630e+001 7.335727e+000 -3.565833e+000 4.328364e+000 7.937264e-001 3.003663e+000 -4.501897e+000 -7.357848e-001 -2.768665e+000 1.390295e+000 -2.188416e+000 5.578843e-001 -1.198756e+000 2.646907e-001 -2.243757e+000 3.837820e-001 -2.615013e-001 -9.536675e-002 -7.908305e-001 -6.319726e-001 -6.538830e-001 -6.564105e-001 -1.262223e+000 5.364036e-001 
1.170364e+001 7.012400e+000 -4.550836e+000 3.341042e+000 1.503204e+000 3.862551e+000 -4.610199e+000 7.682453e-001 -2.964505e+000 1.219489e+000 -8.372620e-001 1.215433e+000 -9.272990e-001 -1.734917e-001 -1.714342e+000 -2.346316e-001 -7.363515e-001 1.975572e-001 -6.399778e-001 -1.020802e+000 -4.295772e-001 -6.767460e-001 -3.376631e-001 1.211148e+000 
1.294364e+001 6.514325e+000 -6.669485e+000 4.196720e+000 2.392888e+000 2.934168e+000 -4.175825e+000 1.653561e+000 -1.425671e+000 7.357879e-001 -5.562380e-001 7.517062e-001 -6.265040e-001 -6.237961e-001 -9.971412e-001 -3.328875e-001 -1.151754e+000 1.366490e-001 -5.546376e-001 -8.016525e-001 3.896893e-001 -1.188798e+000 -9.066232e-001 7.738570e-001 
1.238312e+001 6.327240e+000 -7.435956e+000 4.732789e+000 1.894113e+000 4.187681e+000 -3.249635e+000 1.482531e+000 -1.738357e+000 2.412070e+000 -1.769871e-001 8.536452e-001 -1.130056e+000 1.153882e-001 -1.231056e+000 6.938075e-001 -1.070530e+000 3.757261e-001 -1.414833e+000 -7.224945e-001 -2.686343e-001 -1.397865e+000 -1.036748e+000 8.702482e-001 
1.038264e+001 4.721212e+000 -7.533054e+000 4.042708e+000 2.652966e+000 4.735979e+000 -2.177427e+000 1.048748e+000 -1.637246e+000 1.210756e+000 -3.326326e-001 1.579286e+000 -1.011387e+000 6.634903e-001 -6.391371e-001 3.529263e-001 -1.883842e-001 1.851706e-001 -3.960159e-001 -4.274781e-001 -3.224123e-001 -5.966328e-001 -2.713183e-001 7.147943e-001 
