1.873306e+001 1.038715e+001 -1.368072e+001 5.595100e-001 -3.177228e+000 -8.549515e-001 -1.729105e+000 -4.518233e-001 7.999690e-001 -3.278173e+000 -2.390320e+000 -4.151288e-001 1.263033e+000 -1.826519e-001 -1.954037e+000 -2.648973e+000 -1.214858e-001 1.360288e+000 2.502107e-001 1.649695e-001 -5.671112e-001 2.646802e-001 9.293796e-001 7.209691e-001
1.635708e+001 9.691926e+000 -1.716731e+001 2.528637e+000 -5.010046e+000 1.442332e+000 -3.348009e-001 1.781346e+000 1.755210e+000 -1.463408e+000 -7.978613e-001 -2.684493e-001 3.206786e+000 6.873176e-002 -5.513369e-001 -1.993254e+000 5.927118e-001 1.983408e+000 6.947077e-001 5.841230e-001 -1.067915e+000 3.678635e-001 1.009782e-001 9.574512e-001
1.815306e+001 6.262290e+000 -1.556760e+001 -7.454896e-001 -2.969537e+000 6.144855e-002 1.674317e+000 1.320252e+000 2.293726e+000 -5.606003e-001 -1.560606e+000 3.220155e-001 2.461305e+000 4.954010e-001 -1.150321e+000 -1.206416e+000 6.799307e-001 1.731064e+000 1.120405e+000 2.408217e-001 -8.210088e-001 3.390290e-002 6.215844e-002 5.925095e-001
1.679244e+001 9.873854e+000 -1.620765e+001 3.465469e-001 -3.940049e+000 -8.275851e-002 1.471435e+000 2.573820e-001 1.587468e+000 -1.051955e+000 -1.311089e+000 1.540230e-001 2.452399e+000 1.143612e-001 -1.364186e+000 -8.886037e-001 5.074155e-001 1.522276e+000 4.916626e-001 2.632741e-001 -3.409306e-001 -7.749152e-002 2.912432e-001 3.663757e-001
1.762936e+001 1.071402e+001 -1.560621e+001 4.264918e-001 -3.555504e+000 -1.339830e+000 1.378683e+000 -5.539238e-001 1.865189e+000 -1.308405e+000 -1.429093e+000 5.901172e-001 2.278165e+000 9.201556e-001 -2.116129e+000 -6.063346e-001 3.792323e-001 9.721093e-001 4.547169e-001 -3.366494e-001 1.905160e-001 -3.123778e-001 4.710907e-001 6.274995e-001
1.909810e+001 8.971806e+000 -1.302638e+001 -9.446322e-001 -2.602848e+000 -2.185540e+000 1.287629e+000 -6.491615e-001 1.429645e+000 -1.011744e+000 -2.781430e+000 9.482794e-001 1.955520e+000 3.783535e-001 -1.823077e+000 -9.841562e-001 1.002800e+000 2.672131e-001 5.810221e-002 9.764555e-003 2.383476e-001 3.333400e-001 7.029380e-002 1.059932e+000
2.345849e+001 7.287163e+000 -6.569419e+000 -1.608095e+000 1.594676e-001 -1.016001e+000 -5.303812e-001 2.046377e-001 4.736670e-001 -1.876779e+000 -2.693752e+000 2.145601e-001 1.410735e+000 -3.782495e-001 -1.463351e+000 -7.471316e-001 2.830933e-001 3.868820e-001 4.304099e-003 -9.829398e-002 3.330611e-001 6.688845e-001 4.307221e-001 1.116234e-001
1.875199e+001 1.046275e+001 -1.315426e+001 5.500099e-001 -3.095433e+000 -8.234862e-001 -5.418429e-001 1.946018e-002 5.942861e-001 -2.831062e+000 -2.172124e+000 -2.542100e-001 1.045929e+000 -4.975164e-001 -1.965784e+000 -2.373681e+000 2.546700e-001 1.041646e+000 -4.279803e-002 1.984430e-001 -2.401906e-001 5.500758e-001 4.606399e-001 6.846912e-001
1.690616e+001 1.118789e+001 -1.571102e+001 3.106215e+000 -4.155586e+000 1.851585e+000 2.020846e-001 9.297738e-001 5.515221e-001 -2.853865e+000 -1.667764e+000 -6.385595e-001 2.816251e+000 -6.286522e-001 -1.110266e+000 -2.433765e+000 8.407314e-003 1.057532e+000 2.412847e-001 4.886173e-001 -8.224432e-001 9.735111e-001 2.688437e-001 1.119092e+000
1.684471e+001 9.317520e+000 -1.570023e+001 1.189640e+000 -3.047109e+000 1.788131e+000 2.206336e+000 9.626331e-001 1.010351e+000 -2.489831e+000 -2.654638e+000 -1.314694e+000 8.166851e-001 -1.722904e+000 -1.929848e+000 -1.063898e+000 8.546379e-001 1.817382e+000 1.008095e+000 8.223946e-001 -2.704531e-001 3.217943e-001 -3.227880e-001 3.580470e-001
1.391974e+001 1.176868e+001 -1.772263e+001 3.402757e+000 -3.306420e+000 2.817680e+000 2.531642e+000 8.559078e-001 1.633432e+000 -2.930562e+000 -2.336616e+000 -2.697358e+000 1.067631e+000 -1.777900e+000 -1.601804e+000 -6.276383e-001 9.206273e-001 2.230511e+000 5.678165e-001 1.028220e+000 -5.018302e-001 3.025581e-001 -3.371636e-001 3.176879e-001
1.555960e+001 1.143479e+001 -1.530219e+001 1.937168e+000 -2.677688e+000 -6.932670e-002 2.642668e+000 -3.076740e-001 1.768285e+000 -2.537248e+000 -3.221213e+000 -1.167342e+000 5.123293e-001 -7.308277e-001 -2.988654e+000 -7.439565e-001 2.668468e-001 9.701898e-001 6.758254e-001 3.161819e-002 5.818835e-001 -2.000745e-001 5.981255e-001 6.985858e-001
