7.920347e+000 1.739211e+001 -6.024423e+000 5.738660e+000 2.926950e+000 3.877516e+000 -3.372375e+000 -1.977527e+000 1.559112e-001 -4.644186e+000 -1.342252e-001 -5.219710e-001 -2.763787e+000 2.432379e-001 1.275144e+000 1.220913e+000 -1.151901e+000 -5.713262e-001 9.102683e-001 -2.115746e-001 1.474801e+000 -1.047006e+000 -1.618063e-001 5.711888e-001 
8.981113e+000 1.818812e+001 -6.269848e+000 5.615569e+000 1.976499e+000 3.007092e+000 -3.461881e+000 -1.975590e+000 2.112478e-001 -4.189865e+000 9.156043e-001 -3.938611e-001 -2.379151e+000 -1.628155e-001 7.717941e-001 7.227245e-001 -7.984786e-001 -8.001323e-001 1.162271e+000 5.832167e-001 1.006676e+000 -1.048999e+000 -6.630876e-002 3.595515e-002 
8.589540e+000 1.777703e+001 -7.187063e+000 5.239348e+000 2.871083e+000 1.860425e+000 -3.101887e+000 -2.711219e+000 5.862826e-001 -4.093223e+000 6.435150e-001 -9.143270e-002 -2.170756e+000 -3.893118e-001 1.233458e+000 1.423532e+000 -1.129427e+000 -9.176647e-001 8.186918e-001 9.409267e-001 6.701254e-001 -4.520612e-001 -2.026120e-001 6.644052e-001 
7.907691e+000 1.942000e+001 -7.889602e+000 7.233691e+000 3.362889e+000 2.452599e+000 -3.630979e+000 -3.602404e+000 1.682217e+000 -5.442546e+000 1.859721e+000 -5.680247e-001 -2.540945e+000 2.231014e-001 4.046665e-001 1.892500e+000 -1.517361e+000 -4.946598e-001 6.800430e-001 4.753310e-001 1.369063e+000 -1.142137e+000 4.213265e-001 2.151889e-001 
1.198444e+001 1.560258e+001 -5.002622e+000 4.227506e+000 4.105603e+000 2.534171e+000 -3.795112e+000 -2.139039e+000 2.259560e-001 -4.676301e+000 4.712067e-001 6.687766e-002 -2.259945e+000 4.231796e-001 9.322491e-001 1.272079e+000 -9.950598e-001 -7.558262e-001 6.988275e-001 5.769086e-001 7.201303e-001 -5.204590e-001 1.927737e-001 5.874348e-001 
1.016235e+001 1.854079e+001 -8.153522e+000 7.062625e+000 2.405970e+000 2.722229e+000 -4.296712e+000 -2.238432e+000 1.049549e+000 -5.491506e+000 1.792609e+000 -1.407827e+000 -1.687256e+000 1.062562e-001 9.763405e-001 1.118754e+000 -1.112043e+000 -3.335884e-001 5.018672e-001 1.139588e+000 4.614610e-001 -3.637750e-001 -3.137961e-001 5.662593e-001 
1.435088e+001 1.365082e+001 -4.390745e+000 5.133960e+000 4.265718e+000 1.903500e+000 -4.088919e+000 -2.146923e+000 2.627115e-002 -4.046876e+000 6.862043e-001 -3.219777e-001 -2.557285e+000 5.028873e-001 1.146750e+000 1.173826e+000 -8.303063e-001 -8.806542e-001 6.199803e-001 7.870777e-001 9.293381e-001 -3.363452e-001 -3.353344e-001 4.738493e-001 
1.190433e+001 1.684261e+001 -6.564573e+000 7.077690e+000 2.395786e+000 2.520131e+000 -4.323889e+000 -1.259307e+000 7.197681e-001 -5.073462e+000 1.443171e+000 -1.120466e+000 -1.966685e+000 5.930704e-002 9.506666e-001 1.555212e+000 -9.854402e-001 -5.218489e-001 3.788870e-001 7.889574e-001 5.780642e-001 -3.629377e-001 -2.344733e-002 4.585466e-001 
1.407082e+001 1.273321e+001 -3.510957e+000 4.628527e+000 3.814064e+000 1.522647e+000 -3.871843e+000 -1.713184e+000 -6.456037e-002 -3.926752e+000 7.397040e-001 -4.101371e-001 -2.485918e+000 4.091616e-001 9.308183e-001 1.115679e+000 -7.217446e-001 -5.357125e-001 8.335896e-001 6.164351e-001 6.980023e-001 -3.980048e-001 -1.867026e-001 5.155194e-001 
1.140362e+001 1.666931e+001 -6.670518e+000 7.368608e+000 1.984776e+000 2.529257e+000 -4.551541e+000 -2.053565e+000 8.934837e-001 -5.154323e+000 1.741829e+000 -1.406263e+000 -2.709948e+000 4.328711e-002 1.033559e+000 1.616894e+000 -1.346322e+000 -4.794166e-001 4.106504e-001 7.443494e-001 1.209183e+000 -5.828817e-001 -4.127651e-001 3.101860e-001 
1.388947e+001 1.307298e+001 -3.993095e+000 4.847529e+000 3.434610e+000 1.870137e+000 -4.371614e+000 -2.350721e+000 -5.108216e-001 -4.534911e+000 1.337758e+000 -3.817987e-001 -2.834668e+000 1.857767e-001 5.253390e-001 9.559380e-001 -9.714889e-001 -2.688535e-001 8.688788e-001 6.201639e-001 8.879368e-001 -7.548585e-001 -1.798407e-001 3.631266e-001 
1.202868e+001 1.554534e+001 -6.125292e+000 5.332078e+000 2.628724e+000 2.014952e+000 -4.235251e+000 -2.361743e+000 2.554823e-001 -4.836053e+000 1.455911e+000 -2.786621e-002 -2.965720e+000 5.912503e-002 1.086924e+000 1.045436e+000 -1.032725e+000 -7.731345e-002 6.251417e-001 5.968537e-001 1.127301e+000 -7.510762e-001 -2.433553e-001 7.393325e-001 
1.206881e+001 1.566814e+001 -4.824444e+000 5.213129e+000 2.967100e+000 2.328884e+000 -4.316135e+000 -2.307662e+000 8.905949e-001 -4.453876e+000 8.930169e-001 -1.862829e-001 -3.174215e+000 -8.409836e-002 1.207703e+000 9.131880e-001 -1.202600e+000 -1.133573e-001 7.104427e-001 5.012202e-001 1.115039e+000 -6.506342e-001 -3.617353e-001 6.111663e-001 
1.199018e+001 1.493726e+001 -5.003858e+000 5.566395e+000 2.797536e+000 2.079981e+000 -4.178019e+000 -2.197994e+000 6.302149e-001 -4.413582e+000 8.647096e-001 -3.025104e-001 -2.681797e+000 5.283484e-001 1.302600e+000 9.501677e-001 -1.297273e+000 -6.481721e-001 5.690058e-001 6.647256e-001 1.147543e+000 -4.002261e-001 -3.230712e-001 5.088988e-001 
1.066699e+001 1.588162e+001 -6.331046e+000 6.169556e+000 1.889407e+000 2.067851e+000 -4.376045e+000 -1.987734e+000 1.865484e-001 -4.358827e+000 1.006249e+000 -1.141637e+000 -2.398882e+000 1.899843e-001 1.645814e+000 8.301537e-001 -8.866403e-001 -3.775997e-001 2.009716e-001 7.564175e-001 6.285905e-001 1.710591e-002 -1.169875e-001 5.975669e-001 
1.263260e+001 1.399546e+001 -4.261434e+000 4.139264e+000 3.448945e+000 1.347970e+000 -3.326205e+000 -1.984272e+000 -5.057435e-001 -3.515472e+000 7.697521e-001 -7.169558e-001 -2.657383e+000 5.034198e-001 1.276517e+000 1.060763e+000 -1.019922e+000 -8.948525e-001 5.370486e-001 5.958927e-001 8.773486e-001 -7.692065e-002 -6.939708e-002 3.956513e-001 
1.107401e+001 1.432329e+001 -4.796029e+000 5.743705e+000 3.419857e+000 2.343292e+000 -4.171245e+000 -2.334532e+000 -3.732206e-001 -4.379513e+000 1.304837e+000 -1.541192e-001 -2.703493e+000 1.821128e-001 1.822017e+000 1.148651e+000 -1.248283e+000 -6.423958e-001 5.123503e-002 4.369095e-001 1.260896e+000 -2.840154e-001 -4.080851e-001 9.953890e-001 
1.395704e+001 1.250398e+001 -3.336942e+000 3.697805e+000 3.470811e+000 9.009342e-001 -3.820253e+000 -1.205822e+000 -6.574359e-002 -3.873454e+000 7.865781e-001 -9.049926e-001 -3.535193e+000 -1.527487e-001 1.062903e+000 6.138384e-001 -9.211197e-001 -2.496318e-001 1.463486e-001 -5.240637e-002 8.036211e-001 -7.689070e-001 -6.976205e-001 8.141623e-001 
1.118099e+001 1.441665e+001 -2.897019e+000 3.350317e+000 3.977885e+000 2.053438e+000 -2.955609e+000 -1.524981e+000 3.857180e-001 -2.889621e+000 4.152059e-001 -2.800653e-001 -2.791982e+000 -5.424059e-001 1.159253e+000 1.410202e+000 -6.105812e-001 -4.199529e-001 6.135405e-001 1.851645e-001 2.485074e-001 -8.323122e-001 -3.521783e-001 7.351974e-001 
8.733085e+000 1.710451e+001 -5.371829e+000 5.684647e+000 3.563404e+000 3.077715e+000 -3.451985e+000 -1.864153e+000 2.409117e-001 -4.360315e+000 5.747671e-001 -3.607398e-001 -3.134991e+000 9.679167e-002 1.310983e+000 1.673973e+000 -7.546107e-001 -8.575643e-001 4.620170e-001 1.678272e-001 9.523565e-001 -7.469724e-001 4.151065e-001 3.830414e-001 
9.525727e+000 1.687014e+001 -5.288774e+000 5.370362e+000 3.426518e+000 2.109066e+000 -2.945246e+000 -2.586004e+000 1.269108e-001 -4.018616e+000 8.139111e-002 -2.497681e-001 -2.475720e+000 -2.658285e-001 1.348773e+000 1.523351e+000 -1.031742e+000 -1.204752e+000 6.549602e-001 9.109594e-001 6.850704e-001 -2.617568e-001 -3.947452e-002 6.735874e-001 
1.200930e+001 1.464334e+001 -3.666020e+000 3.430249e+000 4.448384e+000 1.200072e+000 -4.007172e+000 -2.297261e+000 -7.657720e-002 -3.443490e+000 2.495894e-002 -1.553961e-001 -3.022325e+000 -4.457846e-001 1.432922e+000 1.388569e+000 -6.114135e-001 -9.023444e-001 7.336902e-001 8.172618e-001 6.086370e-001 -3.061628e-001 -3.535653e-001 5.730932e-001 
8.764255e+000 1.960000e+001 -8.076070e+000 6.812869e+000 2.628570e+000 2.110866e+000 -3.677761e+000 -3.651368e+000 1.996432e+000 -5.519989e+000 1.495570e+000 -1.077554e+000 -2.960149e+000 5.209355e-001 1.825519e-001 2.073009e+000 -1.546611e+000 -3.955315e-001 7.848094e-001 5.554681e-001 1.452801e+000 -1.206668e+000 2.499680e-001 -1.513949e-001 
1.426440e+001 1.348008e+001 -3.468620e+000 3.339004e+000 4.625157e+000 1.236640e+000 -3.522953e+000 -1.203683e+000 -3.441486e-001 -3.845660e+000 6.507770e-002 -3.551610e-001 -2.124497e+000 3.612084e-001 1.237993e+000 1.364039e+000 -7.905406e-001 -1.212362e+000 7.220739e-001 1.030958e+000 7.203429e-001 -2.686641e-001 -2.158394e-001 3.870192e-001 
1.168720e+001 1.756395e+001 -7.133001e+000 7.549517e+000 2.292785e+000 2.500164e+000 -4.663847e+000 -1.797391e+000 8.443289e-001 -4.823378e+000 1.190489e+000 -1.530797e+000 -1.836612e+000 4.746401e-001 1.575639e+000 1.404931e+000 -1.102282e+000 -1.086859e+000 8.784604e-002 1.192997e+000 7.881267e-001 2.288234e-002 -2.138915e-001 4.003839e-001 
1.462626e+001 1.359176e+001 -3.477478e+000 4.735844e+000 3.890113e+000 1.056394e+000 -4.373624e+000 -1.580025e+000 3.493795e-001 -3.731071e+000 3.509115e-001 -9.328626e-001 -2.672956e+000 2.196102e-001 1.234734e+000 1.685116e+000 -9.955574e-001 -1.182507e+000 5.924109e-001 7.469978e-001 9.085352e-001 -2.216598e-001 -1.658274e-001 2.912250e-001 
1.215268e+001 1.603073e+001 -6.045411e+000 6.382437e+000 2.065771e+000 2.076013e+000 -4.450584e+000 -1.758678e+000 5.575133e-001 -4.787028e+000 1.224828e+000 -1.075282e+000 -2.501343e+000 2.255381e-001 1.180882e+000 1.411183e+000 -9.266266e-001 -7.038736e-001 3.531897e-001 7.893859e-001 7.277413e-001 -3.052964e-001 6.988310e-002 3.953363e-001 
1.350876e+001 1.421137e+001 -4.734743e+000 5.049044e+000 3.164176e+000 1.688681e+000 -4.165385e+000 -1.619405e+000 3.233298e-001 -4.393357e+000 7.150235e-001 -8.930571e-001 -2.699711e+000 3.850453e-001 1.156987e+000 1.538570e+000 -1.216295e+000 -8.694516e-001 6.259330e-001 5.946143e-001 1.090925e+000 -4.210584e-001 -3.118216e-001 4.092813e-001 
1.273500e+001 1.489108e+001 -5.665366e+000 6.029115e+000 2.859396e+000 2.150635e+000 -4.184532e+000 -2.105868e+000 2.658786e-001 -4.913595e+000 1.585759e+000 -6.613171e-001 -2.894581e+000 5.814095e-001 9.375734e-001 1.514868e+000 -1.294794e+000 -3.776847e-001 6.203219e-001 5.449142e-001 1.448905e+000 -7.413954e-001 -9.937879e-002 2.280596e-001 
1.257865e+001 1.393488e+001 -4.198068e+000 6.190511e+000 3.998055e+000 1.989583e+000 -4.571537e+000 -2.549474e+000 3.177814e-001 -3.944719e+000 1.515417e+000 -1.485793e-001 -2.840269e+000 3.161552e-001 1.229029e+000 1.243073e+000 -1.269508e+000 -5.863677e-001 5.739932e-001 8.072538e-001 1.425542e+000 -6.650310e-001 -4.856171e-001 1.454203e-001 
1.226105e+001 1.541377e+001 -4.128958e+000 4.560480e+000 3.477268e+000 2.171877e+000 -4.258226e+000 -2.032836e+000 8.967453e-001 -4.387215e+000 8.140285e-001 2.738545e-002 -3.020546e+000 4.328603e-001 1.497234e+000 7.429949e-001 -1.325857e+000 -3.018767e-001 6.183192e-001 4.796583e-001 1.265774e+000 -5.397566e-001 -4.660846e-001 6.474974e-001 
1.251482e+001 1.294248e+001 -3.520824e+000 5.131388e+000 3.347387e+000 1.330328e+000 -4.527422e+000 -2.480652e+000 1.489951e-001 -4.157118e+000 4.368879e-001 -4.018864e-001 -2.675202e+000 6.792753e-001 1.385542e+000 7.408217e-001 -1.356277e+000 -6.463811e-001 7.497265e-001 6.358663e-001 1.151159e+000 -2.525077e-001 -3.547347e-001 5.942601e-001 
1.170903e+001 1.380495e+001 -4.104111e+000 5.572839e+000 3.604993e+000 1.357966e+000 -4.482660e+000 -2.586996e+000 2.385927e-001 -3.852472e+000 8.812978e-001 -4.931997e-001 -2.938360e+000 3.154982e-001 1.165672e+000 9.578785e-001 -1.036342e+000 -3.396019e-001 6.811578e-001 4.185332e-001 8.969551e-001 -3.401954e-001 -3.953872e-002 5.336255e-001 
1.190831e+001 1.462738e+001 -4.247691e+000 5.562511e+000 3.829961e+000 1.445357e+000 -3.726339e+000 -2.209496e+000 -1.548515e-001 -3.685639e+000 1.014976e+000 -3.528863e-001 -2.515378e+000 4.984578e-001 9.142384e-001 9.222537e-001 -9.326995e-001 -5.603055e-001 6.343971e-001 3.805111e-001 8.428439e-001 -1.862605e-001 4.606908e-003 5.492397e-001 
1.154758e+001 1.511531e+001 -5.362089e+000 5.393712e+000 3.295871e+000 2.197459e+000 -3.341125e+000 -1.693548e+000 -3.716157e-001 -4.401038e+000 1.356590e+000 -2.435177e-001 -2.600690e+000 1.850417e-001 1.273301e+000 8.550793e-001 -1.098576e+000 -2.680863e-001 4.006587e-001 4.756493e-001 1.076908e+000 -3.933820e-001 -1.629709e-001 1.002472e+000 
