8.449645e+000 1.438490e+001 -5.217475e+000 4.159219e+000 -8.908808e-001 3.041503e+000 -2.637826e+000 6.654971e-001 7.339566e-001 -2.429597e+000 -1.008849e+000 9.528324e-001 9.124155e-001 -9.247559e-001 1.100158e+000 3.383518e-002 -2.666308e+000 -1.880033e+000 -8.924407e-002 4.702764e-001 -2.073632e-001 6.309750e-003 2.480490e-001 4.732094e-001 
8.374018e+000 1.438774e+001 -5.353634e+000 3.811998e+000 -1.090735e+000 2.343809e+000 -3.070451e+000 1.912331e+000 8.819800e-001 -3.270119e+000 -8.925284e-001 1.158630e+000 6.487558e-001 -7.066061e-001 5.075210e-003 -4.093549e-001 -1.867623e+000 -1.674132e+000 5.918208e-001 -1.223039e-001 -3.576448e-002 -3.324924e-001 3.780619e-001 2.137143e-001 
8.453362e+000 1.255507e+001 -5.318529e+000 5.227802e+000 -4.755184e-002 2.577051e+000 -2.786761e+000 1.370096e+000 1.122434e+000 -3.072035e+000 -2.401433e-001 -1.457060e-001 6.035325e-001 -1.479958e+000 7.725340e-001 1.685677e-001 -2.044321e+000 -1.769089e+000 -3.326546e-001 3.649285e-001 -6.803739e-001 7.549249e-002 -2.018869e-001 3.809732e-001 
1.063103e+001 1.315667e+001 -4.691531e+000 5.110604e+000 -5.007374e-001 1.718821e+000 -4.015654e+000 9.693001e-001 1.271140e+000 -2.548417e+000 -1.038385e+000 4.157913e-001 9.017844e-002 -1.513885e+000 1.454405e+000 4.340698e-001 -2.499037e+000 -2.352952e+000 9.304373e-004 2.243263e-001 -6.187386e-001 -2.244772e-001 -1.170620e-001 3.411126e-001 
1.023671e+001 1.338667e+001 -4.498445e+000 5.666703e+000 1.442280e+000 1.938788e+000 -3.978880e+000 3.634580e-002 -2.326340e-001 -2.869800e+000 -1.292869e+000 4.152602e-001 -2.783272e-001 -1.405342e+000 1.257017e+000 6.317270e-001 -1.590445e+000 -1.852839e+000 7.659725e-001 3.370181e-001 -1.080991e+000 -8.397039e-001 -2.763667e-001 -1.330856e-002 
1.205559e+001 1.334439e+001 -4.560789e+000 3.395994e+000 1.984859e+000 1.467681e+000 -2.028374e+000 4.580754e-001 7.803784e-002 -3.364037e+000 -1.937904e+000 1.162301e+000 7.226954e-001 -1.642361e+000 8.378416e-001 2.141764e-001 -2.241908e+000 -1.563791e+000 3.631242e-001 1.908645e-001 -1.170052e+000 -8.706580e-001 -2.014272e-001 1.852881e-001 
1.231583e+001 1.599049e+001 -6.419852e+000 6.026809e+000 1.482191e+000 2.950122e+000 -3.668096e+000 5.405948e-001 -1.362857e+000 -3.186772e+000 -2.208977e+000 1.171485e+000 1.157915e+000 -2.594486e+000 1.217034e+000 2.883246e-001 -1.032454e+000 -1.460280e+000 1.037658e+000 -8.503819e-001 -1.167546e+000 -1.199634e+000 -1.416185e-001 -2.526560e-001 
1.595446e+001 1.385117e+001 -5.510261e+000 4.646122e+000 3.659201e+000 1.621081e+000 -2.966265e+000 -1.121750e+000 -1.340260e+000 -2.746740e+000 -2.055006e+000 1.541734e+000 1.252455e+000 -2.633879e+000 9.372503e-001 1.127752e+000 -1.517121e+000 -8.652906e-001 5.693947e-001 -1.033191e+000 -1.706449e+000 -2.387759e-001 -2.079051e-001 -2.109664e-001 
1.719153e+001 1.555934e+001 -8.737219e+000 5.640211e+000 1.237384e+000 2.625518e+000 -3.960380e+000 -7.408695e-001 -2.275680e+000 -2.351360e+000 -1.830282e+000 1.464228e+000 1.175563e+000 -2.367455e+000 8.593790e-001 2.212446e-001 -6.954409e-001 -1.015531e+000 9.238544e-001 -1.443759e+000 -5.864378e-001 -5.127864e-001 -3.262163e-001 -2.320175e-001 
1.907175e+001 1.295890e+001 -6.619528e+000 4.522219e+000 3.075140e+000 1.296407e+000 -3.536819e+000 -2.150691e+000 -1.256185e+000 -1.363214e+000 -6.836316e-001 1.159677e+000 5.606865e-001 -2.132986e+000 1.048554e-001 7.583467e-001 -1.084075e+000 -7.313109e-001 9.212794e-001 -1.156895e+000 -9.288185e-001 1.410015e-001 -8.001076e-001 -4.058340e-001 
1.935820e+001 1.355181e+001 -7.043823e+000 4.439198e+000 2.406233e+000 1.889602e+000 -3.545125e+000 -2.285865e+000 -1.934322e+000 -1.699019e+000 -1.020955e+000 9.163780e-001 7.607202e-001 -2.330176e+000 2.109343e-001 1.229680e+000 -8.750137e-001 -9.810541e-001 9.344436e-001 -8.718541e-001 -6.432893e-001 1.376636e-001 -9.233530e-001 -7.076793e-001 
1.967411e+001 1.353979e+001 -7.027323e+000 3.646574e+000 2.155585e+000 1.873029e+000 -3.800502e+000 -2.230521e+000 -1.606734e+000 -1.938418e+000 -5.735212e-001 8.060133e-001 3.999857e-001 -2.123987e+000 7.045410e-002 1.169848e+000 -7.804802e-001 -1.110710e+000 9.797403e-001 -7.937197e-001 -7.642712e-001 2.741893e-001 -1.281522e+000 -6.556181e-001 
2.064098e+001 1.267901e+001 -6.508613e+000 3.346896e+000 2.894579e+000 1.543821e+000 -3.349800e+000 -2.328727e+000 -1.807427e+000 -1.854889e+000 -3.002017e-001 5.590310e-001 2.892410e-001 -1.958326e+000 1.428127e-001 1.483357e+000 -7.388658e-001 -1.114389e+000 3.241526e-001 -8.395581e-001 -8.243357e-001 1.512252e-001 -7.329424e-001 -2.986834e-001 
1.877694e+001 1.434127e+001 -8.265054e+000 5.220797e+000 1.095472e+000 3.417453e+000 -4.552009e+000 -1.201152e+000 -2.116756e+000 -1.384872e+000 -8.675076e-001 8.266803e-001 6.725274e-002 -2.109310e+000 7.157905e-001 8.708609e-001 -3.180924e-001 -1.938566e+000 6.200905e-001 -9.980263e-001 -4.744256e-001 -3.821445e-001 -7.062881e-001 -5.078462e-001 
2.017287e+001 1.236212e+001 -6.561912e+000 3.602189e+000 2.327640e+000 2.532793e+000 -3.498599e+000 -2.025892e+000 -1.291993e+000 -1.842389e+000 -7.944699e-001 -1.412428e-001 -3.863906e-001 -1.840997e+000 7.890433e-001 1.818256e+000 -7.492441e-001 -1.617368e+000 4.625410e-001 -7.296013e-001 -1.053727e+000 -3.301166e-001 -1.177687e+000 -6.785722e-001 
1.818847e+001 1.356935e+001 -7.189870e+000 4.395769e+000 1.261113e+000 2.719283e+000 -4.965420e+000 -1.546326e+000 -2.270982e+000 -1.135133e+000 -1.180992e+000 4.196193e-001 3.821459e-001 -2.036708e+000 8.023868e-001 1.114776e+000 -1.336399e+000 -1.748869e+000 8.772328e-001 -6.856331e-001 -9.871701e-001 -2.835029e-001 -1.126022e+000 -3.274689e-001 
1.906140e+001 1.450005e+001 -6.453804e+000 2.608190e+000 7.492778e-001 1.959631e+000 -5.163827e+000 1.730715e-001 -1.211154e+000 -1.853908e+000 -8.924311e-001 6.159700e-001 -3.197735e-002 -2.313670e+000 8.655735e-001 1.163893e+000 -9.528386e-001 -1.708073e+000 9.323051e-001 -7.725277e-001 -1.627539e+000 -2.101988e-001 -5.744175e-001 1.553340e-001 
1.203355e+001 1.433402e+001 -3.764665e+000 3.081438e+000 -3.181104e-001 1.169027e+000 -2.910126e+000 5.282154e-002 1.039445e+000 -1.835669e+000 -9.698542e-001 3.923460e-001 -5.908896e-002 -1.566191e+000 6.670854e-001 5.644222e-001 -1.122864e+000 -7.850373e-001 2.133868e-001 -1.222187e-001 -4.792086e-001 -1.637162e-001 -4.163951e-001 2.247500e-001 
9.290619e+000 1.442318e+001 -5.110104e+000 4.006009e+000 -7.430769e-001 2.846959e+000 -2.369749e+000 1.448353e+000 5.689152e-001 -3.019442e+000 -1.374279e+000 8.028825e-001 3.345596e-001 -1.151926e+000 2.655005e-001 -3.559520e-001 -1.785146e+000 -1.004568e+000 8.230581e-001 5.197868e-001 -1.718785e-001 -1.048960e+000 -3.280167e-001 -2.195943e-002 
8.382444e+000 1.331213e+001 -6.406083e+000 4.380898e+000 -1.724991e+000 2.650099e+000 -2.644773e+000 1.830804e+000 1.053744e+000 -3.042769e+000 -6.372137e-001 4.556123e-001 6.342524e-001 -1.092704e+000 6.028770e-001 -2.203699e-001 -2.212478e+000 -1.867139e+000 5.058617e-001 1.464181e-001 2.027979e-002 -1.915999e-001 -1.429488e-001 1.298213e-001 
9.656175e+000 1.333764e+001 -5.893957e+000 5.222187e+000 -8.118158e-001 2.618043e+000 -4.252343e+000 5.597850e-001 3.202923e-001 -3.521459e+000 -1.126172e+000 -3.719620e-002 6.341322e-001 -1.096567e+000 1.223959e+000 1.988338e-001 -1.811692e+000 -1.595068e+000 2.564597e-001 6.623572e-001 -5.925097e-001 -1.108424e-001 -2.818481e-001 2.248413e-001 
1.181824e+001 1.385278e+001 -4.505102e+000 3.784097e+000 -4.459270e-002 1.709332e+000 -3.706750e+000 5.629507e-001 2.241670e-001 -3.642792e+000 -1.754647e+000 1.963832e-001 4.149299e-001 -7.448252e-001 1.465742e+000 4.515467e-001 -1.909825e+000 -1.686383e+000 6.441985e-001 2.429276e-001 -1.331685e+000 -4.890154e-001 1.635925e-001 3.211312e-001 
1.078884e+001 1.509776e+001 -5.453127e+000 5.206891e+000 -8.379417e-002 1.293227e+000 -4.045314e+000 7.875105e-001 3.674145e-002 -2.432208e+000 -2.164371e+000 1.862166e-001 -6.647311e-002 -8.188344e-001 1.707367e+000 2.009476e-001 -1.864109e+000 -1.926486e+000 6.271044e-001 1.838225e-001 -7.516901e-001 -1.099929e+000 -4.082555e-001 -1.238911e-001 
1.267379e+001 1.399533e+001 -4.545031e+000 3.724561e+000 1.701140e+000 1.229827e+000 -2.568495e+000 6.866943e-002 -4.101129e-001 -3.834912e+000 -2.102739e+000 1.121426e+000 7.248177e-001 -2.004079e+000 1.149184e+000 1.130734e+000 -1.911501e+000 -1.273552e+000 5.274051e-001 -7.603358e-002 -1.377898e+000 -1.175677e+000 -2.933796e-001 2.645346e-001 
1.426817e+001 1.496149e+001 -7.269771e+000 4.816295e+000 1.768139e+000 1.982378e+000 -2.705574e+000 -3.481342e-001 -1.037270e+000 -3.044580e+000 -2.162827e+000 1.350484e+000 1.037677e+000 -2.373916e+000 1.130724e+000 9.732058e-001 -1.601163e+000 -1.173534e+000 5.378371e-001 -1.169304e+000 -1.430543e+000 -5.753714e-001 2.132053e-001 1.058917e-001 
1.677264e+001 1.497263e+001 -7.323801e+000 4.929333e+000 1.891775e+000 1.848922e+000 -3.323559e+000 -1.231758e+000 -1.660528e+000 -1.915700e+000 -2.098218e+000 1.681976e+000 1.230042e+000 -3.081310e+000 8.146281e-001 9.100695e-001 -1.028416e+000 -6.442160e-001 8.091244e-001 -1.286861e+000 -1.458625e+000 -2.973463e-001 9.194260e-004 -4.223283e-001 
1.830506e+001 1.530269e+001 -8.513281e+000 5.166891e+000 1.085544e+000 2.151116e+000 -4.326942e+000 -8.366400e-001 -2.180595e+000 -1.535377e+000 -1.734938e+000 1.171754e+000 7.979275e-001 -2.142139e+000 9.342930e-001 1.077326e-001 -7.747167e-001 -1.016779e+000 7.995688e-001 -1.425803e+000 -4.598893e-001 -2.247089e-001 -1.894264e-001 -1.925026e-001 
1.851903e+001 1.474269e+001 -7.912107e+000 5.674612e+000 1.723312e+000 2.133676e+000 -3.905513e+000 -2.067272e+000 -2.052727e+000 -1.600338e+000 -9.320209e-001 6.507650e-001 7.416798e-001 -1.986596e+000 5.017003e-001 1.161667e+000 -9.207994e-001 -1.180728e+000 8.985252e-001 -1.199937e+000 -4.335588e-001 9.093785e-002 -5.968342e-001 -5.382406e-001 
1.770479e+001 1.592945e+001 -9.049108e+000 5.987663e+000 1.072188e+000 3.649762e+000 -4.396504e+000 -1.452280e+000 -2.456105e+000 -1.953128e+000 -1.400654e+000 8.970241e-001 1.010732e+000 -2.090935e+000 1.048684e+000 8.743778e-001 -5.319905e-001 -2.045410e+000 9.561690e-001 -1.632084e+000 -1.191807e-001 2.707403e-001 -3.672011e-001 -5.198895e-001 
1.920164e+001 1.443083e+001 -7.667329e+000 4.905947e+000 2.103131e+000 2.627696e+000 -3.891697e+000 -1.622035e+000 -2.433015e+000 -1.926085e+000 -8.810652e-001 9.710119e-001 6.015698e-001 -1.860438e+000 3.997110e-001 1.034695e+000 -6.970085e-001 -1.636085e+000 5.752944e-001 -9.281954e-001 -5.701771e-001 3.381900e-001 -8.011580e-001 -5.039964e-001 
1.935480e+001 1.461516e+001 -7.978857e+000 4.882308e+000 1.586476e+000 3.300964e+000 -3.860698e+000 -1.111344e+000 -2.486195e+000 -1.561316e+000 -1.209538e+000 6.729462e-001 4.870768e-001 -1.708424e+000 7.854789e-001 7.531746e-001 -5.585954e-001 -1.776140e+000 5.581322e-001 -6.995202e-001 -3.741866e-001 -2.833451e-001 -9.242675e-001 -6.130477e-001 
1.848599e+001 1.439208e+001 -8.174151e+000 5.616703e+000 9.058569e-001 4.226075e+000 -4.882598e+000 -1.076827e+000 -2.390457e+000 -1.285826e+000 -1.272745e+000 3.759235e-001 -3.446986e-001 -2.115730e+000 1.243256e+000 1.235906e+000 -6.270322e-002 -2.487716e+000 7.385024e-001 -1.360017e+000 -5.550117e-001 -4.280947e-001 -6.685936e-001 -6.295018e-001 
1.935427e+001 1.377748e+001 -7.000159e+000 4.237750e+000 1.306322e+000 2.580738e+000 -4.699099e+000 -1.241414e+000 -1.477438e+000 -1.061983e+000 -9.201203e-001 -1.267976e-001 -3.041341e-001 -1.877249e+000 1.070658e+000 1.447891e+000 -1.082289e+000 -1.822564e+000 3.159780e-001 -8.731448e-001 -8.478246e-001 -1.992358e-001 -8.836028e-001 -4.039227e-001 
