5.614489e+000 7.941204e+000 -6.632608e-001 2.570402e+000 1.336483e+000 2.855161e-001 -3.403164e+000 4.894950e-001 1.229733e+000 -3.330227e-001 -4.526648e-001 7.195138e-001 
9.318105e+000 9.551913e+000 -9.308571e-001 2.163060e+000 2.175153e+000 -2.665099e-001 -3.916298e+000 -1.712760e-001 7.827599e-001 -4.755140e-001 -6.367547e-001 1.222412e+000 
1.174954e+001 9.706796e+000 -1.432125e+000 1.840242e+000 8.122514e-001 -2.326057e-001 -4.360578e+000 -7.574573e-001 -1.807136e-001 -4.536818e-001 -9.242794e-001 1.405597e+000 
1.402212e+001 9.668916e+000 -1.456872e+000 8.152565e-001 1.388300e+000 -7.675155e-001 -4.284308e+000 -8.735634e-001 2.715770e-001 -8.195482e-001 -1.183920e+000 1.177055e+000 
1.396966e+001 1.113296e+001 -3.063892e+000 7.250483e-001 1.007082e+000 -1.774046e+000 -4.160818e+000 -2.044463e-001 1.380568e-002 -1.020397e+000 -1.193308e+000 2.942765e-001 
1.478768e+001 1.104560e+001 -2.060697e+000 3.459414e-001 6.773878e-001 -1.977784e+000 -3.813906e+000 5.122509e-001 1.343999e-001 -1.075231e+000 -1.149711e+000 -8.349527e-002 
1.391066e+001 1.083445e+001 -2.521712e+000 -1.096333e-001 -2.141171e-001 -2.715805e+000 -3.579603e+000 6.041839e-001 -5.843117e-002 -1.130802e+000 -1.283243e+000 -3.768543e-001 
1.385264e+001 1.089001e+001 -2.698765e+000 2.572928e-001 -5.322792e-001 -2.327760e+000 -2.745767e+000 9.084462e-001 3.318331e-001 -8.169741e-001 -1.282215e+000 -3.863026e-001 
1.451754e+001 1.092620e+001 -3.139147e+000 3.841436e-001 -5.935818e-001 -2.776828e+000 -2.627047e+000 1.461853e+000 1.716934e-001 -3.615814e-001 -1.529257e+000 -5.696479e-001 
1.535210e+001 1.055749e+001 -3.554349e+000 6.689269e-001 -5.103336e-001 -3.389745e+000 -2.334752e+000 1.184899e+000 9.324881e-001 -3.429927e-001 -1.704683e+000 -7.842337e-001 
1.580507e+001 1.064056e+001 -3.851891e+000 8.760994e-001 -9.271299e-001 -3.339320e+000 -2.058027e+000 1.201383e+000 1.011193e+000 -2.000383e-001 -1.770250e+000 -6.640489e-001 
1.667731e+001 9.841210e+000 -3.406574e+000 1.436163e-001 -7.661408e-001 -3.383488e+000 -2.156079e+000 1.192444e+000 9.711923e-001 -3.404630e-001 -1.749173e+000 -5.694133e-001 
1.634521e+001 1.040776e+001 -3.870226e+000 3.955126e-001 -6.350600e-001 -3.109177e+000 -2.219723e+000 1.261138e+000 1.030876e+000 -1.753753e-001 -1.780704e+000 -4.217178e-001 
1.667828e+001 9.606027e+000 -3.951197e+000 3.232261e-001 -9.282612e-001 -2.792562e+000 -2.399737e+000 8.769179e-001 1.151643e+000 -4.446445e-001 -1.772500e+000 -2.768848e-001 
1.685723e+001 9.402410e+000 -3.662965e+000 4.463897e-001 -4.869437e-001 -2.455981e+000 -2.503855e+000 1.011197e+000 1.201612e+000 -2.855690e-001 -1.852994e+000 -1.251456e-001 
1.692003e+001 9.290841e+000 -3.451069e+000 4.297296e-001 -2.542033e-001 -2.901271e+000 -2.245940e+000 7.015352e-001 1.276462e+000 -4.455911e-001 -1.725651e+000 -3.427910e-001 
1.666341e+001 9.815560e+000 -3.079838e+000 7.828187e-001 -3.554079e-001 -2.694413e+000 -2.470303e+000 8.225384e-001 1.526713e+000 -5.767263e-001 -1.617590e+000 -5.181225e-001 
1.551255e+001 1.005573e+001 -2.933876e+000 7.657728e-001 -8.960021e-001 -2.962996e+000 -2.336594e+000 3.241151e-001 1.535569e+000 -7.664307e-001 -1.752074e+000 -4.853773e-001 
1.469236e+001 1.000476e+001 -2.223855e+000 1.630817e+000 -4.608004e-001 -2.371929e+000 -2.174109e+000 5.341485e-001 8.986246e-001 -5.168455e-001 -1.530869e+000 -4.888062e-001 
1.350209e+001 9.516993e+000 -2.361455e+000 2.148337e+000 4.329913e-001 -2.265281e+000 -2.168458e+000 -5.407559e-002 1.839454e-001 -6.154301e-001 -9.544688e-001 -3.139938e-001 
1.288431e+001 9.824130e+000 -2.376343e+000 2.184251e+000 1.858048e-001 -1.841813e+000 -2.093564e+000 2.986114e-001 -3.729534e-001 -5.596435e-001 -5.999800e-001 -2.655159e-001 
1.247845e+001 1.021889e+001 -2.432847e+000 1.822208e+000 -4.114115e-002 -1.927866e+000 -1.637949e+000 3.822448e-001 -1.942152e-001 -4.399821e-001 -5.081110e-001 -4.337663e-001 
1.165994e+001 1.018873e+001 -2.664253e+000 2.158142e+000 -2.377767e-001 -1.284076e+000 -1.567580e+000 -1.260370e-001 -4.398424e-002 -3.712261e-001 -1.981860e-001 -3.101023e-001 
1.023614e+001 9.822305e+000 -1.888146e+000 2.053873e+000 -3.642994e-001 -1.254710e+000 -1.640103e+000 9.509040e-004 -6.728745e-001 -3.021915e-001 9.591137e-002 -2.524218e-001 
1.008699e+001 1.048536e+001 -1.782369e+000 1.886445e+000 1.649886e-001 -1.184923e+000 -2.321719e+000 5.522031e-001 -6.089070e-003 -8.256809e-001 -4.621215e-001 -1.543428e-001 
8.480397e+000 1.126584e+001 -1.798587e+000 1.221802e+000 -3.143839e-001 -7.994583e-002 -3.610479e+000 7.622438e-001 9.788167e-002 -6.979591e-001 -1.270466e+000 4.709178e-001 
7.626924e+000 1.126380e+001 -1.972391e+000 1.098972e+000 9.959341e-003 6.588521e-001 -3.906377e+000 1.412183e+000 6.464898e-001 -2.916599e-001 -1.336412e+000 1.132698e+000 
6.603249e+000 1.173188e+001 -1.510483e+000 1.176105e+000 -1.374416e+000 7.919655e-001 -3.718902e+000 1.953377e+000 1.949609e-001 -2.693242e-001 -1.623740e+000 8.934919e-001 
7.108884e+000 1.129371e+001 -1.363139e+000 2.192434e-001 1.044237e-001 -4.428944e-002 -2.675417e+000 9.917814e-001 9.930948e-001 -6.685654e-001 -1.443524e+000 8.090413e-001 
3.404823e+000 9.032463e+000 3.619621e-001 8.772001e-001 1.281062e+000 -8.965367e-002 -1.579774e+000 7.727811e-001 1.460968e+000 -5.530619e-001 -3.855056e-001 4.771122e-001 
7.649539e+000 7.518916e+000 -9.837448e-001 2.616308e+000 1.625733e+000 -2.101491e-002 -3.588720e+000 6.260424e-001 1.357986e+000 -3.506073e-001 -5.025166e-001 7.492035e-001 
1.010573e+001 9.487299e+000 -1.225052e+000 2.085588e+000 1.515191e+000 -2.618739e-001 -3.756403e+000 -1.998002e-001 2.927915e-001 -6.719277e-002 -8.690117e-001 1.350924e+000 
1.252112e+001 9.502755e+000 -1.464973e+000 1.076521e+000 9.790272e-001 -3.777704e-002 -4.606338e+000 -7.121059e-001 -1.678041e-001 -6.080483e-001 -9.829902e-001 1.408850e+000 
1.370624e+001 1.080527e+001 -2.563416e+000 7.381791e-001 1.503123e+000 -1.217896e+000 -4.222979e+000 -4.322753e-001 1.636273e-001 -9.041778e-001 -1.206588e+000 7.307857e-001 
1.455530e+001 1.093323e+001 -2.291348e+000 6.132380e-001 8.457997e-001 -1.516540e+000 -3.952526e+000 3.320919e-001 1.297184e-001 -9.518334e-001 -1.208414e+000 2.029227e-001 
1.392238e+001 1.145550e+001 -2.331433e+000 3.098417e-001 7.801726e-002 -1.937616e+000 -3.510263e+000 6.899788e-001 -5.107231e-002 -9.685174e-001 -1.141638e+000 -8.129982e-002 
1.379726e+001 1.080901e+001 -2.238463e+000 2.016829e-001 -2.106028e-001 -2.416533e+000 -2.983713e+000 6.864016e-001 1.855105e-001 -1.049599e+000 -1.043288e+000 -4.758504e-001 
1.389144e+001 1.070827e+001 -2.965117e+000 -1.892861e-001 -5.595114e-001 -2.580071e+000 -2.903668e+000 1.018449e+000 2.577896e-001 -7.979337e-001 -1.385779e+000 -4.525647e-001 
1.484135e+001 1.062173e+001 -3.224538e+000 6.713949e-001 -9.714131e-001 -2.996923e+000 -2.461103e+000 1.250318e+000 4.776846e-001 -4.251734e-001 -1.588796e+000 -7.021837e-001 
1.555228e+001 1.053749e+001 -3.718172e+000 6.322158e-001 -6.695743e-001 -3.566358e+000 -2.230788e+000 1.007741e+000 1.005083e+000 -3.731530e-001 -1.802971e+000 -7.577927e-001 
1.584691e+001 1.094322e+001 -3.992219e+000 1.011463e+000 -1.130275e+000 -3.152627e+000 -2.255399e+000 1.285417e+000 1.033971e+000 -8.761373e-002 -2.056580e+000 -4.913120e-001 
1.658138e+001 9.949148e+000 -3.517470e+000 -7.055812e-002 -8.095517e-001 -3.238289e+000 -2.507631e+000 1.228018e+000 9.393245e-001 -3.380108e-001 -1.888070e+000 -4.588374e-001 
1.687230e+001 9.781799e+000 -3.671934e+000 2.846221e-001 -7.213291e-001 -2.828633e+000 -2.225347e+000 1.087535e+000 1.259826e+000 -3.677441e-001 -1.601739e+000 -3.750838e-001 
1.679904e+001 9.270820e+000 -3.927094e+000 3.107414e-001 -8.400959e-001 -2.756303e+000 -2.715282e+000 1.006143e+000 1.149147e+000 -3.824631e-001 -1.812190e+000 -3.548322e-001 
1.678267e+001 9.031511e+000 -3.863055e+000 2.132269e-001 -4.950949e-001 -2.788543e+000 -2.610772e+000 9.511588e-001 1.206414e+000 -4.521802e-001 -1.646526e+000 -3.943182e-001 
1.671214e+001 9.288881e+000 -2.935014e+000 4.647024e-001 -2.140411e-001 -2.852975e+000 -2.242657e+000 7.482661e-001 1.284768e+000 -3.458236e-001 -1.879494e+000 -2.931974e-001 
1.607628e+001 9.741436e+000 -2.818430e+000 6.759230e-001 -3.717680e-001 -3.006925e+000 -2.194325e+000 5.437547e-001 1.311444e+000 -5.215966e-001 -1.792932e+000 -4.337249e-001 
1.525076e+001 1.005011e+001 -2.576412e+000 1.062671e+000 -5.955031e-001 -2.945521e+000 -1.990664e+000 3.355380e-001 1.049303e+000 -6.433293e-001 -1.594390e+000 -5.374360e-001 
1.451848e+001 9.709516e+000 -2.172256e+000 1.581408e+000 -1.300293e-001 -2.293589e+000 -2.290190e+000 4.062584e-001 4.113495e-001 -6.025013e-001 -1.312293e+000 -4.714093e-001 
1.303286e+001 9.714159e+000 -2.780343e+000 2.374081e+000 3.502425e-001 -1.883384e+000 -2.376373e+000 -1.001558e-001 -8.913907e-002 -7.193991e-001 -4.829854e-001 -2.138644e-001 
1.227186e+001 1.012787e+001 -2.912906e+000 2.157675e+000 -1.344955e-001 -1.796704e+000 -2.039703e+000 1.315703e-001 -1.247161e-001 -5.229032e-001 -6.936117e-001 -1.304385e-001 
1.217563e+001 9.964042e+000 -2.995649e+000 1.840898e+000 -5.663511e-001 -1.415989e+000 -1.507171e+000 4.823545e-001 6.551117e-002 -1.215002e-001 -6.591053e-001 -3.084247e-001 
1.109162e+001 9.498601e+000 -3.357517e+000 1.760806e+000 -1.934381e-001 -1.475198e+000 -1.377654e+000 4.072480e-001 1.455880e-001 -3.875814e-001 -3.102225e-001 -3.724258e-001 
9.799554e+000 9.689200e+000 -2.370027e+000 2.215430e+000 -3.794170e-001 -8.240800e-001 -1.982315e+000 2.843705e-001 -4.614436e-001 -7.307751e-001 2.999070e-002 -3.437507e-001 
8.963317e+000 1.061477e+001 -1.824208e+000 1.428502e+000 -1.578232e-001 -9.539667e-001 -2.924753e+000 5.510425e-001 -3.019189e-001 -5.624662e-001 -6.958066e-001 3.226774e-001 
8.210795e+000 1.041090e+001 -1.514614e+000 1.335844e+000 7.480725e-001 3.689251e-001 -4.127406e+000 4.768101e-001 4.960083e-001 -5.187985e-001 -8.382467e-001 1.241587e+000 
7.005805e+000 1.073378e+001 -1.246253e+000 6.095190e-001 9.673420e-002 6.306270e-001 -2.962137e+000 1.350156e+000 9.626995e-001 -5.773576e-001 -1.401646e+000 1.113207e+000 
7.381099e+000 1.192097e+001 -1.353729e+000 7.431626e-001 -6.482969e-001 4.710881e-001 -2.806190e+000 1.767450e+000 4.199126e-001 -1.547605e-001 -1.577935e+000 7.419542e-001 
