7.266248e+000 1.005477e+001 -2.032269e+000 3.282292e+000 -6.352472e-001 8.986855e-001 -2.382644e+000 1.944080e+000 3.081373e-001 -1.510922e-001 -7.029266e-001 5.109270e-002 
6.757544e+000 9.344354e+000 -1.919525e+000 2.989420e+000 -1.283268e+000 1.011399e+000 -2.205835e+000 2.946376e+000 2.794211e-001 4.879963e-003 -2.657029e-001 1.942617e-001 
7.016770e+000 9.172264e+000 -1.765925e+000 2.093705e+000 -1.047479e+000 5.709543e-001 -1.902406e+000 2.046688e+000 1.071568e+000 -2.794819e-001 -9.439929e-001 -1.118079e-001 
7.055131e+000 8.896602e+000 -2.420181e+000 2.310804e+000 -9.002018e-001 1.812159e-001 -2.141680e+000 2.444021e+000 8.072361e-001 -1.996259e-001 -5.826191e-001 -4.229669e-001 
7.254453e+000 8.823736e+000 -2.288949e+000 3.097678e+000 2.905615e-001 8.185381e-002 -1.684317e+000 2.102471e+000 1.750434e-001 -4.767646e-001 -1.050395e-001 -1.897845e-001 
7.084439e+000 9.287087e+000 -2.148309e+000 2.389340e+000 -3.284283e-001 -1.370853e-001 -1.821221e+000 1.772528e+000 4.201036e-001 -2.884892e-001 -1.353051e-002 -2.176683e-001 
6.992028e+000 8.497489e+000 -1.827154e+000 2.865784e+000 -7.800822e-002 -3.199422e-001 -2.450819e+000 1.584836e+000 4.831133e-001 -3.285332e-001 -2.067736e-001 3.559239e-002 
5.944367e+000 9.259951e+000 -1.533122e+000 2.602958e+000 1.506085e-001 -5.635508e-001 -2.582719e+000 1.257465e+000 4.757493e-001 -3.350360e-001 -9.052546e-002 2.205432e-001 
5.685837e+000 9.292795e+000 -1.737000e+000 1.398347e+000 -2.630936e-001 1.700391e-001 -1.747940e+000 1.034742e+000 8.486875e-001 -8.922976e-001 -2.714844e-001 -1.893997e-003 
5.563710e+000 1.003431e+001 -1.491350e+000 2.939537e+000 -1.015242e-001 2.430290e-001 -1.537031e+000 1.578648e+000 7.351035e-001 -6.372898e-001 -2.497912e-001 -3.729320e-001 
5.703026e+000 9.644319e+000 -2.196218e+000 2.342834e+000 -1.424584e-001 3.337346e-001 -1.635158e+000 1.804012e+000 3.068490e-001 -2.869335e-001 -1.358092e-001 -2.910840e-001 
6.894080e+000 8.294146e+000 -2.104169e+000 2.609406e+000 -8.786532e-001 -4.786585e-002 -2.401288e+000 1.955694e+000 5.338416e-002 -1.811777e-001 1.081197e-001 1.977373e-001 
6.187252e+000 9.625425e+000 -1.658307e+000 2.679919e+000 -7.817460e-001 4.792395e-001 -1.825192e+000 1.849273e+000 3.451058e-001 -2.801921e-001 -1.860618e-001 -6.536460e-002 
6.132568e+000 9.706310e+000 -2.445508e+000 2.522727e+000 -2.123657e-001 -1.656271e-001 -1.871910e+000 2.052157e+000 8.958505e-001 -4.689084e-001 3.961089e-001 2.812932e-001 
5.461420e+000 1.007867e+001 -2.512426e+000 3.047965e+000 2.865933e-001 -2.262870e-001 -2.047285e+000 1.960858e+000 1.295629e+000 -3.870235e-001 -2.609328e-001 -2.967970e-001 
6.345035e+000 9.839978e+000 -2.377537e+000 3.529198e+000 6.111877e-001 -5.524994e-001 -2.224804e+000 1.623086e+000 2.297367e-001 -5.309207e-001 2.558180e-001 -5.080468e-001 
8.924652e+000 1.009880e+001 -2.955159e+000 3.945652e+000 -2.078830e-001 -7.722669e-001 -2.548945e+000 2.123717e+000 1.062814e-001 -2.667289e-001 8.803917e-002 -7.178628e-001 
1.187664e+001 9.637854e+000 -2.699646e+000 3.265688e+000 2.505949e-002 -1.693877e+000 -2.715455e+000 1.600350e+000 2.584254e-001 -1.901832e-001 -1.556402e-002 -1.040025e+000 
1.248318e+001 9.581534e+000 -2.934424e+000 2.865340e+000 -1.472934e+000 -1.899164e+000 -3.391847e+000 1.782364e+000 5.477885e-001 9.016262e-002 -3.490789e-001 -1.226677e+000 
1.356393e+001 1.007545e+001 -2.816763e+000 3.190799e+000 -1.075029e+000 -1.783484e+000 -3.523380e+000 2.091727e+000 8.221617e-001 3.890270e-002 -2.217317e-001 -1.441541e+000 
1.276879e+001 1.009398e+001 -3.030367e+000 3.454939e+000 -1.443561e+000 -1.808101e+000 -3.911108e+000 2.098070e+000 1.140378e+000 2.059462e-001 -5.417825e-001 -1.542243e+000 
1.267535e+001 1.044926e+001 -3.027684e+000 2.930721e+000 -1.128359e+000 -1.239002e+000 -3.669278e+000 1.669568e+000 1.006250e+000 2.501344e-001 -5.624079e-001 -1.194476e+000 
1.199972e+001 1.063558e+001 -4.496551e+000 3.011818e+000 -2.017095e+000 -8.791837e-001 -4.628481e+000 1.866270e+000 4.802261e-001 3.379814e-001 -7.886652e-001 -1.170572e+000 
1.283198e+001 1.008230e+001 -2.645168e+000 2.997757e+000 -9.903225e-001 -1.415582e+000 -3.678647e+000 1.360812e+000 1.404956e+000 1.988572e-001 -6.553298e-001 -1.270977e+000 
1.287485e+001 1.001777e+001 -2.952430e+000 3.089530e+000 -1.133358e+000 -1.438506e+000 -3.844208e+000 1.627734e+000 8.988192e-001 2.151915e-001 -7.146208e-001 -1.146887e+000 
1.303306e+001 9.855483e+000 -2.538461e+000 3.172498e+000 -6.067190e-001 -1.601508e+000 -3.705028e+000 1.629172e+000 1.237457e+000 2.446763e-001 -6.498089e-001 -1.306218e+000 
1.202560e+001 1.031932e+001 -3.346116e+000 3.408642e+000 -1.501441e+000 -9.073852e-001 -4.225744e+000 1.495953e+000 6.907247e-001 2.523439e-001 -7.917233e-001 -1.024509e+000 
1.326085e+001 8.974333e+000 -2.131903e+000 2.563825e+000 -1.352272e-001 -1.609069e+000 -2.953366e+000 6.266739e-001 1.082089e+000 -4.998640e-001 -2.425676e-001 -8.961600e-001 
1.286503e+001 9.797511e+000 -2.222273e+000 2.637979e+000 -5.875329e-001 -1.354742e+000 -3.122139e+000 9.942877e-001 9.069861e-001 -2.351925e-001 -1.977571e-001 -1.092767e+000 
9.473553e+000 7.908662e+000 -1.122412e+000 1.836286e+000 8.460126e-002 -5.828916e-002 -1.736171e+000 1.308697e+000 7.006456e-001 -6.210987e-001 1.031391e-001 -1.721353e-001 
7.107889e+000 8.863425e+000 -2.147782e+000 3.175213e+000 -6.993098e-001 5.857991e-001 -2.160330e+000 2.115035e+000 -1.928277e-001 -4.883274e-001 -6.606170e-001 -8.012292e-002 
7.033014e+000 9.393736e+000 -2.339369e+000 3.076056e+000 -5.246286e-001 3.258820e-001 -2.331458e+000 2.303753e+000 -1.456430e-001 -5.359439e-001 -9.563612e-001 -3.011770e-001 
6.600055e+000 8.361391e+000 -2.765332e+000 2.278561e+000 -1.093695e+000 1.267297e-001 -2.331108e+000 1.554455e+000 2.465940e-001 -4.061165e-001 -7.164023e-001 5.889145e-002 
6.941190e+000 8.553683e+000 -2.085274e+000 3.480528e+000 2.014020e-001 3.175051e-001 -2.513051e+000 1.523717e+000 4.942427e-001 -2.003307e-001 -2.469133e-001 -1.479753e-001 
6.278486e+000 8.141713e+000 -2.246876e+000 3.216424e+000 5.116534e-001 5.713027e-001 -1.725737e+000 1.711579e+000 6.393597e-001 -3.416231e-001 1.915089e-002 2.689074e-001 
6.625364e+000 8.116306e+000 -2.208516e+000 2.840896e+000 -5.031603e-002 6.544719e-001 -1.448144e+000 1.826339e+000 1.791302e-001 -3.678843e-001 -1.335486e-002 1.824912e-001 
6.220534e+000 9.257613e+000 -1.107803e+000 1.781503e+000 -1.763430e-001 8.782876e-001 -1.684577e+000 1.415380e+000 2.295969e-002 -3.194613e-001 -1.754874e-001 -1.176678e-001 
5.473434e+000 8.636996e+000 -2.339543e+000 1.932367e+000 7.421812e-002 3.729766e-001 -1.556094e+000 1.452449e+000 1.949793e-001 -9.075698e-001 -1.364502e-001 -1.314245e-001 
5.672072e+000 8.815511e+000 -2.257835e+000 2.121502e+000 -4.394680e-001 1.484728e-001 -1.993626e+000 1.759364e+000 6.526749e-001 -7.125802e-001 -3.656359e-002 1.405426e-001 
5.888980e+000 9.557299e+000 -2.453092e+000 2.858906e+000 -2.866308e-002 5.643631e-001 -1.497369e+000 2.424198e+000 3.838115e-001 -4.218356e-001 -1.076083e-001 -3.854410e-001 
5.950868e+000 9.280543e+000 -1.716348e+000 2.807635e+000 -1.441019e-001 1.464100e-001 -1.446398e+000 2.061868e+000 7.097257e-001 -8.060343e-002 -1.888662e-001 -3.173139e-001 
6.662851e+000 9.385221e+000 -1.126625e+000 2.570634e+000 -8.464764e-001 6.202945e-001 -2.797352e+000 1.835627e+000 4.765877e-001 3.218246e-001 -3.997738e-001 -5.482761e-002 
6.343464e+000 1.004040e+001 -1.852013e+000 2.679867e+000 -3.164765e-001 -3.482233e-001 -1.962505e+000 1.771467e+000 7.312417e-001 -3.409851e-001 -1.615944e-001 -9.390919e-002 
5.443310e+000 9.515103e+000 -2.836446e+000 2.814462e+000 1.430418e-001 -5.035220e-001 -1.977199e+000 1.761565e+000 5.751660e-001 -1.005332e+000 -5.624718e-001 -6.754997e-001 
5.393262e+000 9.061119e+000 -1.542873e+000 2.399202e+000 -1.485067e-001 2.294033e-001 -1.751586e+000 1.460039e+000 9.595731e-001 -4.149765e-001 -1.106297e-001 -4.585132e-001 
7.077674e+000 9.600158e+000 -2.839663e+000 3.122135e+000 -2.703976e-001 -6.203204e-001 -2.110470e+000 1.998670e+000 2.807210e-001 -4.541466e-001 3.092311e-001 -5.016393e-001 
1.009597e+001 9.931610e+000 -3.059340e+000 3.516185e+000 -3.226594e-001 -1.678516e+000 -2.740690e+000 2.040178e+000 4.599088e-001 -2.086292e-001 -1.378842e-001 -1.147804e+000 
1.226916e+001 9.901561e+000 -2.680999e+000 3.487007e+000 -9.192166e-001 -1.687318e+000 -3.156220e+000 2.003804e+000 8.440011e-001 2.750989e-002 -2.647918e-001 -1.072323e+000 
1.236099e+001 1.040459e+001 -3.548927e+000 3.509710e+000 -1.746491e+000 -1.243475e+000 -4.171419e+000 2.490515e+000 6.288611e-001 5.022007e-001 -4.851542e-001 -1.402866e+000 
1.303171e+001 1.039379e+001 -3.418685e+000 3.141965e+000 -1.602560e+000 -1.197294e+000 -3.837644e+000 2.004748e+000 7.579703e-001 1.209165e-001 -3.628968e-001 -1.226131e+000 
1.242530e+001 1.062633e+001 -3.641601e+000 3.105924e+000 -1.645437e+000 -1.282013e+000 -4.034239e+000 1.828636e+000 7.624555e-001 3.959228e-002 -3.569239e-001 -1.360821e+000 
1.208716e+001 1.113897e+001 -3.850316e+000 3.658397e+000 -1.588850e+000 -8.325446e-001 -4.553686e+000 2.261179e+000 6.350988e-001 4.951787e-001 -6.898130e-001 -1.340094e+000 
1.302674e+001 9.765484e+000 -3.151398e+000 2.536154e+000 -1.023097e+000 -1.431062e+000 -3.769852e+000 1.369555e+000 1.019876e+000 1.006786e-001 -5.045298e-001 -1.327378e+000 
1.310240e+001 9.990695e+000 -3.051176e+000 2.636971e+000 -1.103246e+000 -1.553988e+000 -3.548911e+000 1.249435e+000 1.056909e+000 2.972088e-002 -5.773085e-001 -1.136508e+000 
1.254745e+001 9.737036e+000 -3.506004e+000 2.881833e+000 -1.574077e+000 -1.696569e+000 -4.262149e+000 1.515983e+000 7.054990e-001 1.804258e-001 -8.625590e-001 -1.351634e+000 
1.323969e+001 8.886494e+000 -2.674491e+000 2.539093e+000 -9.468174e-001 -2.148647e+000 -3.874959e+000 1.256403e+000 1.239978e+000 5.496509e-003 -7.152483e-001 -1.515022e+000 
1.171781e+001 1.055773e+001 -3.670501e+000 4.100795e+000 -1.541144e+000 -9.164411e-001 -4.413844e+000 1.461991e+000 6.051173e-001 3.475857e-001 -8.309865e-001 -1.120151e+000 
1.187436e+001 1.018683e+001 -3.628115e+000 3.741977e+000 -1.554597e+000 -9.564914e-001 -3.940141e+000 1.402363e+000 5.366245e-001 -4.100286e-002 -5.413845e-001 -1.016568e+000 
