-2.413174e+001 2.248515e+001 6.387831e+000 7.200361e-001 -5.108074e-001 -3.196368e+000 -1.530726e+000 -8.118931e-001 1.100878e+000 -2.764948e+000 -1.295610e+000 -9.327998e-001 9.482225e-001 -6.393899e-001 7.450908e-001 1.056551e+000 -1.420862e-001 1.014606e-002 -1.059138e+000 -1.261189e+000 -1.577728e+000 1.431582e-002 -1.343512e-001 4.891124e-001 1.360477e-002 -6.989864e-001 -3.090859e-001 -4.440288e-001 -5.787926e-001 -5.038751e-001 -3.435387e-001 -6.704706e-001 -5.833144e-001 -2.375175e-001 3.868645e-002 -1.539671e-001 
-2.209690e+001 2.061897e+001 6.468455e+000 8.400913e-001 -9.713496e-001 -3.006753e+000 -1.578565e+000 -2.698615e-001 4.660853e-001 -2.301883e+000 -1.756916e+000 -1.049284e+000 6.413666e-001 3.637691e-001 3.463893e-001 1.600706e-001 1.425238e-001 -4.147362e-001 -8.656071e-001 -8.138585e-001 -8.003747e-001 -5.424544e-001 -3.629414e-001 3.588260e-002 -1.204031e-001 -5.969414e-001 -5.372290e-001 -4.170679e-001 -1.027677e-001 1.147264e-002 -6.587924e-002 -6.056226e-001 -6.695229e-001 -2.896656e-001 -1.933578e-001 6.825552e-002 
-2.619956e+001 2.174166e+001 6.998434e+000 6.754304e-001 -8.682147e-001 -3.633818e+000 -1.304767e+000 -7.405064e-001 5.000294e-001 -2.820725e+000 -1.345503e+000 -1.156960e+000 3.317021e-001 -3.084517e-002 9.435445e-001 2.853299e-002 -5.223622e-001 3.756702e-001 -6.126869e-001 -1.072200e+000 -1.576412e+000 -1.409838e-001 4.224290e-001 -4.456703e-002 -1.184476e-002 -1.019874e-001 -5.694142e-001 -1.019515e+000 -6.469393e-001 -2.861495e-001 2.726935e-001 -4.792666e-001 -6.572560e-001 1.940380e-001 -1.126506e-001 1.878849e-002 
-2.585408e+001 1.939792e+001 6.540773e+000 9.523728e-001 -1.541301e+000 -4.241947e+000 -2.305700e+000 -1.535250e+000 -2.123740e-001 -2.635627e+000 -1.873457e+000 -1.060847e+000 4.374582e-001 -5.671463e-001 -1.661859e-001 -6.218305e-002 9.459553e-002 7.712769e-002 -3.164254e-002 -5.047052e-001 -1.379083e+000 -8.455207e-001 3.545531e-002 5.588973e-001 9.475655e-001 -2.427150e-004 -6.496269e-001 -7.524364e-001 -5.722051e-001 -4.362955e-002 6.130405e-001 3.358676e-001 -3.193292e-001 -5.067860e-001 -2.703699e-001 3.174810e-002 
-2.491774e+001 1.988617e+001 6.270037e+000 -1.159642e-001 -1.365157e+000 -3.055666e+000 -9.903620e-001 -8.674755e-001 -2.955714e-001 -2.710921e+000 -1.711078e+000 -1.329053e+000 7.293690e-001 2.781833e-001 4.545951e-002 -2.864527e-001 -1.262071e-001 3.484614e-001 7.716711e-002 -8.015621e-001 -1.560676e+000 -1.075558e+000 -2.911684e-001 5.295128e-001 6.379018e-001 -1.306207e-001 -7.384649e-001 -1.124893e+000 -9.098638e-001 -2.820612e-001 5.291453e-001 2.285008e-001 -3.925741e-001 -3.938215e-001 -3.023449e-001 -1.048817e-001 
-1.530869e+001 1.691560e+001 6.069769e+000 1.021405e+000 -1.178767e+000 -1.849728e+000 -1.095101e+000 -6.337961e-001 -7.389304e-002 -7.798025e-001 -1.043690e+000 -8.561417e-001 -1.420608e-001 -3.822852e-001 1.368001e-001 3.504812e-001 -1.196147e-001 -2.576396e-001 -4.645922e-001 -3.808247e-001 -5.978103e-001 -7.187473e-001 1.427699e-001 5.648052e-001 3.394950e-002 -1.997567e-001 -3.324368e-002 2.182115e-001 -9.974143e-002 7.678872e-002 3.026391e-001 -1.305499e-001 -2.453916e-001 -1.408718e-001 -1.918556e-002 1.360753e-001 
-2.216311e+001 2.063581e+001 6.608025e+000 2.785223e-001 -9.638127e-001 -2.881353e+000 -1.294744e+000 -4.204636e-001 2.249447e-001 -2.412048e+000 -1.334933e+000 -7.675043e-001 5.001840e-001 -3.272683e-001 5.599543e-001 8.061233e-001 2.124024e-001 -4.309372e-001 -8.562396e-001 -1.354011e+000 -1.309024e+000 -5.110913e-001 -9.535708e-002 3.392591e-001 1.679259e-001 -5.729763e-001 -4.786326e-001 -4.329419e-001 -5.544717e-001 -2.027552e-001 -2.475466e-001 -5.789487e-001 -7.108665e-001 -2.322358e-001 -4.128318e-002 5.135285e-002 
-2.499421e+001 2.224293e+001 6.778325e+000 7.329934e-001 -7.886074e-001 -3.815560e+000 -1.574471e+000 -6.561693e-001 1.079712e+000 -2.632554e+000 -1.335353e+000 -1.522275e+000 8.000117e-001 3.774623e-001 6.166590e-001 1.754439e-002 3.134885e-003 -3.914541e-001 -9.204967e-001 -4.296326e-001 -1.047008e+000 -1.153715e-001 -5.025044e-001 7.544437e-002 -1.309274e-001 -6.675564e-001 -2.595034e-001 -6.786045e-001 -7.396897e-002 -2.611144e-001 1.074044e-001 -7.638334e-001 -5.818125e-001 -3.813384e-001 -1.058662e-001 1.353254e-001 
-2.612169e+001 2.134994e+001 6.748762e+000 3.378083e-001 -7.849705e-001 -3.470141e+000 -1.246286e+000 -1.077253e+000 3.208314e-001 -3.073227e+000 -1.272358e+000 -1.388697e+000 2.251698e-001 -4.676863e-002 1.160855e+000 -2.886596e-001 -3.361870e-001 2.578608e-001 -3.530542e-001 -1.283256e+000 -1.710130e+000 -4.528994e-001 3.658323e-001 2.397477e-001 2.575441e-001 -6.195943e-002 -7.698098e-001 -1.152274e+000 -5.149744e-001 -3.498047e-001 1.921713e-001 -4.162975e-001 -5.248800e-001 2.301357e-001 -5.887375e-002 3.286122e-003 
-2.762786e+001 2.035122e+001 6.577537e+000 1.566107e-001 -1.169800e+000 -4.043497e+000 -1.773362e+000 -1.394014e+000 -4.222841e-003 -3.374143e+000 -2.195302e+000 -1.164132e+000 7.443810e-001 -3.798458e-001 -2.784583e-001 -3.752138e-003 1.710752e-001 4.825768e-001 -2.945071e-001 -8.062696e-001 -1.702119e+000 -3.174470e-001 1.335899e-001 7.430785e-001 1.599075e+000 2.704342e-001 -5.114598e-001 -9.255819e-001 -8.288868e-001 -8.968329e-002 6.787836e-001 4.323268e-001 -5.218178e-001 -3.376961e-001 2.026235e-001 2.570060e-001 
