7.457629e+000 9.571535e+000 -2.930983e+000 8.066814e-001 1.215381e+000 9.611580e-001 -1.415841e-001 -3.135585e-001 1.271907e+000 9.852578e-002 -9.185188e-001 4.317230e-001 
7.366902e+000 9.336408e+000 -2.855810e+000 1.157080e+000 8.797128e-001 1.184919e+000 -7.982549e-001 -1.879486e-001 1.272977e+000 -5.177605e-001 -1.010390e+000 4.137624e-001 
6.597302e+000 9.564712e+000 -2.901015e+000 2.049228e+000 6.667651e-001 1.100619e+000 -5.421733e-001 -9.516488e-001 1.068819e+000 -3.587340e-002 -6.662427e-001 6.672448e-001 
6.648932e+000 1.001727e+001 -2.963070e+000 1.342918e+000 1.012226e-001 7.034763e-001 -2.821471e-001 -7.074071e-001 1.074375e+000 3.382570e-001 -9.261360e-001 2.005256e-001 
6.920539e+000 9.062085e+000 -2.349394e+000 1.007614e+000 1.056854e+000 1.193034e+000 -2.099518e-001 -7.933810e-001 9.645619e-001 5.755178e-001 -1.144502e+000 3.114254e-002 
7.235970e+000 9.234796e+000 -2.501055e+000 9.606351e-001 1.315349e+000 1.090035e+000 -3.590382e-001 -8.083685e-001 1.017759e+000 6.019311e-002 -5.127417e-001 4.876926e-001 
7.576355e+000 9.630231e+000 -1.273035e+000 6.838213e-001 1.322128e+000 8.833866e-001 -7.341648e-001 -1.516611e+000 6.610822e-001 4.728749e-002 -6.900378e-001 2.573156e-001 
7.175876e+000 1.035191e+001 -1.753592e+000 1.551281e+000 1.469585e+000 9.612237e-001 -6.697532e-001 -1.225471e+000 7.657193e-001 -3.722513e-002 -5.245540e-001 2.157936e-001 
7.399412e+000 9.942957e+000 -2.978760e+000 1.394619e+000 4.426159e-001 8.784618e-001 -6.422748e-001 -8.633300e-001 1.060848e+000 -8.939905e-002 -8.669839e-001 4.008561e-002 
6.875240e+000 1.073668e+001 -2.866215e+000 1.837264e+000 7.865634e-001 6.985734e-001 -5.388050e-001 -1.048633e+000 8.515632e-001 2.419079e-001 -4.836177e-001 4.581585e-001 
7.659898e+000 9.525622e+000 -2.011549e+000 1.446171e+000 9.309707e-001 6.228190e-001 -5.586628e-001 -1.046798e+000 5.467944e-001 3.786533e-001 -8.581219e-001 4.683521e-001 
