1.343628e+000 1.107034e+001 6.216891e-001 3.137594e+000 1.856022e+000 2.263887e+000 -6.840852e-002 -6.141444e-001 -1.838981e-001 1.085682e-001 -2.994960e-001 -8.693820e-001 
2.921212e+000 1.171211e+001 2.133136e+000 2.513724e+000 2.176481e+000 1.843012e+000 -4.499883e-002 -6.806157e-001 2.653074e-002 -4.297452e-002 -7.650699e-001 -1.405370e+000 
6.364831e+000 1.178194e+001 1.936331e+000 2.268316e+000 2.828775e+000 1.615259e+000 -4.739580e-001 -7.842151e-001 2.929163e-001 -2.198806e-001 -1.195308e+000 -1.061740e+000 
6.842722e+000 1.370080e+001 1.987002e-001 2.966785e+000 2.384164e+000 1.166046e+000 -4.424710e-001 -8.741563e-001 2.855223e-001 -7.313579e-002 -1.082819e+000 -1.098011e+000 
8.943462e+000 1.237870e+001 9.687350e-001 2.009942e+000 2.675348e+000 9.211337e-001 -6.207759e-001 -6.893645e-001 3.297941e-001 2.275449e-002 -1.057852e+000 -1.005177e+000 
1.362704e+001 8.164953e+000 1.835746e+000 1.986862e+000 2.215817e+000 6.946455e-001 -5.354141e-001 -5.175030e-001 7.433077e-002 1.408395e-001 -5.033299e-001 -7.478886e-001 
1.035197e+001 5.711567e+000 1.564698e+000 1.578173e+000 1.182594e+000 2.998612e-001 -2.210366e-002 2.027980e-002 1.814889e-002 1.981439e-002 -3.478700e-002 -1.274639e-001 
2.079080e+000 1.096865e+001 1.925772e+000 2.453788e+000 1.982934e+000 1.893690e+000 -1.045661e-001 -6.815397e-001 1.924003e-002 8.724814e-002 -4.745990e-001 -9.650930e-001 
2.899430e+000 1.347732e+001 1.243692e+000 3.057141e+000 2.114709e+000 1.769525e+000 -4.415959e-001 -5.052205e-001 3.388340e-001 -3.285542e-001 -1.083656e+000 -1.300199e+000 
6.965484e+000 1.222916e+001 1.286907e+000 2.435746e+000 2.800123e+000 1.356702e+000 -5.479916e-001 -8.431672e-001 3.065883e-001 -1.329765e-001 -1.151187e+000 -1.073551e+000 
6.489861e+000 1.438174e+001 -4.611752e-001 3.183167e+000 2.355007e+000 1.219775e+000 -5.673987e-001 -9.369050e-001 2.763147e-001 -9.633292e-002 -8.411907e-001 -1.055184e+000 
