1.320924e+001 6.050937e+000 -2.319036e+000 3.180798e+000 -2.930662e+000 1.389041e+000 -2.261763e+000 1.610007e+000 7.799628e-001 -5.010344e-002 -6.253956e-001 6.844179e-001 
1.409256e+001 5.406791e+000 -2.441180e+000 4.481661e+000 -3.529819e+000 2.832550e+000 -2.259461e+000 2.431220e+000 -4.369273e-001 4.180630e-001 -1.306074e+000 7.128459e-001 
1.462408e+001 5.619566e+000 -5.201141e-001 3.445558e+000 -3.085906e+000 1.137174e+000 -2.332517e+000 1.394503e+000 4.058483e-001 2.139556e-001 -6.827136e-001 6.517418e-001 
1.479695e+001 3.838014e+000 -9.116316e-001 2.689556e+000 -2.294288e+000 2.455049e+000 -1.759526e+000 2.364897e+000 1.016740e+000 3.626652e-001 -7.110244e-001 6.930634e-001 
1.441010e+001 5.158439e+000 -9.096463e-001 3.600368e+000 -2.852668e+000 2.154371e+000 -2.803422e+000 1.327859e+000 1.194096e-001 1.069761e-001 -5.862794e-001 2.995396e-001 
1.363200e+001 5.267079e+000 -9.327205e-001 3.291565e+000 -2.452370e+000 2.075810e+000 -2.844442e+000 2.305895e+000 -5.233890e-002 1.851484e-001 -2.896685e-001 1.969283e-001 
1.185487e+001 6.330132e+000 -6.057118e-001 3.089603e+000 -1.705443e+000 2.026752e+000 -3.043280e+000 1.804468e+000 1.206896e-001 3.226389e-001 -7.071265e-001 6.323684e-001 
1.339352e+001 9.285879e+000 -1.316355e+000 3.153566e+000 -5.102593e-001 5.660353e-001 -2.055715e+000 1.788831e+000 3.659856e-001 -2.088415e-001 -8.118954e-001 1.455002e-002 
1.470650e+001 1.149338e+001 -2.927130e+000 3.637865e+000 -5.237994e-001 -9.267388e-001 -3.249276e+000 2.485869e+000 3.302216e-001 -2.192018e-001 -7.326720e-001 -6.981972e-001 
1.688440e+001 1.032099e+001 -2.329511e+000 2.545388e+000 -4.794992e-001 -1.544645e+000 -3.251977e+000 2.577792e+000 4.719992e-001 -2.675821e-001 -1.383882e-001 -1.066347e+000 
1.677192e+001 1.027307e+001 -2.805337e+000 2.817448e+000 -1.120933e+000 -1.171368e+000 -3.534789e+000 2.970817e+000 4.304281e-001 -1.474297e-001 -1.939981e-001 -8.314130e-001 
1.677559e+001 1.062538e+001 -2.990260e+000 3.123179e+000 -1.155395e+000 -8.103377e-001 -3.935881e+000 2.987121e+000 3.942008e-001 -4.371088e-002 -4.205818e-001 -9.404228e-001 
1.703655e+001 1.073397e+001 -2.786111e+000 2.459489e+000 -7.308128e-001 -1.494357e+000 -3.190432e+000 2.838182e+000 5.021793e-001 -3.574166e-001 -3.581991e-001 -1.055620e+000 
1.782117e+001 1.058754e+001 -3.235580e+000 1.954216e+000 -8.878616e-001 -1.407817e+000 -2.722742e+000 2.950992e+000 8.487240e-001 -3.067166e-001 -6.171336e-001 -1.024418e+000 
1.810567e+001 1.086353e+001 -3.465689e+000 1.665442e+000 -2.401239e-001 -8.324899e-001 -2.321649e+000 2.377901e+000 5.304966e-001 -3.937604e-001 -5.813416e-001 -7.667333e-001 
1.704230e+001 1.048690e+001 -3.433593e+000 1.993273e+000 -1.758124e-001 -1.730661e-001 -2.023177e+000 1.894633e+000 4.559518e-001 -3.677391e-001 -7.751982e-001 -3.128201e-001 
1.310039e+001 6.739636e+000 -1.625051e+000 2.870573e+000 -3.237051e+000 1.715960e+000 -1.883431e+000 1.462723e+000 2.977781e-001 -2.423937e-001 -6.787489e-001 5.846744e-001 
1.399598e+001 5.817604e+000 -1.989420e+000 4.666632e+000 -3.392978e+000 2.321884e+000 -3.163267e+000 1.781533e+000 -4.872524e-001 3.260010e-001 -1.492398e+000 5.710492e-001 
1.522762e+001 6.289495e+000 -2.118299e-001 3.524982e+000 -3.316415e+000 1.216554e+000 -2.437118e+000 1.466465e+000 2.146251e-001 -6.076339e-002 -1.146469e+000 3.273809e-001 
1.503663e+001 5.212708e+000 -1.141753e-001 2.900541e+000 -2.924748e+000 1.812291e+000 -2.501000e+000 1.583159e+000 7.625354e-002 -3.344497e-001 -9.556725e-001 2.778867e-001 
1.477417e+001 5.491879e+000 -8.556925e-001 3.091622e+000 -2.847824e+000 2.195177e+000 -2.255034e+000 1.794333e+000 4.775635e-001 -1.317535e-001 -5.818944e-001 5.697970e-001 
1.363223e+001 5.458697e+000 -1.148713e+000 2.894020e+000 -3.112150e+000 2.630287e+000 -2.334110e+000 2.703419e+000 1.333089e-001 4.367122e-001 -3.277355e-001 1.767916e-001 
1.171424e+001 5.956941e+000 -1.528789e+000 2.409719e+000 -2.031021e+000 2.361220e+000 -3.057222e+000 1.931436e+000 1.455659e-003 2.701950e-001 -6.156700e-001 7.660908e-001 
1.231524e+001 9.528963e+000 -1.800128e+000 4.048089e+000 -1.635583e+000 1.249435e+000 -3.091821e+000 2.003910e+000 -3.222176e-001 2.711842e-002 -8.707925e-001 3.193672e-001 
1.514382e+001 1.019801e+001 -1.858200e+000 2.544077e+000 4.950072e-001 -1.551276e+000 -2.496206e+000 1.640678e+000 5.924968e-001 -6.024414e-001 -4.516312e-001 -5.952478e-001 
1.639348e+001 1.085981e+001 -2.963830e+000 2.836200e+000 -7.165902e-001 -1.046689e+000 -3.500345e+000 3.056261e+000 2.258470e-001 -1.222376e-001 -4.262448e-002 -9.165151e-001 
1.715294e+001 1.004722e+001 -2.465572e+000 2.521872e+000 -6.448004e-001 -1.521435e+000 -3.387856e+000 2.852207e+000 6.321797e-001 -3.036808e-001 -1.125389e-003 -9.271626e-001 
1.713247e+001 9.984222e+000 -2.852715e+000 2.597539e+000 -8.550537e-001 -1.097694e+000 -3.485071e+000 2.752739e+000 8.335272e-001 -7.962215e-002 -2.103720e-001 -8.146034e-001 
1.694373e+001 1.072101e+001 -3.018531e+000 2.500130e+000 -8.392245e-001 -1.315709e+000 -3.331865e+000 2.958395e+000 5.793884e-001 -1.988531e-001 -2.969900e-001 -9.525353e-001 
1.797256e+001 1.035901e+001 -2.959289e+000 1.642260e+000 -6.882389e-001 -1.531559e+000 -2.870784e+000 2.998312e+000 8.241457e-001 -4.953938e-001 -3.116555e-001 -1.204948e+000 
1.805716e+001 1.041481e+001 -3.355399e+000 1.504007e+000 1.356865e-002 -1.084978e+000 -2.086062e+000 2.359144e+000 8.567156e-001 -1.888374e-001 -6.296367e-001 -8.493939e-001 
