1.760052e+000 1.339681e+001 -8.881205e-001 2.445125e+000 2.773962e+000 -4.998333e-002 -9.863610e-001 5.997314e-001 6.985094e-001 -1.977826e-001 8.556761e-002 -4.244681e-002 
-8.929143e-001 1.343784e+001 -2.454296e-001 2.311717e+000 1.977416e+000 -7.435886e-001 -1.261197e+000 5.249330e-001 1.211530e+000 -3.333319e-001 -1.599628e-001 -8.556255e-002 
-2.120855e+000 1.183612e+001 -2.007830e+000 9.590051e-001 1.366559e+000 -5.889330e-002 -1.009969e+000 9.609835e-002 2.983421e-001 1.248501e-002 6.452295e-001 6.387496e-001 
-1.003644e+000 9.543950e+000 -2.208181e+000 2.404586e+000 4.516030e-001 -8.925333e-001 -2.286300e+000 6.493636e-001 7.547618e-001 6.555956e-001 8.884072e-001 7.867207e-001 
1.745497e+000 9.123209e+000 -2.826200e+000 2.898622e+000 -4.551076e-001 -9.974963e-001 -3.080798e+000 1.909432e+000 1.708219e+000 7.180805e-001 3.121258e-002 -1.729442e-001 
3.247332e-001 8.764315e+000 -1.560597e+000 2.249414e+000 -2.527309e+000 -9.443082e-001 -2.000706e+000 1.746668e+000 7.437279e-001 5.303859e-001 1.365449e-001 -2.058601e-001 
-2.308489e+000 6.254065e+000 -2.673284e+000 2.230565e+000 -1.683911e+000 -6.175258e-004 -1.865979e+000 1.830400e+000 6.946182e-001 5.249677e-001 -7.294520e-002 -2.818216e-002 
-2.739326e+000 6.545685e+000 -1.929220e+000 2.191930e+000 -1.755595e+000 -2.130753e-001 -1.851304e+000 1.388166e+000 2.818347e-001 7.082704e-001 4.025940e-001 -1.574352e-001 
1.707764e+000 8.779170e+000 -2.948134e+000 3.085906e+000 -1.173829e+000 -4.028121e-001 -2.250903e+000 1.488738e+000 1.180754e+000 7.770553e-001 1.223696e-002 -2.616814e-001 
2.863913e+000 9.637803e+000 -3.161990e+000 3.295624e+000 -1.176586e+000 -9.423685e-001 -2.165370e+000 1.505117e+000 1.113551e+000 6.662030e-001 -3.464075e-001 -4.707241e-001 
2.322863e+000 9.433365e+000 -2.854140e+000 3.694453e+000 -1.106021e+000 -8.648070e-001 -2.251237e+000 1.349442e+000 1.449882e+000 5.223113e-001 -3.992182e-001 -5.894961e-001 
2.251770e+000 1.156966e+001 -2.417311e+000 3.671566e+000 -8.533356e-001 -1.537655e+000 -1.588857e+000 9.828524e-001 1.382977e+000 8.807456e-001 -2.488214e-001 -8.529317e-001 
3.733542e+000 1.377590e+001 -2.866391e+000 3.809527e+000 1.783977e+000 -1.476133e+000 -2.261727e+000 2.032138e-001 1.427422e+000 1.047928e-001 -1.005593e+000 -1.302064e+000 
7.357665e+000 1.421181e+001 -2.859412e+000 3.095780e+000 1.880109e+000 -2.940919e+000 -2.426756e+000 6.999165e-001 1.269140e+000 -5.947843e-002 -1.067536e+000 -1.826194e+000 
8.243737e+000 1.548666e+001 -3.253260e+000 3.113421e+000 1.065891e+000 -2.803883e+000 -3.151969e+000 1.212221e+000 1.454326e+000 -5.107983e-002 -7.623211e-001 -2.344659e+000 
1.469805e+001 8.982285e+000 6.323369e-001 -1.946450e-001 9.700110e-001 -4.869484e-001 -1.712528e+000 -6.393963e-002 1.019532e+000 -1.775322e-001 -5.368803e-001 1.776454e-001 
3.490433e+000 1.101968e+001 7.010049e-001 1.760232e+000 2.788708e+000 2.629603e-001 -7.363433e-001 4.759293e-001 6.284774e-001 -2.101051e-001 -1.368135e-001 1.274388e-001 
-1.323961e-001 1.309440e+001 -1.354218e-001 2.212248e+000 2.257880e+000 -8.557696e-001 -1.279984e+000 7.440164e-001 1.017147e+000 -3.471739e-001 -2.159487e-001 -1.362385e-001 
-2.632655e+000 1.216265e+001 -1.773037e+000 1.042940e+000 1.265063e+000 -2.462987e-001 -9.153223e-001 -2.188268e-003 3.886514e-001 5.902875e-002 6.130820e-001 6.327858e-001 
-1.148896e+000 9.927721e+000 -2.389555e+000 2.376891e+000 4.396209e-001 -6.364247e-001 -2.254639e+000 6.642291e-001 4.709680e-001 5.685489e-001 9.232719e-001 8.545934e-001 
1.283898e+000 8.890942e+000 -2.726440e+000 2.907643e+000 -3.061641e-001 -8.600853e-001 -2.911017e+000 1.870554e+000 1.584370e+000 7.260158e-001 6.106066e-002 -1.286984e-001 
5.027889e-001 9.076297e+000 -1.757810e+000 2.348307e+000 -2.267825e+000 -9.950016e-001 -2.127178e+000 1.858886e+000 9.959678e-001 4.708840e-001 2.775433e-002 -1.797183e-001 
-2.075122e+000 6.403220e+000 -2.687284e+000 2.201478e+000 -1.677881e+000 -1.662347e-001 -1.950986e+000 1.760817e+000 7.309201e-001 5.643581e-001 4.130303e-002 5.933930e-002 
-3.187435e+000 6.344083e+000 -2.017119e+000 2.212156e+000 -1.708437e+000 -3.097274e-001 -1.770416e+000 1.326503e+000 1.889168e-001 6.737843e-001 4.493723e-001 -1.078076e-001 
1.045134e+000 8.609241e+000 -2.973079e+000 2.798762e+000 -1.328430e+000 -4.041977e-001 -2.309874e+000 1.622247e+000 1.206908e+000 9.026191e-001 3.452638e-002 -1.966838e-001 
2.572596e+000 9.379128e+000 -3.064619e+000 3.313275e+000 -8.239717e-001 -8.671074e-001 -2.012098e+000 1.477375e+000 1.300626e+000 6.459189e-001 -3.464166e-001 -4.691378e-001 
2.504302e+000 9.614319e+000 -2.544717e+000 3.489926e+000 -1.088036e+000 -9.989002e-001 -2.257002e+000 1.120474e+000 1.516345e+000 3.533651e-001 -3.762160e-001 -5.049768e-001 
1.629081e+000 1.091395e+001 -2.530655e+000 3.571074e+000 -6.909485e-001 -1.496282e+000 -1.590544e+000 8.575549e-001 1.313755e+000 8.025031e-001 -1.708758e-001 -7.148673e-001 
3.610728e+000 1.242943e+001 -2.047219e+000 3.234041e+000 1.941343e+000 -1.505378e+000 -2.041261e+000 1.027181e-001 1.474453e+000 1.000150e-001 -9.187567e-001 -1.031006e+000 
7.065517e+000 1.368622e+001 -2.539290e+000 2.977624e+000 2.143906e+000 -2.801177e+000 -2.398879e+000 6.602566e-001 1.277836e+000 -2.062124e-002 -1.086817e+000 -1.827046e+000 
8.388307e+000 1.487496e+001 -2.917219e+000 2.880953e+000 1.299501e+000 -3.054303e+000 -2.873019e+000 1.077750e+000 1.469527e+000 -9.718253e-002 -8.162854e-001 -2.310206e+000 
