3.564199e+000 1.641178e+001 1.881353e+000 3.252825e+000 2.372574e+000 4.627539e-001 -1.295634e-001 -2.302023e-001 -3.101898e-001 -2.201338e+000 -2.181304e+000 -8.388227e-001 -2.710462e-001 -1.004587e-001 -2.871714e-001 -7.960838e-001 -2.761735e-001 4.137291e-001 -2.352507e-001 -8.261735e-001 -7.908944e-001 -8.987063e-001 -1.002224e+000 -9.776716e-001 
2.256882e+000 1.789081e+001 -1.640971e-001 4.848516e+000 2.316232e+000 7.991218e-001 7.265928e-002 -9.079838e-001 -2.892198e-001 -2.453458e+000 -2.250209e+000 -8.120612e-001 6.555914e-001 3.529524e-001 -4.772301e-001 -8.778825e-001 -4.500270e-001 5.236452e-001 -7.476535e-002 -9.727791e-001 -1.015828e+000 -9.011788e-001 -9.621437e-001 -1.127452e+000 
2.062913e+000 1.835421e+001 8.478236e-002 3.686044e+000 2.093782e+000 7.647469e-001 4.912406e-001 -3.973045e-001 8.386312e-002 -1.869673e+000 -2.700096e+000 -1.679758e+000 2.826438e-001 7.513859e-001 1.810972e-001 -7.416636e-001 -6.045949e-001 4.994118e-001 -3.630506e-001 -1.189692e+000 -6.419748e-001 -6.914213e-001 -1.149250e+000 -1.035934e+000 
2.976356e+000 2.139489e+001 -2.059890e+000 4.209719e+000 -9.012512e-001 2.182959e-001 9.965063e-001 -9.832057e-001 6.845517e-001 -2.146733e+000 -2.246212e+000 -2.802902e+000 -1.740800e-001 7.415176e-001 1.217638e+000 2.385955e-001 -4.286468e-001 -3.257654e-001 -9.345623e-001 -7.234680e-001 -5.917853e-001 -1.096406e-002 -1.521474e+000 -1.456850e+000 
5.871853e+000 1.896270e+001 -1.285646e+000 4.233982e+000 -1.211577e+000 -8.892179e-001 -7.517229e-001 -1.826147e+000 1.157959e+000 -1.397009e+000 -2.919128e+000 -2.706892e+000 -1.091755e+000 1.073443e+000 1.446780e+000 7.860809e-001 4.825522e-001 -5.974499e-001 -5.924464e-001 -1.134302e-001 -5.434255e-001 -5.231165e-001 -1.189070e+000 -1.234215e+000 
6.618745e+000 1.801045e+001 -2.600408e-001 4.358604e+000 -1.363973e+000 -2.071870e+000 -9.644681e-001 -1.293558e+000 1.392548e+000 -7.309240e-001 -2.379828e+000 -2.500482e+000 -1.460987e+000 2.833504e-001 4.884287e-001 1.226042e+000 1.392257e+000 -3.754783e-001 -9.206982e-001 -6.082389e-001 -5.851863e-001 -7.070858e-001 -8.164571e-001 -2.704322e-001 
6.163500e+000 1.716357e+001 1.114035e+000 3.742917e+000 -3.561102e-001 -1.921682e+000 -1.693969e+000 -1.320391e+000 1.311273e+000 -2.259813e-001 -2.092354e+000 -2.140643e+000 -9.236120e-001 1.136488e-001 1.516422e-002 7.279063e-001 9.025227e-001 -6.175914e-001 -8.590557e-001 1.439807e-001 -5.421967e-002 -1.155171e+000 -1.166706e+000 -3.075572e-001 
4.177245e+000 1.985215e+001 -7.713284e-001 5.315383e+000 -1.197624e+000 -2.024254e+000 -1.950257e+000 -1.856116e+000 1.566201e+000 2.069641e-002 -6.914284e-001 -2.097220e+000 -7.821518e-001 -1.193992e-001 -1.773479e-001 -6.636924e-002 -3.387756e-002 3.815371e-002 -1.565993e-001 1.348672e-001 -1.184947e-001 -6.893083e-001 -1.331576e+000 -1.115871e+000 
4.503729e+000 1.870346e+001 -5.016532e-001 5.239478e+000 4.814523e-001 -2.017053e+000 -2.344819e+000 -2.268684e+000 1.373646e+000 -1.320682e-001 -1.094019e+000 -1.181956e+000 -7.394864e-001 -3.826235e-002 -6.773535e-001 -2.676041e-001 6.110579e-001 -5.934137e-002 -4.383686e-001 -2.274368e-001 -3.852235e-002 -4.375055e-001 -1.302734e+000 -1.152901e+000 
5.265550e+000 1.675154e+001 -1.196512e-002 5.293841e+000 2.224026e+000 -1.332521e+000 -2.917529e+000 -2.886187e+000 7.047118e-001 -1.936514e-001 -1.274092e+000 -1.018556e+000 -1.857035e-001 4.514217e-001 -7.989776e-001 -2.916748e-001 7.577992e-001 -5.746986e-001 -1.122909e+000 -1.586441e-001 4.141241e-001 -4.002013e-001 -1.232590e+000 -8.461542e-001 
2.968286e+000 1.942606e+001 -2.217826e+000 6.918082e+000 1.338497e+000 -1.303133e+000 -2.183601e+000 -3.144325e+000 9.428789e-001 -1.053857e+000 -7.782746e-001 -1.341516e+000 5.889873e-002 7.365273e-001 -3.994792e-001 -3.795677e-001 2.185328e-001 -6.262788e-001 -1.570099e+000 -2.404106e-001 7.920591e-001 -2.385041e-001 -8.939566e-001 -7.085357e-001 
5.199268e+000 1.620068e+001 1.119132e+000 4.642221e+000 2.015231e+000 -1.629733e+000 -2.185806e+000 -2.154369e+000 3.060085e-002 -5.007107e-001 -1.237920e+000 -9.175766e-001 -4.042228e-001 9.672393e-001 3.222922e-001 -8.193386e-001 3.151996e-002 -7.003005e-001 -1.814930e+000 -3.171201e-001 9.677062e-001 -8.031186e-002 -8.607800e-001 -3.034721e-001 
2.476854e+000 1.997720e+001 -1.651989e+000 6.382821e+000 6.817098e-001 -1.442651e+000 -1.628830e+000 -3.021456e+000 1.179923e+000 -1.191794e+000 -4.453794e-001 -1.463277e+000 -4.006097e-001 1.145100e+000 -3.153339e-001 -2.700176e-001 -1.383602e-001 -6.010417e-001 -1.907903e+000 -5.049259e-001 1.307587e+000 -4.078141e-001 -6.735367e-001 -3.381953e-001 
2.973139e+000 1.941510e+001 -1.447871e+000 6.163842e+000 7.123431e-001 -1.346101e+000 -1.691233e+000 -2.695746e+000 7.325589e-001 -1.203946e+000 -2.361205e-001 -1.383196e+000 -4.934673e-001 1.042460e+000 -2.397454e-001 -2.393776e-001 2.542293e-002 -7.647742e-001 -1.770453e+000 -6.305173e-001 1.031132e+000 -1.144352e-001 -6.808635e-001 -1.592702e-001 
4.893009e+000 1.723334e+001 3.602530e-001 4.606372e+000 1.586531e+000 -1.691006e+000 -2.163159e+000 -1.976496e+000 3.160479e-003 -4.305093e-001 -7.605355e-001 -1.185954e+000 -4.232273e-001 6.939551e-001 -9.367983e-002 -2.708973e-001 2.437186e-001 -7.642981e-001 -1.831359e+000 -5.663448e-001 9.121091e-001 -3.783477e-002 -7.225535e-001 -1.273940e-001 
2.644491e+000 1.987854e+001 -1.751480e+000 6.496012e+000 -9.216891e-003 -6.696984e-001 -2.158153e+000 -2.733618e+000 8.330924e-001 -1.228160e+000 -3.870213e-001 -1.775018e+000 2.005417e-001 4.801146e-001 3.260511e-003 -1.702032e-001 2.066669e-001 -8.278419e-001 -1.863630e+000 -3.302935e-001 6.954704e-001 1.046817e-001 -8.424047e-001 -5.538120e-002 
5.633771e+000 1.611950e+001 1.347554e+000 4.245903e+000 1.358474e+000 -1.231796e+000 -2.043146e+000 -2.159589e+000 3.592035e-002 -5.449898e-001 -1.271629e+000 -1.074102e+000 -5.262568e-002 7.581135e-001 -2.470632e-001 -5.287590e-002 3.510362e-001 -1.164161e+000 -1.621894e+000 -5.968312e-001 5.065324e-001 2.425757e-001 -5.392874e-001 -2.315129e-002 
3.180956e+000 1.965874e+001 -1.178208e+000 5.800171e+000 2.738667e-001 -1.074615e+000 -1.666693e+000 -2.837565e+000 7.823682e-001 -8.697600e-001 -6.008428e-001 -1.551660e+000 -5.959571e-003 3.077273e-001 -4.015836e-001 3.288248e-001 4.446434e-001 -1.232404e+000 -1.343607e+000 -5.404363e-001 2.020970e-001 2.697926e-001 -7.621263e-001 2.990328e-002 
3.747779e+000 1.905537e+001 -6.942913e-001 4.938231e+000 4.686206e-001 -1.048162e+000 -1.631584e+000 -2.546862e+000 6.734166e-001 -5.639142e-001 -1.093837e+000 -1.294398e+000 -3.566177e-001 3.771959e-001 -4.087592e-001 4.961628e-001 3.347371e-001 -1.271992e+000 -1.116323e+000 -5.762466e-001 1.663654e-001 1.181536e-001 -8.063303e-001 -1.640538e-001 
6.444066e+000 1.566545e+001 1.721166e+000 3.203770e+000 1.651082e+000 -1.268682e+000 -1.874020e+000 -1.767525e+000 -1.502704e-001 -1.298033e-001 -1.302405e+000 -1.292100e+000 -2.777856e-001 -1.089357e-001 -2.297378e-001 5.663528e-001 3.883377e-001 -8.676555e-001 -1.140768e+000 -6.483936e-001 3.174356e-002 -1.271043e-001 -6.903119e-001 -3.284222e-001 
1.374083e+001 1.001024e+001 2.983369e+000 1.432639e+000 9.537522e-001 1.587191e-001 -5.910384e-001 -6.717142e-001 -5.539161e-001 -1.011021e+000 -1.048125e+000 -6.768398e-001 -4.706030e-001 -4.364917e-001 -3.951260e-001 -3.158883e-001 -1.242196e-001 -2.981045e-001 -4.886115e-001 -2.350917e-001 -1.791183e-001 -3.186019e-001 -2.740932e-001 -2.312304e-001 
3.230309e+000 1.655829e+001 1.824909e+000 3.334557e+000 2.385879e+000 4.257726e-001 -2.558203e-001 -3.479092e-001 -2.080360e-001 -2.100639e+000 -2.130602e+000 -7.471026e-001 -1.559527e-001 -7.314462e-003 -4.511760e-001 -9.790085e-001 -2.299326e-001 4.895440e-001 -2.817533e-001 -8.961938e-001 -7.797372e-001 -8.183704e-001 -9.326520e-001 -9.313395e-001 
9.614105e-002 2.028452e+001 -2.174898e+000 6.187586e+000 1.440752e+000 1.070757e+000 5.927808e-001 -1.446982e+000 5.571252e-001 -3.355199e+000 -1.555397e+000 -1.750211e+000 1.314279e+000 -1.734649e-001 -5.655086e-002 -8.115122e-001 -5.015694e-001 6.564511e-001 -1.824485e-001 -7.809763e-001 -1.393627e+000 -6.484831e-001 -1.199568e+000 -1.058390e+000 
4.297287e+000 1.553386e+001 2.040343e+000 2.514872e+000 2.120477e+000 7.644167e-001 5.621927e-001 5.444455e-002 -2.037426e-001 -1.650718e+000 -2.711171e+000 -1.781832e+000 1.222325e-002 9.027826e-001 3.823375e-001 -6.881631e-001 -5.530034e-001 1.394836e-001 -4.536417e-001 -1.099263e+000 -5.956748e-001 -5.247017e-001 -1.149442e+000 -1.112213e+000 
6.210687e+000 1.759357e+001 8.303480e-001 2.044605e+000 -8.756224e-002 -5.046259e-001 5.398844e-001 -4.566133e-001 4.149818e-004 -1.395950e+000 -3.080736e+000 -2.396066e+000 -5.946808e-001 8.942277e-001 1.285015e+000 5.052676e-001 -2.724463e-001 -5.393746e-001 -6.739891e-001 -7.098877e-001 -3.287573e-001 -4.371872e-001 -1.403923e+000 -1.459740e+000 
6.832909e+000 1.741418e+001 -1.331824e-001 3.502735e+000 -5.925686e-001 -1.527387e+000 -8.834090e-001 -1.592395e+000 9.234529e-001 -9.911309e-001 -2.950912e+000 -2.565570e+000 -1.254769e+000 9.883323e-001 1.179638e+000 7.945480e-001 7.388514e-001 -3.438938e-001 -4.763396e-001 -4.154439e-001 -7.017634e-001 -6.020754e-001 -9.041342e-001 -8.818126e-001 
6.164215e+000 1.797887e+001 6.431355e-002 4.315622e+000 -1.365442e+000 -2.300087e+000 -1.167324e+000 -1.205381e+000 1.757307e+000 -7.605824e-001 -2.621735e+000 -2.373848e+000 -1.201061e+000 3.444681e-001 1.956580e-001 1.093827e+000 1.417341e+000 -5.328351e-001 -9.604967e-001 -4.247767e-001 -5.206118e-001 -7.998432e-001 -7.373156e-001 -2.684235e-001 
4.529359e+000 1.898444e+001 -3.963895e-001 4.789264e+000 -9.082974e-001 -1.674902e+000 -1.635024e+000 -1.678350e+000 1.447126e+000 -4.084643e-001 -1.553538e+000 -2.093082e+000 -8.147052e-001 8.301795e-002 -1.497290e-001 5.245466e-001 6.047019e-001 -4.381926e-001 -6.470823e-001 2.510548e-001 -3.970594e-002 -1.162362e+000 -1.246772e+000 -4.562653e-001 
4.555742e+000 1.890568e+001 -8.062481e-002 4.839718e+000 -7.118940e-001 -2.375356e+000 -2.035141e+000 -1.898384e+000 1.524440e+000 2.050739e-001 -9.086914e-001 -1.735860e+000 -8.259000e-001 -1.068677e-002 -3.635265e-001 -2.602475e-001 8.567474e-003 3.675900e-003 6.702605e-002 7.231922e-002 -5.799615e-002 -7.303856e-001 -1.351076e+000 -1.195391e+000 
5.601477e+000 1.672603e+001 6.463152e-001 4.394792e+000 1.275053e+000 -1.928651e+000 -2.472413e+000 -2.047481e+000 8.894777e-001 6.071118e-003 -1.322342e+000 -1.153715e+000 -5.685805e-001 6.414109e-003 -5.868982e-001 -2.203521e-001 6.278151e-001 -1.790059e-001 -6.201575e-001 -2.377363e-001 1.460524e-002 -3.857175e-001 -1.191880e+000 -1.122408e+000 
2.970556e+000 1.910644e+001 -1.879610e+000 6.842027e+000 1.348856e+000 -1.305848e+000 -2.548447e+000 -3.484672e+000 1.268782e+000 -7.994456e-001 -8.014997e-001 -1.282249e+000 -2.881967e-002 5.290364e-001 -1.012410e+000 -8.042948e-002 6.242429e-001 -5.428520e-001 -1.218141e+000 -2.784965e-001 6.272049e-001 -4.708710e-001 -1.072431e+000 -9.046645e-001 
3.999418e+000 1.751442e+001 -4.595454e-001 5.757782e+000 1.891797e+000 -1.664481e+000 -2.104118e+000 -2.539599e+000 2.404998e-001 -5.854523e-001 -1.170822e+000 -1.022586e+000 -1.686136e-001 8.989315e-001 -1.251020e-001 -5.582745e-001 1.314658e-001 -7.735656e-001 -1.616990e+000 -2.574446e-001 8.848205e-001 -1.098733e-001 -9.138608e-001 -6.810979e-001 
2.446007e+000 1.927923e+001 -1.117748e+000 6.284698e+000 1.120712e+000 -1.593189e+000 -1.624813e+000 -2.807417e+000 7.275589e-001 -9.986488e-001 -9.158432e-001 -1.020622e+000 -6.341158e-001 1.167495e+000 2.383830e-001 -6.535256e-001 -2.682818e-002 -7.361595e-001 -1.869954e+000 -4.114809e-001 1.158964e+000 -1.575794e-001 -8.302953e-001 -3.639273e-001 
3.097106e+000 1.878941e+001 -7.720605e-001 5.809485e+000 9.266069e-001 -1.409859e+000 -1.760404e+000 -2.602910e+000 6.142490e-001 -7.764628e-001 -7.514655e-001 -1.317765e+000 -3.840171e-001 1.003076e+000 -1.339539e-001 -3.228638e-001 5.029693e-003 -7.393400e-001 -1.950433e+000 -4.994639e-001 1.275920e+000 -2.982968e-001 -7.348282e-001 -2.992039e-001 
5.147117e+000 1.636904e+001 9.325474e-001 4.287803e+000 1.691516e+000 -1.552034e+000 -1.939285e+000 -1.932263e+000 -2.638058e-001 -4.913521e-001 -7.402827e-001 -1.052766e+000 -4.740832e-001 8.962287e-001 -8.907051e-002 -5.002108e-001 2.379783e-001 -8.453521e-001 -1.718865e+000 -5.656793e-001 8.202690e-001 9.368450e-002 -7.940140e-001 -5.105485e-002 
2.049153e+000 2.038142e+001 -2.177713e+000 6.750446e+000 2.585963e-001 -1.278719e+000 -1.994526e+000 -2.704124e+000 8.972179e-001 -1.352262e+000 9.233443e-002 -1.879733e+000 8.061048e-002 3.871739e-001 -5.921459e-002 -1.160835e-001 7.263004e-003 -4.208429e-001 -2.093517e+000 -2.916172e-001 7.402232e-001 4.957696e-002 -8.577597e-001 -1.198986e-001 
3.467277e+000 1.812377e+001 -1.272880e-001 5.306718e+000 7.849723e-001 -1.101635e+000 -2.040427e+000 -2.438766e+000 3.912540e-001 -8.787207e-001 -9.240462e-001 -1.173339e+000 -1.387677e-001 8.316709e-001 -3.210950e-001 -1.655999e-001 2.982465e-001 -9.262074e-001 -1.712470e+000 -5.111312e-001 7.612101e-001 -1.148986e-002 -6.619863e-001 -7.626314e-002 
3.158185e+000 1.898743e+001 -9.701537e-001 6.018465e+000 2.794194e-001 -9.108775e-001 -1.870097e+000 -2.595375e+000 6.216248e-001 -1.100057e+000 -7.756580e-001 -1.460737e+000 1.291916e-002 7.551744e-001 -2.787055e-001 1.154881e-001 3.043982e-001 -1.233800e+000 -1.637211e+000 -4.987263e-001 4.900274e-001 3.154749e-001 -7.055639e-001 -6.731456e-002 
3.776927e+000 1.844178e+001 -2.345582e-001 5.023353e+000 7.474141e-001 -1.094648e+000 -1.738927e+000 -2.653241e+000 2.964365e-001 -3.886038e-001 -9.251754e-001 -1.206630e+000 -2.206847e-001 3.563409e-001 -4.655377e-001 3.542759e-001 4.325137e-001 -1.243195e+000 -1.250829e+000 -6.632794e-001 1.943598e-001 2.749089e-001 -6.938701e-001 4.657433e-003 
5.568833e+000 1.641270e+001 1.272518e+000 3.528361e+000 1.340183e+000 -1.132365e+000 -1.953626e+000 -2.057955e+000 1.398243e-001 -2.756160e-001 -1.232797e+000 -1.159151e+000 -3.724930e-001 1.069984e-001 -2.341834e-001 4.420514e-001 3.758268e-001 -9.644736e-001 -1.186176e+000 -7.588630e-001 1.027000e-001 1.920342e-002 -6.774543e-001 -7.795749e-002 
