1.272379e+001 1.349236e+001 -4.894880e+000 6.569093e+000 -1.035610e+000 3.647502e+000 -2.596573e+000 -9.792775e-001 6.012025e-001 -2.498895e+000 -2.584049e-001 -1.185184e+000 1.014599e-001 -4.532714e-001 9.259846e-001 8.472784e-003 -1.045490e+000 -1.077277e+000 -2.285309e-001 3.457434e-001 -4.890638e-001 4.177503e-001 -5.340873e-001 -2.755433e-001 
1.525963e+001 1.049144e+001 -7.751896e+000 1.018171e+001 -3.442368e+000 4.067356e+000 -2.432235e+000 3.498404e-001 -5.204487e-001 -2.937888e+000 -9.662581e-001 -7.195941e-001 1.035605e+000 -9.624815e-001 1.596580e+000 -6.302943e-001 4.970155e-001 -8.245304e-001 -2.557582e-002 2.747757e-001 9.607413e-002 1.452788e-001 -3.240264e-001 7.141755e-002 
1.931529e+001 6.920203e+000 -8.302628e+000 1.042032e+001 -3.875295e+000 3.772296e+000 -2.591287e+000 9.740860e-001 -1.011924e+000 -2.654849e+000 -7.551013e-001 -1.595945e-002 4.487004e-001 -1.115830e+000 1.322099e+000 -1.689397e-001 -2.026663e-002 -1.137053e+000 -1.181633e-001 -4.468649e-001 9.434675e-003 -4.870382e-001 -5.358198e-001 -1.008581e-001 
1.961076e+001 3.947422e+000 -7.796142e+000 1.126577e+001 -4.143937e+000 2.248061e+000 -4.043744e+000 -8.839378e-002 -4.801550e-001 -3.039930e+000 -1.059952e+000 -1.306586e-001 3.482588e-001 -5.338434e-001 1.040239e+000 -7.388063e-002 -3.641178e-001 -1.250912e+000 2.073924e-001 -5.977758e-002 1.999212e-001 -4.795753e-001 -1.527558e-001 1.298820e-001 
1.843299e+001 3.129977e+000 -8.544721e+000 1.066525e+001 -4.368843e+000 1.596397e+000 -4.264834e+000 2.675887e-001 -6.154331e-001 -2.941822e+000 -1.787608e+000 1.426705e-002 5.660176e-001 -3.188103e-001 7.778102e-001 1.424584e-001 1.155217e-001 -5.194788e-001 -1.615604e-001 -9.445267e-002 1.451072e-001 -6.634615e-001 -1.926566e-001 1.332571e-001 
1.797476e+001 4.142299e+000 -8.717014e+000 1.172611e+001 -4.866107e+000 2.552089e+000 -4.260658e+000 1.861826e-001 -9.059252e-001 -1.829586e+000 -2.390002e+000 -2.768384e-001 -1.902853e-001 -5.185360e-001 7.258468e-001 2.482451e-001 1.233586e-001 -5.062247e-001 3.730352e-001 -3.117488e-001 3.401098e-002 -5.613487e-001 -4.721796e-001 -3.230230e-001 
1.870215e+001 3.996792e+000 -8.180316e+000 1.080543e+001 -3.247118e+000 2.770573e+000 -3.122679e+000 8.086866e-001 -6.687841e-001 -2.379988e+000 -1.395631e+000 -7.527206e-002 7.705930e-002 -7.853592e-001 8.065422e-001 -4.989041e-001 -2.175349e-001 -1.036625e+000 -2.373375e-001 -5.825621e-001 4.313797e-001 -5.282204e-001 -4.074854e-001 -3.867579e-001 
2.051367e+001 7.513803e+000 -5.744744e+000 8.906534e+000 -2.456797e+000 1.830803e+000 -3.449492e+000 -1.919545e+000 -1.239162e+000 -2.322871e+000 -1.052918e+000 1.698356e-001 -2.946764e-001 -1.041861e+000 4.675407e-001 1.716091e-001 -8.949638e-002 -1.363726e-002 1.018388e-001 7.488903e-002 -2.612824e-001 -6.311302e-001 -2.309520e-001 4.506485e-001 
1.215410e+001 1.475645e+001 -5.123924e+000 7.440332e+000 -1.721630e+000 3.939296e+000 -3.747799e+000 -1.505672e+000 -6.253104e-001 -2.948821e+000 -7.282511e-001 -1.156959e+000 1.081751e-001 -6.139265e-001 1.361149e+000 7.073904e-001 1.523150e-002 -7.934926e-001 -9.758631e-002 -3.101730e-002 -5.828121e-001 2.503177e-001 -3.791290e-001 -1.723718e-001 
1.609856e+001 8.579396e+000 -6.541794e+000 8.055602e+000 -2.236330e+000 3.216117e+000 -1.419429e+000 -5.358983e-001 2.212778e-001 -2.046967e+000 1.318943e-001 -3.479027e-001 2.711775e-001 -9.789699e-001 9.607598e-001 -1.558204e-001 -2.380108e-001 -4.453080e-001 -4.246232e-001 7.407714e-001 -5.536440e-001 -7.694715e-002 -9.311035e-001 -4.819687e-002 
1.839122e+001 7.017998e+000 -9.119070e+000 1.062316e+001 -4.663845e+000 3.610805e+000 -3.099806e+000 1.600173e+000 -3.485453e-001 -1.738114e+000 -1.986801e-001 2.556786e-001 6.701346e-001 -1.498666e+000 1.047532e+000 -8.591751e-001 -1.158189e-002 -1.266089e+000 4.077581e-001 -3.312638e-001 3.507607e-001 -7.072394e-001 -6.047321e-001 -2.519438e-001 
1.884507e+001 3.266674e+000 -9.358305e+000 1.004909e+001 -5.571110e+000 1.880695e+000 -4.147274e+000 7.074369e-001 3.581555e-001 -1.962615e+000 -4.433449e-001 7.909972e-002 4.621961e-002 -1.088017e+000 5.743488e-001 -4.516076e-001 -3.373528e-001 -1.172985e+000 4.544221e-001 -1.933952e-002 1.241350e-001 -7.766172e-001 -4.124360e-001 -6.457835e-002 
1.820235e+001 3.603239e+000 -9.949887e+000 1.055479e+001 -5.032925e+000 2.266319e+000 -4.877878e+000 6.244150e-001 -3.264812e-001 -1.070314e+000 -4.699417e-001 7.847174e-001 -3.671082e-001 -1.250038e+000 -1.005906e-001 -2.271965e-001 -3.967378e-001 -7.286817e-001 1.820365e-002 3.307894e-001 4.712299e-001 -7.408334e-001 -4.085691e-001 -5.342569e-002 
1.826820e+001 1.380700e+000 -8.495194e+000 8.988061e+000 -4.720029e+000 4.122916e-001 -3.720735e+000 -8.163733e-001 4.066702e-001 -1.514522e+000 -7.484563e-001 2.861703e-001 6.074816e-001 -6.961753e-001 2.889325e-001 -3.848734e-001 -4.787519e-001 -4.664540e-001 7.108851e-001 5.482630e-001 2.832947e-001 -2.631620e-001 -2.201820e-001 1.460401e-001 
1.688981e+001 2.876420e+000 -1.085453e+001 9.798624e+000 -5.273962e+000 2.182136e+000 -4.669039e+000 7.482022e-001 -5.722073e-001 -9.965660e-001 -8.151321e-001 1.383348e-001 -4.015872e-001 -1.283223e+000 6.454291e-001 -3.849594e-001 5.451109e-001 -3.735524e-001 5.844283e-001 -4.866916e-001 4.355866e-001 -8.312945e-001 -2.943488e-001 -2.846792e-001 
