16.86442 -0.5225188 -9.630252 11.892070000000002 -2.117796 6.808756000000001 -3.81146 1.1753470000000001 -1.983525 0.4850241999999999 -2.118889 -1.3291129999999998 -1.7893170000000003 -2.569734 -0.4711371999999999 -1.476523 1.7343449999999998 -0.60542 0.9041880999999999 -0.8609128999999999 0.9785132 -0.7491431999999999 0.33825599999999995 0.11427980000000001 
17.223340000000004 -2.7371860000000003 -9.192765 10.141419999999998 -1.589062 5.191647 -2.869702 0.4125768 -1.7068030000000003 -1.121345 -2.5033239999999997 -2.163038 -1.8138559999999997 -1.898697 -0.4116927000000001 -0.9206769999999997 1.4901479999999998 0.08748851 1.0748870000000001 -0.2967865 0.8725552 -0.6890356 0.05884268999999999 -0.1996951 
15.92671 -2.606924 -11.833299999999998 9.75862 -2.371711 5.338563 -3.6115600000000003 -0.03719908 -2.7517029999999996 -1.407521 -3.050186 -2.715771 -2.388195 -2.763665 -0.6683738999999999 -1.4210759999999998 0.8850971999999999 -0.4942178999999999 0.8717857999999998 -0.38766880000000004 0.7225786000000001 -0.5521039 -0.0746138 -0.1195891 
15.473569999999999 -4.101767 -12.00367 8.793216 -1.926209 4.661693 -3.7450900000000003 -0.586643 -1.30805 -2.0886150000000003 -2.396578 -2.8470970000000007 -1.828882 -2.368914 -0.6164509000000001 -1.1222069999999997 0.6768088 -0.3944614 0.3340136 0.07946750000000001 0.4551097 0.4564286000000001 -0.027857920000000005 -0.20425230000000003 
14.38037 -4.844558 -12.596199999999998 11.26887 -1.3490509999999998 5.808374999999999 -3.562673 -0.7348106000000001 -2.532919 -1.231543 -2.288668 -1.8967639999999997 -1.122273 -1.8532410000000001 0.028080369999999997 -1.6770379999999998 0.8975061000000001 -1.0984739999999997 0.03736676 -0.26024549999999996 0.9585048 0.6986553 0.7288559 0.26164800000000005 
14.843900000000001 -3.9240360000000005 -13.566630000000002 10.01603 -2.817221 6.019168999999999 -3.585317 1.525202 -1.166696 -1.048798 -2.6550119999999997 -2.0885889999999994 -0.6497612 -1.6921909999999998 -0.3141384 -1.5590759999999997 1.191638 -1.289352 0.5856908 -0.19136559999999997 1.387917 0.26934909999999995 0.5723547 -0.01948414 
12.923910000000003 -4.649843 -13.890739999999997 10.544399999999998 -3.818255999999999 5.509171000000001 -3.6662819999999994 1.7042059999999997 -1.1124220000000002 -1.0600249999999998 -2.713252 -3.0059630000000004 -1.586335 -2.231779 -0.12928359999999997 -1.710426 0.9325826 -0.6652651 0.8597055000000002 -0.1087901 0.8019267 0.24208080000000004 -0.2864336 -0.35198509999999994 
20.15218 -0.8116968 -6.63877 9.503591 -0.1575713 3.585470999999999 -1.929406 -0.7891827 -0.2785895 -1.043132 -1.152978 -1.069091 -0.42738280000000006 -1.1803299999999999 -0.2985802 -0.5782184 0.47951420000000006 -0.04365826 -0.25528219999999996 0.013090619999999999 0.031561 -0.026501229999999994 -0.1583818 -0.1447556 
17.68666 -0.01607345 -10.1213 10.83524 -1.920513 7.029353 -2.9447830000000006 1.7302560000000002 -1.4906819999999998 -0.3218176 -2.816689 -1.7057040000000003 -1.1170860000000002 -1.665837 0.39541970000000004 -1.451823 1.488346 -0.8246738000000001 0.9715990000000001 -0.6684511999999999 0.5342544 -1.561615 -0.29944870000000007 0.07796749000000001 
15.928200000000002 -3.5961399999999992 -12.003569999999998 8.54553 -2.131335 7.066076000000001 -1.6130189999999998 1.4431209999999999 -1.80672 -0.9034155999999999 -2.9681880000000005 -2.341991 -1.410807 -0.5071709000000001 1.192329 -0.7843793999999998 1.332558 -0.6815713 1.053641 -0.6742239000000001 0.9060487000000002 -0.6729988000000001 0.30645189999999994 -0.2393121 
15.34277 -3.638797 -12.53081 8.399212 -2.601282 5.085470999999999 -2.830821 1.275557 -1.229622 -1.2868709999999999 -3.255917 -2.7602839999999995 -1.8875569999999997 -2.310824 -0.2581803 -0.8106954000000001 1.650091 -0.07164301 1.220409 -0.19333899999999998 0.6755455 -0.9449820999999999 -0.7277009000000001 -0.492635 
14.503379999999996 -2.131611 -13.00372 9.670840999999998 -4.213307999999999 4.881816 -4.516714 0.6813358000000002 -1.496164 -1.941312 -2.72086 -3.3823909999999993 -2.230313 -3.403578 -0.5403472000000001 -1.18114 1.7398139999999995 -0.38021599999999994 0.9461318 -0.6021879 0.2302343 -0.24920919999999996 -0.35790530000000004 -0.4111987 
14.843639999999997 -2.873495 -11.2555 11.76142 -3.2355820000000004 3.319768 -4.882181 0.09247547 -0.7312632 -0.5087937 -2.976324 -3.7151989999999993 -2.070541 -2.1988559999999997 -0.1754727 -1.829917 1.263656 -0.21889 0.8840287 -0.1360044 0.2819193 -0.35104930000000006 -0.007218468 -0.037100589999999996 
16.67613 -3.2993230000000002 -11.037819999999998 10.16641 -2.083866 4.435130999999999 -4.070633999999999 -0.5351684 -1.209537 -1.128475 -2.29087 -3.3180669999999997 -2.25557 -2.1718620000000004 -0.5685909000000001 -0.9811151999999999 1.244562 -0.12605829999999998 0.9128339 -0.187843 -0.03065166 -0.4332983000000001 0.3018342 0.024374139999999996 
15.366460000000002 -2.229709 -12.386740000000001 9.957202 -3.576307 5.326826 -4.532705 0.2850569 -2.27956 -1.8393979999999996 -3.170016 -3.4139100000000004 -2.254699 -2.586116 -0.28339239999999993 -1.2855039999999998 1.097523 -0.8579084999999999 0.9307827 -0.4602002 0.5989635 -0.4477777 -0.2886828000000001 -0.4891874 
