-2.385966e+001 6.452547e+000 -1.735402e+000 1.769195e+000 3.386920e+000 1.977816e+000 9.336573e-001 -2.190333e-001 1.212963e+000 -7.058353e-001 -4.763826e-001 -4.602952e-001 3.258655e-001 -1.383923e-001 5.874264e-001 4.065963e-001 7.728273e-001 -3.947357e-001 -6.965452e-001 -4.039282e-001 -8.517351e-001 -4.202876e-001 1.849514e-002 -2.156638e-001 
-9.695027e+000 1.050413e+001 -8.792173e+000 -9.007758e-003 2.597537e+000 2.831335e+000 -1.620532e+000 -1.632927e+000 2.334776e+000 -1.423481e+000 7.474513e-001 -1.462957e+000 -1.075546e+000 -1.017784e+000 -8.425754e-002 -4.214482e-001 7.884836e-002 8.656138e-002 -3.434945e-002 6.591025e-001 -1.054161e+000 1.463426e-001 -3.134997e-001 -3.907380e-001 
-7.853848e+000 1.158280e+001 -9.490970e+000 6.800943e-002 1.876512e+000 1.693195e+000 -1.400808e+000 -9.100651e-001 2.019485e+000 -8.994300e-001 1.001881e+000 -1.021807e+000 -3.910300e-001 -4.374358e-001 9.836557e-001 4.396683e-002 3.053270e-001 3.979886e-001 4.106866e-002 5.668858e-001 -8.653725e-001 3.583196e-001 2.607811e-002 2.517088e-001 
-5.150635e+000 1.389460e+001 -6.238747e+000 4.126539e+000 4.072193e+000 1.927944e+000 -1.587252e+000 -7.682386e-001 5.378431e-001 -1.593086e+000 1.132680e+000 -9.847649e-001 -1.385999e+000 -8.037871e-001 1.370836e+000 -7.071471e-001 -8.337911e-001 -2.143673e-001 -4.054720e-001 2.864674e-001 -1.028645e+000 2.382826e-001 1.403782e-001 -2.897005e-001 
-3.264140e+000 1.566943e+001 -3.721356e+000 5.656022e+000 4.898142e+000 2.404646e+000 -2.336584e+000 -2.810294e+000 2.086694e-001 2.383474e-001 1.926926e+000 -1.331907e+000 -1.614644e+000 -6.383505e-001 1.508753e+000 3.512571e-001 -1.241876e+000 -1.515672e+000 -7.212162e-001 4.056640e-001 -1.415051e-001 -1.694969e-001 -1.302341e-001 -7.208668e-001 
1.106118e+000 1.458436e+001 -1.794538e+000 5.441524e+000 5.377165e+000 2.549408e+000 -1.538830e+000 -3.758828e+000 -5.696615e-001 1.437083e+000 1.134585e+000 -1.369031e+000 -2.341547e+000 -6.811926e-001 1.530289e+000 6.230262e-001 -1.395507e+000 -1.351653e+000 -3.838102e-001 -1.082306e-001 -7.165544e-001 -3.595669e-001 2.369245e-001 -4.869697e-001 
2.829063e+000 1.723128e+001 -4.822882e+000 8.615423e+000 4.429475e+000 1.863444e+000 -1.795260e+000 -4.138195e+000 1.723528e+000 3.884750e-001 2.103522e-001 -3.794494e+000 -3.124744e+000 -1.233038e-001 1.795433e+000 2.464795e+000 -6.086229e-001 -5.746530e-001 -6.846894e-001 -1.249447e+000 -8.704088e-001 -1.123112e+000 -8.124427e-002 -1.645809e+000 
8.136213e+000 1.434802e+001 -1.780012e+000 5.914828e+000 4.072049e+000 1.467181e+000 -1.662999e+000 -3.013078e+000 5.275020e-001 7.058301e-001 -6.270352e-001 -3.174210e+000 -2.654463e+000 5.345579e-001 1.964104e+000 1.264262e+000 -8.033211e-001 -8.955831e-001 -7.559744e-001 -1.064085e+000 -9.940257e-001 -5.541189e-001 2.923861e-002 -1.179619e+000 
8.653629e+000 1.452504e+001 -1.451951e+000 5.669177e+000 3.606405e+000 1.440481e+000 -1.723418e+000 -2.818719e+000 6.431389e-001 4.280596e-001 -9.908458e-001 -3.261867e+000 -2.135678e+000 7.187745e-001 1.705171e+000 1.008017e+000 -9.474518e-001 -4.370555e-001 -5.433462e-001 -1.183534e+000 -1.079196e+000 -1.023995e+000 -6.668868e-002 -7.731145e-001 
6.892163e+000 1.685168e+001 -2.904479e+000 6.865737e+000 2.154557e+000 1.887594e+000 -1.970916e+000 -3.474003e+000 1.851371e+000 -2.412468e-001 -1.076112e+000 -3.508744e+000 -1.803934e+000 1.049254e+000 1.208291e+000 1.139766e+000 -1.083750e+000 -4.470963e-001 -4.761081e-001 -1.131726e+000 -1.098980e+000 -1.241483e+000 4.856937e-001 -1.047667e+000 
8.962882e+000 1.461781e+001 -9.487300e-001 4.524469e+000 3.435042e+000 1.403572e+000 -2.082439e+000 -2.834319e+000 1.259611e+000 3.854253e-001 -1.963034e+000 -3.200848e+000 -1.707048e+000 9.551866e-001 1.535018e+000 7.378932e-001 -7.378792e-001 -7.341507e-001 -3.997747e-001 -9.857171e-001 -1.458448e+000 -8.004219e-001 9.663984e-002 -7.955565e-001 
7.753602e+000 1.610084e+001 -1.946720e+000 5.023048e+000 3.282939e+000 1.537158e+000 -2.164787e+000 -3.110767e+000 1.415311e+000 1.169987e-001 -1.782062e+000 -2.996160e+000 -1.688221e+000 8.381985e-001 1.315253e+000 8.016766e-001 -7.769686e-001 -6.713837e-001 -5.599239e-001 -1.025684e+000 -1.202172e+000 -9.341172e-001 1.719300e-001 -6.405817e-001 
7.314780e+000 1.653214e+001 -2.263152e+000 5.214603e+000 3.518462e+000 1.496511e+000 -2.026277e+000 -3.231715e+000 1.094025e+000 4.587450e-001 -1.736227e+000 -3.438837e+000 -1.478893e+000 8.461080e-001 1.162336e+000 1.006526e+000 -6.378498e-001 -5.304070e-001 -5.141261e-001 -1.045945e+000 -1.199730e+000 -1.105441e+000 3.653767e-002 -9.075733e-001 
7.721610e+000 1.627076e+001 -1.762990e+000 4.489266e+000 3.920573e+000 1.607229e+000 -2.139462e+000 -3.275759e+000 9.611719e-001 4.466170e-001 -1.969460e+000 -3.205948e+000 -1.486468e+000 8.975873e-001 1.314370e+000 8.295765e-001 -5.593459e-001 -6.815076e-001 -4.596036e-001 -1.044266e+000 -1.375015e+000 -8.422566e-001 -1.269754e-002 -8.555570e-001 
6.417426e+000 1.786801e+001 -3.303006e+000 5.685279e+000 3.472079e+000 1.552584e+000 -1.961859e+000 -3.094199e+000 1.094077e+000 -1.710979e-001 -1.273440e+000 -3.406422e+000 -1.776403e+000 1.052179e+000 1.231281e+000 9.179618e-001 -6.727876e-001 -3.293732e-001 -7.050020e-001 -1.269646e+000 -7.931145e-001 -1.243750e+000 -2.202762e-001 -5.636962e-001 
7.610095e+000 1.628384e+001 -2.554659e+000 5.432288e+000 4.066056e+000 9.469692e-001 -1.656075e+000 -2.594183e+000 6.041197e-001 8.963760e-002 -1.550544e+000 -3.550564e+000 -2.059972e+000 1.263932e+000 1.479747e+000 6.135920e-001 -1.432086e-001 -2.135970e-001 -9.194360e-001 -1.272313e+000 -8.112521e-001 -1.136687e+000 -6.471019e-001 -4.127058e-001 
4.987090e+000 1.952509e+001 -5.099741e+000 7.612814e+000 2.841524e+000 1.309211e+000 -1.624399e+000 -3.808342e+000 2.123452e+000 -7.902572e-001 -4.628973e-001 -4.111137e+000 -1.918456e+000 1.250742e+000 1.199304e+000 1.252637e+000 -9.389786e-001 7.937056e-002 -1.125752e+000 -1.517806e+000 -2.149638e-002 -1.625986e+000 -1.085969e-001 -9.418978e-001 
8.241897e+000 1.579367e+001 -1.490228e+000 4.533374e+000 3.983492e+000 1.414738e+000 -1.803411e+000 -2.844432e+000 5.750145e-001 4.295117e-001 -1.707363e+000 -3.483333e+000 -1.601807e+000 1.118182e+000 1.312321e+000 5.581539e-001 -2.870549e-001 -2.619584e-001 -9.486568e-001 -1.226488e+000 -9.074714e-001 -9.364023e-001 -3.430844e-001 -7.560420e-001 
8.258042e+000 1.541147e+001 -1.253078e+000 4.592661e+000 4.191349e+000 1.090281e+000 -1.927182e+000 -2.656509e+000 4.263017e-001 5.030996e-001 -1.699706e+000 -3.554852e+000 -1.684891e+000 1.093791e+000 1.475012e+000 5.225465e-001 -3.162533e-001 -2.236430e-001 -1.059325e+000 -1.211464e+000 -7.846168e-001 -9.465934e-001 -4.263060e-001 -7.224450e-001 
6.772767e+000 1.723839e+001 -3.213311e+000 6.045998e+000 3.851532e+000 1.147833e+000 -1.946489e+000 -2.821188e+000 8.943438e-001 -3.850537e-002 -1.192415e+000 -3.607445e+000 -2.108217e+000 1.252668e+000 1.493168e+000 7.009516e-001 -4.006059e-001 -6.698958e-002 -1.084926e+000 -1.274183e+000 -5.886386e-001 -1.177194e+000 -4.237209e-001 -7.312745e-001 
9.441791e+000 1.476937e+001 -1.903404e+000 4.748490e+000 4.570847e+000 7.333973e-001 -1.897668e+000 -1.830597e+000 1.066742e-001 9.849605e-003 -1.053108e+000 -3.472657e+000 -2.151980e+000 1.173427e+000 1.644140e+000 4.158424e-001 -2.796912e-001 8.822995e-002 -1.019373e+000 -1.386744e+000 -7.817167e-001 -1.018409e+000 -4.847949e-001 -5.265193e-001 
8.890756e+000 1.531709e+001 -2.497102e+000 5.414378e+000 4.376768e+000 4.975965e-001 -2.031523e+000 -2.014779e+000 4.541423e-001 1.070468e-001 -1.074312e+000 -3.444341e+000 -2.399382e+000 1.191010e+000 1.918983e+000 3.940428e-001 -3.808360e-001 -1.507040e-001 -1.131583e+000 -1.215061e+000 -6.272744e-001 -9.659715e-001 -5.755034e-001 -4.424928e-001 
7.559800e+000 1.728713e+001 -4.641873e+000 7.102934e+000 3.480354e+000 6.777215e-001 -2.094723e+000 -2.029860e+000 8.810678e-001 -6.130926e-001 -3.553152e-001 -3.992118e+000 -2.190030e+000 1.098555e+000 1.890549e+000 7.670187e-001 -8.637119e-001 1.921684e-001 -1.192616e+000 -1.415606e+000 -3.118343e-001 -1.182217e+000 -4.668547e-001 -4.838568e-001 
9.753585e+000 1.448738e+001 -2.044316e+000 5.110246e+000 4.430651e+000 -9.211407e-002 -1.899226e+000 -1.543394e+000 -6.775159e-003 2.083432e-001 -7.125135e-001 -3.428738e+000 -2.352811e+000 1.089130e+000 1.887973e+000 3.716921e-001 -6.778367e-001 8.802275e-002 -9.154757e-001 -1.546086e+000 -5.649142e-001 -7.970801e-001 -5.714259e-001 -3.636686e-001 
8.812049e+000 1.500831e+001 -2.341643e+000 5.728226e+000 4.167738e+000 2.660444e-003 -2.066109e+000 -1.609597e+000 3.683733e-001 2.007622e-001 -6.984863e-001 -3.506246e+000 -2.368124e+000 8.464477e-001 1.917547e+000 6.420215e-001 -7.755299e-001 1.027058e-001 -1.104863e+000 -1.386073e+000 -3.640041e-001 -1.097782e+000 -4.768122e-001 -4.384934e-001 
7.105039e+000 1.717308e+001 -3.958638e+000 6.445607e+000 3.502451e+000 2.476893e-001 -1.972098e+000 -1.727802e+000 7.821181e-001 -2.947409e-001 -6.792729e-001 -3.473619e+000 -2.320753e+000 1.201264e+000 1.930129e+000 1.311753e-001 -7.721390e-001 2.562678e-001 -1.060212e+000 -1.547550e+000 -4.169279e-001 -1.010189e+000 -4.809754e-001 -1.678684e-001 
8.988612e+000 1.442598e+001 -1.886529e+000 4.986684e+000 4.303186e+000 1.536668e-001 -2.021461e+000 -1.634941e+000 3.106472e-001 1.140776e-002 -1.016931e+000 -3.283062e+000 -2.195234e+000 1.251518e+000 1.790513e+000 -1.826642e-002 -6.621237e-001 3.045253e-001 -9.839949e-001 -1.511894e+000 -6.160765e-001 -1.047690e+000 -4.637133e-001 -7.912145e-002 
9.927567e+000 1.308262e+001 -8.655430e-001 4.198074e+000 4.641930e+000 2.643323e-001 -1.954270e+000 -1.504419e+000 7.337018e-002 1.913051e-001 -1.270138e+000 -3.359800e+000 -2.103401e+000 1.181646e+000 1.716613e+000 5.728645e-003 -3.905266e-001 1.998205e-001 -7.691516e-001 -1.249277e+000 -7.357102e-001 -9.172408e-001 -5.449825e-001 -5.072176e-002 
-5.167942e-001 9.762046e+000 1.200355e+000 2.669792e+000 3.958383e+000 8.778738e-001 -1.603937e+000 -1.511610e+000 -6.825034e-001 -1.786531e-001 -7.200131e-001 -1.886554e+000 -9.634241e-001 1.036877e+000 8.893183e-001 -6.771736e-001 -5.001756e-001 4.454585e-001 7.055897e-002 -5.283777e-001 -2.681444e-001 -1.573835e-001 -1.586572e-001 1.581843e-001 
-1.497205e+001 8.637828e+000 -7.459527e+000 -1.063634e-002 3.271290e+000 3.036078e+000 -8.141374e-001 -1.217004e+000 2.114691e+000 -9.721307e-001 -1.805186e-002 -7.803797e-001 -8.822159e-001 -9.161793e-001 -1.925389e-002 -3.135550e-001 1.740971e-001 -2.721193e-001 -1.593387e-001 6.905111e-002 -9.671694e-001 -2.533818e-001 9.398942e-003 -3.079242e-001 
-9.390607e+000 1.111469e+001 -8.522514e+000 6.327841e-001 2.335535e+000 2.168879e+000 -1.502774e+000 -1.384455e+000 1.813667e+000 -1.034481e+000 1.110607e+000 -1.374819e+000 -8.443425e-001 -7.158580e-001 4.513700e-001 -9.838257e-002 4.343785e-001 3.869134e-001 9.910325e-003 7.327685e-001 -1.340078e+000 4.592999e-001 -5.482490e-001 -1.790207e-001 
-6.050114e+000 1.248961e+001 -8.599012e+000 1.614007e+000 3.075979e+000 2.005232e+000 -1.347377e+000 -6.007128e-001 1.463787e+000 -1.182104e+000 4.131388e-001 -1.415953e+000 -1.241422e+000 -9.000184e-001 1.019262e+000 -3.793950e-001 -2.988670e-001 1.808009e-001 3.280183e-002 2.554911e-001 -1.131170e+000 1.257590e-001 9.410964e-002 3.057122e-002 
-4.098432e+000 1.446961e+001 -3.815225e+000 4.500081e+000 5.307625e+000 1.799491e+000 -2.010694e+000 -1.905165e+000 2.973591e-001 -3.915865e-001 1.340245e+000 -8.758925e-001 -1.845565e+000 -4.632292e-001 1.152789e+000 -1.800471e-001 -1.005350e+000 -8.008803e-001 -4.606861e-001 2.432068e-001 -3.164322e-001 -1.316985e-001 6.514665e-002 -8.048548e-001 
-8.097167e-001 1.422669e+001 -1.625850e+000 4.581898e+000 5.535333e+000 2.773692e+000 -1.860618e+000 -3.444817e+000 -3.493559e-001 1.532082e+000 1.560033e+000 -1.056222e+000 -2.100921e+000 -5.252753e-001 1.367509e+000 4.687401e-001 -1.581263e+000 -1.837159e+000 -5.753414e-001 2.430180e-001 -2.040941e-001 -3.616929e-001 -8.896772e-002 -2.346522e-001 
6.350376e-001 1.709445e+001 -4.206432e+000 8.462953e+000 4.535385e+000 2.386948e+000 -2.064965e+000 -4.304816e+000 1.330130e+000 4.208817e-001 8.297306e-001 -3.276466e+000 -2.313619e+000 -6.037466e-001 1.700163e+000 1.643344e+000 -8.470424e-001 -7.041479e-001 -6.765383e-001 -7.573294e-001 -1.008239e+000 -6.679281e-001 -1.356067e-002 -1.214403e+000 
6.217891e+000 1.503797e+001 -2.831148e+000 6.678989e+000 4.767526e+000 1.845233e+000 -1.819590e+000 -2.928151e+000 9.117106e-001 5.382296e-001 -4.012693e-001 -3.431595e+000 -3.133984e+000 2.986890e-001 2.039465e+000 1.749293e+000 -5.086620e-001 -5.427715e-001 -7.764533e-001 -1.263803e+000 -1.049882e+000 -9.055192e-001 -1.558911e-001 -1.440288e+000 
7.439086e+000 1.509888e+001 -2.080501e+000 6.354226e+000 3.447861e+000 1.387725e+000 -1.744190e+000 -2.741150e+000 7.632160e-001 1.750852e-001 -7.968986e-001 -3.488439e+000 -2.328980e+000 7.962126e-001 1.718600e+000 1.369042e+000 -8.473270e-001 -5.691000e-001 -6.339681e-001 -1.217873e+000 -1.027948e+000 -9.406427e-001 -1.390514e-002 -1.154975e+000 
4.581805e+000 1.936749e+001 -5.141469e+000 8.572368e+000 1.642550e+000 1.879513e+000 -1.587967e+000 -4.134372e+000 2.610272e+000 -1.549366e+000 4.012767e-001 -4.402398e+000 -1.401915e+000 8.633069e-001 1.155739e+000 1.456471e+000 -1.481844e+000 -4.198049e-002 -8.697503e-001 -8.961682e-001 -1.030852e+000 -1.301465e+000 3.871689e-001 -1.017485e+000 
8.057345e+000 1.519707e+001 -1.432060e+000 5.310828e+000 2.873830e+000 1.664032e+000 -2.109412e+000 -2.964712e+000 1.564519e+000 1.731018e-001 -1.643344e+000 -3.365306e+000 -1.921140e+000 1.102728e+000 1.541401e+000 8.841896e-001 -8.457292e-001 -8.141598e-001 -5.507428e-001 -9.262490e-001 -1.249932e+000 -9.174417e-001 1.911094e-001 -9.649411e-001 
7.829217e+000 1.584006e+001 -1.655187e+000 4.801493e+000 3.256890e+000 1.496614e+000 -2.184418e+000 -2.929392e+000 1.533599e+000 2.430308e-001 -1.822985e+000 -3.064125e+000 -1.622985e+000 8.202296e-001 1.301529e+000 8.365310e-001 -7.642897e-001 -7.007891e-001 -4.982860e-001 -9.840098e-001 -1.283286e+000 -9.256163e-001 1.784167e-001 -7.110631e-001 
5.104098e+000 1.925848e+001 -4.562613e+000 6.876957e+000 2.179706e+000 1.815736e+000 -1.860552e+000 -4.058317e+000 2.267845e+000 -6.680944e-001 -1.083927e+000 -3.611308e+000 -1.355402e+000 8.760586e-001 8.071108e-001 1.507359e+000 -1.178999e+000 -4.604402e-001 -4.812440e-001 -1.237944e+000 -8.335584e-001 -1.397160e+000 6.164652e-001 -1.107325e+000 
8.169097e+000 1.493044e+001 -8.031724e-001 4.064899e+000 4.203680e+000 1.391143e+000 -1.776471e+000 -2.835738e+000 6.133532e-001 6.844597e-001 -2.240624e+000 -3.276553e+000 -1.239332e+000 6.787723e-001 1.195566e+000 8.661174e-001 -3.723400e-001 -5.921070e-001 -3.673046e-001 -1.082536e+000 -1.592068e+000 -8.610473e-001 -1.992354e-001 -8.091383e-001 
7.979966e+000 1.543954e+001 -1.035037e+000 3.894692e+000 4.105734e+000 1.474386e+000 -2.132307e+000 -2.756468e+000 7.564320e-001 2.337416e-001 -1.989042e+000 -3.096834e+000 -1.423476e+000 7.959911e-001 1.321794e+000 7.934931e-001 -5.333346e-001 -6.447727e-001 -5.127710e-001 -1.076960e+000 -1.341597e+000 -8.722342e-001 -9.189535e-002 -5.574029e-001 
6.633423e+000 1.726772e+001 -3.253096e+000 5.730797e+000 3.770531e+000 1.073375e+000 -1.650632e+000 -2.715633e+000 8.933292e-001 -1.906563e-001 -1.423592e+000 -3.566423e+000 -1.962545e+000 1.182395e+000 1.380997e+000 7.768864e-001 -3.498725e-001 -1.735809e-001 -8.230277e-001 -1.321166e+000 -7.427663e-001 -1.284413e+000 -5.705295e-001 -4.323215e-001 
8.857932e+000 1.463185e+001 -1.394420e+000 4.619253e+000 4.352173e+000 7.739574e-001 -1.755106e+000 -2.447814e+000 3.740615e-001 4.222230e-001 -1.635755e+000 -3.303572e+000 -1.972943e+000 1.093531e+000 1.622520e+000 4.177941e-001 -1.779791e-001 -3.105514e-001 -9.995325e-001 -1.216747e+000 -8.164298e-001 -8.558725e-001 -6.318853e-001 -4.312935e-001 
7.242972e+000 1.658301e+001 -2.399222e+000 5.258362e+000 3.724765e+000 1.322938e+000 -1.817052e+000 -2.827597e+000 9.451254e-001 1.491195e-001 -1.589688e+000 -3.404697e+000 -1.796784e+000 1.087611e+000 1.365391e+000 5.513728e-001 -3.575090e-001 -4.068333e-002 -9.864804e-001 -1.295020e+000 -7.483027e-001 -1.140175e+000 -3.862770e-001 -6.973215e-001 
6.106778e+000 1.773165e+001 -3.008927e+000 5.831896e+000 3.464529e+000 1.678724e+000 -1.905054e+000 -3.167091e+000 9.787403e-001 1.263577e-002 -1.279315e+000 -3.852985e+000 -1.492263e+000 1.146862e+000 1.107388e+000 1.013416e+000 -5.471497e-001 -2.715701e-001 -1.059249e+000 -1.258618e+000 -6.018121e-001 -1.181264e+000 -1.153964e-001 -9.496511e-001 
6.963792e+000 1.677941e+001 -2.499591e+000 5.474905e+000 3.901117e+000 9.906613e-001 -1.858173e+000 -2.782280e+000 7.601217e-001 1.791060e-001 -1.499747e+000 -3.408146e+000 -1.959015e+000 1.163812e+000 1.464667e+000 4.493114e-001 -3.480959e-001 1.177219e-002 -1.038315e+000 -1.299221e+000 -6.890720e-001 -1.098912e+000 -4.672185e-001 -6.614383e-001 
7.215205e+000 1.676221e+001 -3.227119e+000 5.984913e+000 3.915496e+000 1.079279e+000 -2.021259e+000 -2.318548e+000 8.258492e-001 -4.202371e-001 -9.167290e-001 -3.453316e+000 -2.384254e+000 1.207757e+000 1.716888e+000 5.476452e-001 -3.976738e-001 1.926222e-001 -1.150095e+000 -1.460758e+000 -4.979417e-001 -1.173422e+000 -5.312747e-001 -5.870731e-001 
6.631909e+000 1.772750e+001 -4.599283e+000 7.162427e+000 3.441672e+000 1.056509e+000 -2.146002e+000 -2.207526e+000 8.617838e-001 -4.809276e-001 -4.059470e-001 -4.195465e+000 -2.071924e+000 1.165554e+000 1.795419e+000 7.848703e-001 -6.874149e-001 1.523196e-001 -1.286902e+000 -1.248175e+000 -4.772398e-001 -1.166789e+000 -4.095195e-001 -7.557946e-001 
8.411044e+000 1.553957e+001 -2.761988e+000 5.711271e+000 4.182683e+000 4.139721e-001 -2.122872e+000 -1.857538e+000 5.131630e-001 -3.908886e-002 -9.254586e-001 -3.544310e+000 -2.501973e+000 1.184525e+000 2.088475e+000 4.404398e-001 -5.903135e-001 2.129163e-002 -1.171319e+000 -1.317577e+000 -4.917377e-001 -9.906302e-001 -5.760036e-001 -4.834832e-001 
7.593399e+000 1.682298e+001 -4.357085e+000 7.013543e+000 3.387340e+000 5.499877e-001 -1.823558e+000 -2.143972e+000 8.835830e-001 -3.281897e-001 -5.504881e-001 -3.946536e+000 -2.511469e+000 1.330204e+000 1.838848e+000 8.182692e-001 -7.862563e-001 1.369523e-001 -1.036395e+000 -1.559259e+000 -3.201885e-001 -1.141287e+000 -5.244002e-001 -6.683657e-001 
6.330981e+000 1.780682e+001 -4.738075e+000 7.524664e+000 3.254852e+000 5.813487e-001 -2.047385e+000 -2.087756e+000 8.847520e-001 -4.483438e-001 1.561181e-002 -4.158070e+000 -2.189563e+000 8.004479e-001 1.924301e+000 9.501406e-001 -9.535773e-001 2.535200e-001 -1.205054e+000 -1.413866e+000 -3.416669e-001 -1.149012e+000 -3.620049e-001 -6.295140e-001 
7.827696e+000 1.553380e+001 -2.859803e+000 5.884453e+000 4.310482e+000 8.373225e-002 -1.946265e+000 -1.688143e+000 3.885751e-001 -4.048946e-002 -8.307972e-001 -3.426117e+000 -2.434998e+000 1.035738e+000 1.928984e+000 4.181561e-001 -6.296108e-001 2.412615e-001 -1.009332e+000 -1.487932e+000 -5.550204e-001 -1.101045e+000 -5.594805e-001 -3.260648e-001 
7.616433e+000 1.579545e+001 -3.043004e+000 5.946063e+000 3.947603e+000 2.005898e-001 -2.032224e+000 -1.741046e+000 7.263152e-001 -2.231198e-001 -8.937404e-001 -3.560484e+000 -2.354461e+000 1.392313e+000 1.804450e+000 1.826593e-001 -7.306921e-001 3.518382e-001 -1.016273e+000 -1.513245e+000 -4.534072e-001 -1.231362e+000 -4.884180e-001 -2.816294e-001 
