-3.373221e+000 1.861173e+001 -9.550600e-001 3.984459e+000 3.163819e+000 1.768512e+000 -1.647204e+000 -2.156910e+000 5.571432e-001 -5.253527e-001 -5.483633e-001 -1.442608e+000 -1.587577e-001 1.437623e-001 7.009674e-001 -3.166071e-001 -8.954255e-001 6.687384e-002 -5.925098e-001 -1.690634e+000 -2.378030e-001 -3.793241e-001 5.387262e-002 9.527240e-002 
-7.358020e+000 1.786406e+001 3.265640e+000 3.184727e+000 4.274893e+000 1.710202e+000 -9.134134e-001 -1.762849e+000 -3.771590e-001 -6.046055e-002 -3.161489e-001 -7.621125e-001 -5.768747e-002 6.775892e-003 1.689001e-001 -3.762107e-001 -1.070040e+000 -6.800411e-001 -6.187036e-001 -1.018602e+000 -3.679077e-001 2.438057e-002 3.781519e-001 4.778028e-001 
-1.167884e+001 1.818504e+001 2.578656e+000 2.937693e+000 4.747478e+000 1.291350e+000 -1.438344e+000 -1.891351e+000 1.601520e-001 2.870038e-002 -1.409711e-001 -6.435641e-001 5.476675e-001 1.554255e-001 4.842203e-002 -4.196967e-001 -5.651606e-001 -1.997110e-001 -3.712789e-001 -8.967438e-001 -1.944473e-001 -3.024733e-001 -1.852668e-001 1.382297e-001 
-1.526780e+001 1.563698e+001 7.026975e-001 1.909274e+000 4.189819e+000 1.965410e+000 -6.109272e-001 -2.036467e+000 8.687776e-001 -5.811123e-001 -2.823755e-002 -8.324039e-001 3.661835e-001 -3.751597e-001 2.789893e-001 5.692907e-002 -7.106577e-001 -1.184332e-001 1.646041e-002 -1.861387e-001 -9.418786e-001 -3.103379e-001 -2.691326e-001 9.912022e-002 
-1.760090e+001 1.442921e+001 6.498852e-002 1.261861e+000 4.691596e+000 2.403459e+000 8.240909e-001 -1.435115e+000 2.178870e-001 -1.231760e+000 4.900567e-001 -3.692578e-001 -6.860172e-002 -6.629225e-001 -1.273249e-001 -2.136080e-001 -3.294422e-001 1.464748e-001 -3.363154e-001 -1.299900e-001 -4.502263e-001 8.936939e-002 -2.150009e-002 6.966975e-001 
-1.820782e+001 1.487317e+001 -1.370077e-001 -3.891561e-001 3.530100e+000 2.725479e+000 2.913816e-001 -1.351468e+000 9.142591e-001 -8.058304e-001 1.423622e+000 -3.367074e-001 -9.604591e-002 -7.832646e-001 -7.920117e-001 -6.729776e-001 -9.699703e-001 -7.370196e-002 -7.082370e-001 -5.480041e-001 -6.805455e-001 2.424308e-001 1.075929e-001 5.367729e-001 
-2.071789e+001 1.293073e+001 -8.906122e-001 1.711340e-001 4.226763e+000 1.264647e+000 2.143507e-002 -1.164541e+000 -7.720345e-002 -2.664701e-001 1.308372e+000 -6.956145e-001 5.649628e-001 -3.154818e-001 -9.384339e-003 -1.039079e+000 -1.074077e+000 -1.833016e-001 -6.562701e-001 -9.581842e-001 -7.548850e-001 6.401571e-002 -5.023284e-001 4.948741e-002 
-2.040307e+001 1.328626e+001 -6.462384e-001 -4.114829e-001 3.707450e+000 1.605360e+000 3.016674e-001 -2.030605e+000 3.135094e-001 -6.471195e-001 4.810747e-002 -8.568275e-001 1.696204e-001 -6.558992e-001 -7.500339e-001 -9.680252e-001 -7.314593e-001 1.753340e-001 -7.131223e-001 -3.824088e-001 -6.701710e-001 3.372565e-001 -3.697997e-001 8.559645e-002 
-2.066267e+001 1.332015e+001 -4.481075e-001 5.683695e-001 4.195570e+000 2.183609e+000 -2.905373e-001 -1.563926e+000 1.070221e+000 -7.738426e-001 4.059550e-001 -5.133940e-001 7.348644e-001 2.344111e-001 3.206577e-001 -4.519328e-001 -6.187112e-001 2.932413e-001 -1.095459e-001 -5.580398e-001 -1.422918e+000 -5.799607e-001 -8.038928e-001 -3.333033e-001 
-1.812740e+001 1.217634e+001 -2.972240e+000 7.309796e-001 4.306324e+000 1.720295e+000 3.828007e-001 -1.382741e+000 7.881720e-001 -1.813754e+000 1.141770e+000 6.143842e-001 2.553279e-001 -1.419958e-001 -2.156338e-001 -8.291083e-001 -8.627310e-001 -1.938974e-001 -1.037459e+000 -2.551682e-001 -7.334918e-001 -6.848088e-001 2.288006e-001 3.832294e-001 
-1.242225e+001 1.213394e+001 -8.345138e+000 7.487428e-001 3.864573e+000 1.646451e+000 1.976220e-001 -1.793201e+000 1.958920e+000 -2.363748e+000 5.898833e-001 -1.003687e+000 -1.950307e+000 -3.131692e-001 -2.595730e-001 -6.479893e-001 -1.065208e+000 1.668962e-001 -5.265256e-001 -1.396455e-001 -2.811529e-001 -7.674096e-001 -1.031834e-001 -5.183657e-001 
-9.137237e+000 1.264102e+001 -7.534796e+000 2.549068e+000 5.010480e+000 2.862364e+000 -8.938344e-001 -1.957917e+000 2.163979e+000 -1.620646e+000 6.779892e-001 -7.272081e-001 -1.872462e+000 8.870952e-002 6.043943e-001 -2.700202e-001 -5.654124e-001 9.641774e-002 -5.920203e-001 -3.818860e-001 2.925970e-001 -1.717426e-001 -2.061555e-003 -3.609270e-001 
-7.919775e+000 1.466611e+001 -5.193754e+000 5.135238e+000 4.954513e+000 1.130588e+000 -5.333008e-001 -2.598003e+000 1.830570e+000 -1.983243e+000 7.578993e-001 -3.996427e-001 -1.236591e+000 1.218182e-001 1.371807e-001 4.210424e-001 -3.124914e-001 -5.600817e-001 -6.190568e-001 -4.797879e-001 2.428351e-001 -5.785419e-001 2.950603e-001 -3.249779e-001 
-5.735617e+000 1.442430e+001 -2.766914e+000 5.045825e+000 5.526086e+000 1.241525e+000 -1.935785e+000 -2.855063e+000 -1.280016e-001 -5.539899e-001 1.309714e+000 8.635989e-002 -1.734873e+000 -3.864281e-001 8.535682e-001 1.964717e-001 -5.084263e-001 -2.738524e-001 -7.330138e-001 -1.424491e-001 5.244901e-001 -4.323192e-001 -2.874410e-001 -2.418199e-001 
-4.202336e+000 1.676326e+001 -2.265602e+000 5.045847e+000 5.937809e+000 1.661325e+000 -1.681419e+000 -3.277927e+000 2.177373e-001 -1.717357e-001 1.180263e+000 -7.215408e-001 -3.228462e+000 -8.043954e-001 1.437699e+000 7.648517e-001 8.191183e-002 -8.264008e-001 -7.959003e-001 -2.237477e-001 -4.448612e-001 -5.339983e-001 -4.342157e-001 -1.726678e-001 
-1.514695e+000 1.975306e+001 -4.196061e+000 5.518641e+000 5.612200e+000 1.939202e+000 -2.621870e+000 -3.956877e+000 1.164560e+000 -1.070247e+000 1.332175e+000 -1.230116e+000 -4.210758e+000 -6.539768e-001 2.330853e+000 7.246443e-001 2.500184e-001 -1.612103e-001 -1.266183e+000 -6.583801e-001 -7.488811e-001 -8.336740e-001 -1.060486e+000 -8.540527e-002 
2.642436e+000 1.972239e+001 -5.546478e+000 5.434861e+000 6.536245e+000 1.890827e+000 -2.047217e+000 -4.422489e+000 3.857458e-001 -3.170773e-001 -7.197669e-001 -1.867870e+000 -3.916326e+000 4.770326e-001 2.830704e+000 7.012031e-001 7.252279e-001 -4.639426e-001 -9.787938e-001 -1.106735e+000 -5.179924e-001 -9.616760e-001 -1.575454e+000 -2.555788e-001 
3.205675e+000 2.084558e+001 -6.167024e+000 5.363177e+000 6.251347e+000 1.435813e+000 -2.230236e+000 -4.338943e+000 4.071872e-001 -2.789185e-001 -1.096230e+000 -2.075607e+000 -3.137685e+000 3.942520e-001 2.619561e+000 6.504629e-001 8.739697e-001 -7.938764e-001 -6.685673e-001 -1.021025e+000 -8.926529e-001 -8.530632e-001 -9.811536e-001 -4.499761e-001 
5.963317e+000 1.768635e+001 -3.255111e+000 3.283000e+000 6.362786e+000 1.585145e+000 -2.743662e+000 -3.155629e+000 -1.525511e-002 -3.693725e-002 -1.098601e+000 -2.401308e+000 -2.840237e+000 2.571461e-001 2.069717e+000 9.831084e-001 4.166948e-001 -4.752155e-002 -7.126102e-001 -1.172193e+000 -9.519732e-001 -9.856065e-001 -1.033158e+000 -2.105612e-001 
5.244748e+000 1.871775e+001 -4.552088e+000 4.479115e+000 6.207294e+000 1.380484e+000 -2.635601e+000 -3.656713e+000 3.653308e-001 1.486046e-001 -8.269335e-001 -2.552973e+000 -3.379170e+000 5.761042e-001 2.183275e+000 8.472087e-001 4.983611e-001 -2.365204e-001 -8.115531e-001 -1.189214e+000 -5.442831e-001 -9.964071e-001 -1.509186e+000 -1.006615e-001 
4.497400e+000 1.966612e+001 -5.752023e+000 5.689756e+000 5.939559e+000 1.555331e+000 -2.345549e+000 -4.162904e+000 9.061314e-001 -1.923998e-001 -6.195284e-001 -2.443691e+000 -3.716432e+000 5.874976e-001 1.999925e+000 1.220305e+000 6.269858e-001 -4.702903e-001 -6.771174e-001 -1.373356e+000 -3.572743e-001 -1.272938e+000 -1.345111e+000 -1.644820e-001 
6.212317e+000 1.747311e+001 -4.761249e+000 5.477854e+000 5.820922e+000 1.925820e+000 -2.440405e+000 -3.633331e+000 7.641357e-001 -3.880677e-001 -1.023233e+000 -2.550221e+000 -3.712455e+000 3.917544e-001 2.290349e+000 1.430008e+000 7.016099e-001 -2.783334e-001 -7.266359e-001 -1.250302e+000 -7.412839e-001 -1.194750e+000 -1.748668e+000 -8.333203e-002 
6.273355e+000 1.811758e+001 -5.386736e+000 5.887952e+000 5.715102e+000 1.425895e+000 -2.533933e+000 -3.844245e+000 1.171998e+000 -5.872363e-001 -7.526294e-001 -2.343725e+000 -4.097860e+000 4.077920e-001 2.294998e+000 1.314890e+000 8.511600e-001 -1.942663e-001 -8.165192e-001 -1.320551e+000 -6.556003e-001 -1.156321e+000 -1.748023e+000 1.191934e-001 
9.009567e+000 1.514946e+001 -3.208459e+000 4.343670e+000 6.217959e+000 1.186975e+000 -2.869601e+000 -3.005264e+000 3.292855e-001 -1.328577e-001 -1.148437e+000 -2.347655e+000 -3.354200e+000 1.444490e-001 2.320567e+000 9.808546e-001 6.656247e-001 1.651828e-001 -9.737667e-001 -1.087786e+000 -6.538123e-001 -1.357772e+000 -1.527217e+000 -5.123961e-002 
8.205734e+000 1.617826e+001 -3.660244e+000 4.281583e+000 6.708469e+000 4.996237e-001 -2.962534e+000 -2.660697e+000 -8.350101e-002 1.960171e-001 -1.221041e+000 -2.503513e+000 -2.937190e+000 -2.026159e-001 2.292332e+000 1.056953e+000 5.464163e-001 3.773628e-001 -1.122404e+000 -1.041352e+000 -6.211958e-001 -1.500588e+000 -1.207926e+000 -2.631670e-001 
6.890868e+000 1.752846e+001 -5.053420e+000 5.648219e+000 6.510410e+000 3.558179e-001 -3.164238e+000 -3.235682e+000 1.787546e-001 4.886649e-002 -1.006539e+000 -2.325532e+000 -3.036313e+000 -3.655345e-001 2.187523e+000 1.581186e+000 6.421545e-001 -4.205767e-002 -1.081130e+000 -1.195546e+000 -4.738421e-001 -1.114668e+000 -1.246611e+000 -5.051226e-001 
7.276492e+000 1.738947e+001 -4.234247e+000 4.304492e+000 7.011893e+000 6.826519e-001 -2.809673e+000 -2.677270e+000 -8.949144e-001 -2.788927e-001 -6.712847e-001 -2.243473e+000 -2.494700e+000 -8.731714e-001 1.438051e+000 2.367233e+000 8.646896e-001 -1.643218e-001 -8.545508e-001 -1.497226e+000 -6.088531e-001 -8.250213e-001 -1.433398e+000 -7.102417e-001 
1.098505e+001 1.281978e+001 6.657282e-002 2.586646e+000 4.616410e+000 9.281750e-001 -1.775713e+000 -1.625431e+000 -7.122945e-001 -4.745448e-001 -9.977694e-001 -1.301808e+000 -8.317656e-001 -2.647306e-001 6.147053e-001 1.016795e+000 2.812241e-001 -2.532264e-001 -3.662179e-001 -7.392112e-001 -8.776996e-001 -4.166633e-001 -2.307068e-001 -4.015782e-001 
6.022711e+000 1.223081e+001 1.747313e+000 2.629866e+000 3.825570e+000 1.354272e+000 -1.662327e+000 -1.878513e+000 -6.705566e-003 1.875923e-001 -1.195767e+000 -1.582791e+000 -5.807507e-001 2.076494e-001 2.047583e-001 -5.079617e-001 -5.987773e-001 1.937575e-001 -3.344440e-002 -7.259868e-001 -5.632956e-001 -2.079607e-001 -1.945193e-001 -2.824619e-001 
-7.708382e+000 1.957406e+001 1.528751e+000 3.486871e+000 3.239615e+000 1.786569e+000 -4.890178e-001 -2.412311e+000 1.943881e-001 -3.250026e-001 -2.186533e-001 -1.226408e+000 5.589749e-001 -4.554408e-001 1.463241e-001 -2.811110e-001 -7.941191e-001 -2.032046e-001 -5.853901e-001 -1.431201e+000 -6.461482e-001 2.072767e-001 5.111456e-001 1.074204e-001 
-9.531939e+000 1.745279e+001 3.210879e+000 3.168588e+000 4.685735e+000 1.863506e+000 -1.454535e+000 -2.079133e+000 -1.809010e-001 1.113604e-003 -1.077347e-001 -4.189812e-001 4.201464e-001 1.182680e-001 -4.086436e-002 -8.529558e-001 -9.600015e-001 -4.666124e-001 -3.745559e-001 -4.562893e-001 -1.614279e-001 -1.600372e-001 -1.697023e-001 1.512470e-001 
-1.306127e+001 1.655088e+001 2.298815e+000 2.149780e+000 3.912548e+000 1.732804e+000 -7.807441e-001 -1.937072e+000 3.087954e-001 -5.799728e-001 -2.619818e-001 -6.475470e-001 5.448495e-001 -2.242915e-001 1.637636e-001 -9.537338e-003 -2.164466e-001 -7.767027e-002 2.569517e-002 -6.955975e-001 -1.183279e+000 -3.907927e-001 5.825883e-002 1.360232e-001 
-1.771760e+001 1.454807e+001 -2.452533e-001 1.500882e+000 4.650464e+000 2.566600e+000 2.472533e-001 -1.593975e+000 5.997388e-001 -1.054517e+000 2.478228e-001 -7.915558e-001 1.358306e-001 -9.598927e-001 -4.007027e-001 -1.651985e-001 -9.090521e-001 -5.618545e-002 1.857803e-001 1.267946e-001 -3.889429e-001 1.365743e-001 2.412615e-001 5.236857e-001 
-1.753331e+001 1.557224e+001 1.200417e-001 4.969949e-002 4.141833e+000 2.753199e+000 6.071546e-001 -1.348759e+000 4.327755e-001 -9.278258e-001 9.188628e-001 -5.037812e-001 -1.002295e-001 -7.434940e-001 -1.689071e-001 -3.301257e-001 -6.566049e-001 -3.067689e-001 -2.069832e-001 -7.720069e-001 -7.277418e-001 1.052965e-001 -2.477781e-002 4.576829e-001 
-2.020165e+001 1.325838e+001 -5.719610e-001 -4.162918e-001 3.064819e+000 1.684129e+000 3.085492e-001 -6.108777e-001 1.088908e+000 -1.285643e-001 1.629614e+000 -9.154374e-002 7.662003e-001 -3.919434e-001 -3.948496e-001 -1.327121e+000 -1.276948e+000 -1.227174e-002 -6.661324e-001 -5.947617e-001 -6.800218e-001 -8.530556e-002 -2.283286e-001 1.304313e-002 
-2.085224e+001 1.293055e+001 -1.547408e+000 -2.847143e-001 3.728693e+000 9.907985e-001 -1.025179e-001 -1.639574e+000 -2.693771e-001 -7.416649e-001 1.420391e-001 -1.261509e+000 1.896688e-001 -5.175779e-001 -4.962021e-001 -8.386843e-001 -4.518659e-001 -3.644161e-001 -7.440365e-001 -7.123321e-001 -6.617287e-001 1.506186e-001 -5.840554e-001 2.708752e-002 
-2.046989e+001 1.376635e+001 2.907648e-001 2.052852e-001 4.272556e+000 2.298443e+000 -1.749260e-001 -2.208278e+000 9.913633e-001 -5.998181e-001 1.313747e-001 -4.137499e-001 3.692412e-001 -2.884472e-002 1.836472e-001 -9.597716e-001 -7.678120e-001 3.471456e-001 -4.856158e-001 -5.396057e-001 -9.556110e-001 -2.004999e-001 -6.458023e-001 -3.100391e-001 
-2.062191e+001 1.254558e+001 -4.088110e-001 2.639928e-001 3.755307e+000 1.937227e+000 -2.923283e-002 -1.666144e+000 5.591899e-001 -1.071442e+000 1.003862e+000 2.752713e-002 6.005408e-001 2.870777e-001 -7.797801e-002 -6.476115e-001 -7.541782e-001 2.954819e-001 -2.802186e-001 -2.904853e-001 -9.008246e-001 -7.563164e-001 -3.789022e-001 6.755744e-002 
-1.501189e+001 1.247020e+001 -6.216833e+000 1.476793e+000 4.343628e+000 1.174444e+000 3.808252e-001 -1.767703e+000 2.304278e+000 -2.191874e+000 7.164732e-001 -1.512620e-001 -1.145362e+000 3.342550e-001 -4.646064e-001 -2.833339e-001 -1.239108e+000 -3.915073e-001 -8.792523e-001 -4.447125e-001 -5.220978e-002 -1.063066e+000 5.823994e-001 -2.298039e-001 
-1.080866e+001 1.269660e+001 -8.125883e+000 1.269406e+000 4.559504e+000 2.232724e+000 -4.481210e-001 -1.795075e+000 2.329403e+000 -1.475136e+000 9.180443e-001 -6.787249e-001 -1.963419e+000 -8.333967e-002 -1.162787e-001 -8.048700e-001 -1.117566e+000 6.646988e-002 -3.234473e-001 -2.887889e-001 1.304429e-001 -3.462043e-001 -7.974190e-002 -7.198107e-001 
-9.279261e+000 1.387924e+001 -6.043665e+000 4.544412e+000 5.047926e+000 2.390775e+000 -2.582004e-001 -2.200105e+000 2.186236e+000 -2.308675e+000 5.536485e-001 -1.375986e+000 -1.537676e+000 -1.214337e-001 4.573327e-001 4.570353e-001 -1.318726e-002 1.783957e-001 -6.966712e-001 -1.576892e-001 -2.007675e-001 -5.712625e-001 -3.034514e-001 -3.013518e-001 
-6.702372e+000 1.398419e+001 -3.574731e+000 5.346867e+000 5.634840e+000 1.082390e+000 -1.689548e+000 -2.238710e+000 5.128604e-001 -7.483325e-001 7.696793e-001 -2.348859e-001 -1.553224e+000 -2.801912e-001 2.983191e-001 -4.082856e-003 -2.471000e-001 -3.075563e-001 -6.137351e-001 -5.979670e-002 3.475745e-001 -2.195958e-001 -4.445434e-002 -4.067329e-001 
-6.752468e+000 1.688382e+001 -3.223390e+000 5.424956e+000 5.416451e+000 1.825464e+000 -1.421843e+000 -4.170418e+000 1.025196e-001 -7.337176e-001 2.297354e+000 -3.926689e-001 -2.557054e+000 -8.156513e-001 1.021952e+000 4.572994e-001 -2.852647e-001 -4.796371e-001 -6.027167e-001 8.018768e-002 -2.768563e-001 -3.670870e-001 -4.281112e-002 -1.005107e-001 
-1.114935e+000 1.576668e+001 -1.011114e+000 4.238253e+000 6.017442e+000 1.440930e+000 -2.526229e+000 -2.762509e+000 3.581491e-002 6.409598e-002 4.789742e-001 -9.473111e-001 -3.254436e+000 -7.545146e-001 1.668188e+000 7.132996e-001 1.359707e-001 -5.342679e-001 -8.706605e-001 -5.609287e-001 -6.172617e-001 -6.995107e-001 -6.611040e-001 -4.864484e-001 
2.487713e+000 1.788710e+001 -3.544834e+000 4.631453e+000 6.459989e+000 2.048867e+000 -2.990457e+000 -3.770647e+000 5.651958e-001 -2.291466e-001 1.224250e-001 -1.513597e+000 -4.622776e+000 -2.783073e-001 2.926221e+000 9.354279e-001 5.266566e-001 -1.022681e-003 -1.385999e+000 -1.193994e+000 -4.323665e-001 -1.108393e+000 -1.184190e+000 -1.317697e-001 
5.286775e+000 1.760056e+001 -3.713035e+000 4.327610e+000 6.750058e+000 1.456628e+000 -2.512839e+000 -3.693551e+000 -2.837274e-001 2.631284e-001 -1.086343e+000 -2.320191e+000 -3.152224e+000 3.075906e-001 2.743295e+000 1.137558e+000 4.047109e-001 -4.747973e-001 -1.214894e+000 -9.064457e-001 -7.360986e-001 -9.184448e-001 -8.251299e-001 -4.289061e-001 
3.405543e+000 2.018983e+001 -5.610410e+000 5.096296e+000 6.010052e+000 1.825963e+000 -2.717704e+000 -3.809924e+000 2.668451e-001 -2.350366e-002 -7.415724e-001 -2.519104e+000 -3.042502e+000 3.258836e-001 2.143084e+000 7.936433e-001 8.582693e-001 -2.795355e-001 -6.376494e-001 -1.417962e+000 -9.677028e-001 -9.476301e-001 -9.010321e-001 -3.356853e-001 
3.905062e+000 1.952741e+001 -5.061153e+000 4.870929e+000 6.170055e+000 1.384777e+000 -2.903836e+000 -3.449863e+000 7.705780e-001 -4.394831e-001 -9.482495e-001 -2.473000e+000 -3.513680e+000 3.842928e-001 2.659560e+000 9.358455e-001 4.352464e-001 -2.251157e-002 -9.453139e-001 -1.435488e+000 -4.268555e-001 -1.107758e+000 -1.426170e+000 1.560374e-002 
6.995579e+000 1.598757e+001 -2.678493e+000 3.538742e+000 6.437172e+000 1.564486e+000 -2.909501e+000 -3.116510e+000 5.767965e-003 1.683217e-001 -8.060264e-001 -2.617175e+000 -3.233289e+000 4.347557e-001 2.291404e+000 8.846096e-001 3.531883e-001 -1.305951e-001 -9.671546e-001 -1.077900e+000 -5.404157e-001 -1.076288e+000 -1.421720e+000 -1.532312e-001 
6.734007e+000 1.670621e+001 -3.696725e+000 4.381426e+000 6.146120e+000 1.692924e+000 -2.417439e+000 -3.370541e+000 3.287038e-001 -9.209255e-003 -1.066211e+000 -2.519679e+000 -3.311349e+000 3.939871e-001 2.210375e+000 1.131295e+000 5.140243e-001 -2.302994e-001 -7.512767e-001 -1.114171e+000 -7.027027e-001 -1.081421e+000 -1.571060e+000 -1.627672e-001 
6.712478e+000 1.687338e+001 -4.250524e+000 5.101625e+000 6.270725e+000 1.355984e+000 -2.799858e+000 -3.484132e+000 6.575523e-001 -2.425604e-001 -7.758101e-001 -2.226546e+000 -3.869697e+000 2.063130e-001 2.362291e+000 1.140152e+000 6.983952e-001 -1.392576e-001 -8.754483e-001 -1.190151e+000 -6.207375e-001 -1.179217e+000 -1.705056e+000 7.238303e-002 
6.489480e+000 1.771591e+001 -5.102240e+000 5.479115e+000 5.840959e+000 1.331100e+000 -2.400130e+000 -3.640484e+000 7.402837e-001 -5.789975e-001 -9.785370e-001 -2.035899e+000 -3.608453e+000 2.337857e-001 2.317408e+000 9.677411e-001 6.974410e-001 7.318235e-002 -9.488036e-001 -1.219010e+000 -6.874709e-001 -1.298980e+000 -1.422819e+000 1.110324e-001 
5.405155e+000 1.877041e+001 -5.968626e+000 5.993337e+000 6.085257e+000 1.106163e+000 -2.373104e+000 -3.585000e+000 4.882281e-001 -2.430772e-001 -1.263362e+000 -2.541947e+000 -3.160115e+000 -1.458101e-001 2.456968e+000 1.268982e+000 6.459638e-001 3.407155e-001 -1.019556e+000 -1.185190e+000 -7.138370e-001 -1.581086e+000 -1.215027e+000 -3.384538e-001 
4.942052e+000 1.955462e+001 -6.488087e+000 6.767707e+000 5.848513e+000 6.937338e-001 -3.217682e+000 -3.284777e+000 6.067740e-001 -1.725635e-001 -8.440342e-001 -2.757422e+000 -3.088147e+000 -5.446568e-001 2.574410e+000 1.284171e+000 9.496425e-001 3.710918e-002 -1.043541e+000 -1.117133e+000 -5.863838e-001 -1.316483e+000 -1.437235e+000 -3.981527e-001 
8.279947e+000 1.581246e+001 -3.355505e+000 4.085197e+000 7.020608e+000 6.661149e-001 -3.238046e+000 -2.815287e+000 -5.108325e-001 -1.052856e-001 -1.012282e+000 -2.289518e+000 -2.622308e+000 -6.301336e-001 1.823332e+000 2.017832e+000 7.757027e-001 -2.329357e-001 -1.031019e+000 -1.134309e+000 -5.708611e-001 -9.371122e-001 -1.322570e+000 -7.223415e-001 
