-7.523037e+000 1.653326e+001 -9.192427e+000 -1.968590e+000 5.936108e-001 -7.245394e-001 2.311711e+000 -5.949826e-001 2.292119e+000 -2.557767e+000 -2.316151e+000 -1.397706e+000 -3.643917e-002 8.673433e-002 -9.145564e-001 -4.801259e-001 -7.555626e-001 4.839137e-001 -1.436865e-001 -6.181015e-001 -4.360783e-001 -1.004445e+000 -9.029942e-002 -1.093335e+000 
-7.064733e+000 1.595755e+001 -9.085192e+000 -3.603699e+000 7.195342e-001 -2.257290e-001 1.343923e+000 -3.997389e-001 2.015264e+000 -1.375441e+000 -2.309284e+000 -1.664119e+000 -1.227641e-001 -9.361921e-002 -6.002220e-001 -8.637295e-001 9.442089e-002 7.276745e-001 -4.575071e-001 -7.050976e-001 -6.145690e-001 -9.196096e-001 -2.594415e-001 -7.467501e-001 
-8.763277e+000 1.646814e+001 -9.475041e+000 -3.078874e+000 7.553184e-002 -6.560942e-001 1.776623e+000 -1.871031e+000 2.662860e+000 -1.508165e+000 -1.777582e+000 -6.021819e-001 5.379181e-001 5.544190e-001 -9.561094e-001 -1.148863e+000 -1.375379e+000 4.991943e-001 -8.307185e-001 -6.222618e-001 4.629132e-001 -8.512469e-001 5.954973e-001 -5.699654e-001 
-8.345362e+000 1.435506e+001 -9.576013e+000 -2.630052e+000 4.988649e-001 -7.526341e-001 1.679602e+000 -7.779731e-001 1.870669e+000 -1.691404e+000 -1.899516e+000 1.825189e-001 9.271848e-001 4.651415e-001 -4.550917e-001 -1.985764e+000 -1.497896e+000 -5.593188e-001 -5.066921e-001 9.172173e-002 1.110832e-001 -4.029802e-001 1.483081e-001 -8.348254e-001 
-9.689949e+000 1.528961e+001 -1.086836e+001 -2.712337e+000 8.177792e-001 -1.135340e+000 2.418063e+000 -1.012332e+000 2.908831e+000 -1.951917e+000 -1.643400e+000 -3.932138e-001 -5.101322e-002 -3.222800e-001 -1.166799e+000 -7.210333e-001 -1.471139e+000 -3.837110e-001 -3.986791e-001 1.745721e-001 3.993923e-001 -4.029125e-001 2.855640e-001 -8.303068e-001 
-9.398951e+000 1.387671e+001 -9.431175e+000 -3.000866e+000 7.424813e-001 -7.917718e-001 5.304963e-001 -1.068481e+000 2.293759e+000 -6.503493e-001 -1.644717e+000 -1.522738e+000 -7.774902e-001 -2.594656e-001 -6.445439e-001 -5.985539e-001 -7.142669e-002 -6.831288e-002 -7.695472e-001 -5.815231e-001 1.900213e-002 -1.098908e-001 -4.270182e-001 -4.304678e-001 
-6.868605e+000 1.190571e+001 -6.693250e+000 -2.532596e+000 -7.786573e-001 -8.829478e-001 -7.008047e-001 -1.445578e+000 9.054668e-001 -1.251379e+000 -1.679501e+000 -6.795822e-001 -1.048783e+000 -9.024111e-001 -9.554261e-001 -3.428476e-001 4.186538e-001 -5.492080e-001 -5.996968e-001 -6.526850e-001 -3.445018e-001 3.973957e-001 -7.047008e-002 -2.023864e-001 
8.759066e-001 9.866584e+000 -6.165115e+000 -3.768293e+000 1.773806e-001 -4.406476e-001 1.145611e-001 1.606329e+000 1.446509e+000 -1.118664e+000 -2.722669e+000 -1.085067e+000 5.215008e-001 2.203101e-001 -7.075173e-001 -1.151094e+000 -3.480764e-001 6.741036e-002 -2.245850e-001 1.556962e-002 -3.945781e-001 -6.667044e-001 -2.012622e-001 -2.629213e-001 
-5.540348e+000 1.695912e+001 -9.324170e+000 -1.045567e+000 -1.514507e-001 -3.646981e+000 1.474262e+000 8.051008e-003 2.839987e+000 -2.124306e+000 -3.341575e+000 -1.975493e-001 1.351466e-001 2.256784e-002 7.007404e-003 -9.974444e-001 -6.022360e-001 -5.431299e-001 -4.983574e-001 2.637325e-002 -4.760978e-001 -8.912673e-001 -5.864133e-001 1.449596e-002 
-6.490234e+000 1.605636e+001 -9.331756e+000 -2.520423e+000 -6.986221e-001 -2.652372e+000 1.629321e+000 2.685284e-001 3.063522e+000 -2.418296e+000 -3.105598e+000 -5.532319e-001 -2.472028e-001 -4.666648e-001 1.402166e-001 -3.992412e-001 -6.810454e-001 9.746471e-003 -3.005000e-001 -1.288080e-001 -2.045774e-001 -1.114356e+000 -8.178072e-001 -2.711964e-001 
-7.641091e+000 1.597553e+001 -9.786230e+000 -3.565278e+000 -3.166278e-002 -1.822805e+000 1.715171e+000 1.225153e-001 2.359367e+000 -1.217816e+000 -2.688296e+000 -1.670307e+000 2.150734e-001 -3.255463e-001 -1.014518e-001 -5.468484e-001 -8.165985e-001 7.506108e-001 -5.697443e-001 -1.695495e-001 2.076346e-001 -8.203803e-001 -1.685993e-001 -8.413386e-001 
-7.754972e+000 1.491649e+001 -9.449075e+000 -2.711972e+000 -2.205238e-001 -1.833701e+000 1.237611e+000 -8.218676e-001 1.894929e+000 -7.679839e-001 -1.671370e+000 -1.306585e+000 -1.472988e-001 6.795044e-002 -2.937616e-001 -8.645603e-001 -5.278646e-001 3.272818e-001 -9.218204e-001 -4.568306e-001 -1.922201e-001 -5.338479e-001 2.180717e-001 -7.736968e-001 
-1.069780e+001 1.490353e+001 -9.854666e+000 -1.976928e+000 1.853091e-001 -1.718616e+000 1.928623e+000 -9.550184e-001 1.871820e+000 -2.757898e+000 -2.129720e+000 -1.274332e+000 -1.015609e-001 6.461072e-001 -2.553647e-001 -1.620726e+000 -1.467489e+000 1.117052e+000 -2.548502e-001 -3.667184e-002 4.081659e-001 -6.166234e-001 3.793176e-001 -4.189572e-001 
-8.773097e+000 1.354601e+001 -1.013351e+001 -3.353103e+000 -7.303288e-002 -1.185653e+000 1.188270e+000 -5.401083e-001 2.187347e+000 -1.973678e+000 -2.460980e+000 -1.240395e+000 -1.293643e-001 1.649024e-001 -1.006875e+000 -1.282124e+000 -5.915623e-001 -6.788403e-002 4.638480e-001 9.256920e-002 -2.281347e-001 -1.320897e-001 -8.624868e-002 -3.902655e-001 
