9.017533 20.19193 -6.9748719999999995 5.373869 0.38555079999999997 0.4998870000000001 -3.1789160000000005 -3.450583000000001 -0.5501181 -1.479941 0.5932204 -2.909378 -0.45658360000000003 -1.5537550000000002 0.7596156 -0.2837365 -0.7761931999999999 -0.194002 -1.874689 -0.6444347 -0.8325407 -0.37001220000000007 -0.5791442 0.08987241 
8.892572 18.808140000000005 -4.0138609999999995 4.174743 1.057237 0.5576784999999999 -3.1002119999999995 -3.3581420000000004 -0.4771926999999999 -0.6499326 -0.2768361 -2.4013880000000003 -0.9319232 -0.825336 -0.1773004 0.49347610000000003 -0.6882037 -0.7404846999999999 -1.168709 -0.9446528 -0.5345503000000001 -0.7250097000000001 -0.5257085 0.20102029999999999 
8.721552 18.6914 -3.576549 4.683078000000001 0.6445547 0.3591978 -2.728206 -3.1077240000000006 -0.2155007 -1.422434 0.05935298 -2.3898690000000005 -1.072354 -0.06539313000000001 -0.5237984 0.43326049999999994 -0.8365187 -0.5108413 -1.1486219999999998 -0.8781913 -0.11463769999999998 -1.501748 -0.35368999999999995 0.18848780000000004 
8.62231 18.604700000000005 -3.2319169999999997 5.281113 -0.09060464 0.38036510000000007 -3.468266 -2.02992 0.4735421 -1.960746 -0.3187818 -2.774538 -0.40146410000000005 0.3559424 -0.5038304 -0.261336 -0.6881738 -0.2297388 -0.9791437 -0.2790675 -1.027016 -1.8531739999999997 0.012367749999999999 0.44109819999999994 
9.353698 17.36521 -1.0371120000000003 4.363706 0.09106079 -1.0778099999999997 -3.056865 -1.199751 0.5815625 -1.8035479999999997 -1.389107 -2.031604 -0.03874748 0.414043 -0.743327 -0.3784445 -0.04675101999999999 -0.3585278 -1.2381340000000003 -0.4952188 -0.6176122 -1.411276 -0.5639171 0.058796520000000005 
8.565191999999998 19.49936 -1.8481869999999998 5.462294999999999 -2.418189 -0.7825395999999999 -2.190571 -1.150442 0.7668597999999999 -2.164413 -0.525592 -2.395859 -0.8720068000000001 0.5590658 0.4400743 -0.4988313 -0.04135478 -0.3974871 -1.8190779999999998 -0.4075427 -0.2634905 -0.8627279000000001 -1.14516 -0.223724 
10.44234 17.159670000000002 1.13296 2.9551240000000005 -1.0158500000000001 -1.9520249999999995 -1.8975760000000004 -0.8925115000000001 0.09482994 -1.202624 -0.8052494 -1.7712439999999998 -1.3615999999999997 0.1014212 -0.037094159999999994 0.1045946 0.433189 -0.4860129999999999 -1.3810529999999999 -0.5576118 -0.3558093 -1.3021519999999998 -1.09386 -0.2976779 
10.132490000000002 17.8797 1.265499 2.730362 -1.375259 -2.171488 -2.347192 -1.185531 0.8423163000000001 -0.5715 -0.4989575 -1.6795659999999997 -2.0770960000000005 -0.39305680000000004 -0.2985955 0.19406689999999996 1.3442310000000002 -0.04830335000000001 -1.441866 -0.9596533999999999 -0.7669107 -1.105949 -1.0355860000000001 -0.2524454 
7.896805 21.520900000000005 -2.454443 5.0430470000000005 -2.926425 -0.06594252 -3.3462579999999997 -2.6675560000000003 2.144589 -1.378043 0.40924199999999994 -2.781399 -0.43045389999999994 -0.7569692000000001 -0.7095124999999999 -0.012822680000000001 1.415609 0.2695178999999999 -1.7973079999999997 -0.8304001999999999 -1.203269 -0.4534297 -0.8732194 -0.2828845 
8.121116 19.15414 0.1321633 3.7010119999999995 -1.5566069999999999 0.008008803 -3.2637439999999995 -3.5107889999999995 1.4870590000000001 -0.748698 -1.1338039999999998 -1.049352 -0.238855 -0.6695520000000001 -1.173293 0.818314 0.823188 -1.072865 -1.302702 -0.5727988 -0.789365 -0.6681809999999999 -0.4827404 -0.46469849999999996 
8.545591 18.06511 1.170621 3.1560729999999997 -0.6610169 -0.6150726999999999 -3.2276239999999996 -3.569785 1.220553 -0.5499923 -1.3494069999999998 -0.7604264 -0.4456552 -0.44172240000000007 -1.057334 0.8023547000000002 0.7004295999999999 -1.509499 -1.308712 -0.34205849999999993 -0.39973759999999997 -0.8485347 -0.6991829999999999 -0.33353879999999997 
6.937645000000002 20.576580000000003 -1.3869050000000003 5.474538000000001 -2.30393 0.6199512 -4.238867 -4.020038 2.148771 -1.378344 -0.5085819000000001 -1.22079 0.4740259 -1.291279 -1.009717 1.050287 0.3834267 -1.454638 -1.373331 0.0029259589999999997 -0.7760794999999999 -0.552753 -0.6366329 -0.5145165 
10.5344 16.33686 1.605036 3.0461139999999998 -0.22773010000000002 -0.8671226 -3.7730059999999996 -3.6566049999999994 1.058721 -0.3874579 -1.114603 -0.3634415999999999 -0.17212359999999996 -0.7907444999999999 -1.274947 0.8850366999999999 0.4479739 -1.64611 -1.055582 -0.2831985000000001 -0.38994950000000006 -0.6626541 -0.6807675 -0.5258626 
9.785962 17.47649 0.5513696 3.732945999999999 -0.8137961000000001 -0.7104505999999999 -4.104672 -3.796191 1.5783299999999998 -0.6545947 -0.9041636000000002 -0.5324963 -0.09127097 -0.7203871 -1.477087 1.104789 0.20432769999999995 -1.5675469999999998 -0.9773126999999999 -0.3969869 -0.2909759 -0.7344705 -0.5242266 -0.7057868000000002 
7.805611 20.43749 -1.764906 5.510869999999999 -2.335799 -0.1460654 -4.398530999999999 -3.907276 2.296795 -1.282857 -0.3965755 -1.0968470000000001 0.7649898000000002 -1.133287 -1.55368 1.010923 0.06723155999999998 -1.3916509999999997 -1.133223 -0.028839499999999997 -0.6077729 -0.5018919 -0.5749846 -0.7495043 
10.04253 17.67077 0.44594129999999993 3.5619939999999994 -0.9037955000000001 -1.2434139999999998 -4.071855 -3.5845890000000002 1.507764 -0.4536398 -1.008685 -0.2543486 0.24532320000000002 -0.9037876000000001 -1.6758170000000001 0.7905989 0.07493729 -1.67276 -0.6866144 -0.2068671 -0.3857909 -0.5515712 -0.7824255 -0.6598123 
11.61165 15.819339999999999 1.4865580000000003 2.8789270000000005 -0.5083818999999999 -2.018072 -4.040062 -2.935222 0.9814246000000002 -0.1634717 -1.026374 -0.4253014 0.3343856 -0.9576767000000002 -1.604372 0.5852752 -0.1539307 -1.49686 -0.6563794 -0.3294953 -0.16002359999999996 -0.5807449 -1.0820229999999997 -0.47523630000000006 
10.14858 17.8381 -0.16138870000000002 3.7436800000000003 -1.1322 -1.998282 -4.24093 -2.937648 1.582787 -0.6347401 -0.8271086 -0.3560444 0.19401179999999998 -0.9562225 -1.8049289999999998 0.5760759000000001 -0.1891817 -1.387238 -0.6538641 -0.45273170000000007 -0.114027 -0.6515328 -1.0426330000000001 -0.3556569 
15.245100000000004 12.850049999999998 2.55188 1.400164 -0.1455045 -2.2832189999999994 -3.562078 -2.249193 0.2005747 -0.19931689999999996 -0.9109621 -0.14037370000000002 0.2783317 -1.0260239999999998 -1.5909440000000001 -0.08091038 0.07019666000000001 -1.012738 -0.8632163999999999 -0.3375428999999999 -0.1861549 -0.764408 -0.9547871 -0.06476388 
21.8433 9.186157 0.8388994 0.13024539999999998 0.2720369 -0.9392104999999998 -2.048639 -1.9511330000000002 -0.7817182999999999 -0.12351520000000002 -0.3636403000000001 -0.7908264000000002 -0.6076214000000001 -0.2393889 -0.3169746 -0.5961574 -0.5785359 -0.5675115000000001 -0.6723692000000001 -0.5683652 -0.2697303 -0.2737344 -0.35954670000000005 -0.1525024 
10.4902 17.202030000000004 -3.8455210000000006 3.140383 2.157019 -0.35448460000000004 -2.9771700000000005 -3.4343609999999996 -1.027425 -0.42181330000000006 -0.39109760000000005 -1.8177439999999998 -1.381833 -0.8874839000000001 -0.05414506000000001 0.21053269999999996 -0.6022772 -0.5368690000000002 -1.3935809999999997 -1.155742 -0.4320655000000001 -0.7744065 -0.21794810000000003 0.05290296 
7.9345300000000005 19.41235 -4.464365 4.711602 0.6906477999999999 0.6307748000000001 -2.9688039999999996 -3.4015689999999994 -0.3330144 -1.027436 0.21937239999999997 -2.79872 -0.7803787 -0.7777813 -0.33144980000000007 0.5220439 -0.6565742 -0.596714 -1.162211 -1.0202659999999997 -0.5163638 -0.8398433 -0.5895993 0.3744185 
7.230293000000001 20.290179999999996 -4.969546 6.217246000000001 -0.45104759999999994 0.7187897000000001 -2.832687 -3.066596 0.664001 -2.522242 0.9631958000000002 -3.4175679999999997 -0.2747124 -0.45646850000000005 -0.12741669999999997 0.2602153 -1.043998 -0.05452093000000001 -1.583057 -0.3174033 -0.5835276 -1.3543020000000001 -0.5040345999999999 0.34292709999999993 
7.345402999999999 19.80829 -4.025312 5.992182999999999 -0.6859742999999999 0.5165088 -3.507244 -1.99738 0.8684773999999998 -2.5450459999999997 0.11679289999999999 -3.198328 0.24987730000000002 -0.1334547 -0.24978349999999996 -0.4210459000000001 -0.5063225 -0.08412063999999998 -1.4427939999999997 0.1738929 -1.409021 -1.427714 -0.3111052 0.4650108 
9.182704 17.45835 -0.8620077000000002 4.501015 -0.4864335 -1.290481 -2.6237479999999995 -1.202907 0.5951076999999999 -1.820069 -1.3528470000000001 -1.938535 -0.1970992 0.5437063000000001 -0.6162406000000001 -0.43759410000000004 0.00554048 -0.4072065 -1.256629 -0.5822341 -0.5443991 -1.224814 -0.6746051 -0.039640459999999995 
10.671980000000001 16.552580000000003 0.7686177 3.2879779999999994 -1.028227 -1.7779050000000003 -1.744705 -1.057148 0.18783900000000003 -1.4546550000000003 -0.9962858 -1.8307059999999997 -1.4611649999999998 0.7648601 0.3434491 -0.4192282 0.06751284 -0.5433938 -1.6000060000000003 -0.6405922 -0.06838332000000001 -1.064577 -1.0155770000000002 -0.3191609 
9.425012 18.03773 0.6595383999999999 3.448075 -1.394753 -1.9109060000000002 -2.14913 -1.031536 0.45044150000000005 -1.168226 -0.5672499000000001 -1.853211 -1.580171 -0.11946750000000003 -0.1084819 0.3426681999999999 0.6150062 -0.5155211 -1.407847 -0.5372614000000001 -0.4012254 -1.308865 -1.182266 -0.2818483 
8.988248999999998 19.540580000000002 -0.446192 3.766237 -2.0010359999999996 -1.6953980000000004 -2.6212079999999998 -1.522534 1.310372 -0.780417 -0.18984709999999996 -1.905028 -1.880549 -0.34948159999999995 -0.6007747 0.1324812 1.471705 0.2171253 -1.514506 -1.139889 -0.8455803 -0.9477609000000002 -0.9116299999999999 -0.3252207999999999 
8.331880999999997 19.75797 -0.9362661 4.174886 -2.040389 -0.20390670000000005 -3.289112 -2.875691 1.7058490000000002 -0.7693864 -0.6779273999999998 -1.8810819999999997 -0.6933325999999999 -0.2830218 -1.0741829999999999 0.323126 1.2376640000000003 -0.2647557 -1.435634 -1.03832 -0.9041471000000001 -0.5739720999999999 -0.6498407999999999 -0.45911979999999997 
8.553402 17.87423 1.262592 3.165022 -1.0166769999999998 -0.6047745 -3.114646 -3.382541 1.245578 -0.6535441 -1.2918400000000003 -0.6636607 -0.3961873 -0.6145466 -1.2053019999999999 0.7704359 0.8378639999999999 -1.284804 -1.170241 -0.5277446 -0.7474514 -0.7336102000000001 -0.4535315999999999 -0.40161969999999997 
7.112361 19.455469999999995 -0.049743199999999994 4.3142 -1.479113 -0.1226648 -3.462395999999999 -3.8245399999999994 1.7038139999999997 -1.0184309999999999 -1.1281549999999998 -0.8823089 -0.1284558 -0.5175929999999999 -1.226489 0.9692714999999998 0.5466411 -1.422632 -1.3546060000000002 -0.323327 -0.3769388 -0.9345638999999999 -0.544041 -0.3838252 
10.247 16.20625 1.938347 2.8903320000000003 -0.3162326 -0.819159 -3.8660579999999998 -3.4596060000000004 1.268866 -0.6088027 -1.240024 -0.22325749999999994 -0.2921487 -0.8378175 -1.189052 0.7833959000000001 0.619656 -1.4779280000000001 -1.160737 -0.3511848 -0.5348781000000001 -0.7304560000000001 -0.5321573 -0.394727 
8.779061 17.867279999999997 0.799703 3.5920239999999994 -0.5539424999999999 -0.5486309 -4.144663 -3.7836500000000006 1.499974 -0.6411978 -0.9614389 -0.4570948000000001 -0.006997222999999999 -0.8387914 -1.444514 1.105009 0.3095758 -1.5439000000000003 -1.075232 -0.32786470000000006 -0.3277375 -0.771146 -0.4700913 -0.6894529 
8.051446 19.39255 -0.9033904 4.784089000000001 -1.5796170000000003 -0.3498476 -4.36968 -3.8924270000000005 2.086375 -1.157419 -0.5797582 -0.7212299 0.09697095 -0.7840724999999998 -1.5462070000000003 1.166695 0.008751081 -1.4169750000000003 -1.029174 -0.3272549 -0.24331220000000003 -0.8603945 -0.3845852 -0.8409059 
11.154039999999998 15.801720000000001 1.766024 2.8211009999999996 -0.2659239 -1.438205 -4.152459999999999 -3.3586640000000005 1.259532 -0.2525973000000001 -1.164165 -0.305702 0.04931176999999999 -0.7760347999999999 -1.451677 0.6223619 0.32458270000000006 -1.6327579999999995 -0.9730719 -0.183613 -0.285 -0.5989158999999998 -0.8004609 -0.5884689 
10.626509999999998 16.73606 0.9137649000000001 3.1221679999999994 -0.5958381 -1.5108060000000003 -4.013747000000001 -3.4312 1.2756100000000001 -0.2724517 -1.043329 -0.2420803 0.1583205 -0.9316050999999999 -1.6027900000000002 0.6980147 0.07245957000000001 -1.6488460000000003 -0.6957608 -0.23861550000000004 -0.3298884 -0.5701843000000001 -0.8795701000000002 -0.5476272 
9.3305 18.25406 -0.4705255 4.461010000000001 -1.4322630000000003 -1.6523920000000003 -4.385708999999999 -3.044537 1.478956 -0.44238059999999996 -0.6937004 -0.7751395 0.5477422 -1.1052289999999998 -1.714335 0.8052493 -0.2915269 -1.454779 -0.6936209 -0.33784260000000005 -0.1641096 -0.5103166 -1.1087740000000001 -0.4865976 
10.57284 17.01742 0.3390100999999999 3.4039490000000003 -0.7784918999999999 -2.226321 -4.201018 -2.890772 1.424685 -0.4356745000000001 -0.8464181000000001 -0.2985166000000001 0.054394649999999996 -1.01164 -1.7503030000000002 0.536194 -0.10766370000000001 -1.4179270000000002 -0.6914635999999998 -0.4752459 -0.10053789999999999 -0.628133 -1.09309 -0.2733679 
