6.662457e+000 1.373358e+001 -5.266604e-001 2.950773e+000 2.231482e-001 8.919250e-001 -4.065486e-001 9.113518e-002 2.424708e-001 -3.998804e-001 -9.835514e-001 -4.124696e-001 
6.495512e+000 1.342766e+001 -2.993602e-001 3.170531e+000 1.020510e+000 1.057320e+000 -9.569711e-002 2.174102e-001 -1.009681e-001 -5.302936e-001 -8.616136e-001 -3.513176e-001 
6.974949e+000 1.319667e+001 3.666165e-001 2.436097e+000 1.039035e+000 5.244057e-001 1.551159e-001 5.567611e-002 3.082857e-001 -3.633639e-001 -8.610073e-001 -2.506507e-001 
6.232762e+000 1.440060e+001 -4.814393e-001 2.648645e+000 5.324134e-001 7.346038e-001 3.853512e-002 2.115539e-001 3.646084e-001 -4.642757e-001 -6.025429e-001 -2.653765e-001 
6.537300e+000 1.395604e+001 -1.237912e-001 2.606352e+000 2.538643e-001 7.003049e-001 3.874058e-002 1.806776e-001 5.978427e-001 -5.463702e-001 -5.237520e-001 -1.262464e-001 
7.216273e+000 1.333038e+001 2.041684e-001 2.226276e+000 8.404935e-001 1.215422e-001 -8.667082e-002 3.393130e-001 8.575273e-001 -5.102742e-001 -5.905018e-001 1.094049e-001 
6.419635e+000 1.440994e+001 -6.860171e-001 3.045911e+000 1.940952e-001 3.052949e-001 2.165436e-002 3.910312e-001 9.827755e-001 -4.927760e-001 -7.094113e-001 2.280589e-001 
6.448472e+000 1.379354e+001 -1.610613e-001 2.578382e+000 4.894501e-001 9.654165e-003 6.722455e-001 2.370291e-001 9.181555e-001 -2.725574e-001 -8.570811e-001 2.015395e-001 
7.456623e+000 1.274111e+001 4.148000e-002 2.316630e+000 1.227799e+000 -1.490264e-001 2.928912e-001 5.400126e-001 9.792654e-001 -2.068635e-001 -8.537784e-001 1.571893e-001 
5.958273e+000 1.444365e+001 -8.217298e-001 3.388765e+000 6.989304e-001 3.240757e-003 1.225042e-001 5.261067e-001 6.829887e-001 -3.557155e-001 -8.419823e-001 1.469039e-001 
7.638346e+000 1.247542e+001 6.319927e-001 2.937700e+000 1.198900e+000 -4.521923e-001 -6.527849e-001 -1.301050e-001 1.539027e-001 -9.694001e-001 -1.023756e+000 -2.413451e-001 
7.741139e+000 1.192278e+001 1.399170e+000 2.932980e+000 9.568227e-001 -4.427494e-001 -7.159162e-001 -4.373158e-001 -4.170027e-003 -9.387284e-001 -1.110183e+000 -5.057528e-001 
5.774324e+000 1.400476e+001 -3.210958e-001 4.644439e+000 -1.893186e-001 4.865507e-001 -1.013548e+000 -1.728254e-001 -5.752482e-001 -8.553558e-001 -1.036492e+000 -5.355590e-001 
7.389921e+000 1.156492e+001 2.047622e+000 2.931789e+000 9.203154e-001 -3.025057e-001 -3.152183e-001 -4.883172e-001 -4.701697e-001 -9.332988e-001 -1.000124e+000 -5.542160e-001 
7.392928e+000 1.166015e+001 2.008707e+000 2.941954e+000 8.846304e-001 -3.495194e-001 -1.419284e-001 -5.183982e-001 -6.237787e-001 -8.818877e-001 -9.015601e-001 -5.841688e-001 
6.049802e+000 1.333680e+001 8.102811e-001 3.994865e+000 8.302632e-002 -8.370832e-002 -1.897544e-001 -3.713914e-001 -5.803565e-001 -9.951384e-001 -8.575156e-001 -7.373660e-001 
7.467350e+000 1.159711e+001 2.376387e+000 2.785815e+000 6.614363e-001 -3.770080e-001 -1.663035e-001 -4.447592e-001 -5.326460e-001 -7.989728e-001 -9.424605e-001 -7.321366e-001 
7.032475e+000 1.211916e+001 1.946632e+000 3.193305e+000 4.744674e-001 -6.650356e-001 -8.952407e-002 -3.516597e-001 -5.727803e-001 -7.866573e-001 -8.871428e-001 -7.905419e-001 
1.156933e+001 8.587852e+000 2.779147e+000 1.716850e+000 6.141724e-001 -1.304602e-001 -1.073777e-001 -2.883307e-001 -6.650222e-001 -8.150218e-001 -7.546079e-001 -4.928066e-001 
8.884941e+000 1.138121e+001 1.409511e+000 1.349705e+000 8.237587e-001 6.143322e-002 -1.019492e-001 8.229479e-002 3.347526e-001 -4.255047e-001 -1.037730e+000 -5.028426e-001 
6.421765e+000 1.316515e+001 2.333076e-002 2.688383e+000 1.294575e+000 9.272764e-001 -5.428885e-002 2.695221e-002 6.292555e-002 -5.299512e-001 -9.310901e-001 -3.280753e-001 
6.134867e+000 1.385809e+001 -3.887191e-001 3.153973e+000 7.245338e-001 9.707883e-001 -1.423755e-001 3.411954e-001 -3.327180e-002 -3.212394e-001 -9.189506e-001 -2.402723e-001 
6.492060e+000 1.385880e+001 -1.270073e-001 2.369489e+000 9.317106e-001 4.416140e-001 1.507270e-001 8.714705e-002 5.223718e-001 -5.065392e-001 -6.798655e-001 -2.109389e-001 
6.900593e+000 1.315308e+001 5.756294e-001 2.036623e+000 6.441152e-001 5.452765e-001 1.654239e-001 1.806244e-001 4.820937e-001 -5.407024e-001 -4.707180e-001 -2.327783e-001 
5.932608e+000 1.462596e+001 -7.876598e-001 3.016972e+000 1.429817e-001 6.620299e-001 -2.432604e-001 4.832640e-001 6.892023e-001 -5.644238e-001 -5.328926e-001 6.371838e-003 
6.918105e+000 1.343796e+001 2.281354e-001 2.374940e+000 6.033179e-001 -2.081563e-002 9.601301e-002 4.184932e-001 9.213081e-001 -4.311936e-001 -6.797463e-001 1.160936e-001 
6.926434e+000 1.302827e+001 5.932616e-001 2.186303e+000 7.111920e-001 -2.313573e-002 4.822600e-001 3.031382e-001 8.106581e-001 -2.776827e-001 -8.046382e-001 2.522751e-001 
5.433818e+000 1.514671e+001 -1.753450e+000 3.679256e+000 2.938056e-001 4.181936e-001 -1.981021e-002 5.296216e-001 8.959822e-001 -2.845829e-001 -6.846465e-001 1.097709e-001 
7.308114e+000 1.236731e+001 7.171071e-001 2.080082e+000 1.425404e+000 -1.704549e-001 1.718125e-001 6.963756e-001 7.370421e-001 -3.196330e-001 -6.685635e-001 7.983400e-002 
6.374751e+000 1.359202e+001 -1.949392e-001 3.487458e+000 1.061225e+000 -2.308885e-001 -6.933313e-001 8.011163e-002 2.391561e-001 -8.414934e-001 -8.320214e-001 -1.820071e-001 
7.658054e+000 1.182168e+001 1.299270e+000 2.928776e+000 1.087919e+000 -5.220758e-001 -7.715842e-001 -4.526800e-001 -2.328410e-002 -9.237420e-001 -1.037792e+000 -3.592172e-001 
7.256873e+000 1.206934e+001 1.228422e+000 3.227234e+000 8.420840e-001 -2.536176e-001 -5.975531e-001 -5.333690e-001 -1.835486e-001 -1.069292e+000 -9.083599e-001 -5.161435e-001 
6.080313e+000 1.306206e+001 8.998118e-001 3.624450e+000 5.695607e-001 -1.871181e-001 -4.157541e-001 -3.960036e-001 -4.457417e-001 -9.851428e-001 -1.013348e+000 -5.363685e-001 
7.173542e+000 1.170629e+001 1.878294e+000 3.069647e+000 8.426266e-001 -3.726540e-001 -4.682610e-002 -5.271179e-001 -6.482299e-001 -8.951760e-001 -8.915172e-001 -5.528164e-001 
5.896391e+000 1.327505e+001 8.079951e-001 3.965877e+000 1.082480e-001 -7.142118e-002 -1.897987e-001 -4.162973e-001 -5.755848e-001 -9.886530e-001 -8.243103e-001 -7.066479e-001 
6.009855e+000 1.300603e+001 1.343146e+000 3.516881e+000 3.571604e-001 -2.317585e-001 -2.511908e-001 -4.228241e-001 -4.984742e-001 -8.472473e-001 -9.097275e-001 -8.021354e-001 
6.322536e+000 1.275719e+001 1.403742e+000 3.534060e+000 3.584587e-001 -5.810456e-001 -1.284919e-001 -3.294489e-001 -4.376832e-001 -8.411654e-001 -9.676580e-001 -8.613571e-001 
