1.256545e+001 1.039989e+001 -3.246955e+000 4.666916e+000 2.507194e-001 1.506565e+000 -2.123156e+000 -4.526513e-001 1.774725e+000 -1.328058e+000 -5.430846e-001 4.346623e-001 
1.225055e+001 1.072225e+001 -2.138696e+000 4.291326e+000 -6.706834e-001 1.537002e+000 -9.840239e-001 -1.096255e+000 1.693534e+000 -1.522286e+000 -5.207985e-002 3.885608e-001 
1.173798e+001 1.309016e+001 -4.729995e+000 5.057105e+000 -1.021312e+000 1.744364e+000 -3.724966e-001 -1.425583e+000 2.231401e+000 -2.530949e+000 2.667881e-001 2.428380e-001 
1.072405e+001 1.254034e+001 -4.453866e+000 5.505606e+000 -7.093329e-001 1.443954e+000 -8.952113e-001 -1.479818e+000 2.599110e+000 -1.856672e+000 6.737319e-003 -3.221565e-001 
1.258350e+001 1.116170e+001 -3.421697e+000 4.107817e+000 -1.121385e-001 5.436857e-001 -6.104743e-001 -1.052435e+000 1.986642e+000 -1.169805e+000 -5.081414e-001 5.513666e-001 
1.326484e+001 1.088706e+001 -2.915482e+000 3.453801e+000 -2.347846e-002 6.966345e-001 -7.307786e-001 -7.000392e-001 1.423037e+000 -1.007501e+000 -5.813918e-001 4.087497e-001 
1.294429e+001 1.115938e+001 -3.408663e+000 3.450925e+000 -1.013775e+000 1.662878e+000 -8.100792e-001 1.799576e-001 1.378627e+000 -1.393318e+000 -1.173476e+000 4.689737e-001 
1.224545e+001 1.042637e+001 -1.996740e+000 3.894359e+000 -5.184536e-001 1.258302e+000 -4.457552e-001 -7.217162e-001 1.748580e+000 -1.677736e+000 -4.565449e-001 -3.511755e-001 
1.208664e+001 1.224690e+001 -3.507319e+000 4.229257e+000 -9.015854e-001 1.959163e+000 -4.356448e-001 -8.636734e-001 1.981431e+000 -2.415393e+000 -2.059046e-001 -2.323244e-001 
1.324141e+001 1.159646e+001 -3.126942e+000 3.503066e+000 -8.811167e-001 9.320617e-001 -5.011245e-001 -4.364392e-001 2.242985e+000 -1.789871e+000 -4.571648e-001 4.674674e-002 
1.240364e+001 1.195567e+001 -3.444471e+000 3.332403e+000 -1.049262e+000 6.732978e-001 -2.344520e-002 -5.001190e-001 2.144845e+000 -1.350389e+000 -9.622134e-001 2.094445e-001 
