7.151514e+000 1.008762e+001 -3.228851e+000 1.709183e+000 -1.984774e+000 -1.244037e-001 -1.418407e+000 1.438373e+000 4.868676e-001 -5.705946e-002 1.176289e-002 6.050942e-001 
7.042213e+000 1.010231e+001 -3.735191e+000 1.653500e+000 -1.743564e+000 -1.834280e-003 -9.708674e-001 1.055188e+000 4.507185e-001 8.715410e-002 -3.429445e-001 4.295393e-001 
6.497051e+000 9.962009e+000 -3.033633e+000 1.897966e+000 -1.594358e+000 6.861430e-001 -4.157591e-001 1.577489e+000 6.344226e-001 -5.344597e-002 -4.085651e-001 5.163933e-001 
5.054106e+000 8.577687e+000 -3.760906e+000 2.947857e+000 -1.456484e+000 7.403827e-001 -7.065197e-001 1.438083e+000 5.094724e-001 -1.861918e-001 -5.007744e-001 8.577904e-001 
6.335710e+000 9.522595e+000 -3.334486e+000 3.304188e+000 -1.125422e+000 -1.370254e-001 -1.725298e+000 1.435566e+000 4.207762e-001 -5.935045e-004 -1.881343e-002 6.253622e-001 
6.410270e+000 1.034090e+001 -2.661463e+000 2.507664e+000 -1.856196e+000 2.949033e-001 -8.785165e-001 7.145723e-001 8.309526e-001 -2.264680e-001 -4.673991e-001 5.732921e-001 
6.433534e+000 1.085299e+001 -2.912530e+000 2.532911e+000 -1.923687e+000 -1.703293e-001 -7.551537e-001 8.822668e-001 1.109390e+000 -9.615760e-002 -2.858414e-001 5.067855e-001 
7.475466e+000 1.064866e+001 -3.700806e+000 1.587707e+000 -1.702701e+000 1.893698e-001 -5.699361e-001 6.331856e-001 6.263836e-001 -1.010378e-001 7.693111e-002 4.158714e-001 
6.922246e+000 9.058698e+000 -3.127510e+000 1.875729e+000 -1.540097e+000 5.782275e-001 -1.025076e+000 2.783490e-001 1.182404e-001 -4.438904e-001 -4.260523e-001 2.435070e-001 
8.993048e+000 7.977747e+000 -1.978679e+000 1.775303e+000 -1.990154e+000 1.363287e+000 -8.219514e-001 5.152199e-001 -1.289085e-001 -2.789438e-001 -1.019086e+000 3.018742e-001 
1.187468e+001 6.350714e+000 -1.800849e+000 1.774821e+000 -3.058270e+000 9.858380e-001 -4.733284e-001 4.946651e-001 1.585938e-001 -4.329447e-001 -9.732469e-001 5.562978e-001 
1.180869e+001 8.051929e+000 -2.000472e+000 3.278279e+000 -1.649524e+000 8.730366e-001 -8.471605e-001 1.335156e+000 5.067389e-001 -4.933107e-001 -4.648129e-001 6.191848e-001 
1.287701e+001 1.069066e+001 -3.358542e+000 3.922917e+000 -1.142729e+000 -8.946555e-001 -1.477011e+000 1.190342e+000 2.823146e-001 -1.420875e+000 -1.454163e-001 1.798320e-001 
1.430685e+001 1.170907e+001 -4.577233e+000 3.516277e+000 -9.570616e-001 -2.253374e+000 -9.528189e-001 1.208621e+000 9.679516e-001 -1.323103e+000 4.652740e-001 -9.060949e-002 
1.508647e+001 1.149214e+001 -4.415613e+000 3.658262e+000 -1.062454e+000 -2.355036e+000 -1.194909e+000 1.214105e+000 1.369173e+000 -5.446313e-001 -8.281863e-002 -2.122773e-001 
1.578975e+001 1.150688e+001 -4.271292e+000 3.405185e+000 -6.390242e-001 -2.326905e+000 -9.895235e-001 1.180519e+000 7.160003e-001 -3.023292e-001 -1.696531e-001 3.750256e-001 
1.616278e+001 1.129419e+001 -3.950666e+000 3.876962e+000 -4.580953e-001 -2.587657e+000 -8.619842e-001 7.861980e-001 6.566046e-001 -8.297066e-002 -2.616720e-001 7.521800e-001 
1.635040e+001 1.069990e+001 -3.132886e+000 3.651030e+000 2.312311e-001 -3.061859e+000 -1.674132e+000 6.025973e-001 6.209058e-001 -1.877918e-001 4.672389e-001 4.368526e-001 
1.646473e+001 1.107258e+001 -3.960478e+000 4.006963e+000 -3.775326e-001 -2.931635e+000 -1.420548e+000 4.558618e-001 7.519934e-001 4.760457e-003 2.654965e-002 6.193345e-001 
1.612299e+001 1.105111e+001 -4.091208e+000 3.552042e+000 -2.441106e-001 -2.900389e+000 -1.311283e+000 6.777924e-001 8.507187e-002 2.120872e-001 -1.277172e-001 9.863343e-001 
1.585190e+001 1.085548e+001 -4.289569e+000 4.059755e+000 -5.036577e-001 -2.578845e+000 -1.666352e+000 8.435103e-001 3.487631e-001 -6.398538e-002 -1.094751e-001 6.433989e-001 
1.590216e+001 1.070789e+001 -4.063304e+000 3.573212e+000 -2.965138e-001 -2.998404e+000 -1.463150e+000 8.037440e-001 4.685221e-001 -2.983054e-002 -2.502532e-001 6.303113e-001 
1.608004e+001 1.130233e+001 -3.991499e+000 3.337644e+000 -5.554789e-001 -2.751549e+000 -1.427045e+000 1.054855e+000 2.448082e-001 -5.824798e-002 -4.191632e-001 5.761712e-001 
1.571532e+001 1.128915e+001 -4.143622e+000 2.678802e+000 -5.458950e-001 -3.367930e+000 -1.193015e+000 1.385934e+000 1.150319e-001 7.206332e-003 -9.650097e-001 4.425184e-001 
1.550690e+001 1.148646e+001 -4.003812e+000 2.354703e+000 -4.791984e-001 -3.751281e+000 -1.240825e+000 1.667808e+000 4.719851e-001 -8.552119e-002 -1.217960e+000 -8.383512e-002 
1.530106e+001 1.191539e+001 -4.383642e+000 3.008540e+000 -5.759678e-001 -3.079825e+000 -1.051422e+000 1.704710e+000 8.586854e-001 -2.644891e-001 -1.074983e+000 -3.263352e-001 
1.627859e+001 1.277033e+001 -4.100535e+000 2.789308e+000 -8.218497e-001 -2.832867e+000 -9.325633e-001 2.201524e+000 1.175334e+000 -5.941030e-001 -8.836499e-001 -7.268317e-001 
1.721955e+001 1.170211e+001 -3.759347e+000 2.043978e+000 -6.870359e-001 -2.982369e+000 -1.016228e+000 1.959770e+000 1.395162e+000 -5.468217e-001 -7.263906e-001 -6.713149e-001 
1.595200e+001 1.163270e+001 -4.139157e+000 2.921349e+000 -1.175078e+000 -2.275018e+000 -2.062965e+000 1.804847e+000 6.943475e-001 -5.030427e-001 -8.109323e-001 -6.564721e-001 
9.499071e+000 1.007686e+001 -2.926749e+000 1.992516e+000 -1.158149e+000 -1.447313e+000 -9.746459e-001 1.235240e+000 1.950849e-001 -8.393686e-001 -2.793252e-001 2.203754e-001 
7.971480e+000 1.100779e+001 -4.090203e+000 1.349390e+000 -1.500059e+000 1.558668e-001 -1.888819e-001 2.020426e+000 -2.445081e-002 -9.290803e-001 -2.386494e-001 4.987828e-001 
6.933894e+000 1.018774e+001 -3.065784e+000 1.001540e+000 -1.529819e+000 -3.845020e-001 -4.489707e-001 1.025547e+000 5.361698e-001 -6.256258e-001 -3.100966e-001 3.715767e-001 
6.921855e+000 1.074792e+001 -3.026905e+000 1.872405e+000 -1.739423e+000 -4.672884e-001 -1.192099e+000 1.235361e+000 3.444903e-001 -4.194972e-001 -2.277684e-001 9.052657e-001 
6.743989e+000 1.047208e+001 -3.877250e+000 1.090437e+000 -2.614102e+000 -5.935529e-001 -1.180032e+000 9.622618e-001 7.407128e-002 -7.251815e-001 -1.525982e-001 6.769516e-001 
6.938444e+000 1.011336e+001 -4.711722e+000 3.555417e-001 -2.549840e+000 -2.454436e-001 -1.185819e+000 9.462835e-001 7.305268e-002 -5.225352e-001 -4.088024e-001 3.218142e-001 
7.787048e+000 1.057164e+001 -4.793033e+000 1.521449e+000 -2.027978e+000 -9.964483e-001 -1.005278e+000 8.791907e-001 2.571248e-001 -6.630744e-001 -1.411963e-001 4.008321e-001 
6.509856e+000 1.055116e+001 -3.980160e+000 1.560054e+000 -2.140060e+000 8.937008e-002 -2.543927e-001 9.596598e-001 7.499573e-001 -4.051990e-001 -5.450021e-001 5.049457e-001 
6.631512e+000 8.867920e+000 -3.520466e+000 1.101885e+000 -2.232236e+000 -3.839478e-001 -7.411302e-001 4.194138e-001 4.630352e-001 -5.221249e-001 -9.459528e-002 5.424703e-001 
8.017138e+000 8.654981e+000 -3.737871e+000 9.893407e-001 -2.384264e+000 -9.134046e-002 -7.873467e-001 1.198713e+000 -1.863542e-001 -5.935531e-001 -8.823102e-001 4.082541e-001 
1.044942e+001 5.640079e+000 -2.309824e+000 1.839771e+000 -2.877178e+000 5.447597e-001 -3.954843e-001 7.178278e-001 -9.562648e-002 -7.432782e-001 -8.611334e-001 7.398032e-001 
1.118966e+001 6.704112e+000 -1.309782e+000 2.360985e+000 -2.496874e+000 9.861731e-001 -3.515323e-001 7.620992e-001 6.867045e-001 -2.835752e-001 -4.502975e-001 5.625536e-001 
1.214199e+001 9.206254e+000 -2.297841e+000 3.361660e+000 -1.178776e+000 -4.675573e-001 -1.845579e+000 1.313983e+000 4.073629e-001 -6.810408e-001 -3.690963e-001 4.468744e-001 
1.357352e+001 1.078675e+001 -3.256609e+000 3.672585e+000 -1.105669e+000 -1.640362e+000 -1.731290e+000 1.192126e+000 3.171777e-001 -1.270758e+000 -1.826982e-001 7.217992e-002 
1.458150e+001 1.139023e+001 -4.448157e+000 3.630343e+000 -9.610778e-001 -2.573657e+000 -1.055716e+000 9.345952e-001 1.457044e+000 -6.967268e-001 -8.404144e-002 -2.189708e-001 
1.560711e+001 1.100123e+001 -4.444576e+000 3.298098e+000 -9.703659e-001 -2.527019e+000 -1.399273e+000 1.256985e+000 1.138503e+000 -2.314212e-001 -2.170606e-001 -4.405824e-002 
1.556629e+001 1.141021e+001 -4.413416e+000 4.042309e+000 -6.760824e-001 -2.451977e+000 -1.321584e+000 9.121712e-001 5.867936e-001 -5.796835e-003 -2.737249e-001 6.424115e-001 
1.547762e+001 1.121939e+001 -4.019586e+000 4.587732e+000 -5.814060e-001 -2.785152e+000 -1.538747e+000 5.746198e-001 6.832395e-001 -6.670695e-002 -6.588857e-002 6.251698e-001 
1.605440e+001 1.099361e+001 -3.978244e+000 4.074454e+000 -3.798633e-001 -2.570860e+000 -1.609803e+000 2.791190e-001 4.837401e-001 -2.452462e-001 2.180287e-001 6.474650e-001 
1.639209e+001 1.061843e+001 -3.756831e+000 3.715793e+000 -4.402412e-002 -3.026133e+000 -1.362264e+000 5.047880e-001 5.654891e-001 -9.542515e-002 -1.662811e-001 5.523065e-001 
1.640170e+001 1.092810e+001 -3.961543e+000 3.510164e+000 -2.936172e-002 -2.641119e+000 -9.434265e-001 8.658212e-001 3.762479e-001 3.142022e-002 -5.249402e-001 6.517234e-001 
1.599073e+001 1.120861e+001 -4.312795e+000 3.878517e+000 -4.327443e-001 -2.354765e+000 -1.438465e+000 9.076994e-001 4.410848e-001 -4.780413e-002 -1.903400e-001 6.571028e-001 
1.571321e+001 1.136719e+001 -4.173491e+000 4.052392e+000 -3.125660e-001 -2.536197e+000 -1.515218e+000 1.122874e+000 1.975878e-001 2.500160e-001 -3.647788e-001 8.111245e-001 
1.621537e+001 1.177068e+001 -3.667831e+000 3.158298e+000 -9.676916e-002 -2.811304e+000 -1.189605e+000 1.505264e+000 1.310767e-001 9.691147e-002 -4.985496e-001 4.156566e-001 
1.649407e+001 1.132367e+001 -3.429779e+000 2.600467e+000 2.034084e-001 -3.364060e+000 -8.808758e-001 1.344545e+000 3.869702e-001 -3.244423e-002 -7.519479e-001 4.063332e-001 
1.574031e+001 1.139196e+001 -3.741838e+000 2.402148e+000 -2.085361e-001 -3.105815e+000 -1.175788e+000 2.002630e+000 4.800976e-001 -3.915093e-001 -9.090171e-001 -2.211748e-001 
1.625580e+001 1.120077e+001 -3.850002e+000 1.785558e+000 -8.102776e-001 -3.550710e+000 -1.096815e+000 1.734947e+000 1.007525e+000 -5.105709e-001 -9.947339e-001 -5.662847e-001 
1.699157e+001 1.137084e+001 -3.769885e+000 1.695228e+000 -7.897388e-001 -3.590755e+000 -8.860370e-001 1.883770e+000 1.142103e+000 -6.457375e-001 -1.012162e+000 -6.543318e-001 
1.702129e+001 1.143399e+001 -3.817746e+000 2.106906e+000 -1.005150e+000 -2.711777e+000 -1.156425e+000 1.915126e+000 1.220485e+000 -6.729249e-001 -6.519212e-001 -5.530730e-001 
