5.927610e+000 9.547899e+000 -2.273476e+000 3.495541e+000 -8.787254e-001 1.055870e+000 -2.495777e+000 8.290402e-001 2.114802e+000 4.956720e-002 -1.390404e+000 -4.297500e-001 
4.011780e+000 9.746662e+000 -3.086050e+000 2.832385e+000 -5.917046e-001 -1.779155e-001 -2.741737e+000 1.074816e+000 3.025766e+000 5.298319e-001 -8.823888e-001 -7.145912e-001 
3.872153e+000 9.616563e+000 -3.214773e+000 3.191250e+000 3.185148e-001 4.023251e-002 -2.864541e+000 9.532846e-001 2.813678e+000 2.246018e-001 -1.022294e+000 -1.630000e-001 
3.252658e+000 9.521167e+000 -3.068789e+000 4.007594e+000 -7.634842e-002 1.259529e+000 -2.573879e+000 2.303758e-001 2.582036e+000 -5.250958e-001 -1.256465e+000 -4.163331e-001 
2.945980e+000 9.171854e+000 -2.981879e+000 3.516086e+000 2.427798e-001 3.115797e-001 -2.703359e+000 5.947908e-001 2.924845e+000 -2.102295e-001 -1.265516e+000 -7.910002e-001 
2.560970e+000 9.537985e+000 -4.328828e+000 3.667564e+000 -7.492412e-002 5.193788e-001 -3.208343e+000 6.145322e-001 3.645571e+000 -9.251151e-002 -8.781169e-001 -2.114184e-001 
2.126694e+000 9.343978e+000 -3.965676e+000 1.767838e+000 -6.449688e-001 -3.667735e-001 -2.506415e+000 1.280119e+000 2.952784e+000 -9.355119e-002 -6.814974e-001 -8.947146e-001 
1.508050e+000 9.232849e+000 -3.874207e+000 1.787208e+000 -1.455981e+000 2.445835e-001 -2.141791e+000 9.537456e-001 2.044984e+000 -1.322520e-001 -7.608431e-001 -5.627179e-001 
1.624834e+000 7.719153e+000 -4.976121e+000 1.484462e+000 -1.138172e+000 3.577731e-001 -2.791664e+000 1.092900e+000 2.226103e+000 1.356281e-001 -9.909424e-001 -3.778798e-002 
7.469543e+000 7.643406e+000 -4.383785e+000 2.169914e+000 -2.520471e+000 7.059419e-001 -2.455788e+000 7.442330e-001 1.713832e+000 3.119961e-001 -5.957766e-001 -1.299732e-001 
1.332139e+001 8.172704e+000 -4.607770e+000 2.845636e+000 -3.434104e+000 -1.354911e-001 -2.808300e+000 7.729455e-001 3.213547e+000 -5.990790e-002 -7.337320e-001 -3.422679e-001 
1.295641e+001 9.598658e+000 -4.450488e+000 1.966453e+000 -2.824948e+000 -9.792688e-002 -2.872850e+000 4.110958e-001 2.745638e+000 -1.230377e-001 -8.147509e-001 -3.722616e-001 
1.360681e+001 1.059936e+001 -5.657675e+000 2.314314e+000 -4.257670e+000 -6.453903e-001 -3.132374e+000 9.365584e-001 3.141363e+000 2.857151e-001 -1.011229e+000 -7.664745e-001 
1.502663e+001 8.685130e+000 -6.568270e+000 1.095918e+000 -2.444219e+000 -1.106401e+000 -3.057808e+000 5.161403e-001 3.054592e+000 4.682909e-001 -9.129808e-001 -5.790421e-001 
1.438900e+001 8.661165e+000 -7.480659e+000 1.228885e+000 -2.223343e+000 -2.834300e-001 -2.993586e+000 4.303475e-001 2.694986e+000 3.596815e-001 -6.734851e-001 -1.216869e-001 
1.414901e+001 9.194418e+000 -7.962029e+000 1.489642e+000 -2.678878e+000 5.192849e-001 -3.174135e+000 1.123745e+000 2.159552e+000 8.191151e-001 -7.439516e-001 1.692678e-001 
1.422943e+001 8.694181e+000 -7.924761e+000 1.803596e+000 -2.494227e+000 8.630053e-001 -2.752232e+000 6.351753e-001 2.583501e+000 3.252215e-001 -5.178549e-001 1.545294e-002 
1.451607e+001 8.692881e+000 -8.319643e+000 1.623067e+000 -2.459102e+000 1.227135e+000 -2.773567e+000 5.722985e-001 2.823521e+000 -2.013424e-001 -9.073739e-001 3.186457e-001 
1.489917e+001 9.138919e+000 -8.645936e+000 1.139912e+000 -2.736335e+000 1.037296e+000 -2.455231e+000 6.357771e-001 2.938120e+000 -2.533347e-001 -9.778348e-001 5.849444e-001 
1.590656e+001 8.306011e+000 -7.882748e+000 2.191722e-001 -2.243307e+000 8.035519e-001 -1.804225e+000 4.491758e-001 3.453491e+000 -7.210029e-001 -7.683751e-001 4.395666e-001 
1.572392e+001 8.509074e+000 -7.742180e+000 -4.618819e-001 -1.830957e+000 8.234602e-001 -1.954553e+000 1.057461e+000 2.665779e+000 -4.109866e-001 -1.421988e+000 5.440509e-001 
1.574473e+001 8.061407e+000 -6.843390e+000 -1.460411e+000 -1.006811e+000 2.832259e-001 -1.440899e+000 1.266259e+000 2.305593e+000 -1.770574e-001 -1.399898e+000 3.820242e-001 
1.387879e+001 1.089062e+001 -8.873668e+000 6.778156e-002 -2.372940e+000 1.533640e+000 -2.537148e+000 1.952106e+000 2.086262e+000 1.554903e-002 -1.395399e+000 4.940371e-001 
1.426201e+001 9.604111e+000 -8.234557e+000 -6.431699e-001 -1.882121e+000 9.980651e-001 -1.867670e+000 1.413158e+000 2.752629e+000 -6.116554e-001 -8.610272e-001 2.539373e-001 
1.355553e+001 1.049020e+001 -8.755248e+000 3.789473e-001 -3.014363e+000 2.129773e+000 -2.161781e+000 1.516697e+000 2.374043e+000 -5.085973e-001 -7.246704e-001 1.723847e-001 
1.373489e+001 9.988048e+000 -7.616296e+000 -1.106480e+000 -1.916959e+000 1.966046e+000 -2.080484e+000 1.310986e+000 2.249487e+000 -3.905107e-001 -9.962930e-001 2.333180e-001 
1.316845e+001 1.051208e+001 -7.415864e+000 -1.690217e+000 -1.696622e+000 1.781831e+000 -2.367648e+000 1.713035e+000 2.051461e+000 -2.959343e-001 -1.020929e+000 3.363385e-001 
1.281298e+001 1.101072e+001 -7.866839e+000 -1.531366e+000 -1.514445e+000 1.290284e+000 -1.961970e+000 1.768060e+000 2.115190e+000 -3.146005e-001 -8.620898e-001 1.267662e-001 
1.403017e+001 8.795527e+000 -5.594148e+000 -2.917444e+000 -6.797304e-001 5.798527e-001 -6.567104e-001 7.673046e-001 2.415229e+000 -6.728713e-001 -9.609025e-001 2.238611e-001 
1.181145e+001 6.984815e+000 -2.021510e+000 -3.694526e-001 -1.058156e-001 1.048258e+000 6.112256e-002 4.531764e-001 1.423569e+000 -8.756729e-001 -1.073727e+000 -4.234790e-002 
4.927890e+000 9.080673e+000 -2.745316e+000 3.920976e+000 -7.394208e-002 7.838052e-001 -1.927124e+000 6.653025e-001 1.713555e+000 -5.769734e-001 -1.014018e+000 -4.341327e-001 
4.915806e+000 9.760502e+000 -3.662821e+000 3.042780e+000 -1.024289e+000 3.694114e-001 -2.138624e+000 1.543198e+000 2.246841e+000 -1.524467e-001 -1.311629e+000 -7.192451e-001 
4.308062e+000 1.055340e+001 -3.588976e+000 3.445889e+000 -6.599081e-001 8.389946e-001 -2.400173e+000 8.979698e-001 2.413519e+000 -3.012698e-002 -1.608301e+000 -9.643119e-001 
3.710859e+000 1.020371e+001 -3.219917e+000 3.144146e+000 -3.448788e-001 5.110317e-001 -2.621696e+000 1.346267e+000 2.315548e+000 -1.398328e-001 -1.210420e+000 -4.840608e-001 
3.498609e+000 9.549847e+000 -3.683198e+000 2.671973e+000 -7.748481e-001 1.811292e-001 -2.141829e+000 1.275433e+000 2.944205e+000 1.936015e-001 -7.856367e-001 -2.337811e-001 
3.618781e+000 9.335656e+000 -3.831885e+000 2.242364e+000 -1.188315e+000 1.764676e-001 -2.014396e+000 1.125541e+000 2.918726e+000 -2.211745e-002 -9.947411e-001 -4.912896e-001 
3.337570e+000 8.792018e+000 -4.567044e+000 2.497916e+000 -1.508709e+000 -2.453510e-001 -2.685313e+000 1.552082e+000 3.776357e+000 -5.619788e-002 -8.069734e-001 -2.285939e-001 
3.595577e+000 8.965990e+000 -4.994347e+000 2.054531e+000 -2.084270e+000 -4.156943e-001 -3.084387e+000 6.066461e-001 2.945854e+000 -1.223262e-001 -8.240623e-001 -2.927525e-001 
4.336009e+000 7.905732e+000 -5.419028e+000 1.837885e+000 -2.225282e+000 6.422455e-001 -3.073546e+000 1.066965e+000 2.129464e+000 5.030228e-001 -6.055204e-001 1.457385e-001 
1.043251e+001 8.550422e+000 -4.493650e+000 2.946568e+000 -3.456472e+000 4.947728e-001 -2.927815e+000 8.530291e-001 2.316813e+000 2.018495e-001 -6.532452e-001 -3.400440e-001 
1.307491e+001 9.311128e+000 -5.268615e+000 2.844086e+000 -3.260681e+000 5.261367e-001 -3.602225e+000 8.606453e-001 2.866917e+000 1.753903e-001 -1.147058e+000 -8.311075e-002 
1.272747e+001 1.146262e+001 -5.756497e+000 2.875769e+000 -4.359524e+000 4.880332e-001 -3.496774e+000 8.818118e-001 3.013375e+000 -3.125186e-001 -8.529039e-001 -2.795430e-001 
1.449159e+001 9.712584e+000 -6.513651e+000 1.633819e+000 -3.917880e+000 -7.631600e-001 -3.507259e+000 8.341706e-001 3.197354e+000 5.016980e-001 -1.224990e+000 -5.613121e-001 
1.438733e+001 9.255503e+000 -7.033316e+000 9.724317e-001 -1.809246e+000 -8.718030e-001 -3.030013e+000 5.245949e-001 2.615945e+000 4.378631e-001 -7.813040e-001 -3.445526e-001 
1.462041e+001 8.347460e+000 -7.229112e+000 9.759122e-001 -2.174742e+000 -4.053178e-001 -2.655959e+000 3.582773e-001 2.630642e+000 3.103171e-001 -5.285700e-001 -7.688247e-002 
1.402239e+001 8.897659e+000 -8.258909e+000 1.457594e+000 -2.980499e+000 3.439626e-001 -2.960379e+000 8.657574e-001 2.129751e+000 5.968963e-001 -4.908273e-001 -7.163711e-003 
1.501391e+001 8.163049e+000 -7.709671e+000 9.966671e-001 -2.276250e+000 5.355424e-001 -2.386284e+000 3.252360e-001 2.713353e+000 7.011993e-002 -5.954473e-001 1.515187e-001 
1.524219e+001 8.186917e+000 -8.118323e+000 8.672291e-001 -2.123372e+000 8.279088e-001 -2.187797e+000 2.016606e-001 3.195223e+000 -6.079751e-001 -7.627318e-001 3.629074e-001 
1.463609e+001 9.399448e+000 -8.753826e+000 8.683687e-001 -2.910585e+000 1.085360e+000 -2.277483e+000 6.719511e-001 2.947053e+000 -5.706971e-001 -1.008754e+000 5.627569e-001 
1.598337e+001 8.140024e+000 -7.670102e+000 -3.542648e-001 -2.218238e+000 6.579560e-001 -1.553003e+000 7.222091e-001 3.312895e+000 -6.611106e-001 -9.634076e-001 6.432147e-001 
1.528144e+001 9.191722e+000 -8.008204e+000 -6.301608e-001 -1.758554e+000 6.784288e-001 -1.877928e+000 1.338252e+000 2.525805e+000 -1.813848e-001 -1.653429e+000 7.397526e-001 
1.486336e+001 9.149732e+000 -7.584592e+000 -1.189848e+000 -1.606535e+000 7.229181e-001 -1.982152e+000 1.693712e+000 2.246643e+000 -1.448135e-001 -1.401726e+000 4.522764e-001 
1.427603e+001 9.754141e+000 -7.777877e+000 -1.265259e+000 -1.471208e+000 7.326920e-001 -1.507066e+000 1.313732e+000 2.590872e+000 -5.915721e-001 -9.363628e-001 1.910995e-001 
1.386296e+001 1.073089e+001 -8.894418e+000 4.192499e-002 -2.544807e+000 1.673604e+000 -1.923390e+000 1.613170e+000 2.448658e+000 -6.162124e-001 -7.400424e-001 1.989320e-001 
1.385449e+001 1.060935e+001 -8.113499e+000 -5.060705e-001 -2.631992e+000 1.573760e+000 -1.632184e+000 1.211417e+000 2.363617e+000 -4.818371e-001 -6.329196e-001 1.536710e-001 
1.440695e+001 9.926964e+000 -7.096183e+000 -2.049638e+000 -1.129414e+000 1.118325e+000 -1.678646e+000 9.158791e-001 2.680398e+000 -5.029522e-001 -8.843630e-001 2.747356e-001 
1.347580e+001 1.080674e+001 -7.583908e+000 -1.528766e+000 -1.586924e+000 1.751149e+000 -2.103985e+000 1.367868e+000 2.033505e+000 -2.687465e-001 -1.164945e+000 2.239991e-001 
1.296130e+001 1.127131e+001 -7.816357e+000 -1.039199e+000 -2.020863e+000 1.642644e+000 -1.459798e+000 1.218593e+000 2.318422e+000 -7.634171e-001 -7.608137e-001 8.435457e-002 
