6.678182e+000 1.894229e+001 -2.483816e+000 1.638095e-001 -1.933236e+000 -3.762340e+000 -2.789413e+000 -7.349007e-001 9.485071e-001 -1.395290e+000 -2.301944e+000 -1.482692e+000 -4.540720e-002 2.103917e-001 1.861966e-001 7.439721e-001 8.285508e-001 1.766589e-001 -6.794536e-001 -7.494719e-001 -1.812251e-001 -6.583602e-001 -1.170473e+000 -2.735039e-001 
5.218391e+000 1.855980e+001 -8.699630e-001 8.205719e-001 -1.203930e+000 -3.901000e+000 -3.783685e+000 -1.320771e+000 8.469740e-001 -6.359281e-001 -1.814402e+000 -1.061804e+000 -2.210042e-001 -7.587485e-001 8.546904e-002 7.538637e-001 9.881438e-001 7.230913e-001 -7.234206e-001 -1.171748e+000 -6.953192e-001 -6.074166e-001 -6.148972e-001 -7.495765e-002 
3.065854e+000 1.783715e+001 1.019064e+000 1.859062e+000 -6.066918e-001 -3.497488e+000 -4.483884e+000 -2.406553e+000 -3.432745e-001 -6.160673e-001 -8.014564e-001 -2.758430e-001 4.589327e-001 -1.206189e+000 -3.519349e-001 6.329752e-001 -4.038641e-002 3.998727e-002 -3.768328e-001 -6.385753e-001 -8.141589e-001 -8.094333e-001 -5.117774e-002 3.138756e-001 
3.983052e+000 1.653832e+001 1.941040e+000 2.100705e+000 8.780743e-001 -3.522988e+000 -5.168476e+000 -2.536630e+000 -5.086805e-001 -3.418467e-001 -8.087622e-003 4.917483e-002 7.408086e-002 -7.683363e-001 -5.071030e-001 -9.259712e-002 -7.454078e-002 1.794452e-001 -5.798319e-001 -6.396027e-001 -1.830400e-001 -6.435931e-001 -4.325454e-001 1.115161e-001 
1.943600e+000 1.877885e+001 1.169595e+000 2.922513e+000 1.299770e+000 -3.005602e+000 -4.417726e+000 -2.115884e+000 -5.775413e-001 -2.973142e-001 -5.177346e-002 -7.356859e-001 -6.905703e-002 -6.512575e-001 2.604401e-001 5.722828e-001 -5.996237e-001 -3.351048e-001 -3.792601e-001 -3.995354e-001 -2.466593e-001 -6.314021e-001 -4.954429e-001 -1.530281e-001 
1.091664e+001 1.361217e+001 2.005458e+000 1.457998e-001 -4.054543e-001 -1.713047e+000 -1.850431e+000 -7.145394e-001 -1.438606e-001 -1.406495e+000 -2.126071e+000 -1.102075e+000 1.304018e-001 5.395795e-001 6.791423e-001 5.496817e-001 -9.239467e-002 -8.336064e-001 -8.783565e-001 -2.523674e-001 -1.186696e-002 -4.948740e-001 -5.807431e-001 -1.492871e-001 
7.954495e+000 1.756953e+001 -1.717520e+000 -5.707410e-001 -1.755960e+000 -3.893939e+000 -2.602510e+000 -4.462021e-001 8.539474e-001 -1.299488e+000 -2.940495e+000 -1.634012e+000 2.562913e-001 4.534746e-001 4.223895e-001 7.542263e-001 3.795813e-001 -2.766945e-001 -7.630744e-001 -5.991241e-001 3.227787e-002 -5.986473e-001 -1.115449e+000 -3.306438e-001 
5.976255e+000 1.745513e+001 -2.019131e-001 2.876016e-001 -1.303807e+000 -3.993243e+000 -3.659057e+000 -1.102634e+000 1.081419e+000 -5.301688e-001 -2.107672e+000 -1.304857e+000 -2.371515e-001 -5.082291e-001 -1.330275e-001 7.902727e-001 1.298832e+000 8.072596e-001 -7.139052e-001 -1.243772e+000 -6.329278e-001 -6.909305e-001 -7.564214e-001 -1.445872e-001 
1.706437e+000 1.968712e+001 -9.060279e-001 2.818116e+000 -1.414966e+000 -3.198293e+000 -4.406383e+000 -2.332418e+000 1.139603e-001 -1.059367e+000 -6.672693e-001 -9.203344e-001 7.473884e-001 -1.365428e+000 3.830387e-003 7.020500e-001 3.679940e-002 2.301127e-001 -7.574173e-001 -6.333700e-001 -7.773458e-001 -6.079371e-001 -2.261245e-001 2.039667e-001 
3.108247e+000 1.699702e+001 1.697625e+000 2.048093e+000 6.109772e-001 -3.770078e+000 -5.214973e+000 -2.306810e+000 -5.742293e-001 -3.915662e-001 -1.194670e-001 -2.190532e-001 2.987851e-001 -8.366427e-001 -6.077471e-001 3.546897e-002 -1.378731e-001 2.089001e-001 -5.075624e-001 -6.967582e-001 -3.689101e-001 -6.784949e-001 -2.902119e-001 1.924993e-001 
4.185491e-001 2.031929e+001 -3.182757e-002 3.711504e+000 1.073336e+000 -2.940399e+000 -4.900151e+000 -2.212518e+000 -4.088728e-001 -2.154569e-001 4.378074e-001 -1.004586e+000 4.250703e-001 -9.462877e-001 2.115977e-001 4.342608e-001 -4.574470e-001 -1.077946e-001 -6.711380e-001 -2.245866e-001 -2.967530e-001 -4.220196e-001 -5.831761e-001 -1.475465e-001 
