1.604112e+001 1.504393e+001 -3.573032e+000 4.366154e+000 -1.140689e+000 2.091086e+000 -5.149634e+000 2.577728e-001 1.555923e+000 -2.050541e+000 -3.802162e-001 -5.679552e-001 -1.865789e+000 -7.545738e-001 1.679812e+000 -2.176106e-001 -8.578292e-001 1.002249e-001 5.675494e-001 -8.396807e-002 7.909194e-001 -5.314259e-002 -4.811177e-001 8.217154e-001 
1.556729e+001 1.534654e+001 -4.147388e+000 4.433351e+000 -6.377654e-001 1.210407e+000 -5.088657e+000 -3.944929e-002 1.608755e+000 -1.801112e+000 -3.083516e-001 -2.520103e-001 -1.768983e+000 -7.225779e-001 1.156109e+000 -3.915408e-001 -9.622935e-001 2.148423e-001 1.028744e+000 -1.295908e-001 7.866098e-001 -3.614118e-001 -2.713948e-001 4.856323e-001 
1.437046e+001 1.622985e+001 -4.250434e+000 4.975320e+000 -1.155690e+000 1.583991e+000 -5.336269e+000 8.080556e-002 6.952549e-001 -8.230447e-001 -3.889571e-001 -1.748385e-001 -2.021728e+000 -6.380706e-001 1.315292e+000 -3.305024e-001 -1.535471e+000 6.277374e-001 1.205665e+000 -3.645403e-001 1.141351e+000 -5.325583e-001 -2.227464e-001 5.090635e-001 
1.429366e+001 1.657578e+001 -4.205572e+000 4.841535e+000 -6.773042e-001 1.308601e+000 -4.732088e+000 -1.343643e-001 8.583482e-001 -1.198751e+000 8.586837e-002 -1.201711e-001 -2.005472e+000 -5.334011e-001 1.504662e+000 -6.220801e-001 -1.671724e+000 3.153226e-001 1.676583e+000 2.742799e-002 1.064334e+000 -7.788604e-001 -3.867198e-001 -2.983563e-002 
1.492919e+001 1.578116e+001 -3.077742e+000 3.803242e+000 -2.917076e-001 9.727175e-001 -4.394517e+000 -7.917053e-001 1.648845e+000 -1.212177e+000 1.944561e-001 -5.167201e-002 -1.901646e+000 -7.437526e-001 9.796276e-001 -3.054454e-001 -1.560741e+000 3.147791e-001 1.436466e+000 4.215816e-001 9.778940e-001 -5.346265e-001 -6.604794e-001 -1.099747e-001 
1.974910e+001 1.262371e+001 -5.269067e-001 1.253142e+000 3.254490e-001 -1.037544e-001 -3.747157e+000 -1.189562e+000 1.492476e+000 -9.786959e-001 1.833471e-001 1.099825e-001 -9.238302e-001 -1.758969e-001 9.967503e-001 2.208548e-001 -1.339903e+000 -1.379265e-001 5.582070e-001 2.892692e-001 3.936425e-001 -2.767402e-001 -2.193879e-002 2.032716e-001 
1.711880e+001 1.371182e+001 -2.555054e+000 2.721388e+000 -3.858065e-001 1.389033e+000 -4.720485e+000 -3.484155e-001 1.884375e+000 -2.277567e+000 -5.382087e-001 -5.114580e-001 -1.303599e+000 -4.184154e-001 1.431656e+000 -3.134437e-002 -1.110085e+000 3.219878e-003 4.932164e-002 5.728455e-002 7.901077e-001 2.498910e-002 -2.054719e-001 8.151400e-001 
1.566230e+001 1.562165e+001 -4.281570e+000 4.787484e+000 -1.004555e+000 1.483942e+000 -5.351752e+000 7.148835e-002 1.431500e+000 -1.705452e+000 -4.837643e-002 -5.172536e-001 -2.173076e+000 -7.728603e-001 1.377412e+000 -2.190979e-001 -6.960192e-001 -1.378284e-001 8.678790e-001 -1.548468e-001 7.981887e-001 -1.643149e-001 -2.423204e-001 4.416751e-001 
1.430943e+001 1.660702e+001 -4.263054e+000 4.876431e+000 -1.462922e+000 1.809445e+000 -5.442415e+000 8.460022e-002 1.107690e+000 -1.091074e+000 -5.752583e-001 -3.392656e-001 -2.057878e+000 -7.715561e-001 1.798119e+000 -2.420513e-001 -1.443087e+000 -3.414898e-002 1.030886e+000 -1.583538e-001 1.344781e+000 -5.689194e-001 -3.803832e-001 2.954926e-001 
1.418864e+001 1.647808e+001 -4.116871e+000 5.465932e+000 -6.554592e-001 1.571346e+000 -5.343639e+000 -1.923544e-001 5.307143e-001 -1.034571e+000 -1.583416e-001 -3.013355e-001 -2.107799e+000 -7.296341e-001 1.371411e+000 -4.430112e-001 -1.660390e+000 2.349715e-001 1.626967e+000 1.028848e-002 1.389697e+000 -6.828681e-001 -4.063561e-001 -7.109974e-002 
1.465089e+001 1.574252e+001 -3.854081e+000 3.826821e+000 -3.640103e-001 1.105427e+000 -4.547303e+000 -7.927268e-001 1.818180e+000 -1.056861e+000 1.629437e-001 1.077241e-001 -1.730883e+000 -5.027111e-001 1.019723e+000 -6.140313e-001 -1.734498e+000 2.851636e-001 1.382249e+000 3.090277e-001 9.990379e-001 -5.359139e-001 -6.335351e-001 -3.122499e-001 
