1.584562e+001 1.014436e+001 -6.184600e+000 3.519497e+000 -2.574878e+000 2.073411e+000 -3.162608e+000 1.592386e+000 5.782421e-001 7.588403e-001 -1.744943e+000 3.178813e-003 
1.192367e+001 9.794072e+000 -5.107193e+000 3.042387e+000 -1.625048e+000 1.725253e+000 -2.812784e+000 1.413371e+000 3.989232e-003 1.038454e+000 -1.076421e+000 -1.725517e-001 
9.989481e+000 8.481913e+000 -4.733047e+000 3.347605e+000 -1.058290e-002 2.826360e+000 -2.725948e+000 1.015072e+000 -2.876793e-001 1.733750e-001 -1.051744e+000 7.107430e-001 
9.054960e+000 7.982796e+000 -4.276332e+000 3.179964e+000 -9.376896e-002 2.388170e+000 -2.318976e+000 9.289940e-001 -4.836153e-002 4.201287e-001 -1.136060e+000 3.722052e-001 
7.937657e+000 6.677293e+000 -6.612032e+000 2.430698e+000 -5.173264e-001 3.439257e+000 -2.076580e+000 1.384574e+000 -7.640645e-001 2.121962e-001 -1.256974e+000 4.929819e-001 
8.431735e+000 6.451483e+000 -6.244850e+000 1.386607e+000 -6.225623e-001 2.886687e+000 -1.675102e+000 1.767335e+000 -5.457440e-001 -4.556756e-001 -1.789266e+000 2.662291e-001 
8.249663e+000 5.673120e+000 -5.750072e+000 1.224458e+000 -5.243083e-001 1.890348e+000 -2.258532e+000 1.298022e+000 1.078418e-001 2.185071e-001 -1.703864e+000 1.610462e-001 
7.613955e+000 5.744750e+000 -6.677776e+000 1.256780e+000 -4.055516e-001 2.549786e+000 -2.696855e+000 1.297362e+000 3.668897e-001 5.726255e-001 -1.681841e+000 3.176793e-002 
7.216382e+000 7.577472e+000 -5.497479e+000 1.224914e+000 -1.379600e+000 2.203421e+000 -2.321437e+000 1.670322e+000 1.491504e-002 1.979334e-001 -1.675603e+000 2.387861e-001 
8.422954e+000 7.700736e+000 -5.084471e+000 1.076404e+000 -3.820100e-001 1.915086e+000 -2.734773e+000 6.947214e-001 6.560368e-001 3.499090e-001 -1.717426e+000 1.521822e-001 
8.195552e+000 7.587141e+000 -5.571365e+000 2.609568e+000 1.394433e-001 2.465819e+000 -2.168328e+000 7.538512e-001 -7.704224e-001 -2.876196e-001 -1.361173e+000 3.481434e-001 
8.331957e+000 8.113807e+000 -4.647160e+000 2.538355e+000 9.021016e-002 2.029163e+000 -2.098811e+000 6.053508e-001 -5.658054e-001 -1.979827e-001 -1.058802e+000 3.831194e-001 
7.279811e+000 7.849710e+000 -5.470126e+000 2.168994e+000 -1.024700e+000 1.993300e+000 -2.311895e+000 1.069181e+000 1.327851e-001 -4.949605e-003 -1.427559e+000 -3.969170e-002 
7.723716e+000 7.597014e+000 -5.553442e+000 2.557327e+000 -3.786154e-001 2.049156e+000 -2.506968e+000 1.032560e+000 1.634559e-001 1.612337e-001 -1.798196e+000 1.346405e-001 
7.364334e+000 7.601592e+000 -5.361897e+000 2.175153e+000 -7.321680e-002 1.835657e+000 -2.332479e+000 5.563225e-001 6.559897e-002 2.844766e-003 -1.148454e+000 1.863989e-001 
1.151426e+001 8.665573e+000 -4.846586e+000 3.319774e+000 -2.814244e-001 2.247255e+000 -1.145238e+000 -5.658310e-001 8.295326e-002 -3.026584e-001 -1.343331e+000 3.353935e-001 
1.185166e+001 7.699574e+000 -4.234570e+000 4.564105e+000 -1.462129e-001 8.933467e-001 -1.474489e+000 -1.376466e+000 5.857494e-001 4.676306e-001 -1.082813e+000 3.445339e-001 
1.446943e+001 6.644611e+000 -2.631927e+000 2.247641e+000 -3.789032e-002 -5.224237e-001 -3.143487e-001 -8.893976e-001 6.455956e-001 1.583481e-001 -1.022473e+000 1.653433e-001 
1.927565e+001 6.743008e+000 -3.617743e+000 -5.932965e-002 5.186452e-003 8.949404e-001 -2.955403e-001 1.844868e-001 1.129994e+000 -9.855959e-001 -1.573737e+000 -1.206164e-001 
1.676665e+001 8.783314e+000 -3.884539e+000 2.300691e+000 -8.530832e-001 8.654990e-001 -1.900522e+000 6.160096e-001 8.622306e-001 4.672488e-002 -1.513948e+000 2.398161e-001 
1.185265e+001 8.283445e+000 -4.447839e+000 2.022861e+000 -1.148319e+000 3.145610e+000 -2.213170e+000 9.979557e-001 -6.389594e-001 5.750283e-001 -1.098874e+000 1.910252e-002 
1.110180e+001 8.169699e+000 -5.382423e+000 2.686600e+000 -3.475146e-001 3.396660e+000 -2.761375e+000 1.361163e+000 -2.467098e-002 5.729697e-001 -1.662110e+000 -6.457716e-002 
1.051210e+001 8.424597e+000 -6.619513e+000 2.426097e+000 -6.728598e-001 3.215608e+000 -2.930743e+000 1.002772e+000 3.021793e-001 8.205916e-001 -1.244901e+000 1.877678e-001 
9.205115e+000 6.559486e+000 -6.915342e+000 9.030342e-001 -1.428549e+000 2.572043e+000 -3.104541e+000 1.088599e+000 8.375729e-001 1.387961e+000 -9.782432e-001 4.868030e-001 
9.711736e+000 7.454122e+000 -6.680242e+000 1.359236e+000 -7.825270e-001 2.347162e+000 -3.771514e+000 1.604460e+000 4.134980e-001 8.098499e-001 -1.416950e+000 4.194088e-001 
1.069449e+001 6.960115e+000 -5.196403e+000 1.174945e+000 -2.409210e-001 2.191752e+000 -2.689830e+000 1.041151e+000 -9.066903e-002 4.014176e-001 -1.215012e+000 9.558076e-002 
8.563781e+000 7.035342e+000 -5.326475e+000 3.066711e+000 -1.185295e+000 2.847228e+000 -2.460145e+000 1.102714e+000 -9.327673e-001 4.456951e-001 -1.431664e+000 1.896489e-001 
7.876633e+000 6.906149e+000 -5.782344e+000 2.546316e+000 -7.590097e-001 2.473881e+000 -2.954158e+000 5.873995e-001 -7.326964e-002 9.535639e-001 -1.346745e+000 2.076041e-001 
7.317176e+000 6.936923e+000 -6.324996e+000 1.981536e+000 -1.531200e+000 2.191008e+000 -2.670849e+000 1.271504e+000 -3.346585e-001 3.409095e-001 -1.027884e+000 8.710822e-001 
6.867242e+000 5.345667e+000 -6.742651e+000 5.695498e-001 -2.432175e+000 2.057406e+000 -2.238196e+000 1.046320e+000 -1.398116e-001 5.082101e-001 -8.730455e-001 1.110251e+000 
7.542739e+000 6.310567e+000 -6.325722e+000 1.353440e+000 -1.275793e+000 1.867860e+000 -2.378610e+000 1.021710e+000 -1.104961e-001 3.413895e-001 -9.658563e-001 6.818406e-001 
7.928973e+000 7.083588e+000 -6.249991e+000 4.610163e-001 -1.404454e+000 1.577891e+000 -2.281500e+000 1.251763e+000 -1.828208e-003 3.617519e-001 -7.700911e-001 3.199557e-001 
6.719151e+000 6.108013e+000 -7.303902e+000 -9.429427e-002 -1.994344e+000 2.428608e+000 -2.391783e+000 1.355529e+000 2.488161e-001 4.867797e-001 -1.571701e+000 -8.423440e-002 
8.489631e+000 7.711668e+000 -6.420320e+000 2.741427e+000 -1.034419e+000 2.096353e+000 -2.367825e+000 8.309530e-001 -2.733143e-001 -9.272345e-002 -1.412994e+000 3.979212e-001 
1.023909e+001 7.708164e+000 -5.455681e+000 5.230305e+000 -1.406442e+000 2.248652e+000 -2.394643e+000 9.436480e-002 -4.797530e-001 4.290819e-001 -1.067532e+000 9.074928e-001 
1.218592e+001 7.801779e+000 -4.708709e+000 3.892447e+000 -5.927120e-001 5.887721e-001 -1.397350e+000 -6.242831e-001 1.656899e-001 5.532052e-001 -1.112879e+000 8.752646e-001 
