1.015907e+001 1.162291e+001 -3.092103e+000 4.623410e+000 -1.403964e-001 1.971513e+000 -1.622133e+000 1.205645e+000 9.084733e-001 -1.077526e-001 -8.016850e-002 -7.393675e-001 -4.325578e-001 -1.295833e+000 9.564099e-002 -1.162984e+000 -1.457434e+000 -1.465163e+000 -7.319528e-002 3.914997e-001 -6.056550e-001 -2.742761e-001 8.982949e-002 6.535472e-001 
9.969723e+000 1.250259e+001 -2.968615e+000 6.430876e+000 -2.455410e+000 3.673503e+000 -2.374044e+000 6.318727e-001 -7.260308e-001 -1.135472e+000 -7.441120e-001 -2.584500e-001 1.202723e+000 -9.204724e-001 4.544363e-002 -1.566560e+000 -9.131100e-001 -6.199343e-001 -8.955030e-002 -1.185690e-001 -3.372141e-001 -1.100183e+000 -1.800274e-002 2.870541e-001 
9.334654e+000 1.086426e+001 -4.131515e+000 6.821437e+000 -2.312640e+000 4.042097e+000 -2.364728e+000 8.703530e-001 -6.131300e-001 -8.955204e-001 -6.848906e-001 2.272145e-001 1.051589e+000 -1.540309e+000 2.006002e-001 -9.268305e-001 -2.689837e-001 -1.219126e+000 1.761102e-001 -4.346118e-001 -4.034065e-001 -1.003935e+000 -1.761716e-001 -2.231264e-001 
1.110564e+001 1.076976e+001 -2.791458e+000 6.266819e+000 -3.159339e+000 3.063683e+000 -2.323755e+000 -5.859512e-002 3.893882e-001 5.124888e-001 -1.131436e+000 -1.048083e-001 8.849623e-001 -1.073508e+000 -2.214271e-001 -1.147120e+000 -9.607234e-001 -1.014586e+000 -4.254274e-001 -1.448692e-001 -2.566320e-001 -1.705488e-001 -9.696231e-003 -8.304089e-002 
1.263326e+001 1.209925e+001 -3.682178e+000 6.276314e+000 -3.408996e+000 3.932328e+000 -2.386804e+000 4.323146e-001 -1.245839e-001 -2.571459e-001 -1.176436e+000 5.966460e-001 4.709822e-001 -1.410525e+000 -9.808931e-002 -1.074943e+000 -1.144950e+000 -9.600422e-001 -2.292739e-001 -1.353496e-001 -4.585768e-001 -5.038934e-001 -2.210958e-001 2.106080e-001 
1.429040e+001 1.324425e+001 -4.204630e+000 5.366025e+000 -1.230415e+000 2.988623e+000 -2.274706e+000 -2.684439e-001 4.645437e-001 -1.705903e+000 -1.541030e+000 -6.711732e-001 -3.429938e-002 -1.595398e+000 5.308710e-001 5.041027e-001 -1.103349e+000 -1.251578e+000 9.322882e-001 1.029449e-001 -9.544014e-001 -1.120398e+000 -1.127477e+000 1.230542e-001 
1.733413e+001 1.495477e+001 -4.890133e+000 4.929533e+000 -1.956332e+000 2.580613e+000 -4.467260e+000 -4.899216e-001 -2.128859e-001 -2.077569e+000 -1.573439e+000 -8.374245e-001 -5.821023e-002 -9.528908e-001 5.507933e-001 1.304133e+000 -8.942595e-001 -1.101527e+000 1.667855e+000 -9.192063e-001 -6.668874e-001 -1.132793e+000 -1.096013e+000 6.854327e-001 
1.746526e+001 1.458120e+001 -3.725358e+000 4.744135e+000 -2.393054e+000 2.408167e+000 -5.166785e+000 -6.886412e-001 7.593930e-001 -1.863283e+000 -1.759103e+000 -1.131635e+000 1.155091e-001 -4.986920e-001 5.798258e-001 1.681241e+000 -9.332901e-001 -1.807328e+000 9.632165e-001 -1.335846e+000 -4.548531e-001 -3.110465e-001 -2.499470e-001 6.718369e-001 
1.698220e+001 1.508615e+001 -3.162434e+000 5.072975e+000 -2.365539e+000 2.288146e+000 -6.421783e+000 -8.192917e-001 8.766406e-001 -1.494727e+000 -1.842910e+000 -8.887354e-001 7.877098e-001 -5.534573e-001 3.035636e-001 9.367611e-001 -1.049411e+000 -1.588988e+000 9.729300e-001 -9.341324e-001 -3.933755e-001 -4.600861e-001 -2.678784e-001 9.746843e-001 
1.712043e+001 1.505769e+001 -3.030577e+000 5.098967e+000 -2.660176e+000 2.357876e+000 -6.439748e+000 -1.266246e+000 8.530064e-001 -1.037189e+000 -2.133952e+000 -4.594791e-001 1.070355e+000 -8.402324e-001 -3.039588e-001 1.409453e+000 -1.312482e+000 -1.487989e+000 5.776005e-001 -7.666515e-001 2.695862e-001 -4.878289e-001 -6.002114e-001 4.839285e-001 
1.857534e+001 1.393431e+001 -2.319397e+000 4.435982e+000 -2.025381e+000 1.725226e+000 -5.170801e+000 -1.942356e+000 1.309984e+000 -1.746776e+000 -1.545852e+000 -3.611419e-001 1.082043e+000 -7.563535e-001 2.343254e-002 9.471253e-001 -1.579136e+000 -1.414821e+000 4.000173e-001 -6.154523e-001 2.313059e-001 -4.426666e-001 -7.076095e-001 6.542382e-001 
1.801505e+001 1.465798e+001 -2.827726e+000 5.432605e+000 -3.056065e+000 1.992797e+000 -5.411726e+000 -2.150399e+000 1.108050e+000 -1.491665e+000 -6.696290e-001 7.351726e-002 2.752252e-001 -1.100544e+000 -5.652106e-001 5.845602e-001 -8.060372e-001 -1.044192e+000 2.786171e-001 -1.060349e+000 3.553249e-001 -6.882225e-001 -1.090832e+000 8.872393e-001 
2.144571e+001 1.070392e+001 8.463923e-001 1.794018e+000 3.215543e-001 1.167907e-001 -2.693094e+000 -1.538136e+000 9.783690e-001 -9.347313e-001 -3.845905e-001 1.385137e-001 -2.897354e-001 -8.292321e-001 -2.931777e-001 1.105508e+000 -4.715686e-001 -8.018450e-001 3.546390e-001 -3.807300e-001 -2.053867e-001 -6.356145e-002 -1.939206e-001 5.280454e-001 
1.231134e+001 1.199550e+001 -2.060748e+000 3.657730e+000 1.413803e+000 2.405636e+000 -5.441484e-001 1.892695e-001 -3.636719e-001 -1.525468e+000 -9.620940e-001 -6.000304e-001 -3.186679e-001 -1.075223e+000 4.064141e-001 -4.414740e-001 -1.043028e+000 -7.993035e-001 1.155806e-001 2.810020e-001 -1.211851e+000 -9.517805e-001 -3.389304e-001 4.996165e-001 
1.098946e+001 1.209105e+001 -2.129927e+000 5.810368e+000 -1.597048e+000 2.502115e+000 -1.975708e+000 4.792406e-001 -1.203950e-001 -1.611788e+000 -1.069950e+000 -8.995645e-001 3.412386e-001 -9.635353e-001 8.253924e-001 -2.289163e-001 -5.497951e-001 -2.816207e-001 -3.416769e-001 -3.001588e-001 -1.087505e+000 -1.327604e+000 -2.915367e-001 7.027662e-002 
1.015470e+001 1.171449e+001 -4.298399e+000 6.632772e+000 -2.520954e+000 3.807768e+000 -2.739835e+000 1.012510e+000 -1.155818e+000 -1.711083e+000 -9.550277e-001 3.822855e-001 1.240440e+000 -1.172148e+000 7.168297e-001 -7.173271e-001 -2.977570e-001 -1.176765e+000 2.604985e-001 -5.134460e-001 -3.927920e-001 -1.009013e+000 -1.269602e-001 -2.495438e-001 
1.072868e+001 1.022887e+001 -3.743801e+000 6.779326e+000 -2.179449e+000 4.008006e+000 -1.943563e+000 8.865725e-001 7.776828e-002 -9.192406e-001 -2.006897e+000 -1.925247e-001 7.113525e-001 -1.008441e+000 2.560041e-001 -5.912524e-001 -5.780633e-001 -7.498212e-001 -2.253567e-001 -5.070252e-001 -1.149517e+000 -6.531455e-001 1.949689e-002 3.121579e-002 
1.167309e+001 1.085998e+001 -4.610701e+000 5.947857e+000 -3.090021e+000 4.064659e+000 -1.504300e+000 1.477625e+000 -2.413978e-002 -7.584603e-001 -1.693911e+000 6.540383e-001 4.681143e-001 -1.512701e+000 2.692910e-001 -6.623761e-001 -1.126511e+000 -1.016918e+000 -5.439685e-001 -4.735935e-001 -6.578336e-001 -3.497235e-001 8.821266e-002 1.543254e-001 
1.269350e+001 1.272461e+001 -5.006190e+000 6.391734e+000 -1.585081e+000 4.212158e+000 -2.769047e+000 -1.647815e-001 -7.785964e-001 -2.249674e+000 -1.620434e+000 9.509386e-002 6.428377e-001 -1.525444e+000 6.467674e-001 2.369681e-001 -8.061353e-001 -1.187663e+000 1.269720e+000 -1.962689e-001 -1.298618e+000 -1.410761e+000 -7.604800e-001 1.313656e-001 
1.743864e+001 1.399319e+001 -4.695572e+000 4.551169e+000 -1.223267e+000 2.010673e+000 -3.809557e+000 -9.085736e-001 -2.933291e-001 -2.747534e+000 -1.776399e+000 -7.015108e-001 3.263669e-001 -7.601218e-001 5.012134e-001 1.111553e+000 -1.067115e+000 -7.343602e-001 1.836509e+000 -5.763920e-001 -1.029475e+000 -1.248326e+000 -1.267412e+000 7.691232e-001 
1.850023e+001 1.373857e+001 -2.938723e+000 3.438531e+000 -1.583442e+000 2.077648e+000 -4.054749e+000 -9.863825e-001 9.334695e-001 -2.442682e+000 -1.335435e+000 -8.971179e-001 1.702520e-001 -3.831420e-001 1.246131e-001 1.384657e+000 -1.205954e+000 -1.247580e+000 1.130087e+000 -1.173261e+000 -8.737573e-001 -4.369871e-001 -4.082091e-001 7.163531e-001 
1.708826e+001 1.486760e+001 -2.925740e+000 4.833109e+000 -2.313509e+000 2.175689e+000 -5.776041e+000 -4.662930e-001 1.171664e+000 -1.360612e+000 -1.732902e+000 -1.228559e+000 3.649042e-001 -8.386024e-001 2.746255e-001 1.150129e+000 -8.469267e-001 -1.427512e+000 8.873371e-001 -9.801386e-001 -4.877666e-001 -6.442644e-001 -6.728404e-001 6.499361e-001 
1.831493e+001 1.433895e+001 -2.293172e+000 3.820531e+000 -1.949491e+000 2.270598e+000 -4.725525e+000 -1.177143e+000 1.019925e+000 -2.096912e+000 -2.018067e+000 -5.386274e-001 1.346620e+000 -7.833483e-001 -3.741301e-001 1.093073e+000 -1.451533e+000 -1.150603e+000 8.431478e-001 -8.156241e-001 -2.456686e-001 -6.829205e-001 -7.578068e-001 5.294383e-001 
1.734856e+001 1.580994e+001 -3.985461e+000 5.931862e+000 -3.017604e+000 3.591098e+000 -5.756259e+000 -1.086611e+000 3.231356e-001 -1.505933e+000 -2.028432e+000 1.225662e-001 1.384944e+000 -7.576507e-001 -2.756523e-001 5.610174e-001 -1.427601e+000 -1.577218e+000 7.797082e-001 -9.358283e-001 2.999620e-001 -8.183172e-001 -5.538962e-001 5.888027e-001 
1.903435e+001 1.425066e+001 -2.005900e+000 4.849342e+000 -2.139306e+000 1.828102e+000 -4.854007e+000 -2.261226e+000 1.192819e+000 -1.869140e+000 -6.241459e-001 2.155193e-001 3.606614e-001 -1.234269e+000 -6.607888e-001 7.074053e-001 -7.721841e-001 -9.418509e-001 -4.265578e-003 -1.016583e+000 3.138176e-001 -5.367302e-001 -1.170101e+000 8.536446e-001 
