1.572229e+001 1.938849e+001 -6.893810e+000 2.657044e+000 2.529939e+000 8.219327e-001 -3.045553e+000 -1.932002e+000 -4.252034e-002 -3.441827e+000 -2.802096e+000 -2.689411e+000 -1.901319e+000 -1.071183e+000 1.687043e-001 2.036938e+000 3.692667e-003 -9.117782e-001 1.201618e-001 -6.124221e-001 -3.132602e-001 -4.225764e-001 -7.060283e-001 -1.736392e-002 -6.305577e-001 -9.715694e-001 -1.288215e+000 -1.241341e+000 -2.411079e-001 -4.058955e-001 -1.784081e-001 -4.787698e-001 2.616717e-001 2.565267e-001 -1.537871e+000 5.971006e-001 
1.536705e+001 2.010844e+001 -7.620641e+000 2.794401e+000 1.914701e+000 1.827006e+000 -2.878490e+000 -2.816979e+000 1.206970e-001 -3.551092e+000 -2.295172e+000 -2.451954e+000 -1.503463e+000 -8.765824e-001 1.555465e-001 2.189779e+000 -4.351409e-001 -5.224911e-001 5.180855e-001 -2.728546e-001 -1.476322e-001 -7.238730e-001 -6.326557e-001 -1.514105e-002 -9.862904e-002 -4.685286e-001 -1.105945e+000 -1.153638e+000 -5.339177e-001 -4.560253e-001 -6.368118e-001 -8.370112e-001 9.372704e-002 3.106158e-002 -7.420234e-001 9.355464e-001 
1.349469e+001 2.301120e+001 -1.011173e+001 5.151845e+000 -1.057927e-002 2.565235e+000 -3.731162e+000 -2.678248e+000 4.910579e-001 -3.811277e+000 -1.160963e+000 -3.359054e+000 -5.682181e-001 -1.155657e+000 -6.791805e-001 1.443930e+000 7.825341e-002 -6.380905e-001 8.468978e-001 -1.745818e-001 -4.549368e-001 -3.600873e-002 -7.285374e-001 -3.114499e-001 -2.404521e-001 7.945933e-002 -1.667709e+000 -1.347563e+000 -3.926909e-001 -2.632645e-001 8.071942e-002 -8.145523e-001 2.336446e-001 -8.073273e-001 -9.336809e-001 5.683732e-001 
1.481396e+001 2.160837e+001 -8.125851e+000 3.763173e+000 1.273823e+000 1.905597e+000 -4.078347e+000 -1.955122e+000 3.032440e-001 -3.484228e+000 -1.536235e+000 -3.319605e+000 -1.094444e+000 -8.473805e-001 -5.157337e-001 1.619152e+000 1.809469e-002 -6.346027e-001 2.434481e-001 9.691719e-002 -6.971833e-001 -6.159909e-001 -2.006817e-001 -1.035827e-001 -2.890898e-001 -1.364980e-002 -8.827381e-001 -1.476153e+000 -2.993026e-001 -5.966927e-001 -4.018036e-001 -4.170239e-001 -2.250104e-001 -2.070873e-001 -9.996410e-001 4.303745e-001 
1.493457e+001 2.100550e+001 -7.956102e+000 3.390215e+000 1.177480e+000 1.900340e+000 -4.235713e+000 -1.703323e+000 5.772325e-002 -3.314399e+000 -2.185655e+000 -3.165993e+000 -1.216248e+000 -1.228254e+000 -1.252359e-001 1.634769e+000 2.686764e-001 -4.206778e-001 6.917740e-001 1.862397e-001 -4.992412e-001 -8.415764e-001 -8.202790e-001 1.064698e-001 -1.767046e-001 3.913519e-002 -7.312883e-001 -1.612248e+000 -6.577885e-001 -8.463912e-001 -3.094582e-001 -3.517634e-001 -1.345248e-001 -2.370090e-002 -1.103387e+000 4.499769e-001 
1.688371e+001 1.844899e+001 -5.294998e+000 1.475091e+000 2.696700e+000 9.038281e-001 -3.870936e+000 -2.426382e+000 6.940770e-003 -2.554585e+000 -2.089800e+000 -2.546473e+000 -1.553209e+000 -6.451222e-001 -3.596895e-001 1.995604e+000 3.322787e-001 -6.910600e-001 4.111866e-001 -6.689171e-002 1.880140e-001 -5.154986e-001 -9.329557e-002 2.374128e-001 -5.027276e-001 1.298093e-001 -7.418826e-001 -9.666460e-001 4.641138e-002 -6.448289e-003 -5.226135e-002 -6.602863e-001 -1.467169e-001 -2.571910e-002 -8.440149e-001 3.597255e-001 
1.710143e+001 1.904204e+001 -5.996617e+000 1.515389e+000 2.604822e+000 -3.841533e-001 -3.560895e+000 -2.073815e+000 -5.814028e-002 -2.313131e+000 -2.572817e+000 -2.326488e+000 -1.552985e+000 -9.883060e-001 -9.335719e-002 1.717884e+000 -4.062668e-001 -1.415271e+000 5.632676e-002 -8.816338e-001 -3.381502e-001 -1.931521e-002 -6.007916e-001 -9.012718e-002 -4.556447e-001 -9.460420e-001 -1.281149e+000 -8.297003e-001 1.273758e-001 2.159907e-001 9.773547e-002 -7.578482e-001 3.572419e-002 1.096602e-001 -1.121581e+000 8.363439e-001 
1.618863e+001 1.962610e+001 -6.984233e+000 2.790838e+000 2.034520e+000 8.121239e-001 -3.076087e+000 -2.574314e+000 6.563721e-004 -3.176497e+000 -2.534378e+000 -2.491535e+000 -1.472149e+000 -8.291671e-001 1.007746e-001 1.758966e+000 -4.986641e-001 -8.072991e-001 2.742715e-001 -1.674451e-001 2.334787e-001 -5.166748e-001 -6.594123e-001 1.784394e-001 -7.704583e-001 -1.184196e+000 -1.247030e+000 -1.266162e+000 -2.662009e-001 2.240201e-002 4.163759e-002 -6.798231e-001 -7.269837e-002 4.943534e-003 -1.381649e+000 5.626783e-001 
1.293178e+001 2.268954e+001 -9.837766e+000 5.564729e+000 7.382263e-001 2.876054e+000 -3.451464e+000 -2.921111e+000 6.212350e-001 -4.130217e+000 -1.508220e+000 -3.529794e+000 -1.231208e+000 -1.269016e+000 7.746684e-002 2.425300e+000 -2.898169e-001 -5.645763e-001 3.195117e-001 -3.058338e-001 -4.971781e-001 -4.499457e-001 -7.481032e-001 -2.163776e-001 2.474582e-001 -1.036488e-001 -1.338368e+000 -1.362454e+000 -6.683279e-001 -3.940296e-001 -2.778102e-001 -5.276540e-001 3.356267e-001 -3.010752e-001 -1.116447e+000 6.214829e-001 
1.514782e+001 2.107294e+001 -8.321560e+000 3.470243e+000 1.343361e+000 1.802713e+000 -3.258106e+000 -1.842526e+000 3.440070e-001 -4.065961e+000 -2.491500e+000 -3.517800e+000 -1.174626e+000 -3.909794e-001 -4.684472e-001 2.000497e+000 1.714769e-001 -5.069498e-001 6.507277e-001 -5.509996e-001 -8.538694e-001 -5.781037e-001 -3.229081e-001 -3.013714e-001 -1.774930e-001 2.935295e-001 -1.271604e+000 -1.267763e+000 -3.892065e-001 -5.365710e-001 -4.414502e-001 -7.885503e-001 1.225301e-002 -3.449942e-001 -7.737732e-001 6.841924e-001 
1.451494e+001 2.054092e+001 -8.367598e+000 3.104993e+000 9.598263e-001 1.974466e+000 -3.672273e+000 -2.162186e+000 1.506866e-002 -3.414118e+000 -2.033602e+000 -3.646488e+000 -1.162488e+000 -9.289136e-001 -1.543115e-001 1.850594e+000 1.128396e-001 -2.707787e-001 5.810468e-001 2.279759e-001 -4.961996e-001 -4.236183e-001 -4.783256e-001 -1.998495e-001 -3.438450e-001 -3.299576e-001 -7.216363e-001 -1.328155e+000 -9.437085e-002 -4.607439e-001 -4.065012e-001 -5.574509e-001 -6.415861e-001 -2.680965e-001 -1.127333e+000 5.676605e-001 
