1.187809e+001 5.752965e+000 -6.820084e-001 4.678831e+000 -1.394340e+000 2.522880e+000 -1.357719e+000 1.764706e+000 -1.293294e+000 -1.404537e+000 -1.673085e+000 -1.469610e-001 
1.171867e+001 5.203396e+000 -1.107519e+000 5.046992e+000 -1.147021e+000 2.579853e+000 -1.411064e+000 1.972885e+000 -1.093113e+000 -7.477477e-001 -1.348067e+000 -3.133719e-001 
1.182123e+001 4.935750e+000 -1.992589e+000 5.005929e+000 -1.091543e+000 3.122063e+000 -1.982229e+000 2.215619e+000 -1.372035e+000 -4.779072e-001 -1.194867e+000 -1.725046e-001 
1.105448e+001 5.803616e+000 -2.407003e+000 5.357366e+000 -1.982275e+000 3.690123e+000 -2.793565e+000 2.474028e+000 -1.701882e+000 -4.973327e-001 -1.486300e+000 5.023258e-001 
1.063628e+001 6.733598e+000 -2.453962e+000 5.749235e+000 -1.252848e+000 2.792016e+000 -2.871739e+000 2.157129e+000 -1.287843e+000 -6.192590e-001 -1.336556e+000 6.517840e-001 
1.108318e+001 7.789019e+000 -3.092138e+000 4.653919e+000 -1.414725e+000 3.207147e+000 -3.305120e+000 2.063659e+000 -9.128524e-001 -2.558603e-001 -1.080910e+000 1.752892e-001 
1.157120e+001 1.024469e+001 -3.637535e+000 4.526953e+000 -4.426493e-003 1.823841e+000 -2.348511e+000 1.494669e+000 -9.824904e-001 -5.987434e-001 -1.157063e+000 -4.430155e-001 
1.302117e+001 9.808791e+000 -2.798053e+000 3.391408e+000 5.189852e-001 4.845696e-001 -7.954117e-001 2.229799e-001 1.315326e-001 -1.235895e+000 -7.897795e-001 -8.755396e-001 
1.301361e+001 1.160411e+001 -3.679814e+000 3.378112e+000 5.074502e-002 7.906631e-001 -1.512042e+000 9.015751e-001 -2.386138e-001 -9.883402e-001 -6.705843e-001 -1.123553e+000 
1.456045e+001 1.055610e+001 -2.047234e+000 2.404199e+000 1.108477e+000 3.922989e-001 -1.174253e+000 -2.619603e-001 9.975905e-002 -7.054822e-001 -4.863341e-001 -4.301119e-001 
1.364546e+001 1.185178e+001 -3.264075e+000 3.380539e+000 2.473281e-001 1.107497e+000 -1.629901e+000 -2.776188e-001 1.321166e-001 -4.596870e-001 -5.919629e-001 -9.984510e-002 
1.464362e+001 1.127160e+001 -3.057829e+000 2.960708e+000 1.282791e+000 3.229690e-001 -1.240490e+000 -6.236229e-001 2.318935e-001 -4.623435e-001 -6.183347e-001 -1.838373e-001 
1.457701e+001 1.217165e+001 -4.184543e+000 3.269517e+000 5.747634e-001 7.332747e-001 -1.391618e+000 -1.343212e-001 -9.002755e-002 -1.585067e-001 -6.752311e-001 1.222352e-001 
1.493602e+001 1.210945e+001 -3.939136e+000 2.620839e+000 8.328257e-001 6.947759e-001 -1.302994e+000 -7.680780e-002 -1.516350e-001 -3.097482e-001 -3.071267e-001 -1.417041e-001 
1.498516e+001 9.889735e+000 -1.697712e+000 1.620389e+000 8.253293e-001 1.659249e+000 -1.138203e+000 -7.726725e-001 2.089154e-001 -4.575591e-001 -4.972743e-001 -5.415145e-001 
1.237671e+001 6.022195e+000 -7.290158e-001 4.243587e+000 -7.504224e-001 2.655098e+000 -1.677725e+000 9.230712e-001 -1.002113e+000 -6.674781e-001 -9.509111e-001 -1.989428e-001 
1.212430e+001 5.765276e+000 -1.012091e+000 4.724931e+000 -1.362066e+000 2.455245e+000 -1.245853e+000 1.494059e+000 -1.272426e+000 -5.095168e-001 -9.446216e-001 -3.749273e-002 
1.188912e+001 4.776768e+000 -1.642455e+000 4.952941e+000 -1.458655e+000 2.339861e+000 -1.733421e+000 2.580868e+000 -1.074726e+000 -2.966933e-001 -5.780139e-001 1.395721e-001 
1.161754e+001 5.685724e+000 -1.839860e+000 5.134863e+000 -2.257339e+000 3.019626e+000 -2.620915e+000 2.407296e+000 -1.367191e+000 -3.514087e-001 -1.419524e+000 3.801292e-001 
1.112761e+001 7.056370e+000 -2.790107e+000 5.836205e+000 -1.898701e+000 2.666642e+000 -3.042359e+000 2.406942e+000 -1.365144e+000 -2.829265e-001 -1.261734e+000 3.856709e-001 
1.121028e+001 6.962400e+000 -2.098091e+000 4.456228e+000 -1.155849e+000 3.092549e+000 -2.638820e+000 2.065612e+000 -1.078480e+000 -8.937890e-001 -1.358202e+000 8.347765e-002 
1.183054e+001 8.363258e+000 -2.485441e+000 3.773480e+000 4.359453e-001 1.295401e+000 -2.075695e+000 1.355686e+000 -7.381092e-001 -9.116165e-001 -8.618806e-001 -5.986306e-001 
1.148394e+001 1.139233e+001 -4.371745e+000 4.306912e+000 -7.106927e-001 1.579546e+000 -2.049678e+000 1.261740e+000 -6.202463e-001 -6.429921e-001 -1.028797e+000 -6.927242e-001 
1.225848e+001 1.108030e+001 -3.668491e+000 2.980994e+000 -8.974789e-003 1.174116e+000 -1.694690e+000 8.372658e-001 -3.891876e-003 -9.529931e-001 -6.470413e-001 -1.118643e+000 
1.311916e+001 1.153441e+001 -3.578807e+000 3.468407e+000 1.570345e-001 1.209788e+000 -1.839515e+000 3.581319e-001 -6.764350e-002 -2.212846e-001 -8.425956e-001 -4.073510e-001 
1.406354e+001 1.161338e+001 -3.164428e+000 3.393024e+000 4.261680e-001 8.019467e-001 -1.606859e+000 1.612094e-001 -1.171175e-001 -4.690800e-001 -6.645785e-001 -1.735734e-001 
1.422554e+001 1.197755e+001 -3.716857e+000 3.837768e+000 5.128450e-001 1.182972e+000 -1.955539e+000 9.464250e-002 -1.573395e-001 -3.494286e-001 -9.025819e-001 -5.668784e-002 
1.552267e+001 1.091899e+001 -2.710577e+000 2.362439e+000 1.419379e+000 -1.391277e-002 -8.470315e-001 -7.155579e-001 2.605356e-001 -3.001681e-001 -9.705081e-001 1.829990e-001 
1.468251e+001 1.222512e+001 -3.964324e+000 3.448027e+000 4.336770e-001 9.701578e-001 -1.475064e+000 -4.211353e-001 -1.120459e-001 -3.500037e-001 -6.621366e-001 5.573432e-002 
