8.356113 11.51236 -5.750369 2.8867760000000002 -2.872028 -1.260279 -2.310235 -3.250897000000001 0.7533132 -1.7667470000000003 -3.391696 -2.970944 -1.565022 -1.4975799999999997 -3.314374999999999 -2.354238 -0.2377411 -0.1015796 -0.8362201000000001 0.08228787 0.9009638999999999 -0.026236619999999995 0.7151964 1.3101400000000003 
5.980041999999999 14.739819999999998 -6.840721000000001 3.588563999999999 -4.179678 -0.058006039999999995 -2.134738 -2.808968 0.9753875 -1.7901519999999995 -2.647774 -3.4638610000000005 -1.3630119999999997 -2.065094 -3.411873 -2.474879 0.275989 0.03082383 -0.7925303 0.2888125000000001 0.5874023 -0.4358111 0.39382740000000005 1.066915 
4.326829 13.569459999999996 -6.930546 2.466528 -3.719171 -1.4178580000000003 -2.7081939999999998 -2.742055 0.6227256 -2.188691 -2.83926 -2.6442860000000006 -2.064493 -2.474141 -3.6411389999999995 -2.8518219999999994 -0.20872120000000002 -0.06174361 -0.511284 -0.21423980000000004 -0.30269909999999994 -0.2204317 0.47210019999999997 0.5203022 
2.516011 14.088099999999999 -7.180737999999999 2.959491 -4.479723 -1.5280889999999998 -3.4511700000000003 -3.51115 0.5196337 -2.601786 -2.16647 -1.5703700000000003 -1.7262579999999998 -2.572074 -3.3473280000000005 -2.9110170000000006 -0.3874202 -0.4122868 -0.1096123 -0.3131894 -0.37989529999999994 -1.009258 -0.004228881 0.1705089 
3.8739120000000002 14.59169 -7.922320999999998 2.676523 -3.5981279999999995 -1.7472859999999995 -1.8446080000000005 -3.0473919999999994 1.247024 -2.4957430000000005 -2.3520420000000004 -1.7510689999999998 -1.163365 -2.81935 -3.2895320000000003 -2.043772 -0.5751853000000001 0.010824570000000002 -0.12171810000000002 0.09023724 -0.3696052 -0.2841573 -0.014680769999999998 0.1398696 
4.607091 13.873989999999996 -7.677408 1.450514 -2.445442 -1.9523569999999997 -1.474086 -2.230763 0.40005930000000006 -2.329288 -2.8430679999999997 -2.366164 -2.125818 -2.763593 -3.1501209999999995 -1.7678139999999998 0.029202549999999997 0.09360314000000002 -0.34274620000000006 0.0037301710000000004 0.03624784 -0.0176887 0.41783880000000007 0.7561118999999998 
5.409837 13.948859999999998 -9.349319 2.9034559999999994 -2.597825 -1.3898849999999998 -1.6419300000000001 -2.6973890000000003 -0.1167089 -2.3865319999999994 -2.251671 -1.698328 -0.4819136 -2.456027 -3.0114209999999995 -1.685924 -0.2787975 0.3317262 -0.6069211 -0.36079369999999994 0.620234 0.5925574 0.8768911 0.6728712000000001 
5.119042999999999 14.038799999999998 -9.193098 3.2306099999999995 -3.148108 -1.798745 -2.7855300000000005 -2.6546109999999996 -0.8196648 -2.8754540000000004 -2.366292 -2.5303040000000006 -0.37628629999999996 -2.245906 -2.712852 -1.2840869999999998 -0.08079115000000002 -0.24807859999999998 -0.7119404 -0.9454465 0.8205305999999999 0.20411880000000002 1.053198 1.011552 
4.779721000000001 14.078180000000001 -8.824906999999998 5.158270000000001 -3.2631109999999994 -3.3910690000000008 -2.1616369999999994 -4.752057999999999 0.4534303 -2.353133 -3.271469 -2.126858 -0.43506940000000005 -1.7022200000000003 -3.4958649999999993 -0.48191909999999993 -0.09677572 -0.9648901 -0.3854085 -0.7073009 0.8634332000000001 0.5113384 0.30174760000000006 1.4043659999999998 
6.724305 13.630309999999998 -9.925102 6.212069 -3.7776500000000004 -2.8785209999999997 -2.3388190000000004 -4.199478 0.034693560000000005 -1.6608719999999997 -2.93272 -2.238894 0.31478159999999994 -1.503916 -2.4853230000000006 -1.334503 -0.6712724000000001 -0.9767016000000001 0.5788975 -0.1298707 0.9898230999999998 0.2388754 0.5470319 0.4986924 
8.072157000000002 12.40305 -10.11741 6.210953 -5.205683999999999 -3.2670059999999994 -2.46965 -4.178995 0.47350290000000006 -0.6649875 -2.753978 -2.327003 0.47038860000000005 -0.6409773 -2.165746 -1.8637180000000002 -0.31919729999999996 -0.2631324 0.8730919999999999 -0.39051139999999995 0.4116156000000001 0.7066809000000001 0.9313573999999998 1.124204 
9.408207000000003 11.562110000000002 -9.228473 4.683103 -3.7455530000000006 -3.3373899999999996 -2.896668 -3.891959 1.020173 -0.09666447 -2.738804 -2.608069 0.04943230999999999 -0.3802507 -1.7772539999999997 -1.2012280000000002 -0.378139 0.4344139 0.26987769999999994 -0.40086809999999995 0.521762 0.9013862 1.046978 0.8194350000000001 
9.702073999999998 12.57472 -10.66653 4.377596 -4.647726 -1.96965 -4.21341 -3.990036 0.9485061999999999 -0.5814369 -3.4086010000000004 -3.738456 0.02468078 -0.7088076 -2.3222090000000004 -0.9437623999999999 -0.5990384999999999 0.26457100000000006 0.2540117 -1.135403 0.20518140000000004 0.37734930000000005 1.8541229999999997 0.592345 
11.0167 10.87388 -8.992122 3.01356 -3.091488 -2.249774 -3.2394500000000006 -4.229340999999999 1.089239 -0.38104769999999993 -3.341714 -3.053091 0.5732498 0.07408755 -2.405704 -0.8773720999999999 -0.22847790000000007 0.8598321999999998 0.5829192 -0.7184336 -0.003365961 0.44244359999999994 1.6559399999999997 0.9807638 
11.37419 11.66521 -9.316594 2.652298 -4.182600999999999 -2.094286 -3.792787 -4.582152999999999 1.759421 -0.9932286 -3.6960410000000006 -3.651768 0.023607600000000003 -0.10093719999999998 -2.571728 -0.9107884000000002 -0.1129346 0.2888644 -0.025520690000000006 -0.7056709999999999 -0.1458336 0.5152805000000001 1.573689 1.268827 
11.042950000000001 12.266090000000002 -9.657455999999998 3.0289089999999996 -4.628857 -2.1328460000000002 -4.004209 -4.266766 0.8663966 -0.7541729999999999 -3.1480530000000004 -4.481222 -0.6717291000000001 -0.09965391 -2.205086 -1.6490589999999998 -0.32894319999999994 0.5039325999999998 -0.32711280000000004 -1.046951 -0.06315634000000002 0.7624572 1.357055 1.120462 
11.801410000000002 11.626369999999998 -9.472358999999999 2.651826 -4.280974 -2.8804249999999993 -3.675986000000001 -4.114722999999999 1.072533 -0.9811899000000002 -3.2693310000000007 -3.9539970000000007 -1.1025860000000003 -0.20574249999999997 -1.884907 -1.6764569999999996 -0.6296961 0.2154388 -0.2591918 -0.7421547999999999 -0.03316124 0.838507 1.245432 0.9495287 
12.14317 11.30536 -7.304563000000001 2.671256 -2.948271 -3.0662449999999994 -3.300915 -3.602968 1.7212429999999999 -0.1740663 -3.4223080000000006 -3.7257159999999994 -1.04036 0.4571393000000001 -1.62842 -1.63255 -0.6547198 -0.1225874 0.07376259 -0.39975890000000003 0.1578439 0.8859823000000001 1.1835640000000003 0.9841955000000001 
15.445949999999998 9.039678 -2.4192180000000003 1.6690330000000002 -0.4560523 -1.4658859999999998 -2.24906 -2.3813719999999994 0.2476209 -1.03725 -3.0205419999999994 -2.1489480000000003 -0.9064528999999999 -0.2834054 -0.9472791000000002 -1.351352 -0.18431299999999998 0.3054815 -0.31425 -0.2952697 0.2615958 0.4210615 0.8104285999999999 0.9437166 
8.929707 12.564499999999999 -5.996184999999999 3.5153630000000002 -2.8166930000000003 -0.09320422 -2.3362200000000004 -3.399746 0.8547558999999999 -2.6824690000000007 -3.2047330000000005 -2.456596 -2.043931 -1.7411479999999995 -3.0557720000000006 -1.7988700000000004 0.7880064999999999 0.4633946 -0.7251947000000001 -0.39015600000000006 0.023580440000000005 -0.23439070000000004 0.6732953000000002 1.08408 
6.667427000000002 12.34574 -6.495787 2.0021160000000005 -3.2664310000000003 -0.5933006 -1.6441250000000003 -2.6147239999999994 0.8713743000000002 -2.4091610000000006 -2.6988610000000004 -2.152707 -2.343339 -2.9759020000000005 -3.640864 -2.2155540000000005 -0.07859943000000001 0.1328321 -0.7032659 -0.07105387 0.217406 -0.23714110000000005 0.4389929000000001 0.8736498 
4.682173 14.211690000000003 -7.227302000000001 2.3759200000000003 -4.40501 -0.30569019999999997 -2.723861 -3.2304789999999994 0.8181756 -2.1556029999999997 -2.991439 -2.501149 -1.8289609999999998 -2.572516 -3.135513 -2.416708 -0.1760081 -0.2932949 -0.44391319999999995 -0.305758 -0.28328210000000004 -0.4165363000000001 0.17548190000000002 -0.10302679999999999 
3.0632969999999995 14.627039999999997 -6.708395000000001 2.639462 -5.485838 -0.7675847 -2.630088 -3.1350699999999994 1.9628750000000001 -2.7976880000000004 -3.1166419999999997 -2.2522680000000004 -1.536104 -2.054763 -2.559198 -2.26892 -0.7029842 -0.7449963 -0.4046159 -0.01731056 0.27373810000000004 -0.7269689 -0.45248500000000014 -0.018280889999999998 
2.311033 14.90697 -7.678168 4.179600999999999 -4.570050000000001 -2.4941360000000006 -2.66238 -3.1998220000000006 1.6484240000000001 -2.491858 -2.282327 -3.6232420000000003 -1.3664120000000002 -2.5669989999999996 -2.8568199999999995 -2.211954 -0.9829599 0.290739 -0.5349931999999998 0.2820729 -0.3675297 -0.231986 -0.003795714999999999 0.5491827000000001 
4.826752 13.57924 -8.144830999999998 1.9897379999999996 -2.841175 -1.783635 -0.9979592999999999 -1.99976 0.2921829 -1.7490109999999999 -2.020635 -2.128223 -1.285465 -2.3803130000000006 -2.804479 -1.4222800000000002 0.1059394 0.5536414 -0.5888418 -0.17679160000000002 0.2613516 -0.2350728 0.39097889999999996 0.9596922 
5.342011 13.69139 -7.719279 3.837183 -2.910653 -2.741175 -2.94951 -3.248735 -0.1251866 -2.1925260000000004 -2.9796070000000006 -2.835343 -1.14466 -2.300687 -2.443668 -1.103868 -0.3575028 0.04502443 -0.9592055000000002 -1.0141 0.4274336 0.5483875 1.03798 0.9347712 
6.600108 13.936759999999996 -8.013785999999998 4.068686 -2.879057 -2.4050480000000003 -2.470303 -3.2726110000000004 -1.0331209999999997 -2.55644 -2.669181 -2.280415 -0.18650649999999996 -2.436939 -3.068915 -0.1802669 -0.041277879999999996 -0.23624090000000003 -0.7106681000000001 -1.1152359999999997 0.5033666 0.19354230000000003 1.1362430000000001 1.699586 
6.219625999999999 14.645880000000002 -8.783535 5.575584 -3.358335 -3.9253600000000004 -1.9945959999999998 -3.2712539999999994 1.160132 -2.6932690000000004 -3.275396999999999 -1.473863 -0.20569560000000003 -2.31446 -3.2113249999999995 0.2461894 0.45204209999999995 -0.7469910999999999 -0.44413709999999995 -0.9982439999999999 0.5211918 0.8241699000000001 0.9259772999999998 1.5245289999999998 
8.108339 12.27011 -8.779952 4.581815 -4.30116 -3.5247470000000005 -1.220402 -3.597717 -0.4144788 -1.8449880000000003 -2.817733 -1.259575 -0.010726269999999998 -1.7892069999999998 -2.8185530000000005 -0.46581500000000003 -0.1571063 -0.5873488 0.01173694 -0.35194260000000005 0.5461217 0.6624768 1.0010639999999997 1.024002 
9.712818 12.983760000000002 -10.25239 5.090107 -4.934821 -2.299529 -1.4407940000000001 -4.245387999999999 -0.35229750000000004 -0.9334698 -2.218762 -1.517137 0.2786631 -1.090071 -2.370319 -1.3663500000000002 0.2128341 -0.0363369 0.3366864 -0.6255056 0.5255629 1.11001 0.8931202999999999 0.9582597 
9.528391 14.012689999999996 -10.485259999999998 5.36375 -4.71292 -1.9077249999999997 -2.8838399999999997 -3.6018660000000002 0.6178375000000002 -0.9048172 -3.0231269999999997 -3.223091 0.6714544 -0.6653425999999999 -1.632928 -1.6407190000000003 -0.348657 0.2626168 0.47726349999999995 -0.6629538999999999 0.49420559999999997 0.5266886 1.130426 0.6157713 
10.52061 12.09953 -9.414284 3.907618 -3.7241360000000006 -2.232286 -4.054313999999999 -4.313916 0.9348422000000001 -0.7262595000000001 -3.6875469999999995 -3.706454999999999 -0.1508965 -0.5706290000000002 -2.343334 -0.5406402 -0.5574824 0.41811059999999994 0.23171769999999997 -1.1162530000000002 -0.05533865999999999 0.3743553 1.8259039999999997 0.5019150999999998 
10.95626 13.819199999999999 -10.95492 4.572972 -4.216788 -1.2915779999999997 -3.575907999999999 -4.1952 0.7290080999999999 -1.181011 -3.078291 -3.060022 0.16681710000000002 -0.47691870000000003 -2.312766 -0.7550461999999999 -0.14779319999999999 0.40891699999999986 0.3238189 -1.011461 0.3328745 0.45806300000000005 1.4971619999999999 0.6006837000000002 
11.98715 11.762749999999999 -7.731540000000001 4.00837 -3.10502 -3.1026020000000005 -4.380316 -3.5677370000000006 2.5443789999999997 -0.6979987999999999 -3.880447 -3.95844 -0.2046686 0.5523888 -1.80152 -1.090375 -0.7675159999999999 0.2210664 0.4454136000000001 -0.4564180000000001 -0.09977674999999998 0.4783045000000001 1.4764250000000003 1.068995 
10.680130000000002 12.509370000000002 -10.1074 4.077713 -4.713524 -2.425461 -4.789836 -4.165945 1.036116 -1.192138 -3.354208 -4.552494 -0.5078242 -0.285717 -1.969265 -2.0128540000000004 -0.7830386000000001 0.4141496 0.03383738 -1.02065 -0.45497150000000003 0.7697279999999999 1.5221350000000002 1.188542 
11.31138 12.971360000000002 -9.38268 4.213915 -4.161299 -2.079133 -3.1393139999999997 -3.508785 2.08968 -0.6312338 -3.2599270000000002 -3.5017549999999997 -0.2868804 0.1665346 -1.2938729999999998 -1.389843 -0.5150047 0.48521990000000004 0.37858379999999997 -0.3569608 -0.1344194 0.8365009 1.241561 1.075291 
