1.236111e+001 1.254113e+001 -1.355363e+001 1.394050e+000 1.906683e+000 -2.110482e+000 -2.204701e+000 -2.852349e+000 -2.262005e+000 -2.560451e+000 -2.812907e+000 -1.840341e+000 -1.100330e+000 -1.460470e+000 -8.884864e-001 -7.936412e-001 -3.423158e-001 -3.555999e-001 -4.259166e-001 3.551648e-001 6.763194e-001 3.795642e-001 -2.848235e-001 1.311995e-001 
1.344518e+001 1.152093e+001 -1.236729e+001 1.453490e+000 2.026503e+000 -2.226614e+000 -2.004861e+000 -4.040513e+000 -2.456279e+000 -2.587862e+000 -3.546291e+000 -1.372001e+000 -1.502619e+000 -1.841253e+000 -9.716563e-001 -8.869859e-001 -3.914420e-002 -8.305196e-001 -7.967817e-001 4.980187e-001 2.293145e-001 4.320653e-001 1.832163e-001 -3.392672e-001 
1.248895e+001 1.288693e+001 -1.301696e+001 2.878576e+000 2.484095e+000 -1.560897e+000 -1.350534e+000 -3.881102e+000 -1.519887e+000 -2.998312e+000 -4.074937e+000 -1.485098e+000 -1.703976e+000 -9.136462e-001 -3.462923e-001 -4.884171e-001 6.405031e-002 -1.078052e+000 -3.121247e-001 5.734597e-001 3.139307e-001 4.872926e-001 -4.749307e-001 -3.914904e-001 
1.311574e+001 1.026723e+001 -1.151323e+001 2.170819e+000 4.043625e+000 -1.653185e+000 -2.449256e+000 -3.685233e+000 -2.350324e+000 -2.721696e+000 -3.537135e+000 -1.984267e+000 -1.964947e+000 -1.600367e+000 -4.820620e-001 -2.246969e-001 -1.253486e-001 -6.304543e-001 -4.426861e-001 2.867417e-001 4.446200e-001 -3.515680e-002 -5.475434e-001 -2.318978e-001 
1.279540e+001 1.142511e+001 -1.274685e+001 2.623797e+000 2.015242e+000 -1.533928e+000 -2.471505e+000 -3.902685e+000 -1.158133e+000 -3.420615e+000 -4.021936e+000 -2.205372e+000 -1.872535e+000 -9.454237e-001 -4.434375e-001 -4.153524e-001 -1.216052e+000 -1.350124e+000 -1.858811e-001 6.662058e-001 8.821853e-001 5.601919e-002 -5.829073e-001 -5.923320e-001 
1.107075e+001 1.439301e+001 -1.475559e+001 4.244586e+000 1.276709e+000 -1.182454e+000 -2.489452e+000 -4.323228e+000 -3.547304e-001 -3.718448e+000 -2.888953e+000 -1.806875e+000 -1.597396e+000 -1.659587e+000 -1.232070e+000 3.186857e-001 -1.295626e+000 -1.004973e+000 4.805151e-002 3.454168e-001 9.713141e-001 -7.570327e-002 9.446131e-003 -7.383379e-001 
1.262172e+001 1.317432e+001 -1.492121e+001 3.424106e+000 1.021207e+000 -5.317490e-001 -3.038164e+000 -4.269482e+000 -7.243264e-001 -4.152875e+000 -2.863464e+000 -2.588410e+000 -1.264616e+000 -1.176031e+000 -1.664641e+000 3.121542e-002 -1.915728e+000 -8.554576e-001 3.618956e-003 1.026741e-001 9.614864e-001 -2.368250e-001 5.507553e-001 -8.757088e-001 
1.169554e+001 1.408128e+001 -1.503153e+001 5.231969e+000 2.972492e-001 -8.660812e-001 -3.336765e+000 -4.104736e+000 8.033648e-001 -4.181036e+000 -1.857835e+000 -3.005977e+000 -1.073395e+000 -8.097952e-001 -1.919285e+000 9.838268e-001 -2.455304e+000 -9.628364e-001 3.195095e-001 8.395107e-002 1.356012e+000 -3.792230e-001 9.740596e-001 -6.857328e-001 
1.125489e+001 1.379148e+001 -1.404007e+001 4.956851e+000 5.197054e-001 -1.439133e+000 -3.611617e+000 -3.256205e+000 3.371637e-001 -2.820483e+000 -1.620740e+000 -2.631117e+000 -1.805505e+000 -2.022611e+000 -1.231723e+000 1.143790e+000 -1.034032e+000 -6.818650e-001 -5.125037e-001 5.359431e-002 1.049857e+000 -5.537210e-002 7.587630e-001 8.602379e-003 
1.081239e+001 1.291290e+001 -1.527358e+001 4.444914e+000 2.703123e-001 -1.237265e+000 -4.168053e+000 -2.674994e+000 -7.516870e-002 -3.500339e+000 -3.145123e+000 -3.260411e+000 -1.276491e+000 -2.208588e+000 -8.990534e-001 -7.037765e-001 -8.269848e-001 2.627441e-001 -4.477751e-002 -1.748643e-001 -2.226412e-001 -6.057354e-001 6.192069e-001 7.384736e-001 
1.069345e+001 1.180600e+001 -1.479141e+001 3.471722e+000 1.889517e+000 -1.965233e-001 -2.121240e+000 -2.652651e+000 -1.280165e+000 -3.989567e+000 -3.461120e+000 -2.323187e+000 -7.250570e-001 -1.146401e+000 -2.034623e-001 -3.982869e-001 -1.098995e+000 -1.962641e-001 -3.728371e-001 6.798940e-001 8.882756e-001 -5.313890e-001 -3.011472e-001 8.715167e-002 
9.525016e+000 1.206966e+001 -1.551268e+001 4.387165e+000 1.790807e+000 3.678592e-001 -2.303213e+000 -2.548893e+000 -1.299171e+000 -4.448846e+000 -3.067656e+000 -2.005340e+000 -8.317088e-001 -1.190908e+000 6.986297e-002 -1.212449e+000 -5.315174e-001 -4.635816e-002 -5.171697e-001 9.712761e-001 5.613507e-001 -3.496859e-001 -5.943614e-001 3.612266e-001 
1.127913e+001 8.905135e+000 -1.200571e+001 2.176629e+000 2.875560e+000 -1.337618e+000 -2.706117e+000 -2.180666e+000 -6.759910e-001 -3.128830e+000 -3.399978e+000 -1.930655e+000 -1.648521e+000 -1.109167e+000 2.965101e-002 -5.012808e-001 -1.179205e+000 -5.130782e-001 -4.838833e-001 8.640136e-001 1.462950e+000 -4.622386e-001 -6.153805e-001 3.998395e-001 
2.068341e+001 5.316214e+000 -6.087493e+000 -4.406205e-001 2.289274e+000 -1.228023e+000 -2.658333e+000 -1.173343e+000 -5.049866e-001 -1.405775e+000 -1.703126e+000 -1.090275e+000 -8.019027e-001 -8.094537e-001 -1.715560e-001 5.125200e-001 4.242340e-001 -1.433791e-001 -1.375216e-001 6.150072e-001 7.782604e-001 -4.480428e-002 -3.564247e-001 5.159584e-003 
1.169934e+001 1.369262e+001 -1.364087e+001 1.726803e+000 1.448538e+000 -1.973709e+000 -1.644396e+000 -2.645208e+000 -1.730091e+000 -1.864968e+000 -2.307819e+000 -1.870565e+000 -1.603798e+000 -1.819067e+000 -3.823273e-001 -8.758264e-002 4.230306e-001 -4.240858e-001 -6.820057e-001 4.261899e-001 6.235620e-001 6.000416e-001 -3.293169e-001 2.667117e-001 
1.279224e+001 1.172474e+001 -1.275563e+001 8.826804e-001 1.104454e+000 -2.772963e+000 -1.809498e+000 -3.697410e+000 -1.622472e+000 -1.984201e+000 -3.676809e+000 -1.707716e+000 -1.566192e+000 -1.646256e+000 -6.486174e-001 -5.194098e-001 -3.182519e-001 -1.187722e+000 -6.594822e-001 8.459691e-001 6.683218e-001 5.610643e-001 -8.425126e-002 -7.875577e-001 
1.084558e+001 1.646350e+001 -1.597232e+001 3.741768e+000 -1.742612e-001 -1.790102e+000 -2.042957e+000 -3.554378e+000 1.264803e+000 -3.072794e+000 -2.403600e+000 -2.820434e+000 -1.751435e+000 -1.285616e+000 -7.588366e-001 2.588367e-001 -2.048103e-001 -5.494465e-001 -5.745760e-001 6.454406e-001 6.474399e-001 3.506395e-001 8.136128e-002 -8.339451e-001 
1.372838e+001 1.013817e+001 -1.177178e+001 2.250486e-001 2.077026e+000 -2.853018e+000 -2.550873e+000 -2.788362e+000 -1.224118e+000 -1.942631e+000 -4.161432e+000 -3.110731e+000 -2.225766e+000 -1.906901e+000 -6.718957e-001 -4.194240e-002 -2.894543e-001 -6.617104e-001 -3.711087e-001 1.548153e-001 3.941304e-001 7.692858e-002 -5.588167e-001 -5.611681e-001 
1.131790e+001 1.359518e+001 -1.461939e+001 3.551507e+000 1.526623e+000 -9.678239e-001 -1.873192e+000 -3.766838e+000 -2.377996e-001 -3.620740e+000 -3.695760e+000 -2.412730e+000 -1.616423e+000 -9.131992e-001 -6.685617e-001 -2.246799e-002 -1.117362e+000 -7.583767e-001 7.653506e-002 4.391816e-001 8.189922e-001 -1.962675e-001 -2.128237e-001 -8.598319e-001 
1.230738e+001 1.272812e+001 -1.294232e+001 2.863127e+000 1.971243e+000 -1.750593e+000 -2.950977e+000 -3.603166e+000 1.760571e-002 -2.512286e+000 -3.852356e+000 -2.171683e+000 -1.797766e+000 -2.391042e+000 -1.037943e+000 8.313761e-001 -5.937450e-001 -5.808219e-001 1.919251e-001 -3.210830e-001 -1.239883e-001 2.884513e-001 5.020396e-001 -4.983424e-001 
1.320714e+001 1.136461e+001 -1.279112e+001 2.417342e+000 1.388282e+000 -1.280195e+000 -3.105993e+000 -3.608935e+000 -8.060763e-001 -3.639090e+000 -3.877744e+000 -2.696541e+000 -1.908442e+000 -2.108453e+000 -1.289827e+000 3.426924e-001 -1.117370e+000 -5.655336e-001 4.979571e-002 -1.156940e-001 -5.706989e-002 -2.825565e-001 5.007034e-001 -8.905259e-001 
1.059017e+001 1.454428e+001 -1.485438e+001 5.683830e+000 1.136648e+000 4.771005e-001 -2.058936e+000 -4.071882e+000 1.020558e+000 -5.334590e+000 -3.292011e+000 -3.383506e+000 -6.864507e-001 -2.002754e-001 -1.048923e+000 1.145596e+000 -2.231335e+000 -3.466275e-001 4.506198e-001 2.639118e-001 9.928290e-001 -1.126608e+000 6.407085e-001 -1.210836e+000 
1.314494e+001 1.067798e+001 -1.076260e+001 2.888485e+000 2.848646e+000 -8.729147e-001 -3.092689e+000 -3.327241e+000 -1.038392e+000 -3.060677e+000 -3.363744e+000 -2.365059e+000 -1.470712e+000 -1.396502e+000 -6.336452e-001 2.909806e-001 -1.122309e+000 -6.359003e-001 -3.146978e-002 5.410254e-001 8.206992e-001 -3.735496e-001 -2.244209e-001 -7.786210e-001 
1.107970e+001 1.285576e+001 -1.284257e+001 3.922485e+000 6.815613e-001 -1.575389e+000 -2.831432e+000 -3.440723e+000 -6.072691e-001 -4.192557e+000 -2.896262e+000 -2.626858e+000 -1.966863e+000 -1.116232e+000 -1.053524e+000 -5.414732e-002 -1.362458e+000 -4.939476e-001 -6.938329e-001 4.539324e-001 1.441908e+000 -1.070924e+000 6.631206e-002 -1.753039e-001 
1.090600e+001 1.228035e+001 -1.213991e+001 3.902089e+000 2.712359e+000 -1.968069e+000 -3.153928e+000 -2.718329e+000 -3.942142e-001 -3.252947e+000 -3.471101e+000 -2.451077e+000 -1.479205e+000 -3.239506e-001 -1.043013e-001 -8.073862e-001 -1.500952e+000 -2.353577e-001 -1.354271e-001 6.196076e-001 1.019660e+000 -6.673662e-001 2.286119e-002 3.079665e-001 
1.005079e+001 9.871353e+000 -1.182391e+001 3.262202e+000 4.163977e+000 -1.302961e+000 -3.756481e+000 -3.364070e+000 -1.636565e+000 -3.899531e+000 -3.166534e+000 -1.454372e+000 -1.833660e+000 -9.132896e-001 -5.150650e-001 -1.555163e+000 -7.172744e-001 -4.202353e-002 -2.751595e-001 6.265528e-001 3.783452e-001 -6.334558e-001 -1.211233e-001 5.224110e-001 
