1.313581e+001 5.368014e+000 -1.478919e+000 3.475518e+000 -3.314778e+000 2.284865e+000 -2.734547e+000 1.216710e+000 -1.170888e-001 4.815535e-001 -4.320586e-001 3.936302e-001 
1.376317e+001 5.505313e+000 -1.248117e+000 3.428562e+000 -2.927408e+000 1.716129e+000 -2.801323e+000 1.019533e+000 -1.846184e-001 4.805140e-001 -5.732650e-001 1.019202e-001 
1.344345e+001 6.451353e+000 -9.536782e-001 2.531576e+000 -3.163475e+000 1.828100e+000 -3.350818e+000 1.139271e+000 -3.771528e-001 1.862057e-001 -2.569371e-001 6.187980e-001 
1.356454e+001 4.573428e+000 -8.222219e-001 2.847394e+000 -2.869343e+000 2.334853e+000 -3.137741e+000 7.741163e-001 -4.332934e-002 -1.120710e-001 -5.285888e-001 7.394292e-002 
1.355267e+001 4.715056e+000 -8.417384e-001 3.428777e+000 -2.281544e+000 2.546215e+000 -2.312493e+000 1.225429e+000 -4.979688e-001 -2.816272e-001 -5.987165e-001 1.435335e-001 
1.192272e+001 5.341385e+000 3.245279e-002 3.622938e+000 -2.126912e+000 2.534509e+000 -2.967876e+000 8.086358e-001 -2.412043e-001 -1.034489e-001 -3.954037e-001 4.541449e-001 
1.144212e+001 6.054967e+000 -1.051610e+000 2.747707e+000 -1.511506e+000 2.617217e+000 -2.531629e+000 7.359913e-001 -1.408659e-001 -4.386891e-001 -1.028219e+000 2.180551e-001 
1.395858e+001 7.480422e+000 1.915143e-001 3.556331e+000 -9.884885e-001 1.541298e+000 -2.777046e+000 2.975780e-001 4.680538e-001 -2.080087e-001 -1.076021e+000 3.860989e-001 
1.530135e+001 8.702020e+000 -4.248690e-001 4.100537e+000 -1.178943e+000 8.018568e-001 -3.157901e+000 7.517674e-001 5.855259e-002 -1.552861e-002 -7.570717e-001 2.881798e-001 
1.636054e+001 8.479590e+000 -9.676528e-001 4.026269e+000 -1.281908e+000 1.563607e-001 -2.989268e+000 7.186202e-001 2.415209e-001 1.207820e-001 -6.525649e-001 1.214768e-001 
1.638985e+001 9.490976e+000 -1.647128e+000 3.671971e+000 -1.602318e+000 7.771482e-001 -2.998365e+000 8.153129e-001 5.271832e-001 1.852168e-001 -5.880498e-001 5.248251e-001 
1.663878e+001 9.680472e+000 -2.156257e+000 3.635943e+000 -1.351680e+000 2.744826e-001 -3.008212e+000 1.351040e+000 1.855156e-001 3.602959e-001 -4.047110e-001 2.799778e-001 
1.665452e+001 9.470468e+000 -2.079373e+000 3.452488e+000 -7.468301e-001 -2.756670e-001 -2.433364e+000 1.180213e+000 3.136679e-001 1.061762e-001 -3.616791e-001 1.553264e-001 
1.516438e+001 1.124976e+001 -2.770036e+000 4.435535e+000 -9.306428e-001 2.261654e-001 -2.577846e+000 1.288356e+000 -2.737762e-001 -9.858747e-002 -3.990044e-001 -1.132625e-001 
1.484410e+001 9.795541e+000 -1.651142e+000 3.549164e+000 2.615928e-001 -3.511061e-001 -1.529402e+000 3.917337e-001 3.187482e-001 -7.812813e-001 -2.905544e-001 -1.093371e-001 
1.434892e+001 1.056431e+001 -2.021911e+000 3.561403e+000 -5.181128e-001 1.218004e+000 -2.195071e+000 9.414445e-001 -2.804229e-001 -5.320597e-001 -1.092937e+000 -2.029697e-001 
1.482339e+001 9.839829e+000 -1.617002e+000 2.483367e+000 -1.941297e-001 1.960681e+000 -1.640544e+000 1.033674e-001 4.349798e-002 -7.965240e-001 -1.064417e+000 -3.174899e-001 
1.224221e+001 1.038597e+001 -2.051454e+000 1.851126e+000 3.472673e-001 2.167440e+000 -1.441752e+000 -2.612669e-001 9.828626e-002 -9.289299e-001 -7.253307e-001 1.926797e-001 
1.232714e+001 5.042638e+000 -3.736443e-001 2.396938e+000 -1.107312e+000 1.483023e+000 -9.854020e-001 6.700502e-001 6.833789e-001 -6.902205e-001 -2.191532e-001 1.547742e-002 
1.311666e+001 5.328491e+000 -1.477761e+000 3.883339e+000 -2.808099e+000 2.032825e+000 -3.006300e+000 1.069921e+000 -2.773731e-001 6.561883e-001 -2.122775e-001 2.868324e-001 
1.318650e+001 5.415310e+000 -1.037913e+000 3.989948e+000 -2.717325e+000 1.978381e+000 -3.156013e+000 1.374506e+000 -4.571021e-001 6.326250e-001 -3.731719e-001 2.918345e-001 
1.272996e+001 5.598634e+000 -4.982240e-001 3.093122e+000 -3.506517e+000 1.713162e+000 -3.251157e+000 1.243859e+000 -1.588943e-001 2.960588e-001 -2.603603e-001 5.966713e-001 
1.352275e+001 4.016176e+000 -5.788208e-001 3.070655e+000 -3.041360e+000 2.080528e+000 -2.707759e+000 1.049593e+000 -1.205730e-001 -1.131407e-001 -3.574681e-001 6.582682e-002 
1.318492e+001 4.144328e+000 -1.302612e+000 3.239655e+000 -2.449452e+000 2.698401e+000 -2.433030e+000 1.390398e+000 2.571988e-001 3.369101e-001 -3.594682e-001 4.052297e-001 
1.231536e+001 5.483326e+000 -6.881983e-001 3.158587e+000 -2.022028e+000 2.669250e+000 -2.846277e+000 1.234596e+000 4.143225e-002 1.549257e-002 -3.287618e-001 5.184800e-001 
1.169245e+001 6.424635e+000 -8.341004e-001 3.136761e+000 -1.685818e+000 2.586049e+000 -2.129899e+000 8.424700e-001 -8.772136e-002 -1.939270e-001 -1.082738e+000 9.638359e-002 
1.418773e+001 8.298175e+000 -4.606655e-001 3.832704e+000 -1.610810e+000 1.673078e+000 -2.909540e+000 5.925030e-001 1.632014e-001 7.881006e-002 -9.052500e-001 6.987194e-001 
1.559459e+001 8.772766e+000 -8.113052e-001 4.259905e+000 -1.362737e+000 9.461116e-001 -3.175417e+000 6.957869e-001 1.188549e-001 2.072280e-001 -8.244507e-001 1.618195e-001 
1.623557e+001 9.220811e+000 -1.057455e+000 4.370947e+000 -1.582854e+000 7.139942e-001 -3.147942e+000 8.830991e-001 2.061664e-001 1.451349e-001 -8.115419e-001 1.439583e-001 
1.656557e+001 9.563402e+000 -1.448650e+000 4.131294e+000 -1.363602e+000 2.668683e-001 -3.232741e+000 8.727297e-001 6.836053e-001 3.238270e-001 -8.054640e-001 1.862266e-001 
1.690391e+001 9.212970e+000 -1.397878e+000 3.488814e+000 -7.395370e-001 -4.948463e-001 -2.827576e+000 1.128223e+000 5.723966e-001 2.206140e-001 -4.818617e-001 -3.654034e-002 
1.648824e+001 9.373872e+000 -1.824051e+000 3.695282e+000 -7.749212e-001 -5.733373e-001 -2.689767e+000 1.113954e+000 5.426314e-001 8.394567e-002 -3.620512e-001 -1.894040e-001 
1.549158e+001 9.555073e+000 -1.662696e+000 3.585632e+000 -2.013651e-001 -9.657732e-001 -2.033945e+000 7.653733e-001 5.583183e-001 -4.506541e-001 -1.864298e-001 -3.561432e-001 
1.459694e+001 9.759759e+000 -1.791940e+000 4.170254e+000 -1.305922e-001 2.225317e-001 -2.030749e+000 5.587912e-001 8.474284e-002 -6.223753e-001 -6.482831e-001 -2.305639e-001 
1.481588e+001 1.030665e+001 -1.993386e+000 3.451624e+000 -3.513959e-001 1.588592e+000 -1.918778e+000 4.657770e-001 -3.884386e-001 -4.969407e-001 -1.053029e+000 -2.463469e-001 
1.491080e+001 1.063456e+001 -1.943044e+000 2.540901e+000 -4.655114e-001 2.431691e+000 -2.031698e+000 3.434760e-001 -2.312809e-001 -7.436968e-001 -1.075261e+000 -4.248219e-001 
