-1.923032e+000 1.903381e+001 -7.986720e+000 1.072884e+000 -3.444163e+000 -6.958208e+000 -3.691599e+000 -3.256357e+000 1.937800e+000 -1.223135e+000 -3.682160e+000 -1.610523e+000 -8.036802e-001 -1.970368e+000 -1.497447e+000 -9.695966e-001 -1.387632e+000 -1.480366e+000 -1.122987e+000 1.847065e-002 1.368564e+000 5.550652e-001 5.948147e-001 1.214614e+000 1.980239e+000 2.501412e+000 1.644973e+000 1.212538e+000 9.097593e-001 2.488158e-001 -3.352703e-001 -9.037108e-001 -8.045566e-001 -4.172255e-001 9.394331e-002 3.566150e-001 
-9.323161e-001 1.792965e+001 -6.815700e+000 -9.208664e-001 -3.557812e+000 -6.417833e+000 -3.277970e+000 -1.809689e+000 1.656950e+000 -2.409844e+000 -5.027020e+000 -5.611858e-001 -6.462842e-001 -2.749140e+000 -9.935975e-001 -1.278026e+000 -2.465513e+000 -1.226807e+000 4.620283e-001 8.588796e-001 6.792026e-001 2.196519e-001 6.139490e-001 1.541596e+000 1.677629e+000 1.991271e+000 1.988973e+000 1.099524e+000 1.081207e+000 8.258144e-001 -5.585903e-001 -1.072819e+000 -8.725558e-001 -2.383313e-001 6.296317e-001 5.001578e-001 
-5.056578e+000 2.125629e+001 -8.480749e+000 2.103856e+000 -3.747139e+000 -5.831463e+000 -1.583368e+000 -1.597352e+000 3.890811e+000 -3.142016e+000 -4.285674e+000 -2.898392e+000 -1.017190e+000 -2.264467e+000 -1.148440e+000 -1.713395e+000 -2.388163e+000 -7.431784e-001 -5.902858e-002 1.089348e+000 1.340295e-002 -2.521749e-001 -1.317071e-001 3.795244e-001 1.011017e+000 1.368085e+000 9.909053e-001 8.882684e-001 9.609705e-001 6.011802e-001 3.619893e-002 -1.425456e+000 -1.510819e+000 -4.209156e-001 2.288660e-001 1.086333e+000 
-4.569997e+000 1.694490e+001 -5.595911e+000 -1.637896e-001 -2.234435e+000 -5.101063e+000 -2.181878e+000 2.097763e-001 2.257702e+000 -2.502659e+000 -4.838245e+000 -1.757845e+000 -3.495315e-001 -1.399109e+000 -1.275079e+000 -1.707165e+000 -2.418449e+000 -1.690527e+000 -6.032677e-001 -6.337029e-001 -2.789883e-001 8.832411e-002 6.051482e-002 5.693249e-002 9.228909e-002 7.879628e-001 1.369116e+000 1.057440e+000 7.180848e-001 3.868374e-001 -5.723227e-001 -1.550375e+000 -1.015422e+000 4.567499e-002 -2.738688e-002 -6.700587e-002 
-9.199033e+000 2.141752e+001 -8.889614e+000 1.215378e+000 -2.958443e+000 -5.620831e+000 1.727552e+000 -1.713848e+000 3.483228e+000 -4.807508e+000 -3.586936e+000 -1.122448e+000 -4.861368e-001 1.309893e-001 -1.921670e+000 4.187037e-001 -2.295011e+000 -8.840997e-001 -5.617613e-001 -1.415912e+000 -2.069453e-001 -8.162233e-001 5.968694e-001 -7.122108e-001 -2.597705e-001 7.659690e-001 5.938024e-001 1.915201e+000 -5.464542e-002 3.320983e-001 -4.297039e-001 -9.779776e-001 1.836385e-001 -5.447792e-001 7.712691e-001 3.813132e-001 
-8.018508e+000 2.015504e+001 -7.023939e+000 1.279045e+000 -2.468148e+000 -4.355924e+000 -5.468437e-001 -1.378913e+000 2.293015e+000 -3.542753e+000 -3.964082e+000 -2.515170e+000 -1.154387e-001 -6.283938e-001 -1.482590e+000 -7.028320e-001 -2.199249e+000 -1.414050e+000 -3.405939e-001 -6.530800e-001 -3.596853e-001 -5.254842e-001 6.417497e-001 -4.803148e-001 -7.513218e-001 6.949264e-001 7.731034e-001 8.958682e-001 -9.763767e-003 1.114727e-001 -1.909586e-001 -9.188362e-001 -3.723077e-001 -3.164845e-001 4.526335e-001 6.698401e-001 
-8.308218e+000 1.930035e+001 -7.868615e+000 1.416210e+000 -2.932667e+000 -4.693793e+000 -5.802292e-001 -1.567896e+000 3.000188e+000 -2.274766e+000 -3.210105e+000 -2.686408e+000 4.785567e-001 1.524319e-001 -2.030137e+000 -1.062625e+000 -1.770876e+000 -3.029817e-001 -7.908592e-001 -1.163439e+000 -6.538030e-001 -1.500583e+000 1.466890e-001 -1.013459e+000 -7.645752e-001 6.943963e-001 -7.085873e-002 1.023732e+000 4.123807e-001 -1.129795e-001 -1.221475e-001 -6.050649e-001 -2.123519e-001 -2.308043e-001 9.407410e-001 9.976703e-001 
-8.451390e+000 1.994757e+001 -6.150358e+000 2.013375e+000 -3.076255e+000 -5.651710e+000 -8.991553e-001 -2.037210e+000 3.157865e+000 -1.546909e+000 -3.373502e+000 -2.072799e+000 -1.105259e+000 -1.333743e+000 -1.572181e+000 -1.360411e+000 -1.187092e+000 -1.137351e+000 -5.956103e-001 4.351809e-002 -6.687375e-001 -9.790656e-001 1.531306e-001 -5.273569e-001 1.983666e-001 4.003319e-001 1.580112e-001 1.273104e+000 3.619596e-001 -2.469697e-001 -4.813437e-001 -9.011307e-001 -5.489163e-001 -3.207285e-001 6.248489e-001 8.370120e-001 
-1.050025e+001 2.087376e+001 -7.112434e+000 4.283297e-001 -2.980928e+000 -6.053518e+000 -2.898505e-002 -2.312870e+000 3.045547e+000 -2.227447e+000 -4.623269e+000 -1.315451e+000 -1.640261e-001 -9.460162e-001 -1.904117e+000 -1.930063e+000 -9.757110e-001 -1.027122e+000 -6.399565e-001 -5.539058e-001 -8.666840e-001 -7.067431e-001 -2.476293e-001 -3.029668e-001 2.683593e-001 5.004415e-001 2.008772e-001 3.703538e-001 3.886361e-001 2.659316e-001 -7.942140e-001 -1.410978e+000 -7.235400e-001 2.487233e-001 5.686186e-001 4.665722e-001 
-9.681596e+000 1.958308e+001 -6.483154e+000 -7.750140e-002 -3.181277e+000 -5.088244e+000 -6.866361e-002 -1.345772e+000 3.112416e+000 -9.793371e-001 -3.883942e+000 -4.329249e-001 7.687612e-001 -5.612482e-001 -2.682445e-001 -5.964435e-001 -1.378749e+000 -1.788169e+000 -1.257535e+000 -6.455145e-001 -3.492249e-001 -4.003017e-001 -4.561129e-001 -5.895399e-001 2.683309e-001 1.163084e+000 5.879319e-001 -8.053897e-002 5.305035e-001 5.330432e-001 -4.400813e-001 -8.814795e-001 -6.429134e-001 4.253781e-002 9.941030e-001 7.616212e-001 
-1.091585e+001 1.980608e+001 -7.160157e+000 -3.498500e-001 -2.490532e+000 -5.029197e+000 8.739548e-003 -2.058458e+000 2.062074e+000 -2.399467e+000 -4.373999e+000 -1.852263e+000 -1.280880e-001 -9.674502e-002 -8.417020e-001 -2.117435e+000 -2.149653e+000 -1.958892e+000 -1.050886e+000 -5.825121e-001 -1.145809e+000 -5.789439e-001 4.291014e-001 -3.875555e-001 6.312696e-002 3.027312e-001 2.947301e-001 4.468067e-001 5.939523e-003 3.526825e-001 -1.366622e-001 -1.151232e+000 -9.074974e-001 -6.421282e-002 8.258103e-001 5.813079e-001 
-9.252047e+000 1.904268e+001 -8.373551e+000 4.598707e-001 -2.904953e+000 -4.633439e+000 -1.059449e-001 -1.287690e+000 3.558604e+000 -2.138261e+000 -2.475370e+000 -1.645966e+000 -9.528244e-002 -7.588982e-001 -1.111021e+000 5.706592e-002 -1.532840e+000 -1.637582e-002 -3.115735e-001 -9.941771e-001 1.039554e-001 -1.347430e-001 4.268865e-001 1.913685e-001 7.048422e-001 1.101785e+000 6.148992e-001 1.322015e+000 1.697972e-003 4.366596e-001 -6.508127e-002 -1.194573e+000 -2.341007e-001 -1.685239e-001 5.124443e-002 -2.848773e-001 
-6.137818e+000 1.882782e+001 -1.013821e+001 3.122304e+000 -4.179453e+000 -5.100061e+000 -1.177733e+000 -3.769010e+000 4.706157e+000 -2.996075e+000 -4.139748e+000 -2.412674e+000 -3.696865e-001 -9.238322e-001 -1.812056e+000 4.552981e-001 -1.672106e+000 1.092122e+000 1.921152e+000 2.735711e-002 9.396156e-001 6.670538e-001 1.579872e+000 4.683852e-001 2.121818e-001 1.130633e+000 6.735821e-001 9.091482e-001 1.773800e-001 8.676484e-001 3.624807e-002 -1.317597e+000 1.319189e-001 1.722924e-001 6.625160e-001 3.575613e-001 
-2.817605e+000 1.906090e+001 -1.136733e+001 3.356535e+000 -2.598509e+000 -2.715367e+000 -9.011364e-001 -4.008324e+000 2.548077e+000 -5.366037e+000 -5.247121e+000 -1.856867e+000 -5.931439e-001 -2.625220e+000 -2.371447e+000 -7.975162e-001 -1.588709e+000 2.097795e+000 2.542383e+000 2.013991e-001 3.961992e-001 7.560991e-001 6.358926e-001 1.097750e+000 9.902669e-001 -3.522326e-001 9.926473e-001 5.381429e-001 -3.746436e-001 5.236657e-001 7.264280e-001 1.852477e-001 -6.821949e-001 6.959304e-001 1.435358e+000 -1.537049e-001 
2.419151e+000 1.832839e+001 -1.102324e+001 9.103537e-001 -3.030062e+000 -3.136434e+000 -2.318865e+000 -4.250106e+000 1.696192e+000 -3.895031e+000 -5.162653e+000 -7.264890e-001 -1.193611e+000 -2.540532e+000 -1.743891e+000 -6.927721e-001 -9.515024e-002 1.091056e+000 1.908154e+000 -9.516528e-002 5.488146e-002 1.100972e+000 8.784230e-001 1.733260e+000 1.740223e+000 4.638983e-001 1.066676e+000 9.398773e-001 -1.019799e-001 1.261567e-001 8.381450e-002 -2.226188e-001 9.514349e-002 1.204491e+000 1.215451e+000 -4.286918e-001 
8.014868e-001 2.070018e+001 -1.299636e+001 2.818877e+000 -2.335870e+000 -2.867246e+000 -1.924194e+000 -6.819950e+000 4.183179e+000 -2.306053e+000 -3.731016e+000 -1.083331e+000 -3.107252e+000 -2.979573e+000 -1.463914e+000 4.219643e-001 3.302541e-001 1.071681e+000 3.810834e-001 -4.118368e-001 1.074398e+000 1.529199e+000 1.703365e+000 6.949415e-001 4.742461e-001 1.445561e-001 1.286029e+000 1.608726e+000 -8.852703e-001 -6.020985e-001 3.127604e-001 -3.290794e-001 1.644177e-001 1.232578e+000 1.455722e+000 -7.534736e-001 
1.086936e+000 1.785336e+001 -1.136709e+001 1.695131e+000 -1.746923e+000 -2.563048e+000 -4.290089e+000 -6.533188e+000 3.166879e+000 -1.642319e+000 -4.744628e+000 -2.725346e+000 -4.123492e+000 -3.040671e+000 -1.117828e+000 -6.868692e-001 2.421126e-001 4.731168e-001 2.645496e-001 2.502459e-001 9.413646e-001 6.794866e-001 1.079125e+000 9.493954e-001 3.476440e-001 5.058956e-001 1.511256e+000 9.370818e-001 -1.058379e+000 -3.581533e-001 1.014183e+000 -1.297683e-001 -6.992966e-001 1.197339e+000 1.719900e+000 -5.414238e-001 
1.398176e+000 1.832623e+001 -1.140487e+001 2.459009e+000 -1.666048e+000 -2.061045e+000 -3.908617e+000 -7.314544e+000 3.058649e+000 -1.445187e+000 -4.956295e+000 -2.654718e+000 -3.429217e+000 -1.984747e+000 -2.822600e-001 -4.833473e-001 -2.595428e-001 2.258173e-001 4.436947e-001 7.909551e-001 6.061470e-001 2.054359e-001 1.372248e+000 1.237306e+000 1.013725e+000 1.618613e+000 1.562894e+000 3.095672e-001 -1.271149e+000 -3.436762e-001 1.247511e+000 -1.506128e-001 -8.978138e-001 1.250376e+000 2.054860e+000 -1.958765e-001 
2.425565e+000 1.755752e+001 -1.120744e+001 2.841328e+000 -1.287286e+000 -1.200260e+000 -4.467967e+000 -7.200545e+000 3.401103e+000 -1.321508e+000 -5.172689e+000 -2.229987e+000 -2.949830e+000 -2.448732e+000 -1.924293e-001 -7.530933e-001 -4.767607e-002 1.055692e+000 9.334924e-001 5.180893e-001 -2.100828e-001 4.391784e-001 1.339730e+000 1.334014e+000 1.575327e+000 1.195539e+000 1.596903e+000 1.440886e-001 -1.659316e+000 -8.693683e-002 1.428751e+000 -1.315868e-002 -1.231887e+000 1.346893e+000 2.216503e+000 -5.469567e-001 
2.640824e+000 1.524005e+001 -9.113277e+000 1.205079e+000 -9.324568e-001 -1.951788e+000 -5.268637e+000 -6.635725e+000 3.163745e+000 -1.076516e+000 -6.111918e+000 -2.894061e+000 -3.348710e+000 -2.110006e+000 -2.624403e-001 -9.893690e-001 2.080163e-001 1.338245e+000 1.485335e+000 9.141708e-001 8.731940e-003 6.657190e-001 1.674628e+000 1.831164e+000 1.971475e+000 1.877409e+000 1.772207e+000 1.735342e-001 -1.432955e+000 1.985972e-001 1.820463e+000 3.597021e-001 -7.972515e-001 1.592668e+000 2.412954e+000 -4.297858e-001 
2.296490e+000 1.768896e+001 -9.400333e+000 2.518544e+000 -1.658106e+000 -1.915112e+000 -4.260727e+000 -6.252762e+000 3.957593e+000 -1.639334e+000 -6.186269e+000 -3.163005e+000 -3.202077e+000 -5.926473e-001 1.073047e-001 -1.337210e+000 -1.557408e-002 6.791800e-001 1.068948e+000 3.119145e-001 -2.195959e-001 6.164475e-001 1.210972e+000 1.606134e+000 1.715081e+000 1.423881e+000 1.492811e+000 2.306467e-002 -1.531438e+000 -2.238731e-001 1.151822e+000 -1.925123e-001 -1.226455e+000 1.635704e+000 2.887620e+000 -3.019967e-001 
2.727791e+000 1.606460e+001 -8.102586e+000 2.253424e+000 -1.604722e+000 -2.569990e+000 -4.528899e+000 -6.263834e+000 3.545661e+000 -4.672006e-001 -6.171210e+000 -3.264359e+000 -3.443805e+000 -1.019266e+000 3.853640e-001 -1.522736e+000 1.882156e-001 8.753255e-001 7.909566e-001 4.177748e-001 2.055099e-001 1.368106e+000 1.334481e+000 1.275372e+000 1.353946e+000 9.407890e-001 1.508847e+000 5.688385e-001 -1.102141e+000 -1.655977e-001 8.858277e-001 -5.006604e-002 -8.644192e-001 1.480546e+000 2.637911e+000 -4.374689e-001 
1.872710e+000 1.754045e+001 -9.826813e+000 2.531693e+000 -2.293511e+000 -2.725935e+000 -4.019707e+000 -5.903684e+000 3.689502e+000 -1.623823e+000 -6.429377e+000 -3.304991e+000 -3.664404e+000 -1.144428e+000 1.355111e-001 -1.960457e+000 -6.959796e-001 4.775582e-001 1.903517e+000 7.383630e-001 4.449252e-001 1.244528e+000 9.854121e-001 1.623097e+000 1.203232e+000 5.999807e-001 1.005637e+000 6.438948e-001 -7.780459e-001 1.451873e-001 1.060215e+000 -3.247500e-001 -8.017494e-001 1.611664e+000 2.807718e+000 -2.760625e-001 
2.245055e+000 1.784483e+001 -8.854949e+000 2.378188e+000 -2.316397e+000 -2.258187e+000 -3.522202e+000 -5.563046e+000 3.839417e+000 -1.421822e+000 -6.760072e+000 -2.851177e+000 -3.347623e+000 -1.173022e+000 2.298755e-001 -1.711026e+000 -7.110388e-001 -1.142464e-001 2.012622e+000 9.339274e-001 -3.391006e-003 1.256980e+000 1.178838e+000 1.428920e+000 8.937463e-001 9.607713e-002 1.000030e+000 8.116438e-001 -5.930908e-001 -2.502129e-001 3.023788e-001 -1.887387e-001 -3.939930e-001 1.655933e+000 2.462421e+000 -6.634008e-001 
2.278117e+000 1.681520e+001 -8.619358e+000 1.185601e+000 -2.846494e+000 -2.661677e+000 -4.095350e+000 -5.887585e+000 2.746680e+000 -1.778592e+000 -6.280666e+000 -3.248058e+000 -3.414502e+000 -9.913761e-001 5.384078e-001 -1.559796e+000 -1.072419e+000 2.322051e-001 1.618154e+000 6.441236e-001 -1.500346e-001 1.056654e+000 1.013002e+000 1.660470e+000 1.704048e+000 2.140075e-001 8.591363e-001 9.804018e-001 -4.577812e-001 -4.351223e-001 -1.012019e-002 -2.015703e-001 -2.460922e-001 1.648707e+000 2.529395e+000 -4.293791e-001 
6.075191e-001 2.078352e+001 -1.059645e+001 2.564030e+000 -3.313598e+000 -1.257620e+000 -2.623028e+000 -6.691273e+000 3.785478e+000 -2.508477e+000 -4.892553e+000 -3.323976e+000 -3.257111e+000 -1.241792e+000 2.519241e-001 -1.143666e+000 -1.815880e+000 8.432589e-001 1.753685e+000 1.920252e-001 5.335038e-001 7.581900e-001 6.324731e-001 2.228693e+000 1.437399e+000 1.214102e-001 6.542161e-001 7.269917e-001 -2.248151e-001 -6.287141e-001 1.355900e-001 -3.416554e-001 -2.333610e-001 1.854957e+000 1.993566e+000 2.382979e-001 
4.169619e+000 1.618148e+001 -7.054704e+000 -5.066973e-001 -2.667794e+000 -2.482281e+000 -3.816080e+000 -5.384048e+000 1.177709e+000 -9.268831e-001 -5.083428e+000 -3.923497e+000 -2.674438e+000 -1.687101e-001 2.919821e-001 -2.413110e+000 -1.783527e+000 1.354355e+000 1.994317e+000 4.296551e-001 1.200578e-001 3.694838e-001 6.906310e-001 2.223454e+000 2.336574e+000 9.345246e-001 4.622504e-001 3.865728e-001 3.874310e-002 1.311095e-002 5.353464e-001 -4.424518e-001 -7.262073e-001 1.693419e+000 2.024218e+000 1.852855e-001 
1.126886e+001 1.284708e+001 -1.995375e+000 9.835447e-004 1.645542e-002 -2.690951e+000 -3.051262e+000 -1.968805e+000 2.970986e-001 -5.810230e-001 -2.602577e+000 -1.235271e+000 5.519430e-001 3.823013e-001 -2.076984e-001 -6.553840e-001 -2.162993e-001 4.752652e-001 5.373503e-001 1.365463e-001 -6.518383e-001 -5.711883e-001 7.995077e-001 1.045271e+000 3.664883e-002 -4.437892e-001 6.566662e-002 8.503188e-001 4.296950e-001 -5.429367e-001 -7.469296e-001 -7.683165e-001 -3.960910e-001 8.675821e-002 2.505283e-001 4.364086e-001 
3.736727e-001 1.822929e+001 -8.308123e+000 2.698007e+000 -4.661863e+000 -7.273437e+000 -2.815351e+000 -2.451691e+000 1.632040e+000 -2.249494e+000 -3.539519e+000 -8.015503e-001 -1.743307e-001 -1.780420e+000 -1.824615e+000 -6.560971e-001 -1.444510e+000 -1.185789e+000 -4.842603e-001 4.420338e-001 1.421113e+000 1.462544e-001 6.425021e-001 1.758040e+000 1.976494e+000 2.158099e+000 1.555199e+000 1.635908e+000 1.351769e+000 2.638330e-001 -6.789535e-001 -9.309632e-001 -5.783656e-001 -1.639751e-001 4.767770e-001 2.186148e-001 
-1.359437e+000 1.911475e+001 -9.586597e+000 2.611332e+000 -4.868912e+000 -6.560916e+000 -2.140790e+000 -3.027448e+000 2.032871e+000 -2.953899e+000 -3.905400e+000 -2.374460e+000 -4.156403e-001 -1.246005e+000 -2.903517e+000 -1.779562e+000 -1.550169e+000 -1.140961e+000 9.927376e-002 7.057580e-001 8.189196e-001 -5.486567e-002 9.428941e-001 1.038660e+000 1.297245e+000 2.154723e+000 1.455658e+000 1.267658e+000 1.075386e+000 5.875618e-001 -5.996073e-001 -1.230320e+000 -5.198739e-001 -7.171100e-002 3.754073e-001 6.519621e-002 
-2.923787e+000 1.866689e+001 -8.768127e+000 3.370326e+000 -4.922050e+000 -4.401815e+000 -2.478834e-001 -1.607334e+000 2.135087e+000 -2.226863e+000 -2.933465e+000 -4.029676e+000 -9.485788e-001 -1.861240e+000 -1.979685e+000 -2.152302e+000 -1.161975e+000 -5.517013e-001 -1.808992e-001 1.227806e+000 -1.405814e-001 -4.189327e-001 -5.177554e-001 -2.732578e-001 6.408070e-001 1.480026e+000 8.330050e-001 6.656044e-001 1.250741e+000 6.042201e-001 1.248888e-001 -1.428675e+000 -1.556014e+000 -4.024852e-001 2.001975e-001 8.786508e-001 
-4.776716e+000 1.938120e+001 -8.521740e+000 2.178143e+000 -4.700963e+000 -4.672056e+000 -9.489464e-001 -2.502206e+000 1.986088e+000 -2.306496e+000 -2.564932e+000 -2.503601e+000 1.040620e-001 -9.716470e-001 -1.418772e+000 -9.102353e-001 -1.935036e+000 -1.657303e+000 -1.167763e+000 -5.951485e-001 -1.077786e+000 -6.816524e-001 -2.256244e-001 5.044873e-001 1.050719e+000 9.552657e-001 1.037192e+000 3.103568e-001 7.682613e-001 1.696356e-001 -6.904077e-001 -1.462270e+000 -7.242932e-001 5.811410e-001 2.581006e-001 4.438751e-002 
-7.546858e+000 2.071301e+001 -8.279575e+000 3.061072e+000 -3.727264e+000 -5.653760e+000 1.257725e+000 -3.528775e+000 2.681944e+000 -2.543093e+000 -2.344602e+000 -1.317501e+000 -1.637646e+000 -7.334446e-001 -1.392754e+000 -2.107266e-001 -1.659868e+000 -1.314563e+000 -6.193662e-001 -1.055546e+000 -8.121460e-001 -8.952457e-001 5.802074e-001 2.202853e-001 7.785172e-001 7.811968e-001 7.630667e-001 1.172013e+000 -8.585497e-002 -7.888180e-002 -6.272828e-001 -1.049103e+000 1.616545e-001 -1.115647e-001 6.942029e-001 4.670882e-001 
-7.222512e+000 1.949836e+001 -7.008580e+000 2.311740e+000 -3.050909e+000 -5.658292e+000 2.898830e-001 -1.978664e+000 2.613489e+000 -1.825207e+000 -3.219685e+000 -1.568552e+000 -5.762009e-001 -6.269591e-001 -6.564002e-001 -4.431503e-001 -1.006034e+000 -1.718259e+000 -9.946203e-001 -6.891472e-001 -1.046573e+000 -9.377570e-001 -4.328503e-002 -4.117115e-001 1.164873e-001 8.400912e-001 1.044495e+000 6.640567e-001 -6.679931e-002 1.120497e-001 -4.482513e-001 -7.953347e-001 -3.880697e-002 2.477497e-001 9.809037e-001 7.788922e-001 
-7.918705e+000 2.154792e+001 -9.022733e+000 1.850249e+000 -2.916547e+000 -4.501197e+000 9.032367e-001 -3.373429e+000 3.735701e+000 -3.478932e+000 -2.301623e+000 -1.675074e+000 -1.179978e+000 1.623212e-001 -2.059209e+000 -9.686647e-001 -1.909438e+000 -9.084530e-001 -1.006324e+000 -4.716136e-001 3.836058e-001 -1.726992e+000 2.279529e-001 -1.374298e+000 1.535214e-001 9.223652e-001 -3.382564e-001 1.416723e+000 -1.220863e-001 1.600527e-001 -4.864450e-002 -6.463644e-001 -3.294196e-001 -7.270746e-001 1.062690e+000 6.216382e-001 
-9.143626e+000 1.981561e+001 -9.981818e+000 3.019960e+000 -2.487185e+000 -4.825925e+000 3.940841e-001 -3.672215e+000 5.132920e+000 -4.374473e+000 -2.869043e+000 -8.275929e-001 -6.923767e-001 4.886926e-001 -2.190102e+000 -3.864126e-001 -2.418654e+000 -8.348756e-001 -4.759910e-001 -9.533554e-001 4.834630e-001 -2.003051e+000 2.108804e-001 -1.273198e+000 9.187078e-002 3.904281e-001 -7.103612e-001 1.869873e+000 -3.324680e-001 6.502969e-001 4.659163e-001 -1.199923e+000 -4.177084e-001 -8.610967e-001 1.364444e+000 5.438047e-001 
-9.342427e+000 1.896362e+001 -8.146375e+000 3.014895e+000 -3.428429e+000 -5.071141e+000 3.079297e-001 -1.749909e+000 3.905322e+000 -3.439896e+000 -2.904376e+000 -1.221883e+000 -4.383135e-001 -5.792143e-001 -2.458587e+000 -4.672392e-001 -1.430711e+000 -1.092708e+000 -7.017540e-001 -5.965762e-001 -5.230217e-001 -1.416050e+000 4.182920e-002 -3.876082e-001 1.120959e-001 8.853765e-001 1.041596e-001 6.988088e-001 2.679724e-001 1.504569e-001 -1.637766e-001 -1.119646e+000 -2.157566e-001 -1.691865e-001 7.585163e-001 4.158426e-001 
-8.452589e+000 1.727548e+001 -7.427045e+000 2.431781e+000 -2.977225e+000 -4.539953e+000 5.881750e-002 -6.557641e-001 3.509928e+000 -2.499366e+000 -2.731121e+000 -6.014503e-001 6.849114e-001 -7.438296e-001 -2.009029e+000 -7.335357e-001 -1.196822e+000 -5.770090e-001 2.357222e-001 -6.594465e-001 -1.152940e+000 -1.462538e+000 1.943601e-002 -6.362303e-001 -1.072024e-001 1.173590e+000 5.948071e-001 5.943381e-001 5.213567e-001 -7.682000e-002 -2.450496e-001 -2.013099e-001 2.351161e-001 -5.413335e-002 3.898261e-001 8.500389e-002 
-1.033161e+001 1.890682e+001 -9.840464e+000 2.500423e+000 -3.296979e+000 -5.125750e+000 1.078910e+000 -2.129315e+000 4.141270e+000 -4.248291e+000 -3.003941e+000 -2.142145e+000 -9.647878e-001 1.447842e-001 -2.558700e+000 3.281334e-001 -2.230000e+000 -1.679945e+000 -1.485066e+000 -1.263766e+000 2.278822e-001 -1.040590e+000 1.036695e+000 -1.590179e+000 -6.591613e-001 8.500379e-001 2.935586e-001 1.402173e+000 -8.234446e-001 3.927060e-001 2.733226e-002 -9.474811e-001 -9.991683e-002 -5.249032e-001 1.022134e+000 2.816846e-001 
-6.477955e+000 1.715268e+001 -8.627021e+000 1.055733e+000 -3.022313e+000 -4.013694e+000 -5.418891e-001 -6.789118e-001 3.725711e+000 -2.462700e+000 -4.003499e+000 -1.487730e+000 -2.927265e-001 -4.315229e-001 2.607175e-002 3.031369e-001 -1.277979e+000 -9.982923e-001 -2.307009e-001 -1.196094e-001 7.174900e-001 7.757898e-001 5.174070e-001 -2.146055e-001 1.127198e-001 8.729970e-001 1.108849e+000 1.063377e+000 -4.364983e-001 3.187651e-001 5.548685e-001 -8.975233e-001 -5.285671e-001 -2.267918e-001 5.019479e-002 2.924939e-001 
-5.008340e+000 1.932983e+001 -1.058913e+001 3.134453e+000 -4.435208e+000 -5.197200e+000 -3.264679e-001 -3.533452e+000 4.060778e+000 -4.991066e+000 -5.471167e+000 -2.617698e+000 8.904702e-002 -3.145536e-001 -1.403562e+000 5.676970e-001 -1.969142e+000 -6.118959e-002 9.230729e-001 -1.656108e-001 1.269551e+000 1.116984e+000 1.716105e+000 2.127847e-001 1.333146e-001 1.323077e+000 8.199191e-001 7.559082e-001 -1.168821e-001 9.087878e-001 3.113812e-001 -9.232262e-001 -2.148467e-001 -2.617528e-001 9.598674e-001 6.192894e-001 
-8.166668e-001 1.730498e+001 -1.068743e+001 2.019894e+000 -2.618520e+000 -2.914967e+000 -1.224447e+000 -3.609825e+000 1.088866e+000 -5.036526e+000 -6.566711e+000 -1.801202e+000 -9.125817e-002 -2.179379e+000 -2.089433e+000 -8.412554e-001 -1.025035e+000 1.008198e+000 2.547324e+000 3.974857e-001 2.561228e-001 1.061991e+000 1.045020e+000 1.218715e+000 6.046147e-001 2.597489e-001 1.384727e+000 8.232530e-001 1.513658e-001 6.470519e-001 1.932127e-001 -2.691868e-001 -3.679314e-001 7.523768e-001 1.739482e+000 3.247571e-001 
1.366661e+000 1.996888e+001 -1.230097e+001 2.725343e+000 -2.908982e+000 -2.414351e+000 -1.563629e+000 -4.984761e+000 2.655999e+000 -3.712026e+000 -4.360420e+000 -1.090717e+000 -1.544876e+000 -2.789962e+000 -2.140457e+000 -3.521787e-001 1.697015e-001 1.318615e+000 1.722062e+000 1.614692e-002 -1.321662e-001 8.596688e-001 1.102890e+000 1.450619e+000 1.470233e+000 4.232819e-001 7.561540e-001 4.719148e-001 -5.900845e-001 -1.792388e-001 -1.058570e-002 -1.327934e-002 4.063032e-001 1.261288e+000 1.110090e+000 -3.940017e-001 
1.981724e+000 1.767254e+001 -1.146554e+001 1.862563e+000 -1.418696e+000 -2.594853e+000 -3.814463e+000 -6.486331e+000 2.406300e+000 -1.810923e+000 -4.821689e+000 -8.906263e-001 -3.111948e+000 -3.920712e+000 -1.332133e+000 2.214589e-002 8.298056e-001 6.337729e-001 1.409573e-001 -5.889171e-001 -1.548065e-001 1.012852e+000 1.333683e+000 1.325954e+000 8.100228e-001 5.261230e-001 1.635031e+000 1.043542e+000 -1.370870e+000 -9.589282e-001 4.759079e-001 5.880844e-002 8.574498e-003 1.403139e+000 1.038267e+000 -9.207152e-001 
2.212211e+000 1.708743e+001 -1.104505e+001 1.351056e+000 -1.041344e+000 -2.559925e+000 -5.061822e+000 -6.043417e+000 3.109822e+000 -1.807023e+000 -5.069402e+000 -1.931595e+000 -3.297441e+000 -2.818688e+000 -5.816341e-001 -1.035937e-001 2.062726e-001 1.317723e-001 4.401050e-001 8.746428e-001 6.252120e-001 4.413916e-001 1.525825e+000 1.537673e+000 6.418995e-001 1.142894e+000 1.884055e+000 8.763689e-001 -9.803552e-001 -2.462468e-001 1.043376e+000 -3.231666e-002 -7.300933e-001 1.145687e+000 1.755174e+000 -1.683730e-001 
2.377405e+000 1.819051e+001 -1.195398e+001 2.361520e+000 -1.067838e+000 -1.687632e+000 -3.789960e+000 -6.659287e+000 3.790351e+000 -1.599024e+000 -5.641185e+000 -2.617497e+000 -3.038195e+000 -2.173607e+000 -3.538705e-001 -4.639495e-001 -3.132203e-001 2.266054e-001 7.027120e-001 1.258930e+000 7.340945e-001 2.192747e-001 1.180247e+000 8.935163e-001 7.028968e-001 1.306417e+000 1.557312e+000 3.718476e-001 -1.310020e+000 -3.131243e-001 1.384610e+000 -1.557201e-001 -1.071425e+000 1.231177e+000 2.113183e+000 -2.476435e-001 
2.419373e+000 1.603808e+001 -1.102333e+001 1.844751e+000 -1.488823e+000 -1.817149e+000 -4.804945e+000 -6.880271e+000 3.409337e+000 -1.305593e+000 -6.050409e+000 -3.100080e+000 -3.682704e+000 -2.663573e+000 -7.225637e-002 -7.798660e-001 -1.947479e-001 7.387751e-001 9.986367e-001 9.742818e-001 5.079601e-001 1.009938e+000 1.408061e+000 1.067190e+000 1.331973e+000 1.224078e+000 1.825411e+000 4.627135e-001 -1.330138e+000 3.292554e-002 1.474029e+000 1.605543e-001 -8.675380e-001 1.525177e+000 2.432603e+000 -3.216640e-001 
1.830250e+000 1.829697e+001 -1.061246e+001 3.022570e+000 -1.631912e+000 -1.467364e+000 -4.197336e+000 -6.251946e+000 4.338426e+000 -9.672576e-001 -5.118643e+000 -3.179621e+000 -3.295484e+000 -1.890391e+000 -8.755462e-001 -9.134585e-001 1.802401e-001 1.048505e+000 1.358485e+000 9.690953e-001 2.604379e-001 7.915995e-001 1.644811e+000 9.827840e-001 7.471402e-001 1.101306e+000 1.352047e+000 3.036772e-001 -1.363401e+000 8.219178e-002 1.386025e+000 5.702924e-002 -1.003526e+000 1.425383e+000 2.321328e+000 -6.509257e-001 
-8.866519e-001 2.066855e+001 -1.236816e+001 4.065201e+000 -1.988749e+000 -2.682498e+000 -2.960032e+000 -8.162483e+000 6.628912e+000 -2.770598e+000 -5.460297e+000 -3.508856e+000 -3.863702e+000 -3.292885e-001 -8.230473e-001 3.631971e-001 -3.777087e-001 5.198973e-001 1.025280e+000 2.428505e-001 1.111812e+000 7.498561e-001 2.234336e+000 9.192652e-001 7.808681e-001 1.502512e+000 1.372773e+000 1.138881e+000 -1.698590e+000 -2.553944e-001 1.020111e+000 -3.015887e-001 -2.528449e-001 1.272942e+000 3.281643e+000 -7.836761e-001 
3.116245e+000 1.529528e+001 -8.364210e+000 1.015382e+000 -1.790771e+000 -1.654192e+000 -4.364371e+000 -6.253135e+000 3.338084e+000 -9.585475e-001 -6.653361e+000 -3.160774e+000 -3.337881e+000 -2.078623e+000 -4.156656e-001 -1.210124e+000 2.688783e-001 6.721896e-001 9.524506e-001 4.771335e-001 4.019957e-003 1.574754e+000 1.903699e+000 1.150113e+000 6.336491e-001 6.438289e-001 1.669519e+000 6.264239e-001 -1.126092e+000 -2.551504e-001 6.923309e-001 -4.358859e-002 -3.950327e-001 1.865252e+000 2.598258e+000 -5.390829e-001 
2.063048e+000 1.698717e+001 -9.100190e+000 2.883285e+000 -8.760504e-001 -2.082493e+000 -4.563652e+000 -6.897259e+000 3.498078e+000 -2.935219e-001 -5.598664e+000 -2.815262e+000 -3.836130e+000 -1.769748e+000 -2.580549e-001 -1.352361e+000 5.839185e-001 8.353957e-001 1.272346e+000 -5.682736e-002 -7.360876e-002 1.829880e+000 1.644887e+000 1.331480e+000 6.953847e-001 6.826495e-001 1.560965e+000 6.672664e-001 -1.035839e+000 -3.699790e-001 5.424364e-001 1.221577e-001 -4.361907e-002 1.665847e+000 2.004700e+000 -8.964034e-001 
1.420762e+000 1.600768e+001 -9.095172e+000 2.469197e+000 -1.312909e+000 -1.944588e+000 -4.898623e+000 -7.346125e+000 3.287280e+000 -6.149514e-001 -6.079275e+000 -3.405150e+000 -3.988220e+000 -1.411453e+000 5.225127e-002 -1.544661e+000 2.724333e-001 1.115154e+000 1.381799e+000 -9.325736e-002 7.671368e-002 1.598903e+000 1.140635e+000 1.890383e+000 1.692970e+000 5.368132e-001 1.271068e+000 5.962199e-001 -1.067096e+000 -2.417398e-001 7.217470e-001 1.739052e-001 -1.532555e-001 1.755027e+000 2.388208e+000 -5.834406e-001 
2.770094e+000 1.694369e+001 -8.596139e+000 2.262198e+000 -1.456876e+000 -1.971016e+000 -4.366129e+000 -6.909074e+000 2.970868e+000 -4.706164e-001 -5.422759e+000 -2.642336e+000 -3.261646e+000 -1.774997e+000 -3.633269e-001 -2.049614e+000 -6.879423e-001 1.514595e+000 2.068842e+000 1.959221e-001 -3.560699e-001 5.923894e-001 5.934913e-001 1.947067e+000 2.031701e+000 3.722339e-001 7.266104e-001 9.468252e-002 -1.063179e+000 3.672351e-002 6.509999e-001 1.026775e-001 -2.231682e-001 1.150944e+000 1.825907e+000 -5.769506e-001 
3.036674e+000 1.805949e+001 -9.062519e+000 1.597240e+000 -2.300554e+000 -1.966406e+000 -3.947610e+000 -6.569316e+000 2.659898e+000 -9.297218e-001 -5.072194e+000 -2.974286e+000 -2.672523e+000 -8.816092e-001 -1.889207e-001 -1.788723e+000 -1.153484e+000 1.345994e+000 2.263963e+000 1.898438e-001 2.877995e-002 5.203756e-001 8.382706e-001 2.313467e+000 2.009487e+000 8.496486e-001 8.153139e-001 4.945827e-001 -1.051708e-001 -1.856879e-001 4.859653e-001 -7.627001e-002 -3.613753e-001 1.450736e+000 1.543167e+000 -5.684531e-002 
