7.861130e+000 1.077897e+001 -4.526438e+000 1.486956e+000 -1.275720e+000 4.995301e-001 -2.097257e+000 1.952717e+000 3.264464e-001 -1.115520e-001 -5.739453e-002 1.237247e-001 
7.921879e+000 1.097811e+001 -3.290210e+000 1.404605e+000 -1.117974e+000 3.907088e-001 -2.103789e+000 1.515413e+000 -6.338556e-001 -4.957248e-001 2.052068e-001 5.752260e-002 
7.402843e+000 1.072199e+001 -2.601867e+000 1.021785e+000 -5.799434e-001 9.064187e-002 -2.202573e+000 1.083163e+000 1.114463e-001 -3.452521e-001 -5.151068e-002 2.418078e-001 
7.739061e+000 1.060883e+001 -2.871112e+000 8.359567e-001 -1.265819e+000 -2.421034e-002 -2.312490e+000 1.499602e+000 1.706390e-001 -2.525695e-001 -3.583282e-001 -3.757761e-002 
1.158023e+001 8.853102e+000 -2.669786e+000 1.165850e+000 -3.111666e+000 2.311653e+000 -2.661162e+000 1.640643e+000 -2.213976e-003 -3.941215e-001 -5.623327e-001 -5.050565e-002 
1.490990e+001 9.745766e+000 -3.111114e+000 4.009974e+000 -1.833568e+000 -5.965145e-001 -2.386665e+000 1.360422e+000 -1.290849e-001 -3.709019e-001 -6.959821e-001 -3.430387e-001 
1.669624e+001 9.297225e+000 -3.599832e+000 3.050128e+000 -1.967177e+000 -8.535187e-001 -2.702443e+000 7.724013e-001 5.092172e-001 -1.744996e-001 -5.638201e-001 -5.000692e-001 
1.800903e+001 8.754598e+000 -3.331776e+000 3.017239e+000 -1.726501e+000 -1.376234e+000 -2.564077e+000 9.021195e-001 5.242642e-001 -1.420059e-001 -7.021063e-001 -8.492797e-001 
1.708374e+001 9.723100e+000 -3.615123e+000 3.712993e+000 -3.386647e+000 -4.481910e-001 -2.955250e+000 1.109064e+000 4.062719e-001 5.234049e-002 -9.183314e-001 -5.111737e-001 
1.677907e+001 8.821209e+000 -2.860421e+000 3.617984e+000 -2.499780e+000 -9.346443e-001 -2.629332e+000 5.158559e-001 1.034883e+000 -2.314844e-001 -7.932009e-001 -8.244544e-001 
1.682116e+001 8.673318e+000 -2.768718e+000 3.137733e+000 -2.515237e+000 -3.598150e-001 -2.063219e+000 7.491261e-001 5.340044e-001 -4.638671e-001 -5.615681e-001 -6.380715e-001 
1.531020e+001 8.962567e+000 -2.684690e+000 3.234223e+000 -1.974393e+000 -8.030030e-001 -1.693671e+000 2.125587e-001 4.978812e-001 -2.583200e-001 -4.316811e-001 -5.649331e-001 
1.193530e+001 9.489991e+000 -2.960681e+000 3.239889e+000 -1.816297e+000 -1.385115e+000 -1.566913e+000 4.716556e-001 3.500368e-001 -1.840271e-002 -6.515079e-001 -3.203453e-001 
1.065030e+001 9.510432e+000 -2.076824e+000 1.287754e+000 -1.152732e+000 -1.412536e+000 -1.048861e+000 4.783982e-002 2.259815e-001 -5.903815e-001 -3.915741e-001 -3.114376e-001 
8.342968e+000 1.043677e+001 -3.976912e+000 1.435791e+000 -5.058603e-001 7.080301e-001 -1.929654e+000 1.474997e+000 1.055616e-001 -7.382346e-001 -5.995535e-001 -2.888410e-001 
7.087284e+000 1.031819e+001 -4.351151e+000 1.338282e+000 -1.249015e+000 7.100345e-001 -2.539461e+000 1.583945e+000 3.101347e-002 -2.931171e-002 -1.164625e-001 -1.780024e-002 
6.642802e+000 1.004417e+001 -4.197138e+000 2.172469e+000 -1.303182e+000 6.617743e-001 -2.437634e+000 1.920089e+000 3.591800e-001 1.528547e-002 -2.716697e-001 3.751056e-001 
7.718676e+000 1.050223e+001 -3.899610e+000 1.483802e+000 -1.441088e+000 7.399751e-001 -2.728651e+000 1.532608e+000 -1.647122e-001 -2.626579e-001 -5.648877e-001 3.544871e-002 
1.085770e+001 7.232139e+000 -3.587841e+000 1.090702e+000 -2.593300e+000 1.494791e+000 -2.502982e+000 2.016033e+000 7.178071e-002 -9.543474e-001 -5.140847e-001 1.172827e-001 
1.436488e+001 8.939321e+000 -3.228522e+000 4.073594e+000 -1.625282e+000 -8.383260e-001 -2.963577e+000 1.105292e+000 8.817269e-002 -1.993695e-001 -6.926220e-001 -4.727119e-001 
1.603122e+001 9.345600e+000 -3.306929e+000 3.845435e+000 -2.009319e+000 -8.720269e-001 -3.085268e+000 8.661285e-001 6.384404e-001 8.660101e-002 -7.168679e-001 -6.395623e-001 
1.742801e+001 8.704195e+000 -3.400671e+000 3.417090e+000 -1.896078e+000 -1.348571e+000 -2.878760e+000 9.848890e-001 4.865217e-001 -2.393963e-003 -8.259826e-001 -9.399932e-001 
1.723778e+001 9.544575e+000 -3.326025e+000 3.756493e+000 -3.023660e+000 -6.314788e-001 -2.912275e+000 1.113520e+000 6.846521e-001 1.694057e-002 -1.041993e+000 -7.008308e-001 
1.686889e+001 8.656484e+000 -2.687360e+000 3.557964e+000 -2.257976e+000 -9.588125e-001 -2.423565e+000 4.942773e-001 1.168625e+000 -1.924030e-001 -7.260015e-001 -8.254635e-001 
1.631890e+001 8.355800e+000 -2.663356e+000 3.493113e+000 -2.642619e+000 -7.040525e-001 -2.410162e+000 7.800222e-001 7.344905e-001 -2.610264e-001 -6.548126e-001 -8.506802e-001 
1.471755e+001 8.666620e+000 -2.795578e+000 3.806554e+000 -2.192246e+000 -1.117911e+000 -2.173756e+000 6.254243e-001 9.115667e-001 -5.525024e-002 -6.626236e-001 -8.156810e-001 
1.177114e+001 8.815351e+000 -3.218536e+000 2.974270e+000 -2.030664e+000 -1.805921e+000 -1.753060e+000 3.310448e-001 3.715177e-001 -7.880128e-002 -7.109665e-001 -3.324157e-001 
