2.407722e+000 1.847049e+001 -7.163388e+000 3.270496e+000 2.806294e-001 1.782672e+000 -2.923943e+000 -2.495651e+000 1.228206e+000 -3.207934e+000 -1.486742e+000 -1.095944e+000 -6.950298e-001 -2.289470e-001 -1.209422e+000 -5.995944e-001 -1.198427e+000 -2.240159e+000 -3.502059e-001 -4.674166e-002 -9.954765e-001 -1.183407e+000 -3.766085e-003 -4.979150e-001 -1.055877e+000 -4.280578e-001 -1.079485e-001 -4.393532e-001 -4.556221e-001 8.179020e-001 5.273754e-001 1.986150e-001 2.857521e-001 4.149772e-002 2.324940e-001 2.635144e-001 
1.854483e+000 1.828000e+001 -7.541184e+000 3.536107e+000 -1.433324e-001 2.125697e+000 -3.422930e+000 -1.290744e+000 8.527693e-002 -2.849363e+000 -1.125713e+000 -1.532840e+000 -5.708025e-001 -2.624082e-001 -1.681574e-001 -9.069687e-001 -1.384417e+000 -3.263686e+000 -8.381414e-003 -3.548112e-001 -2.730153e-001 -1.246821e+000 -9.740850e-002 7.366359e-001 -1.166162e+000 -1.040243e+000 -5.654345e-001 2.815284e-001 -2.838574e-002 5.037517e-001 7.053044e-001 6.500771e-001 -3.151308e-001 -3.956051e-001 -3.367495e-001 -3.121926e-001 
1.288664e+000 1.740177e+001 -8.922550e+000 2.277854e+000 -4.732047e-001 2.964317e+000 -3.112493e+000 -1.182701e+000 6.574314e-001 -1.710920e+000 -3.113685e-001 -3.591325e-001 3.254416e-001 1.369313e-002 -1.430015e-001 -7.340315e-001 -1.398639e+000 -2.814690e+000 1.977819e-001 4.296019e-001 -4.956497e-001 -1.795483e+000 -1.736046e-001 3.626520e-001 -1.229719e-001 -5.275893e-001 -1.009417e+000 -1.576044e-001 -7.793229e-001 1.986576e-001 2.098866e-001 1.184590e-001 -3.951695e-001 1.925857e-001 4.441473e-001 -1.055015e-001 
2.614310e+000 1.863784e+001 -7.483883e+000 3.199383e+000 7.925154e-001 1.904164e+000 -2.987858e+000 -1.711087e+000 2.279855e-001 -2.845548e+000 4.440775e-001 -5.769032e-001 -5.669477e-001 -1.467732e-001 -1.462063e+000 -1.526159e+000 -2.266104e+000 -2.415923e+000 9.559122e-001 1.006633e+000 -8.196730e-001 -1.605355e+000 -5.330396e-001 -1.781714e-001 -4.894731e-001 -1.140161e+000 -6.643863e-001 -4.902591e-002 -6.084521e-001 7.515175e-001 6.444830e-001 4.702888e-001 1.450654e-001 -3.047738e-001 1.462229e-001 3.413445e-001 
1.114542e+000 1.914223e+001 -9.082782e+000 3.151172e+000 4.230065e-002 1.226074e+000 -3.069037e+000 -2.556980e+000 1.532329e+000 -2.807842e+000 3.290103e-001 2.178935e-001 3.793315e-001 -1.291289e+000 -1.872487e+000 -8.226962e-001 -2.078482e+000 -1.916518e+000 -1.141678e-001 1.189956e+000 -3.903322e-001 -1.237352e+000 -4.530344e-001 6.089543e-001 -6.111861e-001 -1.033340e+000 3.780535e-001 -9.501968e-001 -6.328198e-001 2.226276e-001 8.434195e-001 8.336639e-001 -1.547084e-002 3.360273e-001 1.368514e-001 4.683030e-001 
1.045712e+000 1.721240e+001 -7.237474e+000 3.418610e+000 1.046927e-001 2.988123e+000 -4.398039e+000 -7.429343e-001 4.488147e-001 -2.444137e+000 -1.072980e-001 -6.981606e-001 1.614877e-001 -1.627561e+000 -7.665502e-001 -7.088274e-001 -1.520817e+000 -2.840416e+000 -5.611193e-001 9.060606e-002 -6.594991e-001 -1.413355e+000 -2.088932e-001 1.228338e-001 -6.815147e-001 -2.246477e-001 5.083120e-001 -4.605686e-001 -1.036295e+000 2.501130e-001 -2.678183e-001 4.826011e-001 1.816971e-002 5.423832e-001 5.259141e-003 6.105629e-001 
6.704987e+000 1.245603e+001 -5.171277e+000 3.012793e+000 -2.288025e+000 4.605053e+000 -5.411795e+000 -1.874628e+000 5.369300e-002 -2.297448e+000 -1.690718e-001 -5.368318e-001 9.122566e-001 -2.674821e+000 -1.555767e-002 -3.879899e-001 -2.238049e+000 -1.811054e+000 -1.714654e-001 9.782688e-001 -1.969087e+000 -1.896012e+000 -1.086080e+000 -4.754913e-001 -1.453631e-001 -1.038952e+000 -2.451250e-001 1.085100e-001 6.965812e-002 4.524294e-002 7.075044e-001 5.233315e-001 -7.559420e-001 -3.116869e-001 -1.837505e-001 7.087293e-002 
1.288072e+001 1.586531e+001 -8.272344e+000 6.924553e+000 -4.266735e+000 3.679593e+000 -5.039048e+000 -2.527051e+000 -1.045837e+000 -4.297840e+000 -2.271013e+000 -2.342793e+000 1.194251e+000 -1.960386e+000 -2.843165e-002 -4.522891e-001 -1.154712e+000 -2.078197e+000 7.721738e-001 3.257116e-001 -2.987747e+000 -1.272205e+000 -1.031935e+000 -2.615915e-001 -1.114372e+000 -1.187846e+000 -9.721793e-001 2.700292e-001 -7.773711e-001 -3.754706e-001 1.664739e+000 -3.980352e-001 -6.633984e-002 -1.862171e-001 2.377269e-001 1.349139e-001 
2.086499e+001 1.388483e+001 -8.648650e+000 3.656114e+000 -3.000492e+000 2.052783e+000 -5.137075e+000 -2.702207e+000 -9.112804e-001 -6.005879e+000 -2.757758e+000 -2.146411e+000 1.206317e+000 -4.837120e-002 -8.227840e-001 1.504062e-001 -1.856152e+000 -1.532176e+000 1.365711e+000 -2.752950e-002 -3.335131e+000 -1.201119e+000 5.334205e-002 -6.133863e-001 -7.889825e-001 -1.619470e+000 -1.196104e+000 -5.052424e-002 -8.128451e-001 -2.743499e-001 3.587972e-001 -7.779285e-002 3.435573e-001 -2.610161e-001 4.042451e-001 5.640561e-001 
2.159925e+001 1.667691e+001 -1.204673e+001 6.050597e+000 -5.539836e+000 4.595263e+000 -7.983065e+000 -5.045045e-001 -5.463195e-001 -5.669472e+000 -1.998743e+000 -1.639882e+000 1.975961e+000 -3.811168e-001 -3.775620e-001 -1.236427e+000 -1.615304e+000 -2.610747e+000 1.897440e+000 -8.787155e-001 -1.973628e+000 -1.211554e+000 3.071603e-001 -8.276809e-002 -5.596423e-001 -1.165645e+000 -1.595801e+000 3.238425e-001 -1.285989e+000 -2.901897e-001 -2.227783e-001 4.858000e-001 -1.656623e-002 2.210194e-001 7.094167e-001 2.363655e-001 
2.284251e+001 1.643681e+001 -1.107651e+001 5.354401e+000 -5.324540e+000 4.026691e+000 -8.323456e+000 -7.094255e-001 -5.777618e-001 -6.085977e+000 -2.071915e+000 -8.289481e-001 1.505417e+000 -4.854535e-002 -4.384700e-001 -1.592008e+000 -2.273754e+000 -2.230156e+000 1.174712e+000 -1.218452e+000 -1.873961e+000 -1.429393e+000 -2.635712e-001 5.248429e-001 -9.751870e-001 -9.951505e-001 -1.253349e+000 -1.660202e-001 -1.117227e+000 -1.543459e-001 -4.221250e-001 1.887597e-002 5.772324e-001 1.301004e-001 7.331101e-001 3.809312e-001 
2.520882e+001 1.424671e+001 -8.483617e+000 2.738951e+000 -3.385306e+000 2.003152e+000 -6.470566e+000 -1.666068e+000 5.707120e-001 -5.806020e+000 -1.793018e+000 -2.055751e-001 1.729571e+000 4.041750e-001 -6.664238e-001 -1.119955e+000 -2.819876e+000 -2.008893e+000 2.695539e-001 -1.045277e+000 -1.881062e+000 -1.301192e+000 -3.249778e-001 1.177104e+000 -5.016240e-001 -9.129746e-001 -6.182531e-001 -7.838732e-001 -5.451980e-001 -2.790739e-001 -3.768377e-001 -7.133284e-002 5.502840e-001 -5.480049e-002 6.316574e-001 5.521134e-001 
2.578400e+001 1.477147e+001 -8.769554e+000 1.758467e+000 -4.244316e+000 1.887971e+000 -6.247062e+000 -9.856294e-001 1.379507e+000 -6.481228e+000 -9.776497e-001 -1.038963e+000 9.941907e-001 -2.479442e-001 -1.535095e+000 -6.457743e-001 -2.611825e+000 -1.187694e+000 -1.182223e-002 -4.718034e-001 -2.064120e+000 -1.063619e+000 -9.121115e-002 -9.079045e-002 -3.918761e-001 -1.456402e+000 -5.170424e-001 -9.761394e-001 -6.696764e-001 -3.570868e-001 -3.117154e-001 3.612291e-001 -1.258338e-001 2.471602e-001 3.552851e-001 6.409302e-001 
2.555311e+001 1.420866e+001 -8.879122e+000 1.395278e+000 -4.436046e+000 2.194915e+000 -5.991585e+000 -2.803274e-001 1.627717e+000 -6.098080e+000 -1.561306e+000 -1.435236e+000 5.299642e-001 -8.140504e-001 -1.979953e+000 -1.245408e+000 -2.234862e+000 -7.865895e-001 8.264805e-001 -4.586489e-001 -1.965898e+000 -1.096806e+000 -4.512519e-001 -2.628814e-001 -1.301319e+000 -1.551727e+000 -5.819791e-001 -3.792114e-001 -4.051043e-001 -4.037906e-001 -8.312168e-002 2.833569e-001 -8.016841e-004 -3.198836e-001 3.746310e-001 1.292845e-001 
2.547011e+001 1.439391e+001 -8.251062e+000 1.115478e+000 -4.139390e+000 2.085509e+000 -5.806199e+000 -7.641501e-001 1.829060e+000 -5.710754e+000 -2.264044e+000 -1.551005e+000 4.668811e-001 -1.297611e+000 -2.008681e+000 -9.271987e-001 -2.173855e+000 -7.302157e-001 7.700521e-001 -3.315422e-001 -1.843498e+000 -1.179584e+000 -5.235854e-001 -4.694292e-001 -1.421963e+000 -1.558689e+000 -5.390327e-001 -5.611681e-001 -3.712117e-001 -1.054823e-001 1.394641e-002 3.664876e-001 1.072843e-001 -3.959966e-001 2.657442e-001 4.399692e-001 
2.244187e+001 1.814029e+001 -1.191811e+001 4.350275e+000 -7.095937e+000 4.286315e+000 -7.944484e+000 6.172912e-001 8.233337e-001 -5.149991e+000 -1.827405e+000 -2.487031e+000 1.195499e+000 -2.142889e+000 -9.868526e-001 -1.866867e+000 -1.281601e+000 -1.316529e+000 1.156679e+000 -5.850476e-001 -1.612277e+000 -1.259568e+000 -8.831223e-001 -4.615104e-002 -1.801229e+000 -1.326495e+000 -8.581881e-001 -2.803669e-001 -5.686782e-001 7.605896e-004 -6.672597e-002 3.081377e-001 -7.098081e-004 -3.436215e-001 2.305135e-001 2.365074e-001 
2.546283e+001 1.485137e+001 -8.808140e+000 1.927660e+000 -4.147342e+000 1.473058e+000 -5.657081e+000 -5.380422e-001 1.504535e+000 -5.726867e+000 -1.830084e+000 -1.771587e+000 4.677233e-001 -1.244439e+000 -2.092703e+000 -1.001049e+000 -1.750498e+000 -4.396188e-001 1.318325e-001 -7.255321e-003 -1.487498e+000 -1.323909e+000 -7.514920e-001 -2.512428e-001 -1.225813e+000 -2.100915e+000 -2.166430e-001 -4.403848e-001 -5.551969e-001 -5.943400e-002 1.685537e-001 3.952318e-001 -1.212337e-001 -5.694208e-002 1.434942e-001 2.650512e-001 
2.588293e+001 1.449857e+001 -6.732011e+000 1.511882e+000 -2.927939e+000 1.694734e+000 -4.907441e+000 -8.114333e-001 1.726218e+000 -5.241572e+000 -2.068937e+000 -1.034692e+000 5.352337e-001 -6.272081e-001 -1.613671e+000 -3.126305e-001 -1.392083e+000 -5.652098e-001 1.055009e+000 4.369740e-002 -1.149367e+000 -9.806420e-001 -4.889008e-001 2.150350e-001 -1.239954e+000 -1.546044e+000 -6.454316e-002 1.740846e-002 -2.546741e-001 -1.461465e-002 2.318467e-001 2.217269e-001 1.904387e-001 -2.378504e-001 1.734191e-001 2.017474e-001 
9.482434e+000 1.282105e+001 -4.600829e+000 8.710703e-003 -3.514371e-001 5.807169e-001 -3.274725e+000 -1.494580e+000 5.089857e-001 -4.245993e+000 -2.191960e+000 -7.334314e-002 2.776857e-001 -2.146710e-001 -1.114692e+000 -3.304752e-001 -1.651225e+000 -1.229762e+000 9.891043e-001 3.459867e-001 -7.013509e-001 -1.109228e+000 -3.983868e-001 5.879956e-001 -3.020759e-001 -7.517179e-001 -2.582727e-002 -1.337494e-001 -2.509784e-001 5.297359e-001 6.277229e-001 1.958403e-001 1.116895e-001 -3.647389e-001 -2.105904e-001 3.890080e-001 
9.432809e-001 1.771279e+001 -8.626503e+000 2.941090e+000 5.346533e-001 3.069488e+000 -2.974101e+000 -1.554016e+000 4.816719e-001 -2.419232e+000 -6.564150e-001 -7.274876e-001 -5.244942e-002 -5.131738e-001 -4.640598e-001 -1.152208e+000 -1.499122e+000 -2.005327e+000 4.991586e-001 -2.118716e-001 -1.432990e+000 -1.766908e+000 -2.508359e-001 5.107492e-001 -1.358358e-001 -3.484301e-001 -6.211268e-001 -4.898355e-001 -9.627917e-001 1.430768e-001 3.420504e-001 5.241308e-001 7.024766e-001 3.241341e-001 2.686281e-001 9.958837e-002 
1.433900e+000 1.770375e+001 -6.943893e+000 2.389220e+000 -1.791378e-001 2.368513e+000 -3.072397e+000 -1.119694e+000 1.719729e-001 -2.077812e+000 -5.708221e-001 -7.787458e-001 -6.607604e-003 -3.753467e-001 -8.647584e-001 -8.030084e-001 -1.070206e+000 -2.271013e+000 7.916503e-002 -3.409684e-001 -6.098532e-001 -2.093363e+000 -1.140131e+000 8.929965e-002 -6.166527e-001 -2.788354e-001 -4.238792e-001 3.511246e-001 -1.596215e-001 3.267886e-001 1.752573e-001 -1.424512e-001 -7.347920e-002 3.261420e-001 4.863135e-001 1.656394e-001 
1.619621e+000 1.794656e+001 -9.212260e+000 2.406656e+000 -4.154963e-001 2.463555e+000 -2.094952e+000 -7.834030e-001 7.941585e-001 -2.307984e+000 -1.474301e+000 -1.299637e-001 4.865016e-001 -3.705318e-001 -1.020925e+000 -1.405861e+000 -7.961409e-002 -1.530088e+000 5.660084e-001 7.838556e-001 -9.001768e-001 -2.605705e+000 -1.080430e+000 -7.764645e-002 -3.295717e-002 -9.811456e-001 -4.786369e-001 2.477803e-001 -9.012298e-001 7.781088e-001 3.579488e-001 2.164945e-001 -6.906972e-002 1.654170e-001 -1.006170e-001 -4.233144e-001 
7.241741e-001 1.819218e+001 -7.940108e+000 1.766939e+000 -1.134339e-001 2.008198e+000 -1.623476e+000 -1.387813e+000 1.359079e+000 -3.020762e+000 -4.811921e-001 -7.453596e-001 4.436679e-001 -8.716853e-001 -1.626104e+000 -1.170240e+000 -1.356141e+000 -9.250507e-001 -2.050483e-001 8.718242e-001 -9.095456e-001 -1.905249e+000 -6.620062e-001 7.639145e-001 2.800671e-001 -8.188545e-001 1.733417e-003 -5.913450e-001 -4.621092e-001 7.617096e-001 8.149324e-001 5.857022e-001 -3.228076e-001 -4.178722e-001 -6.578907e-001 -3.476885e-001 
2.475072e+000 1.939082e+001 -8.507126e+000 2.214412e+000 -8.727946e-001 1.397403e+000 -2.707708e+000 -8.111416e-001 1.108256e+000 -3.761494e+000 -7.365643e-001 -1.112283e+000 5.821939e-001 8.425505e-002 -6.096624e-001 -8.926082e-001 -2.244846e+000 -1.511868e+000 1.711591e-001 -3.489383e-001 -9.397478e-001 -1.366786e+000 -5.162269e-001 -5.948179e-001 -9.915345e-001 -9.925428e-001 2.009188e-001 -1.038603e-001 3.149715e-002 8.870479e-001 9.149107e-002 -1.044243e-001 8.131101e-002 1.761317e-001 -4.673109e-001 -4.076810e-001 
4.174710e+000 1.430574e+001 -6.326934e+000 2.877455e+000 -2.018686e+000 3.260151e+000 -5.238409e+000 -4.816055e-001 7.293001e-001 -3.081448e+000 -1.384566e+000 -2.867114e-001 1.940304e+000 -8.423651e-001 3.131087e-001 -1.110689e-001 -1.204435e+000 -1.550683e+000 1.100691e-001 4.864841e-001 -1.275675e+000 -1.281252e+000 -1.200839e+000 -1.009824e+000 -4.203506e-001 -7.635228e-001 -5.297790e-002 -2.511446e-001 -2.605693e-001 4.540481e-001 -1.075290e-001 -2.379723e-002 -3.704554e-001 -9.782920e-002 -3.140790e-002 4.984227e-001 
9.904471e+000 1.332530e+001 -6.040931e+000 5.813656e+000 -2.437494e+000 4.981510e+000 -4.158069e+000 -1.542312e+000 -1.185271e+000 -3.918213e+000 -2.447699e+000 -2.262775e+000 1.369391e+000 -2.508066e+000 -8.023795e-001 -1.028934e+000 -1.537518e+000 -1.052563e+000 5.626915e-001 6.994229e-001 -2.960159e+000 -1.781037e+000 -9.308166e-001 -4.785423e-001 -2.888601e-001 -1.015709e+000 -4.792799e-001 -1.454231e-001 -8.804144e-001 -5.995503e-001 1.026091e+000 3.906641e-001 -1.607868e-001 3.540155e-001 2.723087e-001 4.874727e-001 
1.906783e+001 1.337175e+001 -7.134674e+000 4.233501e+000 -2.515129e+000 1.754074e+000 -4.403382e+000 -2.846470e+000 -6.311096e-001 -5.598561e+000 -3.033878e+000 -2.145208e+000 5.626338e-001 -4.785057e-001 -9.167151e-001 3.356855e-001 -1.411604e+000 -1.230632e+000 1.159293e+000 -1.463305e-002 -3.070653e+000 -1.640359e+000 -4.335650e-001 -1.090100e+000 -8.522258e-001 -1.319240e+000 -1.025713e+000 3.156390e-001 -5.987456e-001 1.874879e-002 5.237082e-001 -5.991381e-001 1.700570e-001 -8.973471e-002 6.993442e-002 2.205443e-001 
2.130081e+001 1.550493e+001 -1.116799e+001 5.380340e+000 -4.637756e+000 3.848606e+000 -7.245269e+000 -1.525828e+000 -8.578752e-001 -6.168221e+000 -2.321351e+000 -1.997804e+000 1.934903e+000 -3.979691e-002 -8.754190e-001 -8.470264e-001 -2.236779e+000 -2.217465e+000 1.693904e+000 -2.309698e-001 -2.594506e+000 -1.069225e+000 2.164768e-001 -1.838165e-001 -8.957438e-001 -1.872697e+000 -1.402174e+000 1.639106e-001 -1.000816e+000 -3.404986e-001 2.367975e-001 2.702822e-001 2.264025e-001 -3.681070e-002 7.635968e-001 2.976308e-001 
2.342912e+001 1.449336e+001 -1.024288e+001 3.900611e+000 -4.529098e+000 2.953188e+000 -7.345849e+000 -1.274743e+000 -2.573806e-001 -6.543362e+000 -2.098392e+000 -1.098930e+000 1.384956e+000 -9.140427e-002 -1.036646e+000 -1.241174e+000 -2.565837e+000 -2.362703e+000 6.009784e-001 -7.759680e-001 -2.145696e+000 -1.195133e+000 -3.329261e-001 -8.716112e-002 -8.261226e-001 -1.055337e+000 -1.452668e+000 -4.428416e-001 -9.198466e-001 -4.643667e-001 -1.452365e-001 -1.155591e-001 4.158477e-001 -1.170797e-001 8.092420e-001 2.715828e-001 
2.481275e+001 1.447262e+001 -8.545430e+000 2.877478e+000 -3.511462e+000 2.026046e+000 -6.730090e+000 -1.634619e+000 4.674648e-001 -6.139203e+000 -1.855434e+000 -4.838775e-001 1.299050e+000 3.638293e-001 -8.301856e-001 -1.151960e+000 -2.630128e+000 -1.862940e+000 5.008658e-001 -1.152877e+000 -1.822747e+000 -1.318040e+000 -2.785982e-001 1.017835e+000 -8.486722e-001 -9.531417e-001 -6.694461e-001 -6.231110e-001 -7.561246e-001 -1.279140e-001 -2.864734e-001 -2.469399e-001 8.508176e-001 -1.602342e-001 7.460659e-001 5.955003e-001 
2.488870e+001 1.546104e+001 -9.552679e+000 2.974814e+000 -4.718594e+000 2.135829e+000 -6.671182e+000 -1.085825e+000 1.030165e+000 -6.055518e+000 -1.233601e+000 -4.722529e-001 1.684458e+000 5.417265e-002 -9.013460e-001 -9.011553e-001 -2.528811e+000 -1.659660e+000 4.969361e-002 -8.505263e-001 -2.056186e+000 -1.053977e+000 -1.646004e-001 5.580046e-001 -3.708408e-001 -9.155510e-001 -6.559432e-001 -8.784813e-001 -6.233048e-001 -5.586055e-001 -3.417655e-001 5.675483e-002 1.346118e-001 1.101456e-001 4.740435e-001 5.916560e-001 
2.609896e+001 1.405977e+001 -8.420815e+000 1.182248e+000 -3.923574e+000 1.986672e+000 -5.752777e+000 -4.672624e-001 1.629260e+000 -6.309234e+000 -1.159071e+000 -1.385616e+000 6.018936e-001 -4.509405e-001 -2.013848e+000 -7.440048e-001 -2.164568e+000 -6.656731e-001 5.518225e-001 -2.772742e-001 -1.872824e+000 -9.749130e-001 -1.913696e-001 -4.027759e-001 -8.652846e-001 -1.517894e+000 -2.973318e-001 -6.587348e-001 -5.849013e-001 -2.423877e-001 -4.996793e-003 5.143073e-001 -2.293923e-001 -6.210329e-003 3.216786e-001 4.556802e-001 
2.508161e+001 1.450697e+001 -9.163306e+000 1.737807e+000 -4.803505e+000 2.550155e+000 -6.143055e+000 -5.933955e-001 1.682000e+000 -5.854971e+000 -2.144373e+000 -1.485693e+000 7.368137e-001 -1.306091e+000 -1.889872e+000 -1.095676e+000 -1.893095e+000 -5.576060e-001 8.631811e-001 -2.739458e-001 -1.779507e+000 -1.054535e+000 -5.297811e-001 -4.370809e-001 -1.548666e+000 -1.463020e+000 -6.199058e-001 -4.481260e-001 -4.085123e-001 -1.994923e-001 1.477889e-001 2.882934e-001 4.536590e-002 -5.713821e-001 3.533809e-001 2.391520e-001 
2.433292e+001 1.626764e+001 -9.853598e+000 2.603566e+000 -5.359913e+000 3.441476e+000 -6.810808e+000 -1.223069e-001 1.326964e+000 -5.370853e+000 -1.889546e+000 -1.979406e+000 7.878678e-001 -1.747050e+000 -1.458456e+000 -1.379487e+000 -1.886926e+000 -8.268312e-001 7.776874e-001 -3.092804e-001 -1.793506e+000 -1.101031e+000 -1.001251e+000 -8.999641e-002 -1.579808e+000 -1.487200e+000 -5.219093e-001 -4.229348e-001 -2.914131e-001 -1.201448e-001 1.414113e-001 1.348149e-001 2.940195e-001 -3.994253e-001 3.302488e-001 2.894505e-001 
2.371494e+001 1.651473e+001 -1.073323e+001 2.660597e+000 -5.368055e+000 2.528528e+000 -6.528347e+000 -4.501578e-001 1.421204e+000 -5.876748e+000 -1.431300e+000 -2.113155e+000 8.320581e-001 -1.601421e+000 -1.711003e+000 -1.090415e+000 -1.790484e+000 -6.430204e-001 2.103522e-001 2.513675e-001 -1.603865e+000 -1.202669e+000 -9.706135e-001 -2.798024e-001 -1.435774e+000 -1.920239e+000 -3.513380e-001 -7.939110e-001 -5.986120e-001 -9.216215e-002 1.725988e-001 1.965574e-001 -1.183675e-001 -3.516773e-001 2.260964e-001 3.311153e-001 
