1.686261e+001 3.169371e+000 -7.496253e+000 1.192257e+001 -7.989258e+000 4.524348e+000 -3.050553e+000 1.516382e+000 1.417259e+000 -2.972476e+000 -2.381861e+000 -4.096695e+000 -4.840548e-001 -1.680256e+000 -1.651632e+000 -1.906203e+000 -2.436165e-001 -1.592778e+000 -1.709395e+000 -2.543476e-001 6.025052e-001 1.550392e-001 -1.583560e+000 -1.322788e+000 -4.893193e-001 6.245160e-001 7.027868e-002 -2.471644e-001 3.726100e-001 3.850186e-001 -1.265315e-001 -3.591368e-002 -8.066583e-002 -4.633858e-001 -5.745463e-001 1.312536e-001 
1.556818e+001 1.875754e+000 -9.033613e+000 1.301339e+001 -9.233784e+000 4.151647e+000 -2.706710e+000 1.864984e+000 3.464126e+000 -1.604681e+000 -2.130569e+000 -5.048115e+000 6.764404e-002 -2.187677e+000 4.225494e-001 -1.593415e+000 -1.059001e+000 -1.119237e+000 -2.273579e+000 -7.675028e-001 -6.707656e-001 5.851839e-001 -1.651585e+000 -1.254286e+000 -1.220646e+000 1.057626e+000 8.742304e-001 -4.612573e-001 -5.185690e-001 -6.823949e-001 9.448780e-001 -2.312595e-002 -1.017533e-001 -1.402085e+000 -5.312023e-001 -1.642504e-001 
1.766790e+001 -1.645116e+000 -8.497405e+000 1.105156e+001 -9.709175e+000 4.387820e+000 -3.530743e+000 1.936776e+000 2.616605e+000 -1.568764e+000 -1.518393e+000 -3.461162e+000 -4.695986e-001 -2.182857e+000 1.085773e+000 -1.270704e+000 -4.525633e-001 -7.242536e-001 -1.821508e+000 5.432291e-001 1.140824e+000 3.057677e-001 -7.689662e-001 -1.103065e+000 -1.094384e+000 1.794163e+000 4.526819e-001 2.739473e-001 -3.837206e-001 -7.823754e-001 2.814446e-001 -7.952513e-001 2.696693e-001 -1.297083e+000 -1.224810e+000 2.969099e-002 
1.488041e+001 -2.921566e+000 -1.080860e+001 1.249641e+001 -1.074646e+001 5.634837e+000 -5.591504e+000 2.500414e+000 1.463841e+000 -2.193442e+000 -2.494513e+000 -3.476968e+000 -1.293031e+000 -3.218856e+000 1.248531e+000 -1.423276e+000 7.090874e-001 -5.215877e-001 -6.962164e-001 8.208713e-001 6.506617e-001 8.569008e-001 -1.084816e-001 5.805316e-002 3.310931e-001 1.858292e+000 1.956241e-001 5.389821e-001 5.357591e-001 1.624125e-001 9.940744e-002 -9.219074e-001 4.981910e-002 -6.958957e-001 -7.794557e-001 -4.146079e-001 
1.530780e+001 -3.831802e+000 -9.526185e+000 1.090817e+001 -1.008967e+001 6.731443e+000 -4.628868e+000 1.385751e+000 3.009466e+000 -2.411141e+000 -1.915975e+000 -4.487965e+000 -1.327311e+000 -3.756945e+000 3.548741e-001 -2.196578e+000 8.263936e-001 7.774041e-001 -1.265732e+000 1.737070e+000 3.868252e-001 1.488464e+000 2.534496e-001 3.051965e-001 3.541286e-001 1.031345e+000 2.564890e-001 4.876607e-001 3.969755e-001 -5.083846e-003 7.505712e-001 -3.109552e-001 5.731077e-001 -1.237363e+000 -5.416433e-001 1.282489e-002 
1.603595e+001 -4.993641e+000 -6.867985e+000 1.019322e+001 -1.026554e+001 4.293970e+000 -3.611329e+000 2.195745e-001 3.763845e+000 -1.649168e+000 -1.027721e+000 -3.734420e+000 -1.473212e+000 -2.567498e+000 1.005417e+000 -1.802236e+000 1.264294e+000 4.043776e-001 -1.768400e+000 2.317349e+000 1.836974e-001 1.464206e+000 5.688874e-001 1.922365e-002 2.432051e-001 5.417626e-001 2.815626e-001 2.370818e-001 4.761979e-002 -2.702851e-001 8.581185e-001 9.986971e-002 2.140305e-001 -1.252379e+000 -8.128408e-001 -4.477659e-001 
1.357484e+001 -2.537613e+000 -1.068353e+001 1.122363e+001 -1.144244e+001 5.733386e+000 -6.243896e+000 -2.341596e-001 2.167964e+000 -1.935135e+000 -1.342983e+000 -3.140219e+000 -1.273711e+000 -4.617771e+000 -1.077967e+000 -2.701191e+000 8.977284e-001 -1.237571e+000 -1.991028e+000 1.115986e+000 -7.852753e-001 1.663279e+000 -5.699458e-001 -5.581395e-001 -2.044971e-001 6.236801e-001 -1.583361e-001 7.330912e-002 1.726454e-001 -3.236252e-001 6.688000e-001 -4.036029e-001 3.667482e-003 -1.750592e+000 -3.506982e-001 -1.925850e-001 
1.458388e+001 -3.722356e+000 -8.847134e+000 5.960405e+000 -9.556257e+000 4.304984e+000 -5.053457e+000 5.413112e-001 2.708363e+000 -2.351189e+000 -1.229171e+000 -2.605177e+000 -1.164978e+000 -3.295274e+000 2.896509e-001 -1.028849e+000 9.572854e-001 -8.669647e-001 -1.702817e+000 1.891363e+000 3.454366e-001 1.682156e+000 -3.535289e-001 -6.828646e-001 2.148233e-001 9.780961e-001 7.678986e-001 5.288636e-001 1.446682e-001 -2.147016e-001 3.791480e-001 -2.947159e-001 3.254666e-001 -1.120064e+000 -3.658856e-001 -1.675654e-001 
1.380573e+001 -1.078604e+000 -9.662711e+000 7.690815e+000 -9.600000e+000 5.990341e+000 -4.574775e+000 2.172416e+000 4.027649e+000 -1.415407e+000 -2.210449e+000 -3.062936e+000 -9.901910e-004 -2.224769e+000 8.276442e-001 -1.546319e+000 1.305984e+000 -1.237965e+000 -6.650029e-001 2.360147e+000 5.986101e-001 1.898263e+000 -6.162249e-001 5.863977e-001 -1.151084e-001 1.041142e+000 6.252440e-001 3.144328e-001 3.567132e-001 -2.643404e-001 4.539542e-001 -5.227045e-001 8.216375e-001 -1.430612e+000 -2.726136e-002 1.891354e-001 
1.128571e+001 7.591678e-001 -8.530789e+000 8.913324e+000 -8.706579e+000 5.625141e+000 -3.594394e+000 1.999878e+000 3.481492e+000 -8.371271e-001 -3.202746e+000 -3.664159e+000 -8.214959e-003 -2.136653e+000 1.429812e+000 -1.619574e+000 1.006822e+000 -1.250395e+000 -1.668718e+000 1.697275e+000 -7.052079e-001 4.998875e-001 -1.244103e+000 -5.317905e-001 -3.499579e-001 1.070032e-001 -2.305506e-001 9.576177e-002 -7.549520e-001 -5.546399e-001 6.663278e-001 -5.779833e-001 8.908196e-001 -1.021599e+000 9.252782e-002 -2.382656e-001 
7.950099e+000 2.061940e+000 -7.724606e+000 9.536208e+000 -6.832148e+000 3.596231e+000 -4.555524e+000 1.432048e-001 4.318444e+000 -1.115222e+000 -3.086310e+000 -3.606033e+000 -5.443218e-001 -2.599527e+000 -2.269704e-001 -1.625373e+000 4.161817e-001 -1.223051e-001 -1.150810e+000 6.807693e-001 -1.426601e+000 4.618967e-001 -5.485542e-001 -1.120116e+000 -2.670618e-001 -9.710837e-001 -5.845323e-001 -3.127149e-001 -6.302300e-001 -1.720436e-002 8.044233e-001 4.360166e-001 5.826743e-001 -6.377777e-001 -9.221573e-002 1.159590e-001 
7.245167e+000 8.707700e+000 -9.494622e+000 8.814754e+000 -7.439525e+000 4.139645e+000 -3.206656e+000 -2.189959e+000 4.264982e+000 -2.326114e+000 -2.120469e+000 -3.963505e+000 7.169576e-001 -2.084691e+000 -5.435828e-001 6.382232e-001 3.070746e-001 -1.520722e-001 -1.939192e+000 9.570533e-001 -5.900181e-001 -8.357696e-002 -1.492162e+000 -2.783626e+000 -3.270886e-002 -4.591951e-001 1.175191e+000 6.141694e-001 4.028483e-001 3.183367e-001 3.077373e-001 9.270532e-001 -5.783965e-002 -2.267211e-002 -7.155856e-001 3.636007e-001 
6.671968e+000 1.163735e+001 -8.003426e+000 6.353776e+000 -8.703830e+000 2.974378e+000 -5.388452e+000 -2.706306e+000 3.803784e+000 -3.742870e+000 -3.945998e+000 -3.944682e+000 5.563664e-001 -2.351414e+000 -3.473598e-002 -9.770212e-001 -5.714931e-002 -6.403914e-001 -2.512416e+000 -5.165520e-002 -1.247270e+000 -1.078671e+000 -1.789138e+000 -1.687555e+000 -4.995500e-001 4.840194e-001 -1.634532e-001 5.207352e-001 7.171561e-002 -2.501834e-001 8.948967e-001 1.375577e-001 4.972596e-001 -1.111515e+000 9.162394e-002 7.800896e-001 
7.034670e+000 1.271999e+001 -6.970462e+000 7.067555e+000 -1.019708e+001 2.628825e+000 -6.036100e+000 -2.925372e+000 2.760302e+000 -3.167504e+000 -2.715875e+000 -4.273728e+000 1.529249e+000 -1.897614e+000 1.387539e+000 -1.332610e+000 -2.081441e-001 -1.124450e+000 -2.867123e+000 1.159284e-001 -1.924670e+000 -1.013237e+000 -2.256703e+000 -6.867468e-001 -2.206969e-001 2.519545e-001 -7.806188e-001 1.520000e-001 2.272501e-001 -2.728401e-001 1.295956e+000 -1.110786e-001 1.376905e+000 -7.287717e-001 3.577771e-001 7.907756e-002 
6.630751e+000 1.335521e+001 -7.283472e+000 7.880159e+000 -8.806423e+000 1.970147e+000 -7.183221e+000 -3.919028e+000 3.306563e+000 -3.789629e+000 -1.889967e+000 -3.550883e+000 1.056000e+000 -2.195377e+000 -2.004044e-001 -9.188791e-001 2.312821e-001 -1.083680e-001 -3.469979e+000 1.456463e-001 -1.478255e+000 -1.082079e+000 -1.326373e+000 -7.885482e-001 2.087251e-001 -2.564497e-001 -1.606235e-001 -2.805797e-002 2.300570e-001 2.886027e-001 1.037553e+000 1.400899e-001 4.137614e-001 -1.544248e-001 -3.721606e-001 -4.715994e-003 
8.686826e+000 1.278454e+001 -6.259523e+000 6.426997e+000 -7.155305e+000 1.866606e+000 -6.726745e+000 -4.143202e+000 3.926956e+000 -2.547722e+000 -2.506762e+000 -2.214586e+000 1.416661e+000 -1.063841e+000 -3.852373e-001 -4.711779e-001 -1.286756e-001 1.490765e-001 -2.612438e+000 -1.879262e-003 -5.048249e-001 -7.113894e-001 -1.326933e+000 -1.361852e+000 3.111851e-001 -2.989960e-001 6.085327e-001 2.080195e-001 5.301951e-001 7.385274e-001 2.303512e-001 6.225248e-001 5.420056e-001 1.088794e-001 -4.858194e-001 3.665084e-001 
8.970264e+000 1.151976e+001 -5.619739e+000 5.516538e+000 -7.027360e+000 9.535037e-002 -6.260139e+000 -4.768015e+000 3.017965e+000 -1.995829e+000 -1.935838e+000 -1.636481e+000 1.175838e+000 -1.022602e+000 -8.582198e-001 -8.413235e-001 -1.089806e+000 7.429608e-001 -2.434562e+000 -5.269209e-001 2.945617e-001 -9.708837e-001 -1.707298e+000 -1.549405e+000 6.724695e-001 -1.926633e-001 -2.129085e-001 -1.436618e-001 8.597119e-001 1.331894e+000 2.754304e-001 4.562830e-001 -3.885070e-002 1.624934e-001 8.093784e-002 2.970836e-001 
7.617701e+000 1.390379e+001 -7.442754e+000 7.709172e+000 -8.782190e+000 -8.842387e-002 -7.011313e+000 -5.018069e+000 4.320899e+000 -2.454457e+000 -2.629917e+000 -2.410918e+000 1.152431e+000 -1.642215e+000 -1.150087e+000 -1.027319e+000 -8.995350e-001 1.112803e+000 -2.805650e+000 -1.068753e+000 8.816960e-002 -9.279028e-001 -7.071128e-001 -1.210360e+000 4.959599e-001 -5.656344e-001 -9.190330e-002 2.193065e-001 1.573307e-001 1.017072e+000 5.456300e-001 7.662212e-001 -6.950749e-001 2.556684e-001 -2.717394e-001 1.484919e-001 
9.393983e+000 1.113100e+001 -5.580524e+000 6.752890e+000 -7.966661e+000 -4.864579e-001 -7.669522e+000 -4.770331e+000 2.900071e+000 -6.044580e-001 -3.931010e+000 -2.129439e+000 2.778230e-002 -8.888655e-001 -8.280504e-001 -1.696955e+000 -2.434712e-001 3.120461e-001 -2.540022e+000 -2.304994e+000 8.416397e-001 -1.205019e+000 -9.932425e-001 -1.436800e+000 -4.584133e-002 -3.676326e-001 1.117797e-001 7.931205e-001 -9.977008e-001 1.136819e+000 8.385495e-001 1.020114e+000 -2.906886e-001 -5.259089e-001 -3.777601e-001 3.802517e-001 
1.004278e+001 1.089564e+001 -4.144660e+000 6.452924e+000 -6.359353e+000 -1.324626e+000 -6.561504e+000 -4.522160e+000 2.303146e+000 -2.475993e-001 -2.724430e+000 -1.019521e+000 -2.313993e-002 -3.539659e-001 -8.624688e-001 -1.351406e+000 3.861637e-002 7.310721e-002 -1.742161e+000 -1.400720e+000 1.547414e+000 -1.728296e+000 -1.803182e+000 -2.982159e-001 5.133722e-001 -1.263792e-001 -3.156303e-001 5.166649e-001 1.761323e-002 1.467901e+000 5.707515e-001 6.989864e-001 2.484643e-001 -2.288978e-001 -4.250762e-001 -1.236397e-001 
1.009847e+001 1.188982e+001 -5.784079e+000 6.999481e+000 -7.975982e+000 -7.772824e-001 -7.522031e+000 -3.813938e+000 1.867644e+000 -6.223679e-001 -3.940843e+000 -1.192875e+000 -8.287654e-002 -2.734155e-001 -5.200954e-001 -1.938187e+000 3.395561e-001 -7.181036e-001 -2.122619e+000 -2.047509e+000 2.552623e+000 -1.856239e+000 -1.605051e+000 -8.744672e-001 -1.597528e-001 6.331261e-002 -4.241306e-001 1.186718e+000 -6.686033e-001 1.398224e+000 4.215258e-001 6.192070e-001 8.583065e-002 -4.927812e-002 -5.173938e-001 4.432357e-002 
1.105274e+001 9.563522e+000 -3.843628e+000 4.502265e+000 -6.791479e+000 -1.990979e+000 -7.246763e+000 -4.964543e+000 2.213654e+000 -1.993362e-001 -3.927367e+000 -1.245947e+000 1.183582e-001 -5.073030e-001 -3.254440e-001 -1.715389e+000 -1.628800e-001 -3.591892e-001 -2.515379e+000 -2.027593e+000 1.030494e+000 -1.355537e+000 -1.630689e+000 -8.242823e-001 -1.236180e+000 -1.447223e-001 1.639896e-001 2.147946e-001 -5.760140e-001 1.265196e+000 1.040999e+000 6.100083e-001 6.583091e-001 -5.824618e-001 -1.043487e-001 -6.099047e-002 
1.966238e+001 4.188794e+000 -2.524045e+000 6.048812e+000 -4.900896e+000 -6.753616e-001 -3.359822e+000 -3.043906e+000 1.283538e+000 -2.001316e+000 -1.509065e+000 -1.126865e+000 5.217855e-001 -3.531518e-002 -1.075386e+000 -1.477469e+000 -6.096461e-001 1.408503e-001 -1.413735e+000 -9.047707e-002 3.631497e-001 -6.593835e-001 -1.016516e+000 -4.987007e-001 -1.256945e-001 -3.174400e-001 1.015469e-001 -2.666152e-001 2.946043e-001 2.866212e-001 8.221690e-002 2.079558e-001 -3.868722e-001 -1.602680e-001 -1.660865e-001 2.576414e-001 
1.534716e+001 3.047847e+000 -7.185447e+000 1.378721e+001 -7.311020e+000 3.584354e+000 -4.172280e+000 3.723592e-001 3.031040e+000 -2.330392e+000 -1.018580e+000 -4.857857e+000 -7.523301e-001 -2.395357e+000 -1.705957e+000 -1.006669e+000 1.426738e-001 -6.844091e-001 -2.083433e+000 1.143512e-002 -1.012473e-001 1.452828e-001 -1.777582e+000 -9.606079e-001 -2.078487e-001 4.703436e-001 2.017641e-001 -4.589134e-001 5.864397e-001 2.936877e-002 1.076741e-001 -5.506406e-002 1.645732e-001 -4.996817e-001 -5.913903e-001 -1.427089e-001 
1.626453e+001 -9.339394e-001 -7.961400e+000 1.147289e+001 -7.564550e+000 4.083588e+000 -1.748043e+000 1.826223e+000 3.041569e+000 -2.001022e+000 -2.102935e+000 -3.633732e+000 -4.818809e-002 -2.416141e+000 1.233341e-001 -1.050602e+000 -1.271313e+000 -1.149758e+000 -2.080856e+000 -7.223591e-001 -1.254054e+000 -7.483603e-001 -1.696757e+000 -4.207452e-001 -3.793017e-001 1.504912e-001 -1.632601e-001 -1.470485e-001 4.765994e-001 -2.745327e-001 3.075818e-001 -1.265088e-001 1.061382e-001 -7.818109e-001 -1.175400e-001 3.063139e-001 
1.748218e+001 -2.522849e+000 -8.318319e+000 1.023877e+001 -1.000557e+001 4.484086e+000 -3.849792e+000 2.558028e+000 1.815540e+000 -9.300239e-001 -2.459149e+000 -2.814559e+000 -1.125554e+000 -2.322983e+000 5.327797e-001 -1.365623e+000 3.321488e-001 -5.127201e-001 -9.264496e-001 -8.414281e-001 7.797079e-001 -5.074061e-001 3.071758e-001 -6.650952e-001 -6.802897e-001 1.669440e+000 -4.645751e-001 3.912685e-001 -4.258997e-001 9.826718e-002 1.384469e-001 -5.279060e-001 -3.323859e-001 -9.455470e-001 -1.238430e+000 1.254148e-001 
1.748084e+001 -3.171694e+000 -9.422451e+000 9.591724e+000 -1.112534e+001 3.590151e+000 -6.508015e+000 1.931453e+000 1.667999e+000 -1.285419e+000 -3.071490e+000 -2.179864e+000 -7.908845e-001 -2.233832e+000 6.606701e-001 -1.509708e+000 1.094907e+000 -4.459527e-001 -8.051046e-001 -5.455868e-001 3.898755e-001 3.094773e-001 3.526544e-001 -3.559469e-001 8.548705e-002 1.478133e+000 -1.818277e-001 5.041105e-001 -4.019803e-001 1.295452e-001 2.946760e-001 3.000755e-002 -4.286131e-001 -1.365090e+000 -8.220614e-001 1.840933e-001 
1.783446e+001 -3.395970e+000 -7.010883e+000 8.978014e+000 -1.033053e+001 4.123408e+000 -5.310329e+000 4.413124e-001 2.982040e+000 -1.340107e+000 -1.321899e+000 -3.733796e+000 -1.686339e+000 -2.395222e+000 1.638858e+000 -1.943247e+000 1.064724e+000 3.042363e-001 -1.526395e+000 9.872704e-001 3.403153e-001 1.029280e+000 1.816918e-002 4.184056e-002 4.917877e-001 1.484887e+000 4.285293e-001 8.966873e-001 9.571305e-003 -6.154467e-002 7.020622e-001 -2.002787e-001 5.146626e-001 -1.125098e+000 -7.522503e-001 -5.385248e-001 
1.714867e+001 -5.977029e+000 -6.231412e+000 8.153267e+000 -9.673887e+000 2.686559e+000 -3.946737e+000 -4.602573e-001 4.688602e+000 -1.002237e+000 -9.273654e-001 -3.323250e+000 -7.889794e-001 -2.014953e+000 9.093656e-001 -1.783199e+000 1.296102e+000 7.705893e-001 -1.492479e+000 1.970174e+000 -3.553596e-001 9.595806e-001 4.012304e-001 -4.863961e-002 5.008200e-001 3.364023e-001 2.559793e-002 2.801213e-001 3.122954e-001 9.537264e-002 5.395359e-001 -9.215137e-002 1.570241e-001 -1.116345e+000 -6.206708e-001 -1.147033e-001 
1.394182e+001 -1.237911e+000 -1.165059e+001 1.096382e+001 -1.283589e+001 5.248499e+000 -6.242645e+000 1.229347e+000 3.181684e+000 -1.559338e+000 -9.057416e-001 -3.129397e+000 2.932301e-001 -2.631834e+000 1.078474e+000 -2.720050e+000 5.912772e-001 -1.228867e+000 -1.417272e+000 1.567696e+000 -1.062840e+000 1.286084e+000 -1.159152e+000 -2.167755e-001 -3.350515e-001 6.748531e-001 -1.991289e-001 4.946962e-001 8.894286e-001 -1.374438e-001 9.912203e-001 -4.989573e-001 7.659388e-001 -1.375744e+000 1.376316e-003 -2.980295e-001 
1.107345e+001 -1.772425e+000 -1.162618e+001 8.794047e+000 -1.153124e+001 5.637338e+000 -6.444319e+000 1.122669e+000 2.276148e+000 -1.255067e+000 -4.150026e-001 -2.827213e+000 2.108469e-002 -3.161425e+000 1.227468e+000 -1.641707e+000 1.603869e+000 -7.089256e-001 -1.376381e+000 1.439745e+000 -7.105500e-001 1.440226e+000 -7.862555e-001 5.494440e-001 3.442831e-001 6.255171e-001 -1.753539e-001 3.064803e-001 6.510529e-001 -3.494957e-002 8.972216e-001 -5.311456e-001 6.100588e-001 -1.462093e+000 -3.961843e-001 -3.181487e-001 
1.065020e+001 1.083745e+000 -9.578942e+000 1.098079e+001 -1.164557e+001 5.672132e+000 -5.971972e+000 1.972531e+000 3.509040e+000 -1.764909e+000 -1.439250e+000 -3.159716e+000 1.872181e+000 -1.602733e+000 2.490815e+000 -1.987410e+000 1.835637e+000 -1.304339e+000 -1.097283e+000 1.776177e+000 -4.540629e-001 2.159849e+000 -1.350521e+000 5.553853e-001 -1.042479e+000 1.068561e+000 3.965942e-001 4.736519e-001 8.769144e-001 -1.662701e-001 9.295191e-001 -9.312588e-001 1.353990e+000 -1.651464e+000 -4.196417e-001 -1.064260e+000 
1.051761e+001 2.688280e+000 -8.266860e+000 1.085856e+001 -9.313214e+000 5.200084e+000 -4.357945e+000 1.953908e+000 3.939720e+000 -9.680113e-001 -3.441390e+000 -4.588093e+000 3.151438e-001 -2.199140e+000 1.622398e+000 -1.968559e+000 1.010717e+000 -1.736270e+000 -2.178423e+000 1.796242e+000 -4.922593e-001 8.059074e-001 -1.779900e+000 -5.191032e-001 -2.044593e-001 7.281382e-001 2.876392e-001 4.572481e-001 -5.072324e-001 -1.330669e+000 3.878026e-001 -3.504220e-001 1.370838e+000 -1.393807e+000 -1.167287e-001 -2.161734e-001 
8.014388e+000 4.732688e+000 -1.031569e+001 1.016983e+001 -8.016068e+000 5.432415e+000 -3.863397e+000 -9.443008e-003 3.190613e+000 -3.031963e+000 -3.191244e+000 -4.553857e+000 4.037570e-001 -2.386961e+000 9.507762e-001 -1.239360e+000 -2.451278e-001 -1.254715e+000 -1.904216e+000 1.789521e+000 -6.696395e-001 -4.353790e-004 -2.113774e+000 -1.318268e+000 -2.756558e-001 -5.371051e-001 3.984010e-001 6.333549e-001 2.974669e-001 -3.159731e-001 5.790119e-002 -4.360329e-001 1.071787e-001 -7.240732e-001 -9.805662e-002 -1.401040e-001 
6.843907e+000 9.593121e+000 -9.391819e+000 9.353702e+000 -8.549199e+000 3.247154e+000 -2.717755e+000 -1.881308e+000 3.448084e+000 -3.412916e+000 -3.369303e-001 -3.083430e+000 -2.107418e-001 -2.100044e+000 -3.982885e-001 -3.585570e-001 -8.354704e-001 5.432584e-001 -1.949804e+000 1.892051e+000 -6.820639e-001 -7.280861e-001 -1.310273e+000 -2.250165e+000 2.111248e-001 -1.020181e+000 4.349032e-001 2.428740e-001 9.197706e-001 8.287050e-001 -1.226487e-001 4.597071e-001 -3.373968e-001 3.555549e-001 -7.806930e-001 6.119083e-001 
6.274038e+000 9.751147e+000 -6.934251e+000 7.926123e+000 -7.593829e+000 1.376023e+000 -5.284112e+000 -3.449494e+000 3.584479e+000 -3.690311e+000 -2.121886e+000 -2.832470e+000 -2.728773e-001 -2.097919e+000 -8.849494e-001 8.530574e-002 -3.219457e-001 3.856858e-001 -2.730981e+000 -3.109955e-001 -2.057661e+000 -1.922474e+000 -8.150510e-001 -1.215931e+000 8.625827e-001 -1.095516e+000 -1.413516e-002 -1.520667e-001 1.782084e-001 6.578945e-001 3.606213e-001 9.022035e-001 -2.249205e-001 3.634695e-001 -3.156580e-001 7.673557e-001 
6.312851e+000 1.217472e+001 -6.320842e+000 9.208226e+000 -9.166345e+000 1.366844e+000 -5.733343e+000 -4.244069e+000 3.363118e+000 -4.228906e+000 -1.565209e+000 -3.263616e+000 2.817329e-001 -1.924875e+000 2.250862e-001 3.087195e-001 -1.111032e+000 -5.400903e-001 -3.394424e+000 3.875296e-001 -9.411488e-001 -1.594216e+000 -1.563751e+000 -1.800280e+000 8.333079e-001 -9.392030e-001 7.559917e-001 -1.208294e-001 -1.541498e-001 4.233145e-001 2.854044e-001 9.018979e-001 -7.153421e-002 7.222694e-001 -9.591705e-001 1.635557e-001 
7.399522e+000 1.290693e+001 -7.333175e+000 7.837129e+000 -8.503897e+000 2.490691e+000 -7.067282e+000 -4.721392e+000 3.338794e+000 -3.519693e+000 -1.757628e+000 -3.158917e+000 1.418963e+000 -2.452405e+000 -6.495104e-001 -8.253022e-002 -2.342282e-001 -3.603236e-002 -3.171900e+000 3.410357e-001 -5.865500e-001 -7.736823e-001 -1.398076e+000 -1.574128e+000 3.148620e-001 -2.353802e-001 8.706217e-001 7.589256e-002 4.771673e-002 7.744643e-001 2.436763e-001 2.465725e-001 1.988799e-001 4.067464e-001 -2.054305e-001 -4.658585e-002 
8.455032e+000 1.257752e+001 -7.076564e+000 7.904677e+000 -7.866955e+000 2.411190e+000 -6.661377e+000 -4.511138e+000 2.931635e+000 -2.083075e+000 -1.238160e+000 -1.932590e+000 1.209827e+000 -1.822874e+000 3.179628e-001 -7.302402e-001 -1.356975e-001 2.969646e-001 -2.891433e+000 -3.829993e-001 -1.231990e-001 -3.752323e-001 -1.666151e+000 -1.831530e+000 1.070177e-001 -9.989915e-002 7.202743e-001 2.793035e-001 3.722968e-001 5.115403e-001 6.819366e-001 4.087889e-001 4.002211e-001 4.421270e-001 -2.017938e-001 -2.457859e-002 
7.474607e+000 1.443413e+001 -7.638570e+000 7.725664e+000 -8.920512e+000 1.819741e+000 -7.545506e+000 -4.993690e+000 3.787089e+000 -3.057216e+000 -5.381433e-001 -2.092710e+000 6.879169e-001 -3.076775e+000 1.797884e-001 -7.393547e-001 3.349509e-001 8.099651e-001 -3.673444e+000 -5.102232e-001 -2.936262e-001 5.543081e-001 -1.358510e+000 -1.442629e+000 -6.181489e-002 2.036782e-001 8.741961e-001 -1.739072e-001 -9.775704e-002 5.699673e-001 1.344026e+000 2.610094e-002 6.449157e-001 -2.731191e-001 -5.231511e-001 9.030194e-002 
7.985512e+000 1.309355e+001 -6.541836e+000 7.853737e+000 -8.800366e+000 1.226008e+000 -7.957373e+000 -4.093429e+000 2.135600e+000 -1.406868e+000 -1.195078e+000 -1.624583e+000 5.302035e-001 -2.321734e+000 1.429413e-001 -1.683019e+000 1.152642e+000 2.091780e-001 -2.636964e+000 -1.001021e+000 1.089011e-001 -5.225569e-001 -1.642111e+000 -8.248464e-001 5.148520e-001 9.077639e-003 -4.998123e-001 -9.237084e-003 1.682679e-001 1.480028e+000 4.424554e-001 4.424598e-001 5.506987e-001 9.432613e-002 -9.668824e-001 9.641265e-002 
9.622332e+000 1.193944e+001 -5.899046e+000 7.039139e+000 -8.584724e+000 9.582914e-001 -8.263811e+000 -4.314290e+000 1.820587e+000 -4.826152e-002 -3.488243e+000 -2.184193e+000 -3.896336e-001 -7.380902e-001 5.622535e-001 -2.059988e+000 -2.521487e-001 -1.047210e+000 -2.614444e+000 -8.238712e-001 1.887952e+000 -1.648367e+000 -1.680278e+000 -1.828295e+000 2.597782e-001 -1.746160e-001 -9.776575e-002 1.219331e+000 -6.846090e-001 1.139844e+000 -1.061603e-001 8.948281e-001 2.462692e-002 3.783232e-001 -9.884915e-001 1.882491e-002 
1.029074e+001 1.255886e+001 -5.252095e+000 7.423169e+000 -8.021593e+000 9.421595e-001 -7.484563e+000 -4.506301e+000 2.350060e+000 -3.546202e-001 -2.508971e+000 -2.385486e+000 -8.869052e-002 -5.118166e-001 -1.653278e-001 -1.344229e+000 -1.428988e-001 -1.602647e-001 -1.742866e+000 -1.279220e+000 1.603826e+000 -8.625195e-001 -1.295179e+000 -1.142944e+000 6.905477e-001 2.389853e-002 1.509148e-001 9.652175e-001 -4.126112e-001 1.065678e+000 2.461063e-001 1.244681e+000 -2.837004e-001 5.445563e-002 -8.794691e-001 -1.374865e-001 
6.914996e+000 1.423354e+001 -7.500244e+000 8.817031e+000 -8.955572e+000 7.050029e-001 -7.211823e+000 -6.581697e+000 3.376262e+000 -2.160958e+000 -6.768079e-001 -3.129293e+000 8.390526e-001 -9.903426e-001 -2.499710e-001 -1.394989e+000 -9.822985e-001 8.229571e-001 -4.208573e+000 -7.042120e-001 1.073163e+000 -7.638857e-001 -1.914516e+000 -1.470809e+000 3.949830e-001 -1.168897e+000 3.425311e-001 4.079016e-001 3.612262e-001 7.267035e-001 7.535352e-001 7.728251e-001 -2.030431e-001 1.746101e-001 -9.108780e-001 6.427110e-001 
