5.832072 18.88688 -11.32513 2.404895 -4.468712 -0.6157498 -3.06024 -5.507053 -1.050281 -2.643039 -3.147703 -1.3901470000000002 1.366263 -3.5622180000000006 0.5862502000000002 -1.195627 -2.072775 0.6923728999999998 -0.3915434 0.39244730000000005 -0.9090810000000002 -0.17056279999999996 0.6453194 0.42530359999999995 0.8694585999999999 0.7264573 0.3841307 0.8656926 0.7869121000000001 -0.597541 0.29540079999999996 -0.3423904 0.07250972 0.9376287999999999 -0.3937552000000001 -0.1836772 
5.712823 16.38918 -10.23692 3.735197 -1.219996 0.29232490000000005 -3.2142559999999993 -5.464852999999999 -1.09073 -3.083971 -3.2903829999999994 -0.5764233 0.9639144999999998 -1.557418 1.076475 0.025594769999999996 -1.1877320000000002 0.08655968999999998 -1.3413319999999997 -0.7685345000000001 -1.096362 -1.3337260000000002 -0.1507574 0.7688987999999999 0.8912839999999999 0.002780491 -0.26214350000000003 0.7529722999999999 0.2047557 -0.46741380000000005 1.017626 0.19427590000000003 -0.24460529999999997 0.5092983000000001 -0.8206531999999999 -0.8347233000000001 
4.851439 16.596139999999995 -11.31255 4.992795 -1.2490939999999997 0.7502556 -2.688625 -4.023796 -1.047163 -3.536787 -1.202483 -0.5055151000000001 1.5062490000000002 -0.8134718000000001 0.6239936999999999 0.17912989999999998 -1.316851 -0.3392973000000001 -0.5095553 -0.1571195 -0.7994069 -0.0019999420000000006 -0.8657275999999998 0.2015985 0.6269378 -0.9699197999999998 0.3443755 0.6709747000000001 0.06765386 0.2646375 1.013181 0.2749546 -0.7222941 -0.20775610000000005 -0.37305160000000004 -0.36991789999999997 
6.560496 16.00824 -12.45261 5.3371509999999995 -0.9346452000000001 2.9718839999999997 -1.969377 -2.6204059999999996 0.006392758999999999 -2.424111 -1.214014 -2.281012 0.2645892 -1.5850810000000002 1.448176 -0.060134740000000006 -0.1673206 0.22172830000000004 0.6077310000000001 0.7136645 -0.7158851000000002 0.5719426 -1.159683 0.8023675 0.7682818 -0.05391295000000001 0.6079881 0.22744420000000004 -0.12923949999999998 -0.9507127999999999 0.8112686 0.22757589999999997 -0.6092553 0.007878685999999998 -0.1029276 -0.5631393 
5.070387 17.862529999999996 -9.924033 6.777603 -1.133706 1.759667 -1.9525419999999998 -3.2650280000000005 0.2536816 -3.4857699999999996 -1.162597 -1.0383060000000002 2.083871 0.1602179 1.8749920000000002 0.2593199 -1.1215659999999998 0.3206243 -0.20207259999999996 -0.18506660000000003 -0.8571831999999999 -1.0113140000000003 -1.262779 -0.1502341 0.23620510000000003 -0.5235305 0.9255401 0.18979450000000003 -0.49303119999999995 -0.9421371 0.3161369 0.21596290000000004 -0.1449859 0.7779160000000002 -0.07686265000000002 -0.1410935 
5.82933 15.320179999999997 -7.244241000000001 4.258392999999999 -0.1834022 -0.11477369999999999 -2.5403869999999995 -3.707462 -0.3623253000000001 -2.981029 -2.7431960000000006 -0.6455742 1.30368 0.7040303999999998 1.532476 1.463198 -1.230723 -0.2360266 0.2949716 -0.6609772 -0.5454803 -1.199714 -1.1930189999999998 0.22205539999999996 -0.14064469999999998 -0.5862067 1.2081420000000003 1.260624 -0.07345688 -0.15769 0.6544282 0.6503098 -0.29800730000000003 -0.37041920000000006 -0.44140209999999996 -0.8083177 
3.2170160000000005 17.61672 -9.298153999999998 5.778198 -0.5656096 -0.1104345 -3.1897729999999997 -4.109246 -1.080627 -2.233461 -2.2676319999999994 -2.213468 1.4147409999999998 -0.3836217 2.365921 0.641124 0.3108663 0.6944368 0.6688888 -1.078768 -1.6872679999999998 -0.24535179999999995 -1.7469529999999998 0.5397768 0.01731094 -0.3862709 0.3702009 0.8595207 -0.06973596 -0.1821195 0.9829521999999999 -0.25709889999999996 -0.6617128 -0.21504830000000003 0.6198083 -1.1296160000000002 
3.1075939999999997 15.690920000000002 -9.43891 2.176694 -1.410985 -0.7844540000000001 -3.2801429999999994 -3.6877409999999995 -0.8436563 -3.509269 -2.6666950000000003 -0.7538362000000001 0.09224390000000002 -0.0676227 0.9410594999999999 0.168392 -0.6322347 -0.5948251999999999 1.059482 -0.1259344 -1.114704 0.318732 -1.317411 -0.10508799999999999 0.01718909 -1.6313409999999995 0.46407670000000006 0.7014183999999999 -0.12200699999999999 -0.08067693 0.3288477 0.8214696000000001 -0.3376592 -0.4186603 0.16578099999999998 -1.4700190000000002 
0.34122679999999994 16.9515 -12.71101 2.1699610000000003 -2.067757 0.3139851 -2.9038399999999998 -4.325087 -1.045438 -4.646205000000001 -2.0174820000000007 -1.168643 2.220239 0.26329279999999994 1.4667600000000003 1.7193489999999998 0.2196893 0.6831475 0.1379403 0.45212500000000005 -0.8681003 -0.6864482 -1.034789 -0.04428335 0.07318415 -1.3524010000000002 1.002853 0.9128476 -0.3409231 -0.5249126 0.24502770000000001 0.6770385 -0.2926625 0.1813673 0.7695198999999999 -0.667014 
2.018725 14.909319999999997 -14.152339999999999 0.9834093 -1.16457 -0.7158239000000001 -1.952382 -3.3900809999999995 -1.8076589999999997 -3.785138 -2.027554 -1.9769249999999998 1.214967 -0.4918879 0.04074652 1.394552 -0.3309853 0.1227224 0.8444075 0.8107574 -0.3008365 0.10835249999999999 -0.39984790000000003 0.3222377 1.179074 -0.48964700000000005 1.110308 0.7868895 -0.1346068 0.20127920000000005 0.3005125 0.47541799999999995 -0.6475581 0.5924601000000002 0.7380674000000002 -0.310332 
6.806674999999999 16.82608 -14.776080000000004 0.9013776 -1.539372 -2.017498 -2.109603 -2.424602 -2.004925 -3.835638 -2.51217 -3.8189129999999993 0.45681489999999997 0.4111295 -0.8428709999999999 0.2365225 -0.43644790000000006 0.10106530000000001 0.6388435 1.0118539999999998 0.7129387 0.04415808999999999 -0.3447159000000001 0.7672366999999999 1.8130640000000002 -0.7460189 -0.3215358 0.236038 -0.31686339999999996 0.1104229 -0.18987 -0.5715560000000001 0.02900758 0.8618688 -0.08377758 -0.6587183 
8.752242 16.29384 -17.363869999999995 3.058809 -6.018555 -3.101412 0.7267219999999999 -2.7099590000000005 1.195959 -4.572447 -4.537054 -4.757676 0.5928462 1.329325 -0.7064304999999999 1.594379 -0.8502584999999999 -0.2055274 2.1738 2.095639 2.105789 1.3976380000000002 0.6708961000000001 -0.1173229 1.3454060000000003 0.10664430000000001 -0.6182081999999999 0.886297 -0.8977785000000001 -0.4945019999999999 0.10222280000000003 0.03214729 1.283056 1.197788 0.25888439999999996 -1.1584769999999998 
10.333910000000001 14.705970000000004 -16.288569999999996 2.2505969999999995 -5.438332000000001 -4.596741000000001 0.21710040000000003 -3.9828040000000007 1.293953 -2.064845 -5.024632 -3.311083 -2.576981 1.399463 0.5569059 -0.5287008000000001 0.8528897999999999 -0.1895506 1.8716989999999998 2.028117 0.9628876999999998 1.9083880000000002 -0.07426735 0.762036 1.6329460000000002 -1.615824 -0.6074489 0.3142417 -0.8810276000000001 -0.43664000000000003 -0.5881876 0.8385131 1.2525379999999997 0.37566960000000005 0.1952395 -1.639334 
12.678839999999997 13.359340000000001 -11.73317 2.8310509999999995 -5.142703 -6.735798000000001 -1.016135 -2.8046830000000003 1.8977850000000003 -0.7110371999999999 -3.8099020000000006 -2.993979 -4.095586 0.2958856 1.03943 -0.6968262999999999 1.641752 0.8290284000000001 0.919182 1.401318 0.8410158 1.3526360000000002 0.20094989999999996 0.7916806000000001 1.354262 -0.6364675000000001 -0.5740201000000001 -0.8071314000000002 -1.594524 -0.5716345 0.40632890000000005 1.0018390000000001 0.8268814999999999 0.3166864 -0.2426097 -1.05366 
10.101749999999997 15.798119999999999 -13.947689999999998 2.672554 -6.113369 -6.485362000000001 -0.29152969999999995 -3.0573760000000005 2.83732 -0.8140163000000002 -4.16395 -3.206474 -5.842394 -1.4996980000000002 0.42425520000000005 -0.4993523 2.3170889999999997 1.1256830000000002 1.2671270000000001 1.6570129999999996 -0.06996501 0.7401498000000001 0.8907055 0.8764117999999999 0.8077962999999999 -0.949771 -1.320749 -1.3754779999999998 -1.7830709999999999 -0.8216330000000001 0.34995410000000005 0.7028065999999998 0.8935531 1.294841 0.4759151 -0.8304826 
11.344260000000002 12.33252 -9.542316999999999 1.7904409999999997 -5.644737 -5.457633 -2.9779839999999997 -3.7622649999999997 2.593314 -1.4014190000000002 -4.91599 -2.7222359999999997 -2.7006489999999994 -1.141399 -0.15831529999999996 0.6112634999999998 1.485112 1.1157900000000003 2.03677 1.75967 0.29976320000000006 1.490594 2.0679510000000003 0.18287009999999998 0.15100460000000002 0.0891058 -0.9306678 -0.6386564999999998 -0.6885146999999999 -0.44921949999999994 0.40992289999999987 0.6757619000000001 0.6507442 0.6422673 0.3480539 -0.40397859999999997 
10.47486 14.257319999999996 -9.847032999999998 2.9079559999999995 -4.424567 -3.5434139999999994 -3.0747089999999995 -4.550169 2.456852 -1.4058849999999998 -4.846982 -2.77035 -1.162815 -0.4390744999999999 0.1290226 0.4692854 -0.1514481 1.01663 1.8227200000000001 2.61298 2.0159990000000003 0.6150302 1.7537090000000002 0.18036809999999998 -0.1337037 -0.0222842 -1.9202449999999998 -0.7130188 -0.8050264 -0.6519753 1.129516 0.8831803000000001 0.5164527 0.5201539999999999 -0.17604069999999997 -1.1237379999999997 
9.925489999999998 12.967510000000003 -10.11835 2.442921 -4.213752 -5.971681 -3.5995139999999997 -4.0258460000000005 1.492507 -0.7838792999999998 -4.808975 -2.9430270000000003 -1.1440409999999999 -1.447125 -0.1275904 0.5187232 -0.2651843 1.207399 1.325608 2.266287 2.514284 0.6686870000000001 1.8377479999999997 0.3613355999999999 -0.8919474999999999 -0.7929038999999999 -2.6873320000000005 -1.3438060000000003 -1.235352 -1.1228940000000003 1.6160270000000003 0.5548924 -0.1877166 0.7723392000000001 -0.17772239999999997 -0.57244 
8.395331 14.16927 -9.991077000000002 3.775648 -4.07734 -5.194786 -3.0277889999999994 -4.271886000000001 1.018658 -3.032294 -4.386335 -1.291002 -0.6108520999999999 -0.5890698 -1.3992039999999997 0.16797379999999998 -0.24639579999999997 0.04210312 2.1879519999999997 1.8571139999999997 3.13865 2.030044 1.186978 1.2642489999999997 -1.4537119999999997 -1.6072369999999998 -1.995476 -1.669055 -0.5525228000000001 -0.8151884000000001 1.839157 1.3922609999999997 -0.11326769999999999 0.7977366000000001 -0.8177179 -0.9372907999999998 
10.00555 13.988249999999997 -8.600553 2.664149 -4.087277 -4.113976999999999 -4.186858999999999 -3.9748629999999996 2.9589439999999994 -2.099416 -4.176384 -1.7900139999999998 -0.7545859000000001 -0.056450280000000005 -0.7168145 1.5790609999999998 0.2943299 0.05368379 2.80845 2.07865 3.3031569999999997 1.8028960000000003 0.6791869999999999 1.4394989999999999 -1.274732 -1.136419 -1.4969020000000002 -1.9037559999999998 -0.6707335 -0.9424460000000001 1.5750650000000002 1.2092849999999997 -0.42508219999999997 0.7622571000000001 -0.5997813 -0.9003845000000001 
14.95997 15.918180000000003 -4.425636 2.784568 -1.3419089999999998 -2.1835729999999995 -1.7088800000000002 -2.6334839999999997 0.9597165 -1.7522470000000003 -3.3547000000000002 -0.9337470999999999 0.433128 -0.5982260999999999 -1.430849 0.7595998 -0.3914434 -0.6254391999999999 1.3646899999999997 0.38665 0.9967533 0.4814052000000001 0.2511324 1.345654 -0.6611256 -0.9774879 -0.9250290999999999 -0.6238549 0.46871129999999994 -0.14894680000000002 1.051715 0.6461556 -0.5767538 0.41153789999999996 -0.6596121 -1.037022 
8.840643 17.84517 -8.663094 0.20552039999999996 -3.1980709999999997 -0.5167885 -1.5567410000000002 -4.716343000000001 -1.151918 -2.5683089999999997 -3.5001880000000005 0.4266074 0.8601251999999999 -2.76455 -0.11138289999999998 -0.1957517 -1.5705849999999997 0.4540632000000001 0.1735125 0.2753225000000001 -0.8260342000000003 -0.06899797 1.8380600000000002 1.249676 0.6827889999999999 0.1814699 0.40588649999999993 1.1836909999999998 0.8405921000000001 -0.7245776 -0.1423706 0.19914009999999996 -0.1288349 0.7449529000000001 -0.40101029999999993 -0.2317076 
4.459582 19.15152 -13.33574 4.310161 -2.9251049999999994 0.42525799999999997 -1.447497 -6.869616 -0.08080574 -4.804448 -3.143015 -1.095046 1.5319210000000003 -0.7120528999999999 0.7129884999999999 -0.7332937 -2.237876 -0.32724 -0.7579802 0.3165623 -0.6283078 -0.33911850000000004 -0.3362763 0.1098443 0.09407319000000001 -0.3021684 0.9901562000000002 0.7634306 0.6788732 -0.7666256000000001 0.07386809 0.4050628 -0.32001189999999996 0.7918211 -0.1989575 -0.4590698999999999 
4.887768 16.84778 -11.434740000000001 3.982537 -1.935364 0.9798437 -2.4847630000000005 -4.990364 -0.8697583 -4.328529 -2.7887659999999994 -2.03566 1.063521 0.46695319999999996 0.8670625999999999 0.2652798 -1.203199 -0.20410419999999999 -0.8349222000000001 -0.2715832 -0.09260445 -0.6861253 -0.8485053999999999 0.39405400000000007 1.237934 -0.10954759999999998 0.40831980000000007 0.7203517 -0.36523560000000005 -0.1434913 0.37906750000000006 -0.02233183 -0.12327310000000001 0.18670450000000002 -0.5634081000000001 -0.7212103 
5.528927000000001 15.14515 -12.01311 5.176051 -1.987819 2.9383550000000005 -1.01428 -2.091238 0.10007389999999997 -2.9063240000000006 -1.446327 -2.472923 1.250693 -1.473931 0.9804747000000001 -0.2268679 -0.4109319 0.19529979999999997 0.007708981000000002 0.7880894 0.46925790000000006 0.597782 -1.1509219999999998 0.5361952 0.2835714999999999 -0.2328949 0.3376077 0.11836820000000002 -0.5925908 -1.4688490000000003 0.9627627 0.1677324 -0.20776060000000002 0.48218590000000006 -0.006570736 -0.2563632 
5.288733 17.90221 -10.63077 6.260624999999999 -2.361186 1.7301040000000003 -2.056001 -3.0828589999999996 0.8190099000000001 -3.0081750000000005 -0.9726815000000001 -2.1510719999999997 2.051976 0.5796164 2.206785 0.6208256 -0.7581055 0.1346533 -0.04867395000000001 0.49204349999999997 -0.4160167000000001 -1.075207 -1.661004 1.174454 0.23072249999999997 -0.5887769 0.3556131 -0.09377234 -0.34123 -1.537654 -0.21886570000000002 -0.01874004 -0.0014290410000000003 0.7307300999999999 -0.021088 -0.6296414 
5.7587839999999995 18.37284 -10.17763 5.007162 -1.6010279999999997 1.553598 -1.7740189999999996 -3.8753190000000006 0.060329970000000004 -3.4181519999999996 -1.321066 -1.095083 1.7522559999999996 0.17187250000000004 0.9128977000000001 1.7303999999999997 -0.46244409999999997 -0.0218777 -0.5122744 -0.7433851999999999 -0.9875398999999999 -1.2427460000000001 -1.146616 0.43763089999999993 0.5967942 -0.2507199 0.8488463 0.3516192 0.1543147 0.02635687 0.3926771 0.5309011999999999 -0.4731429 0.37757180000000007 -0.3585208999999999 -0.8127227 
6.368157 17.08677 -9.052372 4.103234 -0.6438103000000001 0.08446047 -2.6225039999999997 -2.9921639999999994 -0.5990758 -3.4344110000000003 -3.249102999999999 -1.1994 1.075863 -0.1435367 1.301393 1.296252 0.30476070000000005 0.3728638000000001 0.7629285 -0.6996668 -0.9091265000000001 -0.3885424 -1.5867780000000002 -0.05847286000000001 0.2261308 0.2606784 0.7090699000000001 0.4882635 0.08832759 -0.5831992 0.6606499 0.2359224 -0.9694785 -0.11877499999999999 0.17826070000000002 -1.232537 
1.43907 16.329800000000002 -10.27324 3.206273 -2.411208 -0.7788535000000001 -3.945632 -4.584315 -0.4342459 -3.4425719999999993 -2.819713 -0.19670999999999997 1.28244 -1.106123 0.4252793000000001 0.05370802000000001 0.7006626000000001 0.1616949 0.18429659999999998 -0.7329325999999999 -0.8167079 0.39026350000000004 -1.1627600000000002 0.9554888000000001 0.9338648999999999 0.05502093000000001 0.9010135000000001 0.01693383 -0.2514859 -0.047176 1.3418069999999997 1.0752050000000002 -0.6869389999999999 -0.2233725 0.9050181000000002 -0.8974598 
1.9077979999999999 15.414379999999998 -11.02767 1.615461 -0.932125 -0.8539376 -3.1691980000000006 -4.572126 -1.5270480000000002 -3.1031389999999996 -2.511332 -1.01218 0.591189 0.023206200000000003 2.094345 1.6179850000000005 -0.36184359999999993 -0.09188512000000001 0.49273500000000003 -0.35055939999999997 -1.1836719999999998 -0.1760305 -0.9434363 0.2078434 0.6163004 -1.0373149999999998 0.03834790999999999 -0.5585193 -0.7411915000000001 0.20215059999999999 0.7200724999999999 0.637023 -0.45691680000000007 0.08668671 0.12075380000000001 -0.6805146999999999 
2.044602 15.096090000000002 -12.79481 1.6340179999999997 -0.6054097 -0.7368316999999999 -2.376038 -4.689066 -2.517101 -4.003559 -2.403775 -0.7331732 1.010324 -0.8153670000000001 0.5220405 1.306284 -1.6731289999999999 -0.006668261000000001 1.7156459999999998 0.40104510000000004 -0.7611806999999999 0.49238850000000006 0.6017076 0.283388 0.7764588000000001 -0.1579123 0.3741227 -0.15901030000000002 0.01326015 0.9550614 0.1167235 -0.07199 -0.11104270000000002 0.3227400999999999 0.23208849999999998 -0.7588895 
4.073796000000001 17.560689999999997 -16.0489 0.9574111 -2.5183940000000002 -1.9163010000000003 -1.2087889999999997 -4.275113 -1.2311890000000003 -3.2229789999999996 -1.8069729999999997 -2.471402 0.8074766000000001 -0.014682509999999998 -1.552097 0.2753211 -0.5677668000000001 0.1290886 0.005947638999999999 0.1466949 0.3543067 -0.6318772 0.03220836999999999 1.881 1.6189540000000002 -0.6185214 0.20710169999999997 0.8778420000000001 -0.5816077000000001 0.012795550000000001 -0.0931479 -0.18646659999999998 0.18740399999999996 0.7221463000000001 0.3334609 -1.0951769999999998 
9.832375999999998 14.346059999999998 -15.206140000000001 1.570038 -5.245242 -3.486522999999999 0.24934499999999998 -2.508696 -0.5156648 -3.4015689999999994 -4.255240999999999 -4.061776000000001 0.6286946000000001 1.917745 -0.7326686000000001 0.8039889000000001 -0.469776 -0.1571198 0.9318445000000002 0.8057290999999999 1.8009199999999999 0.8003910000000001 -0.15215519999999996 -0.1742002 1.164747 0.1566641 -0.277132 1.3522750000000001 -0.5863250999999999 -0.4457092999999999 0.09361611000000002 -0.3331804 0.6341793 0.42410570000000003 -0.2536979 -1.6254670000000002 
7.387065999999999 17.71634 -18.540050000000004 2.881591 -6.352004 -3.623448 1.589385 -4.107453 2.880201 -3.826188000000001 -3.671984000000001 -3.8277220000000005 -1.274406 2.341072 -0.5554763 0.006899258999999999 -0.6083730000000002 0.23133010000000004 1.6026039999999997 1.5955840000000001 1.6717060000000001 1.209287 0.38081219999999993 0.41451180000000004 1.296894 -1.456423 -1.170619 0.9936499999999999 -0.9046776000000001 -0.8117171 -0.6923412 0.2859825 1.7721099999999999 0.10331809999999998 0.06833928 -1.5904659999999997 
11.654489999999997 14.145830000000002 -13.372 2.6733660000000006 -5.367964999999999 -5.991928000000001 0.2850244 -2.4927950000000005 1.4837849999999997 -1.8481120000000002 -4.497320000000001 -2.447618 -3.3589680000000004 0.3754097 0.6850011 -1.116233 0.9667253000000001 0.6429852 1.7102919999999995 1.40385 -0.09334638 0.6788099 0.03221399 1.458833 1.7037549999999997 -1.471935 -0.8074903999999999 -0.16690699999999997 -1.128222 -0.5111245000000001 0.1659513 0.891851 0.8418414 0.32230809999999993 -0.18522529999999998 -1.1895679999999997 
9.91501 15.202979999999998 -13.303979999999997 3.0916950000000005 -7.456676000000001 -7.627805000000001 -0.8021529000000001 -2.982931 2.8956009999999996 -1.018351 -3.74586 -1.346431 -4.153237 -0.7395693000000001 1.049317 -0.03407770999999999 3.001557 1.7531979999999998 1.057562 0.8740768 -0.5108444 1.095366 1.207431 1.0162630000000001 0.913779 -1.194492 -0.8092464 -0.7010031999999999 -1.6575369999999998 -0.8688097 -0.07329869 0.3028357 0.3651526 0.48721529999999996 0.09571302000000001 -1.203686 
10.49557 14.15517 -9.894340999999999 2.374191 -5.387171000000001 -5.261575 -1.780436 -3.6045249999999998 3.1664579999999996 -0.08864894 -4.187857 -2.5499119999999995 -3.6111940000000002 -1.315841 0.0690655 0.21894480000000002 2.026544 0.8125115999999999 1.052312 1.545058 0.2554642 1.249055 1.3498219999999999 0.17292299999999997 0.23871590000000004 -0.9101828999999999 -1.546661 -0.9999529000000001 -1.18309 -0.7494563999999999 0.22888109999999998 0.46821130000000005 0.1871096 0.6680177 0.7481951999999998 -0.5428278999999999 
9.0985 16.10355 -12.505390000000002 3.8541610000000004 -5.623502000000001 -3.0967069999999994 -2.625523 -4.171702 3.09455 -1.905519 -3.5144799999999994 -2.570267 -1.144946 -0.7442872 -0.7009325999999999 0.7825274000000001 0.192202 1.6870170000000004 1.9702509999999998 1.8277540000000003 1.9103999999999997 0.8409706999999998 2.441772 -0.18805230000000003 -0.7047722 -0.02522431 -2.341493 -1.015811 -1.1668649999999998 -0.9856531999999999 0.839226 0.7068216 0.6559616999999999 0.4444776 0.06747829 -0.9662199000000002 
6.8954200000000005 16.21705 -14.0809 3.853445999999999 -4.849186 -4.873949 -2.6185429999999994 -4.852466 1.444083 -2.360433 -4.441046 -2.559016 -0.1456554 -0.9109429000000001 -0.1689227 0.01568706 -1.3166899999999997 1.9034169999999997 1.21085 2.362154 2.699316 0.2858019 2.3534639999999993 -0.8101626 -0.7992894 -0.29824919999999994 -3.159247 -1.01215 -1.9537599999999995 -0.7355710000000001 1.6193039999999999 0.3713354 0.3269472 -0.08982347 -0.1866913 -1.052174 
5.820011999999999 19.98569 -13.87186 6.065843 -5.476574 -5.019222 -2.019402 -6.618522999999998 3.4550820000000004 -3.302418 -2.7824260000000005 -2.387806 -1.5759089999999998 -0.3676561 -1.219825 1.7128030000000005 -1.067071 0.9076899000000002 1.7713160000000001 1.457056 2.9375749999999994 -0.06992644000000002 1.9363270000000001 0.5976531 -0.5729926 -0.1653793 -2.244285 -0.06705002 -0.9508390000000001 -0.5065508 1.5032130000000001 0.38482299999999997 0.3316389 0.0249106 0.1775506 -1.057479 
9.588384 13.923640000000002 -11.02836 2.365058 -5.120085 -4.025916 -3.93582 -4.892254 2.117367 -2.9701899999999997 -3.701027 -1.4380120000000003 -0.9906232 -0.20757840000000002 -1.408619 1.5448140000000001 0.4390055 -0.2968032 2.8311880000000005 1.9270359999999997 3.013721 1.7946640000000005 0.7362756 1.6921719999999998 -0.947863 -1.334384 -1.6810879999999995 -1.478472 -0.4711086 -0.8703499 1.5987600000000002 0.9254363999999999 -0.2787852 1.016904 -0.7573532 -0.9378127999999999 
