-2.442117e+000 1.271414e+001 2.362416e+000 1.890051e+000 1.496061e+000 -6.020639e-001 -3.772825e-001 1.321060e+000 9.169629e-001 -6.670695e-001 -5.453665e-001 9.031826e-003 
-5.064684e+000 1.384679e+001 2.463002e+000 1.457049e+000 1.122569e+000 -1.296801e+000 -1.004620e+000 1.620494e+000 1.669308e+000 -6.999857e-001 -1.073088e+000 2.143266e-001 
-4.961410e+000 1.365923e+001 2.549836e+000 9.696093e-001 1.195453e+000 -9.396574e-001 -7.622082e-001 1.380733e+000 1.219399e+000 -7.641064e-001 -7.535325e-001 2.525610e-001 
-5.138465e+000 1.238613e+001 3.417471e+000 1.418743e+000 6.657104e-001 -9.373324e-001 -5.655679e-001 1.099270e+000 9.945008e-001 -6.235019e-001 -7.947382e-001 1.162989e-001 
-6.976246e+000 1.408421e+001 3.415760e+000 1.547952e+000 1.059479e+000 -8.927704e-001 -5.794147e-001 8.214539e-001 1.155594e+000 -7.384681e-001 -5.766840e-001 -4.356212e-002 
-6.767894e+000 1.400116e+001 3.267329e+000 1.323383e+000 1.200936e+000 -1.016271e+000 -2.837471e-001 8.897260e-001 7.178462e-001 -8.307351e-001 -3.737694e-001 2.518417e-001 
-6.962855e+000 1.399625e+001 2.979107e+000 1.538240e+000 2.300500e+000 -9.666283e-001 -1.292168e+000 1.205247e+000 1.151684e+000 -8.117028e-001 -9.094762e-001 4.736574e-001 
-5.851007e+000 1.403594e+001 2.565436e+000 2.240635e+000 1.393845e+000 -1.758897e+000 -4.145875e-001 1.593011e+000 8.704120e-001 -6.089890e-001 -2.443253e-001 -1.241595e-001 
-1.095863e+000 1.165899e+001 2.059930e+000 3.994344e+000 1.800603e+000 -1.430019e+000 -2.247812e-001 4.586135e-001 -1.170195e-002 4.918305e-001 5.545406e-001 8.830162e-002 
-7.662381e-001 1.371887e+001 1.133582e+000 3.971309e+000 1.518756e+000 -1.176112e+000 -5.085638e-001 2.156998e-001 6.294918e-001 3.640070e-001 5.048670e-001 4.265034e-001 
1.895481e+000 1.463408e+001 4.144114e-001 3.802391e+000 1.003731e+000 -1.232017e+000 -3.960242e-001 4.801331e-002 4.189034e-001 4.804332e-001 1.185908e-001 5.071160e-001 
1.177478e+001 6.869485e+000 2.283537e+000 1.301965e+000 3.386817e-001 -1.116888e-001 1.394141e-002 7.136672e-002 7.000289e-003 -7.979007e-002 -2.628632e-002 5.252950e-002 
1.298505e+000 9.394481e+000 3.103046e+000 1.918904e+000 9.606778e-001 -1.017162e-001 8.894412e-002 8.582645e-001 5.491828e-001 -4.391250e-001 -4.755829e-001 2.496925e-002 
-3.385124e+000 1.218304e+001 2.948752e+000 1.489851e+000 8.164889e-001 -1.065358e+000 -6.638008e-001 1.468507e+000 1.364182e+000 -6.010659e-001 -8.612276e-001 6.048914e-002 
-5.788145e+000 1.432316e+001 2.429129e+000 1.034990e+000 1.322158e+000 -1.117567e+000 -8.800271e-001 1.425433e+000 1.478619e+000 -7.711405e-001 -7.965621e-001 1.833883e-001 
-6.976850e+000 1.415827e+001 2.929271e+000 1.174569e+000 8.091812e-001 -1.162204e+000 -4.705340e-001 1.153484e+000 1.050609e+000 -7.311817e-001 -8.475450e-001 2.773123e-001 
-6.354027e+000 1.325862e+001 3.517571e+000 1.542605e+000 1.083001e+000 -7.108433e-001 -6.497547e-001 9.193568e-001 1.166721e+000 -6.705848e-001 -7.126223e-001 -6.342710e-002 
-7.159159e+000 1.360598e+001 3.425767e+000 1.640912e+000 1.243542e+000 -1.024767e+000 -4.959301e-001 8.997199e-001 8.913046e-001 -6.564555e-001 -3.513112e-001 2.357854e-002 
-7.212567e+000 1.413038e+001 2.990439e+000 1.481699e+000 2.008908e+000 -1.005069e+000 -1.190660e+000 1.023594e+000 1.306297e+000 -9.282961e-001 -8.324107e-001 2.863767e-001 
-4.895691e+000 1.262251e+001 3.309441e+000 1.997711e+000 1.371929e+000 -9.943096e-001 -8.292194e-001 1.065221e+000 1.054341e+000 -6.464523e-001 -4.602152e-001 3.292682e-001 
-1.673694e+000 1.155281e+001 2.026951e+000 3.909841e+000 1.789183e+000 -1.622033e+000 -1.799002e-001 6.835736e-001 -3.521779e-002 3.050249e-001 5.679028e-001 -4.844956e-002 
-9.081774e-001 1.283684e+001 1.709537e+000 3.920358e+000 1.815712e+000 -1.221666e+000 -5.788151e-001 1.492284e-001 3.895008e-001 4.654859e-001 6.701277e-001 6.084813e-001 
1.971503e+000 1.397001e+001 8.868827e-001 3.420690e+000 1.290125e+000 -1.390014e+000 -3.874553e-001 1.341799e-001 4.638605e-001 4.108884e-001 2.154488e-001 4.513262e-001 
