7.530454e+000 9.686988e+000 -2.211621e+000 2.817368e+000 -3.134125e-001 6.051850e-001 -1.488481e+000 1.548145e+000 3.155481e-001 -4.147314e-001 -4.912448e-001 -3.109224e-001 
1.049891e+001 8.590642e+000 -2.805261e+000 4.018655e+000 -6.251015e-001 -3.170917e-001 -3.053352e+000 1.492648e+000 3.957177e-001 -4.623418e-001 -3.859026e-001 -2.736541e-001 
1.021817e+001 1.020242e+001 -3.844107e+000 3.035664e+000 -2.990789e-001 -9.934831e-002 -2.531122e+000 2.152265e+000 -1.135628e-001 -6.612584e-001 -6.340067e-001 9.392563e-002 
8.396272e+000 9.987960e+000 -2.661859e+000 2.379986e+000 -5.991754e-001 5.345041e-001 -1.726726e+000 2.079254e+000 8.816389e-002 -6.469926e-001 -6.199404e-001 1.715132e-001 
9.967340e+000 1.024525e+001 -2.524593e+000 3.575000e+000 -2.414600e-001 3.045093e-001 -2.422292e+000 1.525917e+000 -6.217348e-002 -6.956286e-001 -4.841425e-001 -3.208377e-002 
9.560503e+000 1.109862e+001 -1.956863e+000 3.168687e+000 5.004510e-001 -2.386079e-001 -2.105501e+000 1.537284e+000 -1.593803e-001 -5.442265e-001 -7.039828e-001 -1.731523e-001 
8.769777e+000 9.569188e+000 -1.440524e+000 3.463338e+000 -1.400554e-001 -9.817069e-002 -2.348345e+000 1.893832e+000 1.863506e-001 -1.177824e-001 -9.289477e-001 -2.241636e-001 
6.753151e+000 8.172215e+000 -2.356402e+000 2.861141e+000 -2.201832e-001 3.270462e-001 -1.545006e+000 1.926152e+000 1.017607e+000 -7.313062e-002 -6.305336e-001 -2.512938e-001 
5.714440e+000 1.003481e+001 -2.206838e+000 2.483735e+000 -7.603127e-001 2.835218e-001 -1.726279e+000 2.238052e+000 3.390785e-001 -8.495495e-001 -2.479878e-002 -4.265943e-001 
4.955096e+000 1.063293e+001 -2.507272e+000 3.593761e+000 -4.729003e-001 6.511316e-001 -2.367025e+000 2.243162e+000 2.324406e-002 -7.378775e-001 8.507639e-002 -1.453588e-001 
5.357318e+000 1.010436e+001 -2.500524e+000 1.700315e+000 -2.167192e-001 6.013993e-001 -5.936797e-001 2.201468e+000 4.142399e-001 -5.978764e-001 1.657047e-001 1.181517e-001 
8.723779e+000 7.196385e+000 -3.668068e-001 9.004069e-001 8.762053e-001 -5.548887e-001 -3.179627e-001 1.180052e+000 3.471780e-001 -8.184629e-001 -2.468435e-001 1.329249e-001 
7.288965e+000 8.641608e+000 -1.818185e+000 2.853205e+000 2.335065e-001 -2.435659e-001 -1.373927e+000 1.749384e+000 1.509814e-001 -7.237857e-001 -3.693386e-001 -2.591972e-001 
9.908600e+000 7.756374e+000 -2.387017e+000 3.641841e+000 -4.829422e-001 -3.290648e-002 -2.763566e+000 1.584254e+000 4.033555e-001 -1.065925e-001 -9.988018e-002 -6.453880e-002 
1.036444e+001 1.032827e+001 -3.304846e+000 4.014339e+000 -2.667853e-002 -6.803876e-001 -3.036647e+000 1.942953e+000 8.670491e-002 -2.544782e-001 -4.425534e-001 -1.023902e-001 
7.980440e+000 9.323530e+000 -3.171784e+000 2.668537e+000 -5.276166e-001 3.620583e-001 -2.415181e+000 2.351709e+000 2.693670e-001 -2.297915e-001 -4.186285e-001 -2.214545e-001 
8.955409e+000 8.521017e+000 -2.573231e+000 3.432425e+000 -7.620965e-002 -3.385578e-001 -2.550655e+000 1.594782e+000 6.271131e-001 -5.099811e-001 -5.742468e-001 -3.048098e-001 
8.993119e+000 1.036772e+001 -2.726587e+000 3.659205e+000 7.356398e-001 -7.177321e-001 -2.686586e+000 1.595817e+000 -4.480528e-002 -4.016711e-001 -1.156616e-001 -3.574595e-001 
8.602528e+000 9.715249e+000 -1.496481e+000 3.525883e+000 4.130672e-001 6.497203e-002 -2.459780e+000 1.446568e+000 9.620525e-002 -3.822665e-001 -7.328409e-001 -4.742814e-004 
7.294460e+000 8.991938e+000 -1.481690e+000 3.421847e+000 -1.109047e-001 3.316998e-001 -2.030121e+000 1.318999e+000 2.391097e-002 -3.549744e-001 -3.582868e-001 2.416102e-002 
6.357857e+000 9.228805e+000 -1.961994e+000 3.275847e+000 2.170355e-001 -1.098655e-001 -1.939366e+000 1.651062e+000 1.211364e-001 -6.046306e-001 2.659415e-001 -1.465424e-002 
5.290322e+000 1.026772e+001 -3.111111e+000 2.821252e+000 -2.777153e-001 2.839982e-001 -1.412289e+000 2.471902e+000 4.585730e-002 -3.039635e-001 1.641617e-001 -2.368226e-001 
4.887533e+000 1.019458e+001 -2.655235e+000 2.603996e+000 -3.551569e-001 3.832531e-001 -1.585524e+000 1.910570e+000 -4.647471e-002 -2.480708e-001 8.657650e-003 -3.301884e-001 
