1.467970e+001 8.727206e+000 -2.490012e+000 9.723281e-002 -1.400658e-001 -8.764696e-001 -2.489657e+000 -3.483166e-001 6.060879e-001 -1.744151e+000 -5.245582e-001 8.062869e-001 
1.265691e+001 8.904277e+000 -1.478594e+000 2.171432e-001 -7.000561e-002 -4.178576e-001 -2.193725e+000 2.320150e-002 6.887698e-001 -1.150001e+000 -4.837994e-001 1.161794e+000 
1.056596e+001 9.646746e+000 -2.358740e+000 3.661025e-001 -1.186642e+000 9.506297e-001 -1.354558e+000 -7.876159e-002 -9.024985e-002 -9.694648e-001 -2.677566e-001 7.758528e-001 
8.772293e+000 9.108579e+000 -2.743210e+000 9.738863e-001 -1.618244e-001 1.712940e+000 -9.226385e-001 5.724143e-001 -2.179035e-001 -7.743706e-001 -7.111746e-001 8.618104e-001 
7.727381e+000 9.374434e+000 -3.062981e+000 9.455758e-001 9.276348e-001 2.025006e+000 -9.825040e-001 1.214268e+000 4.342380e-002 -9.702080e-001 -1.218983e+000 6.384291e-001 
7.756291e+000 9.320379e+000 -2.630726e+000 1.817954e+000 -6.651303e-002 2.598131e+000 -6.979883e-001 1.082991e+000 -3.492221e-001 -5.409147e-001 -1.370931e+000 9.443841e-001 
7.979694e+000 9.995571e+000 -1.787444e+000 1.728472e+000 1.335419e-001 9.974957e-001 -1.009095e+000 5.335430e-001 -1.392567e-002 -5.001240e-001 -8.245656e-001 9.867269e-001 
7.244152e+000 1.006011e+001 -2.106956e+000 9.932647e-001 5.021590e-002 2.397607e+000 -4.830836e-001 1.155270e+000 -1.053302e-001 -7.760100e-001 -1.420172e+000 6.450717e-001 
8.340687e+000 1.076069e+001 -2.194953e+000 1.058043e+000 3.358844e-001 1.328190e+000 -8.827264e-001 2.246950e-001 -6.737082e-002 -5.825315e-001 -9.350508e-001 8.867849e-001 
7.414343e+000 1.115400e+001 -3.043890e+000 1.048544e+000 9.375465e-002 1.702983e+000 -1.422903e+000 2.300716e-001 -2.565527e-001 -6.433021e-001 -4.223419e-001 9.681528e-001 
7.527198e+000 1.020247e+001 -3.178122e+000 4.824202e-001 3.670043e-001 2.518338e+000 -1.407333e+000 1.059910e+000 6.411422e-002 -6.970927e-001 -6.095917e-001 8.765996e-001 
1.260696e+001 9.114878e+000 -2.270942e+000 4.241171e-001 6.131778e-001 -9.264270e-001 -1.843998e+000 7.435523e-001 1.456088e+000 -8.993895e-001 -7.326046e-001 5.937731e-001 
1.443921e+001 8.003486e+000 -2.499168e+000 5.606232e-001 -1.901699e-001 -1.467349e+000 -3.131897e+000 -1.726601e-001 1.304090e+000 -1.545738e+000 -1.005380e+000 3.092334e-001 
1.259284e+001 8.241402e+000 -2.253923e+000 -6.258425e-001 2.488158e-001 -4.386602e-001 -2.710862e+000 -3.328812e-001 6.002404e-001 -1.376304e+000 -5.588396e-001 1.319555e+000 
9.745911e+000 8.868126e+000 -3.009213e+000 1.127434e+000 -8.169650e-001 7.341552e-001 -2.070834e+000 5.832247e-002 3.932662e-001 -7.096633e-001 -5.732676e-001 5.187761e-001 
9.319931e+000 9.770837e+000 -2.686403e+000 1.083555e+000 -4.104014e-001 1.092634e+000 -1.435027e+000 3.192100e-001 -1.391855e-001 -6.803223e-001 -7.983713e-001 8.434889e-001 
8.121983e+000 9.160000e+000 -2.531988e+000 9.152581e-001 2.612886e-001 2.322671e+000 -9.320193e-001 9.352627e-001 -4.034777e-001 -6.499393e-001 -1.310019e+000 6.528180e-001 
8.286850e+000 9.502444e+000 -2.256784e+000 1.737383e+000 3.998474e-002 2.021028e+000 -1.497151e+000 7.779513e-001 -2.534264e-001 -8.654124e-001 -9.426685e-001 1.268229e+000 
9.118872e+000 1.034121e+001 -2.185282e+000 1.149338e+000 -5.876745e-001 9.339098e-001 -1.174269e+000 5.143652e-001 -3.931848e-001 -6.253253e-001 -1.011498e+000 8.704197e-001 
8.438723e+000 1.092931e+001 -1.890469e+000 1.250682e+000 -7.593833e-001 1.092217e+000 -1.455196e+000 6.735762e-001 -8.974395e-002 -6.276777e-001 -1.359531e+000 8.617726e-001 
6.891881e+000 1.019624e+001 -3.021662e+000 1.869618e+000 -2.877108e-001 2.135187e+000 -8.685917e-001 8.378928e-001 -3.397227e-001 -2.568008e-001 -1.280042e+000 8.429998e-001 
6.766081e+000 1.075361e+001 -2.447938e+000 1.571977e+000 -5.458753e-001 1.970749e+000 -1.153152e+000 3.793807e-001 -2.061825e-002 -3.752393e-001 -4.518067e-001 3.600497e-001 
7.135481e+000 1.083525e+001 -2.569059e+000 1.630935e+000 1.791616e-001 2.838699e+000 -1.216428e+000 5.263745e-001 1.536412e-001 -4.139052e-001 -7.643681e-001 3.745524e-001 
