7.571379e+000 1.057286e+001 -3.553183e+000 2.448299e+000 -6.315103e-001 3.560278e+000 -3.672924e+000 1.403347e+000 -5.911152e+000 -1.262310e+000 -3.096408e+000 2.340534e+000 -5.580876e-001 8.624578e-001 -6.563468e-001 7.328105e-001 -1.139949e+000 1.915808e-001 -1.151964e-001 -1.279328e+000 -7.145443e-001 -2.716573e+000 -3.060860e-001 -1.287050e+000 9.563743e-001 -2.411277e+000 1.287159e+000 -1.284359e-001 7.552756e-001 5.574484e-002 1.093189e+000 -6.723835e-002 3.774060e-001 -4.939639e-001 -2.961298e-001 9.418446e-002 
9.564279e+000 1.017200e+001 -5.224640e+000 1.989402e+000 -3.593961e+000 1.389105e+000 -5.341702e+000 2.694919e+000 -5.095622e+000 -1.716001e+000 -2.703816e+000 1.597891e+000 -2.494564e-001 1.544072e+000 8.551215e-002 3.882903e-001 -4.929841e-001 -1.915678e-001 -9.619155e-001 -1.814604e+000 -1.385029e+000 -2.102953e+000 5.422635e-002 -1.241580e+000 5.320182e-001 -2.052150e+000 6.486675e-001 5.517524e-003 1.196252e+000 3.882391e-001 1.463171e+000 -2.195879e-001 5.299263e-001 3.541703e-001 5.747189e-002 3.229768e-001 
9.291421e+000 8.997306e+000 -5.488809e+000 2.379473e+000 -2.004101e+000 1.721820e+000 -3.896248e+000 1.246626e+000 -6.041718e+000 -2.677692e+000 -2.936967e+000 3.531728e-001 -7.108788e-001 1.341004e-001 -3.255907e-001 -6.543077e-001 -8.664765e-001 5.426809e-001 -5.219201e-001 -1.678821e+000 -1.342173e+000 -2.288980e+000 -4.251395e-001 -1.083448e+000 1.026917e+000 -9.319820e-001 1.165232e-001 -1.586788e-002 5.228910e-001 6.643454e-001 8.317402e-001 -9.088001e-002 5.108921e-001 -3.100969e-001 -2.762758e-001 9.487009e-002 
7.520687e+000 8.233951e+000 -7.775479e+000 1.964809e+000 -2.283875e+000 1.061426e+000 -4.681512e+000 2.835982e-001 -7.491543e+000 -2.057970e+000 -1.721071e+000 1.890761e+000 -1.439554e+000 -4.531054e-001 -3.036557e-001 -6.871764e-001 -1.391985e+000 1.505461e-002 -2.041927e-001 -1.402226e+000 -7.142457e-001 -2.207453e+000 -8.424567e-001 -1.576671e+000 1.265570e+000 -1.088121e+000 1.670998e-001 -7.203750e-002 9.331184e-001 -7.875076e-002 1.352549e+000 1.067280e-001 3.352954e-002 -4.714451e-001 2.398285e-001 9.028142e-001 
7.360715e+000 6.925181e+000 -8.728898e+000 1.891275e+000 -2.631882e+000 9.500803e-001 -5.381190e+000 -1.100503e+000 -5.900592e+000 -1.372542e+000 -2.118377e+000 5.824374e-002 -2.155155e+000 1.665629e-001 1.243626e+000 8.656931e-002 -1.176683e+000 -4.615402e-001 -4.357503e-001 -9.020453e-001 -7.280224e-001 -1.796038e+000 -5.658482e-001 -1.071676e+000 8.053481e-001 -4.721030e-001 3.682132e-001 3.736460e-001 5.484764e-001 -3.509472e-001 9.145004e-001 5.060382e-002 6.151738e-001 1.108694e-001 -4.185883e-001 2.471530e-001 
6.576038e+000 5.779833e+000 -9.592230e+000 2.228800e+000 -2.693942e+000 8.942106e-001 -5.111684e+000 -1.955581e-002 -6.412716e+000 -8.599056e-001 -3.264121e+000 2.450003e-001 -1.830304e+000 1.448856e+000 7.034185e-001 7.083123e-001 -6.514972e-001 1.782997e-002 -2.202578e-001 -1.806522e+000 -6.598990e-001 -1.944859e+000 -4.211147e-001 -1.272899e+000 9.902576e-001 -1.421452e+000 7.477083e-001 2.868461e-001 7.330498e-001 -1.707502e-001 1.041751e+000 -9.074035e-001 8.491765e-001 2.246440e-002 -7.931510e-001 4.506557e-001 
6.831541e+000 7.034805e+000 -9.657180e+000 1.494343e+000 -1.223962e+000 9.024554e-001 -5.339657e+000 -3.390593e-001 -4.971623e+000 -4.752432e-001 -2.092950e+000 1.443085e+000 -1.856656e+000 1.464162e-001 -3.179626e-001 -5.293107e-001 -1.572517e+000 7.769022e-001 2.541198e-001 -1.133667e+000 5.890355e-002 -1.811474e+000 -3.612529e-001 -8.448825e-001 1.080511e+000 -1.249438e+000 1.014223e+000 3.448909e-001 5.998192e-001 -6.922459e-004 1.495573e+000 -9.835579e-002 5.461935e-001 1.679225e-001 -2.144621e-001 8.758185e-001 
4.907837e+000 9.001470e+000 -7.398491e+000 1.982223e+000 -2.005761e+000 2.035117e+000 -5.131481e+000 3.999469e-002 -5.293680e+000 -1.057666e+000 -1.709177e+000 1.663510e+000 -1.057712e+000 2.936873e-003 -9.276761e-001 -1.124761e+000 -1.831971e+000 -7.197130e-001 4.203369e-001 -1.382665e+000 -5.849538e-001 -1.362441e+000 -1.601296e-001 -1.069685e+000 6.019770e-001 -2.158849e+000 -2.764940e-001 7.811519e-001 4.439202e-001 -6.525439e-001 1.714914e+000 -7.838716e-003 5.869971e-001 1.427500e-001 -3.146840e-001 5.922130e-001 
3.567247e+000 1.094103e+001 -6.776584e+000 4.132355e+000 3.736066e-001 3.001735e+000 -3.954758e+000 -8.653529e-001 -5.010658e+000 -2.242278e+000 -3.736271e+000 6.843879e-001 -1.161160e+000 -1.357138e+000 -1.001018e+000 -8.554795e-001 -1.561819e+000 -7.381800e-001 -9.297127e-001 -1.039504e+000 -4.792936e-001 -2.008151e+000 2.978557e-001 -8.067622e-001 5.208199e-001 -1.917377e+000 6.197837e-002 6.226708e-001 2.983174e-001 7.755436e-001 1.076517e+000 -6.688832e-001 -1.010108e-001 -5.380477e-001 -8.533612e-001 4.822653e-001 
4.971892e+000 1.395654e+001 -7.858388e+000 2.487477e+000 -9.106507e-002 4.670870e+000 -4.665013e+000 -2.743572e+000 -3.395789e+000 -2.777595e+000 -2.686326e+000 -1.900171e-001 9.578479e-003 -2.914515e+000 -1.000212e+000 -9.595391e-001 -1.362975e+000 -5.696528e-001 -1.007329e+000 4.668585e-001 -1.056912e+000 -2.297258e+000 -8.487880e-001 -2.406435e-001 1.282691e+000 -1.251289e+000 4.771288e-001 8.194696e-001 -9.804642e-002 7.027230e-001 4.528161e-001 -6.396187e-001 -2.695226e-001 -5.303571e-001 8.974177e-003 9.731882e-001 
6.465711e+000 1.439866e+001 -5.513346e+000 1.302973e+000 4.435558e-001 5.614951e+000 -6.673927e+000 -3.200514e+000 -3.895192e+000 -1.564074e+000 -2.555140e+000 -5.233135e-001 -8.700572e-001 -3.389281e+000 -1.203241e+000 -9.812595e-001 -7.185728e-001 -1.470980e+000 -1.978484e+000 1.594619e+000 -1.081462e+000 -3.174767e+000 5.292305e-002 -2.683895e-001 9.253654e-001 -9.117698e-001 1.185369e+000 4.241553e-001 -1.381645e-001 4.063144e-001 3.783656e-001 -1.123472e+000 -4.454922e-001 4.964529e-002 -2.890477e-002 -5.414537e-002 
7.491538e+000 1.239368e+001 -7.714711e+000 9.325062e-001 1.317838e+000 6.430193e+000 -6.814052e+000 -2.634045e+000 -5.494521e+000 -2.045792e+000 -3.361512e+000 -1.676867e-001 -1.353931e-001 -3.312141e+000 -1.080894e+000 -9.475251e-001 -7.899601e-001 -1.652732e+000 -1.226677e+000 1.003438e+000 -1.103284e+000 -3.170135e+000 -1.268691e-001 2.867137e-001 1.668573e+000 -1.185212e+000 1.208808e+000 2.440762e-001 -9.699642e-001 1.206518e-001 1.160001e+000 -1.540648e+000 -3.793928e-001 8.590721e-001 1.303044e-001 -1.608347e-001 
7.981107e+000 1.138113e+001 -8.310326e+000 1.480543e+000 1.229259e+000 6.000951e+000 -7.523622e+000 -4.168036e+000 -4.221727e+000 -3.736084e+000 -2.054179e+000 -8.257828e-001 6.759958e-001 -2.342817e+000 -4.355778e-001 -1.393231e+000 -9.199975e-001 -2.379712e+000 -1.189546e+000 1.565638e+000 -1.203556e+000 -1.773586e+000 -9.363354e-001 8.922418e-001 -2.879842e-002 -1.021129e+000 9.164821e-001 8.587093e-001 -1.326378e-001 7.118912e-001 1.321305e+000 -1.341611e+000 -5.336450e-001 -3.102450e-002 9.025807e-003 -3.344322e-001 
6.777935e+000 1.341951e+001 -9.605853e+000 3.456131e+000 1.504176e-001 6.781202e+000 -8.270710e+000 -4.322860e+000 -2.766486e+000 -3.588887e+000 -1.389928e+000 -1.277347e+000 1.102713e+000 -4.259857e+000 7.374786e-001 -2.472177e+000 -1.095008e+000 -2.585418e+000 -1.905786e+000 1.852552e+000 -1.913775e+000 -3.118764e-001 -7.103682e-001 9.883265e-001 4.808925e-001 -1.218692e+000 7.232202e-002 5.866061e-001 -4.125639e-001 1.174482e+000 1.367907e+000 -9.895247e-001 -4.942760e-002 -1.221350e+000 1.709457e-001 -1.242263e+000 
9.110304e+000 1.077944e+001 -9.039140e+000 1.748192e+000 8.147786e-001 4.827538e+000 -7.181824e+000 -4.370342e+000 -3.333007e+000 -3.358067e+000 -2.491959e+000 -1.771109e+000 9.220498e-001 -3.003506e+000 -2.415502e-001 -1.762338e+000 -1.199077e+000 -2.789891e+000 -1.262163e+000 1.131194e+000 -2.561466e+000 -1.483176e+000 -9.137310e-001 1.074770e+000 6.558320e-001 -4.654951e-001 1.916963e-001 6.667060e-001 -7.699345e-001 5.709387e-001 1.510117e+000 -9.043716e-001 -6.329215e-001 -1.001254e+000 4.678804e-001 -1.471788e+000 
8.023577e+000 1.273274e+001 -9.802657e+000 3.095739e+000 -6.043897e-001 5.610489e+000 -7.755640e+000 -4.392516e+000 -2.074737e+000 -3.633247e+000 -2.485882e+000 -1.310232e+000 1.576093e+000 -3.369855e+000 2.995570e-001 -9.011707e-001 -9.519662e-001 -1.896839e+000 6.800669e-002 2.132269e+000 -2.408885e+000 -7.464422e-001 3.608279e-003 7.187989e-001 1.041976e+000 -3.470793e-001 -2.863108e-001 1.282466e+000 -5.343408e-001 6.188208e-001 2.388818e+000 -3.625077e-001 -2.161971e-001 -7.115766e-001 7.166398e-001 -1.144952e+000 
7.359253e+000 1.420852e+001 -1.090807e+001 5.729965e+000 -1.614839e+000 5.854367e+000 -7.219968e+000 -5.156695e+000 -1.885947e+000 -4.034794e+000 -2.219155e+000 -2.613030e+000 2.278400e+000 -4.341893e+000 5.818623e-001 -1.344970e+000 -1.442539e+000 -2.190226e+000 -9.848040e-001 2.021932e+000 -3.461838e+000 -5.964651e-001 -5.012012e-001 8.728587e-002 5.497525e-001 -8.391628e-001 -9.074483e-002 1.526869e+000 -5.855752e-001 -1.455478e-001 2.088293e+000 -8.466265e-001 -5.764524e-001 -7.445805e-001 7.388663e-001 -1.014032e+000 
9.096288e+000 1.213679e+001 -9.490052e+000 4.874231e+000 -1.741480e-001 5.422026e+000 -6.371478e+000 -5.158920e+000 -2.320430e+000 -3.995841e+000 -2.505823e+000 -1.842498e+000 1.821833e+000 -2.627021e+000 -1.310679e-001 -8.143278e-001 -1.824462e+000 -1.992342e+000 -5.722012e-001 1.636777e+000 -3.120343e+000 -1.365019e+000 4.760513e-001 3.881599e-001 7.695710e-001 -7.556748e-001 -1.095724e-001 1.179045e+000 -6.530709e-001 -5.578496e-003 1.975860e+000 -2.100673e-001 -1.266907e+000 -4.358276e-001 3.535162e-001 -8.222024e-001 
1.397918e+001 6.409702e+000 -5.674977e+000 1.130141e+000 2.420671e+000 2.354816e+000 -4.058839e+000 -4.108920e+000 -1.952916e+000 -3.124215e+000 -2.763876e+000 -1.112714e+000 6.554298e-001 -1.417020e-001 -5.065304e-001 -8.042166e-001 -1.721054e+000 -2.058435e+000 -5.862450e-001 7.258511e-001 -1.871901e+000 -9.433952e-001 1.266661e+000 1.607627e-001 9.767579e-001 -4.077716e-001 -4.713082e-002 8.752872e-001 -8.425239e-001 3.146913e-001 8.223789e-001 -1.701298e-001 -6.567048e-001 -1.885651e-001 1.831360e-001 -3.225567e-001 
8.244488e+000 8.535987e+000 -3.515486e+000 7.687477e-002 4.563541e-001 3.216579e+000 -1.012570e+000 8.389587e-001 -3.367364e+000 -2.253253e+000 -1.757497e+000 1.591965e+000 5.628534e-001 -2.809078e-001 -1.053783e+000 -4.309216e-001 -1.293263e+000 1.111673e-001 2.456622e-001 -6.280470e-001 -7.405639e-001 -1.746065e+000 -5.015746e-001 -3.427854e-001 1.063522e+000 -1.073446e+000 4.400810e-001 1.499136e-001 -4.216693e-001 2.457634e-001 1.152959e-001 -2.828095e-001 -4.162177e-002 -1.268717e-001 3.860912e-003 2.875759e-001 
8.723623e+000 9.018957e+000 -6.344747e+000 8.750486e-001 -2.834557e+000 2.539259e+000 -3.178639e+000 3.555339e+000 -4.262741e+000 -1.127901e+000 -2.947546e+000 2.076373e+000 -8.157243e-001 1.027531e+000 1.329929e-001 3.459065e-001 -7.930066e-001 -3.937917e-001 -1.144027e+000 -2.015191e+000 -1.215361e+000 -2.471638e+000 -4.555907e-002 -1.090109e+000 6.702136e-001 -2.426356e+000 7.092143e-001 -1.814461e-001 6.650325e-001 9.685754e-002 1.369669e+000 -3.334071e-001 4.564428e-001 1.189593e-001 2.538154e-001 2.753929e-001 
8.902170e+000 8.137438e+000 -5.711361e+000 2.118482e+000 -3.111793e+000 2.453858e+000 -4.156208e+000 2.165496e+000 -5.660876e+000 -1.755920e+000 -2.164598e+000 8.461402e-001 -7.038546e-001 1.785355e-001 -1.016567e+000 -7.382942e-001 -7.477264e-001 7.636662e-001 -6.921365e-001 -1.517296e+000 -1.450387e+000 -2.133654e+000 -1.670582e-001 -1.397444e+000 9.751169e-001 -1.057956e+000 5.694052e-001 9.114788e-002 4.665823e-001 1.133119e-001 6.544589e-001 -3.291366e-001 8.045431e-001 -1.740574e-001 -7.148126e-002 2.557372e-001 
8.127972e+000 8.025176e+000 -8.425885e+000 1.454350e+000 -2.270561e+000 9.935468e-001 -4.556743e+000 9.300392e-001 -7.000434e+000 -2.048474e+000 -2.420389e+000 2.128242e+000 -1.057427e+000 -4.205152e-001 -5.285051e-001 -3.910716e-001 -1.817144e+000 -2.465331e-001 -2.817253e-001 -8.107689e-001 -3.307198e-001 -1.715919e+000 -2.427754e-001 -1.028255e+000 1.571433e+000 -1.377886e+000 -3.481574e-001 -2.344075e-001 1.029815e+000 3.556727e-001 1.535824e+000 2.231255e-001 6.864867e-002 -5.265621e-001 -1.000252e-001 4.147592e-001 
7.554238e+000 7.224920e+000 -9.100695e+000 5.941564e-001 -2.451202e+000 3.828954e-001 -5.318756e+000 -1.718165e+000 -6.876585e+000 -2.002493e+000 -1.786748e+000 1.092889e+000 -1.566418e+000 -2.741739e-001 6.347045e-001 -6.881952e-001 -1.629273e+000 -1.744406e-001 -1.416744e-002 -6.366975e-001 -7.773077e-001 -1.834415e+000 -9.143163e-001 -8.624059e-001 8.796028e-001 -9.069325e-001 3.686615e-001 4.665458e-001 1.182407e+000 8.683705e-002 1.065236e+000 1.942037e-001 3.332216e-001 -3.004288e-001 -9.391276e-002 2.723659e-001 
8.968122e+000 7.451840e+000 -8.276894e+000 2.380652e+000 -2.085681e+000 1.216631e+000 -4.708807e+000 -2.855536e-001 -6.642977e+000 -8.706337e-001 -2.433686e+000 1.648138e+000 -2.165002e+000 5.059600e-001 -8.980608e-001 -2.442765e-001 -6.552499e-001 4.033744e-001 -5.506971e-002 -1.604874e+000 -1.245219e+000 -2.092344e+000 -3.657552e-001 -1.430921e+000 1.499668e+000 -1.293297e+000 4.851971e-001 -9.788857e-002 7.810973e-001 2.656156e-001 1.577178e+000 -7.525431e-001 8.039583e-001 2.097597e-001 -4.037006e-001 8.038467e-001 
7.371433e+000 7.442060e+000 -8.645608e+000 2.105449e+000 -1.466858e+000 1.273409e+000 -5.550553e+000 -3.036819e-001 -6.232583e+000 -8.754816e-001 -2.619150e+000 2.195250e+000 -5.891367e-001 1.235397e+000 2.082869e-001 -2.048227e-002 -7.638407e-001 9.069738e-001 2.086738e-001 -2.001293e+000 -1.124575e+000 -3.363730e+000 -1.112638e+000 -1.328122e+000 8.029077e-001 -1.454085e+000 8.604455e-001 1.102261e-001 8.475516e-001 3.450895e-001 1.845925e+000 1.401211e-001 9.680099e-001 3.100615e-002 -3.361090e-001 6.599241e-001 
5.932882e+000 9.148888e+000 -6.984934e+000 3.178039e+000 -1.259521e+000 1.056419e+000 -5.974586e+000 -1.025227e+000 -5.444871e+000 -1.850909e+000 -2.726960e+000 7.770157e-001 -2.193625e+000 5.701599e-002 -7.483546e-002 -3.424565e-001 -1.407904e+000 -7.620313e-001 -3.599044e-002 -2.099667e+000 -1.147105e+000 -2.126220e+000 -9.664919e-001 -1.453278e+000 5.557773e-001 -1.467902e+000 5.584815e-001 7.403702e-001 5.127299e-001 -5.835196e-001 1.596677e+000 -3.149153e-001 3.737916e-001 2.437129e-001 -2.386449e-001 6.667653e-001 
5.206285e+000 1.120339e+001 -4.790236e+000 3.963083e+000 5.985129e-002 2.051150e+000 -4.039779e+000 -4.758062e-001 -4.945580e+000 -2.204148e+000 -2.738718e+000 1.958998e-001 -1.461223e+000 -1.913680e+000 -1.310564e+000 -1.554771e+000 -2.088502e+000 -1.074919e+000 -1.037702e+000 -1.050100e+000 -6.493829e-001 -1.909469e+000 -5.385785e-002 -6.571806e-001 7.576192e-001 -1.191052e+000 1.411121e-001 3.443303e-001 -3.897073e-001 -5.839171e-002 8.142262e-001 -5.228310e-001 6.979440e-002 -2.314963e-001 -7.930851e-001 1.679777e-001 
5.098374e+000 1.375150e+001 -6.731889e+000 3.717558e+000 -2.036863e-001 4.034599e+000 -4.596578e+000 -2.168375e+000 -3.381733e+000 -2.748271e+000 -3.223022e+000 -6.960244e-001 -1.296959e+000 -1.994352e+000 -7.549368e-001 -5.346860e-001 -1.939407e+000 -1.394385e+000 -1.750947e+000 1.306881e-001 -3.616908e-001 -1.338150e+000 -4.324102e-001 -1.040548e+000 1.665227e+000 -1.811940e+000 4.688340e-001 3.476342e-001 -2.296252e-001 1.027207e+000 7.652457e-001 -1.499962e-001 -2.390266e-001 -8.485830e-001 -7.806521e-001 6.602096e-001 
6.179036e+000 1.444502e+001 -7.091458e+000 1.467086e+000 -1.419496e-001 5.181769e+000 -7.027217e+000 -2.864205e+000 -4.242993e+000 -3.100850e+000 -3.851544e+000 -1.199483e+000 -9.114355e-001 -2.862201e+000 -1.211123e-002 -6.925650e-001 -7.166504e-001 -2.080470e+000 -2.495124e+000 1.411505e+000 -1.357857e+000 -2.786301e+000 -5.837953e-002 -1.568396e-001 7.581933e-001 -1.279030e+000 1.152963e+000 4.863755e-001 -2.380116e-001 6.551573e-001 5.675416e-001 -6.475648e-001 -2.204289e-001 -4.396977e-001 -1.317826e-001 -2.234904e-001 
7.315986e+000 1.258787e+001 -7.648856e+000 4.702313e-001 1.326418e+000 6.282012e+000 -7.146879e+000 -3.032025e+000 -5.574294e+000 -2.865221e+000 -4.108769e+000 1.275209e-001 4.979304e-003 -2.769085e+000 -1.120094e+000 -6.743796e-001 -1.437374e+000 -2.765037e+000 -1.529457e+000 1.430313e+000 -7.302251e-001 -2.359030e+000 -8.529806e-002 6.075064e-002 8.452246e-001 -1.788242e+000 1.043138e+000 5.645832e-001 -4.140859e-001 9.006510e-001 1.413386e+000 -1.318156e+000 -8.700330e-001 3.138563e-001 -2.666214e-001 -6.841257e-001 
7.910329e+000 1.292840e+001 -8.139182e+000 1.803758e+000 8.486872e-001 6.143381e+000 -8.147517e+000 -2.561546e+000 -4.458752e+000 -2.178651e+000 -2.299378e+000 -4.275985e-001 4.937141e-002 -2.258024e+000 -5.178280e-001 -1.086028e+000 -6.413905e-001 -2.406419e+000 -1.465633e+000 1.521013e+000 -8.006612e-001 -2.112729e+000 -3.175188e-002 8.877711e-001 5.965792e-001 -1.114567e+000 1.167846e+000 6.351867e-001 -3.532642e-001 5.185734e-001 1.812727e+000 -1.405378e+000 -2.787386e-001 -1.876628e-001 -2.221859e-001 -7.068214e-001 
6.438745e+000 1.338670e+001 -1.030228e+001 3.340004e+000 1.890803e-001 8.020246e+000 -6.886896e+000 -3.676334e+000 -3.427336e+000 -4.328413e+000 -1.947854e+000 -1.325911e+000 1.955914e+000 -4.240788e+000 1.525564e-002 -2.931161e+000 -1.570113e+000 -2.530950e+000 -1.014352e+000 1.677841e+000 -2.332930e+000 -9.799770e-001 -1.285665e+000 1.473254e+000 1.340636e+000 -2.082111e-001 7.008388e-001 6.877084e-001 -5.789751e-001 3.724375e-001 9.270373e-001 -1.731988e+000 -2.655636e-001 -9.976600e-001 3.515627e-001 -7.337813e-001 
8.763842e+000 1.225080e+001 -9.451826e+000 2.374198e+000 7.250863e-001 5.763991e+000 -6.998323e+000 -3.722370e+000 -2.795733e+000 -3.078683e+000 -2.309509e+000 -2.151689e+000 2.375738e-001 -3.914963e+000 -4.251091e-001 -2.129117e+000 -1.517308e+000 -3.020538e+000 -1.421265e+000 1.019883e+000 -2.534034e+000 -1.305392e+000 -9.177427e-001 1.504143e+000 9.873068e-001 -1.942126e-001 4.220956e-001 5.174141e-001 -1.129062e+000 -7.301021e-002 8.897348e-001 -1.270996e+000 -4.838550e-001 -7.270741e-001 6.931019e-001 -1.134872e+000 
9.267057e+000 1.003544e+001 -8.108442e+000 1.924139e+000 1.327235e+000 5.056432e+000 -7.007106e+000 -5.238835e+000 -2.715588e+000 -3.834387e+000 -3.163959e+000 -1.791015e+000 7.732002e-001 -2.469819e+000 5.270568e-001 -3.188118e-001 -1.151657e+000 -2.836900e+000 -1.778827e+000 1.108233e+000 -2.573372e+000 -9.080996e-001 4.885634e-001 7.749918e-001 1.357026e+000 -5.466424e-001 2.597796e-001 1.255915e+000 -8.812033e-001 3.123867e-001 1.073684e+000 -4.894047e-001 -5.348811e-001 -5.057978e-001 1.017113e+000 -1.110740e+000 
8.060669e+000 1.181837e+001 -9.528747e+000 4.446155e+000 1.384977e-001 5.274469e+000 -6.364008e+000 -4.785761e+000 -1.689826e+000 -2.939983e+000 -3.152949e+000 -2.024608e+000 5.867665e-001 -3.642310e+000 6.502840e-001 -5.565689e-001 -1.101534e+000 -2.633638e+000 -1.292275e+000 1.005675e+000 -2.958567e+000 -4.928378e-001 3.188428e-001 6.719622e-001 1.162040e+000 -4.545880e-001 1.751493e-001 1.503621e+000 -9.965478e-001 -3.783966e-001 1.333758e+000 -7.353834e-001 -6.407628e-001 -4.340569e-001 1.015361e+000 -8.624983e-001 
8.274661e+000 1.219329e+001 -1.025990e+001 5.416217e+000 -1.088360e+000 5.977849e+000 -6.745300e+000 -4.567635e+000 -1.368830e+000 -3.579942e+000 -2.430418e+000 -2.709284e+000 9.600440e-001 -4.101832e+000 -2.119013e-001 -1.824931e+000 -1.938397e+000 -2.465257e+000 -1.421306e+000 1.740625e+000 -3.369080e+000 -1.325849e+000 3.916843e-001 4.728499e-001 9.196825e-001 -1.378622e-001 5.991097e-001 1.380193e+000 -1.052100e+000 -8.762995e-001 1.180361e+000 -8.793323e-001 -1.164195e+000 -4.453891e-001 6.977715e-001 -8.662680e-001 
