3.643941e+000 1.687503e+001 -4.372282e+000 3.551301e+000 2.734607e+000 1.040298e+000 -6.625258e-001 -1.086624e+000 -2.929806e-001 -4.006830e+000 -2.691270e+000 -1.716181e+000 -2.117438e+000 4.396521e-001 1.808923e-001 -2.831764e-001 -2.778702e+000 -3.223852e+000 4.069134e-001 -7.869210e-001 -1.125414e+000 -2.045232e+000 -1.930630e+000 3.212591e-001 -1.604189e+000 -1.565606e+000 4.520099e-002 -5.055191e-001 1.826366e-001 7.537625e-001 8.255101e-001 4.435803e-001 -1.072991e-001 1.353143e-001 -5.339654e-001 -5.596687e-001 
2.110777e+000 1.716243e+001 -4.716851e+000 3.227931e+000 2.508891e+000 6.795480e-001 -1.300340e+000 -1.863743e+000 -6.392088e-001 -4.077908e+000 -1.913154e+000 9.114775e-001 -7.082650e-001 -6.107157e-001 -9.178270e-001 -8.938265e-001 -2.201886e+000 -2.564200e+000 9.367315e-002 -7.384337e-001 -1.186900e+000 -1.978127e+000 -1.072289e+000 3.246906e-001 -2.240223e+000 -1.966332e+000 1.786707e-001 -3.860427e-002 -4.681473e-001 2.069581e-001 8.991785e-001 4.998416e-001 1.609654e-001 2.006588e-001 -1.381517e-001 8.953987e-002 
5.776300e-001 1.813493e+001 -7.495836e+000 3.345773e+000 1.101661e+000 2.070301e+000 -1.319150e+000 4.235908e-001 1.784682e+000 -3.240881e+000 -7.378370e-001 -3.357382e-001 -1.196106e+000 -1.136304e+000 -1.575031e+000 -6.265959e-001 -3.554490e+000 -3.553541e+000 -1.703496e-001 -7.561747e-001 4.973348e-001 -2.076154e+000 -6.779916e-001 -2.127365e-002 -1.577427e+000 -7.107848e-001 1.624538e-001 9.731817e-001 -1.016264e+000 1.579748e-001 -2.128672e-001 -3.009031e-001 5.885488e-001 -4.816846e-001 1.192567e+000 2.828843e-001 
8.130649e-001 1.763440e+001 -6.376176e+000 3.708521e+000 5.321397e-001 2.071551e+000 -2.802135e+000 3.052143e-001 9.993406e-002 -3.385866e+000 -1.451226e+000 -1.732900e+000 -1.770519e+000 -1.249893e+000 -2.365573e-001 -1.473557e-001 -1.521858e+000 -2.009070e+000 3.637815e-001 -4.477296e-001 -3.574880e-001 -2.129097e+000 -7.648243e-001 -2.074927e-001 -1.345428e+000 -5.757799e-001 4.288971e-001 4.911782e-001 -6.294000e-001 3.189274e-001 -6.573123e-001 -3.253048e-001 -2.868816e-001 -2.475702e-001 2.589885e-001 -9.922091e-002 
3.011751e+000 1.613402e+001 -5.303671e+000 3.604076e+000 -2.348769e+000 1.785752e+000 -3.716941e+000 1.783398e-001 -1.087906e+000 -3.513828e+000 -1.102080e+000 -1.383312e+000 -1.632663e-001 -1.840063e+000 3.337020e-001 -8.131373e-001 -1.904257e+000 -1.643632e+000 1.082522e-001 4.073534e-001 -4.634508e-001 -2.033155e+000 -1.476818e+000 2.629257e-001 -8.179253e-001 -8.102754e-001 7.622808e-002 -1.780832e-001 -9.408118e-002 -2.700370e-001 4.573345e-001 1.778762e-001 -7.454902e-001 -2.307679e-001 4.075104e-001 2.777395e-001 
9.972495e+000 1.297297e+001 -8.500990e+000 8.044014e+000 -6.239474e+000 2.643150e+000 -3.678559e+000 4.243420e-001 -3.814949e-001 -4.948744e+000 4.554389e-001 -1.746689e+000 3.137609e-001 -2.127787e+000 5.099703e-001 -2.332387e+000 -2.529140e+000 -8.886695e-001 -3.991447e-001 -1.577530e-001 -9.959343e-001 -1.652549e+000 -2.212493e+000 6.922632e-001 -1.272603e+000 -5.360633e-001 -1.823480e-001 -4.837968e-001 1.068711e-001 -4.714682e-001 1.197557e+000 3.610479e-001 4.931201e-001 -4.063447e-003 3.524759e-001 1.556682e-001 
1.170096e+001 1.028185e+001 -9.733385e+000 1.004904e+001 -6.427581e+000 2.536109e+000 -3.543788e+000 9.843155e-002 -8.991447e-001 -5.380974e+000 3.937727e-001 -9.315081e-001 8.478178e-002 -1.942419e+000 1.591109e+000 -2.454496e+000 -2.287780e+000 -4.496501e-001 -1.309308e-001 -3.352814e-001 -1.629094e+000 -1.002509e+000 -2.395141e+000 3.461195e-001 -8.121484e-001 -2.807319e-001 -4.249429e-001 -2.102121e-001 1.138795e-001 -7.889241e-001 9.316714e-001 2.869436e-002 6.911228e-001 8.396499e-002 5.247939e-001 4.610693e-001 
1.168186e+001 1.123668e+001 -1.072504e+001 1.004669e+001 -5.501828e+000 3.422020e+000 -3.864511e+000 -1.322037e-001 -1.296711e+000 -4.878234e+000 2.640201e-001 -1.578989e+000 -4.081580e-001 -4.325851e+000 1.898831e-001 -2.055665e+000 -1.970780e+000 -1.695149e+000 -4.724167e-001 -8.007230e-001 -1.887886e+000 -2.155581e-002 -2.249842e+000 -1.681527e-001 -1.236556e+000 -7.964765e-001 -5.424449e-001 3.823065e-001 -6.840911e-002 -1.377509e+000 5.533235e-001 -8.263474e-003 1.516879e+000 -1.388535e-001 3.864640e-001 -3.633907e-001 
1.239875e+001 1.625804e+001 -1.150393e+001 8.355698e+000 -1.121933e+000 3.048542e+000 -3.960778e+000 -3.019592e+000 7.476760e-002 -6.086117e+000 1.868923e-001 -1.025257e+000 -5.611513e-001 -3.212552e+000 -1.030820e+000 3.324068e-002 -2.234116e+000 -9.014261e-001 -7.171712e-001 -9.345439e-001 -1.392312e+000 -1.716210e+000 -1.037670e+000 -1.151295e+000 -1.351476e+000 -5.889314e-001 1.568135e-001 9.453719e-001 -6.197528e-001 -7.166434e-001 2.620779e-001 5.406000e-001 1.044370e+000 -2.217132e-001 3.394262e-001 -7.892717e-002 
9.098356e+000 2.007588e+001 -1.411332e+001 6.487805e+000 9.860119e-001 1.740068e+000 -4.237504e+000 -5.446854e+000 1.676761e+000 -6.791404e+000 1.150248e-001 -2.122808e-001 -2.183950e+000 -1.413445e+000 -1.058138e+000 1.045544e+000 -1.878936e+000 -1.951327e+000 -5.829637e-001 -1.727770e+000 -1.851630e+000 -1.337191e+000 -1.587002e-001 -1.018829e+000 -1.655436e+000 -1.039352e+000 -1.775831e-001 3.376275e-001 -1.360249e-001 4.789573e-001 1.768026e-001 4.228784e-001 9.957134e-001 -1.589074e-001 2.441982e-001 6.704398e-001 
1.096366e+001 1.616862e+001 -9.821902e+000 4.200210e+000 2.581262e+000 3.002772e+000 -6.554355e+000 -4.534161e+000 1.709296e+000 -6.206761e+000 -2.422867e-001 1.099735e+000 -2.964232e+000 -1.339046e+000 -2.906657e-001 -3.202697e-002 -2.260818e+000 -2.001751e+000 -1.437588e-001 -6.481615e-001 -1.144156e+000 -6.974410e-001 -1.080154e+000 -1.534108e+000 -4.200902e-001 -3.774480e-001 -6.015648e-002 1.774927e-001 -4.538083e-001 -1.386165e-001 3.106785e-001 7.544151e-001 7.552495e-001 8.075194e-002 -3.754285e-003 3.419478e-001 
1.314408e+001 1.639383e+001 -9.359526e+000 5.359629e+000 1.700573e+000 2.477356e+000 -6.447527e+000 -5.004773e+000 1.091502e+000 -6.325671e+000 -5.348064e-001 3.950669e-001 -2.739268e+000 -3.301741e-001 5.054441e-002 7.289401e-001 -1.551767e+000 -1.608215e+000 -7.361126e-001 -1.144067e+000 -1.246963e+000 -2.229934e+000 -1.271228e+000 -1.550666e+000 -8.123921e-001 1.696329e-001 -3.121065e-001 -4.096645e-001 -7.371538e-001 6.978881e-001 4.627821e-001 4.118893e-001 1.188510e+000 -5.883423e-001 -1.563599e-001 5.891685e-001 
1.226125e+001 1.846571e+001 -1.002173e+001 5.713888e+000 1.411878e+000 2.567253e+000 -7.570573e+000 -5.157843e+000 8.687672e-001 -6.488972e+000 -2.803415e+000 1.868628e+000 -4.811403e+000 -6.917489e-003 -9.536739e-003 2.636392e-001 -2.851819e+000 -2.072346e+000 -1.027032e-001 -2.461228e+000 -3.269400e-001 -3.323447e+000 -1.478865e+000 -1.897305e+000 -1.368811e+000 4.916239e-002 -1.904425e-001 -2.982516e-001 -7.258147e-001 6.683494e-001 -2.818878e-001 3.163933e-002 1.634087e+000 -8.268402e-001 5.109332e-001 8.576220e-001 
1.583529e+001 1.555266e+001 -7.207638e+000 3.203907e+000 3.133882e+000 7.213773e-001 -5.958505e+000 -4.779942e+000 4.110072e-001 -5.960959e+000 -3.516463e+000 8.642760e-001 -3.269093e+000 -7.634236e-001 8.921320e-001 -7.042131e-001 -2.572546e+000 -2.515871e+000 -2.702133e-001 -1.055949e+000 -1.325975e+000 -2.219386e+000 -2.290960e+000 -1.682894e+000 -1.488972e+000 -2.192050e-001 -5.463097e-002 -4.363915e-001 4.265237e-001 2.673760e-001 -3.787317e-001 4.128601e-002 2.647322e-001 1.255717e-001 4.500117e-001 1.508338e+000 
1.295157e+001 1.709957e+001 -8.419748e+000 4.305844e+000 2.446697e+000 1.257566e+000 -7.053971e+000 -5.215700e+000 2.952057e-001 -6.090250e+000 -2.870669e+000 1.150771e+000 -3.589967e+000 -3.102814e-001 4.208146e-001 -5.628879e-001 -2.514580e+000 -2.760909e+000 3.721626e-001 -1.678761e+000 -1.362262e+000 -2.657946e+000 -1.993630e+000 -1.161066e+000 -1.639684e+000 2.007079e-001 -5.358491e-001 -1.034983e+000 4.487751e-001 6.457036e-001 -2.317280e-001 -1.391345e-001 7.473223e-001 -5.367255e-002 2.318554e-001 1.786506e+000 
1.094305e+001 1.967135e+001 -1.008677e+001 5.531932e+000 2.439290e+000 -2.402335e-002 -6.571499e+000 -5.598511e+000 4.757103e-001 -5.157407e+000 -3.009793e+000 2.792156e+000 -4.971306e+000 9.178995e-001 -1.550904e-002 -1.318609e+000 -1.703133e+000 -3.398279e+000 1.528390e+000 -2.050863e+000 -9.761242e-001 -2.620417e+000 -2.588071e+000 -5.797785e-001 -1.788917e+000 -1.997809e-001 1.351525e-001 -1.358343e+000 8.974143e-001 1.193018e-001 2.382324e-001 -1.066482e-001 6.513812e-001 6.005985e-001 -4.503106e-001 1.960962e+000 
1.196758e+001 1.947158e+001 -9.648637e+000 3.877170e+000 1.881869e+000 1.464666e+000 -6.665269e+000 -4.276981e+000 -5.338087e-001 -5.786423e+000 -3.599471e+000 1.575515e+000 -3.679699e+000 -2.871308e-001 5.153176e-001 -1.997778e+000 -3.228960e+000 -2.476000e+000 4.005760e-001 -1.135778e+000 -1.319497e+000 -2.765913e+000 -2.344087e+000 -2.024086e+000 -5.392037e-001 -7.564342e-001 -1.326068e-001 -5.512631e-001 -5.081066e-001 6.272068e-001 -2.192206e-001 2.076747e-001 7.541272e-001 -2.153804e-001 1.586186e-001 1.331866e+000 
1.123374e+001 1.806985e+001 -7.927422e+000 3.440143e+000 2.939600e+000 3.167427e+000 -8.124057e+000 -4.034020e+000 4.446413e-001 -6.387920e+000 -3.095731e+000 1.358397e+000 -3.314159e+000 -7.765685e-001 1.980577e+000 -1.126143e+000 -4.042630e+000 -1.593879e+000 -3.053101e-001 -1.434697e+000 -3.811339e-001 -2.257535e+000 -2.076868e+000 -1.795378e+000 -1.191520e+000 -1.095673e+000 2.754242e-001 -7.997187e-002 2.049749e-001 1.210230e+000 -3.910300e-001 -3.925089e-002 6.738064e-001 -3.695529e-001 -1.228213e-001 1.670071e+000 
1.168009e+001 1.629854e+001 -8.329826e+000 3.381130e+000 3.067052e+000 1.787996e+000 -7.478601e+000 -4.979891e+000 1.562337e-001 -5.916176e+000 -2.444908e+000 1.051085e+000 -3.134524e+000 -4.465979e-001 1.203020e+000 -8.351534e-001 -3.275173e+000 -1.300984e+000 -1.924772e-001 -1.830637e+000 -7.068525e-001 -2.814251e+000 -1.899723e+000 -1.342841e+000 -1.212733e+000 -1.029057e+000 -3.954906e-001 2.018043e-002 -3.640228e-001 1.397662e+000 -2.723257e-001 -1.779976e-001 1.342739e+000 -6.411720e-001 -1.161965e-001 1.488946e+000 
1.089413e+001 1.760571e+001 -9.399259e+000 4.212716e+000 2.003083e+000 2.226352e+000 -6.110348e+000 -5.245691e+000 -2.040040e-001 -5.796666e+000 -3.228550e+000 4.988615e-001 -4.063769e+000 3.640131e-001 9.667736e-001 3.582365e-001 -2.570170e+000 -2.633762e+000 3.072335e-001 -2.801856e+000 -9.189849e-001 -2.289730e+000 -1.916947e+000 -1.094262e+000 -1.372644e+000 -3.955559e-001 -6.157302e-001 -2.247974e-001 2.425011e-001 4.905992e-001 -1.839725e-001 5.010147e-002 7.067966e-001 -1.586283e-001 3.701854e-001 1.066925e+000 
9.633410e+000 1.802982e+001 -9.946662e+000 5.854683e+000 3.008850e+000 1.817236e+000 -5.035497e+000 -5.594499e+000 -8.982115e-001 -5.657315e+000 -3.597725e+000 5.087845e-001 -3.804767e+000 1.379897e+000 3.921608e-001 -2.651190e-002 -9.270346e-001 -3.761283e+000 1.126389e-001 -2.164466e+000 -8.801463e-001 -1.751350e+000 -2.025954e+000 -7.115806e-001 -1.450090e+000 -4.087595e-001 -2.425764e-001 -6.301410e-001 -1.264504e-001 2.469196e-001 3.231870e-001 -4.705057e-002 1.088148e+000 2.201098e-001 -6.068790e-001 8.155760e-001 
9.473714e+000 2.066238e+001 -7.509064e+000 6.212386e+000 2.210743e+000 2.488414e+000 -3.670500e+000 -3.381717e+000 4.374322e-001 -3.764622e+000 -1.046065e+000 1.888918e+000 -1.212545e+000 1.229064e+000 2.123597e-001 7.411632e-001 -1.368578e+000 -9.170322e-001 2.737993e+000 -4.001592e-001 3.786160e-002 -1.639139e+000 -4.486213e-001 -9.411747e-001 5.377526e-002 3.778864e-001 -1.063897e-001 4.806889e-001 -1.665566e-001 6.306087e-001 6.797281e-002 1.003953e-003 8.695459e-001 -3.134164e-001 1.845175e-001 4.358027e-001 
3.435730e+000 1.833708e+001 -5.137590e+000 3.409462e+000 8.707345e-001 9.711215e-001 -1.481789e+000 -1.463179e+000 5.947438e-001 -3.540854e+000 -1.873870e+000 -7.759039e-001 -2.131369e+000 -7.335610e-001 -1.186615e+000 -3.683944e-001 -2.546881e+000 -2.779326e+000 1.158158e+000 -5.427185e-001 -1.383044e+000 -2.585767e+000 -1.615393e+000 -6.101954e-001 -2.026284e+000 -1.093382e+000 3.974532e-001 5.254308e-001 -3.335279e-001 2.468384e-001 3.681596e-001 5.146991e-002 3.843019e-001 4.410328e-001 9.129460e-002 -3.504799e-001 
3.584969e+000 1.894967e+001 -4.790637e+000 1.727294e+000 8.852275e-001 1.368824e-001 -1.132111e+000 -1.464179e+000 -7.654066e-002 -3.653588e+000 -2.313987e+000 9.291661e-001 1.766151e-001 -3.902463e-001 -1.136637e+000 -1.229817e+000 -3.080403e+000 -2.522664e+000 1.638622e+000 1.519947e-001 -1.231102e+000 -2.275278e+000 -1.572523e+000 -1.415985e-001 -1.778135e+000 -1.415408e+000 -8.131346e-002 -1.578693e-001 -3.723210e-001 3.676565e-002 3.453051e-001 3.979341e-001 4.114001e-001 4.344069e-001 4.449637e-001 1.403190e-001 
1.021276e+000 1.951319e+001 -7.112024e+000 2.839848e+000 -1.388658e-001 2.335861e+000 -3.543915e-001 -7.994794e-001 2.106209e-001 -4.381962e+000 -7.024490e-001 -9.577217e-003 -9.951217e-001 -5.844662e-001 -2.429387e+000 -1.718067e+000 -3.478343e+000 -2.972270e+000 1.087406e+000 -8.487725e-001 6.802675e-001 -2.496762e+000 -8.087496e-001 -1.702185e-001 -1.394466e+000 -4.047468e-001 -8.578680e-001 -1.833127e-002 -1.524021e+000 1.268551e+000 6.391127e-001 1.229928e-001 4.965089e-001 -1.033691e+000 6.765120e-001 -1.178244e-001 
2.088868e+000 1.755014e+001 -5.411316e+000 2.936077e+000 1.105672e+000 6.464515e-001 -2.829405e+000 -3.391364e-001 3.849427e-001 -2.870579e+000 -8.714733e-001 -1.023596e-001 -1.139620e+000 -1.683310e+000 -1.939159e+000 -7.122328e-001 -2.231642e+000 -2.249296e+000 1.159064e+000 8.491283e-001 -1.720569e-001 -2.301890e+000 -1.219274e+000 -4.320208e-001 -1.223059e+000 -8.478093e-001 -1.636214e-001 2.715562e-001 -8.089648e-001 3.082527e-001 2.941545e-001 -2.715991e-001 4.500911e-002 1.114772e-001 6.940939e-001 1.515081e-001 
2.330776e+000 1.537266e+001 -5.322053e+000 3.574314e+000 -1.840101e+000 2.008182e+000 -4.369248e+000 -3.404665e-001 -1.293485e+000 -4.273236e+000 -1.589693e+000 -5.468020e-001 1.229879e+000 -1.095301e+000 2.912777e-002 -8.631091e-001 -1.849561e+000 -1.417381e+000 6.434856e-001 3.895707e-001 -1.158309e+000 -2.392624e+000 -1.551901e+000 -4.124238e-001 -1.833902e+000 -1.324786e+000 3.391897e-001 5.538389e-001 3.456928e-002 -4.363696e-001 5.706507e-001 3.954148e-001 -5.244366e-001 4.465078e-001 4.972243e-001 -1.547686e-001 
1.021621e+001 1.094961e+001 -7.975577e+000 7.311573e+000 -5.257584e+000 1.929684e+000 -3.852914e+000 -6.280558e-001 -1.534190e+000 -6.062959e+000 -1.135540e+000 -1.606181e+000 6.921726e-001 -9.931855e-001 3.183965e-001 -1.922436e+000 -2.790065e+000 -6.630586e-001 7.205489e-002 1.126890e-001 -1.037340e+000 -2.282887e+000 -2.419644e+000 1.084376e-001 -1.465728e+000 -8.971841e-001 1.759222e-001 7.741766e-002 1.592691e-001 -5.262218e-001 9.280906e-001 3.071615e-001 -6.741100e-002 1.291599e-001 5.029070e-001 3.956965e-001 
1.181125e+001 1.157586e+001 -1.119996e+001 1.003753e+001 -6.788845e+000 2.980172e+000 -4.088876e+000 -7.193064e-001 -8.622179e-001 -5.465894e+000 1.038095e+000 -1.442942e+000 4.929751e-001 -2.375256e+000 2.112615e+000 -1.845995e+000 -1.541220e+000 8.072481e-002 2.191539e-002 -6.468677e-002 -1.886410e+000 -5.423293e-001 -2.452034e+000 2.752274e-001 -1.459694e+000 -6.926025e-001 -3.933666e-001 8.842657e-002 5.091297e-001 -1.151364e+000 1.146448e+000 -2.364314e-003 9.920265e-001 -1.432678e-001 6.016162e-001 2.259789e-001 
1.318769e+001 1.153163e+001 -8.862159e+000 9.529223e+000 -5.815009e+000 2.303595e+000 -3.746574e+000 5.025999e-001 -1.435794e+000 -5.165379e+000 -7.302951e-001 -1.395674e+000 1.205119e-001 -2.880316e+000 6.928188e-001 -1.339747e+000 -1.940653e+000 -1.404145e+000 -4.136620e-001 -8.341426e-001 -1.814493e+000 -4.226842e-001 -2.367684e+000 -3.978683e-001 -1.076308e+000 -6.117678e-001 -1.650130e-001 6.423367e-001 2.509002e-001 -7.635457e-001 5.616451e-001 7.662345e-002 1.195795e+000 -1.099571e-001 3.897816e-001 -9.224791e-003 
1.272535e+001 1.553918e+001 -1.187066e+001 7.351202e+000 -1.687822e+000 3.271680e+000 -3.243993e+000 -1.380342e+000 1.444924e-001 -6.290594e+000 -1.013303e+000 -1.492787e+000 -7.807872e-001 -2.768762e+000 -1.367997e-001 3.983284e-001 -2.212372e+000 -1.522752e+000 -1.306907e+000 -1.018262e+000 -1.012621e+000 -1.154545e+000 -1.029757e+000 -1.162604e+000 -1.543479e+000 -9.191995e-001 8.676461e-002 7.487866e-001 -5.123976e-001 -5.582122e-001 5.747761e-001 6.022922e-001 1.059068e+000 -2.552678e-001 1.711572e-001 -2.467932e-001 
1.029880e+001 1.743124e+001 -1.241728e+001 3.796010e+000 1.344999e+000 1.800514e+000 -4.482773e+000 -4.269088e+000 1.080817e+000 -6.430766e+000 -1.315573e+000 8.193177e-001 -2.420175e+000 -1.156535e+000 -4.894942e-001 9.026421e-001 -1.426824e+000 -1.878350e+000 -3.868974e-001 -1.633027e+000 -1.418018e+000 -1.585516e+000 -1.318052e+000 -1.404357e+000 -1.691506e+000 -2.348125e-001 8.853227e-001 3.470394e-001 -7.189082e-001 -7.611133e-002 -9.484061e-002 5.796161e-001 1.639221e+000 -3.520833e-002 -2.705432e-001 6.048681e-001 
1.121839e+001 1.686125e+001 -1.084854e+001 2.716946e+000 1.329819e+000 3.309340e+000 -5.615944e+000 -3.167269e+000 2.272855e+000 -7.307089e+000 -1.563177e+000 1.996801e-001 -3.352733e+000 -1.481030e+000 -1.944886e-001 -2.678011e-001 -2.655915e+000 -2.508597e+000 -9.823531e-001 -1.210095e+000 -1.445206e+000 -9.349905e-001 -9.765102e-001 -1.172184e+000 -4.031157e-001 -5.615494e-001 -2.521768e-001 -3.650702e-001 -8.160835e-001 -1.632584e-002 2.108261e-001 6.069819e-001 7.312024e-001 -1.474482e-001 -2.673861e-001 5.571630e-001 
1.551953e+001 1.491990e+001 -7.832881e+000 3.670991e+000 2.866530e+000 3.145071e+000 -4.427987e+000 -3.012021e+000 9.583071e-001 -6.890984e+000 -2.329831e+000 -2.534323e-001 -2.817563e+000 -9.366078e-002 5.184797e-001 4.823043e-001 -1.515886e+000 -1.910745e+000 -6.357269e-001 -9.413962e-001 -1.348951e+000 -2.205054e+000 -1.692821e+000 -1.582910e+000 -6.471602e-001 4.659983e-001 1.303998e-001 -2.654710e-001 -5.662995e-001 5.749996e-001 3.908925e-001 2.496369e-001 7.232548e-001 -5.764344e-001 -8.662976e-002 8.005986e-001 
1.268770e+001 1.758210e+001 -9.855763e+000 5.335621e+000 1.885333e+000 2.946658e+000 -7.145151e+000 -4.638144e+000 1.019402e+000 -6.811229e+000 -2.240407e+000 1.500187e+000 -4.292865e+000 -2.970359e-001 8.378026e-002 4.244996e-001 -2.646050e+000 -1.475878e+000 -9.133060e-003 -2.290725e+000 -5.920857e-001 -3.385869e+000 -1.649197e+000 -1.811353e+000 -1.205157e+000 -7.250436e-002 -2.578646e-001 -1.339287e-001 -8.075931e-001 1.044147e+000 1.348038e-001 2.154978e-001 1.488355e+000 -1.112558e+000 1.172682e-001 6.413152e-001 
1.566301e+001 1.410091e+001 -6.963376e+000 3.156719e+000 3.525480e+000 1.512266e+000 -6.215081e+000 -4.266203e+000 -6.416118e-002 -6.502421e+000 -2.517423e+000 3.543137e-001 -3.117922e+000 -2.385582e-001 9.893019e-001 -7.476310e-002 -2.501664e+000 -2.861333e+000 -5.415415e-001 -8.929184e-001 -1.113673e+000 -1.893816e+000 -1.830284e+000 -1.680369e+000 -1.399207e+000 -2.125507e-001 -2.252509e-001 -4.452080e-001 1.549860e-001 4.778438e-001 -4.323633e-002 5.590880e-001 5.749058e-001 -3.850015e-001 3.039929e-001 8.858871e-001 
1.264948e+001 1.667010e+001 -8.881093e+000 4.929866e+000 2.263030e+000 2.170643e+000 -7.263598e+000 -4.436320e+000 4.613562e-001 -5.938878e+000 -2.877987e+000 1.127581e-001 -4.181475e+000 -3.554149e-001 8.427110e-001 1.730766e-001 -2.831863e+000 -3.297099e+000 -5.008315e-001 -2.040470e+000 -1.108433e+000 -2.733281e+000 -1.202216e+000 -1.646199e+000 -1.785319e+000 1.873350e-001 -8.146654e-001 -7.293308e-001 5.510141e-003 8.767584e-001 -2.201336e-001 -6.332909e-002 1.079583e+000 -6.765446e-001 5.038579e-001 1.391441e+000 
1.201386e+001 1.878072e+001 -9.669466e+000 5.190693e+000 1.442395e+000 2.015111e+000 -7.323173e+000 -3.795614e+000 8.535094e-001 -5.777506e+000 -2.680240e+000 7.864380e-001 -4.327820e+000 -1.698297e-003 4.939602e-001 3.260376e-002 -3.100988e+000 -2.593051e+000 1.167457e-001 -2.026285e+000 -3.248607e-001 -3.392646e+000 -1.144994e+000 -1.527513e+000 -1.041221e+000 -2.217021e-002 -3.752722e-001 -3.538835e-001 -3.754242e-001 8.713863e-001 -9.906436e-002 -4.844156e-001 1.757180e+000 -6.756540e-001 3.716573e-001 1.146058e+000 
1.112118e+001 1.796883e+001 -8.634355e+000 4.141417e+000 2.345736e+000 2.816794e+000 -7.793045e+000 -3.489780e+000 8.736668e-001 -6.011039e+000 -2.715964e+000 1.597997e+000 -3.905277e+000 -6.915971e-001 1.825468e+000 -1.616581e+000 -3.424852e+000 -1.234817e+000 -9.182169e-003 -1.206758e+000 -7.779794e-001 -3.173621e+000 -2.543444e+000 -1.178488e+000 -2.899127e-001 -7.868419e-001 7.204912e-001 -6.789151e-001 -1.012897e+000 1.223062e+000 -9.019558e-002 5.348407e-002 1.302679e+000 -2.676823e-001 -7.979202e-002 1.715221e+000 
1.176133e+001 1.774456e+001 -8.329913e+000 4.571290e+000 2.707841e+000 3.023154e+000 -7.926834e+000 -3.703135e+000 -1.808518e-001 -5.096649e+000 -2.442662e+000 9.878123e-001 -3.603531e+000 -1.127327e+000 1.604093e+000 -1.289854e+000 -2.890184e+000 -1.487933e+000 -4.965834e-001 -1.080829e+000 -1.191392e+000 -2.996369e+000 -2.115828e+000 -1.371588e+000 -6.395316e-001 -3.356414e-001 7.732606e-001 -1.113385e+000 -2.538508e-001 7.465722e-001 -3.112645e-001 1.970358e-001 1.421767e+000 -2.482801e-001 -5.548102e-001 1.557991e+000 
1.175995e+001 1.601429e+001 -8.225237e+000 4.773606e+000 2.810952e+000 1.314427e+000 -8.029432e+000 -4.842907e+000 5.771140e-002 -5.366154e+000 -2.158156e+000 -1.420205e-001 -3.733944e+000 -4.701796e-001 7.068040e-001 -6.237970e-001 -3.519941e+000 -2.617433e+000 -5.413763e-001 -1.505649e+000 -3.989523e-001 -2.898518e+000 -2.224491e+000 -2.186639e+000 -1.325893e+000 -2.375611e-002 -2.202437e-001 1.229733e-002 -5.251752e-001 3.011200e-001 -5.689758e-001 1.107912e-001 1.219621e+000 -1.952028e-001 4.211077e-001 1.129624e+000 
1.182346e+001 1.685402e+001 -8.781276e+000 4.869870e+000 2.287834e+000 1.728796e+000 -6.797510e+000 -4.712355e+000 1.786551e-001 -5.294178e+000 -2.804712e+000 -2.351865e-001 -4.136068e+000 -9.992181e-002 8.257359e-001 2.538246e-001 -2.538234e+000 -2.192477e+000 -2.553728e-002 -2.639245e+000 -9.296405e-001 -2.772590e+000 -1.606434e+000 -8.583322e-001 -8.544019e-001 -4.581317e-001 -8.998396e-001 -2.054834e-001 -6.007064e-001 8.724215e-001 1.440772e-001 -1.285280e-001 1.133211e+000 -3.337972e-001 4.381814e-001 7.027619e-001 
