-1.497468e+001 2.568961e+001 -2.044647e+000 8.020851e-001 4.222057e+000 -2.184922e+000 1.610172e-001 -2.314225e+000 1.322384e+000 -2.710492e+000 -1.722703e+000 -1.328039e+000 -5.793263e-002 -7.582904e-001 -1.437291e+000 1.552397e+000 -3.010300e-001 -3.648655e-001 1.319835e-001 -4.281931e-001 -3.260120e-001 -1.034781e+000 5.686075e-001 2.926472e-001 -1.881380e-001 1.959213e-002 -7.231101e-002 2.920754e-001 -7.245606e-003 9.538581e-002 -4.441216e-001 -3.369459e-001 9.389774e-001 5.236091e-001 1.403552e-001 -2.549433e-001 
-1.758077e+001 2.485176e+001 -1.260295e+000 2.613091e+000 3.944786e+000 -2.955032e+000 4.778961e-001 -2.810931e+000 2.140417e+000 -3.010674e+000 -1.628494e+000 -4.127062e-001 -6.115415e-001 -2.344400e-002 -9.142416e-001 1.417661e+000 -9.588288e-001 -1.005134e+000 7.149460e-001 -6.869123e-001 1.142528e-002 -1.356800e+000 3.664317e-001 3.261874e-001 7.646510e-002 4.006938e-001 -2.496408e-001 1.613310e-001 -2.131257e-001 1.037823e-001 -6.185624e-001 -4.832290e-001 7.217663e-001 6.594172e-001 5.050453e-001 1.584853e-001 
-1.709280e+001 2.460976e+001 -1.098464e+000 1.944921e+000 3.293733e+000 -2.765455e+000 5.390629e-001 -2.795019e+000 1.753430e+000 -2.768092e+000 -1.763948e+000 -7.619248e-001 2.436337e-001 5.511215e-001 -6.541038e-001 1.532099e+000 -9.767294e-001 -1.026087e+000 -5.415023e-001 -4.634830e-001 8.180564e-003 -1.041636e+000 5.155085e-001 3.014810e-001 4.274915e-002 5.224493e-001 -4.549891e-001 1.905635e-001 2.512167e-002 1.545288e-001 -5.203377e-001 -1.813341e-001 9.708702e-001 1.109037e-001 2.191812e-001 -2.769254e-001 
-1.854064e+001 2.410673e+001 -1.697948e+000 1.029581e+000 4.148285e+000 -2.065234e+000 1.089083e+000 -3.309381e+000 2.868275e+000 -2.783803e+000 -1.997843e+000 -7.554992e-001 -1.123766e+000 -2.483442e-001 -9.206348e-001 1.415574e+000 -1.356152e+000 -1.160235e+000 3.188924e-001 -1.700532e-001 6.337487e-001 -1.418500e+000 6.273500e-001 3.888851e-001 -3.337308e-001 4.716569e-001 -3.235545e-001 3.495615e-001 -3.174445e-002 2.982277e-001 -5.265318e-001 -3.964085e-001 1.184977e+000 1.001615e-001 3.251890e-001 -6.878370e-002 
-1.815729e+001 2.193346e+001 -1.571750e+000 4.696564e-001 3.803344e+000 -8.548470e-001 9.129688e-001 -2.923647e-001 2.324167e+000 -2.575949e+000 -2.390395e+000 -1.516501e+000 -7.161232e-001 -2.092689e+000 -1.538222e+000 7.641752e-001 -1.132441e-001 -5.439877e-001 3.178836e-001 3.074629e-001 -1.045755e-002 -8.663857e-001 3.468875e-001 5.170937e-001 6.241337e-002 2.591155e-001 1.140324e-002 -4.955577e-001 3.446704e-002 4.109035e-001 -2.635371e-001 -2.633821e-001 1.037596e+000 4.744389e-001 -2.055711e-004 2.947416e-001 
-1.734093e+001 2.255903e+001 -2.731278e+000 1.130597e+000 4.516177e+000 -1.305222e+000 3.775460e-001 -1.068930e+000 1.570310e+000 -2.401825e+000 -1.725742e+000 -1.031245e+000 -4.299247e-001 -1.371005e+000 -5.789025e-001 1.472999e+000 4.324752e-002 -1.604614e+000 -1.185563e+000 -9.342969e-001 -4.640217e-001 -8.037528e-002 4.818152e-001 2.927781e-001 2.099138e-001 1.431079e+000 1.149666e+000 2.700372e-001 -7.534414e-002 -2.399510e-001 -9.220764e-001 -1.800473e-001 4.782627e-001 -1.642932e-002 -5.901921e-003 -2.405290e-001 
-1.662651e+001 2.392935e+001 -3.653944e+000 6.074609e-001 4.276212e+000 -1.579134e+000 4.485822e-001 -3.020076e+000 1.920498e+000 -1.700457e+000 -3.041146e-001 -9.923609e-001 -1.272663e+000 -7.396290e-001 -1.300154e+000 1.450235e+000 -8.720230e-001 -1.537506e+000 -9.860997e-001 -4.553747e-001 -2.028714e-001 -8.880881e-001 1.102906e+000 5.633644e-001 2.150612e-001 7.783440e-001 1.887812e-001 6.264075e-001 -1.468741e-001 -3.028774e-001 -4.319125e-001 -3.671120e-001 4.216291e-001 2.994297e-003 3.149019e-001 -5.130284e-001 
-1.419481e+001 2.216185e+001 -3.168454e+000 1.156246e+000 5.480577e+000 2.865656e-001 4.367623e-001 -2.940328e+000 -9.008533e-001 -1.992721e+000 -5.906784e-001 -4.241796e-001 -7.288217e-001 -1.647318e+000 -4.527859e-001 1.360822e+000 -3.899527e-001 -1.805829e+000 -1.330856e+000 -1.922755e-001 6.346185e-002 1.844488e-001 7.771205e-001 5.715130e-001 7.039416e-002 3.708622e-001 1.788993e-001 4.245573e-002 -6.291961e-001 -3.496650e-001 -1.894560e-001 -3.169092e-002 6.268570e-001 8.149490e-001 2.369853e-001 1.544254e-003 
-1.351375e+001 2.468199e+001 -5.123162e+000 1.634766e+000 6.022836e+000 -5.121379e-001 1.061056e+000 -4.336478e+000 -2.085076e-001 -1.681149e+000 -1.571443e-002 -1.130904e+000 -1.045737e+000 -1.547837e+000 -2.197904e+000 2.742876e+000 2.021115e-001 -2.688440e+000 -8.385455e-001 -6.239236e-002 -2.283475e-001 -7.662383e-002 8.230884e-001 3.666789e-001 7.185364e-001 3.040702e-001 3.671766e-002 5.534480e-001 -8.774424e-001 1.398919e-001 -3.318931e-002 -5.071811e-001 2.949950e-001 5.753069e-001 -8.320057e-002 -7.057453e-002 
-1.136600e+001 2.354461e+001 -6.125901e+000 1.482809e+000 7.644727e+000 2.174353e-001 -4.903153e-001 -2.951533e+000 -5.906292e-002 -5.435972e-001 -1.325511e-001 -1.239591e+000 -1.030697e+000 -2.962555e+000 -2.356200e+000 2.282528e+000 3.548826e-001 -2.948020e+000 -1.097807e+000 6.013316e-001 -2.568646e-001 9.151838e-002 9.453150e-001 6.479835e-001 4.915552e-001 4.620378e-001 6.860672e-001 4.272515e-001 -7.615499e-001 -3.646345e-001 -1.145983e-001 -8.853456e-001 2.303389e-001 5.118563e-001 -2.687014e-001 -2.021263e-001 
-9.829119e+000 2.302588e+001 -5.060594e+000 1.325331e-001 7.299508e+000 1.493764e+000 -2.056898e+000 -2.540666e+000 7.908704e-001 -1.661887e+000 -1.088988e+000 3.624570e-003 -9.977562e-001 -3.068109e+000 -1.639418e+000 1.526714e+000 -4.484200e-001 -2.807132e+000 -1.059433e+000 7.853361e-001 3.522785e-001 2.328376e-001 1.019105e+000 1.987521e-001 -2.498820e-002 8.472094e-001 7.888561e-001 -2.365680e-001 -2.236855e-001 1.265460e-002 -3.744909e-001 -4.119300e-001 2.774821e-001 -8.400649e-004 -2.186769e-001 -3.286827e-001 
-8.733443e+000 2.217140e+001 -5.647566e+000 1.126143e+000 8.025566e+000 2.093654e+000 -2.529531e+000 -3.244236e+000 2.244111e-001 -1.482435e+000 -6.182021e-001 5.346941e-001 -1.176836e+000 -3.852055e+000 -2.513116e+000 1.239962e+000 5.852526e-001 -2.549481e+000 -5.809956e-001 1.085810e+000 8.693381e-002 9.405939e-002 9.660558e-001 3.300493e-001 -1.446725e-001 8.111427e-001 5.138016e-001 -8.057373e-001 -4.020950e-001 -7.472726e-003 -5.121636e-001 -1.080195e-001 7.063025e-001 6.129047e-001 1.728113e-003 -1.974961e-001 
-8.595524e+000 2.410642e+001 -6.651398e+000 5.166408e-001 7.685217e+000 2.141696e+000 -1.841474e+000 -3.898438e+000 6.900026e-001 -2.427188e+000 -1.333970e+000 2.147397e-001 -5.502773e-001 -3.194399e+000 -1.951656e+000 2.406068e+000 1.920031e-001 -3.140645e+000 -8.507694e-001 1.290833e+000 3.669845e-002 2.959892e-001 7.876760e-001 -5.777767e-001 -2.928758e-002 1.048607e+000 3.976824e-001 -1.779942e-001 -1.420839e-001 -3.134895e-001 -9.481918e-001 -4.758483e-001 9.914560e-001 7.830039e-001 3.623179e-001 -2.531224e-001 
-8.173973e+000 2.260478e+001 -6.205446e+000 -9.075418e-002 8.049697e+000 3.047124e+000 -2.344203e+000 -2.892934e+000 6.747358e-001 -2.781981e+000 -1.678762e+000 1.220634e-003 -1.648220e+000 -3.761327e+000 -5.665858e-001 2.789532e+000 6.191773e-001 -1.948014e+000 -1.280440e+000 2.178608e-002 2.915398e-001 -5.778624e-001 7.736660e-002 5.959377e-001 3.033207e-001 1.003240e+000 8.541128e-001 -4.820251e-001 -6.040664e-001 -3.265693e-001 -8.155000e-001 -1.164502e-001 1.068192e+000 6.981135e-001 -2.062715e-001 -8.669106e-001 
-7.916796e+000 2.273407e+001 -8.038620e+000 9.466261e-001 8.500618e+000 2.798701e+000 -1.639488e+000 -3.099658e+000 6.556706e-001 -2.996347e+000 -6.718539e-001 2.789225e-001 -1.605987e+000 -3.426753e+000 -1.463242e+000 2.229153e+000 9.880053e-002 -2.470561e+000 -1.158214e+000 2.154058e-001 5.198409e-001 -2.643506e-001 6.348335e-001 8.562313e-001 1.231833e-001 7.120239e-001 6.679808e-001 -3.521125e-001 -1.976247e-001 1.850577e-001 -6.286846e-001 -7.044513e-001 7.566043e-001 1.709390e-001 -9.592201e-001 -3.946463e-001 
-7.927318e+000 2.314568e+001 -8.612268e+000 1.191001e+000 8.350173e+000 2.234313e+000 -9.401730e-001 -3.001785e+000 1.401903e+000 -2.934905e+000 1.628516e-001 6.262762e-001 -2.062984e+000 -3.585255e+000 -1.839403e+000 1.580106e+000 -2.800375e-001 -3.134312e+000 -1.449188e+000 6.030072e-001 5.970777e-001 -2.671065e-001 8.029165e-001 1.072165e+000 5.936887e-001 1.262937e+000 1.466582e+000 -1.439001e-001 -3.475533e-001 1.773388e-001 -1.815554e+000 -1.315956e+000 8.668111e-001 -2.191666e-001 -6.629124e-001 -3.684036e-001 
-7.105281e+000 2.034800e+001 -6.620482e+000 3.771447e-001 8.935513e+000 4.240542e+000 -1.859901e+000 -1.649358e+000 4.522723e-001 -3.363842e+000 -1.167814e+000 1.579324e-001 -2.334462e+000 -3.830872e+000 -1.270042e+000 1.604837e+000 1.729913e-001 -2.389528e+000 -9.706013e-001 9.900555e-001 8.430022e-001 -1.950807e-001 3.280942e-001 4.730895e-001 6.662616e-003 5.613124e-001 9.987218e-001 -3.415518e-001 -5.828145e-002 6.440377e-001 -1.280856e+000 -1.034146e+000 9.345519e-001 9.899496e-002 -4.488375e-001 -1.467263e-001 
-9.628675e+000 2.253658e+001 -7.591766e+000 7.745497e-001 8.598964e+000 3.852698e+000 -6.595105e-001 -2.879843e+000 1.999827e+000 -4.079068e+000 -1.431166e+000 -4.405531e-002 -2.585582e+000 -3.293914e+000 -1.218275e+000 2.078560e+000 -7.626414e-002 -2.040167e+000 -1.146650e+000 5.782074e-001 1.062637e+000 -1.923767e-001 2.134004e-001 1.009029e+000 -8.166018e-002 7.555881e-001 1.150235e+000 -5.288714e-001 -4.511789e-001 7.177469e-001 -1.207369e+000 -8.863001e-001 1.016201e+000 6.295794e-002 -3.744789e-001 -3.024080e-001 
-7.096115e+000 1.996565e+001 -5.121084e+000 6.963427e-001 8.514790e+000 3.739433e+000 -2.559067e+000 -2.556114e+000 2.011542e-001 -2.460070e+000 -1.361519e+000 4.533043e-001 -1.672351e+000 -3.841506e+000 -1.039428e+000 2.019155e+000 3.588653e-001 -2.458222e+000 -1.530915e+000 2.462730e-001 1.638449e-001 -3.252112e-001 7.434233e-001 8.425042e-001 3.434995e-001 1.081968e+000 1.054034e+000 -1.519582e-001 -2.713627e-001 -8.844245e-002 -8.791448e-001 -9.275829e-001 2.752367e-001 2.705860e-001 -5.445162e-001 -5.259917e-001 
-7.020275e+000 2.138037e+001 -5.296277e+000 6.116466e-001 8.090483e+000 3.232650e+000 -3.198357e+000 -2.738554e+000 2.861881e-001 -2.533746e+000 -1.026574e+000 7.884716e-001 -1.766110e+000 -4.301373e+000 -1.583599e+000 1.795605e+000 5.571714e-001 -1.510753e+000 -9.278773e-001 4.002254e-001 3.693006e-001 -9.068072e-001 1.241833e-002 6.409259e-001 2.930113e-001 1.201544e+000 1.309198e+000 -2.832022e-001 -6.229196e-001 -1.448509e-001 -7.870336e-001 -7.462826e-001 7.080176e-001 6.953913e-001 -2.755374e-001 -5.522722e-001 
-8.805326e+000 2.348804e+001 -6.605281e+000 1.114859e+000 9.115101e+000 2.348762e+000 -2.881767e+000 -3.813568e+000 1.019926e+000 -3.057038e+000 -9.869962e-002 6.851478e-001 -2.484319e+000 -3.518613e+000 -1.202283e+000 2.015385e+000 8.922766e-001 -1.639887e+000 -2.168400e+000 1.570283e-001 8.538877e-001 -9.459910e-001 4.071124e-001 1.159124e+000 -4.013997e-002 1.015913e+000 1.196639e+000 -4.524109e-001 -4.695154e-001 5.363030e-001 -1.027708e+000 -1.270199e+000 1.031858e+000 5.349517e-001 -6.337913e-001 -2.261142e-001 
-7.818859e-002 1.587218e+001 -3.253463e+000 5.949106e-001 5.952530e+000 1.711955e+000 -2.490550e+000 -1.548139e+000 -2.069315e-001 -1.248648e+000 -6.863454e-001 4.646578e-001 -1.515140e+000 -3.569185e+000 -1.222123e+000 1.623493e+000 9.515455e-001 -6.287779e-001 -2.895867e-001 7.795692e-001 6.636191e-001 -5.324799e-001 -5.520074e-001 2.073042e-001 7.417792e-001 1.136876e+000 9.194306e-001 3.571772e-001 5.169872e-001 4.355526e-001 -1.068840e-001 -5.066674e-001 -2.864407e-002 8.996886e-002 -6.698295e-001 -8.395083e-001 
-1.446216e+001 2.466991e+001 -3.121318e+000 8.192446e-001 3.688152e+000 -2.000464e+000 8.445747e-001 -1.715256e+000 1.471060e+000 -2.833211e+000 -1.098092e+000 -8.003493e-001 -3.822279e-001 -1.052890e+000 -2.311490e-001 1.837320e+000 -9.605099e-001 -5.001938e-001 4.467998e-001 -6.595598e-001 -1.097894e+000 -8.556741e-001 4.949871e-001 3.172620e-001 -3.480865e-001 5.585961e-002 -3.297007e-001 4.464306e-001 3.435464e-001 2.885486e-001 -3.843724e-001 -2.799019e-001 3.137153e-001 1.046561e-001 -1.304087e-001 -2.881707e-001 
-1.476259e+001 2.433393e+001 -3.616916e+000 1.498372e+000 3.808473e+000 -2.639462e+000 1.679420e-001 -1.816491e+000 2.549478e+000 -2.474000e+000 -1.496635e+000 -8.281537e-001 1.958953e-001 4.154210e-001 -4.760828e-001 1.669692e+000 -8.316212e-001 -1.439332e+000 1.195257e+000 -9.628777e-001 -1.624221e+000 -4.364649e-001 -8.056114e-002 2.046905e-001 -1.950431e-002 5.035414e-001 3.387875e-001 7.100519e-003 1.498613e-002 9.229391e-003 -9.989537e-001 -9.202542e-002 6.791352e-001 1.290744e-002 -6.156747e-001 -1.105082e-001 
-1.628172e+001 2.463620e+001 -3.426656e+000 1.255995e+000 3.986540e+000 -3.256176e+000 9.391829e-001 -1.742419e+000 3.886151e+000 -2.589871e+000 -1.379213e+000 -1.508169e+000 1.263127e-001 7.143697e-001 -9.090847e-001 1.783792e+000 -1.651572e+000 -1.524813e+000 3.549803e-001 -4.617312e-001 -3.397447e-001 -1.431185e+000 9.323330e-001 5.843758e-001 1.002545e-001 4.207040e-001 -4.228994e-001 -8.073283e-002 -6.869892e-001 4.454473e-001 -7.614796e-002 1.166127e-001 4.434148e-001 -3.879542e-001 -1.554382e-001 -3.695474e-001 
-1.501599e+001 2.413536e+001 -4.443341e+000 5.870941e-001 3.635878e+000 -2.741173e+000 -2.277834e-001 -2.021895e+000 3.266010e+000 -1.829854e+000 -9.316839e-001 -8.129803e-001 2.981714e-001 6.820892e-001 -1.191430e+000 1.357981e+000 -8.267012e-001 -1.545873e+000 -3.132841e-001 -2.712519e-001 -3.823051e-001 -1.436263e+000 5.344912e-001 8.832882e-001 1.331943e-001 5.656397e-002 -3.241286e-001 1.312096e-002 -2.840726e-001 1.477830e-001 -1.947899e-002 -3.338715e-001 7.381781e-002 2.098914e-001 5.655598e-001 -7.059574e-002 
-1.335656e+001 2.193599e+001 -3.052842e+000 3.802859e-001 3.548216e+000 -2.454143e+000 -1.591934e+000 -7.798211e-001 1.364218e+000 -1.848350e+000 -1.409420e+000 -1.051935e+000 -7.275798e-001 -1.238655e+000 4.438847e-001 1.999788e+000 6.390926e-003 -1.425846e+000 -1.328957e-001 -1.596379e-001 -6.686438e-001 2.210257e-002 6.169265e-001 -2.723742e-001 -4.394129e-001 2.840800e-001 -3.191016e-001 -5.062052e-001 8.387931e-002 -1.158687e-001 -4.755589e-001 4.804594e-001 1.047105e+000 4.203116e-001 -2.248637e-001 -4.960727e-001 
-1.409468e+001 2.238988e+001 -2.611361e+000 -3.350258e-001 3.799702e+000 -1.584535e+000 -1.617287e+000 -1.447663e+000 7.870002e-001 -2.195400e+000 -1.557793e+000 -5.575804e-001 -3.994466e-001 -1.594590e+000 -5.623504e-001 1.172567e+000 2.675012e-001 -1.386066e+000 -3.548260e-001 1.856635e-001 -2.963845e-001 -3.382877e-002 8.693935e-001 1.593018e-001 -3.723405e-001 -3.486458e-001 -1.175622e-001 -1.332711e-001 5.385540e-001 7.603929e-001 -1.266589e-001 8.207123e-002 1.010565e+000 3.779427e-001 -1.194072e-001 8.019931e-002 
-1.489544e+001 2.543862e+001 -4.350812e+000 -7.298548e-002 3.848099e+000 -2.638944e+000 -4.222477e-001 -3.305330e+000 1.828561e+000 -3.397655e+000 -1.362758e+000 -5.789891e-001 -1.036463e+000 -1.082154e+000 -2.027144e+000 1.896091e+000 -8.223174e-001 -1.203322e+000 -3.845049e-002 -4.265513e-001 -2.806194e-001 -8.351734e-001 9.461497e-001 -9.567829e-002 1.786873e-001 1.012573e+000 -6.693218e-002 2.853191e-001 -4.634183e-001 4.967349e-001 -1.274215e-001 -2.974654e-001 1.188628e+000 -1.097943e-001 2.348850e-001 2.012738e-002 
-1.453595e+001 2.497247e+001 -4.807586e+000 1.065662e+000 4.844605e+000 -2.850838e+000 8.568136e-001 -3.742014e+000 1.256088e+000 -1.956516e+000 -9.693571e-001 -8.463469e-001 -1.292793e+000 -2.457408e+000 -2.393750e+000 2.483737e+000 -3.007020e-001 -1.110119e+000 -4.886838e-001 -7.917183e-001 5.017196e-001 -2.338280e-001 1.101773e+000 -3.188776e-001 -5.991592e-001 1.124665e+000 2.324696e-001 -8.498446e-003 3.247094e-003 3.961503e-001 -9.863314e-002 7.118448e-003 5.558647e-001 -2.826053e-001 8.282420e-001 -5.267492e-001 
-1.148040e+001 2.268335e+001 -4.638372e+000 6.741457e-001 4.523284e+000 -8.652727e-001 -1.380850e-001 -2.536102e+000 -2.309382e-001 -8.281290e-001 -2.935043e-001 -8.018357e-001 -1.222021e+000 -2.727457e+000 -1.779253e+000 1.608195e+000 6.903538e-002 -2.394155e+000 -1.523235e+000 -1.892194e-001 -2.501461e-001 2.120047e-001 8.364739e-001 1.086286e+000 6.167604e-001 6.254078e-001 4.500921e-001 3.310396e-001 -1.532341e-001 2.086761e-002 -2.659960e-001 -8.002533e-001 -4.307192e-001 3.302676e-001 1.276843e-001 -4.495050e-002 
-1.185462e+001 2.255929e+001 -7.247736e+000 9.515799e-001 7.309173e+000 4.228734e-001 3.779570e-001 -2.252354e+000 9.023482e-002 -1.747126e+000 -4.767598e-001 -1.525190e+000 -1.011746e+000 -2.525740e+000 -2.020739e+000 2.028745e+000 -6.581377e-001 -3.086436e+000 -8.527979e-001 3.352120e-001 4.770168e-001 3.564450e-001 1.220602e+000 3.682710e-001 1.777335e-001 3.906738e-001 5.353253e-001 2.457994e-001 -1.860518e-001 2.742092e-001 -2.514403e-001 -6.409987e-001 9.153421e-002 -2.491392e-001 -3.139957e-001 -3.328311e-001 
-9.281870e+000 2.232733e+001 -5.031623e+000 4.068387e-003 6.335495e+000 9.069849e-001 -2.140479e+000 -2.745355e+000 3.257082e-001 -1.070095e+000 -1.345670e+000 -8.624717e-001 -1.103994e+000 -3.043055e+000 -1.344512e+000 1.959477e+000 5.757653e-002 -2.823448e+000 -1.321080e+000 6.694609e-001 5.461827e-001 5.766146e-001 1.193269e+000 3.898813e-001 -6.492249e-001 1.560438e-001 4.639633e-001 -2.660928e-001 -1.747887e-001 2.239776e-001 -3.369699e-001 -3.275521e-001 4.516077e-001 7.206270e-001 4.864778e-001 4.860818e-002 
-8.113652e+000 2.448109e+001 -6.488019e+000 -8.629399e-001 5.681104e+000 3.616061e-001 -1.819825e+000 -2.535486e+000 1.489568e+000 -1.754355e+000 -1.054068e+000 -3.145808e-001 -1.464357e+000 -2.953525e+000 -1.414113e+000 1.548713e+000 2.233036e-001 -3.103490e+000 -1.642855e+000 8.058256e-001 4.390920e-001 4.700964e-002 9.949512e-001 5.738118e-001 -3.808495e-001 7.477226e-001 1.315009e+000 -7.611933e-002 -3.436033e-001 1.584630e-001 -7.959573e-001 -7.874299e-001 4.478022e-001 4.210898e-001 2.438502e-002 -8.999298e-002 
-7.857178e+000 2.268394e+001 -6.766821e+000 -2.570658e-001 6.721611e+000 1.539118e+000 -1.972332e+000 -2.421571e+000 7.556046e-001 -2.008074e+000 -1.073980e+000 1.011863e-001 -1.184804e+000 -3.335857e+000 -1.258548e+000 1.812873e+000 -1.090948e-001 -3.168241e+000 -1.893086e+000 6.429497e-001 7.138396e-001 1.564978e-001 6.526283e-001 4.787394e-001 9.056050e-002 9.968685e-001 8.404739e-001 2.247592e-001 2.299748e-001 2.359266e-001 -1.125236e+000 -9.912948e-001 1.181579e-001 1.237842e-001 -4.482207e-001 -7.516436e-001 
-8.282900e+000 2.279531e+001 -7.406557e+000 -4.070655e-001 6.906308e+000 2.276435e+000 -1.559097e+000 -2.724526e+000 9.237368e-001 -2.688382e+000 -1.382002e+000 4.082565e-001 -1.562610e+000 -3.724271e+000 -1.417955e+000 2.294178e+000 7.677764e-002 -2.519923e+000 -8.271963e-001 5.640344e-001 2.238822e-001 1.961810e-001 7.308736e-001 4.969508e-001 -1.136337e-001 7.393016e-001 1.447764e-001 -6.654622e-001 2.462640e-001 2.980619e-001 -8.032834e-001 -3.436045e-001 7.535261e-001 3.517633e-001 -3.527302e-001 -2.355933e-001 
-8.938065e+000 2.287757e+001 -7.885078e+000 7.897380e-001 8.124064e+000 2.265412e+000 -2.392414e+000 -3.681570e+000 1.077183e+000 -2.841504e+000 -1.996058e-001 4.637462e-001 -1.809578e+000 -4.204799e+000 -1.902481e+000 2.609146e+000 1.322286e-001 -2.410036e+000 -4.467204e-001 8.667646e-001 6.350722e-001 -1.900570e-001 4.440878e-001 8.257185e-002 -2.663998e-001 6.587711e-001 1.921488e-001 -4.644522e-001 2.095864e-001 3.163458e-001 -9.295851e-001 -5.576970e-001 1.293800e+000 5.147324e-001 -4.018308e-001 -1.419985e-001 
-8.839489e+000 2.417963e+001 -8.433604e+000 5.407364e-001 7.614464e+000 1.846312e+000 -1.946888e+000 -3.415022e+000 1.712171e+000 -3.354999e+000 -4.928441e-001 4.216625e-001 -1.949415e+000 -3.582516e+000 -1.579562e+000 2.468741e+000 -1.861285e-001 -2.301271e+000 -5.241623e-001 1.157455e+000 8.286893e-001 -5.979819e-001 3.672881e-001 1.134855e-001 7.908182e-002 7.461210e-001 3.897341e-001 -6.336745e-001 -6.654275e-001 3.030650e-001 -7.895051e-001 -2.931846e-001 2.058573e+000 3.549982e-001 -6.032079e-001 -1.146157e-001 
-7.402887e+000 2.212367e+001 -7.125469e+000 4.728074e-001 7.652097e+000 2.205414e+000 -3.043186e+000 -2.704148e+000 3.308249e-001 -3.202000e+000 -4.836454e-001 3.720700e-001 -1.783909e+000 -3.045238e+000 -1.033357e+000 1.577052e+000 2.361751e-001 -1.954664e+000 -1.002276e+000 9.672326e-001 9.943505e-001 -8.284928e-001 8.144289e-002 3.670131e-001 -3.314331e-001 5.292355e-001 9.903694e-001 -7.686858e-001 -5.618041e-001 6.818279e-001 -8.811630e-001 -6.004605e-001 1.576447e+000 3.939536e-001 -3.731188e-001 1.107843e-002 
-1.035979e+001 2.450664e+001 -8.107872e+000 1.318986e+000 8.007722e+000 1.900213e+000 -1.108983e+000 -4.754438e+000 2.019294e+000 -4.318121e+000 -3.718393e-001 5.355584e-001 -2.394764e+000 -2.308939e+000 -1.788809e+000 3.144339e+000 1.624486e-001 -1.506939e+000 -8.227131e-001 -5.806143e-001 1.045436e+000 -9.204389e-001 8.117000e-001 5.785607e-001 -2.621599e-001 4.453796e-001 4.649009e-001 -4.857950e-001 -6.175069e-001 1.135262e+000 -5.679234e-001 -8.091837e-001 1.199570e+000 -9.763749e-002 -5.012041e-002 -4.347239e-001 
-8.192707e+000 2.131106e+001 -6.115713e+000 1.403563e-001 7.431218e+000 3.065273e+000 -1.732532e+000 -2.404049e+000 9.172354e-001 -2.391549e+000 -1.548000e+000 1.639577e-001 -1.494090e+000 -4.028051e+000 -1.432286e+000 2.103561e+000 9.000035e-001 -2.052190e+000 -1.058026e+000 5.433664e-001 3.064486e-001 -3.205488e-001 5.810771e-001 3.376797e-001 -1.081053e-001 5.421947e-001 4.648891e-001 -3.577283e-001 1.065556e-001 3.395475e-001 -8.222037e-001 -9.490924e-001 3.525566e-001 4.993141e-001 1.438566e-001 -2.621692e-002 
-8.465749e+000 2.173227e+001 -6.327063e+000 -1.483982e-001 7.786415e+000 3.071840e+000 -2.063861e+000 -2.228560e+000 1.219959e+000 -2.745241e+000 -1.434423e+000 4.836073e-001 -1.027314e+000 -3.968119e+000 -1.764337e+000 1.801828e+000 -5.447527e-002 -2.183301e+000 -1.323688e+000 3.734312e-001 7.304039e-001 -2.021487e-001 8.098915e-001 7.961493e-001 6.071884e-002 9.671732e-001 4.825975e-001 -5.475938e-001 -2.119828e-001 1.601521e-001 -6.603427e-001 -8.921294e-001 5.218769e-001 3.762734e-001 -4.749822e-001 -2.261903e-001 
