-8.337049e+000 2.101766e+001 -2.752972e+000 4.525194e-001 2.552877e+000 3.408344e+000 -2.935784e+000 -2.457102e+000 6.158006e-001 -1.673381e+000 -1.265557e+000 -2.379965e+000 1.513381e+000 -6.088968e-001 -3.534190e-001 1.756213e+000 5.269593e-002 -2.094539e+000 -1.596913e+000 2.571778e-001 -9.232668e-001 -1.398748e+000 -1.116861e+000 -1.601334e+000 -1.032817e+000 -4.080756e-001 -2.009017e-001 -3.862533e-001 3.426490e-001 -1.344314e-001 2.727572e-002 5.937462e-001 1.176311e-001 -6.145600e-001 2.376539e-001 7.460426e-001 
-2.258270e+000 1.624316e+001 -4.307207e+000 5.254855e+000 1.235965e-001 6.678413e+000 -3.749132e+000 -1.561321e+000 9.088702e-001 -2.440345e+000 -1.761872e+000 -3.951705e+000 2.024747e+000 -2.066101e+000 -1.424654e-001 1.993882e-001 -3.216368e-001 -2.281247e+000 -2.862147e+000 3.931038e-001 -1.171484e+000 -4.230997e-001 -1.613022e+000 -9.129128e-001 -1.184185e+000 -4.021524e-001 -5.471515e-002 -2.292888e-001 1.011712e-001 -3.736548e-001 5.464310e-001 2.152422e-001 9.764916e-001 -1.648194e-001 6.966045e-001 1.548957e-001 
2.912529e+000 1.081608e+001 -4.600087e+000 6.491155e+000 -2.527835e+000 5.108769e+000 -3.956995e+000 -1.471364e+000 5.191419e-001 -1.462737e+000 -4.693894e-001 -3.010167e+000 1.785161e+000 -1.223682e+000 4.313188e-001 1.880757e-001 -5.167674e-001 -1.081749e+000 -2.232794e+000 3.454102e-002 -7.291445e-001 -5.546365e-001 -1.341484e+000 -8.588286e-001 -1.134913e+000 -9.950359e-001 -2.953250e-001 -3.943103e-001 5.872152e-001 -4.815194e-001 -2.086080e-001 2.090024e-001 -7.242922e-002 4.885483e-001 4.534040e-001 1.141636e-001 
4.114571e+000 1.044673e+001 -6.379721e+000 1.064929e+001 -3.283714e+000 7.224140e+000 -3.498493e+000 -2.122849e+000 -4.410136e-002 -4.413611e+000 -2.047574e+000 -5.157938e+000 1.445139e+000 -1.320742e+000 2.263903e+000 -9.178164e-001 -6.879941e-003 -1.325980e+000 -3.693802e+000 -1.761877e+000 -1.464767e+000 4.232688e-001 -1.968459e+000 -3.126367e-001 -1.483453e+000 -6.208037e-002 -4.476728e-001 -4.535084e-002 9.902192e-001 -9.324213e-001 1.947588e-001 -1.078764e-001 9.543721e-001 7.139985e-003 3.841591e-001 -3.708714e-001 
4.938883e+000 8.979709e+000 -7.416899e+000 9.027352e+000 -3.119799e+000 6.641704e+000 -3.175962e+000 -9.436307e-001 1.187892e+000 -1.673296e+000 -2.718024e+000 -4.459544e+000 6.720648e-001 -1.821056e+000 -1.405003e-001 -1.122759e+000 -6.762281e-001 -1.382239e+000 -2.135721e+000 -4.278793e-001 -4.175767e-001 -2.173492e-001 -1.473616e-001 -9.240807e-001 -3.218563e-001 -7.692710e-001 4.220171e-002 3.419500e-002 5.232662e-002 -2.775289e-001 -1.242145e+000 -2.033058e-002 2.855999e-001 6.248135e-001 -1.541775e-001 1.361047e-001 
5.213440e+000 9.103260e+000 -8.614557e+000 7.205845e+000 -2.792211e+000 6.749357e+000 -2.759888e+000 -2.092413e+000 5.807460e-001 8.478694e-002 -1.707463e+000 -2.552807e+000 5.931323e-001 -2.325155e+000 -2.936572e+000 -1.951978e+000 -3.741251e-002 -9.610243e-001 -2.781912e+000 -9.743851e-001 1.224437e-001 -1.345158e+000 -1.075485e+000 -1.789480e+000 -3.520757e-001 -1.547442e+000 1.819343e-001 6.729632e-001 4.102029e-001 -4.704392e-002 -8.016153e-001 2.957215e-001 5.474374e-002 1.061549e+000 -2.112382e-001 2.441056e-001 
4.479957e+000 1.127491e+001 -8.384803e+000 6.830617e+000 -1.712545e+000 6.454050e+000 -2.840179e+000 -4.051904e+000 8.732511e-001 -1.859701e+000 -1.859441e+000 -4.895074e+000 8.174928e-001 -1.537775e+000 -3.093796e+000 -7.974291e-001 -5.381948e-001 -5.399817e-001 -3.625083e+000 -9.739282e-001 -2.213045e-004 -1.863761e+000 -2.569365e+000 -2.112989e+000 -5.738921e-001 -1.807954e+000 -1.829651e-001 1.074571e+000 1.284986e+000 5.403053e-002 -7.802008e-001 3.156411e-001 7.073919e-002 3.865774e-001 -6.298586e-001 1.227019e-001 
2.274079e+000 1.508887e+001 -1.023485e+001 7.444953e+000 -5.959444e-001 5.955237e+000 -3.053947e+000 -5.182329e+000 2.356831e+000 -3.571398e+000 -1.140428e+000 -5.522477e+000 8.589402e-001 -1.487567e+000 -1.651621e+000 -5.117686e-001 -2.240248e+000 -1.173056e+000 -4.971391e+000 -1.057817e+000 -8.918397e-001 -1.328284e+000 -7.353408e-001 -7.907583e-001 -3.397041e-002 -2.174398e+000 -1.883221e-001 -6.363763e-002 7.891357e-001 7.803846e-002 -1.270029e+000 4.643353e-001 -2.453980e-001 1.176180e+000 -3.132508e-001 1.482183e-001 
2.512873e+000 1.540298e+001 -8.797351e+000 4.234129e+000 1.690517e+000 6.324030e+000 -2.927802e+000 -4.635445e+000 1.075248e+000 -2.448084e+000 -2.810627e+000 -4.982846e+000 -6.578136e-002 -2.496527e+000 -2.764111e+000 -8.319547e-001 -1.815945e+000 -1.994862e+000 -4.146889e+000 -9.258661e-001 -1.056517e+000 -1.511200e+000 1.109937e-001 -1.044147e+000 -5.937340e-001 -1.671742e+000 -9.182425e-001 4.581438e-003 2.555009e-001 -4.561904e-001 -7.383617e-001 -4.148202e-002 1.376760e-001 9.942925e-001 -3.164654e-001 -2.805827e-002 
1.475610e+000 1.827480e+001 -9.576382e+000 4.497421e+000 1.111497e+000 7.072617e+000 -3.745205e+000 -6.629394e+000 1.815342e+000 -2.558443e+000 -3.506410e+000 -5.150991e+000 1.914619e+000 -3.172428e+000 -2.426097e+000 1.189542e+000 -1.721792e+000 -1.588530e+000 -3.878819e+000 -7.981181e-001 -1.742237e+000 -1.977847e+000 -6.792013e-001 -2.064418e+000 -1.093837e+000 -1.782058e+000 -6.717024e-001 3.265306e-001 7.196852e-001 -1.071857e-001 -1.496218e-001 2.158827e-001 -1.907529e-001 1.436822e+000 -4.244540e-001 -3.251679e-001 
6.566332e-001 1.969186e+001 -1.010560e+001 5.141944e+000 2.395505e+000 6.714433e+000 -2.791133e+000 -7.575174e+000 2.216616e+000 -2.591800e+000 -4.049694e+000 -4.804410e+000 3.122308e+000 -3.568800e+000 -2.281965e+000 2.956219e+000 -1.668757e+000 -1.416292e+000 -4.089585e+000 -1.484866e+000 -1.747134e+000 -1.900267e+000 3.841574e-001 -2.021201e+000 -1.005395e+000 -9.959944e-001 -3.543397e-001 -2.120781e-001 9.073524e-001 -1.000859e-001 -7.392251e-001 5.544259e-001 -2.039483e-002 1.458322e+000 -2.995597e-001 2.051400e-001 
1.871594e+000 1.738633e+001 -9.654324e+000 3.460819e+000 3.054783e+000 6.400405e+000 -3.858137e+000 -5.470369e+000 2.692367e-001 -2.358077e+000 -3.758271e+000 -4.496628e+000 2.304655e+000 -3.685406e+000 -1.917845e+000 1.937518e+000 -1.563219e+000 -1.178474e+000 -3.690048e+000 -2.239159e+000 -1.251374e+000 -1.306390e+000 -5.439721e-001 -1.948981e+000 -6.225427e-001 -9.084678e-001 -1.046612e+000 1.091276e-001 1.046930e+000 -5.261638e-001 -6.510359e-001 3.845834e-001 2.982122e-001 1.226190e+000 2.313055e-002 5.534567e-001 
1.448604e+000 1.803953e+001 -9.844145e+000 4.352620e+000 3.104825e+000 7.104684e+000 -3.788122e+000 -6.698988e+000 1.037282e+000 -1.793533e+000 -3.075127e+000 -4.040736e+000 2.540288e+000 -5.050077e+000 -3.329719e+000 1.334327e+000 -2.135748e+000 -1.274385e+000 -3.338870e+000 -6.285332e-001 -1.591972e+000 -7.397073e-001 -7.532331e-003 -2.259063e+000 -1.412859e-001 -3.162341e-001 -9.791198e-001 -9.461479e-001 1.149216e+000 -1.736206e-001 -1.455610e+000 8.777884e-001 6.097448e-001 4.744844e-001 -8.613427e-001 8.930260e-001 
1.952650e+000 1.669514e+001 -1.067589e+001 3.602458e+000 3.237359e+000 6.650209e+000 -2.935062e+000 -6.001692e+000 9.565294e-001 -1.880412e+000 -3.528226e+000 -4.004493e+000 5.655857e-001 -4.236754e+000 -2.637920e+000 2.973345e-001 -2.070687e+000 -2.765887e+000 -4.027945e+000 -1.174582e+000 -1.320747e+000 -6.630340e-001 -1.703239e-001 -2.252784e+000 1.095895e-001 -7.519544e-001 -1.523411e+000 -1.307680e-001 4.871937e-001 -6.884400e-001 -7.972668e-001 3.023687e-001 5.489608e-001 6.367548e-001 -8.214483e-001 5.904325e-002 
3.780470e-001 1.805448e+001 -1.149377e+001 4.335826e+000 2.482020e+000 7.297430e+000 -1.770067e+000 -6.331517e+000 2.047248e+000 -2.515233e+000 -3.260374e+000 -5.302825e+000 1.179438e+000 -5.704766e+000 -3.397960e+000 1.586553e+000 -2.678212e+000 -2.758216e+000 -4.027771e+000 -3.637588e-001 -1.442617e+000 -4.206922e-001 5.393053e-001 -2.465013e+000 5.718258e-002 -3.321185e-001 -6.192826e-001 -6.269368e-001 1.092414e+000 -6.120233e-001 -1.836975e+000 1.139168e-001 2.143274e-001 5.505997e-001 -1.696329e+000 6.976790e-001 
1.951910e+000 1.912389e+001 -1.046078e+001 5.622680e+000 1.906655e+000 6.679872e+000 -3.072682e+000 -8.305058e+000 1.765935e+000 -2.476186e+000 -3.276806e+000 -3.663216e+000 2.031799e+000 -5.332058e+000 -2.780403e+000 2.299034e+000 -1.897802e+000 -1.799826e+000 -4.131711e+000 -8.765408e-001 -1.489553e+000 -8.919359e-001 5.520612e-001 -2.265548e+000 -5.834740e-001 -1.015792e+000 -5.487725e-001 -4.937366e-001 1.415861e+000 -3.409606e-001 -1.313212e+000 4.402632e-001 1.346417e-001 1.255525e+000 -8.673325e-001 8.463015e-001 
2.872129e+000 1.842916e+001 -8.750270e+000 4.793866e+000 3.644051e+000 5.580142e+000 -2.893983e+000 -7.362293e+000 5.015971e-002 -1.654360e+000 -3.726264e+000 -2.563829e+000 8.542703e-001 -4.878657e+000 -2.649937e+000 1.511254e+000 -1.313046e+000 -1.327061e+000 -3.687827e+000 -1.832269e+000 -9.676783e-002 -1.272074e+000 -4.115865e-002 -2.288693e+000 -9.462094e-001 2.606971e-001 -1.212185e+000 4.097136e-001 1.155542e+000 -6.324171e-001 -6.306220e-001 5.800890e-002 3.238835e-001 1.928666e-002 -3.423569e-001 4.961696e-001 
3.655793e+000 1.881318e+001 -1.011880e+001 4.667729e+000 2.660115e+000 4.918906e+000 -2.412841e+000 -6.948972e+000 6.352616e-001 -9.528150e-001 -3.302374e+000 -3.340715e+000 1.179979e+000 -5.112640e+000 -3.199979e+000 9.748234e-001 -1.684657e+000 -1.996119e+000 -3.416016e+000 -1.514887e+000 -2.042356e-001 -7.771321e-001 -3.780057e-001 -2.003124e+000 -3.825779e-002 3.329213e-001 -7.226244e-001 -8.578124e-002 1.182515e+000 -6.806221e-001 -1.543655e+000 -1.471787e-001 2.371638e-001 1.889843e-002 -7.923536e-002 9.033059e-001 
3.801865e+000 1.943638e+001 -8.567769e+000 4.372063e+000 2.464504e+000 6.133220e+000 -3.506483e+000 -8.491584e+000 5.301576e-002 5.109136e-001 -4.440173e+000 -3.933604e+000 2.383298e+000 -4.810968e+000 -3.246491e+000 1.794279e+000 5.328926e-002 -2.469783e+000 -3.178347e+000 -9.592449e-001 -4.236707e-001 -1.526606e+000 -1.054529e+000 -1.191719e+000 -8.638122e-001 3.625830e-001 -9.255540e-001 5.229702e-001 9.409512e-001 -2.580558e-001 5.842472e-002 -8.694774e-001 1.662267e-001 2.743983e-001 -2.551695e-001 3.042452e-001 
6.921905e+000 1.577660e+001 -6.896632e+000 2.427571e+000 3.768323e+000 3.570979e+000 -3.129906e+000 -7.971357e+000 -9.181510e-001 3.368996e-001 -4.924317e+000 -2.646610e+000 6.623690e-001 -3.886502e+000 -2.926884e+000 1.287762e+000 6.909070e-002 -2.869980e+000 -3.620165e+000 -9.433586e-001 -2.949460e-001 -1.678060e+000 -9.029321e-001 -1.065598e+000 -8.050396e-001 -2.329086e-002 -7.363818e-001 2.930313e-001 8.909744e-001 -7.378744e-002 -4.647286e-001 -8.320217e-001 -1.695041e-001 3.924239e-001 9.726593e-002 1.260556e-001 
5.415153e+000 1.588322e+001 -8.421906e+000 3.369513e+000 3.350075e+000 3.890534e+000 -3.345241e+000 -7.752431e+000 -3.769860e-001 -6.872013e-002 -4.512743e+000 -2.030506e+000 1.182431e+000 -4.598624e+000 -2.049723e+000 2.035824e+000 -4.867279e-001 -1.507573e+000 -2.185364e+000 -5.102811e-001 9.630244e-004 -1.690219e+000 -5.726500e-001 -1.117213e+000 -3.999289e-001 1.663072e+000 -6.390176e-001 2.414560e-001 1.817672e+000 -1.398194e-001 -7.162824e-001 -2.319796e-001 4.228020e-001 -4.572814e-001 -6.328969e-001 4.762978e-001 
1.142858e+001 1.403252e+001 -1.354089e+000 1.108874e+000 4.992011e+000 2.973696e+000 -1.019418e+000 -2.601552e+000 5.391412e-001 5.914622e-001 -2.263146e+000 -9.773978e-001 1.113663e-001 -1.648559e+000 -1.234523e+000 4.774885e-001 5.154104e-001 -7.093219e-001 -1.224430e+000 1.544772e-001 1.618278e+000 2.875731e-001 -8.653008e-001 -3.213765e-002 3.630465e-002 -3.191001e-001 -8.147258e-001 -3.229587e-001 7.937251e-001 -1.357272e-001 -6.233542e-001 3.270510e-001 3.514262e-001 -3.926534e-001 -6.021643e-001 -6.089915e-002 
-8.529976e+000 2.241658e+001 -2.246205e+000 1.781488e+000 2.485059e+000 3.114829e+000 -2.928764e+000 -1.598279e+000 1.486865e+000 -2.518010e+000 -2.224492e+000 -5.004736e+000 6.847916e-001 -2.227755e+000 -9.248980e-001 1.097175e+000 -4.705596e-001 -2.070677e+000 -1.794635e+000 5.930399e-001 -1.229016e+000 -4.099421e-001 -9.545668e-001 -1.012912e+000 -9.522883e-001 1.349921e-002 4.840517e-001 4.692027e-001 6.938540e-001 -3.797730e-001 4.714120e-002 2.280276e-002 5.542234e-001 -1.539575e-001 4.258310e-001 5.772387e-001 
-2.343207e+000 1.474586e+001 -2.581610e+000 5.212584e+000 9.925305e-001 5.850365e+000 -3.981850e+000 -1.056781e+000 1.552851e+000 -1.478240e+000 -1.602415e+000 -3.471485e+000 1.156907e+000 -2.167717e+000 -1.061102e+000 -4.455707e-001 -1.334429e+000 -2.411165e+000 -3.032989e+000 2.347149e-001 -1.221760e+000 -1.033390e+000 -1.003191e+000 -9.411447e-001 -6.641332e-001 -5.179568e-001 1.976980e-001 1.076530e-002 1.068946e-001 1.776727e-001 1.960885e-001 1.712660e-001 1.229363e-001 -9.348267e-002 3.814319e-001 4.947422e-001 
2.367579e+000 1.142596e+001 -4.102461e+000 8.523376e+000 -1.427023e+000 6.323852e+000 -3.980208e+000 -2.730456e-001 9.586349e-001 -2.012090e+000 -2.231689e+000 -5.396570e+000 4.902737e-001 -2.218245e+000 6.108307e-001 1.901304e-001 -7.457367e-002 -1.934966e+000 -3.105060e+000 -5.076925e-001 -5.959759e-001 -4.361462e-003 -1.443491e+000 -4.551021e-001 -1.497285e+000 -6.948919e-001 -2.195188e-001 -5.885206e-002 9.189923e-001 -4.436197e-001 1.644441e-002 -5.866940e-002 5.827853e-001 2.086202e-001 5.179875e-001 -4.076444e-002 
4.813056e+000 1.088226e+001 -6.080777e+000 1.046179e+001 -4.261849e+000 5.955930e+000 -5.117728e+000 -2.076036e+000 7.567531e-001 -3.300198e+000 -1.769810e+000 -5.002521e+000 1.015621e+000 -2.124847e+000 1.342728e+000 -1.235308e+000 3.589007e-002 -9.241283e-001 -2.807354e+000 -9.134291e-001 -9.031296e-001 4.426854e-001 -2.259734e+000 -8.757746e-002 -9.353270e-001 4.037260e-002 -4.940072e-001 -3.409930e-002 8.314589e-001 -1.299859e+000 2.383845e-001 -1.747499e-001 1.092525e+000 -1.517595e-001 5.064111e-001 -2.521531e-001 
4.937774e+000 9.064180e+000 -7.171644e+000 9.811161e+000 -3.530782e+000 5.976486e+000 -4.716785e+000 -2.825286e+000 2.338816e-002 -2.092410e+000 -2.549383e+000 -3.823543e+000 1.021885e+000 -1.469478e+000 2.348853e-001 -5.982580e-001 -8.732624e-002 -7.746556e-001 -1.938611e+000 -6.907538e-001 -1.085942e+000 -9.950293e-001 -8.993319e-001 -1.390607e+000 -6.898643e-001 -8.671126e-001 -2.227730e-002 3.096156e-001 2.333107e-001 1.650707e-001 -1.044734e+000 3.498079e-001 5.491298e-001 9.596463e-001 1.279615e-001 2.805516e-001 
5.350475e+000 9.169670e+000 -7.862879e+000 7.579337e+000 -2.161302e+000 7.089756e+000 -2.466951e+000 -2.502378e+000 5.752352e-002 -1.076256e+000 -2.427669e+000 -3.202095e+000 1.617049e-001 -1.972379e+000 -2.382945e+000 -1.479671e+000 3.834252e-001 -5.685817e-001 -2.603826e+000 -8.826144e-001 5.163716e-002 -1.440392e+000 -7.305539e-001 -1.541703e+000 -8.118253e-002 -1.147321e+000 1.950305e-001 6.897914e-001 3.286420e-001 -1.142497e-001 -9.059306e-001 -2.871614e-002 -9.805041e-002 9.321319e-001 -1.756237e-001 1.562361e-001 
5.768022e+000 1.237156e+001 -7.064324e+000 7.164811e+000 -9.997633e-001 6.546155e+000 -3.035678e+000 -4.409525e+000 3.387946e-001 -2.207064e+000 -1.942854e+000 -4.413068e+000 1.128278e+000 -9.171671e-001 -2.845152e+000 -8.082148e-001 -8.259873e-001 -1.192094e+000 -4.314531e+000 -1.327677e+000 3.485268e-001 -1.300599e+000 -1.655260e+000 -1.309934e+000 -2.907120e-001 -1.602982e+000 -6.231406e-001 5.818220e-001 6.899820e-001 -4.575640e-001 -9.446422e-001 4.008186e-001 4.966277e-001 9.709292e-001 -7.206928e-002 5.120341e-001 
3.301121e+000 1.539948e+001 -8.813722e+000 7.765817e+000 4.358090e-001 6.129901e+000 -3.370468e+000 -5.081822e+000 1.412042e+000 -3.390321e+000 -1.739048e+000 -5.818284e+000 -7.055113e-002 -2.180984e+000 -1.925803e+000 -4.697090e-001 -1.006687e+000 -2.822983e-001 -4.004075e+000 -8.650944e-001 -1.348304e+000 -2.072673e+000 -1.480563e+000 -1.127900e+000 1.052883e-001 -1.964263e+000 2.246294e-001 1.279825e-001 1.039510e+000 1.525359e-001 -1.120220e+000 1.555663e-001 -4.141327e-001 7.368242e-001 -4.584310e-001 -1.347123e-003 
2.687889e+000 1.776440e+001 -9.047614e+000 5.618879e+000 8.924570e-001 6.015261e+000 -3.724451e+000 -5.755519e+000 7.466265e-001 -3.316805e+000 -2.247677e+000 -5.438600e+000 8.049453e-001 -2.249950e+000 -2.476290e+000 2.477223e-001 -1.441786e+000 -9.991852e-001 -4.083448e+000 -9.876095e-001 -1.625102e+000 -1.882213e+000 -3.844093e-001 -1.408510e+000 -7.130960e-001 -1.861839e+000 -2.358745e-001 1.991026e-001 8.888219e-001 -3.552818e-001 -9.172340e-001 1.432205e-001 -9.965420e-002 1.511466e+000 -3.992731e-001 1.452036e-001 
1.555378e+000 1.743841e+001 -8.619478e+000 4.563022e+000 2.503726e+000 7.549570e+000 -3.393696e+000 -5.622337e+000 1.882288e+000 -2.091383e+000 -3.860976e+000 -5.501489e+000 1.590254e+000 -3.310232e+000 -2.367617e+000 1.857186e+000 -1.297136e+000 -1.471365e+000 -3.967489e+000 -1.639949e+000 -1.659097e+000 -1.828054e+000 -1.411161e-001 -1.170778e+000 -4.435338e-001 -1.210952e+000 -6.428525e-001 4.385027e-001 4.420817e-001 -5.016005e-001 -3.578830e-001 -1.992487e-001 -1.868502e-001 1.410952e+000 -2.885019e-003 -4.061460e-002 
1.117668e+000 1.658574e+001 -9.896780e+000 3.293315e+000 2.999673e+000 6.821547e+000 -2.380773e+000 -5.361209e+000 2.455391e+000 -2.842480e-001 -4.577288e+000 -4.547789e+000 1.796934e+000 -4.553033e+000 -3.632715e+000 1.483493e+000 -1.996365e+000 -2.377971e+000 -3.819976e+000 -1.780702e+000 -1.433327e+000 -1.700117e+000 1.629482e-001 -1.450037e+000 -1.139592e+000 -3.385401e-001 -6.314351e-001 -3.408343e-003 6.725122e-001 -4.245594e-001 -6.207096e-001 -1.654632e-001 7.507922e-002 8.065134e-001 -6.622782e-001 -1.357278e-001 
2.060178e+000 1.852677e+001 -9.857806e+000 3.643465e+000 2.636652e+000 6.108632e+000 -3.921815e+000 -5.445192e+000 1.301936e+000 -1.991434e+000 -3.241349e+000 -4.782878e+000 1.897759e+000 -4.793289e+000 -2.831041e+000 1.085542e+000 -1.929377e+000 -7.559038e-001 -3.658179e+000 -1.646215e+000 -8.884298e-001 -1.197990e+000 -6.067964e-001 -2.097029e+000 -9.362742e-001 -1.147843e+000 -9.625503e-001 2.969630e-001 1.127100e+000 -2.488011e-001 -1.003643e+000 9.475379e-002 4.938272e-002 8.647276e-001 -1.208528e-001 6.340936e-001 
9.796540e-001 1.796653e+001 -9.606960e+000 4.188801e+000 3.472076e+000 6.847080e+000 -4.013251e+000 -6.646575e+000 6.624048e-001 -2.035852e+000 -3.855101e+000 -4.599932e+000 1.835212e+000 -4.493164e+000 -2.549359e+000 2.125906e+000 -1.314096e+000 -1.304622e+000 -3.512484e+000 -1.671502e+000 -2.064471e+000 -9.969755e-001 -3.206696e-001 -2.711574e+000 -8.971649e-001 -1.188718e+000 -1.236842e+000 -3.115571e-001 1.718505e+000 3.752598e-001 -1.210121e+000 6.267446e-001 5.867038e-001 1.965494e-001 -6.457612e-001 7.978789e-001 
2.279393e+000 1.868619e+001 -1.007080e+001 4.999041e+000 2.835003e+000 5.536345e+000 -4.921982e+000 -7.377674e+000 -2.616696e-001 -2.678911e+000 -3.123001e+000 -4.384055e+000 1.095905e+000 -4.374063e+000 -2.632605e+000 1.374685e+000 -1.177988e+000 -1.629387e+000 -3.934917e+000 -1.523423e+000 -2.327388e+000 -1.872661e+000 -9.204769e-001 -2.690101e+000 -1.195004e-001 -8.768119e-001 -1.115295e+000 -1.681917e-001 7.018526e-001 -2.811261e-001 -6.483516e-001 5.152799e-001 5.707553e-001 5.230013e-001 -1.255229e+000 3.929819e-002 
2.114232e+000 1.932960e+001 -9.458938e+000 4.684341e+000 2.104233e+000 6.105551e+000 -4.124016e+000 -7.680441e+000 5.947951e-001 -2.513842e+000 -3.319122e+000 -4.612927e+000 1.598860e+000 -4.631019e+000 -2.598847e+000 2.629688e+000 -1.380672e+000 -2.527563e+000 -3.800954e+000 -1.279023e+000 -1.938545e+000 -1.017019e+000 7.043082e-002 -2.794539e+000 -5.412621e-001 -5.298291e-001 -1.186609e+000 -5.699395e-001 1.352093e+000 -2.704618e-001 -1.059045e+000 4.307327e-001 9.020884e-001 7.113424e-001 -1.463033e+000 9.462252e-001 
2.314046e+000 1.811655e+001 -9.434352e+000 5.040793e+000 2.617783e+000 6.597261e+000 -3.781925e+000 -8.078725e+000 4.971436e-001 -1.750104e+000 -3.711820e+000 -3.348607e+000 1.120189e+000 -5.584648e+000 -2.667809e+000 2.029524e+000 -1.276058e+000 -1.719316e+000 -3.853188e+000 -1.756625e+000 -1.664825e+000 -1.135857e+000 3.621232e-001 -1.771151e+000 -6.560892e-001 -7.205090e-001 -1.060066e+000 -2.668270e-001 1.080369e+000 -4.873059e-001 -6.738905e-001 2.253809e-001 2.186152e-001 6.526242e-001 -9.621355e-001 4.160042e-001 
3.814272e+000 1.773847e+001 -8.263516e+000 4.011444e+000 3.333732e+000 5.092411e+000 -2.613118e+000 -7.485731e+000 -9.860557e-002 -1.445599e+000 -4.299369e+000 -2.226658e+000 1.012640e+000 -4.146120e+000 -2.192326e+000 1.924757e+000 -6.665707e-001 -1.380014e+000 -3.353339e+000 -1.725223e+000 -4.134282e-001 -1.103552e+000 -2.582418e-001 -2.367352e+000 -8.448292e-001 5.917571e-001 -9.016969e-001 7.050957e-001 1.060176e+000 -6.013842e-001 -6.316155e-001 3.203318e-001 6.482563e-001 -4.442498e-002 -2.651029e-001 6.273872e-001 
4.410742e+000 1.870279e+001 -9.391813e+000 5.156042e+000 2.585182e+000 4.971870e+000 -2.716153e+000 -7.440023e+000 6.432619e-001 -8.298626e-001 -3.838464e+000 -2.540887e+000 1.255076e+000 -4.710419e+000 -2.422006e+000 1.556265e+000 -1.503657e+000 -1.547288e+000 -3.380155e+000 -1.686998e+000 -4.391441e-001 -7.450233e-001 -4.392528e-001 -2.019329e+000 -3.072304e-001 2.576011e-001 -9.722514e-001 1.560312e-001 1.192639e+000 -4.054484e-001 -1.175613e+000 1.323016e-001 1.714853e-001 9.003106e-002 1.971301e-001 7.239366e-001 
3.985668e+000 1.934842e+001 -8.530091e+000 3.932278e+000 1.756647e+000 6.005029e+000 -3.303644e+000 -8.468538e+000 4.755849e-001 7.982382e-001 -4.886128e+000 -3.954812e+000 2.353176e+000 -4.982426e+000 -3.471952e+000 1.697163e+000 -2.225014e-001 -2.706697e+000 -3.477241e+000 -6.739046e-001 -2.001531e-001 -1.932996e+000 -3.900631e-001 -1.328721e+000 -1.409268e+000 7.998077e-001 -8.592263e-001 4.265643e-001 1.092775e+000 -3.721027e-001 -2.039332e-001 -1.235391e+000 2.181492e-001 2.916650e-001 -2.618216e-001 6.551249e-001 
6.647589e+000 1.535135e+001 -6.901859e+000 2.582379e+000 4.279201e+000 4.153534e+000 -2.910886e+000 -7.735300e+000 -7.973870e-001 -1.780788e-001 -5.534978e+000 -3.249068e+000 2.661603e-001 -3.797487e+000 -2.805557e+000 1.559099e+000 2.536465e-001 -2.924559e+000 -3.974871e+000 -1.408322e+000 -3.709864e-001 -1.786603e+000 -7.307751e-001 -7.687190e-001 -1.087047e+000 -2.584060e-001 -9.715143e-001 1.611500e-001 1.249999e+000 2.061098e-001 -2.667181e-001 -7.675903e-001 -4.765999e-001 -3.085705e-003 -2.631846e-001 -9.333384e-002 
