-3.758691e+000 1.657754e+001 -3.231489e+000 1.539637e+000 1.033843e+000 -5.204343e-001 1.021780e+000 4.369781e-001 7.832991e-001 -1.464337e+000 -1.962247e+000 -1.215937e+000 -4.105237e-001 1.063779e-001 1.055165e+000 1.040992e+000 4.430917e-001 -1.396147e+000 -1.101700e+000 5.851185e-001 5.329049e-001 -4.537689e-001 -4.732609e-001 6.033726e-001 
-1.873048e+000 1.862631e+001 -2.916025e+000 3.212817e+000 2.662104e+000 -3.000263e-001 1.080955e+000 6.783975e-001 5.932703e-001 -9.152480e-001 -1.279267e+000 -1.960856e+000 -4.170398e-001 2.546087e-002 7.865589e-001 5.242252e-001 3.756120e-002 -1.287491e+000 -1.593774e+000 5.665623e-001 7.033148e-001 -6.634342e-001 -6.647627e-001 6.175819e-001 
2.434322e+000 1.608930e+001 -8.275689e-001 2.527542e+000 3.826201e+000 3.357599e-001 9.320457e-001 1.336695e+000 -1.388180e-001 -1.079955e+000 -1.730244e+000 -2.376648e+000 -8.873841e-001 1.258426e+000 1.629739e+000 6.669607e-001 -3.457568e-001 -1.875538e+000 -2.187780e+000 -2.491465e-001 6.429094e-001 -3.177078e-001 -4.728707e-002 8.629495e-001 
2.892731e+000 1.752056e+001 -1.311766e+000 2.639729e+000 3.277997e+000 5.710502e-001 2.041073e+000 1.115166e+000 -5.869333e-001 -1.110601e+000 -2.064035e+000 -2.208090e+000 -6.817937e-001 6.235237e-001 1.492259e+000 9.363246e-001 -4.450719e-001 -1.632498e+000 -1.713962e+000 -3.983262e-001 2.790986e-001 -7.206944e-001 -4.868243e-001 9.663694e-001 
1.097308e+000 2.159523e+001 -4.116111e+000 3.844511e+000 3.488767e+000 5.847856e-001 1.787904e+000 5.836801e-001 2.108295e-001 -1.667429e+000 -1.805836e+000 -2.521511e+000 3.681259e-002 3.814513e-001 1.484163e+000 9.483393e-001 -6.176611e-001 -2.102772e+000 -2.004204e+000 -1.391546e-001 3.824636e-001 -5.468727e-001 -7.069923e-001 1.135153e+000 
1.221128e+000 2.132096e+001 -2.681250e+000 3.211147e+000 3.901409e+000 1.056606e+000 1.785107e+000 -1.526433e-001 1.047603e-001 -6.815218e-001 -1.938942e+000 -2.722958e+000 -4.034937e-002 4.947373e-001 1.435907e+000 8.802508e-001 -1.114905e+000 -1.949301e+000 -1.450388e+000 -5.932988e-001 2.852366e-001 -1.935259e-001 -7.099422e-001 1.415551e-001 
7.940909e-001 2.153513e+001 -2.761480e+000 4.070332e+000 4.229250e+000 6.846874e-001 1.894496e+000 -7.819587e-002 -2.462462e-001 -1.315501e+000 -1.467935e+000 -2.312043e+000 -2.288873e-001 9.047475e-002 1.197519e+000 1.221462e+000 -1.144373e+000 -2.005147e+000 -9.355199e-001 -5.374209e-001 -1.574722e-001 -1.829528e-001 -1.006262e+000 9.431388e-002 
5.801526e-001 2.208942e+001 -3.251580e+000 4.881416e+000 4.119361e+000 7.151931e-001 1.336770e+000 -7.419945e-002 2.153431e-001 -2.004847e+000 -9.220528e-001 -2.145934e+000 -3.666438e-001 -1.698185e-001 1.346429e+000 1.195508e+000 -1.126855e+000 -2.254191e+000 -1.024948e+000 -2.332123e-001 1.989407e-002 -2.651802e-001 -1.191234e+000 1.229441e-001 
1.742658e+000 2.111897e+001 -2.450719e+000 4.229485e+000 4.974224e+000 5.847004e-001 7.523104e-001 -2.321260e-001 -3.760423e-001 -8.876974e-001 -8.490383e-001 -2.168130e+000 -7.246176e-001 1.774465e-001 9.094891e-001 8.531924e-001 -8.599259e-001 -2.008893e+000 -9.219256e-001 -2.833051e-001 2.494557e-001 -6.547891e-001 -1.406220e+000 3.020474e-001 
2.009633e+000 2.065634e+001 -1.964464e+000 4.362984e+000 4.326033e+000 1.202998e+000 1.101396e+000 -1.313803e+000 -8.182984e-001 5.613901e-002 -8.834432e-001 -2.850894e+000 -7.851185e-001 6.139117e-001 1.091990e+000 7.126895e-001 -1.183995e+000 -1.875161e+000 -6.269437e-001 -6.581648e-001 5.648783e-002 -1.893638e-001 -1.286129e+000 -8.430672e-002 
2.231750e+000 2.150718e+001 -3.424180e+000 5.418770e+000 3.874524e+000 6.010099e-001 8.991323e-001 -8.312164e-001 -2.814573e-001 -2.952415e-001 -2.891142e-001 -3.484657e+000 -1.058810e+000 1.504092e-001 1.224945e+000 9.279005e-001 -1.066746e+000 -1.359775e+000 -7.988425e-001 -8.121298e-001 1.750948e-001 -4.579090e-001 -1.421247e+000 -2.170905e-001 
2.827770e+000 2.222343e+001 -2.432118e+000 4.431596e+000 2.856589e+000 6.157227e-001 4.094182e-002 -3.988421e-001 6.779836e-001 -4.436296e-001 -1.306324e+000 -2.692382e+000 -5.460405e-001 -4.036367e-001 4.524954e-001 9.973702e-001 5.220197e-002 -1.693566e+000 -1.239260e+000 -4.468242e-001 1.506948e-001 -7.839683e-001 -1.091269e+000 -3.414262e-001 
1.257586e+001 2.057468e+001 -3.448954e+000 2.726518e-001 1.735449e+000 -5.848401e-001 -1.099663e+000 -7.902221e-001 4.526551e-001 -1.290875e+000 -3.098848e+000 -1.696974e+000 5.985252e-001 1.199050e+000 3.147710e-001 -1.283241e-001 -1.749669e-001 -9.611898e-001 -7.303327e-001 6.484315e-002 -3.451021e-001 -1.343912e+000 -1.167385e+000 3.865597e-002 
1.420374e+001 1.991046e+001 -4.807388e+000 -9.880683e-001 1.030323e+000 -1.012124e+000 -1.920296e+000 -1.049674e+000 4.837576e-001 -1.553436e+000 -2.800783e+000 -1.535468e+000 5.870160e-001 1.363460e+000 -1.356457e-001 -7.547554e-001 -3.592527e-001 -2.035212e-001 2.125063e-001 -3.241045e-001 -6.239483e-001 -8.260689e-001 -9.001142e-001 1.574066e-001 
1.327013e+001 2.163664e+001 -8.314139e+000 1.796899e+000 -1.031714e+000 -7.908695e-001 -2.277417e+000 -1.549480e+000 5.887525e-001 -2.039209e+000 -1.687009e+000 -1.333080e+000 7.529268e-003 1.370227e+000 -3.875220e-001 -1.140175e+000 -5.396520e-002 -1.855600e-001 4.064658e-001 -1.067763e+000 -3.694783e-001 -4.841180e-001 -8.961818e-001 -3.636685e-002 
1.411459e+001 2.098077e+001 -8.146947e+000 1.787960e+000 -5.678906e-001 -1.226518e+000 -2.381313e+000 -1.511114e+000 9.304426e-001 -2.552550e+000 -1.191228e+000 -1.200020e+000 -1.806491e-001 1.499065e+000 -1.826931e-001 -1.533893e+000 -4.571480e-001 3.953147e-001 -2.103968e-001 -1.184602e+000 -4.457312e-001 -2.700554e-001 -9.027380e-001 1.827602e-001 
1.347758e+001 2.195100e+001 -8.391619e+000 2.368315e+000 -1.607988e+000 -6.770392e-001 -2.357664e+000 -1.941484e+000 1.352820e+000 -2.688240e+000 -1.162948e+000 -1.307071e+000 5.967624e-001 9.902372e-001 -4.974125e-001 -1.136234e+000 -7.012440e-001 2.418239e-001 -2.811611e-001 -9.587488e-001 -9.480436e-001 -1.010902e-001 -5.296654e-001 -2.478134e-001 
1.620992e+001 1.819093e+001 -4.785885e+000 2.860668e-001 -7.652590e-001 -1.739484e+000 -1.765342e+000 -1.468390e+000 4.017086e-001 -2.339463e+000 -1.907140e+000 -1.129673e-001 2.687975e-001 7.479874e-001 -8.431290e-001 -8.348099e-001 -3.844234e-001 -5.007255e-001 1.842289e-001 -1.032967e+000 -9.798177e-001 -1.195177e-001 -7.951557e-001 -2.553487e-001 
1.492017e+001 2.012877e+001 -7.057349e+000 1.360655e+000 -8.072884e-001 -2.499698e+000 -1.427635e+000 -1.187213e+000 -9.525805e-002 -2.562434e+000 -1.696836e+000 -1.890570e-001 3.616672e-001 5.180570e-001 -6.914587e-001 -9.235577e-001 -6.138683e-001 -2.178641e-001 -1.530158e-001 -1.084007e+000 -6.556234e-001 -3.504733e-001 -8.672398e-001 -2.015685e-001 
1.445818e+001 2.141775e+001 -8.181814e+000 2.096684e+000 -1.348309e+000 -1.908184e+000 -1.342866e+000 -1.693424e+000 3.966695e-001 -2.969193e+000 -1.565496e+000 7.309438e-003 3.197808e-001 6.551416e-001 -6.937158e-001 -1.118577e+000 -5.375781e-001 -3.272846e-001 -4.229707e-002 -1.030881e+000 -8.015841e-001 -1.893646e-001 -1.105804e+000 -1.080580e-001 
1.631237e+001 1.836684e+001 -5.421971e+000 1.116739e-001 3.127603e-002 -2.137380e+000 -1.548288e+000 -9.887703e-001 -1.495795e-001 -2.243720e+000 -1.440992e+000 4.162016e-001 3.079874e-001 7.282859e-001 -3.132667e-001 -1.183531e+000 -4.480580e-001 8.208782e-003 -6.983600e-002 -9.368369e-001 -3.221255e-001 -1.218167e-001 -1.028630e+000 1.150384e-001 
-2.802775e-001 1.609933e+001 -3.984213e+000 -1.338708e-001 7.501600e-001 -7.577479e-001 -3.238106e-001 -3.717883e-001 3.466411e-001 -1.509317e+000 -1.227935e+000 -1.813883e-002 3.724656e-001 8.277473e-001 3.700488e-001 -9.640399e-002 1.774937e-001 -5.055453e-001 -7.441438e-001 -3.867020e-001 2.624904e-001 3.320866e-001 1.193388e-001 7.145055e-001 
-3.279789e+000 1.890904e+001 -3.536858e+000 2.984896e+000 1.894631e+000 -7.244292e-001 1.334116e+000 6.742325e-001 8.763936e-001 -1.501589e+000 -1.500280e+000 -1.763809e+000 -9.650283e-002 -8.335185e-002 8.740302e-001 5.211899e-001 -1.225350e-002 -1.101930e+000 -1.311751e+000 7.354306e-001 5.169486e-001 -6.490687e-001 -7.072989e-001 7.666042e-001 
3.526881e-001 1.748339e+001 -2.021615e+000 3.157376e+000 3.806665e+000 -1.052142e-001 8.460404e-001 8.527190e-001 3.607619e-001 -6.493329e-001 -1.886285e+000 -2.284811e+000 -3.769654e-001 8.740989e-001 1.132807e+000 6.468615e-001 -2.601760e-001 -1.818758e+000 -1.976418e+000 6.749331e-003 7.444048e-001 -4.212169e-001 -7.692615e-002 9.373278e-001 
-8.968236e-001 2.135468e+001 -4.092578e+000 4.007798e+000 2.933409e+000 -2.162285e-001 2.782884e+000 5.658253e-001 3.363278e-001 -1.808880e+000 -1.243779e+000 -2.603603e+000 -7.085753e-001 6.336371e-001 2.151611e+000 4.448016e-001 -6.885298e-001 -1.446347e+000 -2.354833e+000 -8.836165e-002 1.692451e-001 -1.744990e-001 -5.621610e-001 1.194345e+000 
3.867910e+000 1.774191e+001 -1.666163e+000 2.134688e+000 3.761242e+000 5.901535e-001 1.507721e+000 1.347083e+000 -2.654852e-001 -1.205146e+000 -2.140159e+000 -2.078209e+000 -3.615079e-001 6.156253e-001 1.222889e+000 9.967579e-001 -5.800125e-001 -2.084222e+000 -1.900922e+000 -3.077627e-001 4.628862e-001 -7.082410e-001 -4.775244e-001 1.210425e+000 
2.018141e+000 1.972436e+001 -1.691318e+000 2.607591e+000 3.941625e+000 8.958159e-001 1.495499e+000 5.688429e-001 -8.721319e-002 -8.769735e-001 -2.242981e+000 -2.412010e+000 -3.414033e-001 8.634686e-001 1.381481e+000 7.754731e-001 -8.694739e-001 -1.943962e+000 -1.672604e+000 -5.358004e-001 3.712889e-001 -3.757640e-001 -6.712755e-001 4.747521e-001 
1.555206e+000 2.052859e+001 -2.226944e+000 3.758073e+000 4.166660e+000 8.287404e-001 1.603130e+000 4.304459e-002 -3.710887e-001 -6.628994e-001 -1.851431e+000 -2.357543e+000 -4.499115e-001 4.662526e-001 1.259429e+000 1.088994e+000 -1.135934e+000 -1.982261e+000 -1.010788e+000 -6.715216e-001 4.473863e-002 -1.056112e-001 -9.696247e-001 -7.845935e-002 
1.570270e-001 2.197019e+001 -3.227071e+000 4.906831e+000 4.239714e+000 6.726743e-001 1.398272e+000 -7.925770e-002 5.523434e-002 -2.090186e+000 -8.538684e-001 -2.131131e+000 -3.172099e-001 -9.789408e-002 1.305127e+000 1.406754e+000 -1.240696e+000 -2.278529e+000 -1.125312e+000 -3.899258e-001 1.286871e-001 -2.016090e-001 -1.079421e+000 1.429771e-001 
4.391361e-001 2.221533e+001 -3.380960e+000 4.897796e+000 4.369106e+000 7.846587e-001 1.073584e+000 -3.819865e-001 2.044519e-001 -1.482582e+000 -8.919081e-001 -2.255691e+000 -4.965024e-001 -1.555409e-001 1.030239e+000 1.066512e+000 -7.830269e-001 -2.093220e+000 -1.007676e+000 1.078730e-002 -8.563421e-002 -4.940998e-001 -1.550525e+000 2.442827e-001 
6.670885e-001 2.172061e+001 -2.456758e+000 4.370822e+000 4.388068e+000 1.083034e+000 1.265256e+000 -1.182824e+000 -4.819937e-001 -5.506615e-001 -5.298212e-001 -2.840165e+000 -6.949355e-001 5.141206e-001 9.216657e-001 7.011911e-001 -1.025208e+000 -1.818878e+000 -8.407087e-001 -4.590338e-001 1.733181e-001 -4.263223e-001 -1.490927e+000 2.652025e-001 
5.069779e+000 1.727387e+001 -5.887774e-002 3.301006e+000 4.452268e+000 1.171693e+000 4.766687e-001 -6.141107e-001 -8.181827e-001 3.312110e-001 -9.004869e-001 -2.940331e+000 -1.387897e+000 6.309357e-001 1.136270e+000 5.702275e-001 -9.437974e-001 -1.460191e+000 -8.953920e-001 -4.991357e-001 2.200587e-002 -4.855388e-001 -1.144779e+000 -4.064573e-001 
5.857886e+000 1.679416e+001 1.078248e+000 2.849083e+000 3.928053e+000 9.223182e-001 -6.694401e-002 -1.741418e-001 6.566621e-002 5.108193e-002 -1.380591e+000 -2.341043e+000 -1.129011e+000 -1.695620e-001 4.977745e-001 9.621503e-001 -1.574660e-001 -1.515858e+000 -1.341539e+000 -3.883211e-001 5.180241e-002 -6.693000e-001 -1.020972e+000 -2.928715e-001 
8.386431e+000 2.268837e+001 -3.694293e+000 1.845019e+000 1.859416e+000 -1.439195e-001 -4.931976e-001 -7.809323e-001 8.319109e-001 -1.151747e+000 -2.753612e+000 -1.987205e+000 4.691144e-001 7.708458e-001 1.767197e-001 3.621884e-001 -6.848313e-002 -1.448173e+000 -9.696667e-001 2.005297e-002 -2.563720e-001 -1.227798e+000 -1.298472e+000 -1.287547e-001 
1.306290e+001 2.118844e+001 -5.711662e+000 -1.132338e-001 1.045233e+000 -1.064172e+000 -1.659433e+000 -1.001106e+000 3.295177e-001 -1.672858e+000 -2.893571e+000 -1.563922e+000 6.886077e-001 1.528076e+000 1.082399e-001 -7.904712e-001 -3.619031e-001 -3.685977e-001 -5.602462e-002 -1.737434e-001 -3.978991e-001 -9.373213e-001 -1.150104e+000 3.051792e-001 
1.228640e+001 2.228854e+001 -8.117765e+000 1.344252e+000 -7.110573e-001 -6.275287e-001 -2.421436e+000 -1.458657e+000 6.866893e-001 -1.963052e+000 -1.805457e+000 -1.586777e+000 2.402211e-001 1.178524e+000 -2.296732e-001 -1.099989e+000 1.955704e-002 -3.454663e-001 3.479261e-001 -8.232761e-001 -5.346981e-001 -4.553749e-001 -9.331321e-001 8.711119e-002 
1.501845e+001 1.930106e+001 -6.567796e+000 4.832341e-001 2.834321e-001 -1.729331e+000 -2.104703e+000 -1.207117e+000 4.825826e-001 -2.127270e+000 -1.579143e+000 -7.833774e-001 -3.688522e-001 1.487827e+000 -1.947215e-001 -1.600037e+000 -3.070875e-001 3.264878e-001 -2.107456e-002 -1.097530e+000 -4.562747e-001 -2.732758e-001 -1.053314e+000 1.847820e-001 
1.493266e+001 1.987236e+001 -6.918578e+000 1.327567e+000 -3.199582e-001 -1.448521e+000 -2.251867e+000 -1.541471e+000 8.127561e-001 -2.265695e+000 -1.645682e+000 -7.856686e-001 4.557233e-002 1.277148e+000 -3.337695e-001 -1.301793e+000 -4.979107e-001 2.340903e-001 -2.042849e-001 -1.195294e+000 -6.341432e-001 -2.477995e-001 -5.883028e-001 -1.181593e-001 
1.620886e+001 1.754040e+001 -4.053380e+000 -5.650600e-001 -4.132823e-001 -1.429137e+000 -2.128739e+000 -1.436989e+000 3.943363e-001 -2.045874e+000 -2.112101e+000 -3.577144e-001 4.304930e-001 6.339636e-001 -6.613583e-001 -8.801575e-001 -4.869529e-001 -2.253744e-001 8.169616e-002 -1.041973e+000 -1.016945e+000 -2.052059e-001 -5.847846e-001 -4.023871e-001 
1.493403e+001 1.949332e+001 -6.353947e+000 1.021409e+000 -7.380404e-001 -2.260017e+000 -1.605512e+000 -1.327043e+000 1.535652e-001 -2.513673e+000 -1.843546e+000 -1.178489e-001 2.939219e-001 4.267869e-001 -5.979774e-001 -6.889320e-001 -5.249241e-001 -2.886643e-001 -7.839707e-002 -1.099693e+000 -7.625959e-001 -3.053818e-001 -8.038830e-001 -1.656368e-001 
1.317219e+001 2.224992e+001 -8.846074e+000 2.513707e+000 -1.764559e+000 -1.701779e+000 -1.497770e+000 -1.879586e+000 7.456390e-001 -3.373566e+000 -1.316293e+000 -3.340048e-001 4.669966e-001 4.456522e-001 -5.230557e-001 -9.796116e-001 -5.540946e-001 -1.737394e-001 -2.475413e-001 -1.031131e+000 -7.924103e-001 -2.151199e-001 -9.866995e-001 -1.840526e-001 
