9.331410e+000 1.326027e+001 -3.735820e+000 3.060773e+000 -4.390738e+000 -3.028589e+000 -7.270227e+000 -2.108013e-001 -1.496944e+000 9.743659e-001 -3.400237e+000 1.419370e+000 -1.111205e+000 -9.194836e-001 -3.490587e+000 -1.463801e+000 -1.768076e+000 -1.551141e+000 6.304758e-001 -5.098102e-001 1.535815e+000 -1.929947e+000 3.901920e-001 -6.433301e-001 2.051756e+000 8.508017e-001 1.977764e+000 1.751841e+000 -2.498633e-001 -5.782786e-001 -4.834114e-001 -1.552757e+000 -4.450154e-001 -5.609486e-001 -6.176782e-001 2.978561e-001 
9.162094e+000 1.373750e+001 -4.808446e+000 2.723074e+000 -5.342388e+000 -3.828971e+000 -6.377580e+000 -7.201463e-001 -2.197234e+000 -5.303385e-001 -3.325865e+000 -1.370584e+000 -1.064043e+000 -2.281762e+000 -3.379714e+000 -2.663986e+000 -1.847243e+000 -1.655111e+000 2.018790e-001 -3.842796e-001 4.421107e-002 -2.237618e+000 -7.332828e-001 -4.467681e-001 1.668109e+000 3.613777e-002 2.892853e-001 1.796712e+000 -1.455731e+000 3.167454e-001 3.437951e-001 -1.425777e+000 -6.614030e-001 -6.778262e-001 -5.145776e-001 1.617491e-001 
7.107865e+000 1.478573e+001 -3.619098e+000 3.921858e+000 -4.343512e+000 -3.629233e+000 -6.864735e+000 -3.726148e-001 -1.803071e+000 -1.510938e+000 -1.500674e+000 -1.508734e+000 -1.262401e+000 -8.725266e-001 -1.481926e+000 -2.129379e+000 -9.807752e-001 -1.160702e+000 4.112892e-001 -3.718802e-001 1.795504e+000 -1.379530e+000 -7.595821e-001 -3.867217e-001 2.343338e-001 9.554661e-001 1.246795e+000 2.462422e+000 -6.516847e-001 3.283931e-001 -2.910299e-001 -3.691665e-001 -1.826576e-001 3.232046e-002 3.798229e-002 -2.893137e-001 
4.221780e+000 1.496934e+001 -6.008421e+000 3.268800e+000 -4.443762e+000 -2.565927e+000 -8.606368e+000 -1.024164e-001 -1.815439e+000 -2.392851e+000 -2.221064e+000 -1.748824e+000 -2.335869e+000 -1.884423e+000 -2.311730e+000 -3.563650e+000 -1.315705e+000 -2.021547e+000 -3.478515e-001 -8.148322e-001 2.071026e+000 -2.251106e+000 -1.175239e+000 -3.888589e-001 -5.823782e-001 4.854491e-001 1.357936e+000 1.736090e+000 -7.838517e-002 -5.645325e-002 -6.056499e-001 -4.073493e-001 -1.218732e+000 -3.913969e-001 1.145333e-001 -3.510965e-001 
4.050886e+000 1.498006e+001 -5.303698e+000 2.134684e+000 -4.113177e+000 -2.421660e+000 -8.877786e+000 -1.008679e+000 -7.731010e-001 -3.467273e+000 -3.286838e+000 -1.888628e+000 -2.494134e+000 -1.346635e+000 -1.542151e+000 -3.198791e+000 -1.858458e+000 -1.716699e+000 -9.828228e-001 -9.986879e-001 7.632687e-001 -2.779878e+000 -1.153015e+000 -2.147472e-001 -8.030752e-001 -4.016165e-001 6.102566e-001 1.301732e+000 2.715976e-001 5.367931e-003 -7.275865e-002 3.747929e-001 -1.496462e+000 -9.016462e-001 9.516703e-002 -8.235678e-001 
3.492075e+000 1.561895e+001 -4.893031e+000 1.538232e+000 -2.062301e+000 4.282936e-001 -7.075717e+000 8.835916e-002 -1.617942e+000 -3.102545e+000 -2.776339e+000 -1.176402e+000 -6.662101e-001 -4.636207e-001 -1.638239e+000 -4.278967e+000 -1.545231e+000 -1.281026e+000 -7.584441e-001 -1.461708e-001 1.584444e+000 -1.678543e+000 -1.855665e-001 -1.902752e-001 -4.069394e-001 -9.013766e-002 4.901417e-001 2.121933e+000 1.694813e-001 -2.857894e-002 3.357872e-002 2.028524e-002 -1.152278e+000 -4.758210e-001 -4.997512e-001 -1.780140e-001 
3.681731e+000 1.570876e+001 -5.040123e+000 3.032223e+000 -3.540149e+000 -1.861132e-001 -7.201550e+000 5.656863e-001 -1.875333e+000 -2.362433e+000 -2.195034e+000 -1.467270e+000 -6.509606e-001 -2.769381e+000 -2.180442e+000 -4.701107e+000 -2.386701e+000 -2.284916e+000 -4.905593e-001 -9.825167e-001 5.440384e-001 -1.848316e+000 4.387752e-004 -5.569624e-001 -9.489717e-001 -8.944858e-002 -3.230267e-001 1.718191e+000 -4.918447e-001 2.778097e-002 -7.084950e-001 2.943679e-001 -1.167007e+000 -8.405579e-001 -7.188708e-001 -1.142872e-001 
3.027579e+000 1.319609e+001 -4.041623e+000 2.320368e+000 -4.488135e+000 -1.882552e-001 -7.320688e+000 1.637316e+000 -1.332286e+000 -3.108294e+000 -3.853783e+000 -8.717322e-001 -3.313122e-001 -2.905344e+000 -1.688738e+000 -4.107375e+000 -2.608419e+000 -3.171407e+000 -5.590871e-001 -1.043383e+000 2.561027e-001 -1.501228e+000 1.184172e-001 1.441265e-001 -1.096671e+000 -2.844535e-001 -6.253430e-001 1.628551e+000 -4.461326e-001 -2.543502e-002 -2.032196e-001 9.348444e-002 -1.240733e+000 -1.008820e+000 -2.831698e-001 -1.823792e-001 
3.110086e+000 1.445918e+001 -3.891108e+000 1.812912e+000 -4.965006e+000 -6.522426e-001 -7.485038e+000 -1.812340e-001 -2.140790e+000 -3.343422e+000 -3.338119e+000 -1.447056e+000 3.949085e-001 -1.619395e+000 -1.132556e+000 -3.503227e+000 -2.075613e+000 -2.248322e+000 -5.867443e-001 -6.867877e-001 3.409615e-001 -1.777579e+000 7.224789e-002 -1.179154e-001 -9.788144e-001 -6.917008e-001 -7.212661e-001 1.624766e+000 -6.829036e-002 5.961875e-001 1.007714e-001 4.341557e-001 -2.059935e-001 -7.313830e-001 -8.782230e-001 -7.788823e-001 
8.089599e+000 1.472900e+001 -1.658230e+000 1.726065e+000 -3.051411e+000 -1.252422e+000 -6.210368e+000 -2.525093e-001 -3.270927e-001 -7.922146e-001 -2.037078e+000 -4.486805e-001 4.102921e-001 -1.623204e+000 -8.707453e-001 -1.257896e+000 -1.513745e+000 -7.780067e-001 1.252296e-001 -9.433946e-001 3.724829e-001 -1.394548e+000 1.711318e-001 1.326399e-001 -2.625446e-001 1.671747e-001 3.831956e-001 1.368685e+000 1.428274e-001 7.992146e-001 -9.216448e-003 1.449928e-001 -2.723327e-001 -2.406076e-001 -3.903394e-001 2.070863e-001 
1.126937e+001 1.354276e+001 -2.219918e+000 2.385465e+000 -4.004072e+000 -3.574941e+000 -6.631371e+000 -9.754187e-001 -1.123492e+000 -1.316101e-001 -3.428846e+000 9.245231e-001 5.314633e-002 -7.017811e-001 -2.887567e+000 -1.221396e+000 -9.219393e-001 -6.941169e-001 9.401174e-001 -5.499631e-001 8.102597e-001 -1.844565e+000 1.784065e-001 -2.445846e-001 1.363484e+000 6.309349e-001 1.093336e+000 1.888902e+000 -3.775186e-001 2.998656e-001 -3.336036e-001 -8.836556e-001 -3.030027e-001 -2.440032e-001 -1.739438e-001 6.393775e-001 
9.608059e+000 1.297511e+001 -4.572355e+000 1.852090e+000 -5.064850e+000 -3.568249e+000 -6.403671e+000 -1.020378e+000 -2.132217e+000 1.796748e-001 -3.213692e+000 -2.141535e-001 -2.902026e-001 -2.224958e+000 -2.681077e+000 -2.242526e+000 -1.289430e+000 -1.092609e+000 1.126334e+000 -1.437412e-001 7.798491e-001 -1.032931e+000 -4.932399e-003 1.946002e-001 2.084692e+000 8.676285e-001 1.144233e+000 2.545753e+000 -6.599368e-001 4.518174e-001 1.244403e-001 -9.861407e-001 -5.371130e-001 -4.483624e-001 -3.407212e-001 6.041921e-001 
7.598588e+000 1.335238e+001 -4.790424e+000 3.033771e+000 -4.708325e+000 -4.066182e+000 -6.437713e+000 -9.227844e-001 -1.479373e+000 -1.092956e+000 -2.052827e+000 -1.383250e+000 -9.293655e-001 -2.625114e+000 -3.169156e+000 -2.409203e+000 -1.779148e+000 -1.689997e+000 3.391670e-001 -1.260305e+000 2.927013e-001 -1.664062e+000 -2.279367e-001 4.388297e-001 7.728229e-001 5.394265e-001 8.001235e-001 2.512172e+000 -1.203595e+000 1.253695e-001 -1.845298e-001 -1.168723e+000 -7.754438e-001 -6.190608e-001 -5.046496e-001 -4.934805e-001 
5.357108e+000 1.434268e+001 -4.909092e+000 2.955518e+000 -3.953475e+000 -3.015905e+000 -7.501660e+000 -1.590559e-001 -1.613073e+000 -1.926380e+000 -1.040729e+000 -9.982483e-001 -1.287630e+000 -8.212780e-001 -1.833453e+000 -2.995351e+000 -9.198154e-001 -5.394582e-001 3.023907e-001 -5.970442e-001 1.441894e+000 -1.916361e+000 -5.037219e-001 7.698276e-001 1.022571e+000 1.120698e+000 9.371944e-001 1.746249e+000 -2.051490e-001 7.339616e-001 2.593869e-002 -2.613566e-001 -7.691387e-001 -5.278353e-001 -5.018686e-001 -2.326336e-001 
4.781643e+000 1.566289e+001 -4.392142e+000 1.966442e+000 -3.668898e+000 -1.926831e+000 -8.354977e+000 4.008993e-002 -9.799485e-001 -2.215082e+000 -2.398963e+000 -6.230982e-001 -2.185172e+000 -1.568166e+000 -2.311368e+000 -2.230392e+000 -1.095238e+000 -8.765347e-001 -6.713775e-001 -1.694092e+000 6.486126e-001 -2.389983e+000 -7.031095e-001 2.938555e-001 1.633703e-001 -2.718159e-001 7.210240e-001 1.011393e+000 9.288361e-002 2.539600e-001 -2.438334e-002 4.481140e-001 -1.167237e+000 -8.684326e-001 -1.260119e-001 -1.116132e+000 
4.068184e+000 1.575088e+001 -3.915978e+000 1.080737e+000 -2.724351e+000 -1.170052e+000 -6.776189e+000 5.603493e-001 -7.685662e-001 -3.045257e+000 -3.801897e+000 -1.284687e+000 -1.522445e+000 -6.498062e-001 -1.588962e+000 -3.797509e+000 -1.382949e+000 -1.302111e+000 -1.641074e+000 -7.153498e-001 1.591672e+000 -1.651981e+000 5.337041e-002 3.545554e-002 -1.795077e-001 -1.609262e-001 4.867947e-001 1.883597e+000 -1.784767e-002 -2.825344e-001 2.573818e-001 3.668589e-001 -9.810932e-001 -8.591117e-001 -8.466430e-001 -7.026772e-001 
4.041217e+000 1.519509e+001 -4.724073e+000 1.207293e+000 -3.853066e+000 -5.560113e-001 -6.442663e+000 1.624290e+000 -1.159675e+000 -3.511680e+000 -3.648951e+000 -2.921210e+000 -1.691281e+000 -1.649096e+000 -1.876896e+000 -3.485291e+000 -1.946395e+000 -2.569449e+000 -1.226304e+000 -1.014621e+000 2.856118e-001 -1.739379e+000 7.303012e-001 -2.359998e-001 -3.166838e-001 -4.986403e-001 -9.503746e-001 1.068855e+000 -8.251984e-001 3.202390e-001 1.301507e-001 5.362917e-001 -1.059530e+000 -8.940915e-001 -1.089499e+000 -2.421222e-001 
3.844400e+000 1.408992e+001 -5.186167e+000 1.765385e+000 -4.845593e+000 -9.642598e-001 -7.679775e+000 1.205043e+000 -1.186062e+000 -2.230204e+000 -3.568631e+000 -1.950764e+000 -7.688259e-001 -1.988062e+000 -1.094633e-001 -2.337264e+000 -1.315418e+000 -2.592564e+000 -3.637922e-001 -1.730371e+000 2.047714e-001 -2.052833e+000 9.588850e-002 3.836432e-001 -6.448062e-001 -3.113051e-001 -7.255579e-001 1.482779e+000 -1.987709e-001 4.071020e-001 1.747097e-001 8.398787e-001 -7.933121e-001 -5.286467e-001 -9.607228e-001 -3.437544e-001 
3.672399e+000 1.560954e+001 -3.649887e+000 2.049611e+000 -5.044216e+000 -1.944228e-001 -7.971234e+000 5.412155e-001 -8.948033e-001 -2.685814e+000 -3.255763e+000 -2.710400e+000 -5.917229e-001 -1.341906e+000 -1.050785e-001 -2.919234e+000 -1.894066e+000 -2.618984e+000 -5.269612e-001 -1.176964e+000 3.356453e-001 -1.862449e+000 7.736066e-001 -2.165294e-001 -8.997019e-001 -6.729960e-001 -9.574140e-001 1.668852e+000 -5.906698e-001 5.215206e-001 1.909764e-001 1.393735e+000 -6.484791e-001 -8.777841e-001 -1.155938e+000 -6.141528e-001 
