2.263973e+000 1.644545e+001 -1.011980e+001 9.703590e+000 3.026979e+000 1.628680e-001 -2.100753e+000 -6.881657e-001 5.453200e-002 -3.322926e+000 -8.527810e-001 -2.291889e+000 -1.263866e+000 -1.766202e+000 -2.275435e+000 -1.501820e+000 -3.238995e-001 -1.368014e+000 -7.551990e-001 -1.073041e+000 -2.375663e+000 -1.520688e+000 -2.340221e+000 -1.151888e+000 -1.178203e-001 -2.708536e-001 -2.076618e-001 -7.373402e-002 -1.132508e-001 -7.428708e-002 6.166511e-001 8.795985e-001 7.534321e-002 -4.170081e-002 -5.901478e-001 -3.153442e-001 
5.264522e+000 1.189123e+001 -9.265284e+000 9.957111e+000 2.764763e+000 7.514719e-001 -1.512722e+000 -1.633157e-001 1.305886e+000 -2.263458e+000 -2.346395e-001 -2.082605e+000 -6.966632e-001 -1.549556e+000 -2.434496e+000 -6.690898e-001 -7.005254e-001 -7.905832e-001 -1.340589e+000 -4.388072e-001 -9.805047e-001 -1.349781e+000 -9.267489e-001 -1.106290e+000 -5.989146e-001 -5.804715e-001 3.160320e-001 4.436384e-001 -9.694906e-002 -1.343166e-001 5.025807e-001 4.923067e-001 -2.707017e-001 -2.926693e-001 -7.122573e-001 -2.396960e-001 
4.437514e+000 8.409242e+000 -1.355150e+001 1.025547e+001 1.467888e+000 8.702658e-001 -1.970948e+000 -7.607055e-001 2.034350e+000 -1.253291e+000 1.805898e+000 -7.609619e-001 6.514374e-001 -9.225269e-001 -1.838333e+000 -9.274929e-001 -1.284033e+000 -8.298513e-001 -1.130638e+000 -5.722721e-001 -1.301736e+000 -4.599903e-001 -2.671676e-001 -1.081204e+000 -7.588230e-001 -9.324340e-001 4.150206e-001 -1.688924e-001 2.668090e-001 3.941477e-001 2.347321e-001 1.988487e-001 -6.825270e-001 1.987176e-001 -4.457980e-001 -4.159669e-001 
4.309509e+000 8.652555e+000 -1.588629e+001 1.137510e+001 9.209352e-001 1.443811e+000 -2.116980e+000 -1.242031e+000 1.156981e+000 -3.412050e+000 2.407863e+000 -1.253708e+000 1.608894e+000 -1.449246e+000 -1.535290e+000 -5.617508e-001 -2.489071e+000 -1.003492e+000 -1.958061e+000 1.015899e+000 -1.290948e+000 -9.907017e-001 -2.176251e-001 -1.313295e+000 -3.829492e-001 -1.733566e+000 7.368342e-001 2.761551e-001 7.056334e-001 6.050765e-001 1.712603e-001 7.843873e-001 -8.618465e-001 -1.283657e-001 -9.157093e-001 2.137671e-001 
4.175432e+000 6.726030e+000 -1.654387e+001 1.309858e+001 1.320189e+000 2.984917e+000 -2.864864e+000 -1.499878e-001 7.975071e-001 -2.476698e+000 2.349176e+000 -2.701583e+000 1.317719e+000 -1.261363e+000 -5.028386e-001 1.435949e-001 -1.576232e+000 -1.380979e+000 -1.506910e+000 3.326754e-001 -9.008198e-001 7.914817e-001 -7.872763e-002 -3.167417e-001 -1.169893e+000 -1.037404e+000 2.189789e-001 -5.760913e-002 9.317331e-001 3.309978e-001 1.040529e+000 -5.284292e-001 -8.140823e-001 -7.327507e-001 -4.640284e-001 3.004183e-001 
3.933643e+000 2.709050e+000 -1.747525e+001 1.054524e+001 3.431794e-001 2.062290e+000 -2.528079e+000 1.949740e-001 2.954173e-001 -2.625710e+000 4.912972e-001 -1.798638e+000 1.314186e+000 -7.800216e-001 -5.995751e-002 -5.736539e-001 -1.013163e+000 -1.715366e+000 -2.804050e-001 1.017619e+000 -1.054792e+000 -1.277722e-001 -6.866093e-001 3.396276e-001 -2.547508e-001 -4.722340e-001 2.557159e-002 3.630950e-001 6.537745e-001 4.111656e-001 8.256332e-001 -4.437624e-001 -5.077597e-001 -8.041222e-001 -5.104393e-001 -2.390520e-001 
4.063383e+000 3.920416e+000 -1.562038e+001 1.227243e+001 1.121562e+000 1.551741e+000 -4.082378e+000 -1.178664e+000 2.863146e-001 -1.731476e+000 3.352081e-001 -2.303257e+000 1.521453e+000 -8.480439e-001 -6.506881e-001 -1.121612e+000 -2.465495e-001 -4.573345e-001 -5.435014e-001 -1.286694e-001 -1.378090e+000 -4.600287e-001 -8.136910e-001 -1.589846e-001 -8.965350e-001 -4.553228e-001 8.178205e-002 -3.980548e-002 1.528023e-001 -1.779493e-001 7.624642e-001 1.539749e-001 -3.820220e-001 -1.305975e+000 -4.273262e-001 2.356755e-001 
4.025862e+000 6.706954e+000 -1.368823e+001 1.344101e+001 2.229957e+000 3.085012e+000 -3.061020e+000 -9.246591e-001 8.170777e-001 -2.551853e+000 7.165659e-001 -2.793488e+000 9.204956e-003 -1.745329e+000 -8.756499e-001 -9.890451e-001 -8.176688e-001 -1.361484e+000 -1.069798e+000 -3.035743e-001 -2.335787e+000 -1.326297e+000 -1.260073e+000 -2.386334e-001 -9.673094e-001 -1.022625e+000 2.134298e-001 7.966800e-001 1.055751e+000 8.449573e-002 1.383071e-001 -1.054151e-001 2.339509e-001 -2.076676e-001 -1.889199e-001 4.167672e-001 
4.806286e+000 1.020383e+001 -1.242780e+001 1.320708e+001 2.945416e+000 2.852363e+000 -3.123108e+000 -1.731595e+000 -1.038733e-001 -3.322056e+000 -9.604389e-001 -4.372711e+000 -7.374320e-001 -2.593220e+000 -7.967849e-001 -6.287493e-001 2.356627e-001 1.427072e-001 -1.553976e+000 -9.053563e-001 -2.731331e+000 -1.767307e+000 -1.222206e+000 -9.629986e-001 -5.269872e-001 -3.343758e-001 4.190478e-001 4.156817e-001 6.438407e-001 3.239296e-001 7.359992e-001 -3.311160e-002 -6.882436e-001 -7.912024e-001 -3.496050e-001 3.193638e-001 
6.128136e+000 1.502496e+001 -8.624985e+000 5.708034e+000 3.693058e+000 6.978269e-001 -2.949136e+000 -2.451231e+000 -1.463122e+000 -2.503924e+000 -9.568514e-001 -1.997092e+000 -1.365646e+000 -2.362552e+000 -2.533015e+000 -9.435589e-001 -4.056280e-001 -1.397954e+000 -1.137586e+000 -4.884988e-001 -1.408359e+000 -4.985448e-001 3.309237e-001 -2.842875e-001 -5.568492e-001 8.782045e-002 9.611128e-001 5.650740e-001 1.790354e-001 -5.569749e-003 1.964369e-001 -1.066858e-001 -8.175624e-001 -5.458896e-001 -4.879352e-001 -3.507565e-001 
5.790626e+000 1.947018e+001 -6.489034e+000 2.604836e+000 2.617335e+000 -2.348871e+000 -4.073708e+000 -3.095073e+000 -2.123515e+000 -3.043886e+000 -7.631376e-001 -9.484321e-001 -2.857051e+000 -1.860573e+000 -8.633204e-001 -7.048262e-001 -2.075808e-002 -2.759274e-001 -1.326351e+000 -2.406148e+000 -7.826514e-001 6.311142e-001 -2.342839e-001 -1.058559e-001 7.682329e-001 6.404501e-001 4.098896e-001 7.496969e-001 2.437150e-001 1.983755e-001 7.778004e-001 1.857202e-001 -6.880242e-001 -8.073685e-001 -5.831679e-001 -5.310466e-001 
9.221726e+000 1.929650e+001 -7.864214e+000 2.650778e+000 2.143150e+000 -3.983622e+000 -5.236287e+000 -2.723570e+000 -1.560601e+000 -2.664287e+000 -1.415974e+000 -1.613868e+000 -1.656799e+000 -9.001826e-001 -8.036028e-001 -1.072886e+000 -7.988420e-001 -5.381591e-001 -1.517411e+000 -2.809202e+000 -1.241707e+000 9.424310e-001 1.896136e-001 -3.083835e-001 1.468868e+000 2.702101e-001 -4.228150e-001 1.489631e+000 2.795376e-001 -2.463243e-001 6.727656e-001 -3.118982e-002 -4.566450e-001 -3.950796e-001 -5.743552e-001 -8.382802e-001 
1.246956e+001 1.752279e+001 -5.461076e+000 4.085343e-001 1.638632e+000 -3.980931e+000 -6.433759e+000 -3.947494e+000 -1.829859e+000 -3.667791e+000 -1.682853e+000 5.259739e-001 -1.060557e+000 -7.867140e-001 -2.778239e-001 -1.470355e+000 -8.088480e-001 -2.605870e-001 -2.135866e+000 -3.183441e+000 -7.021274e-001 1.091039e+000 -3.207821e-001 8.757169e-002 1.713970e+000 3.039291e-002 -4.007427e-001 1.096008e+000 -2.703131e-002 -3.970016e-002 1.179922e+000 -9.259058e-002 -6.689107e-001 1.101619e-001 -2.533104e-001 -7.116630e-001 
1.168545e+001 2.219616e+001 -1.089895e+001 3.570217e+000 -1.130986e+000 -2.552495e+000 -5.138731e+000 -3.958891e+000 -2.594633e+000 -4.684744e+000 -7.820127e-001 7.932874e-001 8.615980e-001 -1.275382e+000 -5.895996e-001 -8.967344e-001 -6.859886e-001 1.834174e-001 -1.409304e+000 -3.903994e+000 -1.133227e+000 1.697106e+000 -4.138926e-001 -5.616439e-001 1.765836e+000 1.268247e-001 -8.905932e-001 2.086360e+000 -1.020700e-001 -5.264569e-001 1.653588e+000 -8.852444e-002 -4.761979e-001 4.027532e-002 2.866352e-001 -1.275347e+000 
1.571347e+001 1.905566e+001 -6.861271e+000 1.027670e+000 2.322236e-001 -3.335098e+000 -3.557887e+000 -2.310176e+000 -1.992958e+000 -3.387776e+000 -4.527927e-001 1.338845e+000 5.644019e-001 -7.376728e-001 -7.567451e-001 -2.446428e-001 1.362411e-001 9.374512e-001 -1.341073e+000 -2.814638e+000 -3.955382e-001 1.128609e+000 -2.358222e-001 -2.499030e-001 1.643374e+000 -1.739138e-001 -4.978452e-001 2.076115e+000 4.796247e-001 -1.273760e-001 1.097334e+000 -2.095774e-001 -3.067216e-001 7.532054e-001 -1.623860e-001 -1.105320e+000 
5.862223e+000 1.816959e+001 -7.035868e+000 6.224690e+000 2.982508e+000 -1.892536e-001 -1.967221e+000 -1.726552e+000 -5.239330e-001 -3.344402e+000 -5.774679e-001 -4.463675e-001 -7.925921e-001 -7.440086e-001 -1.865313e+000 -7.989210e-001 -4.595957e-001 -1.150855e+000 -1.126170e+000 -1.710097e+000 -1.322206e+000 -8.828806e-002 -1.170302e+000 -7.135637e-001 4.089050e-001 -2.037250e-003 9.556564e-002 -1.663499e-001 -7.197264e-001 -1.800749e-001 3.940579e-001 -1.055218e-001 -6.250152e-003 7.160171e-001 3.406236e-001 2.061103e-001 
3.984306e+000 1.278616e+001 -8.396515e+000 9.640879e+000 4.130866e+000 -1.257330e-001 -1.590332e+000 -2.168539e-001 9.715134e-001 -2.559827e+000 -9.272065e-001 -2.257851e+000 -1.232735e+000 -9.932913e-001 -2.671994e+000 -1.053884e+000 -9.635092e-001 -1.479132e+000 -1.029194e+000 -4.772880e-001 -1.305879e+000 -1.736974e+000 -1.111654e+000 -8.397668e-001 -4.069337e-001 -5.671914e-001 -3.479642e-002 4.046905e-001 -7.824081e-002 -2.817306e-001 4.490654e-001 5.522948e-001 5.388156e-002 -2.102543e-001 -8.280762e-001 -3.540719e-001 
3.949606e+000 1.072542e+001 -1.220907e+001 1.071836e+001 1.126525e+000 6.371998e-001 -1.645081e+000 -3.244185e-002 2.017054e+000 -1.666964e+000 1.821725e+000 -1.716581e+000 1.850474e-001 -1.094258e+000 -2.218583e+000 -7.489471e-001 -1.093904e+000 -3.327952e-001 -1.348643e+000 -6.113501e-001 -9.781629e-001 -3.605641e-001 -5.096510e-001 -1.401766e+000 -3.596739e-001 -6.302007e-001 5.175067e-001 3.742983e-002 -6.897372e-003 -1.794802e-001 -5.474707e-002 3.595230e-001 -5.931611e-001 -3.246003e-002 -7.029615e-001 -4.503815e-002 
2.808922e+000 9.034312e+000 -1.624650e+001 1.161487e+001 6.882050e-001 1.341177e+000 -2.335584e+000 -1.909693e+000 1.340327e+000 -3.190916e+000 2.594027e+000 -1.132201e+000 1.689002e+000 -1.629282e+000 -1.785080e+000 -9.252807e-001 -1.957049e+000 -8.347815e-001 -1.896770e+000 5.684010e-001 -1.545582e+000 -9.271727e-001 -2.551441e-001 -1.471210e+000 -4.086144e-001 -1.584391e+000 2.411191e-001 9.734068e-003 5.895621e-001 4.729054e-001 7.764256e-002 6.360016e-001 -9.319740e-001 2.499837e-002 -8.331491e-001 -3.636372e-002 
5.401550e+000 6.342465e+000 -1.480844e+001 1.145831e+001 1.789819e+000 1.682798e+000 -2.650490e+000 -6.480090e-001 9.411959e-001 -2.786717e+000 1.609521e+000 -1.791481e+000 1.248766e+000 -6.383925e-001 -8.995033e-001 3.811018e-001 -1.554545e+000 -1.193146e+000 -1.781435e+000 9.573978e-002 -7.720590e-001 1.677998e-001 5.628111e-001 -1.003191e+000 -1.039861e+000 -1.957334e+000 3.779606e-001 2.133919e-001 6.698788e-001 7.016054e-001 2.737367e-001 2.622450e-001 -1.166647e+000 -4.460787e-001 -1.124583e+000 4.484782e-001 
4.023616e+000 2.744313e+000 -1.626383e+001 1.073448e+001 2.231327e+000 2.729521e+000 -1.387504e+000 -2.952751e-001 7.121143e-001 -2.074380e+000 1.208083e+000 -2.341622e+000 9.165845e-002 -9.047418e-001 -9.745106e-001 -3.992369e-001 -2.372473e+000 -1.753243e+000 -6.964556e-001 5.957572e-001 -7.923487e-001 -1.462512e-001 1.078338e-001 -2.028015e-001 -3.074201e-002 -8.045650e-001 5.191414e-001 1.001031e-001 4.925208e-001 7.533442e-001 5.187313e-001 -2.085728e-001 -1.327679e+000 -5.293914e-001 -8.225225e-001 7.324983e-002 
3.877688e+000 2.596368e+000 -1.578503e+001 1.069660e+001 7.355307e-001 1.063786e+000 -3.438473e+000 -6.394500e-001 7.535505e-001 -2.052211e+000 1.319979e-001 -1.785149e+000 1.395829e+000 5.918000e-002 -7.199440e-001 -9.055947e-001 -7.811869e-001 -1.284943e+000 -7.987877e-001 1.397239e-001 -1.406168e+000 -7.778182e-001 -1.089552e+000 -5.535120e-001 -7.330589e-001 -9.134054e-001 1.789920e-001 4.769585e-001 5.627398e-001 1.320514e-001 6.691871e-001 1.910770e-001 -3.053733e-001 -5.418721e-001 -5.055476e-001 1.044903e-001 
5.256612e+000 4.185353e+000 -1.305578e+001 1.234334e+001 3.069037e+000 2.289923e+000 -3.465349e+000 -1.200985e+000 2.976226e-001 -2.059110e+000 4.722049e-001 -2.201790e+000 4.480690e-001 -1.039703e+000 -1.614866e+000 -9.889408e-001 -1.077219e+000 -8.725753e-001 -8.059148e-001 -8.464915e-002 -1.650683e+000 -1.495933e+000 -7.899937e-001 -1.934776e-001 -7.127238e-001 -7.429474e-001 1.303160e-001 4.394688e-001 5.918631e-001 2.073947e-001 5.384091e-001 2.514229e-001 -2.162740e-001 -7.069231e-001 -5.902028e-001 2.015470e-001 
6.123023e+000 6.286898e+000 -1.091344e+001 1.188966e+001 3.753439e+000 1.791616e+000 -2.688775e+000 -1.410164e+000 5.935373e-001 -2.553346e+000 -1.195518e+000 -3.175986e+000 -9.923779e-001 -1.432691e+000 -1.198943e+000 -5.286428e-001 -8.174405e-001 -3.703787e-001 -1.718312e+000 -1.304029e+000 -2.367743e+000 -1.890818e+000 -6.112363e-001 -9.794139e-001 -6.439568e-001 -9.612237e-001 -2.305806e-002 6.543483e-001 7.864457e-001 3.394150e-001 1.991546e-001 1.378983e-001 -4.134589e-001 -2.198003e-001 -2.392479e-001 4.831944e-001 
5.427513e+000 1.325340e+001 -1.027945e+001 8.793936e+000 3.350093e+000 1.807356e+000 -2.673819e+000 -1.834792e+000 -8.821205e-001 -2.590989e+000 -6.077518e-001 -3.171319e+000 -1.001083e+000 -2.468598e+000 -1.922672e+000 -6.012260e-001 -6.747147e-001 -1.154446e+000 -9.023711e-001 2.224754e-002 -1.731918e+000 -1.227224e+000 -1.098679e-001 -1.838298e-001 -4.732984e-001 -5.004735e-001 8.962714e-001 5.300557e-001 1.722549e-001 1.060541e-001 4.101655e-001 -1.229128e-001 -7.099957e-001 -4.340650e-001 -4.073933e-001 1.562441e-001 
6.325164e+000 1.686487e+001 -6.147633e+000 2.499528e+000 3.629557e+000 -9.917438e-001 -3.602706e+000 -3.260074e+000 -1.923562e+000 -2.437312e+000 -9.689860e-001 -8.371604e-001 -2.271904e+000 -2.194863e+000 -1.484420e+000 -5.789214e-001 1.660625e-001 -3.264009e-001 -1.368803e+000 -1.944676e+000 -7.189573e-001 3.841086e-001 1.447950e-002 -3.202962e-001 1.753896e-001 8.345896e-001 7.296713e-001 4.783681e-001 4.160625e-001 2.892877e-001 5.318718e-001 2.314512e-002 -7.772172e-001 -6.167170e-001 -5.857584e-001 -5.838464e-001 
5.727485e+000 2.218986e+001 -9.863243e+000 4.039392e+000 1.346394e+000 -2.886887e+000 -4.581572e+000 -2.806837e+000 -1.682874e+000 -3.349357e+000 -8.487447e-001 -1.733956e+000 -2.003201e+000 -1.384797e+000 -1.110324e+000 -1.208210e+000 -2.862949e-001 -1.185925e+000 -1.114856e+000 -3.034409e+000 -9.426337e-001 8.450677e-001 4.083446e-002 -4.674383e-001 9.983992e-001 5.714773e-001 -6.542278e-001 1.670976e+000 -1.335533e-001 1.197811e-001 6.764841e-001 -2.808318e-001 -3.958125e-001 -1.027799e+000 -5.202554e-001 -6.718059e-001 
1.114152e+001 1.710822e+001 -5.557804e+000 8.879462e-001 1.763533e+000 -4.209000e+000 -6.099030e+000 -3.587732e+000 -1.607320e+000 -2.928005e+000 -1.837006e+000 -5.676317e-001 -1.150375e+000 -8.488222e-001 -8.026188e-001 -1.715100e+000 -1.253228e+000 -5.623774e-001 -1.921717e+000 -2.953657e+000 -9.939586e-001 7.202357e-001 -1.483603e-001 9.889913e-002 1.622818e+000 5.004313e-002 -5.031922e-001 1.175075e+000 1.664689e-001 -2.240749e-001 7.911476e-001 -1.347792e-001 -6.440670e-001 -1.074423e-001 -4.476792e-001 -8.298060e-001 
9.935217e+000 2.331944e+001 -1.091517e+001 3.916139e+000 -7.209912e-001 -2.355000e+000 -5.512574e+000 -4.412515e+000 -1.721139e+000 -4.737238e+000 -6.214964e-001 9.067426e-001 8.379304e-001 -1.062225e+000 -9.593541e-002 -1.303413e+000 -4.294904e-001 2.227971e-001 -1.140976e+000 -3.710620e+000 -7.156192e-001 1.791651e+000 -6.097631e-001 -2.661965e-001 1.720889e+000 7.422678e-001 -9.051785e-001 2.116448e+000 7.992493e-002 -6.291990e-001 1.856433e+000 5.415432e-002 -5.426905e-001 1.457663e-001 3.009543e-001 -1.006816e+000 
