9.699383 6.039436000000001 -16.656990000000004 13.019509999999999 -2.57208 1.939446 -1.162104 -0.7226298 0.5605867 -4.080264 -1.8937220000000001 -3.5138770000000004 -1.063834 -3.362856999999999 -0.5089237 -0.4707275000000001 0.07278465 -0.8111205000000001 -0.9239543999999997 0.2911944 -1.495196 -0.7803017 -0.8681590999999999 0.11430620000000001 -0.2733728 -0.2803578 -0.3026327 -0.6557488 -0.8330982999999998 -0.8554861000000001 0.4043082 0.1780047 0.29983279999999995 -0.3832298 -0.16499909999999998 -0.4441747999999999 
9.968023 3.6596520000000003 -16.55342 12.68302 -2.756921 0.7433606 -2.013442 -2.684383 0.54833 -3.17078 -1.9645740000000003 -2.78618 -1.047163 -2.381314 -0.7107804 -0.20696969999999998 0.42621939999999997 0.9198388 0.03310359000000001 -0.17889960000000002 -1.299608 0.5407824 0.3346858 0.3943865 0.3303202 -0.08337640999999998 -0.175516 -1.529795 -1.436921 -0.6823725 0.6949296 0.5159484 -0.24205150000000003 -0.1060164 0.07630353 0.3367174 
9.009855 3.518832 -18.359000000000005 12.24801 -3.587681 1.79988 -2.2934769999999998 -2.467814 0.2837114 -3.038988 -2.333002 -4.195791 -1.3537370000000002 -3.1615220000000006 -0.1343079 -1.284053 -0.32291699999999995 -0.21310009999999996 -0.45456850000000004 -0.6681613 -1.558944 0.04279543000000001 -0.6705402 0.41253809999999996 -0.3335614 -0.3284788 -0.09480791 -1.148201 -1.000374 -0.6041822999999998 0.6266181 0.2028379 0.4908899 -0.1305406 0.7746423 0.5458939000000002 
8.927767000000001 2.250949 -18.6775 13.423699999999998 -3.1066320000000003 1.520963 -2.8235409999999996 -2.7528779999999995 -0.9280393 -3.7268429999999997 -3.1938740000000005 -4.295397 -3.0792770000000003 -4.476482 -0.25776060000000006 -0.8476103999999999 0.40895029999999993 0.062048549999999994 0.5685571 0.08553575999999999 -2.1106769999999995 -0.7144211 -0.4432201 0.6469492 -0.013591209999999996 -0.4648691999999999 -0.6653195 -0.7404232999999999 -0.8268516000000001 -0.7770877 0.6454263 0.06829408 -0.2288568 0.2223107 0.20776599999999995 0.109495 
9.435671 1.131658 -16.620900000000002 10.502049999999999 -2.7045670000000004 0.007097172999999999 -3.18648 -2.8597089999999996 -0.21775190000000005 -1.7892170000000003 -2.360756 -2.6890390000000006 -0.9434465000000001 -2.1117379999999994 -1.109818 -0.3177404 0.7340942999999999 0.7054707000000001 0.9900555000000002 0.10289369999999999 -0.6354737 0.06771085 0.5157807 1.325191 0.8997956 0.03161215 -0.08733363 -0.3429332 -0.5476703 -0.09970202 0.41555119999999995 0.5687706 0.4678550000000001 0.22295550000000003 0.2679345 -0.2518782 
8.406309 2.0011830000000006 -15.646060000000002 10.058080000000002 -3.434891 0.320346 -2.846959 -2.9849670000000006 -0.9598739 -1.7726629999999999 -2.536438 -1.7942509999999996 -1.1451150000000003 -2.077024 -1.114116 -0.6704874 -0.2630259 -0.3372549 1.10321 -0.03178978 -1.0252160000000001 -0.26535250000000005 0.5625798 0.24363669999999998 0.6295381 -0.2718854 -0.09797623 -0.4230437 -0.8796537999999999 -0.7331924 -0.3314801 0.5640926999999999 0.03927524999999999 0.46096119999999996 0.45826190000000006 -0.05035749 
6.273668 4.522039 -15.197370000000003 11.035359999999999 -1.9504529999999998 1.285483 -2.632172 -2.7790220000000003 -0.8226839000000001 -1.487914 -2.3102370000000003 -1.913295 -1.647829 -2.487785 -1.1252379999999997 -0.7857629 -0.24460299999999996 -0.7618622000000002 1.8511869999999997 0.8102101 -0.0958848 0.5201760000000001 0.9552047000000001 0.5218645999999999 0.5560459 -0.15830750000000002 0.30698509999999996 0.2288249 -0.7130957999999998 -0.5080618 0.11544219999999997 0.8230826000000001 0.09592334000000001 0.5266389 0.7203543999999998 0.8823613999999999 
3.532339 4.328724 -15.664060000000003 7.707043 -2.3009230000000005 0.9573098 -2.13261 -2.1405929999999995 -0.15993119999999997 -1.784025 -2.232161 -0.25537229999999994 -1.029872 -0.6991601999999999 0.42698139999999996 -0.05949405000000001 -0.4961378 -0.5324382 1.125528 1.178361 0.07948301 -0.08428981 0.7398189 0.3795819 0.8058328 0.3012331 2.0412700000000004 0.9008957999999999 -0.1677932 -0.695789 -0.1560724 0.3809008 0.2523176999999999 0.3455983 0.6063249 0.5121742 
4.575798 6.935902 -16.38679 7.067159000000002 -0.7900128 1.486268 -2.0305369999999994 -2.573884 -1.6829129999999997 -3.374012 -3.9898610000000003 -2.6082320000000005 -1.569864 -0.8408683999999998 -0.6374214 -0.26754759999999994 -1.135122 -0.7915152 1.085884 1.0353200000000002 0.6661528 0.1523648 0.5682789 0.06353703 0.1811412 0.30526039999999993 1.581946 0.2692007 -0.6106179000000002 -0.6076164999999999 0.4551075 0.35717139999999997 0.03293313 0.36593760000000003 0.4602769000000001 0.12026420000000002 
5.988487 10.12735 -15.814620000000001 4.360433999999999 -1.151279 0.6815205 -3.5533670000000006 -3.7042870000000003 -0.6564186 -1.7653040000000002 -3.326698 -2.1358010000000003 -1.942572 -1.22455 -0.1508535 -1.012619 -1.831101 -0.3877858 1.050177 0.2954591 1.193212 0.8343138000000001 0.6441664 -0.7818594 0.5970442 2.072134 2.0795999999999997 0.5055736 -0.7357107000000002 -0.0744142 0.5342611 0.03893674 0.11972800000000003 0.21126550000000005 0.3325301 -0.005691442999999999 
9.154123999999998 11.79343 -16.21569 3.238654 -1.067532 -1.5755250000000003 -4.22675 -4.307546000000001 -0.12907369999999999 -0.7122007000000001 -2.785679 -1.296489 -2.18591 -3.130533 -1.1662929999999998 -0.11778140000000001 -0.7955575 0.07663938999999999 1.148811 -0.8420082999999999 -0.08659388 1.10213 1.2168530000000002 -0.6738089 0.7075361 2.227502 1.128773 -0.5970372 -1.5166900000000003 -0.8805113999999998 -0.011465870000000001 0.6445637 0.003721873 0.04303438999999999 1.064192 0.764037 
10.74814 13.661919999999999 -15.23097 1.703431 -2.738702 -1.448086 -4.770035 -4.931499 0.6917529 -1.101113 -1.963056 -0.9402267000000001 -1.9472729999999996 -1.4361739999999998 -1.7471359999999998 -0.6445244 -0.24673600000000004 -0.16278609999999996 0.8500172 -1.4066100000000001 -0.00745163 1.246239 1.0186980000000003 1.094177 1.445399 1.599838 1.5963910000000001 -0.04762360999999999 -1.061057 -0.6519122 -0.20418859999999997 -0.06782735 0.1735953 0.6338022 0.7205249 0.8205992999999998 
12.711749999999999 14.517529999999997 -16.27687 0.9052951 -3.2591770000000007 -1.815659 -4.275938 -3.993617 0.1960986 -2.213557 -1.614374 -0.4997748 -1.237747 -1.326078 -1.5702999999999998 -0.6229227 0.1197492 0.7121303 0.3086047 -0.7329458 -0.06487087000000001 1.594975 1.6226579999999997 1.329613 2.148712 1.2101869999999997 2.037201 0.9900748999999999 -1.214002 -0.9876183999999999 0.3640971 -0.10785029999999998 0.004426990999999999 1.089474 0.9532635999999999 0.38269820000000004 
13.3331 15.38655 -18.17198 0.21184880000000003 -3.500788 -1.852876 -2.935208 -3.058419 0.2109953 -1.914156 -1.131074 -1.000032 -0.08932262 -1.768905 -1.385327 -0.5977668 0.16041569999999997 1.031949 -0.04049696 -0.6828310000000001 -0.4328333999999999 1.571016 1.590764 1.30181 1.594709 0.8673249 2.304179 0.9919045999999999 -1.578048 -1.050281 0.01967439 -0.35144619999999993 -0.2003594 1.0289780000000002 0.9975177999999999 0.1301411 
17.86839 14.177890000000001 -14.21288 -0.025639980000000003 -2.621165 -0.09112823000000002 -0.1787609 -1.6151149999999999 0.8519575 -0.6229884 -0.30544599999999994 0.8144244 0.232901 -1.511811 -1.607035 -0.5878782 0.6076509 0.9883778000000001 -0.33466409999999996 -0.656435 -0.3869521 0.401379 1.0458549999999998 0.44607600000000003 0.003109042 0.39721880000000004 0.9835836000000001 0.1425758 -1.156477 -1.286293 -0.84063 -0.6307804 -0.3141843 0.5490309 0.3569993 -0.1978559 
15.122370000000002 7.243099999999999 -14.522549999999999 9.4108 -0.8820679 1.227683 -0.01568606 -0.293822 0.9955499000000001 -2.080327 -0.03748276 -0.9422885 -1.1718659999999999 -2.775971 -1.6376829999999996 -0.3595289 -0.2827016 -3.466282E-4 -0.4134653 0.3022695 -1.307504 -1.016984 0.3007589 -0.23612370000000002 -0.4270242 -0.7576032 -0.4231478000000001 0.11334489999999998 0.21910119999999994 -0.1405746 0.1418368 0.5063966999999999 0.2801282 0.38390749999999996 0.0531338 -0.24753240000000004 
12.233779999999998 1.071849 -14.403620000000002 9.873783000000001 -0.06456478 0.8477284000000002 -0.009981155 -2.366978 0.5589982 -2.460574 -2.785437 -3.224733 -2.3614910000000005 -1.739879 -0.5711919 0.4441498 0.042601459999999994 0.03126064 -0.2211893 -0.3963432 -1.1400249999999998 -0.5530515 0.04028269 0.4267458 0.041463030000000005 -0.7849836999999998 -0.40586350000000004 -1.123329 -0.7125817999999999 -0.5027171 -0.32056029999999996 0.3221875 -0.11789000000000002 0.2650701 0.21589480000000003 0.16925640000000003 
9.761033 3.038499 -16.97803 12.32291 -2.9821020000000003 1.068663 -1.9796060000000002 -3.18853 0.20388999999999996 -3.111397 -2.543955 -4.413362 -2.6761419999999996 -2.6708 0.1496208 -0.3051748 -0.6455080999999999 -0.3069454999999999 0.03550575 0.8077756999999999 -0.4534235999999999 0.3559333 -0.205497 0.7440810999999999 0.516938 -0.2585743 0.012560829999999999 -0.9114188 -1.02883 -0.8061606 0.08020378 0.6019309 0.9378023999999999 0.5627895 0.27624199999999993 0.10565519999999998 
9.678879 2.032074 -17.25931 12.194379999999999 -2.9911579999999995 0.6418498 -2.7768529999999996 -2.856144 0.1639884 -2.271148 -2.235991 -4.279859000000001 -2.587759 -3.0501010000000006 0.35306570000000004 -0.5832381 -0.7373978 -0.1892585 0.45811810000000003 0.35147040000000007 -1.6943889999999997 -0.7422392000000001 -0.5260115 0.7089713 -0.08317075 -0.5996323 -0.24645999999999996 -0.7709566 -1.016506 -1.106567 0.3310378 0.2855835 0.5885236000000001 0.5724667 0.22894330000000002 -0.2144131 
9.782505 2.503643 -18.299630000000004 10.794039999999999 -3.6382389999999996 0.6358237 -2.9661219999999995 -2.654482 -1.21371 -3.386719 -3.2935149999999997 -3.4060069999999993 -1.542823 -2.124834 0.5272940999999999 0.07052152 0.9573196 0.48085710000000004 1.4160179999999998 0.8265174999999998 -1.069411 -0.2086048 0.4823532 1.3574800000000002 0.6408666 0.1185121 -0.04241828 0.1532683 -0.5203872 -1.078861 -0.012511899999999996 -0.04641553999999999 0.1775719 0.6367183 0.494729 0.03686244 
9.283843 2.547648 -16.18095 11.021060000000002 -3.3045599999999995 2.063504 -2.077256 -2.119769 -0.9177238 -1.7219909999999996 -2.9925910000000004 -2.8880890000000004 -1.55631 -1.7713850000000002 -0.7648631000000001 -0.39639 -0.3676331 -0.15491450000000004 1.322256 0.43357169999999995 -0.24674409999999997 -0.29064930000000005 0.22184960000000004 0.170103 1.213154 0.07336427 0.2571174 -0.00916583 -0.4033585999999999 -0.3188692 -0.4636187 0.26498169999999993 0.1614008 0.22446349999999998 0.3195839 -0.042730229999999994 
7.452208 2.6199550000000005 -16.854119999999998 9.531926999999998 -2.632137 1.222532 -2.439812 -2.5499070000000006 -0.7428257 -1.9078289999999998 -3.0992339999999996 -2.225583 -1.339535 -1.753012 -0.29206589999999993 -0.47873430000000006 -0.4590554 -1.012283 0.9047497 0.6343986 0.06054301 0.39785050000000005 0.5769842 0.262775 1.013158 1.036567 1.026153 0.07026501 -0.6215332 -0.4109289 0.1077534 0.505702 -0.5290501 0.1777152 0.15707230000000003 0.004589872000000001 
6.082417 5.6353599999999995 -15.590140000000002 8.877814 -1.7301959999999998 2.092608 -1.3212080000000002 -1.905441 -0.37764910000000007 -1.8512380000000002 -3.244745000000001 -1.8542690000000002 -0.9434050999999999 -0.8222129999999999 -0.3428355 -0.5919146 -0.51985 -0.5444072000000001 1.5503859999999998 1.6078910000000002 0.7480704 0.5249256999999999 0.47770510000000005 -0.14914230000000003 0.25511829999999996 0.10976969999999998 1.142189 -0.1591313 -1.098483 -0.9586612 -0.1630619 0.5641845 0.3895389 0.3002727 0.5527066 0.7716808 
3.626825 5.390648 -16.651569999999996 6.835988 -1.635847 0.5179511999999998 -1.193039 -2.251562 -0.8429788 -2.5226159999999997 -3.4862229999999994 -2.219576 -1.5882319999999999 -0.22229300000000002 -0.34773880000000007 -0.1534982 -0.48113759999999994 -0.43469470000000004 1.5722070000000001 1.27337 0.23016719999999996 -0.10988790000000001 0.36626499999999995 -0.2271577 0.35632859999999994 0.7990487000000001 1.643784 0.18129869999999998 -0.590274 -0.4300118 0.4124093000000001 0.3243786 -0.18235430000000002 0.1247568 0.6654189 0.4087657 
3.0706680000000004 8.45752 -15.33659 6.211582999999999 -0.8471626 0.6738445999999999 -2.445729 -4.577154 -1.458577 -1.455451 -2.4270859999999996 -0.45194890000000004 -1.8423990000000001 -0.9031931000000001 0.3005723 -0.2350592 -0.2992653 0.21486500000000003 1.282089 0.9687767999999999 0.6443614000000001 0.2747217 0.7021109 -0.27614690000000003 0.41708440000000013 0.6488066999999998 1.885702 0.5515408 -0.5662604 0.018101790000000003 0.6134674000000001 -0.08823283000000001 -0.171756 0.02117985 0.4358411000000001 0.2622298 
7.553848000000001 11.792550000000002 -14.967020000000002 4.418278999999999 -0.7135062999999999 -0.6270721999999999 -3.968640999999999 -4.595987999999999 -0.3763252000000001 -1.221178 -2.5514359999999994 -0.1019211 -3.3047119999999994 -3.630305 -0.7423504999999999 -0.7527059 -0.2039061 0.5785721 1.3999260000000002 -0.5407605000000001 -0.3007296 1.4184979999999998 1.388522 -0.2250619 1.189334 1.6203470000000002 1.258644 -0.05848213000000001 -0.9947375999999999 0.1314605 0.33311929999999995 0.2241023 -0.1397999 0.1451563 1.1024209999999999 0.7451936000000001 
9.927737 13.326670000000004 -16.53438 3.341044 -1.965133 -1.6878530000000003 -5.045475 -4.56591 0.1834688 -0.6887974999999998 -2.4401639999999998 -0.5715149999999999 -1.9819309999999999 -2.6325040000000004 -1.7071640000000001 -0.1381585 -0.2989578 -0.11705129999999998 1.256005 -1.232119 -0.37590870000000004 0.9189394000000001 1.672796 0.6740632 1.430441 2.0147 1.4185339999999997 -0.5191057 -1.178139 -0.6751312 -0.17217269999999998 0.2575017 -0.022379769999999997 0.2926845 0.6598976 1.009144 
12.824569999999998 14.284400000000002 -15.56049 1.664068 -2.788525 -1.958774 -4.101152 -4.73114 -0.17951399999999998 -1.4597219999999997 -2.248602 -0.7483757999999999 -1.389869 -1.6034779999999995 -1.7483830000000002 -0.6466368 0.009804084 0.39315230000000007 0.7238305 -0.9612578999999999 -0.07632525 1.6573740000000003 1.300408 1.248957 1.8001900000000002 1.234151 1.8327950000000004 0.4413356999999999 -1.1830560000000003 -0.6811629000000001 -0.108893 0.013402609999999999 0.3233853 0.7023532 0.9627098 0.6471638 
12.60391 16.29138 -18.74618 2.3114519999999996 -4.512366 -1.264188 -3.765801 -3.171417 0.34402320000000003 -2.085576 -1.308878 -1.000827 -0.35112200000000005 -1.995858 -1.19547 -1.0889 0.39538539999999994 0.671355 -0.03616262 -0.2475665 -0.43021600000000004 1.700519 1.908692 1.2909439999999999 2.324996 0.8685812999999999 2.563846 1.187265 -1.3938310000000003 -0.9223480999999999 0.3745127 -0.35571049999999993 -0.01997594 0.9954628000000001 1.0008420000000002 0.17725949999999996 
