-2.326503e+000 1.387431e+001 -8.736022e-001 6.299183e-001 1.641986e+000 -2.032861e-001 -7.980453e-001 -5.502843e-001 5.754750e-001 -1.299201e+000 -5.001333e-001 6.893877e-001 
-1.400411e+000 1.314865e+001 -4.800100e-001 1.533919e+000 2.057054e+000 -1.543393e-001 -1.240050e+000 -1.163342e-001 8.918251e-001 -8.587563e-001 -3.738215e-001 9.791073e-001 
-2.839542e+000 1.266724e+001 6.747170e-001 1.660465e+000 1.446762e+000 -1.560734e-002 -1.108811e+000 -2.121401e-001 2.083959e-001 -3.441848e-001 -5.976696e-002 4.818134e-001 
1.276446e-002 1.066034e+001 2.345670e+000 2.003996e+000 1.691276e+000 -2.541326e-001 -1.940768e+000 -8.732322e-002 -3.388759e-001 -2.675216e-001 2.296686e-001 5.694662e-001 
7.379918e+000 6.263841e+000 2.600023e-001 9.008563e-001 4.603451e-001 9.538973e-001 -7.530534e-001 1.761445e-001 -8.381545e-001 -7.919187e-001 4.009248e-001 -1.939369e-001 
7.149319e+000 4.804018e+000 7.316192e-001 1.977108e+000 7.396582e-001 1.115816e+000 -3.828726e-001 2.920349e-001 -7.442810e-001 -4.042152e-001 8.081089e-001 2.584156e-001 
4.252875e+000 4.578096e+000 1.084215e-002 2.159720e+000 1.721842e+000 6.473186e-001 -7.366231e-001 6.774145e-001 -8.691761e-001 -1.885764e-001 3.032565e-001 -1.115627e-001 
4.888421e+000 6.194508e+000 -2.992429e-001 2.741255e+000 1.952166e+000 6.922779e-001 -3.081439e-001 1.055402e+000 -9.774275e-001 -4.961617e-001 3.237535e-001 -1.215213e-001 
8.184003e+000 7.064538e+000 -1.412294e+000 3.167830e+000 2.247869e+000 1.206208e+000 -1.561886e+000 2.071888e-001 2.256283e-001 -8.607752e-001 -3.376467e-001 8.221299e-001 
1.082152e+001 7.740511e+000 -2.376885e+000 2.962771e+000 1.850243e+000 2.143431e+000 -1.772212e+000 5.800762e-001 3.100149e-001 -7.354193e-001 -8.425521e-001 1.328288e+000 
1.214234e+001 8.847791e+000 -3.682137e+000 1.972661e+000 1.367375e+000 1.868781e+000 -2.875168e+000 5.216112e-001 -2.896303e-002 -7.887751e-001 -1.440243e+000 1.645693e+000 
1.330090e+001 8.689201e+000 -3.690834e+000 2.427405e+000 4.660642e-001 1.556111e+000 -3.640474e+000 5.452636e-001 -2.436184e-001 -5.041490e-001 -2.016855e+000 1.774589e+000 
1.258633e+001 9.990556e+000 -4.255225e+000 2.113614e+000 -1.371071e+000 2.534953e+000 -3.818675e+000 9.902656e-001 -5.893746e-001 -6.408236e-001 -2.167056e+000 1.459733e+000 
1.397207e+001 9.180403e+000 -3.660920e+000 9.057234e-001 -4.271827e-001 2.190376e+000 -2.799767e+000 1.359989e+000 -5.442831e-001 -7.427819e-001 -1.675040e+000 1.072759e+000 
1.457233e+001 9.218263e+000 -3.684929e+000 1.793836e-001 3.431700e-002 1.971476e+000 -2.273227e+000 1.568897e+000 -7.120087e-001 -9.738768e-001 -1.481826e+000 8.086420e-001 
1.385534e+001 1.041461e+001 -4.679221e+000 1.200729e+000 -1.456633e+000 2.236057e+000 -2.474267e+000 1.374163e+000 -1.140128e+000 -8.298180e-001 -1.532681e+000 8.205065e-001 
1.165070e+001 9.153394e+000 -3.506238e+000 4.141753e-001 -1.660308e-001 8.653915e-001 -1.385789e+000 8.155399e-001 -6.165329e-001 -9.656957e-001 -1.197086e+000 5.886362e-001 
-3.241060e+000 1.336583e+001 -1.152310e+000 1.963911e+000 1.753060e+000 -6.260666e-001 -5.052227e-001 -5.539003e-001 7.100472e-001 -9.720971e-001 -7.968684e-002 3.858162e-001 
-2.901139e+000 1.359478e+001 3.288635e-001 2.319578e+000 1.436784e+000 -6.099757e-002 -1.228622e+000 -9.770425e-001 6.321388e-001 -4.773582e-001 1.536407e-001 5.719727e-001 
-2.815897e+000 1.200233e+001 9.777613e-001 1.643121e+000 1.326798e+000 -2.879993e-001 -1.663240e+000 -7.872916e-001 -2.087758e-001 -3.517844e-001 6.444070e-002 9.450610e-001 
2.195646e-001 8.440300e+000 1.188236e+000 1.485314e+000 8.052378e-001 -1.528351e-001 -1.761022e+000 -3.018481e-001 -7.393634e-001 -4.565874e-001 4.678808e-001 3.908643e-002 
7.368912e+000 5.104021e+000 -3.965032e-001 5.223651e-001 4.858278e-001 1.138618e+000 -4.520975e-001 4.287916e-001 -6.126051e-001 -8.433392e-001 2.773631e-001 5.336751e-002 
6.024790e+000 4.053728e+000 3.237328e-001 1.640715e+000 9.019086e-001 1.479579e+000 -1.978471e-001 3.660880e-001 -6.003585e-001 -4.399095e-001 4.568799e-001 -1.632139e-002 
4.440639e+000 4.317427e+000 -2.567236e-001 1.727404e+000 1.428345e+000 9.178451e-001 -9.392417e-002 8.635767e-001 -5.679523e-001 -4.643144e-001 1.942166e-001 -2.210965e-001 
5.480720e+000 6.203834e+000 -1.141588e-001 2.587037e+000 1.818420e+000 2.860813e-001 -5.644936e-001 8.159275e-001 -7.567427e-001 -4.014549e-001 4.771165e-001 -5.361666e-002 
9.022576e+000 7.418391e+000 -1.644138e+000 3.270310e+000 1.963899e+000 1.244360e+000 -1.768120e+000 2.962597e-001 2.239889e-001 -7.645300e-001 -6.263655e-001 9.421509e-001 
1.148859e+001 7.826637e+000 -2.217894e+000 2.862086e+000 1.931901e+000 2.131598e+000 -1.719227e+000 3.464800e-001 3.517340e-001 -9.426157e-001 -9.302197e-001 1.335695e+000 
1.300426e+001 8.632801e+000 -3.070577e+000 1.945738e+000 1.721755e+000 1.594001e+000 -2.666500e+000 2.855391e-001 8.284794e-002 -7.215702e-001 -1.617459e+000 1.764697e+000 
1.301018e+001 9.046568e+000 -4.084917e+000 2.956048e+000 1.388039e-001 2.095671e+000 -3.563139e+000 9.067524e-001 -2.403177e-001 -4.013050e-001 -2.150353e+000 1.750770e+000 
1.358610e+001 9.017348e+000 -3.869373e+000 1.575480e+000 -7.606437e-001 2.201945e+000 -3.617025e+000 1.100949e+000 -6.498456e-001 -5.474976e-001 -2.225048e+000 1.432366e+000 
1.438303e+001 9.071091e+000 -3.730670e+000 9.083487e-001 -5.564308e-001 2.362493e+000 -3.178014e+000 1.495891e+000 -7.708157e-001 -8.381142e-001 -1.792542e+000 9.856023e-001 
1.352386e+001 1.080143e+001 -4.918007e+000 1.366061e+000 -1.282828e+000 3.010195e+000 -3.382563e+000 2.412878e+000 -1.506099e+000 -4.703103e-001 -1.754863e+000 9.789534e-001 
