4.794025e+000 1.301702e+001 2.351180e+000 1.704097e+000 3.327623e-001 -1.103195e+000 -1.253065e+000 -1.094595e-001 1.343292e+000 5.141070e-001 -8.816774e-001 -8.860496e-001 
3.406961e+000 1.449728e+001 1.738777e+000 3.687724e+000 4.178508e-001 -1.044394e+000 -1.325951e+000 -1.102631e+000 5.833271e-001 -1.234984e-001 -7.039617e-001 -4.438790e-001 
5.995600e+000 1.270042e+001 2.347826e+000 3.105004e+000 1.034457e+000 -1.117402e+000 -1.459866e+000 -1.462165e+000 3.430265e-001 2.785420e-001 -7.720749e-001 1.224509e-001 
5.940846e+000 1.323662e+001 1.569220e+000 3.049233e+000 1.600675e+000 -9.643663e-001 -1.632505e+000 -1.401683e+000 4.287019e-001 1.771425e-001 -8.710488e-001 6.690296e-002 
5.846815e+000 1.392615e+001 3.776422e-001 4.157374e+000 1.666844e+000 -9.809677e-001 -1.789681e+000 -1.508447e+000 1.042448e+000 1.822590e-001 -1.030878e+000 5.557511e-003 
5.931495e+000 1.446859e+001 1.215350e-001 3.965648e+000 1.580357e+000 -1.133821e+000 -1.605675e+000 -1.387540e+000 1.290025e+000 1.840157e-001 -1.175203e+000 1.310051e-001 
5.233978e+000 1.586370e+001 -1.163292e+000 4.889924e+000 1.069194e+000 -9.068246e-001 -1.574677e+000 -1.583131e+000 1.474940e+000 -1.422845e-001 -7.865171e-001 1.535676e-002 
8.588388e+000 1.222422e+001 1.834977e+000 2.806639e+000 1.615554e+000 -1.023916e+000 -1.769099e+000 -1.057041e+000 7.852050e-001 2.513004e-001 -8.250441e-001 1.872046e-001 
7.648867e+000 1.386578e+001 1.175050e+000 3.406714e+000 6.305304e-001 -1.517202e+000 -1.432502e+000 -1.205635e+000 7.665784e-001 4.165019e-001 -4.585873e-001 7.395847e-002 
8.957605e+000 1.233419e+001 2.385948e+000 2.954910e+000 2.512154e-001 -1.727663e+000 -9.989948e-001 -8.415365e-001 2.864304e-001 3.869880e-001 -5.518052e-001 -2.770822e-001 
8.029195e+000 1.502614e+001 -3.306682e-001 3.807932e+000 -8.172075e-001 -1.346790e+000 -6.234263e-001 -7.029787e-001 1.401024e+000 -5.831777e-001 -1.215707e+000 -1.056938e+000 
8.458898e+000 1.517255e+001 -1.210998e+000 3.774032e+000 -8.833903e-001 -7.981354e-001 -4.241475e-001 -8.193089e-001 1.493679e+000 -9.064408e-001 -1.419321e+000 -1.527030e+000 
9.267239e+000 1.404629e+001 -1.276177e+000 3.319396e+000 4.847773e-001 -3.268775e-001 -6.675140e-001 -1.382913e+000 7.123231e-001 -5.635353e-001 -1.234880e+000 -9.050511e-001 
1.167958e+001 1.177661e+001 -9.822963e-001 2.254003e+000 1.920238e+000 5.846888e-001 -1.110027e+000 -2.147650e+000 -1.641082e-001 3.583218e-002 -6.299588e-001 -5.942400e-001 
1.067779e+001 1.346425e+001 -3.330942e+000 3.522749e+000 1.796500e+000 1.481443e+000 -1.242367e+000 -3.003138e+000 -3.189382e-002 -2.790345e-001 3.197420e-001 -6.394525e-001 
1.201847e+001 1.158594e+001 -2.283106e+000 2.822415e+000 2.758884e+000 1.390838e+000 -1.390359e+000 -2.890523e+000 -5.984478e-001 1.337430e-001 5.057831e-001 -2.049794e-001 
1.042615e+001 1.325753e+001 -3.967741e+000 4.699590e+000 1.463687e+000 1.775698e+000 -1.097601e+000 -3.017197e+000 4.505152e-002 -7.207240e-001 1.208512e+000 -2.463772e-001 
1.110163e+001 1.054911e+001 -8.580927e-001 2.401171e+000 1.896919e+000 5.465550e-001 -5.353542e-001 -1.344208e+000 -3.606343e-001 -1.945723e-001 -6.043428e-002 -3.307160e-001 
3.633046e+000 1.421378e+001 1.479091e+000 2.158228e+000 1.296600e-001 -1.188547e+000 -1.181130e+000 -2.034829e-001 1.435604e+000 4.845428e-001 -8.606830e-001 -1.003035e+000 
4.599672e+000 1.299286e+001 2.781850e+000 2.897402e+000 8.231147e-001 -1.081315e+000 -1.310289e+000 -8.829421e-001 3.499536e-001 -6.764743e-002 -8.098238e-001 -4.505042e-001 
3.593518e+000 1.542084e+001 4.471181e-001 4.256503e+000 5.470374e-001 -9.954920e-001 -1.376867e+000 -1.724526e+000 7.405549e-001 3.674048e-002 -8.368068e-001 8.717380e-002 
5.715725e+000 1.334901e+001 1.554805e+000 3.065033e+000 1.595501e+000 -9.421270e-001 -1.660759e+000 -1.354674e+000 5.755078e-001 1.965694e-001 -9.332038e-001 6.268144e-002 
4.857162e+000 1.515218e+001 -6.242864e-001 4.847681e+000 1.182163e+000 -8.257402e-001 -1.783128e+000 -1.620285e+000 1.286095e+000 -2.434887e-002 -8.549634e-001 -1.360981e-001 
6.081456e+000 1.393431e+001 4.753619e-001 3.725879e+000 1.812882e+000 -1.146526e+000 -1.714003e+000 -1.375114e+000 1.178052e+000 2.829660e-001 -1.181641e+000 2.206729e-001 
7.310436e+000 1.286909e+001 1.273395e+000 3.126966e+000 1.985607e+000 -1.047048e+000 -1.849722e+000 -1.055230e+000 9.095030e-001 2.082807e-001 -9.585269e-001 1.172676e-001 
8.419023e+000 1.223097e+001 1.822707e+000 2.654966e+000 1.744137e+000 -9.498137e-001 -1.867966e+000 -9.993868e-001 7.693687e-001 1.768501e-001 -7.695005e-001 1.778536e-001 
7.355592e+000 1.397798e+001 1.057213e+000 3.482905e+000 5.691458e-001 -1.438516e+000 -1.367908e+000 -1.273583e+000 7.475725e-001 4.081568e-001 -4.109246e-001 7.358214e-002 
8.471080e+000 1.266147e+001 2.158478e+000 3.141419e+000 1.916479e-001 -1.792309e+000 -9.567197e-001 -9.171945e-001 3.241371e-001 4.306205e-001 -5.434160e-001 -2.535898e-001 
8.079587e+000 1.464694e+001 -9.442087e-002 3.681856e+000 -6.762567e-001 -1.379974e+000 -6.337574e-001 -6.801336e-001 1.295010e+000 -4.968943e-001 -1.252924e+000 -1.000145e+000 
9.089706e+000 1.399221e+001 -1.626024e-001 3.102383e+000 -5.584343e-001 -9.952045e-001 -4.259702e-001 -6.083161e-001 1.176649e+000 -5.543138e-001 -1.656531e+000 -1.465657e+000 
7.964145e+000 1.552454e+001 -2.486995e+000 4.225855e+000 -1.848332e-001 -1.821753e-001 -4.496440e-001 -1.773791e+000 1.309379e+000 -1.124419e+000 -8.674309e-001 -1.202155e+000 
1.141765e+001 1.177513e+001 -1.002415e+000 2.307671e+000 1.926344e+000 5.255748e-001 -1.102232e+000 -2.118121e+000 -1.405779e-001 2.109330e-002 -6.746904e-001 -5.861186e-001 
1.105882e+001 1.267209e+001 -2.675559e+000 3.032007e+000 2.143555e+000 1.276288e+000 -1.226141e+000 -2.868248e+000 -2.260752e-001 -6.235174e-002 1.073174e-001 -5.216992e-001 
1.059295e+001 1.313778e+001 -3.614830e+000 3.829048e+000 2.207241e+000 1.614365e+000 -1.334841e+000 -3.173772e+000 -2.625115e-001 -2.753980e-001 8.483688e-001 -3.759693e-001 
9.550990e+000 1.416443e+001 -4.725888e+000 5.257758e+000 1.118541e+000 1.842312e+000 -9.668605e-001 -3.360847e+000 4.627853e-001 -1.142605e+000 1.529276e+000 -4.016378e-001 
