-5.857791e+000 1.074631e+001 1.481643e+000 1.691844e+000 -1.913822e+000 -2.193036e+000 -7.050842e-001 9.173545e-001 2.203047e-001 1.972901e-002 1.054230e-001 -2.693506e-001 
-5.498208e+000 1.042975e+001 1.456100e+000 1.212759e+000 -1.281098e+000 -1.512551e+000 -6.774266e-001 9.331883e-001 4.931171e-001 -1.352172e-001 -1.440563e-001 -8.094863e-002 
-3.045497e+000 1.173964e+001 1.082247e+000 2.526308e+000 -1.479777e+000 -1.269018e+000 -6.866392e-001 3.553241e-001 6.546783e-001 -4.922122e-001 -4.369057e-001 -5.058151e-001 
1.661989e+000 1.160481e+001 -7.305712e-001 2.629859e+000 -9.682659e-001 -3.653823e-001 -1.076647e+000 -9.082366e-001 -3.429217e-001 -8.669414e-001 -3.033502e-001 -2.519078e-001 
3.350303e+000 1.339079e+001 7.162501e-002 4.016469e+000 4.194205e-001 -4.002643e-001 -1.196797e+000 -8.086692e-001 4.393635e-002 -8.942905e-001 -1.036908e+000 -2.509487e-001 
5.696095e+000 1.261293e+001 1.478309e+000 3.851485e+000 1.324011e+000 -6.729873e-001 -1.330327e+000 -1.405178e+000 -1.530395e-001 -4.133632e-001 -7.689839e-001 4.895281e-002 
6.138504e+000 1.280459e+001 1.934835e+000 3.134219e+000 1.370718e+000 -5.344454e-001 -1.212421e+000 -1.176059e+000 -1.354858e-001 -5.162121e-001 -9.511134e-001 1.030559e-001 
4.209386e+000 1.488095e+001 2.049147e-001 4.558904e+000 7.579055e-001 7.079101e-002 -1.400514e+000 -1.337142e+000 -2.783748e-001 -3.314450e-001 -9.821341e-001 1.413794e-001 
5.900537e+000 1.233427e+001 2.085217e+000 3.505299e+000 1.668464e+000 -2.790372e-001 -1.270711e+000 -1.325745e+000 -2.566398e-001 -5.874799e-001 -9.666062e-001 -6.927438e-002 
5.448855e+000 1.273650e+001 1.940460e+000 3.506973e+000 1.656131e+000 -1.731212e-001 -1.411267e+000 -1.291346e+000 -3.363227e-001 -5.786186e-001 -1.097959e+000 5.080659e-002 
4.404429e+000 1.413976e+001 1.157904e+000 3.889785e+000 1.107882e+000 2.464081e-001 -1.728113e+000 -1.027737e+000 -5.677261e-001 -5.916627e-001 -1.022985e+000 2.725265e-001 
4.488455e+000 1.443215e+001 1.054526e+000 4.005414e+000 7.787391e-001 1.861396e-001 -1.844230e+000 -6.696992e-001 -5.964897e-001 -6.882177e-001 -8.374856e-001 5.660526e-002 
5.487126e+000 1.331945e+001 2.056710e+000 3.021008e+000 1.376594e+000 -4.533209e-002 -1.523738e+000 -1.171657e+000 -5.995495e-001 -7.444451e-001 -4.120788e-001 2.969919e-001 
4.813878e+000 1.460266e+001 1.094531e+000 3.568653e+000 8.370455e-001 -5.988131e-002 -1.723459e+000 -9.747764e-001 -6.905744e-001 -5.083807e-001 -3.727188e-001 3.572307e-001 
7.164223e+000 1.225024e+001 2.357352e+000 2.641840e+000 1.505553e+000 -7.180739e-001 -1.291919e+000 -1.059077e+000 -7.348240e-001 -4.403609e-001 -1.278403e-001 2.448843e-001 
4.922693e+000 1.460664e+001 1.470828e+000 3.143742e+000 1.015880e+000 -4.811195e-001 -1.579526e+000 -1.211722e+000 -3.853229e-001 -4.931177e-001 1.932865e-002 4.000844e-001 
6.971692e+000 1.230540e+001 3.184626e+000 2.127656e+000 1.285413e+000 -4.740307e-001 -1.591691e+000 -1.334405e+000 -4.912209e-001 -2.487593e-001 4.094742e-002 4.500967e-001 
4.604928e+000 1.525134e+001 1.454494e+000 2.774460e+000 1.085935e+000 -4.711577e-001 -1.759714e+000 -1.146822e+000 -3.213498e-001 -2.971570e-001 -6.875901e-002 6.516948e-001 
1.244898e+001 8.766258e+000 3.269692e+000 1.651774e+000 6.256650e-001 -3.963577e-001 -1.009289e+000 -8.516332e-001 -4.133144e-001 -2.189185e-001 -1.024042e-001 -3.091315e-002 
8.774958e+000 5.632272e+000 1.256502e+000 2.019784e-001 -3.298760e-001 -5.476142e-001 -6.159329e-001 -4.716323e-001 -1.257042e-001 7.670557e-002 3.305377e-002 -9.334489e-002 
-6.548742e+000 1.107292e+001 1.383331e+000 9.586068e-001 -1.573164e+000 -1.513182e+000 -5.808490e-001 1.041342e+000 7.001336e-001 1.655102e-002 9.710660e-003 -1.683836e-002 
-4.984378e+000 1.120789e+001 1.366950e+000 1.685721e+000 -1.606066e+000 -1.759564e+000 -5.449961e-001 7.311919e-001 6.705561e-001 -2.207370e-001 -2.741834e-001 -4.906281e-001 
-2.763264e-001 1.170573e+001 -3.411271e-001 2.814167e+000 -1.155979e+000 -4.408402e-002 -1.069114e+000 -4.152646e-001 -5.875742e-002 -8.142038e-001 -4.853144e-001 -3.781444e-001 
3.059374e+000 1.153750e+001 4.255038e-001 2.878832e+000 3.031949e-001 -6.125657e-001 -9.294598e-001 -9.419025e-001 -2.891803e-001 -7.144410e-001 -4.772568e-001 -4.130913e-002 
5.671901e+000 1.196214e+001 1.858608e+000 2.943495e+000 1.495378e+000 -6.601185e-001 -1.326278e+000 -1.024974e+000 -8.499540e-002 -5.561602e-001 -8.348770e-001 -8.107362e-002 
4.699170e+000 1.398956e+001 3.289893e-001 4.855335e+000 9.190329e-001 -2.563121e-001 -1.472268e+000 -1.447288e+000 -1.675688e-001 -5.223248e-001 -6.736706e-001 8.037643e-002 
6.008753e+000 1.254795e+001 2.152945e+000 3.119766e+000 1.525569e+000 -4.531181e-001 -1.217196e+000 -1.325783e+000 -1.910329e-001 -4.864969e-001 -9.075246e-001 1.137429e-001 
5.526132e+000 1.282663e+001 1.768017e+000 3.712696e+000 1.444643e+000 -5.063484e-001 -1.158512e+000 -1.345872e+000 -1.977482e-001 -4.172939e-001 -1.026491e+000 -8.522633e-002 
4.356827e+000 1.395400e+001 1.067466e+000 4.211819e+000 1.091111e+000 -1.109958e-001 -1.547671e+000 -1.030636e+000 -2.509264e-001 -5.079010e-001 -1.248935e+000 -6.544064e-002 
3.773243e+000 1.453408e+001 6.697884e-001 4.614518e+000 7.906146e-001 3.571876e-001 -1.966301e+000 -9.091659e-001 -6.518434e-001 -3.342686e-001 -1.204258e+000 1.882292e-001 
5.564655e+000 1.268927e+001 2.305820e+000 3.038112e+000 1.605419e+000 -2.247445e-001 -1.352232e+000 -1.140878e+000 -4.294561e-001 -7.941257e-001 -8.701772e-001 4.071841e-002 
5.566424e+000 1.301686e+001 2.255185e+000 3.103765e+000 1.535900e+000 -3.657326e-001 -1.367023e+000 -1.082751e+000 -5.744675e-001 -8.121179e-001 -5.602603e-001 2.588561e-001 
5.351781e+000 1.359782e+001 1.867223e+000 3.057748e+000 1.146474e+000 -3.980472e-002 -1.452458e+000 -1.208919e+000 -4.969422e-001 -7.268390e-001 -3.606538e-001 2.115075e-001 
6.262185e+000 1.283237e+001 2.093918e+000 2.651064e+000 1.582302e+000 -6.199335e-001 -1.347207e+000 -1.086906e+000 -6.980566e-001 -5.330250e-001 -2.733927e-001 2.196210e-001 
4.491100e+000 1.517493e+001 5.551104e-001 3.727625e+000 8.222509e-001 -2.487410e-001 -1.729143e+000 -9.662918e-001 -7.278054e-001 -4.332269e-001 4.483981e-002 2.546592e-001 
4.587546e+000 1.468645e+001 1.695530e+000 2.885884e+000 1.053310e+000 -4.989984e-001 -1.589537e+000 -1.313549e+000 -4.567435e-001 -3.192539e-001 -6.038823e-002 4.042029e-001 
4.316979e+000 1.523507e+001 1.517355e+000 2.740870e+000 1.198801e+000 -4.484546e-001 -1.826497e+000 -1.336038e+000 -3.901239e-001 -3.250753e-001 2.406737e-002 6.919350e-001 
