6.051276e+000 1.845211e+001 -1.255955e+001 4.059902e+000 -1.843690e+000 -1.484187e+000 1.924960e-001 -6.345649e+000 2.961755e+000 -4.430927e+000 -2.265379e+000 -7.009178e-001 -1.402215e+000 -5.771038e-001 -2.213392e+000 9.017705e-001 -1.929144e+000 -9.545270e-001 -2.105413e-001 -1.852656e+000 -2.802036e-001 -9.039316e-001 7.927024e-001 -2.308803e-001 
7.546909e+000 1.653371e+001 -1.077352e+001 3.372769e+000 -1.807153e+000 -1.033101e+000 -7.003857e-001 -4.882129e+000 1.111260e+000 -2.892510e+000 -3.225505e+000 -7.883540e-001 -1.417774e+000 -1.268021e+000 -1.435387e+000 -1.033280e+000 -1.143367e+000 -4.891748e-001 -3.085653e-001 -1.263497e+000 -7.029691e-001 -4.524506e-001 -1.305189e-001 2.654483e-001 
7.675765e+000 1.740814e+001 -1.153046e+001 4.849782e+000 -1.972821e+000 -1.363695e+000 3.413376e-001 -5.021146e+000 2.163261e+000 -2.674290e+000 -3.292395e+000 -1.179517e+000 -1.490270e+000 -1.234923e+000 -1.786730e+000 -1.347896e+000 -1.180177e+000 9.899001e-003 3.687781e-001 -1.124478e+000 -8.597984e-001 -7.260039e-001 2.930778e-001 4.876379e-001 
7.998884e+000 1.378430e+001 -8.157365e+000 3.234777e+000 -2.130642e+000 -1.670114e+000 1.073795e+000 -2.930598e+000 4.490704e-001 -2.384474e+000 -4.337889e+000 -7.529040e-001 -1.275621e+000 -1.912929e+000 -1.488895e+000 -1.552695e+000 -1.359462e+000 -5.779193e-001 6.755047e-001 -3.463669e-001 -1.264860e+000 -7.182188e-001 1.346016e-001 9.942901e-001 
4.792692e+000 1.600462e+001 -8.547435e+000 2.699477e+000 -2.154246e+000 1.925311e-001 1.867772e+000 -2.885468e+000 2.017182e+000 -2.446673e+000 -3.831565e+000 -1.206451e+000 -1.558646e+000 -8.733009e-001 -1.257414e+000 -7.199454e-001 -1.300162e-001 -7.640960e-001 4.239057e-001 -8.347547e-001 -1.221095e+000 -1.714365e-001 -1.906639e-001 6.131487e-001 
8.259126e-001 1.769546e+001 -8.806706e+000 3.143013e+000 -1.146298e+000 -1.072504e+000 6.458074e-001 -3.271463e+000 3.181160e+000 -1.974834e+000 -2.486562e+000 -7.117273e-001 -7.589872e-001 4.325658e-001 1.325316e-002 -1.326402e+000 -9.356054e-002 -1.126895e+000 -1.401785e-002 -6.920115e-001 -1.527348e+000 -4.855798e-002 -1.132811e+000 1.977207e-001 
1.295412e+000 1.630897e+001 -8.113458e+000 1.857573e+000 6.003005e-001 9.571656e-002 -1.224836e+000 -1.886480e+000 1.365836e+000 -1.645675e+000 -2.343744e+000 -6.445131e-001 -1.288089e+000 -1.088855e+000 -7.696568e-002 -1.261196e+000 2.844464e-001 -7.506570e-001 -7.961857e-002 -5.612679e-001 -1.298585e+000 1.200881e-001 -1.229537e+000 1.336194e-001 
1.487801e+000 1.540288e+001 -7.237164e+000 1.090964e+000 -2.174789e-002 -5.393247e-001 -9.686591e-001 -2.352783e+000 1.964108e+000 -8.871654e-001 -2.545550e+000 -5.527677e-001 -5.264282e-001 3.468859e-001 2.645253e-001 -1.083339e+000 -1.174008e-001 4.795838e-002 3.201626e-001 -5.955707e-001 -1.128349e+000 -4.289626e-001 -1.214852e+000 1.321217e-001 
-3.047808e-001 1.759483e+001 -8.642844e+000 2.804968e+000 3.695357e-001 -1.415440e+000 1.155445e-001 -2.493514e+000 3.121432e+000 -1.660031e+000 -1.894094e+000 -3.708054e-001 -1.051551e+000 -7.243817e-002 -4.111495e-001 -1.209694e+000 -6.389612e-002 -5.464267e-001 8.305489e-001 -3.839033e-001 -1.641431e+000 4.872594e-002 -1.492522e+000 6.907747e-001 
-3.527982e-001 1.703389e+001 -9.330748e+000 1.764839e+000 4.866922e-001 -1.227121e+000 4.784441e-001 -2.264415e+000 3.364711e+000 -9.649547e-001 -2.172933e+000 -2.446360e-001 -3.213816e-001 -1.552905e-001 4.529133e-001 -1.123258e+000 1.055301e-001 -7.201242e-001 4.621388e-001 -2.580375e-001 -1.305005e+000 1.907677e-001 -1.340400e+000 3.309894e-001 
4.720260e-001 1.713755e+001 -8.288850e+000 1.977116e+000 -1.541343e+000 -6.877418e-001 3.129909e-001 -1.559707e+000 3.156240e+000 -1.412584e+000 -2.132122e+000 -9.429672e-001 5.136124e-002 -1.806111e-001 3.086176e-001 -1.094911e+000 -5.150778e-001 -4.293153e-001 3.297373e-001 -1.372698e-001 -9.807006e-001 3.029152e-002 -8.711469e-001 2.257748e-001 
4.603626e+000 1.633747e+001 -8.033650e+000 -6.059656e-002 -1.654859e+000 -1.531492e+000 -7.580950e-001 -1.438171e+000 1.934799e+000 -2.489166e+000 -3.080684e+000 -4.929234e-002 4.929089e-002 9.315844e-002 -5.533733e-001 -1.142631e+000 -1.074857e+000 -2.002591e-001 3.949713e-001 -8.316662e-001 -1.201776e+000 -8.034303e-001 -4.121989e-001 1.327701e-001 
1.117286e+001 1.648208e+001 -9.765661e+000 1.000847e+000 -3.590307e+000 -2.053499e+000 -6.936699e-001 -2.570368e+000 6.011604e-001 -3.761744e+000 -2.913489e+000 5.846411e-001 1.147323e+000 9.432713e-001 -6.877251e-001 -1.403131e+000 -8.906035e-001 4.586869e-001 -4.261369e-001 -1.347516e+000 -6.974854e-001 -1.422018e+000 -3.986170e-001 5.143827e-001 
1.604390e+001 1.415013e+001 -9.640939e+000 7.173645e-001 -3.353613e+000 -2.651050e+000 -1.749893e+000 -2.939630e+000 -1.461444e-001 -3.236301e+000 -3.134632e+000 -2.735073e-001 1.620104e+000 1.501831e+000 -7.791671e-001 -1.482405e+000 -8.434036e-001 6.443516e-001 -2.169738e-001 -1.150170e+000 -9.247114e-001 -1.555983e+000 -5.143766e-002 7.007486e-001 
1.682875e+001 1.544277e+001 -1.152037e+001 1.756188e+000 -3.216756e+000 -2.109348e+000 -1.638973e+000 -3.204282e+000 5.758725e-001 -2.899255e+000 -2.676259e+000 -5.651274e-001 1.000463e+000 1.090903e+000 -8.053752e-001 -1.131406e+000 -9.266367e-001 5.648009e-001 -4.813742e-001 -1.358309e+000 -7.554897e-001 -1.573159e+000 -1.442778e-001 3.492065e-001 
1.677565e+001 1.505344e+001 -1.114871e+001 9.786233e-001 -2.740226e+000 -1.987500e+000 -1.391805e+000 -2.857149e+000 7.844306e-001 -2.697305e+000 -2.701596e+000 -1.607162e-001 6.459792e-001 1.110725e+000 -8.910348e-001 -1.550010e+000 -7.514084e-001 2.994879e-001 -2.273705e-001 -1.299601e+000 -8.057735e-001 -1.246970e+000 -6.409461e-001 5.188662e-001 
1.418657e+001 1.906310e+001 -1.529142e+001 2.666264e+000 -4.814277e+000 -1.680416e+000 2.416471e-002 -3.994684e+000 2.504672e+000 -4.448388e+000 -1.966098e+000 -4.054568e-001 7.829107e-001 1.303374e+000 -1.688737e+000 -1.461873e+000 -1.333443e+000 9.473203e-001 -3.039604e-001 -1.297663e+000 -5.079171e-001 -1.757874e+000 -3.398374e-001 5.601548e-001 
2.350644e+001 9.223902e+000 -6.107532e+000 -1.861944e+000 -1.320499e+000 -8.390922e-001 -3.015647e-001 -7.346906e-001 9.221888e-001 -1.117700e+000 -2.195206e+000 7.676428e-001 1.625321e+000 9.156299e-001 -4.297376e-001 -1.599485e+000 -1.303757e-001 8.468273e-001 -3.905076e-002 -5.080819e-001 -6.163908e-001 -9.874335e-001 -4.179188e-001 5.649567e-001 
1.713285e+001 8.719058e+000 -4.921282e+000 -7.299579e-001 1.140951e+000 2.129175e-001 -9.812090e-001 -8.612087e-001 1.279464e+000 -4.369311e-001 -2.516639e+000 -8.558359e-001 1.240666e-001 -3.026354e-001 -3.188610e-001 -5.816532e-001 -6.567927e-001 4.002070e-002 3.415049e-001 -4.853850e-001 -7.316840e-001 -2.966343e-001 3.698526e-002 3.790783e-001 
7.421739e+000 1.428883e+001 -1.011284e+001 2.525896e+000 -1.023460e+000 -9.931194e-001 -3.670021e-001 -4.228145e+000 9.567170e-001 -2.414207e+000 -4.278016e+000 -3.222949e-001 -1.405036e+000 -1.340843e+000 -9.164577e-001 -1.168280e+000 -8.835224e-001 -1.307595e+000 -4.989085e-002 -1.189397e+000 -1.217790e+000 4.865079e-001 -2.767047e-002 7.373970e-001 
7.664300e+000 1.381124e+001 -9.979267e+000 3.200718e+000 -1.024967e+000 -1.536868e+000 1.605947e-001 -4.197514e+000 6.363883e-001 -2.314655e+000 -4.276429e+000 -3.836367e-001 -1.967899e+000 -1.553991e+000 -1.192827e+000 -1.685898e+000 -4.834568e-001 -8.843258e-001 4.387429e-002 -8.217784e-001 -1.356413e+000 6.655935e-003 -6.367392e-002 9.888580e-001 
7.956664e+000 1.546363e+001 -1.058023e+001 3.694467e+000 -1.068710e+000 -1.704380e+000 4.351672e-001 -4.110878e+000 1.247274e+000 -1.394877e+000 -4.102314e+000 -9.069169e-001 -1.696549e+000 -1.378501e+000 -1.368613e+000 -2.329110e+000 -7.362115e-001 -8.313811e-002 5.456517e-001 -7.211393e-001 -1.299475e+000 -2.986812e-001 -1.878690e-001 1.022721e+000 
7.807161e+000 1.397942e+001 -8.559184e+000 2.447208e+000 -1.207014e+000 -8.032905e-001 3.884052e-001 -3.631553e+000 1.471189e+000 -1.196258e+000 -3.980065e+000 -7.959160e-001 -1.491754e+000 -1.275974e+000 -1.511314e+000 -1.666214e+000 -4.637829e-001 -5.497099e-001 4.930961e-001 -7.283607e-001 -1.059499e+000 9.367521e-003 -4.324203e-001 1.091337e+000 
1.229981e+000 1.630790e+001 -1.042451e+001 2.760180e+000 2.192096e-001 -8.646978e-001 4.685473e-001 -3.226404e+000 3.185371e+000 -2.236188e+000 -2.046272e+000 1.065311e+000 -1.678818e+000 -6.090803e-001 -1.329517e+000 -1.517244e+000 -3.164320e-001 -1.381596e+000 7.998419e-001 -5.439213e-001 -1.345833e+000 5.635506e-001 -5.413871e-001 6.574639e-001 
1.677586e+000 1.611985e+001 -7.851153e+000 2.929272e+000 -7.870430e-002 2.886580e-002 -3.109482e-001 -2.379292e+000 1.347782e+000 -1.748605e+000 -2.081769e+000 -4.951709e-001 -4.259282e-001 -1.533555e+000 -5.280796e-001 -2.636427e-001 -7.761093e-001 -1.016703e+000 -8.800514e-001 -4.952475e-001 -1.634756e-001 2.051851e-001 -4.023310e-001 3.361423e-001 
1.262334e+000 1.560385e+001 -7.457920e+000 1.679461e+000 -7.374684e-001 -1.115450e-001 -6.999081e-001 -2.306088e+000 1.183656e+000 -1.674550e+000 -1.795811e+000 -4.049381e-001 -2.280630e-001 -1.433172e+000 -3.454458e-001 -5.089730e-001 -4.161231e-001 -4.925128e-001 -8.393734e-001 -4.904637e-001 -7.437024e-001 7.853827e-002 -4.838720e-001 2.741916e-001 
3.637317e-001 1.685122e+001 -8.369994e+000 1.582435e+000 -7.327572e-001 -4.525733e-001 7.322614e-001 -2.690609e+000 2.029016e+000 -1.089185e+000 -1.881841e+000 6.127759e-001 -2.324347e-001 -1.297923e+000 -4.672326e-001 -4.925203e-001 1.378391e-001 -1.282564e+000 -3.946354e-001 -4.872086e-001 -7.534728e-001 6.823002e-001 -1.056779e+000 4.266874e-001 
-6.855358e-001 1.776318e+001 -1.003633e+001 2.024287e+000 -2.007382e-001 -1.458331e+000 1.533779e+000 -3.290410e+000 3.214744e+000 -1.923506e+000 -2.175789e+000 2.188787e-001 -4.797470e-001 7.638040e-001 2.799126e-001 -3.534207e-001 -4.135519e-001 -1.278671e+000 2.680711e-001 -5.793224e-001 -5.674197e-001 3.169010e-001 -1.196183e+000 5.439716e-001 
5.246291e-001 1.645709e+001 -9.736246e+000 7.056319e-001 1.366263e-002 -6.525946e-002 2.703582e-001 -3.095225e+000 2.954821e+000 -9.989819e-001 -1.440338e+000 4.105125e-001 -6.573876e-001 2.689156e-001 -2.589080e-001 -8.240409e-001 -2.893840e-001 -6.538194e-001 6.611945e-002 -6.041804e-001 -4.282403e-001 1.358557e-002 -8.110305e-001 1.145866e-001 
5.239561e-001 1.702572e+001 -9.457430e+000 2.492664e+000 -6.736679e-001 -6.674448e-001 9.927484e-001 -2.426081e+000 2.814733e+000 -2.902625e+000 -1.191927e+000 -7.779426e-002 -5.688439e-001 -1.430034e-002 -1.412131e+000 -3.320513e-001 -1.336403e+000 -7.711001e-001 2.098219e-001 -4.048664e-001 -3.354362e-001 -6.908157e-001 -3.146553e-001 3.312901e-001 
9.710837e+000 1.514875e+001 -8.127547e+000 -8.164879e-001 -2.008109e+000 -1.583922e+000 -1.322405e+000 -1.958901e+000 6.412778e-001 -3.388508e+000 -3.521612e+000 2.654744e-001 8.100079e-001 4.973119e-001 -6.610039e-001 -1.245628e+000 -1.019109e+000 -1.850864e-001 1.490463e-001 -1.130103e+000 -1.400654e+000 -1.028086e+000 -4.152630e-001 4.637741e-001 
1.469582e+001 1.369227e+001 -9.060545e+000 3.844160e-001 -3.697601e+000 -2.504814e+000 -1.501998e+000 -2.741404e+000 -2.387897e-001 -3.614964e+000 -2.901344e+000 3.769593e-001 1.473467e+000 8.962885e-001 -8.393781e-001 -1.297213e+000 -1.016823e+000 3.709716e-001 -4.671907e-001 -1.104478e+000 -8.115803e-001 -1.643544e+000 -1.164559e-001 4.428333e-001 
1.620448e+001 1.462003e+001 -1.113911e+001 1.010834e+000 -3.020282e+000 -2.218441e+000 -1.898955e+000 -2.992570e+000 3.437638e-003 -3.158931e+000 -2.519611e+000 -2.919410e-001 1.339052e+000 1.204988e+000 -6.538432e-001 -1.029574e+000 -9.711801e-001 8.005146e-001 -3.001897e-001 -1.322478e+000 -4.504035e-001 -1.557549e+000 -3.718790e-001 6.284391e-001 
1.542109e+001 1.579127e+001 -1.262786e+001 2.235299e+000 -3.729975e+000 -1.612333e+000 -1.694413e+000 -3.715406e+000 1.322863e+000 -3.006955e+000 -2.517467e+000 -6.812798e-001 4.858554e-001 9.054964e-001 -8.448606e-001 -1.071080e+000 -9.848596e-001 4.354283e-001 -5.752610e-001 -1.526309e+000 -4.776334e-001 -1.482998e+000 -4.348550e-001 3.120576e-001 
1.769818e+001 1.408694e+001 -1.150959e+001 1.683186e-001 -3.230355e+000 -2.091437e+000 -9.076620e-001 -2.859141e+000 7.091865e-001 -3.117809e+000 -3.352067e+000 4.063850e-001 5.572778e-001 8.082148e-001 -8.262412e-001 -1.911539e+000 -7.165940e-001 3.361532e-001 -1.289423e-001 -1.264754e+000 -8.959378e-001 -1.154210e+000 -8.614240e-001 7.604632e-001 
