6.796582e-001 1.591761e+001 -1.475083e+000 5.642682e+000 7.306835e-002 -1.194514e-001 -1.022081e+000 -8.692034e-002 4.402483e-001 -2.566328e+000 4.251944e-001 -9.987170e-001 1.662085e-001 4.480315e-001 -7.231580e-001 -1.462442e+000 -1.174647e+000 1.225733e+000 -1.011660e-001 -1.661992e+000 -7.597357e-001 -4.571781e-001 -2.088925e-001 -4.031104e-001 
7.500327e-001 1.610119e+001 -3.387529e+000 7.614407e+000 -7.579220e-001 1.469524e+000 -6.746340e-001 -2.652779e-001 8.743600e-001 -3.974524e+000 1.273007e+000 -8.468397e-001 1.044868e+000 -5.038393e-001 -7.477083e-001 -1.829765e+000 -1.182857e+000 1.313645e+000 -1.406800e-001 -4.451589e-001 -1.774070e+000 1.215667e-001 -7.641302e-001 -1.422059e-001 
2.463059e+000 1.321600e+001 -3.393681e+000 9.055596e+000 5.952929e-001 2.095525e+000 -1.333146e+000 -6.354269e-001 1.452483e+000 -3.823405e+000 8.928942e-002 -4.745821e-001 4.554966e-001 2.643457e-001 -6.723583e-001 -9.167384e-001 -1.319439e+000 2.614623e-001 -2.628703e-001 -5.180696e-001 -9.208538e-001 -9.706778e-001 2.186992e-001 -5.964175e-002 
5.802199e+000 1.191332e+001 -4.126699e+000 7.837721e+000 1.958034e+000 1.888265e+000 -1.493987e+000 -1.722012e+000 2.037686e+000 -2.028013e+000 -1.182630e+000 -8.302337e-001 1.685476e-001 8.193470e-001 -7.820432e-001 -1.240689e+000 -9.060744e-001 1.016367e-002 -1.427324e-001 -5.315983e-001 -9.331865e-001 -1.061017e+000 -1.508329e-002 1.500765e-001 
5.329493e+000 1.450363e+001 -4.604222e+000 8.120266e+000 2.187440e-002 2.176609e+000 -2.384303e+000 -2.018964e+000 2.582495e+000 -2.078098e+000 -7.829038e-001 -2.151466e+000 -6.304094e-001 3.439978e-001 3.954876e-001 -1.806099e+000 -4.793628e-001 7.839829e-001 -4.933503e-001 -3.764567e-001 -1.746965e+000 -5.955657e-001 -4.950704e-001 3.479428e-002 
7.457352e+000 1.601112e+001 -3.997277e+000 4.802576e+000 1.880356e+000 5.182769e-002 -2.557350e+000 -2.075003e+000 1.655600e+000 -1.529561e+000 -1.710928e+000 -2.245525e+000 -1.905440e+000 1.243030e+000 4.113371e-001 -1.785093e+000 -1.009745e+000 7.444629e-001 2.478270e-002 -1.441805e+000 -1.008976e+000 -6.125071e-001 -5.164558e-001 2.848231e-002 
6.520718e+000 1.860108e+001 -3.973290e+000 4.841750e+000 1.411593e+000 -9.240790e-001 -2.808679e+000 -2.253063e+000 2.640302e+000 -1.148550e+000 -2.706175e+000 -2.504638e+000 -1.623392e+000 9.374161e-001 7.078638e-001 -1.623541e+000 -1.340402e+000 9.441428e-001 -4.145357e-001 -1.607510e+000 -5.029437e-001 -9.722816e-001 -5.022959e-001 4.091502e-001 
6.352849e+000 1.981086e+001 -2.673005e+000 4.885759e+000 -1.148218e-002 -1.874804e+000 -3.053647e+000 -2.319304e+000 2.043206e+000 -7.044383e-001 -1.440891e+000 -2.666795e+000 -1.315097e+000 4.555997e-001 1.720569e-001 -6.489420e-001 -8.532975e-001 8.719793e-001 -9.060199e-001 -1.957604e+000 -7.603687e-001 -1.000748e+000 1.259911e-001 -8.557096e-002 
4.724141e+000 2.146413e+001 -2.607266e+000 5.359061e+000 -1.700554e+000 -2.455434e+000 -3.224643e+000 -2.519856e+000 2.809590e+000 -1.333178e+000 -1.079323e+000 -2.357690e+000 -9.278614e-001 -1.066403e+000 -2.881913e-001 5.915150e-001 -1.597483e-001 6.586788e-001 -1.692844e+000 -1.926718e+000 -4.925478e-001 -1.194235e+000 -2.115510e-001 2.856021e-001 
5.799683e+000 1.925807e+001 -6.200150e-001 4.219551e+000 -1.018489e+000 -2.492249e+000 -3.311349e+000 -2.201033e+000 1.743357e+000 -7.591012e-001 -1.855860e+000 -1.696940e+000 -3.469122e-001 -9.565708e-001 -8.882861e-001 6.998497e-001 -2.291167e-001 1.210803e-002 -1.181109e+000 -1.846024e+000 -4.668147e-001 -1.071895e+000 -3.084353e-001 3.361524e-001 
4.731899e+000 1.907023e+001 -8.910354e-002 4.970389e+000 -8.448122e-001 -2.995757e+000 -2.748271e+000 -2.763182e+000 5.060650e-001 -4.012957e-001 -1.550298e+000 -1.453226e+000 1.303261e-001 -8.414202e-001 -1.107529e+000 4.476622e-001 -6.801398e-001 -2.245093e-001 -6.749533e-001 -1.677881e+000 -4.381007e-001 -7.536455e-001 -6.202228e-001 -1.005516e-001 
3.567206e+000 2.015682e+001 -1.470282e+000 6.808622e+000 -1.317616e+000 -3.113275e+000 -2.939626e+000 -3.203517e+000 1.424171e+000 -8.203557e-001 -1.041478e+000 -2.092813e+000 1.240893e-001 -3.753604e-001 -1.066204e+000 5.576237e-001 -1.154286e+000 -1.507611e-001 -7.966821e-001 -1.606705e+000 2.056270e-001 -7.788522e-001 -9.244736e-001 -6.743316e-001 
3.172784e+000 2.116531e+001 -2.877156e+000 7.708262e+000 -9.571502e-001 -4.113944e+000 -2.239357e+000 -3.904977e+000 2.360961e+000 -1.709348e+000 -7.057475e-001 -1.609066e+000 -4.904302e-001 1.602427e-001 -1.118940e+000 2.954414e-002 -8.394354e-001 1.783683e-001 -1.085570e+000 -1.716619e+000 6.089109e-001 -1.158862e+000 -7.755509e-001 -7.622954e-001 
4.058673e+000 1.999476e+001 -2.108039e+000 7.062427e+000 -1.247298e-001 -4.452832e+000 -2.314770e+000 -3.041341e+000 1.117836e+000 -6.774191e-001 -1.539976e+000 -8.530998e-001 -8.638794e-001 -3.302646e-001 -2.555429e-001 -5.525347e-001 -1.940294e-001 -1.473500e-001 -1.237426e+000 -1.384411e+000 9.028784e-002 -6.544838e-001 -1.208804e+000 -2.842275e-001 
1.552114e+001 1.018347e+001 2.728874e+000 1.530851e+000 -1.969715e-001 -1.926684e+000 -1.972711e+000 -1.512364e+000 -1.045706e+000 -9.291587e-001 -8.676543e-001 -5.633570e-001 -3.023374e-001 -4.334930e-001 -5.413066e-001 -4.669923e-001 -2.723374e-001 -3.836973e-001 -7.961308e-001 -7.378515e-001 -3.996658e-001 -6.601062e-001 -6.332573e-001 -2.002374e-002 
6.948535e+000 1.068219e+001 2.186996e+000 2.381993e+000 1.137455e+000 -8.885682e-001 -7.991478e-001 -4.659744e-002 -6.559887e-001 -1.171559e+000 -1.790697e-001 -2.441008e-001 -5.234409e-001 -1.262533e-001 -4.649794e-001 -1.144592e+000 -6.391157e-001 3.239829e-001 -2.367458e-001 -1.125706e+000 -6.166639e-001 -1.451958e-001 -4.417918e-001 -5.912366e-001 
1.670072e+000 1.481057e+001 -1.713470e+000 5.503886e+000 5.452358e-001 3.709354e-001 -4.856181e-001 -3.848898e-001 4.137290e-001 -2.671285e+000 2.163944e-001 -1.482254e-001 1.811384e-001 3.078838e-001 -1.116326e+000 -1.500711e+000 -1.101674e+000 1.071907e+000 3.124722e-001 -1.459315e+000 -8.499458e-001 -6.511967e-001 -1.677128e-001 -4.391540e-001 
1.675686e+000 1.367661e+001 -2.977192e+000 8.846296e+000 -5.782065e-002 1.931746e+000 -1.026288e+000 -5.017905e-001 1.265567e+000 -4.121205e+000 4.446917e-001 -3.385873e-001 3.567501e-001 3.697130e-001 -6.860275e-001 -1.337754e+000 -1.350319e+000 6.287561e-001 -1.280863e-002 -7.338945e-001 -1.005819e+000 -9.304871e-001 1.492878e-001 -6.847373e-002 
3.368283e+000 1.400483e+001 -5.508948e+000 9.290981e+000 1.068416e+000 2.317708e+000 -1.599817e+000 -1.907968e+000 2.589041e+000 -2.979030e+000 -7.995569e-002 -1.311900e+000 4.527681e-001 1.646388e-001 -3.299053e-001 -1.069506e+000 -1.127664e+000 2.158100e-002 -4.715730e-001 -2.740073e-001 -8.861883e-001 -7.876223e-001 -1.310793e-001 -3.346924e-002 
5.472834e+000 1.339578e+001 -4.309057e+000 8.184969e+000 3.530734e-001 1.945455e+000 -2.156402e+000 -1.906242e+000 2.724418e+000 -1.905936e+000 -1.100970e+000 -1.483884e+000 -4.452007e-001 5.575875e-001 -3.621205e-001 -1.476870e+000 -4.531843e-001 4.042999e-001 -3.800956e-001 -3.300169e-001 -1.264193e+000 -1.058305e+000 -2.873700e-001 4.802245e-002 
6.555253e+000 1.617265e+001 -5.309618e+000 5.968232e+000 1.181073e+000 8.980870e-001 -2.551184e+000 -2.346217e+000 2.109471e+000 -1.907467e+000 -1.185776e+000 -2.386107e+000 -1.668100e+000 1.133102e+000 1.316301e-001 -1.571343e+000 -8.326654e-001 9.278312e-001 4.101874e-002 -1.417029e+000 -1.203379e+000 -7.435356e-001 -3.556089e-001 -2.021811e-001 
5.067962e+000 1.978774e+001 -5.409399e+000 5.743576e+000 9.145050e-001 -4.496629e-001 -2.355788e+000 -2.780878e+000 3.148104e+000 -1.955744e+000 -1.917833e+000 -3.100449e+000 -1.328410e+000 1.053453e+000 5.772791e-001 -1.491969e+000 -1.595756e+000 8.847889e-001 -4.460593e-001 -1.333625e+000 -3.673457e-001 -1.025620e+000 -5.182908e-001 2.284267e-001 
5.066791e+000 2.090203e+001 -4.070074e+000 5.385327e+000 1.496206e-001 -1.411443e+000 -2.863572e+000 -2.134074e+000 2.821431e+000 -1.676911e+000 -1.489181e+000 -2.589363e+000 -1.287793e+000 4.509722e-001 2.655466e-001 -1.069379e+000 -1.172665e+000 1.342881e+000 -8.250736e-001 -1.915641e+000 -5.780446e-001 -1.116270e+000 -7.370040e-002 2.758413e-001 
5.640663e+000 1.970056e+001 -1.261482e+000 4.181904e+000 -6.274475e-001 -2.449389e+000 -3.732794e+000 -2.121176e+000 2.147529e+000 -7.180987e-001 -1.359913e+000 -2.137511e+000 -1.611145e+000 -5.820624e-001 -1.310526e-002 3.208204e-001 -2.566893e-001 5.405170e-001 -1.421039e+000 -2.189128e+000 -3.335302e-001 -1.037605e+000 -3.600341e-001 2.368119e-001 
5.526717e+000 1.981642e+001 -1.097612e+000 4.246464e+000 -1.242684e+000 -2.731844e+000 -3.246507e+000 -1.912288e+000 2.226520e+000 -1.003521e+000 -1.842891e+000 -1.759121e+000 -7.140120e-001 -9.941458e-001 -8.155275e-001 7.875454e-001 -5.262936e-003 1.304079e-001 -1.374594e+000 -1.913734e+000 -2.796738e-001 -1.216677e+000 -5.010815e-001 4.477407e-001 
3.353591e+000 2.073783e+001 -1.744497e+000 5.874529e+000 -1.383793e+000 -2.609072e+000 -2.634444e+000 -3.214390e+000 1.318181e+000 -1.290788e+000 -1.016383e+000 -1.836712e+000 2.964830e-001 -8.206327e-001 -1.336566e+000 7.077906e-001 -7.973754e-001 -4.529126e-002 -7.417913e-001 -1.833269e+000 -4.483418e-001 -1.013999e+000 -2.207200e-001 -6.718210e-003 
3.000276e+000 2.055274e+001 -1.571882e+000 6.529705e+000 -1.258873e+000 -3.140495e+000 -2.709167e+000 -3.421109e+000 1.651321e+000 -1.117394e+000 -9.154269e-001 -2.097662e+000 2.333140e-001 -4.544636e-001 -1.088435e+000 4.917043e-001 -1.145740e+000 -6.842237e-002 -7.847646e-001 -1.567368e+000 8.783704e-002 -8.708556e-001 -7.865708e-001 -6.472279e-001 
2.035826e+000 2.208829e+001 -3.334878e+000 7.940176e+000 -1.092638e+000 -4.223330e+000 -2.005973e+000 -4.366504e+000 2.834835e+000 -1.990982e+000 -4.254345e-001 -1.966001e+000 -4.095196e-001 2.297042e-001 -1.282471e+000 3.751415e-001 -1.097756e+000 1.732707e-001 -1.099754e+000 -1.762735e+000 8.563736e-001 -1.410611e+000 -5.338783e-001 -1.012198e+000 
3.879113e+000 1.996626e+001 -2.248541e+000 7.165565e+000 -4.302945e-001 -4.159467e+000 -2.362731e+000 -3.217675e+000 1.332889e+000 -1.003438e+000 -1.234546e+000 -1.086351e+000 -7.211447e-001 -2.474273e-001 -4.357351e-001 -4.113670e-001 -4.832888e-001 4.009659e-002 -1.208490e+000 -1.442349e+000 2.224081e-001 -8.980559e-001 -1.044245e+000 -3.300212e-001 
