8.582557e+000 2.030541e+001 -7.574732e+000 6.051453e+000 -2.341240e+000 -2.349030e+000 -5.809218e+000 -2.062753e+000 3.458021e-001 -4.259886e+000 -2.698930e+000 -5.312596e-001 -1.568715e+000 -1.864110e+000 -1.920214e+000 1.760208e-001 -2.395911e+000 -2.669190e+000 1.796678e+000 -2.415121e+000 -5.117715e-001 -2.095193e+000 -2.033996e+000 -1.315349e+000 -8.039614e-001 1.278339e-001 -1.692761e+000 -3.167116e-002 -2.795694e-001 2.892235e-001 -3.873367e-001 -3.794611e-001 1.279992e+000 1.586753e-001 6.307996e-001 5.678995e-001 
5.179605e+000 1.796972e+001 -4.813744e+000 5.000404e+000 -2.060076e+000 -1.464026e+000 -5.640880e+000 -1.330567e+000 4.524712e-001 -4.514471e+000 -3.078039e+000 -1.186483e+000 -5.806627e-001 -2.163986e+000 -1.630933e+000 -2.308496e-001 -2.188190e+000 -1.889871e+000 1.049057e+000 -1.316279e+000 -1.935286e+000 -1.753329e+000 -1.611336e+000 -9.075306e-001 -3.691563e-001 -1.042014e+000 -1.352134e+000 -8.022891e-001 4.159389e-001 3.856403e-001 -3.941682e-001 -2.427296e-002 7.864881e-001 4.203946e-001 -1.278409e-001 9.039769e-001 
3.219450e+000 1.604189e+001 -4.741884e+000 4.443694e+000 -2.884474e+000 4.345006e-001 -5.739364e+000 -6.270341e-001 4.446693e-001 -3.777181e+000 -2.049947e+000 -1.193306e+000 -1.164011e+000 -2.303806e+000 -9.483271e-001 -8.709368e-001 -1.443003e+000 -1.061706e+000 -3.387450e-002 -8.463234e-001 -1.581744e+000 -1.384660e+000 -9.403556e-001 -4.595756e-001 -1.461378e-001 -8.211798e-001 -1.488117e+000 -1.804129e+000 -1.191242e-001 3.582421e-002 4.345236e-001 3.917499e-001 7.545942e-001 2.838050e-001 -5.088150e-002 5.041469e-001 
2.429717e+000 1.588195e+001 -4.560143e+000 4.631635e+000 -3.970646e+000 1.498809e+000 -4.959248e+000 3.672992e-001 2.873044e-001 -3.247514e+000 -2.433743e+000 -1.197304e+000 1.896392e-001 -2.745499e+000 -2.072348e-001 -1.891232e+000 -1.475807e+000 -1.401410e+000 1.279617e-001 -1.244604e+000 -1.202053e+000 -1.064289e+000 -1.657830e+000 -5.987090e-001 -7.724685e-001 -1.132424e+000 -9.440361e-001 6.923045e-002 -4.581774e-001 -9.104834e-002 -4.287937e-002 1.397153e-001 4.885298e-001 2.426981e-001 1.772164e-001 4.132212e-001 
3.018253e+000 1.518817e+001 -4.063455e+000 4.792750e+000 -3.237147e+000 1.328221e+000 -4.903767e+000 -5.719288e-001 4.421148e-001 -3.055299e+000 -2.447803e+000 -1.072381e+000 -1.976985e-001 -3.001634e+000 -1.197215e+000 -1.851265e+000 -2.245569e+000 -6.287638e-001 7.003816e-001 -5.986353e-001 -1.251055e+000 -1.029216e+000 -7.994246e-001 -6.973745e-001 -7.204009e-001 -7.509256e-001 -3.618651e-001 -9.891567e-001 -1.215885e+000 -1.232685e-001 -2.597017e-001 2.430849e-001 2.795741e-001 -6.162022e-002 1.013814e-001 5.297646e-001 
2.804674e+000 1.579409e+001 -4.367632e+000 4.785597e+000 -2.970594e+000 1.334769e+000 -5.307816e+000 -1.324173e+000 4.366409e-001 -3.057219e+000 -1.908175e+000 -2.165947e-001 -8.352714e-001 -1.891523e+000 -1.382421e+000 -1.516903e+000 -2.569152e+000 -5.794961e-001 3.141197e-001 -1.244502e+000 -1.177364e+000 -1.472925e+000 -4.594764e-002 -4.514524e-001 -4.499436e-001 -8.161136e-001 -3.893224e-001 -5.169010e-001 -3.675092e-001 -3.273742e-001 -1.149057e-001 -9.469397e-002 -1.186541e-001 -2.861622e-001 -2.848946e-001 3.730773e-001 
3.962742e+000 1.596968e+001 -4.875416e+000 4.457337e+000 -3.878081e+000 3.709591e-001 -6.092113e+000 -6.976046e-001 1.800575e-002 -3.851637e+000 -1.605468e+000 -8.446327e-001 -9.614355e-001 -1.633435e+000 2.373200e-002 -2.799210e-001 -1.575598e+000 -5.595588e-001 -8.323549e-002 -1.522840e+000 -7.956013e-001 -1.311856e+000 -6.751152e-001 -7.041476e-001 -3.858715e-001 -8.311677e-001 -5.037744e-001 -8.058024e-001 -3.523830e-001 -7.728362e-002 8.459882e-002 3.357630e-001 3.489083e-002 1.221799e-001 2.371189e-001 5.744566e-001 
5.457746e+000 1.873339e+001 -4.940521e+000 4.798425e+000 -2.591842e+000 -1.017579e+000 -4.994141e+000 -1.681079e+000 2.062868e+000 -3.503425e+000 -9.918282e-001 -4.679653e-001 -9.199828e-001 -1.412765e+000 -1.793561e+000 -4.017118e-001 -2.330000e+000 -1.068242e+000 8.970208e-001 -1.555720e+000 -9.958565e-001 -1.434164e+000 -1.169504e+000 -9.514085e-001 -9.327273e-001 -4.740892e-001 -6.989394e-001 -6.541067e-001 -2.925277e-001 2.923897e-001 3.035488e-001 4.230908e-001 3.296423e-001 1.236148e-002 3.079765e-001 6.388307e-001 
4.808354e+000 2.260816e+001 -7.887921e+000 5.180876e+000 -3.271985e+000 -3.433409e+000 -4.900689e+000 -2.345084e+000 3.895120e+000 -5.108854e+000 1.081645e-002 -1.831505e+000 -1.674844e+000 -1.140610e+000 -2.495380e+000 7.241508e-001 -2.919017e+000 -8.730496e-001 1.107916e-001 -2.356054e+000 -5.330693e-001 -1.508426e+000 -4.100066e-001 -1.096682e+000 -1.120550e+000 -3.444696e-001 -1.193891e+000 -2.614521e-001 -8.473354e-001 -5.126915e-002 2.762167e-001 4.660075e-001 9.769436e-001 -6.231152e-001 6.258301e-001 3.126737e-002 
9.948532e+000 1.754277e+001 -4.577191e+000 1.862052e+000 -2.691322e+000 -4.059979e+000 -6.461786e+000 -1.134899e+000 2.385780e+000 -3.838512e+000 -8.548303e-001 -9.831402e-001 -7.976669e-001 -4.923894e-001 -2.011578e+000 6.846316e-001 -2.070926e+000 -1.896976e+000 -2.035892e-001 -2.891374e+000 -1.663327e+000 -6.490481e-001 -1.808407e-001 -2.488625e-001 -6.150650e-001 -1.556068e-001 -9.433904e-001 -8.684184e-001 -4.906342e-001 -8.174102e-002 6.907913e-002 4.451074e-001 9.921747e-001 1.807515e-001 3.692758e-001 6.694916e-001 
9.575250e+000 2.114019e+001 -6.144817e+000 3.487719e+000 -3.836950e+000 -4.078607e+000 -6.634929e+000 -1.566065e+000 3.457474e+000 -4.772142e+000 -1.374297e+000 -1.535690e+000 -1.042270e+000 5.303202e-001 -1.339999e+000 1.201814e-001 -2.485013e+000 -1.105365e+000 -2.665270e-001 -3.165979e+000 -1.636699e+000 -1.243606e+000 -6.448341e-002 -1.870256e-002 -8.672455e-002 -1.505733e-001 -1.391997e+000 -7.763425e-001 -1.223979e+000 -4.979573e-001 4.253300e-002 3.565197e-001 1.337701e+000 1.292591e-001 2.887318e-001 3.371989e-001 
1.178959e+001 1.950458e+001 -5.616821e+000 1.592734e+000 -3.882815e+000 -5.090719e+000 -7.102573e+000 -7.684765e-001 3.009449e+000 -4.277101e+000 -3.465617e-001 -1.117992e+000 -2.010879e+000 -1.117543e-001 -1.072056e+000 1.055485e+000 -8.015022e-001 -5.724596e-001 -1.753158e-001 -2.584329e+000 -1.284700e+000 -5.420922e-001 7.685883e-002 1.045284e-002 8.902175e-002 -3.987918e-001 -1.598375e+000 -9.532876e-001 -1.031507e+000 -2.085825e-001 -8.508199e-002 1.688978e-001 1.018001e+000 4.018300e-002 2.831967e-001 7.809391e-002 
1.289083e+001 1.972150e+001 -5.631616e+000 2.643196e+000 -4.516809e+000 -4.148596e+000 -7.274102e+000 -7.651354e-001 4.275207e+000 -3.839291e+000 6.384718e-002 -1.368501e+000 -2.552950e+000 -1.302424e+000 -1.664390e+000 1.403770e+000 -9.853594e-001 -3.349218e-003 -6.756939e-002 -3.196815e+000 -1.434178e+000 -9.369706e-001 1.181198e-001 -2.506717e-001 1.983701e-002 -3.826999e-002 -1.896978e+000 -1.103779e+000 -1.196541e+000 -1.978337e-001 5.373559e-001 3.253348e-001 7.257098e-001 -3.154477e-001 1.871071e-001 1.891237e-001 
1.146281e+001 2.171201e+001 -8.196658e+000 4.909505e+000 -5.477875e+000 -4.308722e+000 -6.815335e+000 -9.313478e-001 5.399169e+000 -4.600746e+000 8.901458e-001 -1.884300e+000 -2.950931e+000 -8.191799e-001 -2.240577e+000 1.822403e+000 -1.314167e+000 -6.716191e-001 -8.748175e-002 -3.233657e+000 -1.332979e+000 -1.511375e+000 1.064024e-001 9.906231e-002 3.230454e-001 4.042564e-001 -2.062154e+000 -9.970791e-001 -1.000990e+000 2.361331e-001 6.740195e-001 5.002252e-002 9.875927e-001 -1.972067e-001 1.754830e-001 2.613022e-001 
1.565421e+001 1.712454e+001 -4.563164e+000 2.028381e+000 -3.986728e+000 -4.723837e+000 -6.610332e+000 2.296427e-001 3.773205e+000 -3.779284e+000 -3.191737e-001 -1.458868e+000 -2.578465e+000 -1.222487e+000 -2.182525e+000 1.167793e+000 -5.714286e-001 -7.954324e-001 -2.479260e-002 -3.308162e+000 -2.282319e+000 -8.861709e-001 -2.595965e-001 -5.277274e-003 2.709921e-001 -1.862787e-001 -2.037660e+000 -1.362000e+000 -4.044568e-001 4.728192e-001 5.587967e-001 -3.249126e-002 8.940085e-001 4.639261e-001 3.396828e-002 5.435680e-001 
1.508749e+001 1.818367e+001 -5.062519e+000 3.078211e+000 -4.119582e+000 -3.766390e+000 -5.892849e+000 6.023996e-001 4.461117e+000 -3.863647e+000 -2.507407e-001 -1.795023e+000 -2.652837e+000 -1.253753e+000 -1.872100e+000 1.823224e+000 -1.070320e+000 -1.133507e+000 -6.648502e-002 -2.828312e+000 -1.620889e+000 -1.107354e+000 -4.471958e-001 -5.602999e-001 3.343930e-001 3.335558e-001 -2.171409e+000 -1.186666e+000 -4.422978e-001 3.136462e-001 5.793014e-001 1.175277e-001 1.128727e+000 5.504119e-001 1.258570e-001 8.306426e-002 
1.257725e+001 2.029760e+001 -8.782458e+000 4.178584e+000 -6.040713e+000 -3.672893e+000 -5.646613e+000 -3.940108e-001 4.510708e+000 -4.936525e+000 -2.381811e-002 -2.007055e+000 -2.335149e+000 -1.526920e+000 -2.126458e+000 2.540728e+000 -1.786737e+000 -9.137363e-001 2.487410e-001 -2.672051e+000 -1.007760e+000 -1.522437e+000 -3.611946e-001 -3.614259e-001 8.591238e-001 4.562460e-001 -2.631913e+000 -9.432066e-001 -5.346008e-001 7.477080e-001 3.372801e-001 -1.511876e-001 1.311685e+000 1.336307e-001 5.155174e-001 -1.262780e-001 
1.413200e+001 1.810639e+001 -6.062130e+000 2.803798e+000 -4.858714e+000 -4.773561e+000 -5.940871e+000 3.369186e-001 4.061044e+000 -4.114298e+000 -1.029803e+000 -1.567881e+000 -1.889970e+000 -1.533413e+000 -1.412459e+000 2.553324e+000 -1.037914e+000 -6.911153e-001 4.248487e-001 -2.349573e+000 -1.014030e+000 -9.403202e-001 -4.906088e-001 -6.550976e-001 9.002622e-002 -8.437512e-002 -2.485167e+000 -1.190164e+000 -2.450276e-001 3.368170e-001 1.509603e-001 -2.619433e-001 7.916079e-001 2.563294e-001 2.353007e-001 1.207115e-001 
1.687460e+001 1.733769e+001 -3.494650e+000 1.513187e+000 -1.901836e+000 -3.508709e+000 -5.037286e+000 4.641504e-001 3.265948e+000 -2.665545e+000 -1.199215e+000 -1.289843e+000 -2.299904e+000 -1.817631e+000 -3.389017e-001 1.944947e+000 -1.198880e+000 -4.744773e-001 1.150713e+000 -1.456918e+000 -3.287032e-001 4.395055e-002 -5.134685e-001 1.312350e-001 1.600285e-001 -5.842801e-001 -1.828697e+000 -1.063790e+000 2.053917e-001 3.334508e-001 1.915806e-001 -7.281721e-002 3.844634e-001 3.050386e-001 -1.133413e-002 2.632195e-001 
1.036247e+001 1.947392e+001 -6.711299e+000 4.855489e+000 -1.266330e+000 -2.802386e+000 -5.489259e+000 -2.728738e+000 5.848094e-001 -3.735684e+000 -2.427454e+000 -8.877238e-001 -2.170329e+000 -2.144025e+000 -1.278909e+000 9.293411e-001 -2.271977e+000 -2.426182e+000 1.181823e+000 -2.038350e+000 -1.050742e+000 -1.920550e+000 -2.234711e+000 -8.628584e-001 -5.468194e-001 -1.747187e-001 -1.635813e+000 -4.681560e-001 -1.174327e-001 3.024277e-001 -2.635448e-002 -9.470442e-002 1.210873e+000 2.688062e-001 -4.770802e-002 1.800408e-001 
5.897988e+000 1.811106e+001 -6.100648e+000 5.321149e+000 -1.905739e+000 -5.926289e-001 -4.753831e+000 -9.297960e-001 6.258178e-001 -4.236498e+000 -2.453476e+000 -7.203527e-001 -1.159191e+000 -2.205305e+000 -1.398628e+000 2.801440e-002 -2.280076e+000 -1.881006e+000 1.350527e+000 -1.445854e+000 -1.360768e+000 -1.664026e+000 -1.848805e+000 -1.522221e+000 -4.256381e-001 -4.851298e-001 -7.338915e-001 -2.537559e-001 3.715152e-001 4.136067e-001 -4.237407e-001 -3.112462e-002 7.549308e-001 6.345252e-001 -8.751303e-003 9.094421e-001 
4.813907e+000 1.564282e+001 -4.254581e+000 4.037899e+000 -2.143975e+000 2.502197e-001 -4.045799e+000 -7.563058e-001 4.895237e-001 -3.530969e+000 -2.273610e+000 -1.229054e+000 -6.848868e-001 -1.917051e+000 -1.226723e+000 -4.723869e-001 -1.144092e+000 -4.415284e-001 -2.928940e-001 -1.238784e+000 -1.581513e+000 -1.412650e+000 -7.302394e-001 -5.252939e-001 -4.471095e-001 -9.152515e-001 -9.607873e-001 -1.044473e+000 -4.395080e-001 -1.308767e-001 3.156294e-001 8.807634e-001 5.795586e-001 1.382108e-001 -3.285920e-001 -2.173508e-001 
3.125527e+000 1.542352e+001 -5.315052e+000 3.376080e+000 -4.099002e+000 1.124208e+000 -5.314897e+000 -5.386518e-001 4.141704e-001 -2.591969e+000 -1.575462e+000 -1.187499e+000 -8.804097e-001 -2.950239e+000 4.993008e-001 -1.576106e+000 -1.865091e+000 -1.493828e+000 -2.630960e-001 -1.100085e+000 -1.108148e+000 -1.467496e+000 -2.152348e+000 -5.723407e-001 -5.684500e-001 -7.311431e-001 -9.000485e-001 -1.690205e-001 -1.341190e-002 5.184803e-001 5.316169e-002 3.005470e-003 4.547128e-001 1.011119e-002 -1.611386e-001 7.025766e-002 
3.102467e+000 1.519043e+001 -4.690802e+000 5.120300e+000 -3.108913e+000 1.573952e+000 -4.912831e+000 -3.018519e-001 1.493272e-001 -3.130356e+000 -1.825535e+000 -5.480774e-001 2.685874e-001 -1.875668e+000 1.127594e-001 -2.006536e+000 -2.458694e+000 -1.117050e+000 -1.083594e-001 -1.561566e+000 -1.649387e+000 -1.738406e+000 -1.338548e+000 -8.542287e-001 -6.417918e-001 -9.267218e-001 -5.282596e-001 -2.995345e-001 -1.616576e-001 4.145797e-001 9.526599e-002 7.783716e-001 6.043702e-001 2.489036e-001 1.454566e-001 4.100153e-002 
3.175632e+000 1.539006e+001 -4.929339e+000 4.855319e+000 -2.746288e+000 1.951443e+000 -4.496628e+000 -7.877519e-001 1.030306e+000 -2.417426e+000 -1.405185e+000 8.136790e-002 -9.109207e-001 -1.988683e+000 -1.098920e+000 -2.200641e+000 -2.994494e+000 -1.391099e+000 8.525292e-002 -7.676899e-001 -1.707279e+000 -2.530975e+000 -1.469100e+000 -1.127059e+000 5.864582e-002 -6.925913e-001 -6.044239e-001 -4.576451e-001 -3.235583e-002 3.848565e-001 1.385428e-001 4.271014e-001 3.100724e-001 3.788761e-001 1.527883e-001 5.516531e-001 
3.502043e+000 1.491761e+001 -4.577428e+000 4.844662e+000 -3.665860e+000 1.230553e+000 -5.475147e+000 1.124470e+000 1.278141e+000 -2.870896e+000 -1.778206e+000 -6.617880e-001 -1.427502e-001 -2.192112e+000 -8.329552e-001 -1.242062e+000 -2.274837e+000 -9.907398e-001 1.970249e-001 -2.048381e+000 -1.456080e+000 -1.763738e+000 -1.114549e+000 -1.238223e+000 -5.817717e-001 -1.301282e+000 -7.783261e-001 -3.827446e-002 1.227393e-001 3.154013e-001 3.372985e-001 5.601791e-001 3.399153e-001 1.268467e-001 2.613274e-001 6.855928e-001 
6.643592e+000 1.532536e+001 -4.955630e+000 2.711298e+000 -2.247009e+000 -1.391859e+000 -5.213468e+000 -8.503336e-001 1.731323e+000 -2.984104e+000 -1.399241e+000 -1.365412e+000 -9.878977e-001 -1.594210e+000 -1.469059e+000 -4.953194e-001 -2.650022e+000 -9.404201e-001 7.895090e-001 -1.811730e+000 -1.711500e+000 -1.340669e+000 -1.151369e+000 -7.591661e-001 -9.575715e-001 -1.010143e+000 -7.964605e-001 -4.922554e-001 2.715377e-003 3.911446e-001 2.319946e-001 4.380814e-001 1.546923e-001 -2.215370e-001 3.397096e-001 4.847748e-001 
3.763419e+000 2.294805e+001 -9.460153e+000 5.082535e+000 -3.842336e+000 -3.422540e+000 -4.888246e+000 -2.975493e+000 3.793754e+000 -6.420977e+000 1.153211e-001 -2.425431e+000 -1.532292e+000 -1.081506e+000 -2.190785e+000 7.715529e-001 -3.632205e+000 -5.077833e-001 2.675323e-001 -1.744058e+000 -9.245710e-001 -2.043522e+000 -7.639780e-001 -1.078633e+000 -7.123373e-001 -5.265991e-001 -1.668013e+000 -7.232142e-001 -6.562361e-001 2.269370e-001 1.507144e-001 5.273946e-001 5.349881e-001 -5.388031e-001 5.998486e-001 2.235163e-001 
9.285661e+000 1.832243e+001 -5.062667e+000 2.406385e+000 -2.881025e+000 -4.236298e+000 -6.850127e+000 -1.163139e+000 2.570118e+000 -4.310212e+000 -1.132742e+000 -1.415210e+000 -1.018633e+000 -3.144998e-001 -1.820320e+000 4.691257e-001 -2.412003e+000 -1.365760e+000 4.064532e-001 -2.533354e+000 -1.479683e+000 -8.277421e-001 -2.158821e-001 -5.522829e-001 -7.533570e-001 -9.815653e-002 -1.154621e+000 -1.074454e+000 -7.779537e-001 -1.890667e-001 1.557554e-001 5.116659e-001 8.468692e-001 -1.995064e-001 3.397316e-001 6.823184e-001 
9.023130e+000 2.023031e+001 -6.631332e+000 3.024054e+000 -3.309382e+000 -3.916870e+000 -6.581536e+000 -1.545520e+000 3.213968e+000 -4.051875e+000 -3.502363e-001 -1.240894e+000 -8.706779e-001 3.842065e-001 -1.101493e+000 8.684509e-001 -2.084374e+000 -9.520131e-001 -3.608344e-001 -3.124780e+000 -1.219771e+000 -9.521126e-001 1.086893e-001 -6.886899e-002 -1.350855e-001 2.834037e-001 -1.235776e+000 -8.786277e-001 -1.050034e+000 -2.702152e-001 3.872187e-001 5.261521e-001 1.029699e+000 -7.833479e-002 5.212751e-001 8.157951e-001 
9.722133e+000 1.987012e+001 -7.227788e+000 2.490423e+000 -4.284473e+000 -5.137750e+000 -7.449636e+000 -1.906354e+000 3.331738e+000 -3.793208e+000 -8.101172e-002 -1.277304e+000 -1.913880e+000 2.723567e-002 -7.489866e-001 1.658547e+000 -1.088442e+000 -5.926626e-001 3.491247e-001 -2.229131e+000 -9.180011e-001 -5.118788e-001 3.335872e-001 4.868336e-001 6.467619e-001 -1.048262e-001 -1.685237e+000 -8.374152e-001 -1.006782e+000 2.635007e-002 8.544508e-002 3.573721e-003 8.736815e-001 -3.303117e-002 3.705296e-001 -2.656231e-002 
8.852712e+000 2.437124e+001 -9.748737e+000 5.346601e+000 -6.309710e+000 -4.319960e+000 -6.232683e+000 -2.505094e+000 6.859074e+000 -5.779012e+000 1.564389e+000 -2.240951e+000 -1.614766e+000 1.330271e-003 -2.158133e+000 2.815964e+000 -2.017742e+000 5.771428e-001 7.079260e-002 -2.650984e+000 -8.320147e-001 -1.744633e+000 1.069547e+000 -3.295991e-001 8.770240e-001 -2.107337e-001 -2.491600e+000 -5.847227e-001 -1.412446e+000 4.298008e-001 1.595759e-001 -4.990778e-001 9.802125e-001 -7.229661e-001 7.566635e-001 1.003398e-001 
1.197706e+001 2.062495e+001 -7.499277e+000 3.629505e+000 -5.211164e+000 -4.977704e+000 -7.830116e+000 -1.225006e+000 4.314145e+000 -4.692869e+000 3.115442e-001 -2.287481e+000 -3.333603e+000 -1.096604e+000 -2.569421e+000 1.490851e+000 -1.181736e+000 -1.032523e+000 -1.945629e-001 -3.404049e+000 -2.102867e+000 -1.519547e+000 -9.953824e-002 -1.541711e-001 3.508110e-001 -3.533322e-001 -2.639111e+000 -1.020952e+000 -8.763856e-001 2.328400e-001 5.243979e-001 -3.533626e-001 8.941844e-001 8.042807e-002 1.849802e-001 3.178725e-001 
1.414490e+001 1.988720e+001 -6.652863e+000 3.220967e+000 -4.726829e+000 -4.183831e+000 -6.412267e+000 -1.968584e-001 4.509894e+000 -4.702652e+000 -4.913547e-001 -1.933255e+000 -2.791790e+000 -9.124138e-001 -2.259188e+000 1.557400e+000 -9.144288e-001 -6.821437e-001 3.121152e-001 -2.701873e+000 -1.633941e+000 -1.319295e+000 -5.881107e-002 -1.403388e-001 1.416353e-001 3.091181e-002 -2.282729e+000 -1.203203e+000 -5.221917e-001 4.141257e-001 2.577580e-001 -4.040685e-002 1.194341e+000 1.345178e-001 1.328435e-001 2.537711e-001 
1.405349e+001 1.903485e+001 -6.299800e+000 2.687392e+000 -4.969517e+000 -4.315521e+000 -6.205265e+000 1.260210e-001 3.985720e+000 -4.594788e+000 -6.083510e-001 -1.818109e+000 -2.607941e+000 -1.591807e+000 -2.459764e+000 1.624779e+000 -1.010569e+000 -9.509424e-001 -2.773834e-001 -3.328681e+000 -1.813289e+000 -1.144802e+000 -2.916013e-001 -5.684923e-001 -1.215572e-001 -7.791100e-002 -2.223248e+000 -1.181141e+000 -4.596831e-001 4.722361e-001 5.184246e-001 -1.322700e-001 8.621496e-001 2.170579e-001 3.107586e-001 6.168879e-001 
1.053822e+001 2.298081e+001 -1.051424e+001 6.010343e+000 -6.988918e+000 -4.137813e+000 -5.790400e+000 -1.677312e+000 5.512827e+000 -6.493851e+000 5.245376e-001 -2.871696e+000 -2.462423e+000 -1.876188e+000 -2.500285e+000 3.066722e+000 -2.221764e+000 -7.086852e-001 3.365217e-002 -2.810554e+000 -7.500597e-001 -1.730437e+000 -4.021416e-001 -1.169998e+000 6.247542e-001 3.462830e-001 -2.766579e+000 -1.000676e+000 -9.826980e-001 5.780456e-001 4.484007e-001 -1.250044e-001 1.357636e+000 -2.637885e-001 5.341095e-001 -2.633146e-001 
1.517208e+001 1.634403e+001 -5.353241e+000 1.026880e+000 -4.798231e+000 -5.272319e+000 -5.814402e+000 7.140976e-001 3.309932e+000 -4.381162e+000 -1.460625e+000 -1.655666e+000 -2.185867e+000 -1.579580e+000 -1.794275e+000 1.381085e+000 -1.296824e+000 -1.041263e+000 2.223797e-001 -2.299018e+000 -1.468044e+000 -1.171720e+000 -6.186933e-001 -5.576991e-001 -2.417301e-001 -1.564152e-001 -2.160453e+000 -1.587948e+000 -3.581551e-001 2.005175e-001 -4.985117e-002 -6.983856e-002 7.630373e-001 8.072272e-002 1.180710e-002 2.391671e-001 
