7.105199e+000 1.489352e+001 -8.032571e+000 2.464788e+000 -2.258106e-001 8.508867e-001 -4.535250e+000 -2.846185e+000 -1.790080e+000 -2.671514e+000 -5.493278e+000 1.059046e+000 1.385973e+000 -2.506995e+000 -6.529058e-001 -1.257114e+000 7.150145e-001 -2.663665e+000 -7.929930e-001 8.973978e-001 -3.987279e+000 -1.127085e+000 -6.587582e-002 -2.678711e+000 6.768914e-002 -1.768820e+000 1.199685e+000 1.210649e+000 -1.010145e+000 1.050470e+000 -5.545288e-001 1.241946e+000 -1.368456e-001 -5.651312e-001 1.596826e+000 -2.618117e-001 
6.595965e+000 1.542785e+001 -6.534316e+000 7.881022e-001 -1.454068e+000 6.392833e-003 -4.961305e+000 -1.136773e+000 -1.258396e+000 -2.662173e+000 -7.205077e+000 2.499207e-001 1.706440e+000 -1.445406e+000 -5.990537e-001 -1.034562e+000 -6.024309e-001 -2.821003e+000 -8.391880e-001 4.718003e-001 -3.366560e+000 -1.947722e+000 3.877411e-001 -2.622069e+000 -2.072329e-001 -1.637679e+000 7.159343e-001 9.775612e-001 -7.647749e-001 7.018108e-001 -4.513512e-001 1.206583e+000 -2.036772e-001 1.083734e-002 1.197397e+000 -3.843753e-001 
6.126605e+000 1.638700e+001 -5.886642e+000 3.905115e-001 -2.293452e+000 2.395621e-001 -5.056506e+000 3.564020e-001 -1.142515e+000 -2.206725e+000 -7.311286e+000 -8.872617e-001 2.009573e+000 -1.084558e+000 -1.241798e+000 6.069611e-001 -2.804847e-002 -3.384249e+000 3.103257e-001 -5.062928e-001 -2.956764e+000 -2.535817e+000 1.814858e-001 -1.175971e+000 -1.046564e-001 -1.459657e+000 1.253625e-001 7.115679e-001 -2.656440e-001 9.897162e-001 -4.228883e-002 8.880065e-001 -4.993800e-001 5.215235e-001 7.978059e-001 -2.028685e-001 
4.940244e+000 1.652661e+001 -5.171866e+000 4.070977e-002 -2.081370e+000 3.572500e-001 -5.273755e+000 -2.919260e-002 1.985648e-002 -2.747662e+000 -6.861462e+000 -5.636519e-001 8.430264e-001 -1.442055e+000 -1.803891e+000 1.436321e+000 3.126010e-001 -3.175023e+000 3.762158e-001 -1.053699e+000 -3.213919e+000 -2.998067e+000 2.087997e-001 -1.057672e+000 -2.387549e-002 -1.132513e+000 -4.050301e-001 4.290561e-001 -2.640314e-001 1.169806e+000 3.505686e-001 9.101266e-001 -4.280997e-001 -1.330582e-001 4.578294e-001 3.659415e-002 
1.573405e+000 1.640334e+001 -4.038709e+000 -9.481133e-001 -9.535630e-001 2.302651e+000 -4.534865e+000 -5.349338e-001 -7.846329e-001 -1.831501e+000 -6.636788e+000 -4.157983e-001 1.130043e+000 -2.437995e+000 -3.714307e+000 1.184139e+000 -1.233234e+000 -4.059792e+000 4.082915e-001 -5.238345e-001 -1.855119e+000 -2.904730e+000 -3.852550e-001 -1.703636e+000 6.317573e-001 -7.911128e-001 -7.223938e-001 -1.306400e-001 -5.416380e-001 1.174276e+000 -2.125738e-001 -2.226727e-001 -5.879470e-003 2.761938e-001 8.071288e-001 2.055024e-001 
-2.254542e+000 1.721475e+001 -2.762928e+000 4.337110e-002 2.064251e-001 4.637294e+000 -3.589214e+000 -3.413128e+000 -1.828302e+000 -1.992783e+000 -4.763661e+000 -1.493172e+000 2.444639e+000 -1.345151e+000 -4.994627e+000 3.652930e-001 -1.417156e+000 -3.271972e+000 -5.030483e-002 -2.463087e-001 -2.096939e+000 -2.502495e+000 4.831011e-001 -9.391896e-001 3.659883e-001 -1.072564e+000 7.437423e-002 -4.270665e-001 -1.188590e+000 1.549286e+000 1.275862e-001 -1.524490e-001 -9.974159e-003 2.292359e-001 3.649871e-001 -5.771108e-001 
-4.372736e+000 2.004442e+001 -3.896629e+000 2.130941e-001 -1.369704e+000 4.305673e+000 -3.064455e+000 -5.197842e+000 -8.554647e-001 -3.459700e+000 -3.637879e+000 -3.434505e+000 2.544057e+000 -3.274469e-001 -3.243425e+000 -8.493182e-001 -2.615465e+000 -3.222958e+000 -2.268230e+000 4.642685e-001 -1.550089e+000 -2.055417e+000 6.315038e-001 -1.122597e+000 3.974987e-001 -2.786852e+000 -5.991131e-001 -9.382899e-001 -7.688446e-001 2.230679e+000 6.779422e-001 6.360003e-001 -9.762037e-001 2.462499e-001 -2.561996e-001 -5.617249e-001 
-3.056380e+000 1.981113e+001 -3.887000e+000 2.065513e+000 -1.296281e+000 2.910024e+000 -3.354125e+000 -3.790784e+000 6.277647e-001 -3.729035e+000 -1.996123e+000 -2.344009e+000 1.667522e+000 -1.646298e+000 -2.908480e+000 -8.356843e-001 -2.255104e+000 -2.914210e+000 -1.907170e+000 7.381633e-001 -1.681533e+000 -1.268800e+000 -1.227415e-001 -1.059955e+000 -5.016024e-002 -1.899738e+000 -3.411644e-001 -4.608082e-001 -3.823095e-001 1.317404e+000 -3.371222e-001 7.289326e-001 -8.040026e-002 -2.618896e-001 8.408363e-001 -3.791325e-002 
-4.434647e+000 1.985337e+001 -4.294034e+000 8.688972e-001 -3.514417e-001 3.421155e+000 -3.028614e+000 -2.420942e+000 -7.329597e-001 -3.813653e+000 -1.788673e+000 -1.225999e+000 2.093447e+000 -2.225668e+000 -3.212739e+000 -1.021265e+000 -2.726611e+000 -3.341501e+000 -6.028299e-001 3.686825e-001 -1.954515e+000 -2.498728e+000 -1.864710e-001 -1.346344e+000 3.765121e-001 -1.254188e+000 -1.188927e+000 -8.493892e-001 -8.477197e-001 2.212885e+000 -3.889154e-001 8.019369e-001 -1.249065e-003 -1.016486e-001 5.759729e-001 -4.423656e-002 
-5.120986e+000 2.012267e+001 -3.983059e+000 -2.063482e+000 9.630518e-001 3.339527e+000 -2.545121e+000 -2.056609e+000 2.189004e-001 -2.520355e+000 -2.956456e+000 -1.763621e+000 3.042852e+000 -7.924436e-001 -3.807374e+000 -1.153408e+000 -2.954977e+000 -3.417155e+000 -7.983824e-001 2.728825e-001 -1.673231e+000 -2.047404e+000 5.290539e-001 -1.039696e+000 -6.728880e-001 -1.219661e+000 -8.738967e-001 -3.991076e-001 -1.088607e+000 1.610575e+000 8.361686e-001 1.662748e-002 -1.748465e-001 -2.639371e-001 5.932575e-001 3.683714e-001 
-7.321218e+000 2.048517e+001 -4.553597e+000 -1.763218e+000 1.252769e-001 1.618448e+000 -2.127658e+000 -2.816847e+000 1.590301e+000 -1.379016e+000 -2.393706e+000 -5.057054e-001 3.802596e+000 -1.783859e-001 -3.354026e+000 -1.170781e+000 -1.624833e+000 -2.465259e+000 -1.036937e+000 9.473238e-002 -2.528263e+000 -2.237237e+000 8.930971e-001 -6.685354e-001 -1.486500e+000 -1.516257e+000 -4.349209e-001 -2.028082e-001 -9.772058e-001 1.218803e+000 1.331453e+000 5.601471e-001 5.272217e-001 1.894771e-001 6.658418e-001 -1.660922e-001 
-1.092867e+001 2.069201e+001 -7.294729e+000 -5.213579e-001 -1.044991e-001 -3.864631e-001 -6.487086e-001 -3.099746e+000 1.990841e+000 -2.319174e+000 1.001789e-002 -1.195894e+000 3.064700e+000 -1.732004e+000 -2.773130e+000 -3.125765e-001 -2.167125e+000 -2.394366e+000 -2.777666e+000 1.217352e+000 -1.735083e+000 -2.145130e+000 -1.605780e-001 -1.331954e+000 -5.358800e-001 -2.136242e+000 5.977529e-001 -2.023396e-001 -7.913602e-001 8.361967e-001 1.175542e-001 6.930670e-001 -8.864094e-002 1.002667e+000 1.204005e+000 1.674632e-001 
-1.042386e+001 1.954155e+001 -7.470064e+000 -7.531227e-002 8.548643e-001 7.737826e-001 -1.263453e+000 -3.126512e+000 1.492204e+000 -2.256350e+000 -1.507160e+000 -7.226259e-001 2.153530e+000 -9.517642e-001 -2.500954e+000 -1.100101e+000 -9.424924e-001 -1.686337e+000 -1.157039e+000 6.423548e-001 -2.314153e+000 -2.706510e+000 -1.075250e+000 -8.969844e-001 -4.364131e-001 -1.037301e+000 1.070247e-001 -4.107356e-001 -5.672216e-001 2.155552e-001 2.930460e-001 5.369847e-001 -3.305561e-002 4.585161e-001 1.432262e+000 8.465049e-001 
-8.886943e+000 1.725767e+001 -5.576858e+000 1.148763e+000 6.564156e-001 1.372463e+000 -3.456249e+000 -1.552687e+000 1.454421e-001 -2.938011e+000 -1.375382e+000 -1.108191e+000 1.481150e+000 -1.430186e+000 -1.864361e+000 -1.171867e+000 -2.051065e-001 -1.870077e+000 -9.800716e-001 -8.340637e-002 -2.905570e+000 -2.929781e+000 -1.000922e+000 -4.639016e-001 -6.908892e-001 -5.766097e-001 -2.471810e-003 2.648174e-001 -4.201049e-001 1.131438e-001 6.081061e-001 3.293758e-001 -2.011001e-001 5.445139e-001 1.069924e+000 4.231870e-003 
1.135658e+000 1.373743e+001 -8.426600e+000 1.578346e+000 -6.109387e-001 1.501164e+000 -8.805655e+000 -4.330511e-001 5.600458e-001 -3.168594e+000 -1.595376e+000 -1.190255e+000 1.404591e+000 -2.013956e+000 -1.725483e+000 -1.338825e+000 5.426989e-001 -1.420040e+000 -1.256687e+000 1.522753e-002 -1.708639e+000 -1.306063e+000 -7.219714e-001 -9.396170e-001 -5.528347e-002 -1.069586e+000 1.650070e-001 5.897048e-001 -4.136291e-001 2.205927e-001 5.737157e-001 6.802534e-001 -7.771412e-001 3.321660e-001 7.610108e-001 6.097904e-002 
1.246420e+000 1.794133e+001 -6.792635e+000 2.179951e+000 -7.861406e-001 1.608019e+000 -9.833877e+000 -2.157583e+000 5.804689e-001 -3.795202e+000 -1.758186e+000 -1.845948e+000 4.170503e+000 -2.720286e+000 -5.580316e-002 -3.675518e-001 -2.290735e+000 -6.499696e-001 1.644491e-001 6.541083e-001 -3.317715e+000 -1.346046e+000 -7.270841e-001 -2.683887e+000 -1.057748e+000 4.640112e-001 1.111777e-001 -7.461173e-002 5.651321e-001 -1.882442e-002 1.626169e-001 3.745722e-001 2.774937e-001 2.128295e-001 1.133977e+000 1.548854e+000 
2.070465e+000 1.747553e+001 -3.709363e+000 2.126367e-001 -7.556058e-001 2.756234e+000 -1.087443e+001 -3.746321e+000 8.199643e-001 -4.684094e+000 -1.388708e+000 -5.409690e-001 3.244019e+000 -2.770536e+000 -5.613977e-001 6.401454e-001 -2.612887e+000 4.180046e-001 -1.221421e-001 1.647991e-001 -3.379727e+000 -2.377164e+000 -9.150213e-001 -2.183361e+000 1.560471e-001 -4.349298e-001 3.550461e-001 -9.283244e-002 2.915129e-001 2.578293e-001 5.737062e-001 1.295676e+000 -4.917282e-001 6.706433e-001 5.518566e-001 1.030517e+000 
2.763800e+000 1.922092e+001 -6.979602e+000 2.688496e+000 -4.060232e+000 2.357983e+000 -1.052088e+001 -4.902303e+000 2.232041e+000 -5.798329e+000 -6.126283e-001 -1.910064e+000 2.681534e+000 -3.617101e+000 1.024879e+000 1.341946e+000 -3.911807e+000 2.082964e+000 -1.480329e+000 -7.807592e-001 -3.486529e+000 -1.827181e+000 -1.836160e+000 -2.896380e+000 1.232530e+000 -1.658985e+000 1.052399e+000 -1.140864e-001 5.187348e-001 1.477104e-001 1.384525e-001 1.910421e+000 -1.288417e+000 1.180924e+000 6.770824e-001 6.871783e-001 
1.226971e+001 1.431484e+001 -2.660235e+000 1.711596e+000 -3.738189e-002 -5.846160e-001 -5.953251e+000 -2.278363e+000 4.760893e-001 -1.658501e+000 -1.417046e+000 -5.964775e-002 2.541003e+000 -1.873893e+000 -4.909413e-001 1.719434e+000 2.909754e-002 8.275797e-001 -3.339743e-002 -2.386868e-001 -2.419370e+000 -1.726533e+000 2.494224e-001 -1.291884e+000 -6.214214e-001 -3.259579e-001 2.824626e-001 6.223811e-001 1.819747e-001 -3.744455e-002 2.728718e-001 3.035048e-001 -9.668996e-001 -7.969817e-002 9.094988e-001 6.271074e-001 
7.695670e+000 1.559898e+001 -8.002578e+000 2.484809e+000 -5.957863e-001 8.537265e-001 -4.507859e+000 -3.193971e+000 -2.070714e+000 -3.105793e+000 -5.182747e+000 1.037071e+000 1.341575e+000 -2.191782e+000 -3.447104e-001 -1.595001e-001 4.069475e-001 -2.696241e+000 -9.872287e-001 6.408072e-001 -4.471907e+000 -1.932473e+000 6.140268e-001 -2.037136e+000 2.374528e-001 -2.186747e+000 9.009755e-001 6.219377e-001 -1.327111e+000 1.398193e+000 2.049396e-001 2.096494e+000 -4.857949e-001 -1.009061e+000 1.185595e+000 -2.890462e-002 
6.669675e+000 1.501079e+001 -5.598577e+000 1.766859e+000 -3.025261e-001 4.742187e-001 -4.573528e+000 -1.866178e+000 -1.487178e+000 -2.494988e+000 -6.195339e+000 -4.556614e-001 1.094195e+000 -1.104160e+000 1.068672e+000 3.701719e-001 3.152526e-001 -2.737334e+000 -6.656335e-001 8.694981e-001 -4.025230e+000 -2.573177e+000 1.343230e-001 -1.696642e+000 3.124944e-001 -1.224900e+000 7.446166e-001 7.627419e-001 -7.875970e-001 1.249814e+000 4.332425e-001 1.636390e+000 -6.074040e-001 -5.425420e-001 1.087277e+000 -3.748527e-002 
6.850058e+000 1.611103e+001 -5.198503e+000 4.188054e-001 -1.344760e+000 -5.839418e-001 -4.932797e+000 -7.184521e-001 -1.394106e+000 -2.996419e+000 -7.288606e+000 -1.575302e+000 1.492069e+000 -1.505019e+000 -4.657652e-001 1.209317e+000 -3.565063e-001 -3.732182e+000 -4.617128e-001 -5.672445e-001 -3.051015e+000 -2.515329e+000 -7.687713e-001 -2.135172e+000 -4.694849e-001 -1.009277e+000 3.007214e-002 7.015865e-001 -4.174487e-001 1.037299e+000 2.147491e-001 8.754704e-001 -7.157538e-001 7.165518e-002 7.247614e-001 -1.504289e-001 
5.473018e+000 1.784664e+001 -4.722535e+000 1.672863e+000 -2.449986e+000 3.228979e-001 -5.706603e+000 -3.335811e-001 -8.860288e-001 -2.490342e+000 -6.356794e+000 -1.111509e-001 6.860144e-001 -1.722798e+000 -1.451679e+000 2.186551e+000 6.907624e-001 -3.448215e+000 3.752415e-003 -1.501778e+000 -2.974785e+000 -2.250938e+000 2.281228e-001 -1.478490e+000 -2.712111e-001 -1.253461e+000 -1.940227e-001 6.360298e-001 -1.971254e-001 1.041327e+000 6.566901e-001 1.055295e+000 -3.187622e-001 -2.431026e-001 4.726948e-001 -5.979956e-002 
3.444283e+000 1.713408e+001 -3.297630e+000 -5.422422e-001 -6.755404e-001 7.453457e-001 -5.660165e+000 -1.181793e+000 -9.440192e-001 -2.249795e+000 -5.944283e+000 1.831986e-001 1.610816e+000 -2.179023e+000 -2.483945e+000 1.494075e+000 -4.782321e-001 -4.102852e+000 6.505203e-002 -1.034839e+000 -2.517088e+000 -2.667529e+000 -8.443843e-002 -1.289720e+000 -3.871848e-001 -1.047564e+000 -7.122068e-001 3.333671e-001 -6.157729e-001 1.385473e+000 3.575559e-001 4.446084e-001 9.567082e-002 -2.115246e-002 5.872086e-001 5.726601e-003 
-4.174901e-001 1.757160e+001 -2.485659e+000 -3.299546e-001 -2.718881e-001 2.653642e+000 -3.776898e+000 -2.869338e+000 -1.535758e+000 -2.154042e+000 -3.910941e+000 -1.118419e+000 2.098426e+000 -1.360336e+000 -4.204615e+000 1.809692e-001 -1.769616e+000 -3.183166e+000 6.014773e-002 -2.529072e-001 -2.017957e+000 -2.403447e+000 1.304510e-001 -5.243857e-001 4.950637e-001 -1.212989e+000 -3.043443e-001 -2.551728e-001 -1.131126e+000 1.467123e+000 5.190071e-001 7.535629e-002 -1.169320e-001 -2.049621e-001 5.816424e-001 -2.417202e-001 
-2.743499e+000 1.926274e+001 -3.751250e+000 -5.416856e-001 -5.063312e-001 4.195162e+000 -3.328873e+000 -4.313701e+000 -7.767407e-001 -2.367871e+000 -2.829025e+000 -2.245266e+000 2.459100e+000 -8.754252e-001 -3.469970e+000 -5.934252e-001 -1.601891e+000 -2.696419e+000 -1.113332e+000 7.617958e-001 -2.293571e+000 -2.690893e+000 2.354020e-001 -6.746735e-001 5.194184e-001 -1.318157e+000 2.611942e-001 -3.390368e-001 -1.079751e+000 1.610361e+000 1.870904e-001 -2.857622e-002 -5.053532e-001 5.521870e-001 6.150701e-001 -3.969498e-001 
-2.624960e+000 1.938511e+001 -4.265174e+000 6.589843e-001 -2.088718e+000 3.768165e+000 -3.318441e+000 -3.799966e+000 -1.931211e-001 -3.840729e+000 -1.516729e+000 -2.025356e+000 1.663369e+000 -2.305310e+000 -2.149079e+000 -2.348433e-001 -2.020801e+000 -1.761188e+000 -1.357341e+000 7.447062e-001 -3.050402e+000 -2.572489e+000 -5.786541e-001 -8.186410e-001 6.944233e-001 -1.633617e+000 2.481594e-001 -2.595071e-001 -6.722810e-001 1.233669e+000 -1.551231e-001 5.856792e-001 -2.976957e-001 -6.391249e-002 1.079398e+000 -1.565655e-001 
-4.065090e+000 2.000598e+001 -4.886058e+000 1.238088e-001 -6.825630e-001 2.988539e+000 -2.860896e+000 -3.241411e+000 -4.503810e-001 -4.420746e+000 -2.299339e+000 -1.091691e+000 1.521322e+000 -1.663173e+000 -2.775380e+000 -5.022391e-001 -2.207379e+000 -2.737216e+000 -1.525119e-001 -2.431963e-001 -2.989820e+000 -2.965503e+000 -9.280184e-001 -1.707091e+000 -6.226580e-002 -1.209751e+000 -3.458034e-001 -1.673276e-001 -7.777214e-001 1.748343e+000 -1.576653e-001 5.941951e-001 -7.540233e-002 -2.419271e-001 1.110372e+000 1.915717e-001 
-6.751832e+000 2.115710e+001 -3.843009e+000 -7.496342e-001 5.764781e-001 3.831803e+000 -2.260415e+000 -3.351426e+000 -1.193671e+000 -3.685583e+000 -3.148737e+000 -1.309190e+000 2.681199e+000 -1.587816e+000 -3.775152e+000 -4.024652e-001 -1.947673e+000 -3.194926e+000 -4.521411e-001 -1.804831e-001 -2.339617e+000 -2.984488e+000 5.004054e-002 -1.713494e+000 -3.035159e-001 -7.417618e-001 -6.659557e-001 5.182261e-003 -9.948230e-001 1.978720e+000 -6.008244e-002 7.399787e-002 5.766160e-002 -1.112315e-001 1.400855e-001 1.356383e-001 
-8.419137e+000 2.312563e+001 -3.964022e+000 -9.564007e-001 3.685148e-001 2.561552e+000 -1.612148e+000 -4.587618e+000 1.176708e+000 -2.987724e+000 -2.960759e+000 -1.759760e+000 3.370950e+000 -1.476170e+000 -4.228842e+000 -1.555502e-001 -6.805665e-001 -2.211035e+000 -2.357210e+000 1.004327e-001 -2.106146e+000 -2.200202e+000 -7.541217e-002 -1.219476e+000 -3.686919e-001 -9.112408e-001 -1.923294e-001 -1.559583e-001 -7.625900e-001 1.033367e+000 3.562561e-001 -7.698311e-002 8.751036e-002 1.607930e-001 7.086400e-001 -3.926332e-002 
-8.496865e+000 1.936185e+001 -5.102772e+000 -8.600459e-001 1.500807e+000 1.270421e+000 -2.492345e+000 -3.577131e+000 2.759306e-001 -2.246630e+000 -2.892074e+000 -3.964551e-001 2.349388e+000 -4.687972e-001 -1.742027e+000 -5.704124e-001 -6.966004e-001 -2.064796e+000 -1.604459e+000 4.268666e-001 -1.307159e+000 -1.213682e+000 1.547351e-001 -5.802078e-001 -1.171214e-001 -1.270138e+000 -1.155483e+000 -8.744152e-001 -4.051363e-001 1.554960e+000 5.190973e-001 -9.795191e-002 -1.592661e-001 -9.260458e-002 5.607983e-001 -7.118219e-001 
-8.372750e+000 2.127655e+001 -5.902485e+000 -1.084286e-001 7.187169e-001 9.874612e-001 -6.742475e-001 -3.383931e+000 8.733908e-001 -3.786570e+000 -2.570752e+000 -4.688482e-001 2.023108e+000 -1.187950e+000 -2.737257e+000 -1.716458e+000 -2.224951e+000 -2.861673e+000 -2.194064e+000 4.444452e-001 -2.079339e+000 -1.263455e+000 1.964894e-001 -4.371033e-001 -5.781953e-001 -2.096969e+000 -9.739267e-001 -2.762706e-001 -4.140634e-001 8.546691e-001 8.280672e-001 5.008453e-001 -1.972656e-001 -1.256558e-002 5.223985e-001 -6.724082e-001 
-6.505091e+000 1.973738e+001 -4.633523e+000 -4.716445e-001 5.194799e-001 1.161203e+000 -2.943661e+000 -1.759692e+000 4.199992e-001 -3.631140e+000 -1.977790e+000 4.012789e-001 2.546053e+000 -1.541732e+000 -2.197888e+000 -1.355738e+000 -1.074536e+000 -2.239751e+000 -1.663082e+000 -3.380929e-001 -2.105226e+000 -1.726355e+000 -7.719194e-001 -2.475102e-001 -8.166064e-001 -1.657548e+000 -6.203220e-001 -1.038849e-001 -2.651950e-001 3.173615e-001 1.316324e+000 9.545094e-001 -6.719525e-001 2.921804e-001 6.745854e-001 -3.214331e-001 
6.471978e-001 1.512383e+001 -8.344827e+000 1.706536e+000 -8.138069e-001 2.288135e+000 -7.002000e+000 6.750105e-001 2.743826e-001 -3.751221e+000 -1.537827e+000 -5.949490e-001 2.915276e+000 -1.994028e+000 -2.299350e+000 -2.638877e+000 -6.002793e-002 -1.232399e+000 -2.716256e-001 -5.675627e-002 -1.890341e+000 -1.854160e+000 -7.235256e-001 -3.461863e-001 8.331714e-002 -1.187870e+000 -4.073108e-001 3.366669e-001 -7.349236e-001 3.213026e-001 3.749821e-001 8.839229e-001 -6.917756e-001 6.692796e-001 3.874888e-001 -2.106255e-001 
1.746349e+000 1.760959e+001 -7.268576e+000 2.111549e+000 -7.006653e-001 2.288615e+000 -9.052895e+000 -1.519925e+000 8.735605e-002 -4.688685e+000 -2.385575e+000 -2.051933e+000 4.117612e+000 -3.050719e+000 -1.072263e+000 -9.095969e-001 -1.960222e+000 4.201555e-001 4.769840e-001 3.505614e-001 -4.248812e+000 -2.503096e+000 -3.803022e-001 -1.964778e+000 -1.225967e-001 -4.718046e-002 -1.530995e-001 -1.554989e-001 2.710817e-001 3.353490e-001 1.258753e-001 8.306226e-001 7.800210e-002 -9.676809e-003 5.784538e-001 7.927147e-001 
3.363847e+000 1.653607e+001 -3.592197e+000 -8.664079e-001 -1.045054e-001 2.188444e+000 -1.023982e+001 -3.237604e+000 6.744457e-002 -4.909766e+000 -2.616387e+000 -1.113732e+000 3.137164e+000 -2.741408e+000 -7.071393e-001 4.804060e-001 -2.743504e+000 2.193981e-001 1.824163e-002 9.958963e-002 -3.772749e+000 -3.034682e+000 -1.280164e+000 -1.980957e+000 2.957823e-001 -3.445536e-001 -2.074963e-002 -4.001924e-001 5.226160e-001 6.829173e-001 3.475147e-001 1.037861e+000 -5.122558e-001 2.768362e-001 5.342054e-001 1.050143e+000 
5.275237e+000 1.660301e+001 -3.310598e+000 1.583743e+000 -2.503027e+000 9.613236e-001 -9.691763e+000 -2.728078e+000 9.362487e-001 -5.165338e+000 -2.329918e+000 -1.197200e+000 2.701927e+000 -2.563950e+000 -2.069169e-001 5.793587e-001 -2.365575e+000 1.490844e+000 -6.225949e-001 -1.219799e+000 -3.567790e+000 -2.712261e+000 -1.686256e+000 -1.895151e+000 4.040439e-001 -8.874626e-001 3.800501e-001 1.517982e-001 5.754850e-001 3.372014e-001 1.804469e-001 1.205999e+000 -5.077164e-001 6.790459e-001 5.191937e-001 8.263586e-001 
