-5.742160e+000 1.524176e+001 -8.354908e+000 -1.673037e+000 -3.590572e-001 9.833324e-001 -4.511375e+000 -4.517848e+000 -1.973248e+000 -3.068222e+000 -3.379542e+000 6.483468e-001 1.593242e+000 -1.094019e+000 -1.923508e+000 -4.098495e-001 -7.799893e-001 -2.533333e+000 -8.421222e-002 7.272286e-001 -6.422369e-001 -1.943717e+000 1.660785e+000 2.066644e+000 3.873864e-001 2.961035e-001 2.187753e+000 1.284452e+000 -6.605829e-001 4.621940e-002 8.693855e-002 -5.477102e-001 -1.025082e+000 -8.126879e-002 5.357371e-001 6.079800e-001 
-5.632826e-001 1.215649e+001 -7.470383e+000 -8.960873e-001 -1.769930e+000 4.988804e-001 -5.336057e+000 -1.602224e+000 -3.562481e+000 -2.385865e+000 -3.622401e+000 1.855967e+000 -6.234173e-001 -5.921142e-001 -1.882830e+000 -1.016589e+000 -1.723555e+000 -1.894572e+000 -5.518982e-001 -1.080773e+000 -6.655142e-001 -1.807059e+000 1.772328e+000 7.803390e-001 8.653197e-001 -1.751951e-001 1.693374e+000 6.580279e-001 2.222892e-002 -7.294136e-001 3.931706e-001 -3.351003e-001 -1.075046e+000 -7.354526e-001 3.434293e-001 3.852045e-001 
8.121633e+000 4.911859e+000 -7.218885e+000 3.112052e+000 -3.984367e+000 1.465723e+000 -5.274746e+000 9.970519e-001 -3.974044e+000 -4.957656e-001 -2.655135e+000 2.900072e+000 -3.025735e+000 3.257759e-001 -1.308170e+000 -1.930075e+000 -2.112384e+000 -5.054158e-001 -4.781632e-001 -1.008740e+000 -2.099197e-001 -2.019897e+000 2.009806e+000 5.154578e-001 1.581049e+000 -5.438368e-001 1.783933e+000 5.822725e-001 1.372368e+000 -6.826740e-001 1.490258e-001 -8.826882e-001 -2.216481e-001 -9.731333e-001 -4.049340e-001 1.451538e-002 
9.349421e+000 2.532227e+000 -7.440761e+000 3.716276e+000 -5.941788e+000 4.328445e-001 -6.450874e+000 -9.789986e-002 -5.933808e+000 -1.564921e-001 -1.839844e+000 2.580589e+000 -2.247346e+000 -1.619946e-002 -7.328684e-001 -1.160373e+000 -1.548498e+000 -6.090778e-001 -5.579303e-001 -1.305660e+000 -1.017041e+000 -1.601567e+000 1.550457e+000 1.677538e-001 1.699960e+000 -1.075769e+000 1.337739e+000 1.433070e-001 7.917317e-001 -8.029409e-001 -4.297536e-001 -5.139376e-001 1.892784e-001 -1.060752e+000 -4.534513e-001 1.487588e-001 
8.657577e+000 7.463855e+000 -8.329018e+000 3.066116e+000 -3.312914e+000 1.726147e+000 -6.711350e+000 -1.088419e+000 -5.174196e+000 -1.607068e+000 -1.749451e+000 1.589793e+000 -2.061759e+000 -1.106874e+000 -1.456753e+000 -7.163921e-001 -1.668195e+000 -1.370413e+000 -6.743878e-001 -1.104870e+000 -7.315324e-001 -1.062781e+000 1.588941e+000 5.015230e-001 1.508601e+000 -5.519715e-001 8.223715e-001 3.329548e-001 4.930023e-001 -1.073646e+000 5.376715e-003 -3.720921e-001 -6.426484e-001 -1.049997e+000 -2.701799e-001 5.943535e-002 
8.137824e+000 1.088515e+001 -9.678542e+000 4.490524e-001 -8.542602e-001 3.169821e+000 -6.971701e+000 -3.255232e+000 -4.180797e+000 -6.673042e-001 -3.207803e+000 -4.364005e-001 -2.260520e+000 -3.890327e+000 -2.114829e+000 -3.389521e-001 -1.702262e+000 -2.411613e+000 -9.893898e-001 9.223782e-002 -1.135825e-001 -1.382889e+000 1.826218e+000 1.956463e-001 -3.373567e-002 -1.663936e-001 2.209661e+000 1.075712e+000 -5.582751e-001 -4.192308e-001 -1.247474e-001 -1.767748e-001 -7.548434e-001 -9.091641e-001 -5.909351e-001 -1.939166e-002 
1.060983e+001 9.600194e+000 -1.012223e+001 5.483739e-001 2.151305e+000 5.333214e+000 -6.650455e+000 -4.496785e+000 -2.136404e+000 7.744852e-001 -3.889187e+000 5.220014e-001 -1.150972e+000 -4.345622e+000 -3.183555e+000 -9.267734e-001 -1.265456e+000 -2.699186e+000 2.189725e-003 4.803825e-001 -1.193430e+000 -1.884758e+000 2.903589e+000 5.454131e-001 9.889469e-001 2.954938e-001 1.245939e+000 1.149884e+000 -1.261319e+000 3.389663e-001 3.885012e-001 -1.174039e-001 -1.622772e+000 -1.283162e+000 -7.837182e-001 4.506051e-001 
1.264874e+001 8.592380e+000 -1.301913e+001 3.030810e-001 9.287614e-001 4.530431e+000 -8.030677e+000 -3.525768e+000 -2.869438e+000 9.853993e-001 -4.709144e+000 -1.849633e-001 -8.962741e-001 -4.169056e+000 -2.469707e+000 -6.404783e-001 -1.041952e+000 -2.432020e+000 -7.605188e-001 3.879913e-001 -7.970127e-001 -1.222329e+000 3.490097e+000 8.509392e-001 1.520504e+000 8.083393e-001 1.843048e+000 9.734244e-001 -6.752213e-001 5.389974e-001 4.159198e-001 6.184711e-002 -1.419146e+000 -1.198494e+000 -5.586246e-001 3.434897e-001 
1.457113e+001 7.554289e+000 -1.169811e+001 9.557761e-001 3.625148e+000 4.116284e+000 -7.536844e+000 -4.172261e+000 -1.900103e+000 -2.543675e-001 -2.981528e+000 -5.609310e-001 -2.115598e-002 -4.082196e+000 -1.907125e+000 1.700363e-001 -1.772147e+000 -3.119444e+000 -9.294698e-001 2.952723e-001 -1.213969e+000 -8.825367e-001 2.846838e+000 -3.166022e-001 1.117803e+000 9.092534e-001 7.977022e-001 1.135793e+000 -8.761248e-001 2.838104e-001 -2.851629e-001 5.769364e-002 -1.650443e+000 -1.114818e+000 -6.870894e-001 7.162448e-001 
1.308015e+001 8.896538e+000 -1.334635e+001 1.792050e+000 3.476836e+000 3.498139e+000 -6.666635e+000 -3.344010e+000 -2.580964e+000 4.919893e-003 -3.892025e+000 -2.592105e-001 -3.403961e-001 -3.304026e+000 -1.101566e+000 -3.695001e-002 -1.257811e+000 -3.846571e+000 -1.058756e+000 -3.866114e-001 -8.460593e-001 -9.230692e-002 3.089757e+000 -1.009358e-001 1.468976e+000 1.141908e+000 8.792277e-001 1.093884e+000 -1.479428e+000 6.319700e-001 -2.690503e-001 2.124625e-001 -9.225568e-001 -1.242924e+000 -1.343646e+000 4.962431e-001 
1.502579e+001 8.384244e+000 -1.304457e+001 1.227219e+000 2.364097e+000 3.282375e+000 -6.990104e+000 -3.173247e+000 -2.671944e+000 1.844716e-001 -2.794390e+000 -1.050887e+000 -7.592305e-001 -3.700073e+000 -1.527902e+000 -1.006501e+000 -1.082760e+000 -3.129109e+000 -1.439072e+000 -3.144794e-001 -8.498826e-001 -3.120591e-001 2.823500e+000 -2.219624e-001 1.237623e+000 1.145539e+000 1.249286e+000 1.057499e+000 -1.717378e+000 9.888737e-001 -5.712951e-001 -1.735416e-001 -9.060458e-001 -1.347974e+000 -1.246499e+000 5.455899e-001 
1.476021e+001 8.537966e+000 -1.295429e+001 1.739689e+000 2.197874e+000 2.886766e+000 -7.231230e+000 -3.553200e+000 -3.091039e+000 7.721293e-001 -2.925478e+000 -4.905580e-001 -1.187326e+000 -3.565601e+000 -1.500842e+000 -1.588617e+000 1.670213e-001 -2.349157e+000 -1.097565e+000 -3.200827e-001 -1.683402e-001 -3.585453e-001 3.356788e+000 1.755366e-001 1.095134e+000 1.749015e+000 1.489328e+000 1.702647e+000 -1.422227e+000 1.076377e+000 -3.571009e-001 5.867277e-002 -6.691965e-001 -7.934972e-001 -1.307602e+000 6.566652e-001 
1.443983e+001 8.588393e+000 -1.204843e+001 2.065591e+000 2.800308e+000 2.591811e+000 -6.884021e+000 -3.813050e+000 -3.775414e+000 2.656240e-001 -2.878577e+000 -5.537388e-001 -3.463428e-002 -3.011355e+000 -2.057886e+000 -3.410820e-001 -5.131665e-001 -1.977645e+000 -1.634630e+000 -1.069410e+000 -3.429791e-001 -1.054227e+000 3.791994e+000 5.642995e-001 7.447804e-001 1.494585e+000 8.357266e-001 1.604580e+000 -1.282287e+000 -1.676400e-002 4.545417e-001 -2.379164e-001 -6.092672e-001 -4.487304e-001 -1.514765e+000 5.340135e-001 
1.405725e+001 8.852309e+000 -1.111432e+001 2.128378e+000 1.530802e+000 3.322616e+000 -7.869706e+000 -3.286335e+000 -4.310477e+000 1.018988e+000 -2.859809e+000 -5.535591e-001 -1.861135e-001 -3.384204e+000 -1.908961e+000 -8.919430e-001 -6.905878e-001 -2.455923e+000 -1.600904e+000 -7.667648e-001 -4.055822e-002 -1.024179e+000 2.861027e+000 3.506222e-001 -3.239522e-001 1.374474e+000 1.600112e+000 1.669455e+000 -7.958856e-001 -7.801887e-001 3.243707e-001 -4.345945e-001 -7.517577e-001 -3.060732e-001 -1.514655e+000 3.841057e-001 
1.415381e+001 9.849164e+000 -1.216552e+001 1.899126e+000 1.023105e+000 2.406490e+000 -7.362413e+000 -2.593610e+000 -4.193012e+000 1.284375e+000 -2.250527e+000 -9.213725e-001 -1.808025e-001 -3.923700e+000 -1.096413e+000 -8.367825e-001 -1.290995e-001 -2.596995e+000 -9.712040e-001 -9.654151e-002 4.336095e-001 -1.103520e+000 2.165363e+000 5.792807e-001 1.040362e-001 1.467482e+000 1.511514e+000 2.197275e+000 -7.274845e-001 -8.342299e-002 -1.340744e-001 4.435667e-002 -9.853019e-001 -1.469244e-001 -1.147399e+000 -1.599569e-001 
1.323043e+001 1.016195e+001 -1.266141e+001 1.113114e+000 1.088705e+000 2.747917e+000 -8.525355e+000 -2.842623e+000 -3.395567e+000 -5.455123e-002 -1.986408e+000 -1.569311e+000 -1.133581e+000 -3.426846e+000 9.814734e-002 -1.086018e+000 -1.184872e+000 -2.530111e+000 -1.716891e+000 2.747929e-001 3.164308e-001 -1.440317e+000 2.227055e+000 8.274224e-001 4.929709e-001 1.374108e+000 1.124366e+000 1.784873e+000 -5.645543e-001 1.648754e-001 -3.170079e-001 -3.354521e-001 -4.158832e-002 -5.390704e-002 -1.647769e+000 -2.001074e-001 
1.491675e+001 9.827460e+000 -1.132636e+001 -1.803723e+000 2.232751e+000 2.304046e+000 -6.421187e+000 -3.260855e+000 -3.579805e+000 -7.565866e-001 -1.399993e+000 -1.219248e+000 -7.022837e-002 -3.370913e+000 -6.149929e-001 -7.148975e-001 -1.504869e+000 -1.868934e+000 -1.268106e+000 1.453447e-001 -3.372374e-001 -8.889622e-001 1.540717e+000 8.191795e-001 2.352860e-001 1.259742e+000 1.188410e+000 1.266573e+000 -2.783290e-001 -2.960392e-004 -4.275207e-001 -1.094546e+000 2.799416e-001 -2.976334e-001 -1.710372e+000 3.423504e-001 
1.322213e+001 1.254953e+001 -1.351243e+001 3.610270e-001 7.797339e-001 4.453247e+000 -8.235783e+000 -1.687177e+000 -4.995367e+000 3.762274e-001 -2.599140e+000 -3.640132e-001 5.957302e-002 -3.815847e+000 -1.367422e+000 -1.182974e+000 -1.017264e+000 -2.953636e+000 -4.653108e-001 -9.521479e-001 -5.279434e-001 -1.142548e+000 2.098503e+000 1.091144e+000 5.430598e-001 1.087593e+000 1.151882e+000 9.234846e-001 3.496416e-002 -6.487368e-003 -9.102549e-001 -9.922027e-001 2.318355e-001 -4.242525e-001 -1.683906e+000 4.180085e-001 
1.216898e+001 1.204475e+001 -9.582486e+000 -6.972642e-001 3.932952e+000 1.324465e+000 -5.485986e+000 -2.001711e+000 -3.115865e+000 -1.590527e+000 -1.812627e+000 3.820129e-001 1.225215e+000 -2.181040e+000 -1.158493e+000 -3.424237e-001 -8.826785e-001 -9.801473e-001 3.304304e-001 -5.632383e-001 -1.037726e+000 -8.577514e-001 1.326383e+000 1.088505e+000 2.125782e-001 8.043461e-001 7.836665e-001 6.611287e-001 3.530737e-002 1.568049e-001 -6.405710e-001 -3.102284e-001 2.616758e-001 -3.862981e-002 -4.029675e-001 1.394173e-001 
-6.101364e+000 1.525681e+001 -8.559646e+000 -4.895862e-001 -1.008047e+000 7.256560e-001 -2.582714e+000 -1.898541e+000 -7.265545e-001 -2.648694e+000 -6.243216e-001 1.273696e+000 2.576487e-001 -1.600333e+000 -1.928047e+000 -2.051479e+000 -1.063849e+000 -1.110897e+000 7.608407e-002 7.500345e-002 -1.570844e+000 -2.186621e+000 1.332300e+000 1.555050e+000 3.748933e-001 -2.189041e-001 7.599266e-001 1.066373e+000 5.582590e-001 2.459804e-001 -2.655052e-001 -4.817897e-001 -8.118702e-001 -4.487940e-001 -3.370391e-001 3.999809e-002 
-5.484112e+000 9.679380e+000 -7.418231e+000 -7.010246e-001 -1.140786e+000 6.600728e-001 -4.501736e+000 -6.195987e-001 -1.993294e+000 -9.577500e-002 -1.944074e+000 1.432807e+000 -2.167609e+000 -2.472319e+000 -2.930832e+000 -2.575082e+000 -1.457826e+000 -9.979773e-001 9.054266e-001 3.727451e-002 -1.206460e+000 -2.133359e+000 1.568754e+000 7.906203e-001 4.116771e-001 -9.957393e-001 1.395532e+000 1.225538e+000 8.156276e-001 -6.771319e-001 -4.243465e-001 -1.306567e+000 -1.174118e+000 -1.054427e+000 -1.562690e-001 -2.621419e-002 
5.330647e+000 4.373974e+000 -7.363022e+000 3.425210e+000 -3.943424e+000 9.897248e-001 -5.365398e+000 1.108798e+000 -4.134305e+000 -4.744811e-001 -2.639117e+000 2.532671e+000 -3.303753e+000 -3.535404e-001 -1.147940e+000 -1.339394e+000 -1.671566e+000 -7.154382e-001 -8.436369e-002 -6.558274e-001 -1.290600e-001 -1.848919e+000 1.510420e+000 2.580919e-001 1.137479e+000 -1.073456e+000 1.384805e+000 2.496745e-001 1.601759e+000 -6.189223e-001 5.763055e-001 -9.506245e-001 -2.453768e-001 -6.996815e-001 -1.200172e-002 1.954706e-001 
7.407472e+000 5.147973e-001 -8.431024e+000 4.479966e+000 -4.973752e+000 1.901434e+000 -5.115271e+000 1.864601e+000 -4.830102e+000 -4.991644e-001 -2.208004e+000 2.361603e+000 -2.804621e+000 -6.733380e-001 -1.878722e+000 -1.581914e+000 -1.625235e+000 -2.064926e-001 6.650701e-002 -4.698339e-001 -3.418988e-001 -1.913851e+000 1.259388e+000 -1.284613e-002 1.476385e+000 -1.604018e+000 7.311672e-001 -3.161497e-001 1.134598e+000 -4.031161e-001 8.636263e-002 -9.093729e-001 -4.218425e-001 -1.317225e+000 -9.766791e-002 7.771964e-001 
7.668625e+000 5.581005e+000 -8.180685e+000 3.559652e+000 -3.249117e+000 2.424854e+000 -5.574609e+000 5.265716e-002 -5.527291e+000 -1.496553e+000 -2.389193e+000 1.628527e+000 -1.748089e+000 -1.671658e+000 -1.943647e+000 -1.243552e+000 -1.222530e+000 1.201960e-001 9.476460e-001 -1.311119e-001 6.823066e-002 -6.332163e-001 1.775427e+000 6.729537e-001 2.441631e+000 -4.489154e-001 1.700246e+000 8.334690e-001 1.141363e+000 -4.215885e-001 2.424244e-001 -3.080069e-001 -1.500732e-001 -8.562961e-001 1.023994e-001 3.556685e-001 
6.860291e+000 1.012478e+001 -9.973900e+000 1.498554e+000 7.982237e-001 4.187798e+000 -5.610351e+000 -2.602946e+000 -4.969101e+000 -1.569297e+000 -3.302516e+000 1.972534e-001 -1.953018e+000 -3.636192e+000 -2.455582e+000 -3.716474e-001 -1.144333e+000 -1.412141e+000 -1.029652e-002 6.724960e-001 -2.270776e-001 -1.172741e+000 2.311663e+000 9.724125e-001 7.963069e-001 -6.500207e-001 1.668504e+000 6.772578e-001 -3.028288e-001 -3.260751e-002 3.969545e-001 -2.157735e-001 -3.749255e-001 -6.524057e-001 5.954622e-002 2.786174e-001 
1.006912e+001 1.076979e+001 -1.101166e+001 9.993983e-001 1.082490e+000 6.378795e+000 -5.955756e+000 -3.671765e+000 -2.299087e+000 1.020211e+000 -4.277910e+000 8.220073e-001 -1.439609e+000 -3.756153e+000 -3.226851e+000 -1.097930e+000 -1.174619e+000 -2.465023e+000 3.307519e-001 1.407624e+000 -8.468158e-001 -1.782024e+000 2.899879e+000 -2.548839e-001 1.332986e+000 -8.541251e-003 2.287745e+000 1.306313e+000 -9.571347e-001 -2.346338e-002 2.620924e-001 -6.174983e-001 -1.243345e+000 -1.112044e+000 -3.803807e-001 7.321936e-001 
1.310985e+001 7.749634e+000 -1.160517e+001 -7.329198e-001 2.676435e+000 3.122052e+000 -6.767073e+000 -4.763549e+000 -2.645100e+000 1.085755e-001 -3.574364e+000 -6.044075e-001 -5.227662e-001 -4.643818e+000 -3.308240e+000 -1.416870e+000 -1.905199e+000 -2.141471e+000 -6.439313e-001 3.280656e-001 -8.814344e-001 -1.771980e+000 2.430989e+000 1.074035e-001 6.993669e-001 8.017922e-001 1.824868e+000 1.412291e+000 -1.142845e+000 4.027305e-001 -3.421187e-001 -2.383044e-001 -1.801207e+000 -1.137099e+000 -4.975910e-001 4.552677e-001 
1.388753e+001 8.535677e+000 -1.288656e+001 1.473021e+000 2.261943e+000 4.795336e+000 -8.555633e+000 -3.363812e+000 -2.908405e+000 6.979306e-001 -3.411047e+000 4.283032e-001 -5.118693e-001 -3.441568e+000 -2.074135e+000 2.210494e-001 -1.706908e+000 -2.438464e+000 -7.524858e-001 5.747593e-001 -8.576889e-001 -7.888969e-001 3.407253e+000 -5.403956e-001 1.641073e+000 9.790297e-001 1.829189e+000 8.409933e-001 -1.611406e-001 1.824048e-001 -7.332910e-002 4.111686e-002 -1.146935e+000 -1.231633e+000 -4.394046e-001 6.836080e-001 
1.407086e+001 7.972558e+000 -1.242805e+001 8.064135e-001 3.669161e+000 2.103993e+000 -6.922786e+000 -3.778788e+000 -2.821907e+000 -4.776202e-001 -3.124086e+000 -7.284013e-001 -8.294532e-001 -3.648683e+000 -1.930187e+000 -3.825301e-001 -1.721697e+000 -3.145622e+000 -1.135111e+000 -1.574004e-001 -7.387266e-001 -8.838680e-001 2.420611e+000 -2.780184e-001 9.895213e-001 1.064882e+000 1.296140e+000 1.132262e+000 -1.249450e+000 4.731103e-001 -5.280990e-001 -3.063183e-001 -9.977479e-001 -9.880324e-001 -1.064844e+000 8.747383e-001 
1.340909e+001 9.657708e+000 -1.362969e+001 2.717051e+000 1.920354e+000 3.798473e+000 -8.520407e+000 -3.131472e+000 -3.675375e+000 5.492966e-001 -3.344134e+000 -2.058394e-001 -1.266348e+000 -3.381696e+000 -1.512326e+000 -6.951283e-001 -8.587397e-001 -2.823946e+000 -1.244181e+000 -3.307205e-001 -3.231977e-001 -7.728027e-001 2.889976e+000 -4.927278e-001 1.259230e+000 1.068534e+000 2.073998e+000 1.092970e+000 -1.404205e+000 6.899495e-001 -4.201572e-001 -1.730997e-001 -3.523433e-001 -1.028729e+000 -1.302385e+000 6.990165e-001 
1.418641e+001 8.872437e+000 -1.340461e+001 3.032495e+000 1.959079e+000 3.398670e+000 -7.600992e+000 -4.058779e+000 -3.515485e+000 -3.703041e-001 -3.299775e+000 -7.464735e-001 -1.028989e+000 -2.579517e+000 -6.272206e-001 -1.007006e+000 -2.324369e-001 -3.732772e+000 -2.067735e+000 -9.998662e-001 -7.063218e-001 -1.193189e-001 2.861407e+000 -3.285673e-001 8.318708e-001 1.238454e+000 1.302058e+000 1.078828e+000 -1.870351e+000 7.118768e-001 -7.420163e-001 3.259669e-001 -3.988532e-001 -7.925919e-001 -1.391974e+000 4.150999e-001 
1.466325e+001 9.512534e+000 -1.267646e+001 2.622841e+000 1.455146e+000 3.221505e+000 -7.868392e+000 -3.566774e+000 -3.935136e+000 -4.819821e-001 -3.047190e+000 -5.051521e-001 -4.189751e-001 -2.680232e+000 -1.807024e+000 -1.038639e+000 -5.421049e-001 -3.090011e+000 -1.253009e+000 -1.711405e+000 -6.913273e-001 -1.194480e+000 2.790413e+000 -2.061191e-001 2.348239e-001 1.175162e+000 8.308685e-001 1.370311e+000 -1.910138e+000 2.555180e-001 -4.741220e-001 -3.004408e-001 -6.352836e-001 -4.899949e-001 -1.352699e+000 6.077616e-001 
1.392985e+001 8.249865e+000 -1.150708e+001 1.119770e+000 1.800052e+000 2.627484e+000 -7.386637e+000 -3.640105e+000 -4.480687e+000 -8.645785e-002 -3.154182e+000 -4.685968e-001 2.083738e-002 -2.429137e+000 -1.363316e+000 -3.393768e-001 -1.235648e+000 -2.545056e+000 -1.944108e+000 -1.063061e+000 1.543686e-001 -1.134056e+000 3.008706e+000 3.854691e-001 -1.877295e-001 1.509986e+000 1.450172e+000 1.458325e+000 -9.679725e-001 -7.840938e-001 2.626776e-001 -4.630137e-001 -4.018448e-001 -2.985400e-001 -1.446895e+000 6.201313e-001 
1.341677e+001 9.928595e+000 -1.348978e+001 2.253708e+000 -4.689017e-001 3.074695e+000 -8.205049e+000 -2.306866e+000 -4.979457e+000 6.301697e-001 -2.967459e+000 -1.355556e+000 1.107088e-001 -4.190987e+000 -1.108761e+000 -1.403947e+000 -8.645611e-001 -3.226666e+000 -1.860500e+000 -6.612256e-001 -7.340762e-003 -9.594453e-001 1.721368e+000 3.250229e-001 -2.103354e-001 1.106593e+000 1.592137e+000 1.752545e+000 -1.133369e+000 -6.186522e-001 -1.566862e-001 -4.489399e-001 -6.129073e-001 -4.028931e-001 -1.281880e+000 -1.493689e-001 
1.313938e+001 1.062778e+001 -1.293909e+001 1.804527e+000 1.635994e+000 3.668612e+000 -8.098270e+000 -3.161685e+000 -3.973945e+000 -5.478365e-001 -2.801920e+000 -1.821523e+000 -3.549223e-001 -2.587754e+000 9.090506e-001 -7.024673e-001 -1.520469e+000 -3.311599e+000 -2.464719e+000 -4.526670e-002 1.789277e-001 -1.564503e+000 2.353231e+000 6.216643e-001 2.928837e-001 9.534868e-001 7.906432e-001 1.620240e+000 -1.186769e+000 -2.704918e-001 -4.722499e-001 -2.216509e-003 8.011020e-002 1.501668e-001 -1.626382e+000 -6.495339e-001 
1.355538e+001 1.112781e+001 -1.214557e+001 5.240393e-001 2.355449e+000 3.348934e+000 -7.402074e+000 -2.824117e+000 -4.186547e+000 -3.559812e-001 -1.709177e+000 -1.344778e+000 -1.496354e-001 -2.710249e+000 3.927411e-001 -5.009103e-001 -1.740415e+000 -2.802745e+000 -2.088638e+000 -7.388006e-001 6.788391e-002 -1.045236e+000 2.007028e+000 5.922370e-001 9.605698e-003 1.320613e+000 9.381562e-001 1.082616e+000 -9.968883e-001 -2.733417e-001 -7.475767e-001 -9.000107e-001 4.805362e-001 -1.951603e-001 -2.027970e+000 1.451761e-001 
1.318017e+001 1.280092e+001 -1.369231e+001 7.164298e-001 6.031458e-001 4.476235e+000 -8.543076e+000 -2.208591e+000 -4.897536e+000 -2.739467e-001 -2.135394e+000 -9.431020e-001 6.538578e-001 -4.081656e+000 -7.332227e-001 -1.223977e+000 -9.465849e-001 -3.289819e+000 -7.187423e-001 -9.414962e-001 -8.031782e-001 -9.107014e-001 1.965459e+000 9.682669e-001 2.990341e-001 1.290439e+000 6.732576e-001 1.334479e+000 -5.775188e-001 2.335362e-001 -1.019093e+000 -7.398968e-001 2.407309e-001 -3.310091e-001 -1.874048e+000 4.957442e-001 
