-2.761455e+001 1.571123e+001 1.021133e+000 8.804237e-001 -3.477733e-002 -2.192219e+000 -3.358539e-001 -1.200400e+000 2.159624e-001 -1.147726e+000 1.510229e+000 -6.981868e-001 8.964648e-001 -5.522245e-001 -1.236498e+000 -1.554800e+000 -9.014832e-001 1.794408e-002 -1.654044e+000 -2.003506e+000 -1.657093e+000 -2.644313e-001 1.616046e-001 -1.186042e-001 -1.023586e-001 -9.809449e-001 -9.292309e-001 -5.256341e-001 1.713027e-001 -5.006554e-002 1.253903e-001 4.729526e-002 3.858822e-001 1.162999e+000 8.190352e-001 4.256194e-001 
-2.788342e+001 1.523471e+001 1.965178e-001 6.388199e-001 8.530702e-002 -1.403508e+000 6.567143e-001 -1.533252e+000 2.288754e-001 -2.450756e+000 2.076174e+000 4.853903e-001 1.210606e+000 -3.370093e-001 -1.801657e+000 -8.086885e-001 -1.105794e+000 4.756147e-001 -1.630355e+000 -1.902504e+000 -1.424766e+000 1.854917e-001 3.267449e-001 -2.216661e-001 1.165678e-001 -1.032509e+000 -6.089891e-001 -5.478871e-001 -2.100942e-001 -2.270951e-001 1.298396e-001 7.889281e-001 -5.008190e-002 1.044819e+000 5.929814e-001 3.839038e-001 
-1.881576e+001 1.387967e+001 -7.367355e+000 3.360294e+000 3.273306e+000 -1.668071e+000 5.674273e-001 -1.205599e+000 -3.195288e-001 -9.242091e-001 2.160265e+000 -1.193698e+000 1.187078e+000 -3.726943e-001 -9.938779e-001 2.815364e-001 -6.690758e-001 -4.635259e-001 -1.765039e+000 -6.280233e-001 -1.397413e+000 -7.370206e-001 9.539106e-001 5.463003e-001 -3.878960e-002 -9.994859e-001 -3.429334e-001 2.241904e-003 -1.278217e-001 -3.849087e-002 2.854399e-002 4.535684e-001 3.380856e-001 1.064397e+000 3.033583e-001 6.563897e-001 
-9.433085e+000 1.320868e+001 -1.223357e+001 3.343128e+000 1.020474e+000 1.548131e-001 3.097482e-001 -9.613706e-001 -7.341389e-002 -8.607307e-001 2.523099e+000 -2.541129e+000 8.691963e-001 1.925070e-001 7.138224e-001 4.835617e-001 4.490852e-002 -2.465955e-001 -1.461494e+000 -9.261437e-001 -1.536990e+000 -2.190072e-001 6.705152e-001 1.591199e-001 7.188070e-001 -7.237242e-002 -6.934782e-001 -3.673294e-001 2.827141e-001 3.402420e-001 3.001997e-001 -3.781999e-001 -3.893568e-001 -5.598303e-002 4.277923e-001 1.836814e-003 
-9.585166e+000 1.221370e+001 -5.967973e+000 6.526137e+000 2.126207e+000 1.223859e+000 -4.306324e-001 -3.004651e+000 -1.949495e+000 -1.673995e+000 8.040135e-001 -1.958855e+000 -8.411946e-001 -4.960077e-001 -8.008094e-001 -6.360836e-001 -5.057861e-001 -5.686682e-001 -8.840290e-001 -8.522340e-001 -1.753392e+000 -8.757606e-001 6.717153e-001 -6.376146e-002 -5.095814e-001 -4.904116e-001 -5.555269e-001 -1.817755e-001 9.782600e-003 3.243868e-002 -3.360466e-001 -4.138577e-001 -2.024644e-001 -7.777626e-002 2.617620e-001 -2.221633e-001 
-8.215052e+000 1.766154e+001 -4.646355e+000 6.756793e+000 2.582032e+000 4.132830e-001 -9.647239e-001 -4.048647e+000 -1.608550e+000 -1.041738e+000 1.889963e+000 -3.017306e+000 -2.251264e+000 -4.183234e-001 -2.344972e-001 -1.097961e+000 -1.382403e+000 -1.206727e+000 -1.203381e+000 -6.011051e-001 -1.539216e+000 -1.424935e+000 -5.040743e-001 -3.595810e-001 -6.160434e-001 -1.210517e+000 -8.617461e-001 -4.835777e-002 2.472830e-001 9.133538e-002 -9.242884e-002 2.930839e-001 7.129469e-002 5.964064e-001 7.892007e-001 -5.857433e-002 
-4.157973e+000 1.677122e+001 -3.862182e+000 5.953213e+000 4.819558e+000 1.117843e+000 -3.106721e+000 -5.720654e+000 -2.035180e+000 -7.143321e-001 5.426867e-002 -3.098405e+000 -4.198701e+000 -1.295074e+000 3.352874e-001 -1.073223e+000 -2.889911e+000 -2.005750e+000 -6.769854e-001 -1.081188e+000 -2.351608e+000 -1.663186e+000 6.166259e-002 -1.036326e+000 -8.950999e-001 -7.974007e-002 -6.199781e-001 -3.425607e-001 -4.152232e-001 -2.497588e-001 4.580149e-001 4.643790e-001 -3.663884e-001 -1.004705e-001 9.463251e-001 3.131906e-001 
-5.526748e-001 1.720739e+001 -4.697827e+000 5.751218e+000 5.050499e+000 3.245368e-001 -4.312864e+000 -5.172321e+000 -5.497446e-001 -1.564198e+000 -2.259030e+000 -4.798644e+000 -5.534059e+000 -1.305151e+000 1.576239e+000 -2.415580e-001 -2.966420e+000 -1.371928e+000 -1.654514e-001 -2.131638e+000 -3.202517e+000 -2.251691e+000 -9.537761e-001 -1.432094e+000 -9.079062e-001 -5.639749e-001 -5.823539e-001 8.645324e-001 2.648875e-001 -1.785202e-001 8.055322e-001 2.629746e-001 -1.195274e+000 -8.080536e-001 2.841818e-001 -5.697088e-001 
3.253793e+000 1.842059e+001 -5.686097e+000 7.623723e+000 4.171743e+000 -8.752284e-001 -4.903383e+000 -4.107160e+000 5.367400e-001 -1.999224e+000 -2.575666e+000 -5.193106e+000 -4.639579e+000 -8.948249e-002 2.197246e+000 2.371248e-001 -2.763886e+000 -1.355705e+000 -5.239655e-001 -2.333184e+000 -3.034736e+000 -1.943974e+000 -4.997288e-001 -1.078873e+000 -2.487235e-001 -7.370226e-001 -1.111799e+000 1.072489e+000 4.610253e-001 2.426416e-001 7.488596e-001 -2.632584e-001 -9.483194e-001 -3.824712e-001 8.138313e-001 -5.079641e-001 
7.352667e+000 1.607962e+001 -3.740583e+000 5.532746e+000 4.989465e+000 -6.402795e-001 -5.097439e+000 -3.645753e+000 1.076547e-001 -1.966099e+000 -2.476587e+000 -4.086273e+000 -4.659874e+000 -6.039319e-001 2.235381e+000 6.378039e-001 -1.723506e+000 -1.134211e+000 -1.150401e+000 -2.349598e+000 -2.465931e+000 -1.540682e+000 -6.095379e-001 -9.520378e-001 -4.781959e-001 -9.522436e-001 -6.820568e-001 1.445517e+000 6.962204e-001 2.949155e-001 6.960927e-001 -5.364407e-001 -8.187263e-001 2.607174e-001 3.792794e-001 -7.903874e-001 
6.477481e+000 1.675745e+001 -5.219225e+000 6.830241e+000 3.640703e+000 -5.712771e-001 -5.537459e+000 -4.514071e+000 3.083940e-001 -2.533149e+000 -2.255951e+000 -4.899014e+000 -5.198593e+000 -7.348866e-001 1.501437e+000 9.568929e-001 -1.968633e+000 -1.388417e+000 -1.431970e+000 -2.975587e+000 -2.386941e+000 -1.849136e+000 -8.142277e-001 -9.407166e-001 -5.792601e-001 -1.199219e+000 -7.775297e-001 1.653571e+000 4.439951e-001 1.646187e-001 3.785898e-001 -8.349961e-001 -8.655675e-001 7.755279e-002 7.813371e-001 -7.464717e-001 
5.795040e+000 1.769822e+001 -5.674147e+000 8.455411e+000 3.351302e+000 -4.213132e-001 -5.470535e+000 -4.929432e+000 8.431284e-001 -1.842321e+000 -1.449457e+000 -5.255414e+000 -5.057828e+000 -1.076603e-001 1.590116e+000 1.191763e+000 -1.979174e+000 -1.383344e+000 -1.519723e+000 -2.643329e+000 -1.857290e+000 -1.798879e+000 -3.521300e-001 -6.991388e-001 -5.088423e-001 -1.128644e+000 -1.144134e+000 1.758139e+000 7.165807e-001 4.342239e-001 5.359932e-001 -8.543346e-001 -8.955610e-001 -1.728602e-001 9.315330e-001 -2.256814e-001 
8.491777e+000 1.569640e+001 -4.720887e+000 6.053343e+000 3.281548e+000 -7.116879e-001 -5.127179e+000 -4.442891e+000 -8.240740e-002 -1.999317e+000 -2.315867e+000 -5.133273e+000 -4.570599e+000 -1.475391e-002 1.226008e+000 1.092071e-001 -2.109284e+000 -1.417946e+000 -1.335645e+000 -2.453784e+000 -2.065792e+000 -1.871233e+000 -8.674127e-001 -6.466193e-001 -4.423909e-001 -1.123980e+000 -9.474171e-001 1.409029e+000 7.021554e-001 -1.809695e-002 4.988281e-001 -4.226965e-001 -9.357079e-001 -1.472231e-001 4.864803e-001 -3.368016e-001 
7.635648e+000 1.754798e+001 -5.509515e+000 6.639274e+000 3.355386e+000 -4.251633e-001 -4.908315e+000 -4.811707e+000 1.281305e-001 -1.594614e+000 -1.893309e+000 -4.730018e+000 -4.537162e+000 -3.197341e-002 1.426359e+000 -8.681521e-002 -1.990186e+000 -1.126284e+000 -1.352201e+000 -2.332510e+000 -1.924268e+000 -1.507209e+000 -6.892528e-001 -6.714826e-001 -3.879366e-001 -1.048983e+000 -6.727327e-001 1.414571e+000 6.680505e-001 -1.479121e-001 4.364894e-001 -2.796133e-001 -9.152810e-001 4.196189e-002 5.685490e-001 -4.287232e-001 
4.350736e+000 2.192268e+001 -8.473672e+000 8.816474e+000 2.243614e+000 2.423512e-001 -4.649349e+000 -6.007535e+000 2.132649e+000 -2.890503e+000 -8.338865e-001 -5.435459e+000 -4.362019e+000 6.549916e-001 8.545009e-001 6.937734e-001 -2.377840e+000 -9.607797e-001 -1.558974e+000 -2.409630e+000 -1.185520e+000 -1.875471e+000 -3.644932e-002 -8.206848e-001 -4.180453e-001 -1.021461e+000 -9.439650e-001 2.029167e+000 2.379147e-001 3.039217e-001 5.190543e-001 -5.802739e-001 -5.325822e-001 -3.988620e-001 7.345116e-001 -4.822642e-001 
7.686531e+000 1.663798e+001 -4.798350e+000 4.971481e+000 2.443759e+000 1.880664e-001 -5.223235e+000 -5.632915e+000 2.224899e-002 -1.842988e+000 -2.836409e+000 -5.686731e+000 -4.380610e+000 9.833703e-002 5.113214e-001 -2.293303e-001 -2.248202e+000 -1.959906e+000 -1.495631e+000 -2.422235e+000 -2.222139e+000 -1.964868e+000 -8.291829e-001 -8.501313e-001 -7.460584e-001 -1.025574e+000 -7.946295e-001 1.028711e+000 3.123088e-001 6.711452e-002 4.289837e-001 -5.818858e-001 -7.826479e-001 -2.713924e-001 2.508887e-001 -2.291856e-001 
8.107615e+000 1.717298e+001 -4.510056e+000 5.989147e+000 3.251887e+000 2.663714e-001 -4.569291e+000 -4.753027e+000 1.891858e-001 -1.264812e+000 -2.029481e+000 -4.970785e+000 -4.077071e+000 4.594573e-001 1.279296e+000 1.199153e-001 -1.573853e+000 -1.461285e+000 -1.117986e+000 -1.796754e+000 -2.068431e+000 -1.484759e+000 -5.301091e-001 -5.302018e-001 -4.436569e-001 -9.549174e-001 -4.058377e-001 1.397633e+000 7.682428e-001 -2.358767e-003 4.883909e-001 -1.918570e-001 -8.550374e-001 -7.450566e-002 3.178994e-001 -1.812089e-001 
6.276853e+000 1.818013e+001 -5.448678e+000 6.720908e+000 2.818112e+000 4.969630e-001 -5.266636e+000 -4.950941e+000 1.943999e-001 -1.725846e+000 -2.089574e+000 -5.685890e+000 -4.082454e+000 3.102427e-002 1.377931e+000 9.936804e-002 -1.931606e+000 -1.043801e+000 -1.621231e+000 -2.081373e+000 -2.207121e+000 -1.797006e+000 -7.340475e-001 -7.859229e-001 -3.852872e-001 -1.077866e+000 -5.085775e-001 1.388891e+000 7.723631e-001 -2.139231e-001 3.896250e-001 -1.244847e-001 -1.092164e+000 2.170375e-002 2.908998e-001 -2.251501e-001 
8.844012e+000 2.059302e+001 -3.661698e+000 4.604765e+000 3.277258e+000 1.453117e+000 -2.514738e+000 -3.588356e+000 9.186715e-001 -4.462755e-002 -4.949142e-001 -2.349257e+000 -1.972402e+000 6.732868e-001 1.098302e+000 2.955798e-002 -1.106692e+000 6.254427e-002 -2.649152e-001 -1.181303e+000 -1.056340e+000 -1.229848e+000 -2.592416e-001 -1.811756e-001 2.998052e-001 1.804936e-002 -4.711042e-001 1.149299e+000 4.005939e-001 -3.689001e-001 7.861033e-001 4.682109e-001 -3.274178e-001 -5.562335e-003 1.022482e-001 -3.859257e-001 
-1.754277e+001 1.840162e+001 -8.381931e-001 6.718478e-001 2.983472e+000 1.116172e+000 -1.619283e+000 -2.591629e+000 7.885347e-001 6.165756e-001 8.631826e-001 -9.862145e-001 -4.359066e-001 3.598856e-001 6.444778e-001 -5.975821e-001 -8.254023e-001 1.248498e-001 -3.920267e-001 -2.495315e-001 -4.688124e-001 -2.896772e-001 4.509240e-001 1.375553e-001 6.788526e-002 -3.311293e-001 -7.915520e-001 -6.441103e-002 1.623069e-001 -3.086331e-001 3.049157e-001 -5.165420e-002 -8.854355e-002 1.954906e-001 2.339658e-001 5.818288e-001 
-2.856576e+001 1.487729e+001 6.423896e-001 2.017308e-001 1.603944e-001 -1.539985e+000 1.451040e-001 -1.360427e+000 1.216350e-001 -2.291161e+000 2.030352e+000 5.075713e-001 1.136107e+000 -3.379067e-001 -1.877630e+000 -1.330625e+000 -6.704713e-001 5.546708e-001 -1.567722e+000 -2.076990e+000 -1.241511e+000 -2.134645e-002 2.344025e-001 -2.478811e-001 1.604643e-001 -1.121725e+000 -6.089893e-001 -4.227581e-001 -3.740899e-001 -2.657001e-001 2.668459e-001 2.948748e-001 9.930256e-002 9.922557e-001 7.317804e-001 3.788976e-001 
-2.171762e+001 1.359515e+001 -5.663470e+000 2.832698e+000 2.943159e+000 -2.066032e+000 6.045396e-001 -1.386605e+000 -2.941806e-001 -1.314089e+000 2.114165e+000 -5.818425e-001 1.286802e+000 -1.969630e-001 -1.290935e+000 1.298703e-001 -8.644026e-001 -4.734452e-001 -1.585635e+000 -7.566096e-001 -1.471842e+000 -1.011492e+000 1.159349e+000 6.072017e-001 -4.043763e-001 -1.416192e+000 -3.464006e-001 -6.220610e-002 -4.284488e-002 -2.428517e-001 -1.202995e-001 6.334380e-001 5.208885e-001 1.131186e+000 2.615413e-001 7.114941e-001 
-1.072683e+001 1.359283e+001 -1.281766e+001 2.979987e+000 1.479863e+000 -4.133861e-001 8.093075e-001 -1.104051e+000 7.023956e-001 -1.088230e+000 3.074564e+000 -2.608896e+000 7.580526e-001 6.191332e-001 -9.573934e-002 1.159331e+000 -1.049108e+000 4.567509e-001 -2.044392e+000 -7.267967e-001 -1.465763e+000 -6.705199e-001 9.253937e-001 -4.214951e-001 1.281906e+000 -3.993001e-001 -3.053485e-001 -5.375816e-001 4.171967e-001 4.871336e-001 -3.770572e-002 1.419762e-001 -1.142990e+000 4.283739e-001 -5.692811e-002 1.910592e-001 
-1.065745e+001 1.269105e+001 -7.388436e+000 6.856751e+000 1.982389e+000 1.300118e+000 -2.488059e-002 -3.119814e+000 -1.203781e+000 -2.209262e+000 1.052365e+000 -2.472204e+000 -8.099392e-001 -7.428966e-001 -7.980112e-001 -5.745775e-002 -8.946145e-001 -2.722494e-002 -1.275110e+000 -8.078285e-001 -1.655357e+000 -9.084441e-001 1.368022e+000 6.501331e-002 -1.511761e-001 -5.804970e-001 -5.305155e-001 -1.688908e-001 -8.735102e-002 2.061439e-001 -2.454014e-001 -3.905941e-001 -7.903795e-002 -5.882275e-002 1.475036e-001 -2.267864e-001 
-8.320359e+000 1.648857e+001 -4.367078e+000 5.856860e+000 2.873507e+000 1.958400e-001 -1.300454e+000 -3.433021e+000 -2.189899e+000 -1.138131e+000 1.797348e+000 -2.748154e+000 -2.318599e+000 2.953834e-001 -7.639109e-001 -1.309099e+000 -8.148263e-001 -1.268487e+000 -9.047993e-001 -5.281940e-001 -1.805661e+000 -1.421057e+000 -1.528496e-001 -5.462952e-001 -4.714921e-001 -1.280130e+000 -1.197011e+000 1.789819e-001 4.937807e-001 -1.646288e-001 -2.484487e-001 1.558519e-001 5.417881e-002 4.851278e-001 7.194688e-001 -1.781307e-001 
-6.822761e+000 1.962661e+001 -5.991550e+000 7.164932e+000 3.515905e+000 1.061899e+000 -2.165023e+000 -6.674810e+000 -9.765109e-001 -1.941359e+000 1.133240e+000 -3.668590e+000 -3.893359e+000 -1.069614e+000 -2.210043e-001 -5.791954e-001 -3.293143e+000 -1.719648e+000 -1.191399e+000 -9.258432e-001 -2.349454e+000 -1.669515e+000 2.984260e-001 -1.339881e+000 -9.925681e-001 -1.317029e-001 -7.039134e-001 -2.375857e-001 -5.685883e-001 -7.681098e-002 3.167860e-001 3.691632e-001 -1.593986e-001 -2.025558e-001 9.997759e-001 2.264688e-001 
-4.688553e+000 2.091050e+001 -7.132221e+000 8.397039e+000 4.953876e+000 2.092594e-001 -3.326139e+000 -6.924542e+000 1.603186e+000 -2.784133e+000 -1.791245e-001 -5.529352e+000 -5.412455e+000 -1.059841e+000 1.412495e+000 7.538471e-001 -3.685676e+000 -9.350119e-001 -1.437487e-001 -1.954467e+000 -2.223819e+000 -2.745225e+000 -3.729501e-001 -1.954961e+000 -8.198994e-001 -1.281995e-001 -6.022615e-001 1.457518e+000 -2.515434e-001 3.766524e-002 7.725513e-001 2.417112e-001 -7.690381e-001 -1.133670e+000 7.101627e-001 -7.560937e-001 
2.792620e+000 1.829220e+001 -5.110528e+000 7.433061e+000 4.713331e+000 -5.195264e-001 -4.432700e+000 -4.242803e+000 3.839928e-001 -1.973432e+000 -2.299212e+000 -4.740484e+000 -4.637568e+000 -9.247138e-002 2.220041e+000 5.294279e-002 -2.563997e+000 -1.004646e+000 -1.848469e-001 -2.141413e+000 -3.219814e+000 -2.035677e+000 -3.801837e-001 -1.092631e+000 -1.701965e-001 -5.410379e-001 -8.979369e-001 1.218202e+000 5.094376e-001 -2.530970e-002 6.858077e-001 3.167053e-002 -1.029597e+000 -3.552349e-001 8.592858e-001 -5.623735e-001 
3.503721e+000 2.031792e+001 -7.346946e+000 8.262939e+000 3.358697e+000 -2.293626e-001 -5.212210e+000 -4.663917e+000 1.171670e+000 -2.989294e+000 -1.413838e+000 -4.957831e+000 -4.551035e+000 -7.043594e-001 1.959308e+000 1.079022e+000 -2.334206e+000 -7.596728e-001 -1.260094e+000 -2.544428e+000 -2.430312e+000 -1.767952e+000 -3.323307e-001 -1.245982e+000 -3.288278e-001 -9.948150e-001 -8.139820e-001 1.678529e+000 4.292855e-001 3.572430e-001 5.405027e-001 -6.058904e-001 -7.779550e-001 1.594824e-001 6.618828e-001 -7.754640e-001 
3.319862e+000 2.042554e+001 -7.764374e+000 9.477627e+000 2.943140e+000 7.473822e-002 -5.050581e+000 -5.475862e+000 1.870883e+000 -3.175311e+000 -9.034756e-001 -5.345230e+000 -5.215088e+000 -2.577078e-001 1.486770e+000 1.965283e+000 -1.905449e+000 -8.586620e-001 -1.559086e+000 -3.376844e+000 -1.804487e+000 -1.790459e+000 -2.004587e-001 -1.099508e+000 -5.199196e-001 -1.153759e+000 -1.063982e+000 2.204792e+000 6.059469e-001 5.882683e-001 3.655180e-001 -1.040952e+000 -6.294807e-001 -2.760914e-001 1.226352e+000 -8.593402e-001 
4.928107e+000 1.913157e+001 -6.245573e+000 8.693772e+000 3.063245e+000 2.712508e-002 -5.206314e+000 -4.914965e+000 1.437878e+000 -2.222314e+000 -1.213309e+000 -5.012377e+000 -4.770360e+000 -1.302499e-002 1.780354e+000 1.425379e+000 -2.301388e+000 -9.627495e-001 -1.146721e+000 -2.739125e+000 -1.486190e+000 -1.822057e+000 -4.623008e-001 -6.623038e-001 -3.244227e-001 -1.020145e+000 -1.065919e+000 1.969844e+000 5.918790e-001 4.684148e-001 6.458265e-001 -6.670320e-001 -7.833984e-001 -2.646402e-001 1.008678e+000 -5.477975e-001 
7.222596e+000 1.648833e+001 -5.001561e+000 7.001830e+000 3.306387e+000 -4.766829e-001 -5.368380e+000 -4.528034e+000 4.917961e-001 -1.964264e+000 -2.045425e+000 -5.215809e+000 -4.823815e+000 3.777505e-002 1.593739e+000 5.330181e-001 -2.085115e+000 -1.264191e+000 -1.566369e+000 -2.619341e+000 -1.772621e+000 -1.831174e+000 -6.973466e-001 -5.648099e-001 -4.250452e-001 -1.057426e+000 -1.070067e+000 1.486442e+000 7.808759e-001 1.078992e-001 5.342853e-001 -5.338799e-001 -1.048004e+000 -1.154200e-001 7.580972e-001 -3.243965e-001 
5.051927e+000 1.997930e+001 -7.655196e+000 8.855790e+000 2.400494e+000 7.299170e-002 -5.444870e+000 -5.085841e+000 8.778057e-001 -1.971080e+000 -8.933234e-001 -5.523957e+000 -4.387344e+000 -4.438185e-001 1.440289e+000 7.364673e-001 -2.047801e+000 -8.315169e-001 -1.973464e+000 -2.260400e+000 -2.033535e+000 -1.428481e+000 -2.438061e-001 -7.071156e-001 -3.779670e-001 -1.407078e+000 -6.965285e-001 1.511181e+000 9.925576e-001 6.377038e-002 2.168094e-001 -3.788381e-001 -1.227689e+000 2.319063e-001 7.501005e-001 -1.342999e-001 
8.523223e+000 1.642504e+001 -3.804725e+000 5.143879e+000 3.949493e+000 -2.803173e-001 -4.981108e+000 -4.632866e+000 1.961756e-001 -1.168944e+000 -2.210450e+000 -4.518599e+000 -4.296861e+000 1.983956e-001 1.451576e+000 -1.388673e-001 -1.654437e+000 -1.393928e+000 -1.350019e+000 -2.005791e+000 -1.782804e+000 -1.391271e+000 -5.700505e-001 -4.878863e-001 -5.605150e-001 -1.127942e+000 -5.068050e-001 1.459732e+000 6.701871e-001 1.075193e-001 5.735170e-001 -4.012641e-001 -7.879059e-001 7.453035e-003 3.110326e-001 -3.491140e-001 
6.753675e+000 1.756356e+001 -5.236291e+000 5.689427e+000 2.249809e+000 3.550432e-001 -5.210355e+000 -5.692780e+000 3.915430e-001 -1.930048e+000 -2.542338e+000 -5.648968e+000 -4.335861e+000 2.163656e-001 6.388635e-001 4.025694e-002 -2.244115e+000 -1.893263e+000 -1.450275e+000 -2.344018e+000 -2.043733e+000 -1.972532e+000 -6.618779e-001 -8.882123e-001 -6.946762e-001 -9.341422e-001 -8.008908e-001 1.144631e+000 2.727270e-001 1.625401e-001 4.934872e-001 -5.743444e-001 -7.208333e-001 -3.679061e-001 3.664541e-001 -2.169845e-001 
6.016508e+000 1.879148e+001 -6.238404e+000 7.254800e+000 1.856047e+000 6.375982e-001 -4.976048e+000 -5.528880e+000 3.495080e-001 -1.690385e+000 -1.528470e+000 -5.942367e+000 -4.241551e+000 2.717336e-001 1.122016e+000 1.735804e-001 -1.934023e+000 -1.365297e+000 -1.603507e+000 -2.121847e+000 -2.220318e+000 -1.446912e+000 -4.879052e-001 -9.171456e-001 -4.748217e-001 -1.162446e+000 -5.362027e-001 1.258814e+000 8.012547e-001 6.787088e-002 2.971563e-001 -3.248121e-001 -9.858756e-001 -3.334652e-003 3.230193e-001 -7.716027e-002 
7.927797e+000 1.635368e+001 -3.956072e+000 4.725663e+000 3.375532e+000 -1.301818e-001 -4.748414e+000 -4.889495e+000 -3.537488e-001 -1.434906e+000 -2.750322e+000 -5.079201e+000 -4.223436e+000 1.887159e-001 1.254271e+000 -5.309522e-001 -1.852981e+000 -1.304705e+000 -1.368141e+000 -2.098431e+000 -2.252144e+000 -1.789902e+000 -9.231570e-001 -7.062895e-001 -4.702472e-001 -9.604417e-001 -4.778176e-001 1.212854e+000 5.409842e-001 -1.897231e-001 3.898945e-001 -2.028956e-001 -7.978388e-001 -6.481009e-002 2.283139e-001 -3.177733e-001 
