6.796327e+000 1.698784e+001 -5.369090e+000 1.280383e+000 -2.748695e+000 1.708568e+000 -3.718179e+000 -1.467590e+000 -7.645040e-001 -3.672277e+000 -1.730356e+000 -1.240469e+000 -5.410984e-001 -9.509802e-001 -1.695746e-001 -2.176750e+000 -3.642102e+000 -1.834765e+000 2.803537e-001 -1.042458e+000 -1.905872e+000 -1.294570e+000 -8.810759e-001 -7.679000e-001 -9.376251e-001 -8.847443e-001 -4.917569e-001 5.488358e-002 7.008323e-002 4.302136e-001 3.477726e-001 2.113310e-001 3.252075e-002 -5.309776e-001 -5.964440e-001 3.553947e-001 
2.295214e+000 1.965388e+001 -8.642874e+000 1.860053e+000 -2.320058e+000 1.591809e+000 -2.680414e+000 -2.602587e+000 4.363076e-001 -4.327985e+000 -5.517786e-002 -9.328310e-001 -7.537354e-001 -3.163599e-001 -4.764876e-001 -1.257666e-001 -1.931515e+000 -1.589177e+000 -1.997115e-001 -1.311100e+000 -7.768357e-001 -1.109948e+000 1.371119e-002 -9.882137e-002 -1.513507e+000 -1.290580e+000 -5.822872e-001 2.701631e-001 1.535667e-001 1.141451e+000 1.290120e-001 -4.586008e-001 1.067906e-002 -8.119815e-001 -3.713307e-003 5.042467e-001 
2.324508e+000 1.824229e+001 -8.500409e+000 4.628895e-001 -3.206729e+000 3.750271e-001 -4.259574e+000 -1.873850e+000 -1.118637e-001 -2.978960e+000 -1.298068e+000 -1.115835e+000 -1.675566e+000 -2.998028e+000 -1.989466e+000 -1.108608e+000 -2.287583e+000 -3.302658e+000 4.547738e-002 -9.615055e-001 -4.343600e-001 -1.019164e+000 -6.509775e-001 -4.418156e-001 -1.338085e+000 -6.847708e-001 -7.321715e-001 -2.125508e-001 -1.701613e-001 5.500651e-001 -3.542279e-002 4.653458e-002 -2.624539e-001 -2.939835e-001 -3.022057e-001 9.606476e-001 
2.358964e+000 1.723211e+001 -7.985351e+000 1.756563e+000 -3.500338e+000 1.104027e+000 -3.768016e+000 -2.873443e-001 7.821720e-001 -3.698647e+000 -1.408492e+000 1.208568e-001 -6.680578e-001 -2.677194e+000 -1.634134e+000 -1.762034e+000 -2.129320e+000 -2.506265e+000 9.661173e-001 -3.843057e-001 -1.562224e-001 -9.227248e-001 -1.339298e-002 -2.033059e-001 -7.220183e-001 2.188630e-001 -9.272914e-001 -1.558217e-001 -4.604277e-001 -7.768161e-003 5.736387e-001 3.088541e-001 1.350881e-001 7.350310e-002 -5.887651e-001 7.378459e-001 
9.509411e+000 1.118470e+001 -7.199294e+000 5.112215e+000 -7.154981e+000 5.235824e+000 -5.909598e+000 -1.675503e-001 -7.174524e-001 -2.171644e+000 -8.299756e-001 -9.935308e-001 9.224064e-002 -2.120303e+000 4.971368e-001 -2.568445e+000 -1.682994e+000 -2.427877e+000 3.293627e-001 -5.359031e-002 8.655993e-001 -4.383325e-001 9.866252e-002 -6.734083e-001 -8.748519e-001 -3.777452e-001 -6.790529e-001 9.185011e-002 -4.325332e-002 1.321175e+000 4.745675e-001 3.926527e-001 -2.312986e-001 3.519481e-001 -6.425857e-002 5.704739e-001 
1.239330e+001 5.040816e+000 -7.403320e+000 4.726223e+000 -1.019293e+001 6.220187e+000 -6.566577e+000 3.854893e-001 -1.093212e+000 -4.680042e-001 -1.363431e+000 6.183844e-001 4.151735e-002 -1.667444e+000 -1.812306e-002 -1.271306e+000 -1.562833e+000 -2.602498e+000 -5.047299e-002 -3.223904e-001 2.858178e-001 -1.223197e+000 -2.177114e-001 -1.314257e+000 -1.205188e+000 -7.970319e-001 -3.432418e-002 -4.470544e-001 -4.855183e-001 -7.469142e-002 4.089661e-001 6.585145e-001 -2.366721e-001 -2.915603e-001 -2.395380e-001 1.264628e-001 
1.247729e+001 5.765448e+000 -5.971892e+000 7.755419e+000 -8.440814e+000 7.139726e+000 -4.997311e+000 7.784397e-002 -1.539977e+000 -2.826705e+000 -2.314003e+000 7.935740e-001 1.769419e-001 -2.031252e+000 -1.775489e-001 -1.120216e+000 -1.261134e+000 -1.906407e+000 -1.856839e-002 -5.030491e-001 -1.450866e-001 -1.353483e+000 -1.592729e-002 -1.795684e-001 -5.616366e-001 -1.036436e+000 -4.931554e-001 -5.492137e-001 1.085284e-001 6.503798e-001 7.662654e-001 6.654890e-001 -5.376535e-002 -1.123718e-001 3.648484e-002 2.380752e-001 
1.274145e+001 8.213684e+000 -7.411831e+000 7.190209e+000 -8.426116e+000 4.926285e+000 -5.032845e+000 -1.209987e+000 -1.552561e+000 -2.374628e+000 -1.625378e+000 -2.731216e-001 3.996538e-002 -1.978799e+000 -2.378465e-001 -1.427362e+000 -1.699940e+000 -1.690879e+000 5.816495e-001 7.047673e-001 4.719543e-001 -9.779158e-001 -2.184707e-001 -2.691997e-001 -3.429411e-002 -6.604561e-001 -3.025058e-001 -3.829738e-001 2.993477e-001 1.013092e+000 3.843426e-001 1.831081e-001 -6.634141e-001 1.819199e-001 2.560887e-001 8.489364e-002 
1.139650e+001 1.245493e+001 -6.297217e+000 5.598685e+000 -2.949881e+000 3.850581e+000 -3.769705e+000 -2.416272e+000 -1.943165e+000 -3.014150e+000 -8.088323e-001 4.478066e-001 -1.121167e-001 -2.472294e+000 -2.092226e+000 -2.283675e+000 -2.188887e+000 -1.696908e+000 9.730841e-001 2.721679e-001 -9.732797e-001 -1.024563e+000 3.291812e-001 3.044887e-002 -7.159418e-001 -6.174302e-001 1.242666e-001 4.279415e-001 1.948188e-001 1.008742e-001 -1.821795e-001 2.696802e-001 -2.881076e-001 -4.272248e-001 -3.326264e-001 -2.242164e-001 
1.168068e+001 1.861222e+001 -8.863439e+000 5.167386e+000 -2.046812e+000 3.732490e+000 -4.977503e+000 -3.052752e+000 -7.344310e-002 -4.761549e+000 -2.073423e-002 -7.495230e-001 -1.355629e+000 -2.458398e+000 -9.566198e-001 -7.487213e-001 -1.743242e+000 -2.280699e+000 -7.982941e-002 -1.550454e-001 -2.071438e+000 -9.294857e-002 -1.464550e-001 -9.376352e-001 -1.255630e+000 -3.686404e-001 8.313233e-001 5.751266e-001 -1.746834e-001 3.258575e-001 1.970850e-001 1.620830e-001 2.241251e-001 -4.015209e-001 -4.750294e-001 -5.215986e-002 
1.444042e+001 1.642102e+001 -7.847768e+000 3.852942e+000 -3.478049e-001 2.228802e+000 -6.637662e+000 -3.616476e+000 -1.257430e+000 -5.284766e+000 -4.959132e-001 -1.035165e+000 -2.341689e+000 -2.151073e+000 -1.564607e-002 -6.175008e-001 -2.217028e+000 -3.059106e+000 -6.003892e-001 -9.012996e-002 -2.468129e+000 -7.108859e-001 -1.186609e+000 -1.079611e+000 -9.860480e-001 -1.000906e+000 8.736869e-001 3.508399e-001 4.171427e-002 5.166150e-001 4.519275e-001 -1.554814e-001 -6.839295e-001 -5.133168e-001 5.995681e-002 1.616438e-001 
1.290134e+001 1.798014e+001 -8.929675e+000 6.233926e+000 -9.353528e-001 4.034743e+000 -8.372486e+000 -3.253387e+000 -1.922265e+000 -4.024965e+000 -2.324690e-001 -6.908836e-001 -2.722321e+000 -3.169227e+000 1.171047e+000 -4.994424e-001 -1.153667e+000 -3.944046e+000 2.092623e-001 -5.493315e-001 -1.986054e+000 -4.543602e-001 -1.524377e+000 -1.318233e+000 -9.502637e-001 -2.039306e-001 9.689404e-001 6.830520e-001 -3.271895e-001 3.630721e-001 4.167130e-001 2.657349e-001 -5.364271e-001 -2.939653e-001 -6.103979e-001 2.202673e-001 
1.224136e+001 1.841709e+001 -1.030754e+001 5.953397e+000 -1.313853e+000 3.270077e+000 -8.363051e+000 -3.604915e+000 -1.182390e+000 -4.138806e+000 -8.225576e-001 -2.476394e+000 -1.652980e+000 -3.447882e+000 1.295122e+000 -5.898436e-001 -1.793506e+000 -3.753786e+000 -8.703335e-002 -7.266881e-001 -2.458377e+000 5.837733e-001 -2.106838e+000 -1.466813e+000 -1.308378e+000 -3.358573e-001 3.412718e-001 7.144614e-001 5.377393e-001 2.586539e-001 6.430773e-001 -7.586384e-001 -6.630516e-001 -5.182216e-001 4.065939e-001 1.344141e-001 
1.443671e+001 1.477115e+001 -6.975185e+000 4.535644e+000 1.712366e+000 1.639151e+000 -7.143597e+000 -3.808621e+000 -1.163733e+000 -3.919364e+000 -1.457609e+000 -1.637178e+000 -1.922928e+000 -2.161137e+000 7.082560e-001 6.569533e-002 -2.211399e+000 -2.707283e+000 2.238953e-001 -5.548687e-001 -2.738069e+000 -7.708517e-001 -1.542777e+000 -9.713997e-001 -7.146624e-001 -3.277472e-001 4.110146e-001 4.314131e-001 5.237053e-001 1.756664e-001 7.599971e-001 -2.749754e-001 -6.168699e-001 -3.579374e-001 -1.278210e-001 1.410421e-001 
1.292777e+001 1.761233e+001 -9.024744e+000 5.727981e+000 8.541399e-001 2.893485e+000 -7.519871e+000 -3.001084e+000 -1.203605e+000 -4.370689e+000 -1.264717e+000 -1.844060e+000 -1.345392e+000 -2.116767e+000 1.512896e+000 -6.234933e-001 -1.513721e+000 -1.991611e+000 6.938188e-001 -1.840595e-001 -3.194529e+000 -6.844616e-001 -2.132535e+000 -6.379326e-001 -8.160493e-001 3.023801e-001 8.334574e-001 4.383875e-001 4.271994e-001 9.034887e-004 8.796499e-001 -2.672465e-001 5.292394e-004 -2.811860e-001 -4.282299e-001 -1.853816e-001 
1.448904e+001 1.490540e+001 -7.509545e+000 2.949468e+000 1.661942e+000 1.265342e+000 -6.732366e+000 -3.178854e+000 -1.402959e+000 -4.445000e+000 -2.090092e+000 -1.458716e+000 -1.653708e+000 -1.089416e+000 1.305646e+000 -6.630792e-001 -2.753424e+000 -2.424976e+000 7.203142e-001 -2.820693e-001 -2.553228e+000 -6.391036e-001 -1.633879e+000 -1.051146e+000 -5.934408e-001 -6.929266e-001 5.668532e-001 4.811873e-001 5.909133e-001 6.239835e-001 8.742362e-001 3.726803e-002 -8.727570e-001 -3.170066e-001 -1.682161e-001 -1.033172e-001 
1.389429e+001 1.573541e+001 -8.590482e+000 4.302635e+000 1.541245e+000 3.036603e+000 -7.713538e+000 -2.825104e+000 -1.516407e+000 -4.521218e+000 -1.784014e+000 -1.398977e+000 -2.037133e+000 -1.716146e+000 1.694367e+000 -6.402910e-001 -1.896271e+000 -2.332259e+000 4.826484e-001 -9.527737e-001 -2.799094e+000 -1.018597e+000 -2.071554e+000 -2.000898e-001 -4.126513e-001 -5.824733e-001 4.130453e-001 2.642705e-001 6.402179e-001 6.242625e-001 7.789038e-001 -3.348099e-001 -9.633191e-001 -2.449259e-001 8.427838e-002 4.234513e-001 
1.426373e+001 1.743090e+001 -9.207438e+000 4.681420e+000 3.144704e-001 1.668423e+000 -8.414347e+000 -3.044739e+000 -5.626302e-001 -3.873324e+000 -5.073958e-001 -1.686899e+000 -2.454943e+000 -2.445831e+000 1.544830e+000 -1.132450e+000 -2.274825e+000 -2.239766e+000 1.617165e-001 -4.264905e-001 -2.816285e+000 -3.732482e-001 -1.658650e+000 -5.823704e-001 -7.504049e-001 -7.515364e-001 1.684425e-005 1.946053e-001 8.438437e-001 6.900825e-001 8.106200e-001 -6.253090e-001 -4.464073e-001 -4.645468e-001 2.085196e-001 3.704379e-001 
1.547846e+001 1.743163e+001 -6.536423e+000 3.767099e+000 1.453605e+000 2.058713e+000 -5.837289e+000 -1.290367e+000 -1.876337e-002 -2.428455e+000 1.369956e-001 -8.667581e-001 -2.024202e+000 -1.341311e+000 1.901411e+000 9.414244e-002 -1.544070e+000 -1.940744e+000 2.441270e-001 2.445369e-001 -1.452445e+000 8.403197e-001 6.397385e-002 -4.302487e-001 -7.717022e-001 -7.043026e-001 3.108111e-001 2.380177e-001 9.975972e-001 5.529659e-001 3.839922e-001 -1.291745e-001 -3.802642e-001 -3.732042e-001 -4.175046e-001 1.390547e-001 
5.684485e+000 1.685619e+001 -6.261479e+000 2.269895e+000 -3.304056e+000 4.410540e+000 -3.968550e+000 -5.892392e-001 -7.021480e-001 -3.900669e+000 -2.620205e+000 -1.761566e+000 -6.362698e-001 -2.054333e+000 1.576959e-001 -1.874474e+000 -3.073928e+000 -3.178268e+000 -3.505464e-001 -1.016486e+000 -8.235594e-001 -7.406342e-001 -8.917091e-001 -1.376034e+000 -1.367903e+000 -1.154541e+000 -7.175384e-001 -2.851863e-001 -3.925429e-001 5.513216e-001 3.833865e-001 4.451544e-001 4.539499e-002 -1.593268e-001 -3.577191e-001 4.391566e-001 
2.976546e+000 1.891087e+001 -7.708215e+000 9.504065e-001 -1.620538e+000 1.601760e+000 -2.446840e+000 -1.410319e+000 1.813178e+000 -4.027240e+000 -4.228729e-001 -1.966699e-001 -1.504802e+000 -8.502565e-001 -8.531763e-001 -4.314418e-001 -2.886793e+000 -2.433444e+000 -3.202239e-001 -7.286764e-001 -5.051083e-001 -1.289488e+000 -3.689465e-001 -4.285474e-001 -1.292260e+000 -8.027856e-001 -2.953068e-001 -1.907355e-002 -4.991658e-001 7.977891e-001 2.448995e-001 -1.485951e-001 8.063241e-001 -3.232780e-001 -1.505617e-001 3.361458e-002 
1.049454e+000 1.674311e+001 -8.595028e+000 1.835654e+000 -2.897663e+000 -4.802893e-001 -5.745593e+000 -2.712887e+000 8.206899e-002 -2.535869e+000 -2.717855e-001 -2.107796e-001 -6.514930e-001 -1.438992e+000 -4.726283e-001 7.653454e-003 -2.145087e+000 -3.050207e+000 5.264542e-001 -1.161955e+000 -8.803625e-001 -1.035624e+000 -9.144060e-001 -3.640151e-001 -1.462937e+000 -1.182237e+000 -9.350723e-001 4.477149e-002 2.776627e-001 1.017309e+000 2.294332e-002 2.183628e-001 1.090521e-002 3.715776e-002 -4.974122e-001 3.481810e-002 
1.945615e+000 1.598984e+001 -9.493633e+000 2.248455e-002 -4.123685e+000 2.123937e+000 -3.914242e+000 -1.999793e+000 -3.123116e-001 -2.945088e+000 -5.761480e-001 8.701039e-001 1.889068e-001 -6.868929e-001 -8.974007e-002 -3.484423e-001 -1.395983e+000 -2.228933e+000 7.738281e-001 -6.003916e-001 -7.888901e-001 -1.855024e+000 -7.187777e-001 -2.719133e-001 -1.105922e+000 -7.139642e-001 -1.254689e+000 1.335125e-001 2.734882e-001 8.508308e-001 7.486392e-001 -4.318247e-002 -3.151219e-001 -1.599137e-001 -5.092406e-001 8.652588e-001 
6.734705e+000 1.091118e+001 -8.595348e+000 3.027246e+000 -7.359578e+000 3.791475e+000 -5.797873e+000 -9.188157e-001 -1.161629e+000 -3.214527e+000 -2.158004e-001 5.391457e-002 1.155680e+000 -1.627511e+000 1.198188e+000 -5.950019e-001 -1.351897e-001 -1.441418e+000 -1.100021e-001 -6.717647e-001 -9.857845e-001 -1.525935e+000 -5.213145e-001 -2.411745e-002 -1.051090e+000 -9.695927e-001 -5.229598e-001 8.504932e-001 3.892536e-001 8.562272e-001 3.056693e-001 1.571301e-003 -1.653760e-001 3.844692e-002 -5.191513e-002 5.672777e-001 
1.392813e+001 7.177781e+000 -5.874343e+000 5.222961e+000 -8.967377e+000 6.976377e+000 -6.377778e+000 -6.223769e-001 -2.388815e+000 -1.456780e+000 -1.392049e+000 4.497932e-001 -1.531508e-001 -1.811734e+000 -4.567549e-002 -1.779924e+000 -1.526472e+000 -1.836706e+000 3.653386e-001 -1.075251e+000 -9.341055e-001 -1.986823e+000 -1.737051e-001 -7.599888e-001 -7.398059e-001 -7.565763e-001 -3.271765e-001 3.434873e-001 7.691731e-001 5.065105e-001 -1.241962e-001 6.040800e-001 -4.266969e-002 -2.236792e-001 -6.216358e-001 6.872196e-002 
1.338256e+001 6.468333e+000 -6.122717e+000 7.426490e+000 -8.699799e+000 7.082033e+000 -5.962699e+000 -8.202706e-001 -1.531496e+000 -1.366151e+000 -1.694480e+000 5.607571e-002 -7.819184e-001 -2.491313e+000 -2.484882e-001 -1.002526e+000 -6.585722e-001 -1.488050e+000 -1.865003e-001 -8.591996e-001 -4.962739e-001 -1.901477e+000 -5.565089e-001 -2.364508e-002 9.912835e-003 -6.470963e-001 -3.508481e-001 -2.247822e-001 3.113278e-001 4.700170e-001 1.125793e-001 2.346499e-001 -4.095138e-002 1.199125e-001 1.216310e-001 1.234208e-001 
1.308951e+001 7.518225e+000 -6.217812e+000 6.500140e+000 -9.170944e+000 4.566555e+000 -4.541406e+000 -1.128076e+000 -9.546782e-001 -1.794879e+000 -1.040535e+000 -2.215734e-001 -2.905610e-003 -2.153651e+000 -8.655325e-001 -1.832262e+000 -1.282456e+000 -1.424845e+000 -2.218642e-001 -1.373285e-001 2.683791e-002 -8.838424e-001 -9.039890e-002 2.200738e-003 -2.328632e-001 -6.377357e-001 -5.445235e-002 9.304128e-002 2.165749e-001 7.202771e-001 3.646794e-001 3.808735e-001 -5.713064e-001 1.644761e-001 7.164422e-002 -9.283292e-002 
1.202772e+001 1.326074e+001 -5.838108e+000 5.294919e+000 -6.485102e+000 3.503991e+000 -3.104179e+000 -4.863198e-001 -1.322726e+000 -2.715737e+000 -2.079873e+000 -1.261373e+000 -1.379829e+000 -2.671928e+000 -1.587838e+000 -2.269009e+000 -3.038221e+000 -2.978804e+000 1.196387e-001 2.261480e-001 1.266649e-001 -3.960548e-001 4.359976e-001 -3.813857e-001 -4.779360e-001 -7.159753e-002 3.966715e-001 4.940451e-002 -1.005502e-001 -5.908954e-002 -3.990619e-001 -1.471079e-001 -4.334369e-001 -2.305261e-001 -3.359165e-001 -1.721192e-001 
1.136442e+001 1.932924e+001 -8.309351e+000 5.951686e+000 -2.575015e+000 3.751914e+000 -4.948823e+000 -2.667755e+000 -2.659568e-001 -5.067532e+000 -1.192408e+000 -1.803546e+000 -1.934265e+000 -2.717357e+000 -2.109512e-001 -1.813912e-001 -1.698541e+000 -3.521627e+000 -4.556093e-001 -5.194919e-001 -1.530257e+000 -5.855068e-001 3.423158e-002 -1.327675e+000 -1.883940e+000 -8.277119e-001 1.142034e+000 1.373742e+000 -3.404158e-001 -2.566723e-001 -2.813529e-001 1.420402e-001 1.138409e-001 -4.000418e-001 -2.237533e-001 5.533451e-002 
1.457348e+001 1.598558e+001 -7.057425e+000 3.685122e+000 2.855546e-001 2.448353e+000 -6.118968e+000 -3.953774e+000 -1.939720e+000 -6.300471e+000 -9.778432e-001 -7.607928e-001 -2.344091e+000 -2.196950e+000 -4.493525e-001 -8.564360e-001 -2.756015e+000 -3.380061e+000 -5.343049e-001 6.664879e-002 -2.600370e+000 -9.438134e-001 -1.045158e+000 -1.128697e+000 -1.042934e+000 -1.232671e+000 7.846982e-001 2.306566e-001 1.244949e-001 7.297708e-001 3.704574e-001 -1.787258e-001 -9.950804e-001 -8.700396e-001 -1.568417e-001 3.460559e-001 
1.623923e+001 1.693129e+001 -6.330061e+000 2.809042e+000 2.019339e-001 2.035866e+000 -6.473070e+000 -3.666720e+000 -1.596301e+000 -5.101370e+000 -6.156168e-001 -2.978589e-001 -2.489797e+000 -2.164102e+000 -1.461317e-001 -6.523759e-001 -1.846998e+000 -3.170212e+000 -2.661199e-001 -3.275117e-001 -2.253957e+000 -8.075750e-002 -1.314588e+000 -1.231930e+000 -7.557727e-001 -8.113875e-001 3.590379e-001 8.187768e-002 3.599666e-001 1.057509e+000 8.689985e-001 -4.965517e-001 -8.806599e-001 -3.779977e-001 -2.627399e-001 3.381209e-001 
1.661807e+001 1.513594e+001 -5.547805e+000 2.804620e+000 1.989213e+000 2.013879e+000 -5.475071e+000 -3.907066e+000 -1.405068e+000 -4.464095e+000 -1.214286e+000 -6.435699e-001 -2.040482e+000 -1.714944e+000 2.725697e-001 6.977575e-002 -2.562085e+000 -2.941594e+000 3.937906e-001 -4.756667e-001 -2.299913e+000 -8.661544e-002 -1.204644e+000 -1.316387e+000 -3.964865e-001 -4.940441e-001 3.972302e-001 2.121681e-001 2.979056e-001 7.326101e-001 8.841003e-001 6.309163e-002 -8.155875e-001 -5.744498e-001 -2.435035e-001 -2.976558e-002 
1.515625e+001 1.505773e+001 -6.635501e+000 4.213650e+000 1.991637e+000 1.685097e+000 -7.088741e+000 -4.266051e+000 -1.878041e+000 -4.147776e+000 -8.656655e-001 -5.744738e-001 -1.213885e+000 -2.266329e+000 -4.371191e-001 -1.152445e+000 -3.150958e+000 -2.909064e+000 5.452532e-001 -3.102737e-002 -2.335852e+000 -5.939846e-001 -1.200475e+000 -6.654675e-001 -6.682499e-001 -7.665726e-001 -1.332163e-001 -1.266622e-001 3.539861e-001 7.453761e-001 1.345390e+000 3.425439e-002 -8.374242e-001 -7.938449e-001 -5.318785e-001 -2.044467e-001 
1.394979e+001 1.553278e+001 -6.748934e+000 5.109289e+000 2.275708e+000 1.735688e+000 -7.473152e+000 -4.073486e+000 -1.098120e+000 -3.858591e+000 -1.296453e+000 -1.251228e+000 -1.695646e+000 -1.727153e+000 5.190517e-001 -1.128655e+000 -2.968305e+000 -3.017533e+000 1.793802e-001 -1.115775e-001 -2.117134e+000 1.785436e-002 -1.069993e+000 -9.090800e-001 -1.266535e+000 -8.892749e-001 1.606523e-001 2.490201e-001 8.239837e-001 6.696389e-001 1.059770e+000 -3.862873e-001 -8.088175e-001 -4.155505e-001 -6.573793e-001 -1.563935e-001 
1.441866e+001 1.542782e+001 -7.887596e+000 2.782807e+000 1.282189e+000 1.409894e+000 -6.941582e+000 -3.624724e+000 -1.994782e+000 -4.960832e+000 -2.377233e+000 -1.676358e+000 -2.017890e+000 -1.900004e+000 2.527945e-001 -1.785518e+000 -3.118147e+000 -2.589893e+000 3.235369e-001 -7.106080e-001 -3.038269e+000 -8.068152e-001 -1.501782e+000 -1.033734e+000 -9.489875e-001 -9.629006e-001 1.920655e-001 1.424862e-001 5.581850e-001 5.685550e-001 6.831642e-001 -2.255043e-001 -9.733179e-001 -6.052162e-001 -5.476300e-001 -2.899215e-001 
1.568551e+001 1.519647e+001 -6.773119e+000 3.227927e+000 1.860771e+000 1.978327e+000 -6.332095e+000 -2.374557e+000 -1.008124e+000 -4.842585e+000 -2.489166e+000 -2.136581e+000 -2.749379e+000 -1.525598e+000 1.592660e+000 -4.229722e-001 -2.513188e+000 -2.668397e+000 1.820416e-002 -8.580142e-001 -2.444548e+000 -8.831326e-001 -1.978486e+000 -6.323330e-001 -6.969914e-001 -5.748592e-001 7.427904e-001 2.145553e-001 5.846702e-001 3.684693e-001 5.335421e-001 -1.561446e-001 -9.990867e-001 -4.377868e-001 -2.151308e-001 3.954229e-002 
1.644412e+001 1.550633e+001 -6.620324e+000 2.801360e+000 1.917078e+000 6.394386e-001 -6.959836e+000 -2.919630e+000 8.959622e-002 -3.609988e+000 -9.626612e-001 -1.135346e+000 -3.133838e+000 -2.011428e+000 1.092698e+000 -5.413649e-001 -2.301288e+000 -1.969753e+000 2.326011e-001 -3.855204e-001 -2.224594e+000 -4.309485e-001 -1.263507e+000 -7.721000e-001 -3.403322e-001 -7.063917e-001 5.002577e-001 4.513701e-001 6.784057e-001 6.524054e-001 4.267760e-001 -2.079263e-001 -5.072194e-001 -2.688882e-001 -2.697171e-001 1.651377e-001 
