11.332890000000003 15.512839999999999 -6.997148000000001 0.3693613 -4.229911 -2.9307480000000004 -0.42402270000000003 -2.003142 -0.10977000000000002 -2.8160069999999995 -3.2252529999999995 -0.8423371 -0.3997697 -0.8502161 -1.6230379999999998 -1.71721 -1.0199929999999997 0.1922857 -0.001594643 -1.6169600000000002 -1.436821 -0.1796806 0.4220807999999999 0.38019049999999993 
10.108649999999999 16.23092 -7.959004999999999 3.282041 -3.4168659999999997 -0.5953673 -0.7954247 0.04531683 0.8786383000000002 -2.7466739999999996 -1.711297 -2.272708 -0.07958646000000001 -0.9803053000000002 -0.8236778000000002 -0.7395883000000001 -0.8187091999999999 0.6887756 -0.1850304 -1.264477 -1.5659550000000002 -0.150475 -0.1736788 -0.0027606140000000006 
12.648719999999999 12.269090000000002 -6.2684429999999995 3.6976030000000004 -5.35358 1.6938099999999996 0.35331199999999996 1.50577 1.452942 -1.312785 -0.6334453 -2.567349 1.0971270000000002 -0.6985278 -0.6038702000000001 -0.9822428 -0.8700623 0.6401534 -0.6849217999999999 -0.8474671999999999 -1.3516910000000002 0.3022173000000001 -0.03568149 0.2969774 
13.079309999999996 9.933566 -10.11645 5.952513 -7.884365000000001 3.57629 -1.3643420000000002 2.07142 2.376095 -1.592437 0.7603115999999999 -2.864034 2.607222 -1.8052050000000004 -0.3781328 -1.644188 -0.7031200000000001 0.8295835 -0.5071906999999999 0.33804189999999995 -1.9025909999999997 1.162152 -0.6374323 0.48836080000000004 
13.701350000000001 4.451807 -9.59919 3.844358 -8.662109 2.082744 -1.85042 1.550599 1.8234510000000002 -1.6203070000000002 0.6534107000000001 -2.416528 1.490437 -1.224126 -1.51624 -2.123986 -1.179314 0.9603721 0.2768484 0.3612256 -1.21547 0.7956049 -1.060949 -0.11229730000000002 
13.900900000000004 5.801745 -9.994043 5.234597999999999 -10.60796 3.2720410000000006 -2.511333 1.00491 0.8769030000000002 -2.633767 1.4039409999999999 -2.529628 2.524794 -1.8261640000000001 -0.795605 -1.870239 -0.7584125999999999 1.2697020000000003 -0.5916362 -0.37701349999999995 -2.419902 1.103769 -1.304429 0.011294990000000001 
13.55588 3.3900539999999997 -8.11504 4.133896 -10.32118 2.03384 -2.057793 0.9233266999999998 0.45281610000000005 -1.9748870000000003 0.8543355000000001 -2.6693880000000005 1.4188469999999997 -1.676556 -1.4356620000000002 -1.68962 0.07813514 1.1430559999999998 -0.48265169999999996 0.33754760000000006 -1.63147 0.7616487000000001 -0.8011157000000002 0.3589030000000001 
11.88865 2.9219490000000006 -9.495063 2.526266 -10.50571 1.5160370000000003 -3.1149090000000004 1.2347529999999998 0.6721825 -2.7341270000000004 -0.1798814 -3.068847 1.564859 -1.26163 -0.7617868999999999 -1.142988 -0.2746199 0.6576278000000001 -0.6006766 0.2797445 -1.8464100000000003 0.5879703 -0.2540957 0.9244032000000002 
10.00571 5.597769999999999 -12.07916 4.031421000000001 -12.087149999999998 2.7282000000000006 -3.477045 0.9805707000000001 1.2544579999999999 -3.449151 1.625629 -3.544763 2.564245 -1.769895 0.769896 -1.2896350000000003 -0.26494600000000007 1.116219 -1.148886 0.967384 -2.4838419999999997 1.3639589999999997 -1.0476410000000003 0.5856876 
11.289990000000001 4.726012 -9.886241 3.239711 -10.8371 2.078159 -4.109605000000001 1.5591209999999998 1.4343889999999997 -1.721698 0.4761009 -2.9564920000000003 2.189904 -1.3381760000000003 -0.2497178 -1.426507 -0.1646246 1.484335 -0.2955646 0.19983069999999997 -1.9483750000000002 0.6954747 -0.5789948000000001 0.21861639999999996 
9.919799 5.257043 -9.874745000000003 3.6136109999999997 -9.329371 2.470976 -3.3457070000000004 1.862173 2.1420880000000007 -1.5764460000000002 -0.22394669999999997 -3.9931969999999994 1.0569939999999998 -1.8540329999999998 -0.8029234 -1.9295100000000003 -0.9418990000000002 1.246875 -0.012782379999999998 0.2649739 -1.1147799999999999 1.324905 -0.4171858999999999 -0.03058385 
8.965131999999999 7.198352999999999 -10.84688 4.388761 -9.974275 3.694353 -2.376541 1.9401100000000002 2.459059 -3.455455999999999 0.03995346 -4.166016 2.146428 -1.665058 0.40226070000000014 -1.2575579999999997 -0.2450397 1.0545989999999998 -0.6486649 0.5262028 -2.199603 1.5219889999999998 -0.34837799999999997 0.22679270000000004 
8.307186 9.467146 -9.747444 3.8320560000000006 -8.644301999999998 2.4899039999999997 -2.5222200000000004 1.5353499999999998 2.315303 -3.6556120000000005 1.1545699999999999 -3.180681 1.118628 -2.17282 0.41166450000000004 -1.575616 -0.5545355 1.4686830000000002 -0.9555806999999998 0.8325483 -2.191405 1.4853249999999998 -0.6414855 0.8727766 
9.655168000000002 12.865229999999999 -9.731895 4.03267 -8.023061 -0.08082592 -3.247477 0.4338027000000001 2.0448610000000005 -2.599919 -0.08441321 -3.6753740000000006 0.1571833 -3.1042510000000005 -0.2180316 -1.152337 -0.8715871000000001 1.010601 -0.5282228 0.8167247 -0.9675933 0.9657774000000001 -0.8893366 0.1735806 
13.552080000000002 12.971559999999998 -6.761494999999998 0.8857306000000003 -8.195423 -3.040744 -3.3748919999999996 -0.09009299000000001 1.5553550000000003 -1.651197 -0.9918801999999999 -2.0123320000000002 -0.2771237 -2.061791 -1.150819 -0.8301474999999999 -0.8369571000000001 0.5474202999999999 -0.4232584 -0.667557 -0.5169538 0.16725520000000002 -0.8663353000000001 0.3603836999999999 
13.386700000000001 15.27302 -11.695030000000001 2.064994 -8.832042 -2.2689799999999996 -4.655186 -0.6986233 2.647001 -2.21961 -0.3214378 -3.1037579999999996 0.3601796 -2.142554 -0.07625117999999999 -1.0169180000000002 -1.007163 0.8657339999999999 -0.7564742999999999 -0.4194358999999999 -1.0424109999999998 0.7996540999999999 -0.9106709999999999 0.06248770999999999 
16.02173 13.453550000000003 -11.36994 0.2122777 -6.395538000000001 -1.9410869999999998 -3.4531899999999998 -0.5506329 2.2899409999999993 -1.507852 -1.538537 -3.0245229999999994 -0.4980786 -0.7980618 -0.3492663 -1.468764 -1.243233 0.6017514999999999 -0.506113 -0.25044589999999994 0.08045424 0.37470159999999997 -1.058236 -0.5417750999999998 
17.82883 12.74501 -10.681939999999999 -0.9030579999999999 -6.284973999999999 -2.3873390000000003 -2.148766 -0.8363844 1.476311 -1.345661 -2.40062 -3.3332979999999997 -0.8230332000000001 -0.9457370999999999 -0.8652919 -1.5077789999999998 -1.4293309999999997 0.6498523 -0.5192933000000001 -0.5927896 0.6092112 0.24022450000000004 -1.151543 -0.5257621 
17.694600000000005 13.069190000000003 -8.635187 -0.9575937999999999 -5.478403999999999 -2.843798 -1.0108689999999998 0.1461932 1.7541270000000002 -1.786704 -2.020869 -2.25042 -0.9580172000000002 -0.5682822 -1.038704 -0.6328741999999999 -0.7149836 0.43895319999999993 -0.13581200000000002 -0.2945931 0.7435476000000001 -0.08469718000000001 -0.6018296 -0.3645858 
11.50842 15.009299999999998 -7.904159 0.9950431000000001 -4.441906 -4.057286 -0.5043798 -1.7012599999999998 0.8020592999999999 -1.931148 -2.8158999999999996 -1.7396969999999998 -2.248578 -0.7629668 -0.7847743 -1.267939 -0.6828760999999999 -0.2742856 -0.320355 -1.347403 -0.7455593 -0.08647165 -0.47001999999999994 0.2224644 
10.14016 15.823710000000002 -8.163241999999999 3.1217159999999997 -3.2793810000000003 -1.507315 -0.1836991 0.1543765 -0.253344 -3.0465270000000007 -2.0095260000000006 -1.8928030000000002 0.1588438 -0.6847952 -0.7134766 -1.6730699999999996 -0.8097235000000003 0.6211283 -0.41391959999999994 -1.19942 -1.4023 0.2747447 -0.1086013 0.03006724 
12.05751 12.659980000000001 -7.969938999999998 4.274439999999999 -5.190438999999999 1.598351 -0.2941594 1.6286889999999998 1.829283 -1.3489260000000003 0.49813939999999995 -2.3572470000000005 0.1485541 -1.6408640000000003 -0.1579638 -1.0956150000000002 -1.2484459999999997 0.5786807 -0.5141467 -0.6394655 -1.211394 0.6477466 -0.553943 0.1506083 
12.843950000000003 8.183239 -8.669019 5.823842 -7.059112999999998 3.1697519999999995 -0.6597992 2.0145580000000005 2.341541 -1.0935950000000003 0.44223530000000005 -2.406197 1.495457 -1.253813 -0.06637837 -0.6444299 -0.7970835000000001 -0.24045040000000004 -1.22496 -0.2708886 -1.3517980000000003 0.8512465000000001 -0.5506121999999999 0.03580339 
11.983869999999998 6.913013 -9.919396 6.734803999999999 -9.783251 2.782906 -2.2471339999999995 1.4492259999999997 1.8478479999999995 -2.319269 0.8939465999999998 -3.2313830000000006 2.572471 -1.110911 0.4958949000000001 -0.5565765000000001 -0.5015277 0.4672779 -0.9790142 -0.3166434 -1.980798 1.444127 -0.6134567 0.644076 
12.295609999999998 5.01739 -10.30811 6.141517999999999 -10.3675 2.733 -3.060891 1.393984 1.5700769999999997 -2.544687 0.409326 -2.9081380000000006 2.445991 -1.512188 -0.41909490000000005 -1.4798100000000003 -0.9299736999999999 0.2696506 -0.8663986999999997 0.16040009999999996 -1.8442070000000004 0.8718272000000001 -1.020319 0.6032307 
12.844260000000002 5.261445000000001 -11.136939999999997 5.069391 -11.39833 3.2605700000000004 -1.5871650000000002 1.380083 0.9875404000000001 -3.794622 0.7034564000000001 -2.7715910000000004 2.7301770000000003 -1.7481740000000001 -0.6625621 -2.0049309999999996 -0.7633039999999999 0.7301097 -0.7569936999999999 1.418323 -2.008177 1.269514 -1.137481 0.48471999999999993 
11.25193 4.599857 -11.732280000000001 4.291709 -10.53499 3.850472 -3.1031410000000004 0.252307 -0.6117495000000001 -3.8944970000000003 0.7750274 -2.538346 3.2840470000000006 -1.081462 -0.01896131 -2.2320670000000002 -1.241905 0.5318018000000001 -0.7704454 0.4452786 -2.007405 1.143605 -0.7158416 0.48229649999999996 
10.43208 4.969563 -11.687889999999998 3.98047 -11.492180000000001 3.2149530000000004 -3.1029410000000004 0.8372002 0.5519169 -3.937815 1.2306100000000002 -2.036705 3.452734 -1.9884710000000003 0.027167479999999997 -1.6979489999999997 -0.2942318 1.4732839999999998 -0.6133384 0.8994388999999999 -2.462754 1.201172 -1.3843010000000002 0.46590830000000005 
11.95507 5.078181999999999 -9.731808 3.021516 -10.80194 1.989412 -3.718192000000001 0.6871109 0.19718729999999998 -2.767546 1.402609 -1.5622229999999997 3.0805280000000006 -1.293646 -0.2510803 -1.075325 -0.5715097 0.6034664 -0.5914937 0.1585329 -2.591013 0.6609474999999999 -0.7535859 0.23803970000000002 
9.664862999999999 5.973501 -10.45751 3.506656 -10.86638 2.360223 -2.678298 0.7746661 0.3218272 -2.812227 1.1339310000000002 -2.82353 2.0160559999999994 -2.094324 -0.5277573000000001 -1.005071 -1.010326 0.5185263999999999 -0.6479366999999999 0.08884802000000001 -2.325937 0.6545766999999999 -0.4770249999999999 0.6351873 
10.765919999999998 6.942767000000002 -9.302744000000002 3.838435 -9.522154 2.965686 -2.3736390000000003 0.5433537 0.787137 -3.0391149999999993 0.7329952999999999 -2.597539 1.273796 -2.064079 -0.7649591 -1.4475130000000003 -1.148655 0.4074073 -0.17942480000000002 0.9477118999999999 -1.3987789999999998 0.6684747 -0.6400033 -0.1070784 
9.485814 7.794193 -8.486120999999999 2.886115 -8.627549 1.8743560000000001 -2.185109 1.664802 1.147136 -3.3892619999999996 0.20919029999999997 -1.9070230000000001 1.201195 -0.5552124000000002 -0.005716450999999999 -1.5554059999999998 -0.7148127 0.4410778999999999 -0.45751719999999996 0.7610532 -1.094184 0.47493769999999996 -0.5926197000000001 0.1986914 
11.409930000000001 9.236461 -7.055146999999999 2.187464 -6.305131000000001 -0.43570129999999996 -2.9156140000000006 0.5143041999999999 1.299772 -2.808479 -0.38661160000000006 -1.609892 0.2845426 -1.237615 -1.421239 -1.6119819999999998 -0.6699653999999999 0.9810941 0.3551224 0.168604 -1.001138 0.2232485 -0.2763117 0.1372326 
13.828429999999999 11.55097 -6.936214999999999 1.1554339999999999 -8.127839 -2.162936 -3.6405740000000004 -0.1289469 2.2094470000000004 -1.7288739999999998 -0.33502570000000004 -1.592772 -0.24414249999999998 -1.440673 -0.9491458999999998 -0.9337571000000001 -0.6459459 0.9705877999999999 -0.1031042 -0.8187087999999998 -0.9923718 0.1538922 -0.4251139999999999 0.4755538000000001 
14.618669999999998 13.11663 -9.512662 1.4958050000000003 -8.686369 -1.9946060000000005 -4.290743 -7.811625E-4 2.615534 -1.135127 0.09834246999999999 -2.1197060000000003 0.34718740000000003 -1.9223719999999997 -0.17081649999999998 -0.06458797 -0.5907039 0.7415472000000001 -0.6770582000000002 -0.5511525 -0.780588 0.5507882 -0.8206717999999997 0.1262814 
15.27516 15.357650000000003 -11.850319999999998 1.6985259999999998 -8.118521 0.1522397 -4.068258 -0.6350382 2.728909 -1.9717509999999998 -0.8362279 -3.2557049999999994 0.6203897 -2.039591 -0.1455957 -1.4721030000000002 -1.044099 0.9315013 -0.6172430000000001 -0.08071777000000001 -0.8856251999999999 0.9629196000000001 -1.170852 -0.3312105 
18.056929999999998 12.11144 -10.25558 -1.152385 -6.481918 -1.3182919999999998 -2.499207 -0.01853044 1.7780000000000002 -1.361777 -1.8144570000000004 -3.0123889999999998 -0.028165550000000004 -1.0170580000000002 -0.8620754999999998 -1.172376 -1.171546 0.8470036 0.029244920000000004 -0.4542374000000001 -0.0244403 0.6393278000000001 -0.9398099999999998 -0.4898022000000001 
