1.268277e+001 1.100764e+001 -4.122477e+000 2.383184e+000 -5.594974e+000 -1.656669e+000 -4.519499e+000 -4.806837e-001 7.163104e-001 -9.558824e-002 -2.175853e+000 -1.265606e+000 -1.459806e+000 -1.862870e+000 -7.212468e-001 -1.640056e+000 -1.488950e+000 -3.190000e-001 -4.287359e-001 -6.879515e-001 6.123954e-001 -1.352320e+000 -5.957765e-001 3.985002e-001 
1.225029e+001 1.177549e+001 -3.864113e+000 2.243274e+000 -6.064356e+000 -1.457989e+000 -4.720719e+000 1.216666e+000 9.546291e-001 -1.126535e+000 -2.395884e+000 -1.610548e+000 -7.625067e-001 -1.629917e+000 -6.714467e-001 -1.376985e+000 -1.376251e+000 -3.567099e-001 -2.715469e-001 -1.186871e+000 3.167286e-001 -8.433612e-001 -2.135405e-001 -1.830983e-001 
1.131883e+001 1.120148e+001 -4.059967e+000 2.649349e+000 -4.457449e+000 -1.268591e+000 -5.175171e+000 1.292178e-001 9.802683e-001 -1.623024e+000 -2.044596e+000 -1.588659e+000 -4.723343e-001 -1.460635e+000 -1.264683e+000 -1.797321e+000 -1.248611e+000 -4.924925e-001 -2.599047e-001 -5.558362e-001 6.998230e-001 -1.298563e+000 -1.071637e+000 -1.723225e-001 
8.546449e+000 1.179020e+001 -3.414217e+000 2.494125e+000 -5.290529e+000 -1.125458e-001 -3.877362e+000 2.440061e+000 2.550078e+000 -3.852228e-001 -2.401373e+000 -1.649409e+000 -1.752281e+000 -2.422127e+000 -7.128152e-001 -5.356598e-001 -6.027572e-001 -8.621592e-001 -4.874235e-001 -1.142818e+000 5.631210e-001 -3.170600e-001 5.549908e-001 4.844143e-001 
7.598526e+000 1.097654e+001 -3.974517e+000 2.958791e+000 -3.527528e+000 -3.707553e-001 -3.740635e+000 2.056600e+000 1.921337e+000 -5.429273e-001 -2.917549e+000 -1.462029e+000 -3.020454e-001 -1.276787e+000 -4.659204e-002 -3.327222e-004 -1.041012e+000 -5.313384e-001 -3.662952e-001 -1.088024e+000 -1.539442e-001 -7.633446e-001 -1.178502e-001 1.487858e-001 
6.202047e+000 1.151394e+001 -5.336116e+000 2.498307e+000 -3.993018e+000 -3.037933e-001 -3.726041e+000 2.351144e+000 1.675032e+000 1.463117e-001 -2.933692e+000 -1.456575e+000 2.531906e-001 -6.952942e-001 5.839239e-001 -1.447759e+000 -3.725538e-001 -6.467154e-001 -3.353033e-001 -1.266713e+000 6.909977e-001 -1.243974e+000 -5.119015e-001 -2.623377e-001 
6.566636e+000 1.150019e+001 -5.600870e+000 2.910854e+000 -4.538876e+000 -1.690165e-001 -3.492189e+000 2.050873e+000 2.184510e+000 5.193008e-001 -2.421964e+000 -1.228615e+000 1.908218e-001 -1.256699e+000 -4.424931e-001 -7.237418e-001 -3.881818e-001 -6.320544e-001 -7.992650e-001 -1.301473e+000 9.675556e-001 -7.643193e-001 -5.623390e-001 -4.011427e-001 
5.823200e+000 1.278358e+001 -4.263530e+000 1.846336e+000 -4.479084e+000 -1.470406e-001 -3.272987e+000 2.360506e+000 1.883686e+000 6.676242e-002 -3.580860e+000 -1.693270e+000 2.769612e-001 -3.465541e-001 3.588853e-001 -6.369590e-001 -1.067397e+000 -8.079350e-001 -5.891062e-001 -7.831553e-001 3.294201e-001 -9.101925e-001 -7.621448e-001 -3.507169e-001 
4.722401e+000 1.092321e+001 -5.869012e+000 1.434919e+000 -4.104517e+000 2.637442e-001 -3.044364e+000 1.806703e+000 2.798500e+000 2.315858e-002 -2.128329e+000 -1.685836e+000 2.892115e-002 -1.883231e-001 2.228753e-001 -3.500694e-001 -2.784565e-001 -6.037650e-001 -1.038649e+000 -8.913945e-001 5.958853e-001 -2.015823e-001 -7.996085e-001 -8.433569e-001 
4.316979e+000 1.118512e+001 -6.225133e+000 2.217372e+000 -4.773088e+000 3.957480e-001 -2.996128e+000 2.376056e+000 2.125093e+000 -1.385833e-001 -1.689250e+000 -1.237707e+000 7.519811e-001 -5.319537e-001 6.792580e-001 -1.269808e+000 -3.306735e-001 -7.961547e-001 -2.074404e-001 -1.254427e+000 6.036173e-001 -1.453057e+000 -4.992638e-001 4.356649e-002 
3.416969e+000 1.221950e+001 -5.662356e+000 2.401058e+000 -4.053234e+000 8.397819e-001 -3.051680e+000 1.873958e+000 2.077086e+000 -7.016280e-001 -2.374929e+000 -1.359540e+000 7.439553e-001 -1.867525e-001 1.428824e+000 -7.531720e-001 -5.719827e-001 -1.077698e+000 -5.047892e-001 -1.270600e+000 2.649904e-001 -1.345953e+000 -4.903797e-001 -6.228010e-002 
9.628458e+000 1.087176e+001 -4.933767e+000 2.798704e+000 -5.250218e+000 -1.216443e+000 -3.837728e+000 1.665904e+000 1.664176e+000 6.169665e-001 -1.890602e+000 -7.462019e-001 -3.920397e-001 -3.442868e-001 3.757132e-001 4.939329e-001 -1.176497e+000 -9.730017e-002 -4.692990e-001 -5.061628e-001 7.134648e-001 -6.943319e-001 -5.564690e-001 -1.489035e-002 
1.214096e+001 9.428327e+000 -4.032198e+000 3.103753e+000 -5.930705e+000 -2.309092e+000 -4.940091e+000 -3.674641e-001 8.355285e-001 5.006169e-001 -2.623356e+000 -1.348994e+000 -1.130712e+000 -1.195732e+000 -6.430145e-001 -7.830886e-001 -9.551934e-001 -2.247007e-001 -1.104068e+000 -9.283300e-001 3.054732e-001 -1.058635e+000 -8.047457e-001 9.242385e-002 
1.258798e+001 1.068281e+001 -3.938217e+000 1.972956e+000 -6.044108e+000 -2.012223e+000 -4.809257e+000 6.627670e-002 8.227526e-001 -3.793797e-001 -2.714073e+000 -1.498739e+000 -5.686890e-001 -9.074043e-001 -8.492007e-001 -4.160256e-001 -8.033046e-001 -3.240912e-001 -9.996932e-001 -1.485244e+000 1.564393e-001 -1.301116e+000 -4.704339e-001 2.596297e-001 
1.256445e+001 1.103119e+001 -4.571256e+000 1.316269e+000 -5.948250e+000 -1.285710e+000 -4.716790e+000 1.091241e+000 2.021425e+000 -9.849236e-001 -4.007036e+000 -1.970899e+000 -4.111127e-001 -3.326358e-001 -4.629960e-001 -1.180756e+000 -1.225430e+000 -6.635554e-002 -5.849313e-001 -1.617888e+000 3.267459e-002 -6.766096e-001 -6.345525e-001 1.009448e-001 
9.670508e+000 9.591144e+000 -3.319623e+000 1.286213e+000 -3.840151e+000 3.011910e-001 -2.878379e+000 2.250269e+000 2.865722e+000 -1.134513e+000 -3.413410e+000 -2.276972e+000 -4.561610e-001 -5.288434e-001 -2.498234e-001 -9.167864e-001 -1.292401e+000 -2.428686e-001 1.289308e-001 -9.267917e-001 -1.974766e-001 -6.157436e-001 -3.489701e-001 3.800571e-002 
9.097812e+000 1.174650e+001 -4.598682e+000 3.141289e+000 -3.756437e+000 1.604387e-001 -4.590441e+000 1.374179e+000 5.711183e-001 -6.084169e-002 -3.001726e+000 -1.184951e+000 -1.996004e-001 -3.546077e-001 -7.185467e-002 -9.601670e-001 -1.077601e+000 7.306896e-002 -7.946613e-001 -1.145744e+000 -2.812384e-001 -1.064781e+000 -3.887019e-001 -3.247488e-002 
8.941797e+000 1.145151e+001 -4.455455e+000 3.063266e+000 -4.033338e+000 -7.191444e-001 -4.125700e+000 2.188409e+000 1.611184e+000 -5.344291e-001 -3.044249e+000 -1.629778e+000 -3.869770e-001 -5.639907e-001 6.504787e-001 -8.521445e-001 -4.841059e-001 -5.268556e-001 -3.844574e-001 -1.716602e+000 -5.642019e-002 -1.390859e+000 -1.540213e-001 2.224509e-001 
8.146833e+000 1.145240e+001 -6.359857e+000 1.939774e+000 -5.800258e+000 -1.086558e+000 -4.411684e+000 2.914847e+000 2.100347e+000 -2.409447e-001 -3.265886e+000 -1.511860e+000 1.669525e-001 -4.594768e-001 1.321259e+000 8.324240e-002 -5.832552e-001 -1.848580e-002 1.837894e-001 -2.003148e+000 -5.505027e-001 -1.050510e+000 -1.810154e-001 -1.693659e-001 
7.187734e+000 1.173578e+001 -5.107362e+000 3.731030e+000 -3.088591e+000 5.593641e-001 -4.613105e+000 2.222485e+000 1.558225e+000 4.105010e-002 -3.351845e+000 -1.890839e+000 -3.429336e-001 -1.208723e+000 8.060686e-001 -7.676840e-001 -5.978017e-001 -5.120179e-001 6.004670e-002 -1.484903e+000 -1.250255e-001 -8.767897e-001 -2.145458e-001 -4.064125e-001 
8.044743e+000 1.147969e+001 -5.294299e+000 1.104904e+000 -3.489944e+000 7.289262e-001 -3.010117e+000 2.438414e+000 1.499986e+000 -3.164172e-001 -2.811532e+000 -1.081462e+000 -3.007542e-001 -3.706758e-001 2.268281e-001 -6.137036e-001 -9.293543e-001 -3.561092e-001 -2.960203e-001 -7.932504e-001 -1.089407e-002 -9.092217e-001 -4.142337e-001 3.379258e-001 
7.345086e+000 1.060320e+001 -4.964684e+000 3.511430e-001 -3.825230e+000 4.723409e-001 -2.617451e+000 1.950587e+000 2.159031e+000 -8.117697e-002 -2.999412e+000 -1.326805e+000 5.712212e-001 -3.362403e-001 -1.395103e-002 -5.798563e-001 -1.423464e+000 -2.974995e-001 -4.917790e-001 -4.388897e-001 2.281549e-001 -4.403974e-001 -4.927715e-001 -2.998100e-001 
7.230709e+000 1.152081e+001 -4.778312e+000 2.094197e+000 -4.973299e+000 -5.491386e-001 -3.211049e+000 1.082117e+000 1.317112e+000 1.806866e-001 -2.466416e+000 -1.157308e+000 9.350195e-001 1.471654e-001 4.477291e-001 -8.161426e-001 -4.725871e-001 -3.052540e-001 -1.021229e+000 -1.177456e+000 3.839376e-001 -9.626535e-001 -8.639976e-001 -2.863967e-001 
