-8.069617 17.19529 -8.940333 -1.9271270000000003 2.190583 -0.6365451000000001 -0.05043336999999999 -0.8679667000000001 3.681901 -2.5407739999999994 -0.4348112 0.465424 -0.10257870000000001 -0.06639174999999999 -0.9756229000000001 -1.116579 -1.5983680000000002 0.2963616 -0.3978576999999999 -0.2665312 0.11113260000000001 -0.5508295 -0.4382773000000001 0.3633666 
-6.477828000000001 16.992989999999995 -8.097692 -1.249281 3.1674350000000002 -0.15961819999999996 -0.5392031 -0.8197245999999999 2.813219 -1.404324 -0.7794588 0.46909629999999997 0.2795695 -0.5245544999999999 -0.6526183 -1.2063950000000003 -1.247979 0.2197993 -0.21401160000000002 -0.5529498 0.07695909 -0.8256493000000001 -0.4795099 0.30791799999999997 
-6.621358999999999 17.98237 -6.931635999999999 -1.488404 3.02347 0.057264319999999994 -0.3149872 -1.2195859999999998 2.9266879999999995 -0.7913014 -1.293297 0.08819283 0.12242370000000001 -0.5459 -0.5370036000000001 -1.043793 -1.085502 0.1768518 -0.2637610000000001 -0.1163708 0.2907774 -0.6124153 -0.285588 0.08230283 
-6.7970169999999985 17.456639999999997 -5.617573999999999 -1.3342139999999998 3.168626 -0.04650145 -1.1073009999999999 -0.37839439999999996 3.0818210000000006 -0.5520077 -1.124257 0.5485404000000002 0.050508649999999995 -0.7885217 -0.6789505 -1.4212170000000002 -1.074145 0.1355102 0.002202516 -0.08487270999999999 0.2398057 -0.1268039 -0.174392 -0.1553744 
-7.362521999999999 19.02015 -6.189352 -2.3234220000000003 2.628244 0.024539890000000005 -0.40078069999999993 -0.46132790000000007 4.038207 -1.397171 -1.318206 0.7928064 -0.17228029999999997 -0.5741847 -0.11853519999999998 -1.3674350000000002 -1.070038 0.5720872999999999 -0.2543064 -0.6505149 0.3767983 -0.14305560000000003 -0.19360550000000004 0.10122180000000001 
-7.583668000000001 19.611279999999997 -5.855995999999999 -2.8582180000000004 1.3878319999999997 -0.10002580000000003 -0.3692015 -0.8784863000000003 3.5272700000000006 -1.4335380000000002 -0.8412956000000003 0.8014212 0.1441928 -0.3430241 -0.5365474 -0.8248280999999997 -0.964047 0.3900031 -0.18201599999999998 -0.3232016 0.1693745 -0.23414390000000002 0.1318378 -0.24833989999999997 
-7.332165000000002 17.16991 -5.553713000000001 -2.581382 0.9631654999999999 0.0272917 -0.7904153999999999 -1.202081 2.7905179999999996 -1.048722 -1.077464 0.6950941999999999 0.34238599999999997 -0.23331860000000001 -0.09300485000000001 -0.7520796 -0.4349610999999999 0.07836761000000002 0.30205450000000006 -0.3461503000000001 -0.30299120000000007 -0.002991567 -3.9468650000000006E-4 -0.09628440000000002 
-9.108186000000002 17.91233 -6.133322999999999 -1.8980750000000002 0.7711924999999998 -0.556746 0.20898860000000002 -1.8518740000000002 3.610042 -2.107314 -0.9012260999999999 0.07639394 -0.13217919999999997 0.2643882 0.24894550000000001 0.0028709599999999997 -1.156038 0.26480110000000007 0.5833925999999999 -0.34156690000000006 -0.20414979999999996 -0.05966608 0.1269043 -0.5144302 
-10.89792 17.56374 -6.089117000000001 -1.413576 2.191801 -0.5791106 0.077969 -0.9646273 3.804154 -1.703671 -1.112292 -0.3035547 -0.1405666 1.043792 0.3430845 -0.5898126 -1.001969 0.08427996000000001 -0.5078656 -0.5551855999999998 -0.04466651 -0.5035651 -0.01398033 -0.8877113999999999 
-8.968865 15.26307 -6.518788 -0.8635823 2.043139 -0.8484822000000001 -0.48768860000000014 0.1398246 2.819005 -0.8632701000000002 -1.0245879999999998 -0.4472108000000001 -0.04776502 0.5208705 0.14512459999999996 -0.6089444999999999 -0.6370652 -0.39808859999999996 -0.5528208 -0.2126735 0.24713539999999995 -0.1194792 -0.47402800000000006 -0.6622959 
-5.989023000000001 16.05156 -6.783939000000002 -0.4018214000000001 1.784682 -1.629135 -0.46110689999999993 0.35456779999999993 1.885071 -2.039966 -2.020259 -0.9213392000000001 -0.3417509 -0.4082142000000001 0.12571449999999998 0.348514 0.20342670000000002 0.2847125 -0.6373616000000001 -1.162345 -0.5506301000000001 -0.4019374 -0.4449633999999999 -0.49162710000000004 
6.760781000000001 9.001652 -4.897691000000001 -0.5720432999999999 0.850143 -2.9285749999999995 -2.2039119999999994 0.5448603 0.5846465 -1.478745 -2.2780969999999994 -1.1655999999999997 -0.1610448 0.4382378 0.8836684999999999 0.22923920000000003 0.0020703029999999995 0.2951158 -0.3596652 -0.7346168999999999 -0.44861370000000006 -0.43439279999999997 -0.2363719 0.04199091 
-2.9156520000000006 13.812430000000003 -8.010384 -2.9722879999999994 2.03753 0.3773849 -0.6847700000000001 0.20810860000000003 1.9149019999999999 -1.0557619999999999 -1.8953469999999997 -0.6200837999999999 -0.7250091000000001 0.1562308 0.1948708 -1.121256 -0.29662459999999996 0.04341022 -0.42377099999999995 -0.17972499999999997 -0.33225559999999993 -0.5092552 -0.22293349999999995 -0.1289956 
-4.828422 16.86227 -8.625375 -2.468142 1.484495 0.2744574 0.3022522 -1.0683430000000003 3.4466539999999997 -0.8423058 -1.3813569999999997 -0.2099278 -0.9209259000000001 -0.07937300999999998 -0.1892156 -1.43013 -0.5870392999999999 -0.025327849999999992 0.05735278 -0.5356747999999999 -0.40206940000000013 -0.03488057 -0.146192 0.17916620000000003 
-3.9566060000000003 16.67312 -7.284238000000001 -2.094934 1.145137 0.4073061 0.048998370000000006 -0.38567589999999996 3.153782 -1.290846 -1.65437 0.5196678 -0.7388919 -0.24238470000000006 0.2035821 -1.0539950000000002 -0.9516475 -0.257015 0.34016169999999996 -0.5831979 -0.6172435 0.06321330999999998 -0.32901 0.21956409999999998 
-3.776107 16.66591 -6.919474 -2.3707120000000006 1.472574 0.8766505999999998 0.9018557000000003 0.31719840000000005 2.6670459999999996 -1.4376859999999998 -2.331318 -0.3216056 -0.5576195999999999 -0.12009289999999997 0.5763339 -0.4986005000000001 -0.8764266000000001 -0.6000445 0.3267241 -0.1084041 -0.4805232999999999 -0.2519447000000001 -0.31090710000000005 0.1928736 
-6.0411220000000005 19.35379 -8.031774 -1.674951 1.18509 0.02475283 1.3200640000000001 -1.334351 4.818123 -2.413893 -1.8441410000000003 0.1101227 -0.6551272 0.9451239000000002 0.02199234 -0.3102261 -1.2996420000000002 -0.6941898000000001 0.21847520000000004 -0.32995330000000006 -0.2884107 -0.1375392 0.06568204 -0.3163905 
-6.112267000000001 17.897809999999996 -7.281906 -1.922877 1.7808569999999997 0.6575582999999999 0.622795 -0.30670749999999997 4.004522000000001 -1.17261 -2.5307810000000006 -0.7117497000000002 -0.3920857 0.36987220000000004 0.3300144 -0.7223366000000001 -0.9311206 -0.6998135000000001 0.1089103 0.07078923999999999 0.289383 0.7195657999999999 -0.1139835 -0.5811884000000002 
-7.499336 18.07293 -7.632706 -1.248824 1.360965 -0.4385113 0.49668670000000004 -1.231917 4.738039 -1.042848 -1.433827 -0.5659335 -0.5410808 0.372808 0.2191352 0.208367 -1.483751 -0.31539159999999994 -0.5414991000000001 -0.23709289999999997 0.8661763999999998 -0.1161571 -0.3719667 -0.9595721 
-7.524529 17.32692 -7.949827 -1.6517 1.123769 -0.4947713999999999 -0.2772122000000001 -1.7601530000000003 4.440707 -1.6106549999999997 -1.061999 -0.4397709 -0.6703294 0.15997039999999998 0.30911 0.5479762 -0.9299800000000003 -0.45537269999999996 -0.09148964999999999 0.1582256 0.5988761 -0.05736947999999999 -0.3583905 -0.3291898 
-8.842695 18.115890000000004 -7.624935 -2.122411 1.8683250000000002 -1.245013 -0.24000630000000006 -1.953965 3.56861 -1.302599 -0.5695416 -0.2489488 -0.3824577 0.5721367 0.20200360000000003 0.2161549 -1.076701 -0.03909047999999999 -0.10273219999999997 -0.4981073999999999 -0.111093 -0.4318488999999999 -0.1925005 -0.2331196 
-8.943629 16.91441 -7.960020999999999 -1.899834 1.75098 -1.1420770000000002 0.2940053 -0.6719527000000001 3.2184209999999998 -1.274755 -0.6371419 -0.1630635 -0.46718329999999997 -0.06612929 -0.3571868 -0.2648403 -1.104322 0.09385621 0.4278874 -0.2775079 -0.20883469999999998 -0.4648987 0.2150824 0.3728661999999999 
-6.077171 15.32212 -5.892961999999999 -0.7726474000000001 0.309785 -1.808676 -0.15792380000000003 0.5942325999999999 2.096327 -1.7187129999999997 -1.5342280000000001 -0.3186594 -0.43105979999999994 -0.18335600000000002 0.1287417 -0.5133277 -0.371043 0.24382070000000006 -0.32340640000000004 -0.8250688000000002 -0.7058798 -0.9405756 -0.4200716 0.1864363 
