5.139402e+000 1.552001e+001 -3.180268e+000 4.541256e+000 -1.292307e+000 1.655704e+000 -3.545830e+000 1.424725e+000 2.266612e+000 -1.712045e+000 -7.713277e-001 -7.896417e-001 7.985839e-002 -1.529714e+000 7.861956e-001 3.878934e-001 -1.327965e+000 -7.541767e-001 6.283802e-001 5.604140e-001 5.845999e-001 5.193844e-001 -7.595408e-002 -4.751640e-002 
4.163973e+000 1.497235e+001 -2.450696e+000 3.678221e+000 -2.075058e+000 2.527096e+000 -3.462726e+000 2.803239e+000 3.013485e+000 -2.227954e+000 2.338786e-001 3.073983e-002 -5.069273e-001 -2.012549e+000 1.544916e+000 7.946510e-002 -1.306230e+000 -5.762763e-001 1.994412e-001 5.070366e-001 2.549710e-001 2.794017e-001 -2.688341e-001 1.906769e-001 
4.611245e+000 1.437040e+001 -2.530503e+000 2.781360e+000 -2.063330e+000 2.106112e+000 -3.175777e+000 2.337207e+000 3.178207e+000 -1.530302e+000 -2.238425e+000 1.728614e-002 -1.668840e-001 -1.152467e+000 7.140152e-001 5.796948e-001 -1.218173e+000 -1.531504e-002 9.976455e-001 3.225656e-001 6.351064e-002 6.336018e-001 -3.004037e-002 -2.514599e-001 
4.606281e+000 1.424448e+001 -3.324520e+000 3.263266e+000 -1.817086e+000 1.122372e+000 -3.566267e+000 2.885880e+000 3.204281e+000 -2.014582e+000 -1.362821e+000 -4.240259e-002 6.725396e-002 -2.984703e-001 6.739703e-001 1.432010e-001 -1.226777e+000 1.630912e-001 6.902885e-001 -3.197245e-002 1.265521e-001 3.852971e-001 9.799714e-002 7.816153e-002 
4.969767e+000 1.408117e+001 -3.000644e+000 3.864290e+000 -1.277635e-001 1.495349e+000 -3.341127e+000 2.436119e+000 1.953967e+000 -2.132463e+000 -9.097499e-001 6.746057e-001 -5.742266e-001 -8.889383e-001 5.588026e-001 5.567233e-002 -1.560123e+000 1.503859e-001 8.019916e-001 2.049386e-001 3.938677e-001 3.135793e-001 4.219282e-003 1.604775e-001 
4.829053e+000 1.467166e+001 -2.787808e+000 2.995357e+000 -1.064911e+000 1.005181e+000 -3.562581e+000 1.870427e+000 2.076462e+000 -1.308512e+000 -6.857205e-001 4.572511e-001 -7.751139e-001 -5.025104e-001 9.929933e-001 4.682715e-001 -1.686269e+000 -3.544127e-002 1.117732e+000 -2.949246e-004 -3.884331e-001 -2.196060e-001 -5.502256e-001 -1.641357e-001 
4.485438e+000 1.311890e+001 -2.803269e+000 3.455712e+000 -1.177277e+000 -5.092792e-002 -4.489175e+000 1.270639e+000 1.513938e+000 -1.814660e+000 -1.280597e+000 5.135664e-002 -6.504685e-002 -1.396637e+000 -4.055113e-001 8.434900e-001 -1.503421e+000 -4.117253e-001 1.046788e+000 1.216586e-001 -7.045045e-002 2.571251e-001 -2.711425e-001 -3.129175e-001 
3.361027e+000 1.429435e+001 -2.059069e+000 3.522426e+000 -4.960538e-001 -8.895599e-002 -4.545663e+000 1.353376e+000 1.738978e+000 -1.570728e+000 -8.404645e-001 1.022572e+000 2.693717e-001 -8.220886e-001 -2.008136e-001 2.820957e-001 -1.123537e+000 2.935845e-001 9.380237e-001 2.125249e-001 1.243432e-001 4.762680e-002 -5.034359e-001 -2.683490e-001 
3.554642e+000 1.409974e+001 -2.163686e+000 1.655918e+000 -6.462284e-001 6.087112e-001 -2.746178e+000 8.941140e-001 2.341497e+000 -1.976449e+000 -9.318144e-001 8.018218e-001 1.968303e-001 -1.033908e-001 4.182976e-001 5.610261e-001 -6.520284e-001 -3.978947e-001 2.974776e-001 -3.259587e-001 5.516891e-001 9.768675e-002 -2.035254e-001 2.435065e-001 
2.772077e+000 1.561717e+001 -1.828226e+000 3.572475e+000 -3.494903e-001 1.497912e+000 -3.130442e+000 1.421443e+000 2.632240e+000 -1.907580e+000 -1.045541e+000 5.010459e-001 -1.133518e+000 -4.930944e-001 1.033014e+000 2.349171e-001 -1.402522e+000 -5.618375e-001 5.171896e-001 1.015306e-001 7.141988e-001 3.657135e-001 1.113028e-001 -2.817884e-001 
2.717566e+000 1.459548e+001 -2.991752e+000 2.408659e+000 -3.067425e-001 1.620158e+000 -3.242447e+000 1.616354e+000 2.355752e+000 -2.196839e+000 -7.060540e-001 6.582574e-002 -9.322166e-001 -9.754189e-001 7.936772e-001 -7.981074e-001 -1.871924e+000 -2.737489e-001 4.394391e-001 3.032429e-001 1.050616e+000 7.314980e-001 2.329436e-001 2.637466e-001 
4.067315e+000 1.314256e+001 -2.854199e+000 2.752296e+000 -1.524031e+000 1.348937e+000 -4.202517e+000 1.726363e+000 2.538376e+000 -2.255866e+000 9.918132e-002 8.270450e-001 -6.609385e-001 -1.428797e+000 9.803070e-001 -5.406759e-001 -2.015870e+000 -4.401770e-003 5.863287e-001 5.944963e-001 8.557363e-001 5.852428e-001 1.702654e-001 3.298807e-001 
3.293078e+000 1.496801e+001 -2.407224e+000 3.141564e+000 -1.291646e+000 1.803959e+000 -3.230529e+000 1.791027e+000 2.570759e+000 -2.299082e+000 -6.345138e-001 3.793481e-001 -6.652478e-001 -9.734703e-001 6.471649e-001 -4.828513e-001 -1.986020e+000 2.223727e-001 4.934439e-001 2.415839e-001 9.750891e-001 8.991571e-001 5.705741e-002 6.977003e-001 
3.358731e+000 1.495408e+001 -2.892201e+000 2.952316e+000 -4.861759e-001 6.840741e-001 -2.870446e+000 2.398432e+000 3.253154e+000 -2.142289e+000 -1.076711e-001 1.337340e+000 1.207222e-001 -1.151409e+000 -3.058798e-001 1.716905e-003 -1.851402e+000 -3.416480e-001 7.108799e-001 1.254976e-001 6.732917e-001 5.833339e-001 -1.189288e-001 4.536437e-001 
2.613900e+000 1.553531e+001 -2.999262e+000 3.846309e+000 1.523180e-001 4.630642e-001 -3.372414e+000 2.190030e+000 3.173748e+000 -1.508561e+000 -9.851860e-001 2.981451e-001 -1.877514e-001 -1.064776e+000 1.616565e-001 6.971074e-001 -1.304184e+000 -9.385850e-001 6.406675e-001 -5.833180e-002 9.980647e-001 7.419286e-001 -3.347177e-001 -3.841026e-002 
3.568397e+000 1.536602e+001 -3.084965e+000 4.044753e+000 6.744776e-001 -1.190645e-001 -3.838692e+000 1.120895e+000 2.371036e+000 -2.257251e+000 -2.379484e-001 8.778252e-002 -8.388978e-001 -7.795536e-001 -1.603384e-002 8.726662e-001 -1.097445e+000 1.138687e-001 1.201355e+000 -4.048347e-001 8.265501e-001 3.292380e-001 -1.574463e-001 -3.556061e-001 
6.879492e+000 1.618048e+001 -4.537469e+000 5.289615e+000 -3.189610e-001 -1.487160e+000 -3.458823e+000 1.283202e+000 2.642203e+000 -2.697475e+000 5.580196e-001 -9.595182e-001 -8.001898e-001 -7.294379e-002 -2.332432e-001 1.094699e+000 -1.001607e+000 6.004300e-001 8.612196e-001 -7.973679e-001 2.801654e-001 -4.521691e-001 -1.013296e-001 -2.187689e-001 
1.098920e+001 1.448482e+001 -3.821136e+000 3.879534e+000 -1.441105e-001 -2.683442e+000 -4.640837e+000 1.141251e+000 2.057340e+000 -2.077108e+000 1.062468e-001 -1.183540e+000 -7.951885e-001 -2.280613e-001 9.157106e-002 9.324956e-001 -6.232936e-001 9.537818e-001 7.927228e-001 -1.134237e+000 2.459352e-001 -3.554543e-002 -7.090643e-001 -4.805122e-001 
1.112387e+001 1.420978e+001 -4.663224e+000 3.768996e+000 -2.308759e+000 -3.602836e+000 -5.608473e+000 9.397657e-001 2.527981e+000 -1.590641e+000 3.066150e-001 -1.482118e+000 -6.070133e-001 -4.440127e-001 -4.814796e-001 1.232864e+000 -4.472387e-001 6.231628e-001 6.228582e-001 -1.624556e+000 1.271491e-001 1.356410e-001 -3.393818e-001 -4.345759e-001 
1.266551e+001 1.520948e+001 -4.184301e+000 4.453414e+000 -1.908015e+000 -3.544674e+000 -5.481325e+000 1.216134e+000 3.594046e+000 -2.240926e+000 1.938416e-001 -1.410590e+000 -5.800870e-001 1.015178e-001 -5.659756e-001 7.838800e-001 -4.987096e-001 8.507664e-001 6.784151e-001 -9.460160e-001 3.046697e-002 2.579070e-001 2.321515e-001 -3.544994e-001 
1.143968e+001 1.574259e+001 -4.599427e+000 5.498323e+000 -1.889288e+000 -3.593837e+000 -5.285599e+000 1.030225e+000 4.531101e+000 -1.469872e+000 8.251333e-001 -1.251946e+000 -3.364306e-001 2.937928e-001 -7.289282e-001 1.490967e+000 -6.858654e-001 3.337851e-001 2.174219e-001 -1.439331e+000 1.425329e-001 -3.196795e-002 1.636236e-001 -6.730122e-001 
1.147789e+001 1.605739e+001 -4.650387e+000 4.328712e+000 -1.986284e+000 -2.818205e+000 -5.217330e+000 2.173714e-001 4.171732e+000 -1.586705e+000 -7.652099e-002 -1.395121e+000 -1.015518e-001 -3.233722e-002 -6.291509e-001 1.329404e+000 -8.899836e-001 2.730552e-001 5.010697e-001 -7.284865e-001 2.971444e-001 3.482993e-001 4.285465e-001 -1.096005e+000 
9.911124e+000 1.682334e+001 -7.481529e+000 4.452185e+000 -3.620853e+000 -2.623164e+000 -5.651045e+000 2.616630e-001 4.492240e+000 -2.455180e+000 5.561428e-001 -1.434043e+000 8.560195e-001 5.126877e-002 -5.635439e-001 9.033046e-001 -9.622869e-001 2.449781e-001 -1.677092e-001 -6.810758e-001 2.004936e-001 4.042179e-001 5.289661e-002 -1.032624e+000 
1.181731e+001 1.530116e+001 -4.015161e+000 4.586586e+000 -1.574564e+000 -3.491719e+000 -5.139329e+000 3.677005e-001 3.777410e+000 -1.188302e+000 9.855037e-002 -1.467158e+000 2.616417e-001 4.702117e-002 -1.454565e+000 1.610131e+000 -5.659976e-001 4.427646e-002 4.018155e-001 -1.264807e+000 5.116706e-001 6.345806e-001 3.207383e-001 -5.616380e-001 
1.174525e+001 1.573859e+001 -4.736140e+000 4.470237e+000 -1.870541e+000 -3.333183e+000 -5.052813e+000 6.006419e-001 3.920027e+000 -1.661738e+000 6.316991e-002 -1.370588e+000 6.569050e-001 4.289813e-001 -9.354218e-001 1.420584e+000 -1.501991e+000 -4.233412e-002 5.333318e-001 -1.156663e+000 3.974260e-001 1.361120e-001 3.778482e-001 -6.123891e-001 
1.213178e+001 1.509890e+001 -3.801727e+000 4.417646e+000 -1.070122e+000 -3.401280e+000 -5.516288e+000 6.953931e-001 3.735348e+000 -1.245515e+000 -2.304957e-001 -1.788974e+000 4.086704e-001 1.415243e-001 -9.111604e-001 1.436551e+000 -1.393264e+000 -1.542793e-001 8.842147e-001 -8.963110e-001 2.157468e-001 5.718641e-001 5.099481e-001 -4.228754e-001 
1.068230e+001 1.623392e+001 -5.683768e+000 4.993804e+000 -2.553400e+000 -2.490980e+000 -5.347683e+000 5.866854e-002 3.668961e+000 -1.796223e+000 2.450524e-001 -1.380104e+000 9.835871e-001 2.795321e-001 -8.060313e-001 1.083355e+000 -1.064266e+000 1.094396e-001 4.635235e-001 -9.405270e-001 -2.844505e-001 2.277172e-001 5.480833e-001 -2.285847e-001 
1.336298e+001 1.287729e+001 -3.105513e+000 2.998184e+000 -1.060719e+000 -3.416198e+000 -4.612920e+000 3.138373e-002 2.552916e+000 -2.190701e+000 -9.737590e-001 -4.966768e-001 4.631149e-001 4.276356e-001 -8.764464e-001 6.109764e-001 -6.909498e-001 -1.526306e-001 5.869371e-001 -6.462895e-001 1.687578e-002 3.496341e-001 4.643875e-001 -2.183952e-001 
1.284520e+001 1.476143e+001 -3.242076e+000 3.336731e+000 -1.132515e+000 -2.268393e+000 -4.767423e+000 5.307474e-002 3.288875e+000 -1.633021e+000 -3.732273e-002 -4.457088e-001 -1.748581e-001 4.906111e-001 -9.763108e-002 6.993357e-001 -8.528397e-001 1.635026e-002 3.089858e-001 -5.797363e-001 2.381279e-001 2.424452e-001 3.977110e-001 -5.317174e-001 
8.921163e+000 1.191601e+001 -1.549981e+000 2.126537e+000 -7.070105e-002 2.009472e-001 -2.688165e+000 9.755541e-001 2.327439e+000 -1.982192e+000 -2.156557e-001 -1.509491e-001 -5.102881e-001 -6.035096e-001 -1.040113e-001 4.096120e-001 -1.248718e+000 -3.786914e-001 4.925140e-001 1.791662e-001 4.562236e-001 4.331276e-001 4.053558e-001 2.366054e-002 
4.667313e+000 1.389464e+001 -3.132427e+000 3.860713e+000 -1.405977e+000 1.355374e+000 -3.446434e+000 1.469540e+000 2.245315e+000 -3.038066e+000 -6.533538e-001 -6.687856e-001 2.168685e-001 -1.453569e+000 1.418143e+000 -2.243869e-002 -1.314845e+000 3.631221e-001 5.790574e-001 7.592792e-001 -2.928999e-001 8.304678e-001 -4.895060e-001 1.035531e-001 
4.429023e+000 1.437437e+001 -3.617793e+000 3.618248e+000 -1.252943e+000 1.063690e+000 -3.965844e+000 2.081010e+000 1.762153e+000 -2.903931e+000 -1.246830e+000 -8.001630e-001 -2.286125e-001 -1.361255e+000 1.623124e+000 4.970566e-001 -1.020611e+000 3.129040e-001 3.321433e-001 1.887341e-001 5.203242e-001 4.239217e-001 -1.783477e-001 3.536011e-001 
4.194786e+000 1.322043e+001 -4.011886e+000 2.916009e+000 -2.220077e+000 6.839357e-001 -3.864865e+000 1.486501e+000 2.073521e+000 -2.139398e+000 -1.205580e+000 5.594360e-001 6.698550e-001 -6.610704e-001 8.437063e-001 3.180841e-001 -8.839054e-001 4.383457e-001 5.701640e-001 -2.120944e-001 1.161254e-001 2.322738e-001 -2.431795e-002 2.568571e-001 
4.341757e+000 1.336976e+001 -2.849928e+000 4.467457e+000 7.981759e-002 1.377733e+000 -4.289851e+000 1.119856e+000 2.896690e+000 -1.788613e+000 -6.112074e-001 1.928857e-001 -8.480663e-001 -1.229964e+000 6.132703e-001 1.015140e-001 -1.124718e+000 1.624456e-001 4.624202e-001 -1.696891e-001 4.851243e-001 7.246199e-001 8.340610e-001 7.750621e-001 
3.646093e+000 1.333360e+001 -2.824395e+000 4.126165e+000 1.660075e-001 2.044676e+000 -3.216850e+000 1.479536e+000 2.693686e+000 -1.615827e+000 -8.599841e-001 1.367310e+000 8.472759e-002 -8.200518e-001 2.607220e-001 6.112859e-001 -1.929324e+000 -3.107011e-001 7.670562e-001 -1.395401e-001 -3.715508e-001 -1.051758e-001 3.896036e-002 -3.299184e-001 
4.510530e+000 1.296390e+001 -3.064139e+000 3.641296e+000 -1.326439e-001 1.634890e+000 -2.162898e+000 1.632905e+000 2.004551e+000 -2.132382e+000 4.633573e-002 2.429212e-001 -3.908921e-001 -1.104857e+000 5.013067e-001 3.310870e-001 -1.543213e+000 4.638164e-001 9.173345e-001 1.523321e-001 3.710331e-001 -2.055764e-001 -3.613065e-001 5.595839e-002 
3.945794e+000 1.438722e+001 -1.699843e+000 2.415709e+000 -7.104405e-001 1.795191e+000 -3.195940e+000 1.551178e+000 1.214479e+000 -1.948666e+000 -7.390320e-001 5.638947e-002 9.833689e-002 -3.837891e-001 1.748926e-001 -2.859284e-001 -1.427992e+000 7.531763e-001 9.012323e-001 -1.477241e-001 2.987073e-001 -4.496762e-003 -4.549708e-001 3.594002e-001 
2.570002e+000 1.356729e+001 -2.812505e+000 2.168648e+000 -1.383265e-001 1.647418e+000 -3.257325e+000 1.432164e+000 1.875463e+000 -2.687045e+000 -7.596034e-001 1.376589e+000 -1.097450e-001 -9.322848e-002 9.317126e-001 1.349908e-001 -1.467738e+000 2.988629e-001 6.736760e-001 -2.126711e-001 2.793060e-001 -7.533711e-001 -8.168656e-001 2.051186e-001 
2.559117e+000 1.365126e+001 -3.122856e+000 2.280848e+000 -1.326586e+000 8.647233e-001 -3.882970e+000 1.544736e+000 2.302839e+000 -2.872688e+000 -9.733242e-001 8.336343e-001 -9.734018e-001 -1.126093e+000 2.535862e-001 -6.194543e-002 -1.435660e+000 -1.574331e-002 5.707002e-001 1.664952e-001 7.014070e-001 -5.662421e-001 -6.455459e-001 3.833565e-003 
3.018936e+000 1.511793e+001 -3.171428e+000 3.463863e+000 -1.663043e-001 1.819005e+000 -2.811006e+000 2.485890e+000 2.831286e+000 -2.671756e+000 -5.230405e-001 7.029402e-002 -7.133713e-001 -7.317319e-001 9.757416e-001 6.817045e-002 -1.114827e+000 5.249665e-002 1.916837e-001 -3.786322e-001 4.617112e-001 -2.530838e-001 -8.094087e-001 -4.641324e-001 
3.736080e+000 1.443759e+001 -2.268560e+000 3.628390e+000 -1.899730e-001 9.051993e-001 -2.574192e+000 2.037390e+000 2.543589e+000 -1.562534e+000 -9.070597e-002 -4.196316e-003 -3.958996e-001 -6.086640e-001 9.932385e-001 2.186226e-002 -1.652179e+000 -3.508811e-001 -6.958829e-002 -1.646837e-001 8.216257e-001 3.901544e-001 -4.059909e-001 7.412315e-002 
4.166720e+000 1.469467e+001 -2.020550e+000 3.370451e+000 -1.597243e+000 1.897736e+000 -4.634768e+000 1.667966e+000 2.539877e+000 -1.390565e+000 -3.736623e-001 -7.368507e-002 -3.718376e-001 -1.224049e+000 6.970024e-001 -5.821150e-001 -1.480041e+000 8.242403e-002 -1.516634e-002 5.069149e-001 9.344487e-001 8.226920e-001 1.386007e-003 2.192384e-001 
3.849961e+000 1.534670e+001 -2.306856e+000 2.980653e+000 -6.908267e-001 3.481230e-001 -3.595760e+000 1.715530e+000 2.639327e+000 -2.204722e+000 -7.262976e-001 5.655290e-001 -4.725042e-001 -1.034160e+000 7.119427e-001 -2.698827e-001 -1.713959e+000 -8.178413e-002 2.159053e-001 1.340237e-001 7.956221e-001 5.544062e-001 -3.668510e-001 7.181358e-001 
1.941937e+000 1.426822e+001 -3.986051e+000 2.732397e+000 -6.567884e-001 -7.097748e-002 -3.947513e+000 1.359864e+000 2.227514e+000 -3.178807e+000 -2.118612e+000 4.100433e-002 -6.606128e-001 -6.483207e-001 4.422791e-001 7.573909e-001 -1.454435e+000 -2.014241e-001 5.700100e-001 5.192279e-002 5.651252e-001 6.687273e-001 9.673306e-002 -1.020297e-001 
2.593534e+000 1.407967e+001 -2.209725e+000 2.877082e+000 -1.799900e-001 7.156203e-001 -2.532930e+000 8.484526e-001 3.270235e+000 -1.843958e+000 -6.342501e-001 -4.894249e-001 -7.209738e-001 -4.358738e-001 -9.974020e-002 7.537692e-001 -1.826925e+000 -1.850026e-001 1.084403e+000 -2.469362e-001 9.155550e-001 3.004521e-001 3.172111e-001 -1.248139e-001 
4.438328e+000 1.518509e+001 -4.405608e+000 3.750557e+000 -4.700630e-001 -9.710574e-001 -2.847660e+000 1.157319e+000 2.550527e+000 -2.688779e+000 2.700257e-001 -4.807979e-001 -8.875069e-001 -2.561618e-001 -6.786071e-001 7.895274e-001 -1.504684e+000 -2.317574e-002 1.182238e+000 -3.270052e-001 1.115177e+000 2.260360e-001 1.764035e-001 -5.850222e-001 
8.501367e+000 1.529736e+001 -4.423248e+000 4.409877e+000 -5.677535e-001 -2.549771e+000 -4.243535e+000 1.534686e+000 2.787870e+000 -2.405621e+000 7.388108e-002 -1.199369e+000 -7.927267e-001 -3.951774e-002 1.935442e-001 9.451472e-001 -7.575395e-001 8.446226e-001 6.721675e-001 -8.592815e-001 1.981766e-001 -2.260713e-001 -4.238547e-001 -3.656449e-001 
1.123085e+001 1.540666e+001 -4.006958e+000 4.985390e+000 -1.251641e+000 -2.727839e+000 -4.860195e+000 1.564629e+000 3.141995e+000 -1.540315e+000 8.525264e-002 -8.703089e-001 -7.954650e-001 -7.683356e-002 -3.931041e-001 1.370542e+000 -6.396784e-001 6.625368e-001 8.983170e-001 -1.323170e+000 4.962260e-001 -2.058736e-001 -4.001012e-001 -3.485470e-001 
1.062905e+001 1.648910e+001 -5.570700e+000 5.391213e+000 -2.646716e+000 -2.359804e+000 -6.001343e+000 1.717856e+000 3.773348e+000 -1.627408e+000 4.988851e-001 -1.374724e+000 -2.319595e-001 -1.277199e-001 -3.561991e-001 9.593726e-001 -4.659047e-001 7.231507e-001 7.352218e-001 -1.614866e+000 3.124143e-001 -9.386141e-002 -8.704922e-002 -3.695257e-001 
1.157799e+001 1.591060e+001 -5.689948e+000 4.613972e+000 -2.630463e+000 -3.123618e+000 -5.493087e+000 4.418590e-001 3.708186e+000 -2.320355e+000 5.013279e-001 -1.471208e+000 -5.619326e-001 -2.171318e-001 -9.294489e-001 1.388088e+000 -2.908248e-001 6.338742e-001 2.623365e-001 -1.058381e+000 3.217869e-001 2.513844e-001 1.029300e-001 -5.819452e-001 
1.090892e+001 1.656465e+001 -5.622010e+000 4.753819e+000 -2.635699e+000 -3.083692e+000 -5.277218e+000 8.171604e-001 4.226531e+000 -2.203423e+000 6.219624e-001 -1.036902e+000 1.284213e-001 4.839247e-001 -9.293654e-001 9.791610e-001 -5.294038e-001 5.090922e-001 2.871313e-001 -1.199919e+000 -8.023123e-003 1.777504e-001 2.262312e-001 -5.872611e-001 
1.011533e+001 1.787704e+001 -6.087404e+000 5.749207e+000 -2.701068e+000 -2.365935e+000 -5.704342e+000 7.114903e-001 4.770635e+000 -2.307080e+000 7.637304e-001 -1.566308e+000 6.392664e-001 1.031581e-001 -5.708580e-001 1.065006e+000 -6.597877e-001 4.823717e-001 2.698806e-002 -4.806511e-001 -8.876980e-003 5.014524e-001 4.404236e-001 -1.062155e+000 
1.226668e+001 1.509756e+001 -4.670980e+000 3.802609e+000 -1.693192e+000 -3.040444e+000 -5.013502e+000 6.428404e-001 4.227081e+000 -1.384582e+000 1.682792e-001 -1.073200e+000 4.109477e-001 7.900842e-001 -6.539359e-001 1.106663e+000 -1.026790e+000 3.449285e-001 5.698807e-001 -1.125087e+000 2.849487e-001 5.047039e-002 2.112788e-001 -6.206508e-001 
1.227399e+001 1.527417e+001 -4.563975e+000 3.871238e+000 -1.896998e+000 -3.639521e+000 -4.788643e+000 6.460494e-001 3.813996e+000 -1.512463e+000 -2.039064e-001 -1.222919e+000 7.564550e-001 6.910871e-001 -1.167976e+000 1.247856e+000 -1.004897e+000 2.276658e-001 9.498796e-001 -1.115171e+000 7.261974e-002 1.823650e-001 4.479394e-001 -3.912073e-001 
1.122905e+001 1.518755e+001 -5.585718e+000 4.045770e+000 -2.542253e+000 -3.426551e+000 -5.625314e+000 7.055294e-001 3.921329e+000 -1.507302e+000 1.861032e-001 -1.392764e+000 1.114998e+000 6.964677e-001 -4.776616e-001 1.194917e+000 -1.384024e+000 1.631552e-001 7.308260e-001 -1.057394e+000 -2.335094e-001 2.603786e-001 3.731617e-001 -2.689481e-001 
1.273723e+001 1.352770e+001 -3.978861e+000 3.333397e+000 -1.424212e+000 -3.781460e+000 -5.536016e+000 6.799769e-001 3.878670e+000 -8.227082e-001 -2.642449e-004 -1.466989e+000 5.429067e-001 7.226922e-001 -3.275302e-001 1.655659e+000 -1.454080e+000 -5.437130e-001 7.299038e-001 -9.039567e-001 3.208122e-001 4.303355e-001 -7.974933e-002 -8.304173e-001 
1.002320e+001 1.693974e+001 -6.196066e+000 6.223399e+000 -2.427621e+000 -2.636628e+000 -5.364507e+000 -2.131126e-001 4.090373e+000 -1.857854e+000 4.596480e-001 -1.466389e+000 9.840651e-001 7.674998e-001 -4.431666e-001 1.262811e+000 -1.114203e+000 1.374707e-001 5.942468e-001 -6.480809e-001 4.358774e-002 2.156963e-001 6.131354e-001 -3.744346e-001 
1.046935e+001 1.638478e+001 -5.721322e+000 5.520993e+000 -2.519712e+000 -2.364488e+000 -4.622174e+000 2.385973e-001 4.273736e+000 -2.209546e+000 2.656020e-001 -6.665772e-001 1.023245e+000 9.445843e-001 -3.967129e-001 1.027194e+000 -1.308996e+000 1.275518e-001 6.633540e-001 -8.374062e-001 -2.719923e-001 -5.410274e-002 4.775902e-001 -5.549785e-001 
