6.224036e+000 1.014028e+001 -2.007788e+000 2.262294e+000 -1.068411e+000 1.196443e+000 -2.771373e+000 8.507114e-001 -2.019750e-002 -2.907548e-001 -7.704063e-001 -2.881564e-002 
8.849937e+000 6.962227e+000 -1.246915e+000 2.625104e+000 -8.779542e-001 7.198464e-001 -2.214590e+000 1.155421e+000 -9.445426e-001 1.244808e-001 -4.345332e-001 6.128708e-003 
1.107155e+001 3.523387e+000 -5.569585e-002 3.322610e+000 -1.371446e+000 1.616052e+000 -1.857639e+000 1.165813e+000 -9.050345e-001 4.478648e-001 -7.019124e-001 1.710547e-002 
1.065391e+001 8.654955e+000 -3.572556e-001 4.295855e+000 -1.063489e-001 2.978028e-001 -2.806945e+000 1.173644e+000 -3.323802e-001 -7.518088e-003 -7.922202e-001 -1.364209e-002 
1.139427e+001 1.002584e+001 -1.001037e+000 3.500155e+000 9.811926e-001 2.064359e-001 -3.467069e+000 3.658077e-001 2.610223e-001 -2.529024e-001 7.964757e-002 -1.587752e-001 
1.254863e+001 1.105598e+001 -1.257769e+000 4.365262e+000 4.284107e-001 5.701285e-001 -4.666244e+000 1.268897e+000 -1.357484e-001 -4.812057e-002 -6.753200e-001 -4.719346e-001 
1.329162e+001 1.053915e+001 -1.271034e+000 3.575534e+000 1.158327e+000 -7.076265e-002 -3.881884e+000 8.172741e-001 1.055152e-001 -1.652595e-001 -6.852544e-002 -6.750865e-001 
1.356308e+001 1.048841e+001 -1.558329e+000 3.788563e+000 1.866170e+000 6.383441e-002 -3.549208e+000 3.427870e-001 7.544785e-003 -2.904995e-001 -3.317464e-001 -3.678594e-001 
1.328479e+001 1.087118e+001 -1.917205e+000 4.625067e+000 1.422448e+000 7.053119e-001 -3.352687e+000 2.955466e-002 -3.536100e-001 -5.323160e-001 -6.910468e-001 7.309587e-002 
1.392494e+001 1.126223e+001 -2.107890e+000 4.043599e+000 1.318008e+000 8.973619e-001 -2.919074e+000 -1.677060e-001 6.273465e-003 -3.599962e-001 -1.390757e+000 2.282633e-001 
1.347878e+001 1.162080e+001 -3.169820e+000 5.064510e+000 7.264419e-001 1.724411e+000 -3.753531e+000 1.301419e-001 -4.088743e-001 -2.391829e-002 -1.151145e+000 3.690403e-001 
1.401889e+001 1.122114e+001 -2.364736e+000 4.351330e+000 1.251223e+000 1.126621e+000 -3.081408e+000 -5.423565e-001 -5.102799e-002 -6.707688e-002 -1.012821e+000 5.865135e-001 
1.416596e+001 1.119517e+001 -2.378773e+000 4.086031e+000 1.175454e+000 1.246136e+000 -3.162443e+000 -8.659435e-001 -2.957372e-001 -3.019667e-002 -5.925780e-001 8.497411e-001 
1.470196e+001 1.114857e+001 -2.469254e+000 4.540246e+000 8.125984e-001 5.407263e-001 -2.910563e+000 -3.380408e-001 -1.604725e-001 6.216947e-002 -6.955403e-001 2.546422e-001 
1.463613e+001 1.113292e+001 -2.460168e+000 4.335797e+000 8.013661e-001 1.375212e-002 -3.062102e+000 1.564477e-001 -3.289231e-002 -1.271489e-002 -7.560182e-001 -2.110569e-001 
1.522395e+001 1.062679e+001 -1.668569e+000 3.616163e+000 1.012170e+000 3.082944e-001 -3.091335e+000 -8.564155e-003 3.321035e-001 -3.528455e-001 -6.356501e-001 -3.533087e-001 
1.062945e+001 1.018100e+001 -1.531381e+000 2.721333e+000 6.501756e-001 4.458126e-001 -2.348206e+000 -5.880997e-002 3.537489e-001 -4.644021e-001 -4.081089e-001 -8.392549e-002 
6.315365e+000 8.851922e+000 -1.526938e+000 2.458495e+000 -5.696275e-001 1.615969e+000 -2.209759e+000 1.033680e+000 3.279820e-001 -4.540696e-001 -7.001834e-001 4.326616e-001 
1.008600e+001 4.800707e+000 -1.381055e+000 3.191071e+000 -7.913894e-001 1.194593e+000 -2.193099e+000 1.310330e+000 -1.413729e+000 1.223905e-001 -7.298993e-001 -2.243740e-001 
1.121914e+001 4.897359e+000 -6.114276e-002 3.122261e+000 -1.516461e+000 1.130057e+000 -2.323967e+000 8.720082e-001 -7.492221e-001 4.456133e-002 -1.148517e+000 -9.892654e-002 
1.086933e+001 9.340964e+000 -1.180910e+000 3.462104e+000 1.561937e-001 1.991418e-001 -2.834436e+000 4.917505e-001 -1.760786e-001 -1.643991e-001 -3.831513e-001 6.508780e-002 
1.178982e+001 1.113435e+001 -1.650765e+000 4.327734e+000 4.192655e-001 6.580491e-001 -4.185598e+000 8.734237e-001 -2.387183e-001 7.998345e-003 -2.747462e-001 -9.578597e-002 
1.300502e+001 1.026788e+001 -6.811242e-001 3.447201e+000 1.167055e+000 4.735784e-002 -4.194657e+000 4.105332e-001 1.688670e-001 -2.083155e-001 -2.206623e-002 -3.981537e-001 
1.312211e+001 1.163899e+001 -2.419385e+000 4.225399e+000 5.055057e-001 4.762671e-001 -4.328637e+000 1.526288e+000 -5.389249e-001 6.879084e-002 -3.441591e-001 -6.846521e-001 
1.384440e+001 1.012707e+001 -1.116341e+000 3.196273e+000 2.027535e+000 -4.613914e-002 -3.120239e+000 9.351126e-002 2.380533e-001 -7.158098e-001 -7.950218e-001 -5.041417e-001 
1.327550e+001 1.090620e+001 -2.121341e+000 4.134177e+000 1.022715e+000 6.237112e-001 -3.247246e+000 3.024591e-001 -2.353605e-001 -5.035799e-001 -1.140455e+000 -1.246542e-001 
1.371974e+001 1.111467e+001 -2.319171e+000 4.313221e+000 1.579724e+000 8.068031e-001 -3.211251e+000 -5.611728e-001 -2.740534e-001 -1.596913e-001 -1.137057e+000 4.146837e-001 
1.319054e+001 1.156600e+001 -3.599120e+000 5.554566e+000 6.877546e-001 1.676892e+000 -3.851437e+000 1.759846e-002 -9.035944e-001 2.061160e-002 -1.271265e+000 3.126813e-001 
1.336114e+001 1.153678e+001 -2.996467e+000 4.953116e+000 9.872182e-001 1.398308e+000 -3.514330e+000 -5.790040e-001 -5.054214e-001 4.987767e-002 -9.373582e-001 7.166314e-001 
1.397556e+001 1.106509e+001 -2.524171e+000 4.138724e+000 7.708253e-001 7.699538e-001 -3.168608e+000 -4.953910e-001 -1.155913e-001 1.917173e-002 -8.850626e-001 4.025932e-001 
1.469758e+001 1.093924e+001 -2.361388e+000 4.558711e+000 8.458861e-001 3.430268e-001 -2.732484e+000 -3.491446e-001 -2.528646e-001 -1.800350e-002 -6.906849e-001 2.508019e-001 
1.459019e+001 1.124693e+001 -2.478719e+000 4.354334e+000 1.085966e+000 2.146547e-001 -3.228312e+000 3.287558e-001 -1.865129e-001 -9.816645e-002 -9.733506e-001 -3.905805e-001 
