-1.655826e+000 1.115150e+001 -1.081249e+000 8.777193e-001 2.006228e+000 3.797482e-001 -2.073428e+000 -1.854355e-002 1.007905e+000 -6.410762e-001 1.135773e-001 5.694711e-001 
-4.461366e+000 1.333543e+001 -8.059663e-001 8.393045e-002 2.575493e+000 7.856057e-001 -1.145862e+000 -1.947821e-001 5.732639e-001 -1.468973e+000 -6.431196e-001 9.329261e-001 
-5.016275e+000 1.359928e+001 -1.409122e+000 -3.603065e-001 3.189664e+000 1.191455e+000 -9.629676e-001 -2.085056e-001 7.269864e-001 -2.323738e+000 -6.885917e-001 9.916232e-001 
-5.456333e+000 1.209563e+001 -8.420915e-001 -1.266478e-002 3.306334e+000 1.174265e+000 -9.985980e-001 -1.169634e-001 7.832710e-001 -2.010952e+000 -1.043178e+000 1.016959e+000 
-6.356357e+000 1.356347e+001 -1.256294e+000 -3.712484e-001 2.963299e+000 6.168435e-001 -1.151646e+000 -4.991896e-001 1.283631e+000 -2.187893e+000 -2.683697e-001 8.160198e-001 
-6.289707e+000 1.364738e+001 -8.273612e-001 -2.142114e-001 2.389222e+000 7.195136e-001 -1.363518e+000 -6.011127e-001 1.256613e+000 -2.187577e+000 -2.743026e-001 8.027588e-001 
-4.653259e+000 1.276843e+001 -3.969874e-001 -1.004112e-001 2.337391e+000 1.166768e+000 -1.106935e+000 1.313057e-001 4.925487e-001 -1.626649e+000 -6.897866e-001 7.606231e-001 
-2.769572e+000 1.005566e+001 -2.097018e-001 1.282420e+000 2.059512e+000 2.007332e+000 -2.113890e+000 4.329677e-003 2.094752e-002 -1.902061e+000 -8.255004e-001 6.478411e-002 
2.218551e+000 6.568313e+000 -1.266279e-001 2.878050e+000 -2.933561e-001 3.471823e+000 -2.959279e+000 2.853232e-001 -2.923221e-001 -7.068503e-001 -5.893382e-001 -1.208402e-001 
1.340775e+000 1.069251e+001 -5.282363e-002 2.044919e+000 1.263443e+000 2.003501e+000 -3.290214e+000 -2.653161e-001 3.544879e-001 -1.011925e+000 -3.135649e-001 2.866659e-001 
2.098796e+000 1.221849e+001 -1.852210e+000 3.154583e+000 2.489856e+000 9.994478e-001 -3.040192e+000 -4.975271e-001 5.131968e-001 -2.510130e-001 -9.601222e-001 7.621459e-001 
2.624491e+000 1.249950e+001 -7.864060e-001 3.730470e+000 2.331024e+000 5.278055e-001 -3.359048e+000 -3.987548e-001 9.215153e-001 -4.416362e-001 -5.231306e-001 6.720391e-001 
3.454141e+000 1.073489e+001 1.833510e-001 3.376223e+000 2.405309e+000 1.148794e-001 -3.627325e+000 -5.886856e-001 1.181092e+000 -8.263949e-001 -4.223022e-001 6.054878e-001 
4.079787e+000 1.072400e+001 9.410925e-001 3.086122e+000 1.786635e+000 5.386155e-001 -3.367429e+000 -5.411970e-001 7.933463e-001 -6.829295e-001 -2.852941e-001 9.661817e-001 
4.786157e+000 1.032810e+001 8.218053e-001 4.120204e+000 1.497028e+000 2.437280e-001 -3.440530e+000 -8.596075e-001 4.512248e-001 -5.075471e-001 -6.120340e-001 7.740137e-001 
5.452628e+000 9.720591e+000 1.134505e+000 3.820436e+000 1.672626e+000 4.323926e-002 -2.471900e+000 -1.071082e+000 1.710978e-001 -8.457994e-001 -5.252619e-001 5.897062e-001 
7.479204e+000 7.881611e+000 9.589281e-001 1.550478e+000 1.831188e+000 -2.967139e-002 -1.754969e+000 -3.478832e-001 6.642621e-001 -4.734922e-001 -3.662910e-001 2.978586e-001 
-3.111735e+000 1.262894e+001 -1.850731e+000 -2.305891e-001 1.811227e+000 1.467452e+000 -1.117206e+000 2.094141e-001 4.861171e-001 -1.503838e+000 -2.873562e-001 6.444286e-001 
-4.803433e+000 1.349050e+001 -1.113109e+000 3.167377e-001 2.905420e+000 1.114188e+000 -7.194417e-001 -4.862980e-001 3.794782e-001 -2.252968e+000 -7.424412e-001 5.941324e-001 
-5.292144e+000 1.239209e+001 -1.064386e+000 -6.213188e-001 2.411969e+000 9.916301e-001 -1.089519e+000 -1.905733e-001 8.400096e-001 -2.082166e+000 -6.231989e-001 1.065439e+000 
-5.826996e+000 1.307415e+001 -1.456713e+000 -4.327232e-001 2.569436e+000 6.509745e-001 -1.235646e+000 -7.700399e-001 8.335211e-001 -2.366763e+000 -1.021027e+000 1.081672e+000 
-6.073404e+000 1.315232e+001 -1.376511e+000 -5.798286e-001 3.087431e+000 1.005454e+000 -9.292539e-001 -3.788479e-001 8.721945e-001 -2.585477e+000 -8.742548e-001 1.012248e+000 
-6.824959e+000 1.245673e+001 -8.233806e-001 -4.811810e-001 1.950331e+000 9.662999e-001 -1.339357e+000 -5.632034e-001 6.691206e-001 -2.360249e+000 -1.393400e-001 8.950718e-001 
-5.949587e+000 1.125101e+001 -1.115488e+000 -1.209848e-001 1.930862e+000 1.104662e+000 -1.093396e+000 5.978727e-001 1.440056e-001 -1.547477e+000 -2.594760e-001 4.716535e-001 
-2.101788e+000 7.566791e+000 -8.811605e-001 1.927226e+000 4.935493e-001 3.420175e+000 -2.199721e+000 7.849136e-001 1.581119e-001 -1.150085e+000 -5.208669e-001 6.772705e-002 
1.470159e+000 6.427734e+000 -3.046766e-001 2.801320e+000 -4.497515e-001 3.406684e+000 -2.706751e+000 1.125422e+000 -5.942170e-003 -8.399921e-001 -4.522878e-001 3.645724e-001 
1.353074e+000 1.128526e+001 -5.787254e-001 2.299792e+000 2.276616e+000 1.078737e+000 -3.160992e+000 -6.110224e-001 6.166058e-001 -6.007491e-001 -4.436859e-001 4.726703e-001 
1.773885e+000 1.219393e+001 -1.359688e+000 3.594554e+000 2.605832e+000 5.903444e-001 -3.636321e+000 -8.342859e-001 7.071798e-001 -1.658462e-001 -7.739702e-001 6.491248e-001 
2.711094e+000 1.229354e+001 -8.964915e-001 3.660605e+000 1.993683e+000 4.612755e-001 -3.350614e+000 -5.584099e-001 7.521696e-001 -4.076827e-001 -3.479789e-001 9.080438e-001 
4.338498e+000 1.073745e+001 2.283938e-001 2.355237e+000 1.924624e+000 6.394499e-001 -3.294700e+000 -5.923377e-001 1.070829e+000 -1.150609e+000 -3.717950e-001 9.708984e-001 
3.934673e+000 1.091724e+001 1.513436e-001 3.829136e+000 1.424123e+000 6.726508e-001 -3.696010e+000 -6.842244e-001 7.377912e-001 -6.183051e-001 -5.623309e-001 8.652863e-001 
5.459274e+000 9.638653e+000 1.062167e+000 4.258755e+000 1.785979e+000 1.833767e-001 -2.849185e+000 -7.491043e-001 2.806396e-001 -7.347106e-001 -6.930443e-001 4.443942e-001 
