-4.599402e+000 2.035501e+001 1.105214e+000 2.713662e+000 1.041589e+000 -2.464378e+000 -4.321032e+000 -1.174942e-001 1.170402e+000 -3.969482e+000 -3.330361e+000 -9.755154e-001 -1.342455e+000 -3.661220e+000 -6.168154e-001 2.615479e+000 -6.074256e-001 -2.740910e+000 -9.484124e-001 -3.018093e-001 -1.488045e+000 -2.176672e+000 -2.073993e+000 -5.553127e-001 6.148031e-001 -9.153060e-001 -7.540585e-001 5.784811e-001 7.445959e-001 7.871287e-001 -6.195412e-002 -6.451864e-001 2.138117e-002 3.384755e-001 5.706867e-001 7.194240e-001 
-1.080480e+001 2.078247e+001 6.853955e-001 1.300646e+000 1.436973e+000 -1.081145e+000 -3.795718e+000 -9.850164e-001 1.628326e+000 -2.740921e+000 -3.373935e+000 -2.168286e+000 -1.679919e+000 -3.294442e+000 -7.173991e-001 1.528493e+000 -8.471295e-001 -3.388892e+000 -2.017661e+000 -6.897933e-001 -1.325254e+000 -1.798119e+000 -1.810192e+000 -9.675597e-001 -7.339182e-001 -1.411947e+000 -7.030719e-001 2.465094e-001 1.490520e-001 5.296478e-002 4.658639e-001 1.104231e-001 -2.318130e-001 4.054286e-001 9.945353e-001 8.972707e-001 
-1.547268e+001 2.128379e+001 3.099235e+000 3.851782e+000 4.466306e-001 -1.691425e+000 -2.248269e+000 7.688066e-002 2.863521e+000 -3.044339e+000 -2.091049e+000 -1.360714e+000 -5.731681e-001 -1.873193e+000 -1.498017e+000 -5.091747e-001 -5.173296e-001 -1.843179e+000 -1.643098e+000 -3.863510e-001 -1.007187e+000 -8.992037e-001 -1.075054e+000 -1.113010e+000 -8.963789e-001 -6.892212e-001 -3.859213e-001 -1.599976e-001 -1.143165e-003 -2.454114e-001 3.744690e-001 8.490954e-001 3.400141e-001 2.055801e-001 4.937008e-001 5.839801e-001 
-1.808913e+001 2.101671e+001 3.964175e+000 4.367831e+000 9.139397e-001 -2.348457e+000 -2.100396e+000 -6.736188e-001 2.199853e+000 -2.928921e+000 -9.155758e-001 -3.373425e-001 -5.764530e-002 -1.701069e+000 -1.589550e+000 -6.373397e-001 -7.227380e-001 -1.703661e+000 -1.481595e+000 -7.136579e-001 -6.671965e-001 1.630306e-001 -1.134368e+000 -1.607491e+000 -7.013904e-001 -1.203989e+000 -2.772756e-001 1.271756e-001 1.005117e-001 -1.108494e-001 6.434329e-001 6.559734e-001 -1.864716e-001 6.646553e-002 1.285582e-001 1.464080e-001 
-1.706206e+001 2.026453e+001 4.977124e+000 2.487440e+000 1.031495e+000 -1.842977e+000 -1.352372e+000 4.968868e-001 1.696688e+000 -1.453918e+000 -2.087366e+000 -1.205669e+000 -3.970782e-001 -1.017758e+000 -1.211797e+000 -1.016931e+000 -7.560097e-001 -1.704655e+000 -1.800685e+000 -8.277769e-001 -3.410715e-001 -1.151203e-001 -6.228698e-001 -1.130338e+000 -1.286558e+000 -1.462131e+000 -5.836915e-001 2.654505e-001 5.537963e-001 4.039335e-001 1.434789e-001 3.259875e-002 -1.229411e-001 1.629640e-001 4.366126e-001 2.597451e-001 
-1.826036e+001 2.121919e+001 5.149731e+000 2.740347e+000 2.016129e+000 -1.800807e+000 -2.069955e+000 4.384713e-001 2.148231e+000 -2.091670e+000 -2.755558e+000 -1.180135e+000 6.503025e-001 -5.053658e-001 -1.135309e+000 -8.404430e-001 -6.984295e-001 -1.530341e+000 -2.028671e+000 -1.702542e+000 -9.406059e-001 -3.070395e-001 -2.563183e-001 -7.058004e-001 -8.087792e-001 -9.858878e-001 -5.030793e-001 3.671020e-001 3.273111e-001 1.924797e-001 4.372977e-001 -1.118938e-001 -5.695821e-001 7.530661e-003 5.060147e-001 3.276583e-001 
-8.237400e+000 1.392375e+001 4.700082e+000 2.593465e+000 1.240975e+000 -6.836084e-001 -1.234850e+000 -5.353500e-001 -3.399155e-001 -1.353487e+000 -1.556670e+000 -9.234162e-001 -5.845014e-001 -7.337686e-001 -4.489672e-001 -2.028361e-001 -5.381335e-001 -1.124560e+000 -1.322256e+000 -1.412104e+000 -1.503162e+000 -1.172155e+000 -5.276064e-001 -2.297839e-001 -2.703753e-001 -2.545045e-001 -2.248853e-001 -3.395854e-001 -4.545038e-001 -3.493771e-001 -2.181674e-001 -1.687412e-001 7.123043e-002 3.871738e-001 3.838098e-001 1.478522e-001 
8.864485e+000 1.262521e+001 2.710106e+000 1.246328e+000 3.000862e-001 -1.979125e+000 -2.450699e+000 -7.032700e-001 -3.876660e-001 -2.294890e+000 -2.437536e+000 -8.124982e-001 -5.793308e-001 -1.564352e+000 -8.458112e-001 4.756956e-001 -1.403864e-001 -1.368187e+000 -9.431915e-001 -3.841637e-001 -1.145264e+000 -1.635009e+000 -7.429177e-001 4.263640e-002 -2.043678e-001 -4.273895e-001 6.238010e-002 3.547865e-001 7.247493e-003 -1.215311e-001 8.245116e-002 9.538179e-002 5.187160e-002 2.476682e-001 4.625133e-001 3.543887e-001 
-8.489297e+000 2.361272e+001 -7.726564e-001 3.246653e+000 5.142650e-001 -1.346251e+000 -4.688954e+000 -8.588396e-001 2.116970e+000 -4.775608e+000 -2.201275e+000 -1.748706e+000 -5.729237e-001 -4.672261e+000 -4.842502e-003 2.732812e+000 -8.779539e-001 -3.025495e+000 -1.472006e+000 -4.015148e-001 -1.774316e+000 -1.060690e+000 -2.476871e+000 -5.441339e-001 4.536172e-001 -1.500485e+000 -7.941939e-001 1.114955e+000 4.626514e-001 1.998495e-001 4.633714e-001 -6.190368e-001 -5.028606e-002 5.199540e-001 7.197131e-001 4.134324e-001 
-1.101594e+001 1.969896e+001 1.818448e+000 1.620182e+000 9.282344e-001 -1.488768e+000 -3.090881e+000 -4.845737e-001 1.319410e+000 -2.739678e+000 -3.350846e+000 -1.740757e+000 -1.212332e+000 -2.876950e+000 -1.186176e+000 1.034896e+000 -7.880226e-001 -3.226543e+000 -2.069117e+000 -7.193670e-001 -1.117647e+000 -1.825865e+000 -1.780832e+000 -9.180818e-001 -7.129312e-001 -1.306073e+000 -7.723399e-001 -2.977882e-003 1.604134e-001 9.999884e-002 3.738646e-001 2.171972e-001 1.022980e-001 5.541953e-001 8.201212e-001 5.852723e-001 
-1.478211e+001 1.938785e+001 4.058865e+000 3.611555e+000 9.162651e-001 -1.763089e+000 -2.032174e+000 1.359931e-001 2.170406e+000 -2.218185e+000 -2.005847e+000 -8.255868e-001 -7.384133e-001 -1.715820e+000 -1.666906e+000 -7.407857e-001 -4.266900e-001 -1.802834e+000 -1.582904e+000 -5.362094e-001 -7.551242e-001 -6.844917e-001 -7.766219e-001 -1.249433e+000 -9.956147e-001 -6.615379e-001 -4.376488e-001 5.084984e-002 -1.928731e-001 -2.221945e-001 4.931747e-001 7.980139e-001 2.467103e-001 2.580091e-001 5.052638e-001 4.739368e-001 
-1.853914e+001 2.088255e+001 4.175883e+000 3.741569e+000 1.190431e+000 -2.633041e+000 -1.929615e+000 -4.089853e-001 2.343464e+000 -2.789841e+000 -1.259078e+000 -1.715240e-001 4.302495e-002 -2.042942e+000 -1.728552e+000 -6.721683e-001 -9.894191e-001 -1.384223e+000 -1.381393e+000 -9.762464e-001 -6.393349e-001 3.225151e-001 -1.399904e+000 -1.385546e+000 -8.073380e-001 -1.338608e+000 -1.925744e-001 6.630033e-002 -2.301745e-002 7.871165e-003 5.484313e-001 3.673483e-001 5.682447e-002 8.005812e-002 1.108050e-001 2.105656e-001 
-1.646603e+001 1.954256e+001 5.045811e+000 2.322576e+000 1.287225e+000 -1.431219e+000 -1.341270e+000 7.111284e-001 1.659355e+000 -1.518116e+000 -2.490600e+000 -1.437090e+000 -2.981732e-001 -8.219044e-001 -1.182136e+000 -1.100697e+000 -9.529685e-001 -1.731238e+000 -1.749124e+000 -8.824213e-001 -3.367580e-001 -1.666761e-001 -4.691157e-001 -1.068829e+000 -1.480318e+000 -1.545354e+000 -6.609629e-001 1.758498e-001 5.344023e-001 5.901656e-001 3.919048e-001 -3.107204e-002 -2.126113e-001 2.239388e-001 4.641687e-001 2.339436e-001 
-2.039548e+001 2.305910e+001 4.522128e+000 2.975865e+000 2.537680e+000 -2.467567e+000 -1.847660e+000 9.048584e-003 2.969130e+000 -2.836972e+000 -2.444845e+000 -1.422981e+000 9.993110e-001 -6.659786e-001 -1.392731e+000 -2.507050e-001 -7.012430e-001 -1.148105e+000 -1.836529e+000 -1.803041e+000 -1.380156e+000 -3.463943e-001 -1.897712e-001 -7.318553e-001 -4.495150e-001 -8.171901e-001 -2.204678e-001 3.039161e-001 1.502454e-002 -4.438834e-002 2.858826e-001 5.306836e-003 -7.596087e-001 1.832511e-001 7.469443e-001 4.298078e-001 
