-1.309470e+000 2.771787e+001 -5.378638e+000 -1.442943e+000 3.122394e-001 -4.915545e+000 -5.837838e+000 -2.515519e+000 7.391909e-001 -2.558497e+000 -1.057969e+000 -1.642758e+000 -2.475792e+000 -2.746782e+000 3.416764e-001 -1.960100e-001 -6.801291e-001 -2.606492e-001 -2.865036e+000 -1.921610e+000 2.730697e-001 -1.006930e+000 -2.172605e+000 -1.787910e+000 -3.341398e-001 8.485390e-001 1.337133e-001 -8.195642e-002 5.271577e-001 -8.298346e-001 -1.085270e-002 1.174995e+000 1.226817e-001 -2.183846e-001 5.801233e-001 4.895781e-001 
-1.767144e+000 2.253089e+001 -2.048347e+000 -1.804661e+000 4.052116e-001 -5.097228e+000 -6.319438e+000 -1.939175e+000 -2.939627e-001 -1.915921e+000 -1.019735e+000 -8.617380e-001 -2.353308e+000 -2.552301e+000 -6.883508e-001 -2.855355e-001 -4.681881e-001 -8.816096e-001 -2.422206e+000 -2.244285e+000 -5.942323e-001 -9.237509e-001 -2.081548e+000 -1.928196e+000 -2.144053e-001 7.048320e-002 -6.549978e-001 -6.748389e-002 1.049446e-001 -4.647877e-001 -5.440292e-002 6.676352e-001 5.286143e-001 7.459277e-001 9.984056e-001 1.215632e-001 
-6.972203e+000 2.652690e+001 -3.251218e+000 -1.430543e+000 1.557301e+000 -3.929336e+000 -6.439661e+000 -2.424672e+000 8.050769e-001 -1.702470e+000 4.177254e-002 -7.480908e-001 -1.204027e+000 -2.064613e+000 -6.636920e-001 -7.066765e-001 -7.526904e-001 -1.193512e+000 -1.474212e+000 -1.824289e+000 -9.062442e-001 -5.362925e-001 -1.374397e+000 -1.649035e+000 2.952429e-001 -6.347323e-002 -1.351837e+000 -6.866390e-001 -1.206979e-001 8.916778e-002 3.364143e-001 6.822557e-001 6.633232e-001 5.064338e-001 9.454383e-001 1.172544e+000 
-8.736672e+000 2.626024e+001 -1.402916e+000 -9.113979e-001 2.301711e+000 -3.480546e+000 -6.180565e+000 -1.482740e+000 9.406069e-001 -3.082726e+000 -1.428105e-001 -1.326950e-001 -3.728331e-001 -1.465580e+000 -6.847311e-001 -1.502919e+000 -1.139514e+000 -6.950976e-001 -2.099191e+000 -1.665731e+000 -4.883459e-001 -3.426992e-001 -1.065986e+000 -1.001874e+000 6.392032e-001 -9.592194e-002 -1.089974e+000 -5.397732e-001 -4.341748e-001 -1.778960e-001 5.732842e-001 5.009247e-001 1.431713e-001 2.286609e-001 9.832550e-001 1.012101e+000 
-9.200983e+000 2.398271e+001 -4.469495e-001 2.752465e-001 1.655897e+000 -4.341292e+000 -5.755985e+000 -1.398695e+000 3.955125e-001 -1.965925e+000 -1.385304e+000 -5.332631e-001 6.336794e-001 -4.835943e-001 -1.467269e-001 -1.143369e+000 -1.713294e+000 -1.498712e+000 -1.883559e+000 -1.888044e+000 -7.495786e-001 -9.620418e-002 -7.283025e-001 -1.009286e+000 2.558573e-001 5.729789e-002 -1.078148e+000 -2.855332e-001 -1.703990e-001 -5.164898e-001 -2.431656e-001 2.916376e-001 9.408177e-002 -3.921095e-002 7.902717e-001 5.001040e-001 
4.043006e-001 2.748681e+001 -1.811339e+000 2.327919e-001 2.170993e+000 -2.303028e+000 -4.337668e+000 -1.441084e+000 2.634648e+000 6.340119e-001 2.829705e-001 6.376825e-001 -1.709890e+000 -1.503878e+000 1.831215e+000 2.098970e-001 1.876715e-001 1.310242e+000 -1.789177e+000 -1.216902e+000 7.931563e-001 -8.201515e-001 -1.565612e+000 -8.911485e-001 -1.766917e-001 4.582410e-001 2.786960e-001 3.261887e-001 4.377557e-001 -1.570009e-001 -7.843540e-002 8.265504e-001 1.357060e-001 -7.378314e-001 2.937048e-001 3.589379e-001 
9.459093e-001 2.471270e+001 -3.453010e+000 -2.065511e+000 4.879547e-001 -4.738807e+000 -6.003164e+000 -2.045881e+000 3.140707e-001 -1.926500e+000 -1.681814e+000 -1.093316e+000 -2.716794e+000 -2.464291e+000 2.624644e-001 -1.775991e-001 -4.717474e-001 -3.758126e-001 -2.587620e+000 -1.967869e+000 2.040402e-001 -8.542719e-001 -2.287787e+000 -1.722922e+000 -1.909076e-001 8.022299e-001 2.256160e-001 1.976750e-002 3.484068e-001 -6.350704e-001 -1.342938e-001 1.249226e+000 1.866108e-001 -2.464030e-001 5.409246e-001 4.712153e-001 
-4.834517e+000 2.598332e+001 -3.703006e+000 -1.051628e+000 7.718132e-001 -5.503385e+000 -6.002653e+000 -1.857407e+000 1.349407e-001 -2.072714e+000 -6.310047e-001 -1.156248e+000 -2.061593e+000 -2.529706e+000 -4.311023e-001 -2.909598e-001 -3.501497e-001 -5.743742e-001 -2.610756e+000 -2.110199e+000 -3.347950e-001 -9.079054e-001 -1.881736e+000 -2.038295e+000 -2.266990e-001 3.707684e-001 -6.533901e-001 6.817909e-002 1.224690e-001 -5.375759e-001 -9.037575e-002 9.998091e-001 4.199223e-001 5.794094e-001 1.253832e+000 -6.969878e-002 
-7.140987e+000 2.632275e+001 -3.011691e+000 -1.727338e+000 1.804370e+000 -4.276174e+000 -6.402676e+000 -2.171895e+000 5.188539e-001 -1.714462e+000 -1.805428e-002 -9.584015e-001 -1.120250e+000 -2.148410e+000 -7.496600e-001 -5.611451e-001 -8.498241e-001 -1.284949e+000 -1.461883e+000 -1.904714e+000 -9.554284e-001 -4.417847e-001 -1.579465e+000 -1.610981e+000 2.490592e-001 -8.033944e-002 -1.351031e+000 -6.857496e-001 -2.429962e-001 2.317781e-001 2.179545e-001 7.503806e-001 6.744764e-001 3.844433e-001 1.026784e+000 1.111250e+000 
-9.867420e+000 2.708200e+001 -1.577526e+000 -1.143124e+000 2.592004e+000 -3.633330e+000 -6.131861e+000 -1.617777e+000 1.422525e+000 -3.751487e+000 1.949632e-001 -7.490007e-002 -6.924065e-001 -1.400806e+000 -4.686864e-001 -1.500196e+000 -1.419618e+000 -1.833023e-001 -2.582403e+000 -1.470049e+000 -5.945253e-001 -2.156859e-001 -1.197114e+000 -7.808611e-001 4.628220e-001 -2.672087e-001 -7.935745e-001 -5.667673e-001 -7.681371e-001 1.171028e-001 5.103095e-001 3.560621e-001 4.036671e-001 1.779399e-001 8.098596e-001 1.189584e+000 
-8.517918e+000 2.267899e+001 4.069906e-001 -6.858456e-002 1.447287e+000 -4.198764e+000 -5.893915e+000 -1.272041e+000 6.963272e-001 -2.524102e+000 -1.559582e+000 -5.924951e-002 3.197915e-001 -4.519237e-001 -8.110904e-002 -1.204071e+000 -1.754963e+000 -1.184036e+000 -2.129723e+000 -2.073799e+000 -4.315285e-001 -5.727580e-002 -8.925303e-001 -8.890807e-001 1.705049e-001 -9.918748e-002 -6.957759e-001 -5.134068e-001 -4.136479e-001 -1.964721e-001 -2.209226e-001 1.180795e-001 2.551483e-001 4.814158e-002 4.693647e-001 7.722269e-001 
