-1.894986e+000 1.512350e+001 -7.364332e+000 3.607660e+000 -4.508315e+000 -1.469104e+000 -5.417840e+000 -2.035140e+000 3.251581e+000 -2.887241e+000 -4.728973e+000 -3.368263e+000 -8.417108e-001 -2.292453e+000 -5.920780e-003 -1.857727e+000 2.204461e-001 2.448970e-001 -8.113859e-001 1.009246e+000 1.063345e+000 1.337820e+000 9.777350e-001 1.630137e+000 1.119458e+000 1.350495e+000 1.619297e+000 1.704563e+000 -4.022592e-003 2.316219e-001 7.567849e-001 -1.187003e+000 7.289961e-001 4.379388e-001 9.005199e-001 7.991166e-002 
-5.082923e+000 1.483384e+001 -6.987549e+000 2.920965e+000 -3.463690e+000 -3.175707e+000 -5.073718e+000 -8.111391e-001 5.192472e+000 -1.957901e+000 -4.245059e+000 -3.338422e+000 -1.529038e+000 -1.890357e+000 -1.771595e+000 -2.474669e+000 -9.307503e-002 -1.104827e-001 -1.885411e+000 4.551671e-001 6.195797e-001 3.614112e-001 1.383177e-001 9.288915e-001 5.591187e-001 8.845227e-001 2.487030e+000 1.041760e+000 1.673277e-001 5.220791e-001 -4.814102e-001 -1.221196e+000 -4.005855e-001 7.642342e-002 -8.728967e-002 -5.034233e-002 
-4.823774e+000 1.605388e+001 -6.288852e+000 3.786746e+000 -1.393076e+000 -2.399529e+000 -4.832232e+000 -1.030364e+000 5.357737e+000 -2.677406e+000 -4.486645e+000 -2.332770e+000 -6.107142e-001 -2.233817e+000 -1.554428e+000 -1.939193e+000 -6.621439e-001 6.537695e-002 -2.135717e+000 6.172743e-001 1.656785e-001 -1.216034e+000 -4.760036e-001 -1.387414e-001 1.045387e-001 -2.686512e-003 2.765650e+000 1.013116e+000 -1.001308e+000 8.259131e-001 -1.762443e-001 -1.242529e+000 -3.873858e-001 1.335982e-001 -3.343112e-001 -1.405517e-001 
-5.380875e+000 1.738334e+001 -5.740958e+000 5.201340e+000 -1.294167e+000 -6.327036e-001 -3.333938e+000 -2.245531e+000 4.894486e+000 -2.975690e+000 -4.600646e+000 -1.754108e+000 -8.652417e-002 -1.527098e+000 -7.890658e-002 -1.739984e+000 6.461570e-001 3.300351e-001 -2.761644e+000 -1.175921e-001 -5.787585e-001 -1.000789e+000 -1.021628e+000 -5.506898e-001 1.802642e-001 -6.408332e-001 1.729076e+000 7.011208e-001 -5.614486e-001 1.138406e+000 5.227649e-001 -6.083345e-001 -2.023221e-001 -9.020966e-002 2.667598e-002 3.062626e-002 
-5.587957e+000 1.583293e+001 -5.222950e+000 4.713675e+000 -1.278318e+000 -2.075376e+000 -4.396555e+000 -1.130952e+000 4.934968e+000 -2.153105e+000 -4.772130e+000 -2.079693e+000 -3.306937e-001 -9.168538e-001 -9.152013e-001 -1.522716e+000 5.308352e-001 -4.791941e-001 -2.764943e+000 -8.836219e-001 -8.113941e-001 -1.271804e+000 -7.224700e-001 -4.134877e-001 -6.844191e-001 -4.717403e-001 1.120037e+000 2.508122e-001 -1.063147e+000 9.162188e-001 1.067486e+000 -8.756437e-001 -7.246079e-002 3.534568e-001 4.831235e-001 5.606477e-001 
-6.857471e+000 1.738918e+001 -7.949480e+000 5.421168e+000 -1.682019e+000 -1.993004e+000 -3.867921e+000 -2.044420e+000 7.460679e+000 -2.658312e+000 -3.893185e+000 -2.414135e+000 1.617805e-002 -1.607746e+000 -2.098532e+000 -1.419008e+000 -4.748906e-001 4.832441e-003 -1.806379e+000 3.039165e-001 -8.697688e-001 -1.391998e+000 -5.620553e-001 -1.554892e-001 -5.051892e-001 -8.813668e-001 1.217692e+000 2.464320e-001 -7.839674e-001 5.298692e-001 7.992307e-001 -7.678533e-001 -9.327590e-002 4.628866e-001 1.091043e-001 -1.245222e-001 
-7.235661e+000 1.575373e+001 -7.116170e+000 1.916580e+000 -2.494238e+000 -2.542398e+000 -3.699463e+000 2.287326e-002 6.207103e+000 -2.520950e+000 -2.837246e+000 -1.980091e+000 -6.620418e-001 -5.057510e-001 -1.537253e+000 -1.099324e+000 3.353083e-001 -8.685689e-001 -3.016829e+000 -1.179858e+000 -6.402236e-001 -1.034439e+000 -8.458944e-001 -4.777892e-001 -6.265073e-001 -6.372880e-001 1.137982e+000 9.487569e-002 -4.626484e-001 1.405405e+000 9.664909e-001 -4.767425e-001 -5.637222e-001 1.516836e-001 -1.302766e-001 4.222281e-001 
-8.217801e+000 1.660604e+001 -7.757159e+000 2.124594e+000 -3.625324e+000 -2.034967e+000 -3.079691e+000 -1.055770e+000 5.463960e+000 -3.153054e+000 -2.395938e+000 -2.767389e+000 8.685940e-002 -5.715613e-001 -1.348879e-001 -1.727008e+000 -4.551558e-001 -2.782718e-001 -3.004320e+000 3.587733e-001 -6.566797e-001 -8.205031e-001 -8.357036e-001 -3.673250e-001 1.333691e-001 -8.248793e-002 1.348806e+000 -4.885510e-002 -8.610866e-001 5.876409e-001 4.979920e-001 -5.504658e-002 2.149822e-001 6.125016e-002 -4.249985e-001 -7.432886e-002 
-8.347996e+000 1.401359e+001 -8.703594e+000 2.266727e+000 -3.350088e+000 -1.186397e+000 -3.428008e+000 -2.813190e-001 6.152577e+000 -3.013818e+000 -2.884792e+000 -2.254782e+000 7.436113e-001 -9.222750e-001 -5.693050e-001 -1.072642e+000 -8.526405e-003 6.378820e-001 -2.295831e+000 6.463747e-001 5.368515e-001 -8.866812e-001 -6.331732e-001 1.701052e-001 6.015121e-001 1.616447e-001 2.191601e+000 3.324780e-001 -9.182708e-001 3.311732e-001 -4.891706e-001 -1.708510e-001 1.944329e-001 1.951799e-001 -9.469898e-001 -1.343295e-002 
1.567112e+000 1.371450e+001 -9.620952e+000 2.161289e+000 -5.111502e+000 -5.850126e-001 -3.480675e+000 -1.143041e+000 5.018558e+000 -3.012796e+000 -2.476163e+000 -1.796566e+000 -1.145550e+000 -7.660162e-001 -1.246400e-001 -1.059741e+000 5.864225e-001 2.610067e+000 -7.203191e-001 1.066806e+000 1.333553e+000 -5.471088e-001 4.705095e-001 5.591449e-001 2.165060e-003 -5.276025e-001 1.279199e+000 -3.234849e-001 -1.806925e+000 2.656157e-001 2.531421e-001 -1.478567e-001 4.113972e-001 4.398317e-001 -2.282581e-001 5.306767e-001 
8.890387e+000 1.204117e+001 -1.050889e+001 3.168332e+000 -7.151098e+000 -3.384930e+000 -4.123650e+000 -2.498173e+000 5.076854e+000 -2.499910e+000 -4.004793e+000 -1.763608e+000 -1.614099e+000 -1.729076e+000 -1.283172e+000 3.575332e-001 2.757351e+000 2.226662e+000 -7.220248e-001 1.004156e+000 1.329247e+000 -1.794814e-001 6.948028e-001 1.930981e+000 1.598060e+000 -6.366967e-002 3.511664e-001 -6.993691e-001 -1.886502e+000 -2.116360e-001 7.591961e-001 2.994234e-001 9.216806e-001 1.095094e+000 -2.051574e-001 5.827704e-001 
8.351673e+000 1.364647e+001 -9.981391e+000 1.309155e+000 -7.436613e+000 -3.845394e+000 -5.268643e+000 -3.086568e+000 4.217746e+000 -2.122834e+000 -3.347074e+000 -1.346573e+000 -1.433648e+000 -2.647268e+000 -2.344083e+000 -9.031267e-001 2.158640e+000 2.106192e+000 -1.592969e+000 -4.869314e-001 1.556892e+000 1.836088e+000 5.240108e-001 8.950903e-001 1.855648e+000 -8.819044e-002 -1.776833e-001 -1.313548e+000 -1.836454e+000 -3.033311e-001 8.353603e-001 1.008420e+000 2.276005e-001 2.309339e-001 1.697197e-001 8.751149e-001 
9.138233e+000 1.582215e+001 -1.285025e+001 2.776045e+000 -8.746307e+000 -4.293707e+000 -5.278403e+000 -1.747464e+000 5.311714e+000 -1.710286e+000 -3.485778e+000 -2.130409e+000 -1.390296e+000 -2.497325e+000 -1.034742e+000 -1.225358e+000 2.017614e+000 1.526486e+000 -1.262378e+000 -6.535941e-001 1.030734e+000 1.705084e+000 3.222218e-001 1.763285e+000 1.051433e+000 8.921758e-001 2.046803e-001 -1.085571e+000 -1.733161e+000 -9.289924e-001 8.716776e-001 7.510231e-001 7.576183e-001 1.856280e-003 3.773333e-001 2.857934e-001 
1.236241e+001 1.234914e+001 -1.317156e+001 -1.871530e-001 -6.216188e+000 -4.352073e+000 -4.432617e+000 -1.131478e+000 4.560787e+000 -5.819804e-001 -4.333779e+000 -2.364198e+000 -7.085456e-001 -1.387425e+000 -1.163291e+000 -1.581857e+000 1.928496e+000 1.881130e+000 -1.700625e+000 -1.512428e-001 1.556085e+000 1.046323e+000 5.109815e-001 1.082896e+000 1.124035e+000 9.948773e-001 8.456246e-002 -1.039542e+000 -1.639191e+000 -1.060503e+000 4.057267e-001 7.603165e-001 7.454046e-001 1.744085e-002 2.682401e-001 7.295441e-001 
1.095018e+001 1.236856e+001 -1.557768e+001 -7.496896e-001 -6.928389e+000 -3.577245e+000 -3.968960e+000 -2.470600e+000 3.839722e+000 -1.688348e+000 -4.364988e+000 -2.805710e+000 -4.398860e-001 -1.274777e+000 -1.993189e+000 -9.373286e-001 1.914736e+000 1.799506e+000 -2.033242e+000 -9.972219e-002 1.894157e+000 9.826072e-001 7.651274e-001 7.695411e-001 1.394835e+000 1.017134e+000 6.805259e-001 -5.560838e-001 -1.773296e+000 -9.088760e-001 5.199450e-002 8.165731e-001 6.320317e-001 -1.087565e-001 5.452073e-001 8.929521e-001 
1.006376e+001 1.464089e+001 -1.675969e+001 1.355603e-001 -7.470065e+000 -1.710922e+000 -3.196862e+000 -2.362657e+000 3.984537e+000 -2.216068e+000 -3.583909e+000 -3.816831e+000 -2.447613e-003 -1.127957e+000 -1.597561e+000 -5.722268e-001 1.870350e+000 2.812340e+000 -2.459869e+000 4.219786e-001 2.261025e+000 8.528475e-001 1.147482e+000 5.641289e-001 2.015413e+000 1.066682e+000 8.845843e-001 -1.203699e-001 -1.255278e+000 -7.724825e-001 -2.622519e-001 1.082208e+000 8.980035e-001 9.892555e-002 2.520274e-001 1.613949e+000 
1.054935e+001 1.411151e+001 -1.601720e+001 3.654828e-002 -6.650256e+000 -8.515197e-001 -2.561993e+000 -2.762872e+000 4.071134e+000 -2.196816e+000 -4.313187e+000 -3.248059e+000 -3.795946e-001 -8.013837e-001 -1.300459e+000 -1.280081e+000 2.064960e+000 2.543347e+000 -2.626745e+000 5.846135e-001 2.260729e+000 6.812938e-001 8.348379e-001 1.003139e+000 1.473020e+000 7.034835e-001 1.346786e+000 -1.027888e-001 -1.232250e+000 -7.734991e-001 -2.247597e-001 5.738917e-001 7.773211e-001 5.712956e-001 -8.489397e-003 1.885788e+000 
1.024064e+001 1.393944e+001 -1.688706e+001 -9.046458e-001 -7.003963e+000 -1.020854e+000 -2.531228e+000 -3.411310e+000 3.759142e+000 -2.695627e+000 -5.413584e+000 -2.819564e+000 -4.590733e-002 -1.237924e+000 -9.801139e-001 -1.440088e+000 1.602141e+000 2.284785e+000 -2.931238e+000 7.732931e-001 2.655577e+000 7.709844e-001 4.895390e-001 3.113386e-001 1.777146e+000 4.562989e-001 8.453807e-001 1.352648e-001 -1.477099e+000 -1.004871e+000 -7.322680e-001 7.340378e-001 1.196787e+000 6.810344e-002 3.509678e-001 1.981853e+000 
1.057193e+001 1.439522e+001 -1.759487e+001 -1.750383e+000 -7.325763e+000 -1.506426e+000 -1.832854e+000 -3.039542e+000 3.752777e+000 -2.645947e+000 -5.795867e+000 -2.307727e+000 3.932292e-002 -1.628946e+000 -5.783219e-001 -9.016937e-001 1.487128e+000 2.438160e+000 -2.417510e+000 1.021824e+000 3.090502e+000 1.504302e+000 6.460280e-001 3.639575e-001 2.593231e+000 1.003494e+000 8.577808e-001 4.953845e-001 -1.041738e+000 -6.279381e-001 -8.300552e-001 1.320979e+000 1.612681e+000 -2.826779e-001 8.220451e-001 1.842944e+000 
1.334593e+001 1.302298e+001 -1.441616e+001 -2.392366e+000 -5.488746e+000 -7.646117e-001 -1.304788e-001 -2.041271e+000 3.959886e+000 -1.962656e+000 -6.425446e+000 -1.625529e+000 -9.430368e-003 -9.803621e-001 -8.872893e-001 -1.068373e+000 2.081341e+000 1.688104e+000 -2.532361e+000 6.838310e-001 2.919056e+000 1.124073e+000 -4.733317e-002 -2.499782e-001 1.783442e+000 8.116647e-001 3.514430e-001 4.378212e-001 -1.596953e+000 -1.332097e+000 -6.852449e-001 7.876301e-001 1.167917e+000 -4.643368e-001 8.947782e-001 1.743406e+000 
1.263884e+001 1.253134e+001 -1.527625e+001 -3.837380e+000 -6.141857e+000 -1.144430e+000 -1.719097e+000 -2.269885e+000 2.729466e+000 -2.986260e+000 -6.169339e+000 -2.229117e+000 7.272711e-001 -1.274400e+000 -1.169221e+000 -8.001290e-001 9.547811e-001 1.567180e+000 -2.585131e+000 8.209376e-001 3.415865e+000 1.254306e+000 4.325919e-001 -4.024292e-001 1.730912e+000 1.167299e+000 5.330266e-001 9.257750e-001 -1.203395e+000 -1.169255e+000 -5.786660e-001 7.365742e-001 1.148398e+000 -3.424453e-001 9.136209e-001 1.706368e+000 
1.357741e+001 1.036752e+001 -1.365163e+001 -5.304100e+000 -5.115533e+000 -8.349921e-001 -1.737615e+000 -1.569195e+000 1.896723e+000 -3.328317e+000 -5.726328e+000 -2.788763e+000 4.776066e-001 -7.151785e-001 -1.854313e+000 -7.344742e-001 8.377684e-001 1.326773e+000 -1.723732e+000 4.068097e-001 3.693086e+000 1.787111e+000 1.043848e-001 -4.371488e-002 1.522471e+000 1.025440e+000 8.100486e-001 8.605866e-001 -1.042486e+000 -9.199687e-001 -8.041955e-001 8.141073e-001 1.340631e+000 -3.381406e-001 1.409355e+000 1.779600e+000 
9.207931e+000 1.713916e+001 -1.807652e+001 -1.793758e+000 -7.259861e+000 1.187996e+000 -1.918466e+000 -1.433716e+000 3.282363e+000 -4.067729e+000 -4.605773e+000 -3.804529e+000 1.448970e+000 -1.500390e+000 -1.098254e+000 -1.068082e+000 1.782723e+000 1.575662e+000 -1.906389e+000 1.286101e+000 2.806463e+000 2.695890e+000 -2.076154e-001 3.731420e-001 1.388281e+000 9.658606e-001 1.027024e+000 5.208732e-001 -7.421322e-001 -1.231102e+000 -2.182453e-001 5.236785e-001 1.699303e+000 -4.603180e-001 1.532479e+000 1.766616e+000 
1.094168e+001 1.454829e+001 -1.534635e+001 -3.024724e+000 -5.060308e+000 1.242649e+000 -1.037291e+000 -9.934417e-001 3.055926e+000 -3.392040e+000 -5.384589e+000 -2.218694e+000 2.207715e-001 -1.067039e-001 -8.229407e-001 -8.350684e-001 2.216202e+000 9.024661e-001 -1.742784e+000 3.755613e-001 2.868643e+000 1.698345e+000 -6.121962e-001 3.006504e-001 1.259795e+000 1.311082e+000 7.580493e-001 7.513566e-001 -7.048800e-001 -1.848346e+000 -6.400612e-001 1.244774e-001 1.168533e+000 8.142286e-002 5.622295e-001 2.170870e+000 
8.149126e+000 1.690228e+001 -1.823892e+001 -1.945611e+000 -7.057989e+000 1.577390e+000 -1.326549e+000 -2.465621e+000 3.527356e+000 -5.104776e+000 -4.946873e+000 -3.081560e+000 -6.343773e-001 -6.628399e-001 -7.593435e-001 -1.353958e+000 2.044059e+000 1.102480e+000 -1.471067e+000 1.172169e-001 2.594189e+000 2.211039e+000 -6.413968e-001 1.255129e-001 1.031526e+000 1.876975e+000 3.653825e-001 6.936491e-001 -4.225227e-001 -1.741059e+000 -5.807155e-002 2.222702e-001 1.276411e+000 -3.097823e-002 4.647401e-001 2.227614e+000 
9.503273e+000 1.499919e+001 -1.564252e+001 -4.407600e+000 -6.068937e+000 1.412836e+000 -2.477529e+000 -1.991010e+000 2.638110e+000 -4.334830e+000 -5.243356e+000 -2.701183e+000 -3.530624e-001 -5.489404e-001 -1.331858e+000 -8.848703e-001 1.526062e+000 1.060117e+000 -1.161996e+000 1.053689e-001 2.751601e+000 2.069925e+000 1.541554e-001 -5.916981e-001 3.174111e-001 2.237529e+000 9.135581e-001 2.850051e-001 -7.408098e-001 -1.440369e+000 6.516530e-001 1.915904e-002 4.674748e-001 5.162373e-001 3.079365e-001 1.646996e+000 
8.923465e+000 1.587268e+001 -1.501531e+001 -5.068072e+000 -6.212545e+000 1.863803e+000 -2.581758e+000 -1.884774e+000 2.785142e+000 -4.071774e+000 -4.697960e+000 -3.319657e+000 2.149409e-001 -2.456342e-001 -1.905919e+000 -3.209525e-001 1.318355e+000 8.619216e-001 -9.477952e-001 -2.653201e-001 2.758950e+000 2.239307e+000 -5.612337e-001 -4.164021e-001 8.343478e-001 1.503219e+000 6.412869e-001 4.005561e-001 -6.572285e-001 -1.699872e+000 1.426410e-001 4.472049e-001 2.380279e-001 2.013538e-001 5.066235e-001 1.560487e+000 
8.205247e+000 1.593408e+001 -1.614102e+001 -4.797960e+000 -5.227385e+000 1.119016e+000 -2.134519e+000 -1.257800e+000 2.481941e+000 -4.719103e+000 -5.227056e+000 -3.143973e+000 -5.522689e-002 -2.327859e-001 -1.595314e+000 -1.318005e-001 1.555227e+000 7.574639e-001 -7.897348e-001 -1.693735e-001 2.723054e+000 2.346013e+000 -4.655864e-002 6.562888e-002 6.639105e-001 1.986830e+000 1.434522e+000 1.574994e-001 -4.896472e-001 -1.472176e+000 -1.492997e-001 6.752470e-001 5.303980e-001 3.038557e-001 9.100721e-001 1.779927e+000 
1.255856e+001 1.244892e+001 -9.819748e+000 -6.323936e+000 -1.739498e+000 1.352746e+000 2.493799e-002 -1.136843e+000 1.610181e+000 -2.836188e+000 -5.678618e+000 -1.548567e+000 2.896548e-001 1.782843e-001 -5.831462e-001 -6.656213e-001 1.415553e+000 4.183366e-001 -1.754820e+000 -1.665624e-002 1.981963e+000 1.179748e+000 -1.953422e-001 -1.040731e+000 6.055356e-002 1.549690e+000 9.371991e-001 3.410285e-001 -6.446672e-001 -1.614031e+000 -5.900886e-001 -1.080567e-001 1.586973e-001 2.746489e-001 4.604684e-001 1.544350e+000 
1.070355e+001 1.042191e+001 -3.949115e+000 -1.674487e+000 -6.969871e-001 1.042976e+000 2.301165e-001 -6.759570e-001 9.745823e-001 -3.067064e+000 -5.077578e+000 -1.261708e+000 -2.054876e-001 -2.489285e-001 -6.136969e-002 -6.715782e-001 6.047223e-001 -2.648423e-001 -2.181914e+000 -4.597765e-001 1.188199e+000 8.953749e-001 4.026176e-001 -8.353934e-002 6.727873e-001 1.310782e+000 8.816615e-001 4.982849e-001 -6.182002e-001 -9.300309e-001 -5.534748e-002 7.682861e-002 3.037309e-001 -2.692436e-002 -2.269810e-001 4.884746e-001 
-3.008662e+000 1.427579e+001 -6.939808e+000 3.792956e+000 -2.692767e+000 -1.832075e+000 -4.519829e+000 -2.299111e+000 2.788862e+000 -3.958734e+000 -4.227532e+000 -2.368570e+000 -1.409027e+000 -1.384049e+000 -1.386762e-001 -1.055227e+000 -3.460190e-002 -4.733972e-001 -2.047373e+000 5.273145e-001 1.633005e+000 -1.024895e-002 6.087148e-001 2.281801e+000 1.792932e+000 8.480930e-001 1.798248e+000 9.310445e-001 -2.701955e-001 6.842858e-001 3.882827e-001 -8.628604e-001 1.006477e-001 4.477399e-001 8.606208e-003 3.906565e-001 
-3.368899e+000 1.608941e+001 -7.683575e+000 3.356278e+000 -3.788325e+000 -1.952565e+000 -3.863146e+000 -4.620499e-001 4.397692e+000 -3.075367e+000 -3.820384e+000 -2.664824e+000 -5.696578e-001 -1.634766e+000 -3.179358e-001 -2.100775e+000 -1.518540e-001 -1.002051e+000 -3.310144e+000 1.506294e-001 8.138102e-001 1.668601e-001 1.179199e-001 1.940024e+000 1.061344e+000 -3.479057e-001 1.797519e+000 1.082821e+000 1.306466e-001 1.224272e+000 -3.372712e-001 -1.504826e+000 -1.997746e-001 -6.065111e-001 -2.814775e-001 -2.815796e-002 
-3.918156e+000 1.852730e+001 -6.944331e+000 4.785716e+000 -2.976708e+000 -1.514300e+000 -3.780629e+000 -1.456444e+000 4.935666e+000 -3.522915e+000 -4.415509e+000 -3.057627e+000 2.990967e-001 -1.073594e+000 -1.022052e-001 -2.050780e+000 -4.273035e-001 1.716914e-001 -2.866471e+000 -1.019487e+000 -2.234110e-001 4.729034e-001 -5.359675e-001 -1.427700e-001 -2.764889e-001 -4.872292e-001 1.931311e+000 5.103774e-001 -3.564406e-001 6.455687e-001 4.437965e-001 -7.147380e-001 -2.961825e-001 -1.784966e-001 -3.165333e-001 -3.617451e-001 
-4.790177e+000 1.854317e+001 -6.162862e+000 4.861205e+000 -2.713333e+000 -2.160134e+000 -3.572133e+000 -8.650237e-001 5.897497e+000 -4.399697e+000 -3.093345e+000 -2.553170e+000 7.093519e-001 -1.512922e+000 -1.582033e+000 -1.047315e+000 -3.842022e-001 2.199118e-001 -2.883259e+000 -5.507458e-001 -2.803425e-001 -3.415122e-001 -3.718576e-001 -9.049812e-001 -9.333959e-002 -1.444204e+000 1.581637e+000 7.840667e-002 -5.394396e-001 8.363909e-001 5.145851e-001 1.895165e-001 -5.304804e-001 4.166388e-001 -1.325990e-001 6.940493e-001 
-4.910968e+000 1.646240e+001 -7.138611e+000 3.659403e+000 -2.308873e+000 -1.597971e+000 -2.863293e+000 -6.142040e-001 6.005236e+000 -2.388829e+000 -3.247923e+000 -2.480199e+000 -1.101917e+000 -2.289788e+000 -1.284250e+000 -7.615911e-001 -3.095435e-003 -2.454750e-001 -2.776630e+000 -7.393002e-001 -4.102139e-001 -1.327171e+000 -9.773464e-001 -3.522480e-001 -3.299516e-001 -1.013425e+000 1.166350e+000 1.552617e-002 -8.185029e-001 1.125598e+000 6.111093e-001 -2.223014e-001 -3.918695e-001 3.020912e-001 -7.823187e-002 2.699106e-001 
-4.128211e+000 1.586650e+001 -7.423195e+000 3.065916e+000 -2.760927e+000 -1.710289e+000 -3.135730e+000 -8.200461e-001 5.591908e+000 -1.764339e+000 -3.368234e+000 -2.387757e+000 -8.624073e-001 -1.310408e+000 -2.435249e-001 -1.037334e+000 -5.605577e-001 -1.517560e+000 -2.709395e+000 -8.620407e-001 -2.023712e-001 -3.288490e-001 -5.827609e-001 1.707372e-001 -3.545191e-001 -7.174731e-001 5.227287e-001 -4.348772e-001 -5.855693e-001 3.781571e-001 4.945015e-001 -1.637086e-001 2.912492e-001 5.196785e-001 2.220398e-001 2.110079e-001 
-5.651213e+000 1.486196e+001 -7.985649e+000 3.489286e+000 -4.096493e+000 -2.342500e+000 -3.451940e+000 4.829806e-001 7.367299e+000 -2.054380e+000 -3.659027e+000 -2.171883e+000 -7.317182e-001 -2.575299e+000 -1.572999e+000 -1.505385e+000 -2.291016e-001 -1.675168e+000 -2.166476e+000 5.978789e-001 -1.663283e-001 -4.548627e-001 -1.104551e+000 9.340143e-001 -8.608602e-001 -1.084763e+000 1.102158e+000 -4.657440e-001 -6.442075e-001 1.964615e-001 4.581975e-001 -8.174973e-001 1.179397e-001 2.666173e-001 6.308223e-001 4.556656e-001 
-5.018325e+000 1.598074e+001 -9.536189e+000 2.588851e+000 -5.050825e+000 -3.073900e+000 -3.922261e+000 -1.750267e+000 6.864806e+000 -2.457897e+000 -2.824026e+000 -1.910860e+000 3.360477e-002 -1.389415e+000 -1.246308e+000 -5.111760e-001 -4.921492e-001 -2.588618e-002 -2.237867e+000 2.407629e-001 1.460099e-002 -1.296510e-001 -1.193662e+000 -4.174160e-001 1.290233e-001 -6.133429e-001 2.062598e+000 1.602565e-001 -5.766179e-001 -1.218442e-001 2.110779e-001 3.854873e-001 -5.958919e-001 6.090074e-001 -4.629307e-001 -2.728450e-001 
-4.484108e+000 1.508820e+001 -1.209065e+001 2.487326e+000 -4.901921e+000 -1.269464e+000 -2.728791e+000 -1.881560e+000 6.668064e+000 -3.070823e+000 -1.466119e+000 -2.882977e+000 3.121934e-002 -1.660844e+000 -1.422046e+000 -6.023130e-001 -5.252232e-001 1.961792e+000 -1.831768e+000 2.383395e+000 5.133949e-001 -8.074535e-002 5.728406e-001 -8.435069e-001 1.396572e+000 -6.960899e-001 2.261602e+000 2.909278e-001 -5.819833e-001 6.368820e-001 -4.461511e-001 1.498454e-001 -6.626991e-001 2.853580e-001 -6.795533e-001 -1.347095e-001 
4.540545e+000 1.399020e+001 -1.096917e+001 3.861896e+000 -6.086354e+000 -1.751696e+000 -4.486118e+000 -3.101853e+000 5.310981e+000 -2.808938e+000 -2.254536e+000 -2.151331e+000 -2.344405e+000 -1.007159e+000 -4.131874e-001 4.136041e-001 2.274622e+000 3.080358e+000 -2.455256e-001 6.963293e-001 1.171768e+000 -7.788495e-001 6.634844e-001 1.445240e+000 1.260956e+000 2.547634e-001 6.592157e-001 -4.122529e-001 -1.634061e+000 3.448105e-001 7.976454e-001 3.827560e-001 9.675870e-001 1.769738e-001 -2.955947e-001 5.454214e-001 
7.580505e+000 1.491053e+001 -1.229658e+001 3.295212e+000 -7.912643e+000 -3.458740e+000 -5.026747e+000 -4.352770e+000 5.588246e+000 -2.560452e+000 -3.309403e+000 -2.137444e+000 -1.459434e+000 -2.447026e+000 -3.099311e+000 4.128645e-001 1.659668e+000 1.213561e+000 -1.726458e+000 -1.261143e-001 1.782153e+000 -1.550168e-001 1.226177e+000 9.636125e-001 1.212782e+000 1.930283e-001 -4.998480e-001 -4.567044e-001 -2.406597e+000 1.935593e-001 6.746973e-001 -3.948944e-001 9.539741e-001 1.056003e-001 2.945461e-001 3.229846e-001 
7.064214e+000 1.811011e+001 -1.382230e+001 3.283119e+000 -9.188472e+000 -3.499696e+000 -5.267287e+000 -4.055576e+000 6.216804e+000 -3.638937e+000 -2.773411e+000 -1.777311e+000 -2.132482e+000 -3.048794e+000 -2.547916e+000 -2.678817e-001 1.115865e+000 9.126377e-001 -1.208013e+000 -9.762352e-001 1.027605e+000 1.037556e+000 5.911600e-001 1.121579e+000 1.007871e+000 1.393891e-001 -8.227673e-001 -8.783312e-001 -1.921623e+000 -7.325842e-001 7.446711e-001 3.641041e-001 6.848512e-001 -2.587226e-001 8.400583e-001 1.454815e-002 
1.045082e+001 1.474628e+001 -1.408227e+001 1.811155e+000 -8.075008e+000 -3.399930e+000 -5.352758e+000 -1.311401e+000 5.516853e+000 -4.885907e-001 -3.494089e+000 -2.110104e+000 -7.213716e-001 -2.059491e+000 -2.718056e-001 -1.290413e+000 2.207533e+000 1.913525e+000 -1.145684e+000 -3.336963e-001 1.173430e+000 1.250743e+000 2.789334e-001 1.954222e+000 1.130066e+000 9.639026e-001 -2.378236e-001 -1.268458e+000 -1.474212e+000 -1.346425e+000 5.581992e-001 4.839805e-001 9.840159e-001 -4.628686e-002 1.410807e-001 3.153433e-001 
1.153607e+001 1.329266e+001 -1.407480e+001 -7.465376e-001 -5.929249e+000 -3.767116e+000 -4.441424e+000 -1.543843e+000 3.800681e+000 -9.286382e-001 -4.027685e+000 -2.783749e+000 -5.739519e-001 -1.389389e+000 -1.928903e+000 -1.552601e+000 1.856001e+000 1.439904e+000 -1.895285e+000 -3.550340e-001 1.538697e+000 8.900669e-001 2.026967e-001 9.287295e-001 9.449680e-001 7.118931e-001 1.160007e-001 -1.128665e+000 -1.749873e+000 -1.148162e+000 8.064232e-003 7.410197e-001 6.643113e-001 -2.395565e-001 5.213181e-001 6.729055e-001 
1.170886e+001 1.244364e+001 -1.465685e+001 -1.173302e+000 -6.118236e+000 -3.190917e+000 -2.957837e+000 -2.376366e+000 3.605768e+000 -9.685054e-001 -4.066237e+000 -2.839584e+000 -6.109325e-001 -1.109971e+000 -1.769504e+000 -1.030388e+000 1.627831e+000 1.951191e+000 -2.412988e+000 -1.970687e-001 2.130887e+000 3.629621e-001 7.499971e-001 6.341429e-001 1.387421e+000 1.099092e+000 -8.490276e-002 -3.756941e-001 -1.368887e+000 -1.252447e+000 -2.522571e-001 5.538692e-001 9.312124e-001 -8.062683e-002 -2.910403e-003 1.393527e+000 
1.061659e+001 1.467562e+001 -1.682775e+001 2.100805e-001 -6.862017e+000 -1.395835e+000 -2.894651e+000 -1.759054e+000 4.416326e+000 -1.968776e+000 -3.083788e+000 -2.896218e+000 -2.291520e-001 -9.388925e-001 -9.627679e-001 -8.399817e-001 1.675673e+000 2.372596e+000 -2.622362e+000 3.965049e-001 1.965383e+000 4.204246e-001 9.218409e-001 8.056394e-001 1.301908e+000 7.220322e-001 1.144730e+000 -5.163779e-001 -1.587552e+000 -8.374603e-001 -4.505377e-001 3.669538e-001 7.835562e-001 4.775601e-001 -2.264667e-001 1.603202e+000 
1.203228e+001 1.247887e+001 -1.551395e+001 -1.871245e+000 -6.353987e+000 -1.476935e+000 -2.667480e+000 -2.808203e+000 3.566376e+000 -2.243243e+000 -5.079490e+000 -2.551802e+000 -4.820100e-001 -9.933816e-001 -9.213669e-001 -1.336198e+000 1.784650e+000 2.255660e+000 -2.823864e+000 1.999079e-001 2.410959e+000 6.282492e-001 6.272336e-001 1.057458e+000 1.387464e+000 7.590945e-001 1.509805e+000 -5.637566e-002 -1.620860e+000 -7.924684e-001 -2.490195e-001 3.615838e-001 9.673304e-001 4.349272e-001 6.753957e-002 1.873831e+000 
1.232934e+001 1.323630e+001 -1.509923e+001 -1.818259e+000 -5.604186e+000 -9.125576e-001 -1.297966e+000 -2.625166e+000 3.918198e+000 -1.837169e+000 -5.573069e+000 -1.494215e+000 -1.288119e-002 -8.786441e-001 -7.476095e-001 -1.344120e+000 1.763504e+000 2.120523e+000 -2.713513e+000 4.506004e-001 3.025000e+000 8.860725e-001 1.839655e-001 1.831439e-001 1.562254e+000 8.569624e-001 3.441266e-001 1.685105e-001 -1.314770e+000 -1.182550e+000 -9.274231e-001 5.944728e-001 1.395751e+000 -4.693260e-001 3.267919e-001 2.164768e+000 
1.047127e+001 1.571960e+001 -1.703139e+001 -1.583046e+000 -6.787357e+000 -1.257290e+000 -8.058398e-001 -2.584720e+000 4.041099e+000 -2.343459e+000 -5.507846e+000 -1.716824e+000 6.405177e-001 -1.472420e+000 -4.943997e-001 -8.154098e-001 1.426134e+000 2.051158e+000 -2.878503e+000 1.273712e+000 3.043544e+000 9.472809e-001 3.604053e-001 -1.654059e-001 1.956577e+000 5.029173e-001 4.417293e-001 3.619393e-001 -1.562592e+000 -1.037019e+000 -8.145501e-001 7.997230e-001 1.042141e+000 -2.381757e-001 6.928392e-001 1.492559e+000 
1.326866e+001 1.227852e+001 -1.410678e+001 -3.475809e+000 -5.699169e+000 -8.210778e-001 -1.765119e-001 -1.729213e+000 3.557227e+000 -2.489271e+000 -6.436335e+000 -1.655973e+000 -7.040041e-002 -1.518656e+000 -9.234939e-001 -6.543637e-001 1.473858e+000 1.578014e+000 -2.505140e+000 8.076977e-001 3.537901e+000 5.770214e-001 -3.711220e-001 -1.877848e-001 1.525775e+000 8.929707e-001 1.196168e-001 6.357781e-001 -1.253881e+000 -1.368849e+000 -7.621572e-001 3.848662e-001 1.294344e+000 -2.007258e-001 5.634294e-001 1.671182e+000 
1.203009e+001 1.419352e+001 -1.501967e+001 -3.392863e+000 -5.843958e+000 -4.712900e-001 -1.476664e+000 -1.402043e+000 3.435501e+000 -3.515479e+000 -5.834283e+000 -1.864397e+000 5.740550e-001 -1.534286e+000 -1.621217e+000 -5.666430e-001 3.161148e-001 1.413557e+000 -2.484063e+000 4.160873e-002 3.873665e+000 1.037502e+000 -3.275995e-001 -5.566481e-001 1.089287e+000 7.867792e-001 3.365218e-001 5.953828e-001 -1.497345e+000 -1.079884e+000 -8.118424e-001 5.126992e-001 1.303996e+000 -6.586265e-001 9.121396e-001 1.715782e+000 
1.155345e+001 1.331433e+001 -1.479565e+001 -4.260663e+000 -5.732536e+000 1.053490e-001 -1.850921e+000 -1.087581e+000 2.848223e+000 -3.874049e+000 -5.388714e+000 -2.574839e+000 5.833367e-001 -9.670755e-001 -1.566674e+000 -7.758415e-001 7.711228e-001 1.510610e+000 -2.205598e+000 3.945275e-001 3.359073e+000 1.975169e+000 -7.801092e-002 -6.432011e-001 1.687168e+000 6.421281e-001 7.606396e-001 6.597951e-001 -1.295311e+000 -9.907345e-001 -9.786801e-001 9.738959e-001 1.234136e+000 -4.186765e-001 1.270978e+000 1.925820e+000 
1.132324e+001 1.399922e+001 -1.463000e+001 -4.282022e+000 -4.512201e+000 8.034092e-001 -1.046008e+000 -1.189823e+000 2.493840e+000 -3.430862e+000 -5.496740e+000 -2.260013e+000 2.288707e-001 -2.732666e-001 -1.217834e+000 -1.171521e+000 1.529344e+000 7.791783e-001 -1.899684e+000 4.121167e-001 2.812564e+000 2.020796e+000 -4.583201e-001 -1.609302e-001 1.174405e+000 7.182331e-001 1.006788e+000 3.926701e-001 -9.938073e-001 -1.508128e+000 -9.609225e-001 5.214216e-001 8.772632e-001 7.643767e-002 9.810297e-001 1.952631e+000 
9.191691e+000 1.703469e+001 -1.772883e+001 -1.934195e+000 -6.088173e+000 2.210120e+000 -1.059503e+000 -1.048671e+000 3.057085e+000 -4.092870e+000 -4.958130e+000 -2.797737e+000 1.372795e-001 -1.102687e+000 -8.369606e-002 -1.693730e+000 2.567899e+000 1.428998e+000 -1.416758e+000 1.224906e+000 2.763140e+000 2.518834e+000 -8.670408e-001 1.570769e-001 1.090250e+000 1.323612e+000 5.984337e-001 8.777284e-001 -3.150112e-001 -1.425510e+000 -3.736526e-001 2.252558e-001 1.581000e+000 -4.062108e-001 8.790644e-001 2.092112e+000 
9.109121e+000 1.612767e+001 -1.742580e+001 -4.073188e+000 -7.013662e+000 -1.211591e-001 -1.058324e+000 -3.093116e+000 3.194647e+000 -4.607571e+000 -5.394664e+000 -2.788394e+000 -1.551060e+000 -7.581501e-001 -2.213159e+000 -1.031616e+000 7.866301e-001 9.794566e-001 -9.436916e-001 -2.959377e-001 3.157269e+000 1.887606e+000 -2.266281e-001 -8.866264e-001 7.722587e-001 1.450453e+000 -7.530977e-004 3.804242e-001 -6.940709e-001 -1.499960e+000 -1.889417e-002 5.192675e-001 8.635035e-001 1.305191e-001 3.804012e-001 1.930928e+000 
1.145926e+001 1.443812e+001 -1.342975e+001 -6.178276e+000 -5.043911e+000 5.292637e-001 -1.591774e+000 -2.202556e+000 3.041606e+000 -2.987197e+000 -5.362069e+000 -2.445820e+000 -2.381809e-001 -2.639003e-001 -2.034236e+000 -6.818101e-001 1.271699e+000 1.371826e+000 -8.110726e-001 -2.213893e-001 3.310576e+000 2.379990e+000 -1.504710e-001 -9.884165e-001 7.247411e-001 1.897763e+000 5.297125e-001 5.486586e-001 -5.880978e-001 -1.410208e+000 3.619526e-001 5.732810e-001 4.060854e-001 3.170941e-002 2.667065e-001 1.810712e+000 
9.379109e+000 1.631560e+001 -1.504736e+001 -4.754010e+000 -6.234497e+000 1.353604e+000 -2.237534e+000 -2.494743e+000 2.539913e+000 -3.787383e+000 -4.553793e+000 -2.998178e+000 4.118893e-001 -8.711978e-002 -2.094989e+000 -5.464903e-001 8.288530e-001 1.049294e+000 -8.149299e-001 -5.066669e-001 3.279074e+000 2.794841e+000 -1.596270e-001 -7.704719e-001 4.490484e-001 1.851277e+000 1.028132e+000 3.250088e-001 -9.017613e-001 -1.131256e+000 1.279211e-001 3.890496e-001 5.215852e-001 1.545772e-003 8.052316e-001 1.499537e+000 
8.506111e+000 1.681639e+001 -1.555477e+001 -4.023011e+000 -5.549818e+000 1.383124e+000 -1.283402e+000 -2.283151e+000 1.994939e+000 -4.218165e+000 -5.352329e+000 -2.381638e+000 -3.447153e-001 -1.110626e-001 -1.585862e+000 -1.535907e+000 1.637210e+000 2.728494e-001 -1.622752e+000 2.891809e-002 2.760659e+000 2.191697e+000 -6.180689e-001 -6.345254e-001 1.245731e-001 1.302944e+000 9.251601e-001 3.719230e-001 -9.134198e-001 -1.785208e+000 -1.152476e-001 1.232990e-001 3.961539e-001 5.408198e-002 6.728480e-001 1.805307e+000 
