-8.805273e-002 1.554547e+001 -1.071779e+001 2.842134e+000 -3.018825e+000 3.295395e+000 -7.621023e-001 -4.036395e+000 8.144917e-001 -3.387092e+000 -1.603479e+000 -5.604336e-001 -2.596602e-001 -3.252938e+000 -1.005078e+000 -1.776972e+000 -3.065191e-002 6.491855e-001 -7.495538e-001 -1.515155e+000 -7.173160e-001 5.979491e-001 -5.438649e-001 1.230833e+000 1.323581e+000 5.141105e-001 9.054641e-001 6.987924e-001 1.141084e+000 1.293263e-001 8.721187e-002 -2.273438e-001 -9.984104e-001 -7.583969e-001 -5.875675e-003 1.918038e-001 
-1.940506e-001 1.546017e+001 -1.140832e+001 2.737067e+000 -1.895846e+000 4.376282e+000 -1.432731e+000 -4.928531e+000 6.794157e-001 -3.204889e+000 -2.114398e+000 -1.070910e+000 -4.541068e-002 -2.210764e+000 -8.957137e-001 -2.477990e+000 -1.475295e-001 3.407212e-001 -1.033271e+000 -1.098603e+000 -6.789928e-001 1.834061e-001 -1.194170e+000 8.069193e-001 3.514403e-001 4.664175e-001 9.995370e-001 -5.433821e-002 1.315807e+000 -4.197627e-003 7.139372e-001 -7.008474e-002 -1.113202e+000 -7.936624e-001 -1.735390e-001 2.804431e-001 
-7.717569e-001 1.556332e+001 -1.049760e+001 3.536587e+000 -1.617023e+000 3.718506e+000 -2.137441e+000 -4.162438e+000 1.046479e+000 -3.210721e+000 -8.330367e-001 -1.837684e+000 -1.212327e+000 -2.549434e+000 -5.984074e-001 -2.455504e+000 7.063318e-002 8.880971e-001 -1.111128e+000 -8.052143e-001 -9.319509e-001 3.853038e-002 -8.941321e-001 1.155761e+000 5.187676e-001 3.839600e-001 7.040751e-001 -6.671501e-002 5.234795e-001 1.212090e-001 5.761432e-001 -1.977278e-001 -7.081885e-001 -7.072981e-001 -1.557483e-001 4.657423e-001 
-1.589194e+000 1.598587e+001 -1.054577e+001 3.391573e+000 -2.226693e+000 3.001382e+000 -1.233883e+000 -4.092590e+000 2.456245e+000 -3.341403e+000 -1.502109e+000 -6.849924e-001 -3.251993e-002 -2.380899e+000 -1.295256e+000 -4.890847e-001 -1.418523e-002 8.486465e-001 -8.899860e-001 3.441387e-002 -4.603501e-001 -3.257475e-001 -3.050002e-001 6.639287e-001 3.364365e-001 -4.760899e-001 1.213628e+000 3.614491e-001 8.479076e-001 6.726881e-001 6.534104e-001 5.840450e-001 -1.527778e+000 -3.651509e-001 -4.811616e-001 -2.493691e-002 
-2.687770e+000 1.429497e+001 -1.271158e+001 2.423300e+000 -2.320202e+000 2.551073e+000 -5.227846e-001 -3.279622e+000 2.805976e+000 -2.795189e+000 -1.324995e+000 -7.324516e-001 -2.536230e-001 -2.125701e+000 -9.459879e-001 -1.646412e+000 -3.336414e-001 6.737865e-001 -3.061546e-001 -4.178260e-001 -1.245429e+000 -4.769303e-001 -1.188774e+000 -1.534660e-001 -1.442211e-001 -6.293157e-001 8.818698e-001 2.383469e-002 8.632642e-001 4.605153e-001 8.580939e-001 4.425192e-001 -9.020448e-001 -2.202719e-001 3.381699e-001 3.322230e-001 
-3.228714e+000 1.318317e+001 -1.244460e+001 1.961187e+000 -1.619924e+000 3.516146e+000 -1.671037e-001 -2.439040e+000 3.678454e+000 -1.815238e+000 -1.669539e+000 -4.755898e-001 2.492883e-001 -1.371590e+000 -7.066937e-001 -1.278271e+000 -5.792104e-002 5.787868e-001 -5.776564e-001 -3.658150e-001 -8.145547e-001 -2.065591e-001 -6.161371e-001 -2.270612e-001 -3.955868e-001 -9.445326e-001 4.814770e-001 -3.466496e-001 2.510110e-001 7.946822e-001 1.224195e+000 8.972535e-001 -4.576790e-001 1.454853e-001 1.015189e-001 1.381545e-003 
-2.551778e+000 1.366591e+001 -1.080879e+001 4.003510e+000 -1.697555e+000 3.396807e+000 -1.087170e+000 -1.803474e+000 2.180815e+000 -2.385326e+000 -1.194868e+000 -1.380121e+000 8.458260e-001 -2.778194e+000 -6.583608e-001 -1.094586e+000 7.241455e-001 7.322105e-001 -8.085756e-001 5.274061e-003 -6.118645e-001 4.626619e-001 -9.583031e-001 1.123531e+000 -3.970716e-001 -2.634918e-001 5.077233e-001 -1.515842e-001 2.104630e-001 1.739645e-001 1.194777e+000 9.188477e-002 -3.135870e-001 -8.983821e-001 4.238518e-001 9.808377e-002 
-1.481580e+000 1.193634e+001 -1.232716e+001 2.507720e+000 -3.111636e+000 2.360399e+000 -2.880423e+000 -1.050043e+000 7.086604e-001 -2.541441e+000 -9.245138e-001 -1.441035e+000 8.255398e-001 -3.720861e+000 3.943079e-001 -1.623797e+000 1.481219e-001 3.488885e-001 -1.172653e+000 5.792471e-001 -9.999805e-001 -3.362701e-001 -1.946722e+000 8.831254e-001 4.093149e-002 -2.415761e-001 -1.273064e-001 -6.797315e-001 1.018315e-001 -3.289674e-001 5.846389e-001 -2.757900e-001 2.116197e-001 -1.927783e+000 -2.326989e-001 4.567051e-002 
-5.342496e-001 1.079731e+001 -1.306431e+001 3.306175e+000 -3.897003e+000 1.808647e+000 -2.140182e+000 -2.053096e+000 8.698307e-001 -2.672637e+000 -1.230824e+000 -1.955993e+000 -6.568173e-001 -2.925751e+000 1.127498e+000 -1.797880e+000 9.591166e-001 1.914273e+000 1.196252e+000 8.682363e-001 -1.951070e-001 6.224827e-001 -1.081940e+000 1.552061e+000 2.085846e-001 5.404824e-001 3.808100e-001 -3.099264e-001 -1.507902e-002 -2.164841e-001 9.641729e-001 -6.178685e-001 1.849924e-001 -1.227481e+000 -2.096098e-001 3.449510e-001 
6.601867e+000 1.240135e+001 -1.118185e+001 4.465464e+000 -6.916362e+000 2.702438e-001 -5.074999e+000 -5.389726e+000 2.982233e+000 -3.437146e+000 -2.831722e+000 -1.113169e+000 -2.684298e+000 -3.351125e+000 -4.113262e-001 -3.675154e-001 7.605810e-001 1.086137e+000 4.842848e-002 2.520149e-001 1.274415e+000 8.109513e-001 -2.483259e-001 7.104762e-001 7.900564e-001 5.507996e-001 7.307676e-001 7.115689e-002 -8.380590e-001 7.684292e-002 -1.015355e-001 -7.616368e-001 9.752888e-001 3.567341e-001 1.588316e-001 1.129549e+000 
9.008861e+000 1.262816e+001 -8.250498e+000 4.895929e+000 -7.838654e+000 1.072082e+000 -5.789998e+000 -4.027966e+000 1.873881e+000 -2.692228e+000 -3.871837e+000 2.193817e-001 -1.877991e+000 -3.035519e+000 2.854648e-002 -3.631377e-001 7.213124e-001 4.845974e-003 4.536166e-001 -1.007376e+000 1.772163e+000 1.081876e-001 1.139216e+000 1.933243e+000 1.774226e+000 9.062375e-001 2.462224e-001 1.437712e+000 -2.084093e+000 1.155830e-001 -1.412627e-001 -2.125514e-001 5.244673e-001 6.779003e-001 1.155826e+000 1.243697e+000 
8.604785e+000 1.227651e+001 -9.240509e+000 1.129799e+000 -8.701600e+000 -1.191866e+000 -6.790656e+000 -4.095174e+000 -1.321693e+000 -1.224742e+000 -5.428985e+000 -9.626659e-002 -2.567074e+000 -3.759973e+000 -1.097011e-001 -1.644886e+000 4.749033e-001 -1.405722e+000 4.962526e-001 -1.584899e+000 1.908093e+000 3.846997e-002 5.481900e-001 1.679611e+000 2.984322e+000 1.511740e+000 3.391430e-001 1.556680e+000 -1.670213e+000 4.878828e-001 -6.769330e-001 2.673519e-001 -2.627327e-001 1.035280e+000 1.101331e+000 9.952042e-001 
1.192519e+001 1.348934e+001 -1.086187e+001 1.012889e+000 -7.982351e+000 -2.850754e+000 -5.306991e+000 -2.313770e+000 -2.744606e-002 -9.843923e-001 -4.282101e+000 9.259913e-001 -3.044909e+000 -3.469285e+000 6.486848e-002 -1.578256e+000 1.378914e+000 -4.006354e-001 2.179560e-001 -8.808359e-001 1.235070e+000 1.717762e-001 7.270709e-001 2.085742e+000 3.592742e+000 7.376963e-001 6.073858e-001 2.063185e+000 -1.501893e+000 3.126742e-001 -7.205608e-001 6.175900e-001 -1.833242e-001 5.025029e-001 9.948413e-001 9.924655e-001 
1.308603e+001 1.313357e+001 -1.054018e+001 1.426871e+000 -7.161611e+000 -5.135012e+000 -3.199766e+000 -2.089297e+000 2.470457e+000 -1.223703e+000 -3.756936e+000 9.929033e-001 -3.903439e+000 -3.190884e+000 -4.213748e-001 -3.278187e-001 1.326522e+000 -2.211063e-001 -6.363641e-002 -1.465277e+000 1.451138e+000 -2.716722e-001 -2.988500e-001 2.825527e+000 3.278101e+000 1.077260e+000 1.732690e-001 1.119816e+000 -1.250646e+000 -1.157333e-001 -3.136561e-001 -2.859439e-001 1.289609e-001 3.181388e-001 1.178720e+000 3.362981e-001 
1.108241e+001 1.439851e+001 -1.174189e+001 2.494562e+000 -5.854800e+000 -5.329859e+000 -2.148379e+000 -1.223071e+000 4.155870e+000 -7.680345e-001 -4.488421e+000 7.086282e-001 -3.011108e+000 -2.301857e+000 -2.751457e-001 -3.708004e-001 2.401454e+000 6.558145e-001 -5.995561e-001 -1.718618e+000 1.037457e+000 -2.983275e-001 -4.447206e-001 3.050682e+000 2.716521e+000 7.083764e-001 4.828726e-001 -3.157624e-002 -1.954933e+000 -3.765093e-001 -6.034681e-001 -4.890773e-001 1.527843e-001 4.330671e-001 1.316046e+000 6.079517e-001 
1.231746e+001 1.194720e+001 -1.293723e+001 9.125484e-001 -5.363429e+000 -5.577067e+000 -3.467797e+000 -1.640379e+000 2.325367e+000 -3.033799e-001 -5.326527e+000 3.538484e-001 -1.980556e+000 -2.769061e+000 -1.544720e-001 -1.047029e+000 2.032598e+000 1.014048e+000 -1.263646e+000 -1.530858e+000 2.082276e+000 2.672294e-001 -1.214885e-001 2.048343e+000 2.883877e+000 1.409290e+000 2.297421e-001 1.059393e-001 -1.330175e+000 2.266449e-001 -9.374276e-001 -4.299466e-001 3.533017e-001 6.311939e-001 1.536379e+000 4.538315e-001 
1.243795e+001 1.177181e+001 -1.249958e+001 1.797205e+000 -7.486757e+000 -3.574750e+000 -4.746190e+000 -8.117384e-001 2.232321e+000 2.805342e-002 -4.763889e+000 -5.898692e-001 -7.270844e-001 -2.497429e+000 -4.059367e-002 -7.309068e-001 2.147280e+000 8.041788e-001 -1.586615e+000 -8.329823e-001 2.763364e+000 -2.239838e-001 2.535916e-001 2.291646e+000 2.948774e+000 1.932191e+000 -4.753515e-001 3.198108e-001 -8.870282e-001 4.804878e-002 -7.270487e-001 -6.069999e-001 5.973919e-001 1.079454e+000 8.872389e-001 5.760006e-001 
1.249824e+001 1.040323e+001 -1.227507e+001 1.307961e+000 -8.577836e+000 -3.895506e+000 -5.171694e+000 -2.093021e+000 2.252883e+000 -8.339768e-001 -5.215307e+000 -1.110782e+000 -1.409082e+000 -2.726193e+000 -1.110001e+000 -3.327440e-001 1.194646e+000 3.979285e-001 -1.148407e+000 -1.343342e+000 2.962743e+000 -4.514005e-001 5.528880e-001 1.929173e+000 2.340478e+000 1.606652e+000 -5.689864e-001 5.648326e-001 -1.364478e+000 7.663234e-004 -5.263813e-001 -3.330228e-001 1.016394e+000 8.514191e-001 4.745505e-001 6.444356e-001 
1.267462e+001 9.598306e+000 -1.112577e+001 -2.281164e-001 -8.057143e+000 -4.653744e+000 -4.796187e+000 -1.262565e+000 2.964272e+000 -1.101519e+000 -5.103025e+000 -4.584798e-001 -6.999408e-001 -2.560618e+000 -8.469838e-001 -3.181804e-001 1.219334e+000 1.400576e+000 -1.045871e+000 -1.290837e+000 3.141332e+000 2.010456e-001 3.148725e-001 1.849054e+000 2.247939e+000 1.234311e+000 -3.674076e-001 5.039295e-001 -1.934356e+000 -5.145198e-001 1.994605e-001 1.818599e-001 6.318219e-001 2.502049e-001 7.310885e-001 6.147144e-001 
1.231641e+001 1.195767e+001 -1.172600e+001 1.578568e+000 -8.494015e+000 -3.993544e+000 -4.429212e+000 -9.808027e-001 3.693731e+000 -1.085747e+000 -3.747702e+000 -3.502506e-001 -5.459760e-001 -1.859121e+000 -9.000644e-001 1.162769e-001 8.902622e-001 1.695636e+000 -9.077669e-001 -1.798717e+000 3.946217e+000 -1.647184e-001 2.532888e-001 1.813165e+000 1.705911e+000 1.117820e+000 -9.860461e-001 6.346170e-001 -2.109979e+000 -1.055449e+000 5.768790e-002 6.903073e-001 7.917303e-001 -4.639380e-001 7.378323e-001 -4.268676e-002 
1.183048e+001 1.135427e+001 -1.169639e+001 3.208009e-001 -7.873315e+000 -4.307871e+000 -4.251939e+000 -2.158953e+000 3.655225e+000 -1.541868e+000 -5.001782e+000 -8.183999e-001 -2.340566e+000 -2.958272e+000 -1.036188e+000 -7.781763e-001 9.719095e-001 1.146600e+000 -7.292302e-001 -7.649288e-001 3.220814e+000 3.918401e-001 -4.158536e-003 1.561985e+000 1.456657e+000 5.425082e-001 -9.879484e-001 4.919584e-002 -2.392775e+000 -1.407841e+000 9.603588e-001 1.203355e+000 6.730957e-001 1.161447e-001 9.798859e-001 -2.345548e-001 
1.235031e+001 1.275483e+001 -1.155657e+001 2.184552e+000 -9.682452e+000 -2.674214e+000 -4.780887e+000 -9.088003e-001 2.256885e+000 -8.442363e-001 -4.902323e+000 -9.042595e-001 -1.700197e+000 -2.730307e+000 -5.534620e-001 -9.307026e-001 1.214410e+000 8.663145e-001 -1.843516e-001 -1.150287e+000 3.713217e+000 -1.178188e-001 4.062315e-001 1.352251e+000 1.839744e+000 8.521163e-001 -1.197745e+000 3.433327e-001 -2.194572e+000 -6.972277e-001 1.713835e-001 1.342388e+000 4.912889e-001 3.294385e-001 5.185072e-001 2.850093e-001 
1.327867e+001 1.161590e+001 -1.086019e+001 9.397081e-001 -9.031874e+000 -2.619735e+000 -3.598873e+000 -2.515296e+000 2.210172e+000 -1.228430e+000 -4.540814e+000 -8.728723e-001 -1.665761e+000 -1.957179e+000 -1.017882e+000 3.215596e-003 2.128217e-001 8.869267e-001 -1.387941e-001 -1.346315e+000 3.750439e+000 -1.134920e+000 1.318266e+000 2.048981e+000 1.114177e+000 1.329001e+000 -7.835229e-001 7.613787e-001 -2.142972e+000 6.365360e-002 -1.429505e-001 -1.575380e-002 1.322851e+000 2.899458e-002 6.385209e-001 6.834318e-001 
1.060381e+001 1.341840e+001 -1.263210e+001 2.512936e+000 -9.380056e+000 -2.123954e+000 -3.921442e+000 -2.855429e+000 2.933670e+000 -2.266717e+000 -4.532020e+000 -6.779915e-001 -2.056283e+000 -7.714267e-001 -1.176894e+000 2.303896e-001 7.785911e-001 -3.908778e-001 3.600320e-001 -1.372245e+000 4.182486e+000 -1.092114e+000 1.864443e+000 1.742507e+000 1.520285e+000 2.336538e+000 -5.550881e-001 1.824000e+000 -2.057646e+000 5.947907e-001 -5.232043e-001 -6.361460e-001 1.580091e+000 5.306211e-001 1.126324e+000 4.801769e-001 
1.103250e+001 1.226236e+001 -1.156361e+001 1.040125e+000 -7.841348e+000 -2.485490e+000 -2.777198e+000 -3.148251e+000 2.816573e+000 -2.812519e+000 -3.552975e+000 -1.704425e+000 -1.739046e+000 -1.182619e+000 -1.098744e+000 2.752754e-001 -2.437534e-002 -6.179215e-002 -2.072881e+000 -6.224927e-001 2.907611e+000 -7.738357e-001 1.420322e-001 1.293995e+000 2.056661e+000 1.957538e+000 -7.248926e-001 1.191748e-001 -5.273232e-001 -2.478662e-001 -1.084732e+000 -1.400749e+000 5.086021e-001 8.211030e-001 1.435097e+000 6.173869e-001 
9.137954e+000 1.432510e+001 -1.230330e+001 2.311016e+000 -8.389395e+000 -1.970493e+000 -2.076380e+000 -2.781953e+000 2.494747e+000 -2.233785e+000 -4.466875e+000 3.018145e-001 -3.200346e+000 -9.665192e-001 -4.499172e-002 -9.906671e-001 1.314773e+000 -1.960893e+000 4.000978e-003 -5.213615e-001 3.218085e+000 -4.670359e-001 -5.415659e-001 2.578040e+000 3.575855e-001 2.442305e+000 4.175287e-001 -1.736243e-001 1.767428e-001 4.183399e-001 -4.800673e-001 -1.892242e+000 -3.335937e-001 1.374149e+000 1.034761e+000 8.101962e-001 
8.200879e+000 1.459186e+001 -1.432855e+001 8.757736e-001 -9.521260e+000 -3.110333e+000 -2.814943e+000 -3.489573e+000 1.873752e+000 -2.585234e+000 -5.362727e+000 4.918507e-001 -3.603501e+000 -2.902724e+000 -1.638015e-001 -1.976299e+000 1.732073e+000 -2.751429e+000 -6.109802e-003 -4.229309e-001 2.040567e+000 5.141572e-001 -8.381126e-001 3.176032e+000 3.282356e-002 2.374718e+000 1.083099e+000 -2.330310e-001 1.179342e+000 -3.917627e-001 -6.603246e-002 -1.228921e+000 -8.506486e-001 1.416752e+000 9.381776e-001 7.902116e-001 
8.271551e+000 1.287958e+001 -1.282904e+001 6.513882e-001 -9.551551e+000 -1.489496e+000 -4.716189e+000 -2.493795e+000 9.236241e-001 -3.225749e+000 -4.535421e+000 -3.289557e-001 -3.362001e+000 -3.315242e+000 6.502894e-001 -1.904668e+000 1.362068e+000 -1.423019e+000 -8.910023e-001 6.818860e-001 2.541687e+000 4.020386e-001 1.938591e-001 2.346610e+000 5.923389e-001 2.610525e+000 1.275618e+000 3.729305e-001 7.506524e-001 5.984934e-001 -4.808730e-001 -5.700874e-001 -3.703220e-001 8.190479e-001 1.522667e+000 9.050076e-001 
1.198583e+001 1.082925e+001 -5.862427e+000 -1.291418e+000 -5.375106e+000 -4.597624e-001 -1.090322e+000 -2.090491e+000 2.365958e+000 -1.847263e+000 -3.067701e+000 -6.583173e-002 -2.484358e+000 -2.397364e+000 -1.540169e-001 -5.653489e-001 7.311229e-001 -2.087626e-001 -1.580191e+000 1.089222e+000 1.537770e+000 -7.207636e-001 1.671006e-001 9.960415e-001 4.193094e-001 1.253775e+000 5.799827e-001 -4.348387e-001 -2.697661e-001 -1.943543e-001 -6.097604e-001 -1.263272e+000 -3.845653e-001 8.564077e-001 1.120639e+000 6.184875e-001 
9.072973e+000 9.922934e+000 -3.358646e+000 -1.077927e+000 -1.482003e+000 1.324913e+000 -2.269634e-001 -1.839723e+000 1.372832e+000 -1.220010e+000 -2.563952e+000 -4.046313e-001 -1.058689e+000 -1.387978e+000 -1.143335e+000 -7.435947e-001 8.652702e-001 4.047038e-001 -5.781168e-001 -2.577335e-001 -3.500893e-001 2.693737e-002 5.841646e-001 2.379291e-001 -6.215072e-002 5.080688e-001 1.086891e+000 4.894205e-001 2.832140e-001 4.669223e-001 1.441519e-002 -2.077120e-001 -3.341258e-001 -3.218240e-001 3.636542e-001 5.973459e-001 
2.417954e-001 1.541230e+001 -9.563950e+000 3.317396e+000 -2.838018e+000 3.062043e+000 -1.965734e+000 -3.633070e+000 2.156077e+000 -3.437729e+000 -2.994980e+000 -9.277908e-001 -8.043385e-001 -1.961471e+000 -1.266981e+000 -2.034217e+000 1.610086e-002 -3.752369e-001 -2.292988e-001 -7.687245e-001 -6.409653e-001 4.771787e-001 -7.797422e-001 1.345647e+000 1.044810e-001 4.254671e-001 1.315053e+000 4.782481e-001 9.882144e-001 -2.153636e-001 1.066509e+000 -3.858787e-003 -1.602524e+000 -1.116728e+000 -5.430684e-002 -4.790287e-001 
4.465345e-001 1.578512e+001 -1.101012e+001 3.252331e+000 -3.618930e+000 3.197282e+000 -1.329403e+000 -4.300409e+000 1.989515e+000 -4.486261e+000 -2.622787e+000 -1.901081e+000 -2.529897e-001 -2.711123e+000 -9.853506e-001 -1.597268e+000 2.961606e-002 2.024548e-001 -1.719383e+000 -1.118899e+000 -1.488349e+000 1.291417e-001 -8.140753e-001 9.681539e-001 4.159533e-002 1.537093e-001 1.610705e+000 7.522142e-002 1.016642e-001 -3.107322e-001 8.997826e-001 -3.300476e-001 -1.178315e+000 -3.606696e-001 -2.278177e-001 1.804867e-001 
-8.751828e-001 1.666017e+001 -1.164835e+001 3.697359e+000 -2.568899e+000 4.326199e+000 -2.266680e-001 -4.335674e+000 2.388813e+000 -4.404469e+000 -1.133108e+000 -9.382271e-001 -1.106028e+000 -2.036437e+000 -1.725199e+000 -9.578594e-001 -1.201451e-001 8.498092e-001 -7.164096e-001 -3.967446e-001 -1.314965e+000 2.138641e-001 -6.809195e-001 9.792715e-001 8.703699e-001 8.658486e-004 1.313881e+000 4.634183e-001 2.088551e-001 -2.403243e-001 5.802763e-001 1.655646e-001 -1.179625e+000 -6.752058e-002 1.331471e-001 6.744040e-001 
-1.963811e+000 1.595555e+001 -1.065091e+001 2.050324e+000 -3.288423e+000 3.453068e+000 -3.296805e-001 -4.589829e+000 2.303595e+000 -3.391768e+000 -1.424634e+000 -1.623156e-001 2.750677e-001 -1.831947e+000 -1.802785e+000 -8.346246e-001 -3.576376e-002 1.193714e+000 -4.889581e-001 -1.076030e+000 -9.336018e-001 4.297881e-001 -6.565473e-002 4.761246e-001 4.629656e-003 -9.914420e-001 9.774000e-001 3.296189e-001 5.934154e-001 5.997689e-001 4.046847e-001 4.797506e-001 -1.348356e+000 -8.584020e-002 -8.992906e-002 1.747375e-001 
-3.453873e+000 1.451206e+001 -1.284607e+001 2.453179e+000 -3.385013e+000 2.993853e+000 -7.737661e-001 -4.401384e+000 2.817959e+000 -2.874237e+000 -4.725743e-001 -1.201251e+000 -3.877083e-001 -2.449211e+000 -2.395729e-001 -2.850525e-001 -1.335883e+000 -1.201649e-001 -1.364691e+000 6.804039e-002 -6.201591e-001 1.051508e-001 -1.084634e+000 3.979441e-002 -4.525795e-001 -1.456604e+000 6.721975e-001 7.957967e-002 1.093574e+000 4.629105e-001 4.017679e-001 7.702006e-001 -1.027804e+000 1.873880e-001 -6.341782e-002 2.695493e-001 
-2.422035e+000 1.338898e+001 -1.154392e+001 3.334300e+000 -2.127393e+000 4.623123e+000 -5.618607e-001 -3.410552e+000 2.109891e+000 -1.740868e+000 -3.379885e-001 -3.479138e-001 1.217571e+000 -1.814489e+000 1.609946e-001 -1.764599e+000 -4.275597e-002 4.285047e-001 -2.735886e-001 5.599911e-001 -1.929904e-001 3.847287e-001 -1.366368e+000 2.396671e-001 -5.445940e-001 -3.609847e-001 4.924224e-002 6.005066e-001 6.328048e-001 8.472404e-002 1.115151e+000 2.316499e-001 1.346085e-001 -5.632073e-001 -1.185409e-001 -7.140114e-002 
-2.534472e-001 1.251710e+001 -1.139479e+001 3.078121e+000 -2.990720e+000 3.483158e+000 -1.320532e+000 -2.106333e+000 6.686890e-001 -2.010035e+000 -3.413123e-001 -9.067652e-001 8.199517e-001 -3.062335e+000 -8.252457e-003 -1.878564e+000 -2.946110e-001 8.731053e-001 -1.392489e+000 -6.468271e-001 -1.009945e+000 -2.047661e-001 -3.568745e-001 2.028272e-001 3.000612e-001 -3.068606e-001 -3.272281e-001 -1.419494e-001 8.008283e-001 3.123784e-001 4.123768e-001 4.160778e-001 -2.771520e-002 -1.208162e+000 -2.962450e-001 2.586678e-001 
-2.967621e+000 1.098909e+001 -1.276067e+001 1.989657e+000 -3.473335e+000 2.777711e+000 -1.233945e+000 -1.686478e+000 1.157446e+000 -2.751534e+000 -1.430631e+000 -7.790196e-001 1.014677e+000 -1.884922e+000 3.878982e-001 -2.165797e+000 1.085636e-001 4.319437e-001 -9.853899e-001 -1.201163e+000 -1.576174e+000 6.648098e-002 -1.052120e+000 8.196384e-001 2.589723e-001 1.449038e-001 6.729076e-001 -2.725759e-001 1.649131e-001 -5.046784e-001 3.160701e-001 1.332485e-001 1.118463e-001 -5.222234e-001 1.614731e-001 2.813352e-001 
2.940715e+000 1.214255e+001 -1.369846e+001 3.669757e+000 -5.113425e+000 1.563243e+000 -3.503743e+000 -2.823837e+000 2.511001e+000 -2.716670e+000 -1.090868e+000 -1.336768e+000 -7.434869e-001 -3.045254e+000 -2.654901e-001 -1.588812e+000 7.270537e-001 1.722255e+000 5.036947e-001 1.984611e-001 2.653110e-001 1.186838e+000 -1.389435e+000 9.899962e-001 -3.810482e-001 2.817706e-001 1.056666e+000 1.006790e-001 1.367609e-001 -4.474105e-001 1.448329e-001 -8.235442e-001 1.414224e-001 -4.839515e-001 1.973814e-001 8.914201e-001 
8.281161e+000 1.087831e+001 -9.843870e+000 3.755690e+000 -7.845595e+000 -2.146987e-001 -4.780712e+000 -5.088915e+000 2.304036e+000 -3.689167e+000 -3.042570e+000 -7.328114e-001 -2.749819e+000 -2.796160e+000 -1.143863e+000 3.089630e-001 1.060443e+000 7.390090e-001 -1.178657e-002 1.030842e-001 1.500327e+000 2.819771e-001 8.440178e-001 1.257625e+000 1.122412e+000 5.924649e-001 4.163191e-001 6.079332e-001 -1.314353e+000 -5.053762e-002 3.977816e-002 -4.306867e-001 8.163666e-001 7.302725e-001 9.115727e-001 1.323289e+000 
9.068762e+000 1.172185e+001 -8.287720e+000 2.279605e+000 -7.363642e+000 4.068188e-001 -6.703328e+000 -3.995947e+000 4.033268e-001 -1.307853e+000 -3.651923e+000 5.541229e-001 -2.584617e+000 -3.084209e+000 1.672219e-001 -4.657271e-001 3.775907e-001 -7.059991e-001 4.119246e-001 -1.692463e+000 1.773735e+000 3.890579e-001 9.675437e-001 1.727735e+000 2.304049e+000 1.278410e+000 1.942260e-001 1.671969e+000 -1.790982e+000 -6.769257e-002 -7.039354e-002 -1.829162e-001 -3.259994e-001 6.654881e-001 1.049555e+000 1.537316e+000 
1.038639e+001 1.339329e+001 -9.179627e+000 1.479072e+000 -7.835577e+000 -2.340228e+000 -5.333440e+000 -2.712571e+000 -6.293491e-001 -2.719574e-001 -4.562854e+000 4.726830e-001 -2.867509e+000 -3.060489e+000 6.571926e-001 -1.637754e+000 6.616805e-001 -9.184259e-001 6.374995e-001 -1.355006e+000 1.749349e+000 3.543464e-001 7.180995e-001 1.725697e+000 3.008898e+000 1.285692e+000 4.655546e-001 1.903563e+000 -1.244612e+000 -9.835512e-002 -6.820481e-001 4.173976e-001 -1.808256e-001 8.966393e-001 6.926977e-001 1.209613e+000 
1.294107e+001 1.431843e+001 -1.033170e+001 2.375583e+000 -7.378624e+000 -3.131707e+000 -4.233546e+000 -1.377687e+000 1.980859e+000 1.389255e-001 -3.522251e+000 1.230009e+000 -3.148959e+000 -3.068874e+000 6.148814e-001 -7.217047e-001 1.301234e+000 -7.090236e-001 -7.142907e-003 -1.103965e+000 1.187821e+000 -6.915814e-002 -3.004599e-002 1.946851e+000 2.818631e+000 4.357990e-001 5.087302e-001 1.234112e+000 -1.817642e+000 -3.749913e-001 -8.048368e-001 2.290700e-001 -7.233084e-001 2.256172e-001 8.666417e-001 9.714070e-001 
1.343857e+001 1.222800e+001 -9.886224e+000 1.825078e-001 -5.752615e+000 -5.285328e+000 -3.052835e+000 -1.684818e+000 3.674076e+000 -8.049664e-002 -3.506913e+000 6.387279e-001 -3.839038e+000 -3.047153e+000 3.776892e-001 -3.400212e-001 1.539454e+000 -1.641188e-002 -7.305121e-001 -1.117449e+000 7.747046e-001 3.859685e-001 -3.921800e-001 2.724153e+000 3.316663e+000 9.164360e-001 1.049853e+000 9.165658e-001 -1.581025e+000 -4.980003e-001 5.987778e-002 -2.279823e-002 -2.552389e-001 -1.088852e-001 1.281888e+000 7.769481e-001 
1.100999e+001 1.380876e+001 -1.297162e+001 2.498410e+000 -6.057432e+000 -4.959186e+000 -3.311399e+000 -1.050015e+000 3.968588e+000 -1.231839e-001 -4.177401e+000 8.167947e-001 -2.848242e+000 -2.313388e+000 -1.721670e-001 -4.743583e-001 2.192561e+000 3.431276e-001 -8.687996e-001 -2.408117e+000 1.680746e+000 -5.288072e-001 -7.742545e-001 2.603054e+000 2.734762e+000 1.099527e+000 -4.781748e-002 -2.588118e-001 -1.845808e+000 -9.703388e-002 -1.111162e+000 -7.974670e-001 2.788069e-001 5.592598e-001 1.080016e+000 1.400544e-001 
1.281432e+001 1.118666e+001 -1.230772e+001 5.518813e-001 -6.126036e+000 -3.951947e+000 -4.065940e+000 -1.953417e+000 2.849542e+000 -5.150281e-002 -4.425888e+000 -4.371589e-002 -1.067828e+000 -2.083632e+000 -4.470621e-001 -6.966979e-001 2.264326e+000 1.246411e+000 -1.336359e+000 -1.583197e+000 2.019007e+000 2.682897e-002 2.108990e-001 2.567988e+000 2.512998e+000 1.302069e+000 -7.704838e-002 3.290643e-001 -1.194048e+000 -2.854465e-001 -7.560403e-001 -7.471879e-001 6.765746e-001 8.712859e-001 1.070095e+000 3.869280e-001 
1.226189e+001 1.129148e+001 -1.275766e+001 1.122112e+000 -7.612871e+000 -3.325299e+000 -4.464127e+000 -1.277765e+000 3.120832e+000 -3.670340e-001 -4.789226e+000 -2.095116e-001 -6.675422e-001 -1.961651e+000 -1.006140e+000 -1.039248e+000 2.079373e+000 8.509177e-001 -1.221030e+000 -1.470106e+000 1.822999e+000 -7.782720e-001 7.759052e-001 2.083550e+000 2.119894e+000 1.050803e+000 -6.554330e-001 3.310362e-001 -1.625411e+000 -2.321636e-001 -9.282145e-001 -7.307333e-001 4.572572e-001 8.624572e-001 7.468440e-001 4.408942e-001 
1.183068e+001 1.253230e+001 -1.260890e+001 2.057635e+000 -9.739960e+000 -2.306016e+000 -5.136503e+000 -4.440593e-001 2.766868e+000 -6.533184e-001 -4.917062e+000 2.405545e-001 -3.075381e-001 -2.679285e+000 -6.835162e-001 -9.917444e-001 2.183548e+000 2.106070e-001 -5.656321e-001 -1.828329e+000 3.059113e+000 -8.529723e-001 5.844847e-001 1.910127e+000 2.065405e+000 1.217785e+000 -9.871020e-001 7.054476e-001 -2.309747e+000 4.675343e-001 -1.049038e+000 -2.630738e-001 4.933231e-001 7.667813e-001 2.978281e-001 6.285351e-001 
1.317074e+001 1.026471e+001 -1.014496e+001 -1.534058e-001 -7.405299e+000 -5.007552e+000 -4.650016e+000 -1.039399e+000 3.275188e+000 -8.668067e-001 -4.731961e+000 -4.164609e-001 -7.476136e-001 -2.118515e+000 -7.537746e-001 -4.332206e-001 1.073344e+000 1.611806e+000 -9.607149e-001 -1.536242e+000 3.393221e+000 3.076520e-001 1.818248e-001 2.091779e+000 1.985066e+000 9.691541e-001 -2.875286e-001 5.688210e-001 -1.724004e+000 -8.323512e-001 -1.093580e-001 6.524607e-001 9.185801e-001 3.187124e-002 5.433731e-001 2.061308e-001 
1.228217e+001 1.200457e+001 -1.090151e+001 6.062997e-001 -8.152727e+000 -3.883930e+000 -4.021097e+000 -1.293206e+000 3.747832e+000 -1.767365e+000 -4.567338e+000 -7.478656e-002 -1.302949e+000 -2.096971e+000 -1.343197e+000 -2.807168e-001 1.306961e+000 1.773771e+000 -4.428896e-001 -1.010141e+000 3.778734e+000 -3.591321e-001 4.370921e-001 2.218720e+000 2.053883e+000 7.720720e-001 -1.277134e+000 4.500684e-001 -2.008954e+000 -5.352926e-001 6.073149e-001 7.291246e-001 6.247035e-001 1.266082e-001 1.001168e+000 6.302150e-003 
1.209967e+001 1.284173e+001 -1.182216e+001 1.118608e+000 -8.909410e+000 -2.406064e+000 -4.833696e+000 -6.159581e-001 2.832293e+000 -1.697900e+000 -4.751746e+000 -2.087978e-001 -1.958172e+000 -3.003076e+000 -5.944286e-001 -1.074597e+000 1.129414e+000 9.984103e-001 -2.887434e-001 -8.727084e-001 3.455976e+000 -1.893845e-001 2.015296e-001 1.959706e+000 1.864851e+000 3.141725e-001 -1.192204e+000 1.984286e-001 -2.173300e+000 -4.003349e-001 3.783362e-001 9.735565e-001 4.524163e-001 4.302832e-001 7.017478e-001 2.519879e-002 
1.419457e+001 1.116420e+001 -9.964346e+000 -2.186043e-001 -8.688893e+000 -3.377752e+000 -3.678325e+000 -1.758436e+000 2.641176e+000 -1.411557e+000 -4.120220e+000 -2.414322e-001 -1.215038e+000 -2.114154e+000 -5.218665e-001 -3.052686e-001 5.842906e-001 1.391013e+000 -5.069323e-001 -9.422332e-001 3.180424e+000 -2.359205e-001 5.859586e-001 2.177860e+000 1.623555e+000 7.234501e-001 -6.452706e-001 3.906923e-001 -1.707644e+000 -4.552162e-001 1.492958e-001 2.868320e-001 9.319596e-001 3.503328e-001 4.046292e-001 1.867975e-001 
1.296205e+001 1.093773e+001 -1.094005e+001 3.981175e-001 -9.144661e+000 -2.917359e+000 -3.708639e+000 -2.314174e+000 2.987737e+000 -1.268125e+000 -4.313150e+000 -4.862121e-001 -9.929516e-001 -1.292006e+000 -9.587851e-001 6.248447e-003 6.581397e-001 8.090804e-001 -3.179466e-001 -1.267499e+000 3.089581e+000 -4.499983e-001 1.200924e+000 2.101935e+000 1.368162e+000 1.427381e+000 -5.518017e-002 8.020000e-001 -1.983351e+000 -9.288615e-002 -1.853119e-001 -2.426711e-001 1.120460e+000 7.473364e-002 6.454593e-001 7.536611e-001 
1.157399e+001 1.333286e+001 -1.175403e+001 1.712031e+000 -8.350737e+000 -1.754048e+000 -3.100850e+000 -2.295589e+000 3.373286e+000 -1.774763e+000 -3.440730e+000 -1.027752e+000 -1.724333e+000 -3.841480e-001 -1.119242e+000 2.604310e-001 2.658271e-001 -5.187499e-002 -5.806261e-001 -1.090740e+000 3.188590e+000 -1.339431e+000 1.327781e+000 1.792000e+000 1.641505e+000 1.964378e+000 -3.720973e-001 1.112434e+000 -1.803886e+000 1.451486e-001 -6.560226e-001 -1.149507e+000 7.164784e-001 5.304705e-001 1.432860e+000 7.044436e-001 
9.354092e+000 1.482444e+001 -1.311082e+001 1.918762e+000 -9.807624e+000 -2.465212e+000 -2.969425e+000 -2.864438e+000 3.242373e+000 -2.889880e+000 -3.795698e+000 -7.795377e-001 -2.005050e+000 -7.687613e-001 -9.012309e-001 -5.460583e-001 7.320575e-001 1.125321e-001 -9.873614e-001 -1.119815e+000 3.153396e+000 -4.127992e-001 7.464061e-001 2.422025e+000 1.363418e+000 2.728057e+000 1.949430e-001 9.274467e-001 -6.397547e-001 5.293422e-001 -7.570222e-001 -1.729740e+000 1.078497e+000 6.987624e-001 1.426835e+000 6.116151e-001 
1.018605e+001 1.373341e+001 -1.359083e+001 3.119223e-001 -8.330751e+000 -2.579567e+000 -3.045124e+000 -3.406565e+000 2.214831e+000 -2.349188e+000 -5.568587e+000 4.832481e-001 -3.994854e+000 -1.429352e+000 -7.368804e-001 -1.549064e+000 1.848898e+000 -1.570557e+000 7.644994e-001 -1.172962e+000 2.864881e+000 4.489541e-001 1.506129e-001 3.147211e+000 -1.465007e-001 2.744999e+000 1.676276e+000 1.239687e-001 6.393330e-001 1.903995e-001 9.164381e-002 -6.775689e-001 -6.039574e-001 1.364171e+000 7.126039e-001 1.387131e+000 
9.686216e+000 1.374486e+001 -1.239530e+001 5.347654e-002 -8.085466e+000 -1.169325e+000 -3.870507e+000 -2.771477e+000 1.630535e+000 -2.324555e+000 -4.720554e+000 3.156500e-001 -3.471856e+000 -2.334744e+000 -1.928518e-002 -1.812668e+000 1.003892e+000 -1.909208e+000 -2.367579e-001 -3.579123e-001 2.419399e+000 8.970915e-002 2.129217e-001 2.494715e+000 -2.033664e-001 2.182689e+000 1.502902e+000 1.564662e-001 2.091296e-001 3.153591e-003 -2.246793e-001 -5.477264e-001 -1.027026e+000 8.032295e-001 1.134225e+000 1.242094e+000 
9.975640e+000 1.105081e+001 -1.001794e+001 -1.152329e+000 -7.569273e+000 -1.937307e+000 -3.201314e+000 -2.438847e+000 1.429067e+000 -2.091486e+000 -3.838394e+000 -2.447274e-001 -2.992482e+000 -2.478568e+000 8.305422e-001 -1.472722e+000 9.405771e-001 -3.076538e-001 -1.539063e+000 1.132071e+000 2.429137e+000 3.295258e-001 6.068288e-001 1.757506e+000 1.388842e+000 2.444851e+000 1.480288e+000 3.073684e-001 3.098829e-001 7.082719e-001 -3.933510e-001 -1.013862e+000 -1.256160e-001 6.287913e-001 1.373744e+000 1.029342e+000 
