3.650485e+000 1.441111e+001 -5.012907e+000 1.848578e+000 -1.380692e+000 -2.354437e-001 -2.106255e+000 1.049827e+000 5.855288e-001 -3.097213e+000 -1.821103e+000 -5.046382e-001 3.302201e-001 4.031333e-001 8.154477e-001 -5.893215e-001 -1.311164e+000 -1.183504e-001 1.064310e+000 1.005257e-001 1.186876e-001 -4.190186e-001 -7.042539e-001 1.597473e-001 
5.325426e+000 1.622915e+001 -4.719516e+000 1.450830e+000 -8.678135e-001 8.716198e-001 -2.745585e+000 6.680143e-001 -2.611944e-001 -2.818632e+000 -2.106878e+000 -3.693204e-001 -9.296318e-001 7.172394e-001 9.291099e-001 1.118980e-001 -6.556384e-001 3.645242e-001 1.261564e+000 1.552291e-001 6.622031e-001 -2.871838e-001 -1.001444e+000 -3.004334e-001 
6.204067e+000 1.435362e+001 -4.043106e+000 1.072358e+000 -1.007703e+000 2.192299e-001 -3.842798e+000 -1.032169e-001 -1.499861e-001 -2.960251e+000 -1.897932e+000 -3.162500e-001 -7.928251e-001 -2.534167e-001 1.405755e+000 2.194849e-001 -4.689252e-001 3.680586e-001 1.328247e+000 3.942046e-001 3.708257e-001 1.219454e-001 -7.987266e-001 -1.756651e-001 
1.000996e+001 1.019705e+001 -4.483561e+000 3.534478e+000 -3.574862e+000 2.295210e+000 -5.809461e+000 -3.425089e-001 -1.545604e+000 -1.820210e+000 -5.546215e-001 -8.467344e-001 -1.639171e+000 -6.250912e-001 1.691244e+000 -9.693333e-001 8.900464e-001 3.609705e-002 1.174785e+000 4.284354e-001 6.001938e-001 -3.047603e-001 -4.927967e-001 1.158803e-001 
1.129923e+001 9.641501e+000 -5.228244e+000 5.232467e+000 -4.325051e+000 3.119237e+000 -5.345005e+000 6.759209e-001 -7.571740e-001 -8.679837e-001 -5.360944e-001 -1.296554e+000 -9.820063e-001 -2.575719e-003 1.738278e+000 -1.299615e+000 2.721123e-001 8.623931e-002 1.410435e+000 -5.584288e-001 1.063880e+000 -5.118147e-001 -4.869085e-001 2.493002e-002 
1.207770e+001 8.146335e+000 -4.977975e+000 4.185937e+000 -3.694389e+000 2.108728e+000 -4.191624e+000 7.911183e-001 -1.251165e+000 -2.664814e+000 -5.199070e-001 -1.040759e+000 -2.811031e-001 -1.009898e-001 5.025443e-001 -1.187372e+000 1.504374e-002 7.938277e-001 5.744375e-001 -2.706132e-001 5.753003e-001 -5.027341e-001 -8.617231e-002 3.981342e-001 
1.305825e+001 1.065461e+001 -1.955442e+000 5.631294e+000 -5.350317e-001 3.944686e+000 -2.492534e+000 1.152520e+000 1.463979e-001 -2.099194e+000 -4.263774e-001 -1.635007e+000 -5.232121e-001 -1.029437e+000 1.150339e+000 1.735173e-002 -5.326475e-001 2.972756e-001 -9.707103e-002 -8.383210e-001 -6.451414e-001 -5.887611e-001 -1.257501e+000 2.090588e-001 
1.587471e+001 1.463000e+001 -4.068245e+000 6.996504e+000 -1.081769e+000 4.572939e+000 -3.376390e+000 -1.734870e+000 -3.949691e-001 -2.251704e+000 -9.902006e-001 -5.646890e-001 5.518956e-001 -7.088121e-001 7.486539e-001 4.013720e-001 -5.765443e-001 -1.570310e-001 3.992037e-001 -8.188920e-001 -8.330798e-001 2.382116e-002 -7.278158e-001 5.302427e-001 
1.806996e+001 1.530897e+001 -5.013194e+000 5.609259e+000 -2.274590e+000 4.063712e+000 -3.807233e+000 -9.847557e-001 -7.499057e-001 -2.574041e+000 -1.061824e+000 9.473466e-002 1.127059e+000 -5.190783e-001 1.106660e-001 -2.053647e-001 -8.491116e-001 -2.542395e-001 1.330378e+000 -8.918685e-001 -2.172855e-001 -3.677775e-002 -2.063141e-001 8.317714e-001 
1.815610e+001 1.646327e+001 -7.054224e+000 5.704184e+000 -3.107693e+000 3.446339e+000 -4.113785e+000 -7.453087e-001 -1.138513e-001 -2.969081e+000 -7.370972e-001 5.397542e-001 9.565160e-001 -3.479255e-001 6.342847e-002 -3.544745e-001 -1.353513e+000 -4.903416e-001 1.199164e+000 -1.175775e+000 1.569547e-001 -7.518492e-002 3.990185e-001 1.080483e+000 
1.802439e+001 1.631928e+001 -7.780143e+000 4.343860e+000 -1.956074e+000 2.366646e+000 -2.922575e+000 -7.978201e-001 7.034160e-001 -3.495833e+000 -2.609368e-001 7.708334e-001 1.574386e+000 3.371651e-002 2.086903e-001 -4.339840e-001 -2.561596e+000 -4.712040e-001 6.043507e-001 -9.407361e-001 -3.105206e-002 3.892168e-002 1.046675e-001 1.097253e+000 
1.734252e+001 1.761192e+001 -7.375979e+000 3.130393e+000 -1.463776e+000 1.093923e+000 -2.995877e+000 -3.583183e-001 5.982801e-001 -3.009774e+000 -5.621176e-001 4.719548e-001 1.193022e+000 -6.047517e-001 3.499982e-001 -4.204833e-001 -2.262678e+000 2.406324e-001 9.125246e-001 -5.442978e-001 4.514478e-002 5.859351e-002 -1.992655e-001 1.046224e+000 
1.779805e+001 1.800103e+001 -7.558223e+000 3.122078e+000 -2.288395e+000 1.322848e+000 -3.503845e+000 7.307651e-001 3.479097e-001 -2.487585e+000 -1.338116e+000 2.672883e-001 4.567410e-001 -1.093500e+000 5.297145e-001 -7.007392e-001 -1.398657e+000 6.208371e-001 1.592706e+000 -5.871941e-001 2.988953e-001 -2.334163e-001 -2.252962e-001 8.840723e-001 
1.852816e+001 1.653421e+001 -5.280771e+000 1.813186e+000 -1.261456e+000 3.007663e-001 -2.534920e+000 5.433311e-001 6.828337e-001 -2.624788e+000 -1.255244e+000 5.438964e-001 2.947450e-001 -1.227036e+000 2.970227e-001 -5.315867e-001 -1.394211e+000 1.095921e+000 1.249338e+000 -5.501613e-001 1.424348e-001 -4.885544e-002 -4.273730e-001 4.848794e-001 
1.767742e+001 1.770663e+001 -6.401315e+000 2.771650e+000 -2.001693e+000 1.134254e+000 -3.744202e+000 1.624185e+000 2.591414e-001 -2.065482e+000 -1.439851e+000 8.371821e-001 4.442343e-001 -1.356196e+000 2.561896e-001 -6.896365e-001 -1.134890e+000 3.780485e-001 1.769571e+000 -8.538334e-001 4.173751e-001 -3.826826e-001 -2.920105e-001 1.221205e-001 
1.873502e+001 1.633337e+001 -5.614013e+000 1.857632e+000 -1.277690e+000 1.709027e-001 -3.339513e+000 7.354651e-001 5.109969e-001 -2.174500e+000 -1.348322e+000 6.360525e-001 2.247518e-001 -1.169245e+000 2.096120e-002 -2.723629e-001 -1.287592e+000 3.905631e-001 1.527700e+000 -6.162393e-001 4.687507e-001 -3.148254e-001 -2.104038e-001 1.223005e-001 
1.690079e+001 1.354146e+001 -4.318279e+000 7.723476e-001 4.277121e-001 -1.457138e+000 -2.091071e+000 -6.740867e-002 1.399210e-001 -1.970040e+000 -1.262297e+000 3.090621e-001 -3.182272e-001 -4.002663e-001 6.378856e-001 2.729759e-001 -6.390288e-001 4.169916e-001 1.043229e+000 -4.326408e-001 -1.958156e-001 -1.126044e-001 -1.695879e-001 5.300569e-001 
5.681645e+000 1.610765e+001 -5.052397e+000 3.179712e+000 7.760815e-002 3.494486e-001 -2.819481e+000 1.299271e+000 1.068307e+000 -2.305094e+000 -6.976086e-001 -4.184842e-002 -7.652893e-001 -4.102838e-001 8.050467e-001 -4.886759e-001 -1.339560e+000 -5.567299e-001 9.962086e-001 2.268694e-001 4.456614e-001 -4.226444e-001 -1.057024e+000 4.285283e-001 
6.230447e+000 1.595214e+001 -5.177674e+000 1.633770e+000 -2.537061e-001 6.275824e-001 -2.793162e+000 1.350262e+000 1.300012e+000 -1.396907e+000 -9.355072e-001 2.836961e-001 -7.997171e-001 -5.989613e-002 1.547750e-001 -3.447213e-001 -1.458102e+000 -2.863658e-001 9.316493e-001 -4.457628e-001 4.014589e-002 -6.251093e-001 -3.322503e-001 5.856928e-001 
5.674636e+000 1.439144e+001 -3.859487e+000 2.670039e+000 -1.317271e+000 3.476097e-001 -3.487304e+000 1.523121e+000 7.658922e-001 -1.966849e+000 -1.250515e+000 -6.713004e-002 -1.095160e+000 -8.555777e-001 6.377379e-001 -5.925863e-001 -5.795701e-001 -3.280038e-002 4.627691e-001 3.519630e-003 4.934638e-001 1.400478e-001 -7.458758e-001 3.213828e-001 
1.085387e+001 9.226705e+000 -4.582979e+000 3.880577e+000 -3.198484e+000 3.701848e+000 -3.848937e+000 1.606146e+000 -1.272346e-001 -4.434588e-001 7.669738e-001 -1.683560e-002 -1.585746e+000 -8.337776e-001 1.407709e+000 -1.874003e+000 -4.974538e-001 -1.123625e+000 6.587358e-001 4.927169e-001 8.860642e-001 -5.411246e-001 -9.646110e-001 -1.410080e-001 
1.139949e+001 9.570123e+000 -6.557497e+000 4.206967e+000 -4.604148e+000 3.344938e+000 -3.955933e+000 2.375330e+000 3.530289e-001 -4.399059e-001 -9.249180e-002 -6.967048e-001 -3.526333e-001 -1.072153e-001 8.787383e-001 -2.108847e+000 -5.214857e-001 -4.467297e-001 1.259567e+000 -2.108110e-001 1.298596e+000 -5.508079e-001 -3.964027e-001 2.269879e-001 
1.150811e+001 8.905333e+000 -6.580296e+000 4.052287e+000 -5.358435e+000 2.950154e+000 -4.103308e+000 2.918446e+000 -4.376897e-001 -1.311019e+000 1.944433e-001 -6.026882e-002 4.935932e-001 1.917639e-001 4.996705e-001 -1.479661e+000 -1.357894e-001 3.446279e-001 7.262450e-001 -1.401811e-001 8.888600e-001 -7.678672e-001 -2.219413e-001 4.755246e-001 
1.291253e+001 1.382717e+001 -3.447943e+000 6.047053e+000 -2.945780e+000 4.751905e+000 -3.255655e+000 1.563502e+000 -1.280699e-001 -1.753870e+000 -8.843384e-001 -1.072803e+000 4.195956e-001 -7.918328e-001 1.260259e+000 -8.226081e-001 -9.329527e-001 -5.798557e-001 6.201898e-001 -7.609202e-001 7.618268e-002 -7.426912e-001 -1.465988e+000 -3.235034e-001 
1.648354e+001 1.575024e+001 -4.755825e+000 6.442323e+000 -2.704845e+000 4.610862e+000 -3.224832e+000 -8.397469e-001 -3.132933e-001 -2.125529e+000 -1.083536e+000 -2.827261e-001 7.669247e-001 -6.737290e-001 3.122263e-001 -1.951733e-001 -8.500597e-001 -3.046039e-002 1.121874e+000 -4.099634e-001 -5.640353e-001 -2.574931e-001 -1.250449e+000 -6.470836e-002 
1.837240e+001 1.553333e+001 -5.316611e+000 5.341529e+000 -2.652042e+000 3.802290e+000 -3.795373e+000 -5.122299e-001 -2.844095e-001 -2.107525e+000 -8.461637e-001 -1.911786e-002 9.759837e-001 -6.394316e-001 8.891578e-002 -3.733682e-001 -1.042345e+000 -1.869070e-001 1.280935e+000 -1.105804e+000 -3.056425e-001 -4.407434e-003 -2.108901e-001 7.841724e-001 
1.815972e+001 1.635788e+001 -6.865358e+000 5.865823e+000 -2.431989e+000 3.395114e+000 -3.857777e+000 -8.440550e-001 -1.171882e-001 -3.401655e+000 -4.720818e-001 7.643426e-001 1.058982e+000 -6.932070e-002 -7.357158e-002 -5.140740e-001 -1.551226e+000 -4.677118e-001 9.953035e-001 -1.213146e+000 1.430027e-001 -1.105083e-001 5.031616e-001 1.184819e+000 
1.843581e+001 1.695816e+001 -7.195647e+000 4.357911e+000 -1.520654e+000 1.969934e+000 -2.886992e+000 -1.167591e+000 6.932293e-001 -3.256560e+000 -1.822763e-001 5.829872e-001 1.161157e+000 -3.095306e-001 -9.108626e-003 -2.630211e-001 -2.313112e+000 3.364676e-002 8.061429e-001 -8.292810e-001 -7.624013e-002 -6.456430e-003 3.760826e-002 1.098176e+000 
1.814024e+001 1.805518e+001 -6.782567e+000 3.457958e+000 -1.019359e+000 1.237417e+000 -2.857130e+000 -1.790301e-001 4.108940e-001 -3.166759e+000 -7.710604e-001 3.812078e-001 1.033467e+000 -6.494867e-001 4.839690e-001 -5.062297e-001 -2.116423e+000 4.188350e-001 1.079503e+000 -5.246075e-001 -2.930473e-002 9.039899e-002 -1.962579e-001 1.094820e+000 
1.902143e+001 1.675604e+001 -5.419008e+000 2.233073e+000 -6.209025e-001 4.276298e-001 -2.674106e+000 8.839054e-002 7.544215e-001 -2.677204e+000 -1.266482e+000 4.194468e-001 2.670911e-001 -9.667970e-001 3.805495e-001 -3.003412e-001 -1.513255e+000 9.276470e-001 1.350744e+000 -5.911767e-001 -9.495299e-003 -1.317918e-001 -2.258723e-001 9.186079e-001 
1.875264e+001 1.705008e+001 -5.221095e+000 2.446331e+000 -1.025215e+000 3.208711e-001 -2.987233e+000 4.922436e-001 4.466095e-001 -2.704189e+000 -1.291614e+000 3.547721e-001 6.915725e-002 -1.106934e+000 4.758576e-001 -4.417565e-001 -1.244964e+000 1.147941e+000 1.246183e+000 -7.446342e-001 1.185084e-001 -1.889869e-001 -3.681719e-001 6.489309e-001 
1.919732e+001 1.661091e+001 -4.303065e+000 1.582098e+000 -8.446605e-001 1.504357e-001 -3.002566e+000 6.923835e-001 6.263233e-001 -2.609329e+000 -1.537174e+000 4.686157e-001 4.091629e-001 -1.159846e+000 6.846237e-002 -9.395910e-002 -1.122274e+000 7.237427e-001 1.446688e+000 -6.668449e-001 1.746306e-001 -9.447233e-002 -3.540788e-001 2.522092e-001 
