9.617187e+000 1.648402e+001 -2.286372e+000 5.406629e+000 -1.041121e+000 -2.681697e-001 -5.773252e-001 -2.554473e+000 2.912509e-001 -2.440090e+000 -1.344998e+000 -7.710951e-001 -8.741629e-001 9.415468e-001 1.889968e-001 -6.370013e-001 -8.263187e-001 -6.679543e-002 -6.828478e-001 -9.959046e-001 -2.476626e-001 -1.007517e+000 -7.958543e-001 -8.320879e-001 
1.015453e+001 1.543544e+001 -2.345597e-001 4.380590e+000 -9.368242e-001 -1.242325e+000 -4.812456e-001 -1.477346e+000 3.301932e-001 -1.840012e+000 -1.744605e+000 -1.137193e+000 -1.347396e+000 6.313326e-001 9.026939e-001 -2.319576e-001 -3.531056e-001 -3.972156e-001 -1.479287e+000 -1.083328e+000 2.401071e-001 -6.160821e-001 -1.266160e+000 -7.871327e-001 
9.094914e+000 1.671873e+001 -5.292964e-001 4.866884e+000 -2.012980e+000 -1.472876e+000 -4.218803e-001 -1.679835e+000 9.327026e-001 -1.312636e+000 -1.543584e+000 -1.898144e+000 -2.198488e+000 7.391126e-001 1.354485e+000 2.566378e-001 -2.017690e-001 -9.612360e-001 -1.741564e+000 -8.444897e-001 3.725032e-001 -4.737029e-001 -1.352755e+000 -1.075813e+000 
7.366866e+000 1.804824e+001 -2.634837e-001 5.332065e+000 -2.050304e+000 -1.812909e+000 -7.718208e-001 -2.186602e+000 1.212944e+000 -7.859729e-001 -6.630411e-001 -1.459991e+000 -2.587416e+000 1.773672e-001 5.259211e-001 1.569679e-001 1.845649e-001 -5.512312e-001 -1.080714e+000 -8.045344e-001 1.097592e-002 -7.429292e-001 -1.548030e+000 -1.162417e+000 
6.319945e+000 1.959359e+001 -1.414434e+000 5.688793e+000 -1.706541e+000 -2.369190e+000 -7.132857e-001 -2.329631e+000 1.156423e+000 -1.031003e+000 -2.079186e-001 -1.018453e+000 -2.706884e+000 1.335324e-001 2.944402e-001 -4.069954e-001 2.693559e-001 4.855495e-002 -7.731795e-001 -1.371112e+000 -2.412015e-001 -6.021352e-001 -1.462304e+000 -5.626133e-001 
6.531048e+000 1.823900e+001 -7.041275e-001 5.537784e+000 -1.228138e-001 -2.300338e+000 -9.815348e-001 -2.069459e+000 -1.882431e-001 -1.201074e+000 -3.516819e-001 -8.488439e-001 -1.714279e+000 6.363986e-001 5.368836e-001 -6.720435e-001 -3.576025e-001 -4.316147e-001 -1.209042e+000 -1.332811e+000 1.798946e-001 -1.018770e-002 -1.133979e+000 -6.221835e-001 
8.518240e+000 1.631968e+001 3.736704e-001 4.183516e+000 1.315487e+000 -2.735927e+000 -2.046759e+000 -1.078102e+000 -3.404283e-001 -9.724885e-001 -5.342148e-001 -9.680189e-001 -1.374339e+000 4.518583e-001 5.743438e-001 -5.344428e-001 -3.324018e-001 -6.639472e-001 -1.553326e+000 -1.096541e+000 4.269077e-001 2.288539e-002 -1.168327e+000 -5.499143e-001 
7.810692e+000 1.657349e+001 6.741456e-002 4.374150e+000 1.936113e+000 -2.467847e+000 -2.592412e+000 -1.041932e+000 9.112184e-003 -1.229798e+000 -8.396302e-001 -1.200471e+000 -1.301625e+000 6.955786e-001 5.755666e-001 -3.915128e-001 -7.625727e-002 -6.394797e-001 -1.808229e+000 -1.173326e+000 5.478733e-001 -1.122064e-002 -1.269521e+000 -6.746336e-001 
6.576459e+000 1.710111e+001 3.522264e-002 4.658086e+000 1.800519e+000 -2.081841e+000 -2.200797e+000 -1.259277e+000 8.171245e-002 -1.579172e+000 -1.384967e+000 -1.150852e+000 -1.141782e+000 7.053585e-001 5.650077e-001 -3.277544e-001 1.733484e-001 -3.824897e-001 -1.693316e+000 -1.377688e+000 2.620237e-001 -1.443676e-001 -1.324460e+000 -5.533175e-001 
2.812395e+000 2.106068e+001 -2.190705e+000 6.511546e+000 6.236394e-001 -2.080766e+000 -1.335227e+000 -1.860491e+000 6.258532e-001 -2.465467e+000 -8.565319e-001 -1.753068e+000 -7.428786e-001 7.885228e-001 4.126150e-001 -7.589385e-002 1.301101e-002 -2.069309e-001 -1.523911e+000 -1.482404e+000 1.915251e-002 -3.029433e-001 -1.054044e+000 -5.757903e-001 
2.729539e+000 2.093105e+001 -1.817136e+000 6.646273e+000 5.626756e-001 -2.093755e+000 -1.128087e+000 -2.276385e+000 7.050665e-001 -2.416342e+000 -8.316151e-001 -1.693463e+000 -9.841738e-001 1.013535e+000 2.045975e-001 1.469987e-001 -6.175012e-002 -2.926786e-001 -1.329810e+000 -1.492998e+000 1.641584e-002 -6.183687e-001 -7.954653e-001 -6.603543e-001 
6.791646e+000 1.599074e+001 2.152384e+000 4.020971e+000 1.307505e+000 -1.912573e+000 -1.752133e+000 -1.242481e+000 -7.929702e-001 -1.487592e+000 -1.203909e+000 -1.258489e+000 -8.956517e-001 5.631675e-001 3.842007e-001 -1.554539e-001 1.227867e-001 -2.984787e-001 -1.303880e+000 -1.356255e+000 -2.055566e-001 -3.593531e-001 -1.126757e+000 -5.191651e-001 
4.300443e+000 1.897888e+001 9.778237e-002 5.640339e+000 2.058435e-001 -1.598037e+000 -1.243617e+000 -2.142702e+000 -2.454372e-001 -1.533884e+000 -1.076126e+000 -1.550587e+000 -7.925486e-001 4.806277e-001 2.306837e-001 4.338769e-001 8.979678e-002 -7.251660e-001 -1.347482e+000 -1.202712e+000 1.666804e-002 -4.153153e-001 -1.203658e+000 -7.259892e-001 
6.889414e+000 1.576736e+001 2.516613e+000 4.093847e+000 7.747255e-001 -1.882470e+000 -1.226122e+000 -1.577478e+000 -1.066816e+000 -1.142441e+000 -1.336199e+000 -1.217704e+000 -7.919789e-001 1.716860e-001 5.317968e-001 2.493557e-001 1.841554e-002 -6.381014e-001 -1.408035e+000 -1.121412e+000 -1.120913e-001 -4.073195e-001 -1.155748e+000 -6.504877e-001 
3.091839e+000 2.002998e+001 -2.289254e-001 6.271361e+000 -5.200339e-001 -1.681476e+000 -1.009636e+000 -2.456757e+000 1.429004e-001 -1.891139e+000 -1.117647e+000 -1.528224e+000 -4.667016e-001 3.404822e-001 8.307375e-002 3.310867e-001 1.374323e-001 -7.752488e-001 -1.446958e+000 -9.858675e-001 -1.015010e-001 -4.896014e-001 -1.142746e+000 -7.318295e-001 
3.495226e+000 1.945276e+001 5.623293e-001 5.696344e+000 -9.391813e-001 -1.236458e+000 -9.354287e-001 -2.932233e+000 1.868161e-001 -1.537824e+000 -1.646550e+000 -1.010971e+000 -6.278580e-001 2.559761e-001 6.704987e-002 4.238934e-002 3.489762e-001 -8.129970e-001 -1.435015e+000 -8.901722e-001 -2.287251e-001 -5.690013e-001 -1.225327e+000 -4.668048e-001 
4.818057e+000 1.787170e+001 1.591915e+000 4.836207e+000 -3.701731e-003 -1.304733e+000 -1.307666e+000 -2.774526e+000 -4.036692e-001 -9.855969e-001 -1.480482e+000 -1.180789e+000 -6.147509e-001 1.681789e-001 -5.024512e-002 2.484709e-001 1.781430e-001 -8.718198e-001 -1.333972e+000 -8.044184e-001 -2.380985e-001 -7.156137e-001 -1.071460e+000 -7.185527e-001 
2.417967e+000 2.119072e+001 -8.674936e-001 6.519632e+000 -1.197233e+000 -1.090382e+000 -9.722455e-001 -3.717154e+000 1.100569e+000 -2.407181e+000 -7.762639e-001 -1.404969e+000 -3.704524e-001 4.868342e-001 -8.657189e-001 6.173055e-001 -2.957175e-001 -5.943177e-001 -1.025651e+000 -1.183707e+000 -1.096027e-001 -1.054663e+000 -4.639950e-001 -1.009802e+000 
5.941976e+000 1.695744e+001 2.640438e+000 3.683213e+000 4.168746e-002 -1.108901e+000 -1.473619e+000 -2.435262e+000 -4.298963e-001 -1.226463e+000 -1.756035e+000 -9.676743e-001 -3.425464e-001 2.223896e-001 -3.038942e-001 -4.074840e-002 1.450729e-001 -8.421985e-001 -1.038718e+000 -9.114713e-001 -6.039115e-001 -5.371535e-001 -9.114919e-001 -6.311697e-001 
6.485333e+000 1.631038e+001 2.868933e+000 3.625487e+000 3.474162e-001 -1.205864e+000 -1.418909e+000 -2.181048e+000 -6.003150e-001 -1.271924e+000 -1.897966e+000 -1.032101e+000 -2.717177e-001 1.267506e-001 -1.240555e-001 2.123093e-001 1.364389e-001 -9.546756e-001 -1.130713e+000 -8.374469e-001 -5.768131e-001 -5.766755e-001 -9.126912e-001 -7.224805e-001 
3.396789e+000 1.985677e+001 4.594286e-001 5.460131e+000 -5.121043e-001 -9.511992e-001 -1.087665e+000 -2.766132e+000 -1.256751e-001 -1.536651e+000 -1.496423e+000 -1.394164e+000 -1.844808e-001 8.733541e-002 -1.242531e-001 4.588422e-001 9.733053e-002 -8.071154e-001 -1.401417e+000 -7.766353e-001 -2.719951e-001 -8.368117e-001 -9.859240e-001 -6.353860e-001 
6.048780e+000 1.627472e+001 3.706332e+000 2.812660e+000 6.168303e-001 -9.259010e-001 -1.432170e+000 -2.146414e+000 -8.340510e-001 -9.123473e-001 -2.089750e+000 -1.392425e+000 5.507051e-002 3.799888e-002 -1.738003e-001 5.792430e-001 2.333036e-001 -1.119776e+000 -1.180555e+000 -6.681358e-001 -6.116021e-001 -8.078404e-001 -8.942879e-001 -5.412564e-001 
5.029649e+000 1.767305e+001 2.713342e+000 3.416298e+000 3.315056e-001 -7.002705e-001 -1.428935e+000 -2.536970e+000 -2.997549e-001 -1.031842e+000 -2.293265e+000 -1.354769e+000 1.217747e-001 -3.887090e-002 -3.325895e-001 1.030716e+000 3.487197e-001 -1.513424e+000 -1.070510e+000 -5.804287e-001 -6.656661e-001 -6.957047e-001 -8.745092e-001 -7.619578e-001 
4.074936e+000 1.931259e+001 1.109768e+000 4.545290e+000 -3.599629e-001 -2.936886e-001 -1.477014e+000 -3.053693e+000 4.792143e-001 -1.372317e+000 -1.930384e+000 -1.524006e+000 -6.453142e-002 2.624037e-001 -5.545661e-001 1.263876e+000 3.548584e-001 -1.608453e+000 -9.878280e-001 -6.489834e-001 -6.219212e-001 -6.507646e-001 -6.507807e-001 -9.439815e-001 
7.951421e+000 1.673550e+001 2.366648e+000 3.276276e+000 4.859680e-001 -5.126676e-001 -1.267742e+000 -1.897485e+000 -3.207342e-001 -8.529094e-001 -1.106687e+000 -8.344181e-001 -1.389539e-001 4.233788e-001 9.937561e-002 4.659172e-001 2.744663e-001 -9.002891e-001 -8.564814e-001 -3.529162e-001 -3.979630e-001 -5.659036e-001 -4.977026e-001 -4.554161e-001 
1.151045e+001 1.533361e+001 -8.618903e-001 4.249621e+000 9.187487e-002 -3.721761e-002 -6.888431e-001 -2.200190e+000 -8.116415e-003 -1.505654e+000 -7.084518e-001 3.605964e-002 -5.653341e-001 6.596773e-001 3.839041e-001 -7.255443e-001 -3.885109e-001 1.993589e-001 -6.345410e-001 -9.962690e-001 -2.966988e-001 -5.069280e-001 -3.787678e-001 -2.555158e-001 
8.218137e+000 1.785685e+001 -2.809220e+000 5.840419e+000 -1.555307e+000 -5.620570e-001 -3.497109e-001 -2.187473e+000 6.593773e-001 -2.735315e+000 -1.431175e+000 -1.010800e+000 -9.830619e-001 1.000037e+000 4.848783e-001 -4.529354e-001 -1.000097e+000 -7.603636e-002 -9.551781e-001 -1.038752e+000 1.943977e-001 -1.023315e+000 -1.019928e+000 -9.396727e-001 
6.526929e+000 1.997313e+001 -3.778841e+000 7.232352e+000 -3.287309e+000 -5.464303e-001 -5.730180e-001 -2.125438e+000 1.811446e+000 -2.631440e+000 -5.790565e-001 -2.745378e+000 -1.155155e+000 2.412741e-001 1.567785e+000 2.478701e-001 -5.939808e-001 -3.535917e-001 -2.423740e+000 -4.832611e-001 5.753509e-002 -3.538048e-002 -1.629317e+000 -8.142031e-001 
8.860315e+000 1.607112e+001 6.595830e-001 4.433607e+000 -1.579975e+000 -1.719923e+000 -6.377870e-001 -1.755988e+000 6.950272e-001 -9.946473e-001 -1.175519e+000 -1.383545e+000 -2.316010e+000 3.941318e-001 9.381085e-001 -2.474657e-003 1.041508e-001 -8.125866e-001 -1.397701e+000 -7.271535e-001 1.179359e-001 -5.144378e-001 -1.552522e+000 -1.066141e+000 
7.084203e+000 1.827983e+001 -9.743998e-002 4.900932e+000 -1.908450e+000 -2.127736e+000 -8.052533e-001 -2.051857e+000 1.228531e+000 -5.960757e-001 -6.623673e-001 -1.146327e+000 -2.665361e+000 -1.234811e-001 3.762801e-001 -4.382309e-002 4.338619e-001 -2.678221e-001 -8.754040e-001 -9.790932e-001 -2.585042e-001 -7.507908e-001 -1.630875e+000 -6.959804e-001 
7.697760e+000 1.663887e+001 7.792976e-001 4.486255e+000 -3.726429e-001 -2.296235e+000 -9.695359e-001 -1.851430e+000 -2.101348e-001 -7.557788e-001 -4.989137e-001 -8.510375e-001 -1.958395e+000 3.683727e-001 4.675090e-001 -8.688643e-001 -5.188096e-003 -1.700225e-002 -1.045386e+000 -1.389194e+000 -1.772191e-001 -4.023018e-002 -1.272871e+000 -7.735597e-001 
6.276646e+000 1.849191e+001 -1.016526e+000 5.524556e+000 9.035419e-002 -2.312695e+000 -1.381668e+000 -1.842931e+000 3.886464e-002 -1.274672e+000 -4.938926e-001 -8.919796e-001 -1.442840e+000 6.277619e-001 3.978202e-001 -4.670757e-001 -4.439962e-001 -6.858375e-001 -1.339697e+000 -1.096263e+000 3.255625e-001 -1.494405e-001 -1.099961e+000 -4.440990e-001 
4.314104e+000 2.099804e+001 -3.495053e+000 7.125144e+000 2.302545e-001 -2.336011e+000 -2.285789e+000 -1.873701e+000 1.150611e+000 -2.223313e+000 4.609314e-001 -2.010824e+000 -8.294539e-001 3.123406e-001 6.131767e-001 -2.979227e-001 -5.483465e-001 -3.389716e-001 -2.094290e+000 -7.662212e-001 3.277898e-001 2.675267e-001 -1.448667e+000 -5.832328e-001 
4.878872e+000 1.938097e+001 -2.015153e+000 6.079440e+000 1.074806e+000 -2.003791e+000 -2.320184e+000 -1.706257e+000 7.852117e-001 -1.862631e+000 -8.327520e-001 -1.465536e+000 -1.110467e+000 7.401719e-001 4.269269e-001 -1.365716e-001 9.763684e-002 -6.560604e-001 -1.922661e+000 -1.218224e+000 5.473754e-001 1.085845e-002 -1.367637e+000 -7.529834e-001 
6.980491e+000 1.600037e+001 1.322662e+000 3.830911e+000 1.766779e+000 -1.907299e+000 -1.980451e+000 -1.062877e+000 -3.708832e-001 -1.496150e+000 -1.471119e+000 -1.150895e+000 -8.820540e-001 5.869570e-001 5.651527e-001 -3.387560e-001 9.138166e-002 -1.774484e-001 -1.532457e+000 -1.486973e+000 -3.328300e-003 -2.174462e-001 -1.108936e+000 -3.993987e-001 
4.868639e+000 1.780991e+001 8.417206e-001 4.359960e+000 1.645941e+000 -2.115709e+000 -1.690647e+000 -1.193032e+000 -3.569043e-001 -1.429724e+000 -1.596169e+000 -1.504724e+000 -8.450913e-001 8.214783e-001 5.432382e-001 -1.431965e-001 1.270473e-001 -4.002414e-001 -1.372371e+000 -1.334244e+000 -2.195140e-001 -3.541675e-001 -1.030829e+000 -4.577105e-001 
5.570201e+000 1.691427e+001 1.467384e+000 4.453272e+000 1.347582e+000 -2.056491e+000 -1.544064e+000 -1.343649e+000 -7.670314e-001 -1.434468e+000 -1.284138e+000 -1.335863e+000 -8.650566e-001 5.824887e-001 3.399387e-001 -7.145619e-002 2.191713e-001 -3.229275e-001 -1.295213e+000 -1.407769e+000 -2.737328e-001 -3.327071e-001 -1.077955e+000 -5.387192e-001 
3.226002e+000 1.989557e+001 -6.218922e-001 6.042633e+000 1.471591e-001 -1.742243e+000 -1.199123e+000 -2.227755e+000 1.179086e-001 -2.071308e+000 -8.380115e-001 -1.538876e+000 -1.023229e+000 7.764326e-001 1.543197e-001 3.919524e-001 -4.180302e-002 -5.999745e-001 -1.352012e+000 -1.376087e+000 1.938032e-001 -5.343403e-001 -1.116875e+000 -7.438109e-001 
4.055285e+000 1.879504e+001 3.591457e-001 5.570872e+000 1.622061e-001 -1.699238e+000 -1.052455e+000 -2.256786e+000 -3.099112e-001 -1.331847e+000 -1.286190e+000 -1.453371e+000 -8.177397e-001 3.565871e-001 3.592688e-001 4.409678e-001 1.146167e-001 -8.282354e-001 -1.344612e+000 -1.140625e+000 -6.652754e-002 -3.429393e-001 -1.225478e+000 -7.240530e-001 
4.731605e+000 1.757343e+001 1.596444e+000 4.936189e+000 3.467253e-001 -1.966688e+000 -1.153965e+000 -1.870518e+000 -6.623964e-001 -1.269339e+000 -1.484042e+000 -1.196708e+000 -6.868356e-001 2.974810e-001 2.963909e-001 1.986327e-001 1.812142e-001 -7.339485e-001 -1.415026e+000 -1.078789e+000 -1.226198e-001 -3.703257e-001 -1.234964e+000 -6.474097e-001 
6.229619e+000 1.573406e+001 3.273849e+000 3.820777e+000 2.312945e-001 -1.570989e+000 -1.271324e+000 -2.002086e+000 -7.525435e-001 -1.121367e+000 -1.675290e+000 -9.403315e-001 -5.292583e-001 8.733800e-002 1.724958e-001 9.364344e-002 2.115559e-001 -7.483476e-001 -1.339534e+000 -8.829728e-001 -3.630103e-001 -5.929699e-001 -1.004156e+000 -5.369857e-001 
2.249684e+000 2.080788e+001 -7.465276e-001 6.616161e+000 -1.301637e+000 -9.133933e-001 -7.740161e-001 -3.516568e+000 6.245691e-001 -2.101500e+000 -7.817023e-001 -1.667550e+000 -1.094331e-001 -7.404417e-002 1.095092e-001 1.393440e-001 2.081181e-001 -6.150601e-001 -1.601969e+000 -6.750411e-001 -4.457672e-001 -4.756147e-001 -1.222556e+000 -5.393699e-001 
6.557400e+000 1.573737e+001 3.116945e+000 3.560856e+000 4.539143e-001 -1.139756e+000 -1.628682e+000 -2.484408e+000 -7.046829e-001 -8.627981e-001 -1.571652e+000 -1.010104e+000 -3.414907e-001 -4.764528e-002 -2.013070e-001 1.154592e-001 2.097194e-001 -7.201611e-001 -1.190774e+000 -8.597268e-001 -5.111062e-001 -6.398733e-001 -8.959435e-001 -7.625211e-001 
5.403326e+000 1.725941e+001 2.218239e+000 4.105725e+000 4.522034e-002 -1.308503e+000 -1.591561e+000 -2.522870e+000 -3.232104e-001 -1.235291e+000 -1.588086e+000 -9.228634e-001 -4.169129e-001 1.874775e-001 -4.164670e-001 -2.245926e-002 1.706826e-001 -8.383884e-001 -9.648706e-001 -9.186495e-001 -6.498773e-001 -5.311877e-001 -8.728365e-001 -6.990838e-001 
4.228458e+000 1.867000e+001 1.235529e+000 4.750290e+000 -2.615492e-001 -1.184381e+000 -1.341526e+000 -2.691714e+000 4.219112e-002 -1.560169e+000 -1.757836e+000 -9.310188e-001 -4.792570e-001 3.910575e-001 -3.553900e-001 4.738187e-002 1.682817e-001 -9.063776e-001 -1.064594e+000 -9.377776e-001 -4.842053e-001 -5.621431e-001 -9.755205e-001 -6.917350e-001 
3.756160e+000 1.909175e+001 1.019488e+000 5.116877e+000 -4.671208e-001 -1.141096e+000 -1.072019e+000 -2.660452e+000 -1.182022e-001 -1.563119e+000 -1.775835e+000 -1.182288e+000 -1.827405e-001 1.162985e-001 -1.936243e-001 2.703270e-001 1.674871e-001 -8.373514e-001 -1.281990e+000 -8.575878e-001 -3.465942e-001 -7.839631e-001 -9.761519e-001 -6.139392e-001 
3.597087e+000 1.875736e+001 1.939339e+000 4.137064e+000 1.359246e-001 -1.055164e+000 -1.218968e+000 -2.548737e+000 -4.638954e-001 -1.050701e+000 -1.965042e+000 -1.327741e+000 -1.043347e-001 7.757954e-002 -1.995644e-001 4.680840e-001 2.497694e-001 -9.392740e-001 -1.354592e+000 -7.560174e-001 -3.699038e-001 -8.570602e-001 -1.012004e+000 -4.679398e-001 
1.684150e+000 2.133364e+001 -1.317792e-001 5.428653e+000 -5.463338e-001 -5.495013e-001 -1.038812e+000 -3.568466e+000 7.332669e-001 -1.818047e+000 -1.664229e+000 -1.704904e+000 1.118295e-001 9.677761e-002 -4.203198e-001 1.170427e+000 1.094902e-001 -1.338708e+000 -1.288918e+000 -5.746747e-001 -4.579356e-001 -7.120713e-001 -1.020289e+000 -7.188707e-001 
6.182069e+000 1.620228e+001 3.521522e+000 2.921775e+000 7.494102e-001 -7.684684e-001 -1.773403e+000 -2.167814e+000 -3.700146e-001 -9.598137e-001 -2.137315e+000 -1.426976e+000 -6.604754e-002 5.282494e-002 -1.076874e-001 8.876597e-001 3.517317e-001 -1.392489e+000 -1.236813e+000 -5.710738e-001 -5.325670e-001 -6.473999e-001 -9.004247e-001 -7.912026e-001 
3.423849e+000 1.970751e+001 6.215906e-001 5.064154e+000 -6.422590e-001 -2.404664e-001 -1.586743e+000 -3.050054e+000 6.339688e-001 -1.456769e+000 -1.607614e+000 -1.649620e+000 -6.220322e-002 2.735386e-001 -5.271674e-001 1.262261e+000 3.342232e-001 -1.564830e+000 -1.130593e+000 -5.912222e-001 -4.807162e-001 -6.186601e-001 -6.499628e-001 -9.879386e-001 
