6.072271e+000 2.026283e+001 -8.517446e+000 8.250978e-001 -1.848443e+000 -1.611861e+000 -1.085958e+000 -6.006975e-001 2.208650e+000 9.788243e-001 -1.314318e+000 -3.340073e+000 -9.630476e-001 -9.173759e-001 -6.299443e-001 -8.836236e-001 -1.802219e+000 -9.293249e-001 -1.983931e+000 -1.498010e+000 -5.643910e-001 -9.037752e-001 -3.881508e-001 -3.896730e-001 -1.714001e-001 -2.382490e-001 5.746941e-002 6.204477e-001 -7.382606e-001 -1.094836e+000 2.613957e-001 5.177871e-001 -3.221548e-001 -4.663171e-001 -1.298711e-002 4.306013e-001 
6.414449e+000 1.675206e+001 -1.034393e+001 -3.534789e-001 -1.413006e+000 -3.260560e-002 -4.712208e-001 3.857680e-001 2.646444e+000 1.049304e+000 -8.152457e-001 -2.588119e+000 -1.224985e-001 -1.327309e+000 -6.714923e-001 -7.557086e-001 -1.185751e+000 3.634334e-001 -1.828534e+000 -9.920158e-001 3.758779e-002 1.977171e-001 6.610923e-001 -1.596544e-001 4.921515e-001 -7.251235e-002 4.571321e-001 5.805126e-001 -7.856844e-001 -1.039864e+000 -5.497567e-001 -1.866004e-001 -8.262257e-001 -4.350737e-001 3.708635e-001 3.689420e-001 
6.357779e+000 1.686403e+001 -1.295314e+001 -7.523000e-001 -1.090030e+000 1.506862e+000 -1.195283e+000 -4.469060e-001 1.643612e+000 -4.710280e-001 -8.998034e-001 -2.953267e+000 7.341528e-001 -1.033258e+000 -1.103279e+000 -4.239878e-001 -4.391643e-001 -7.841900e-002 -2.441069e+000 -6.706384e-001 -8.965456e-001 -9.611217e-001 -1.830610e-001 -8.279052e-001 3.927073e-001 -5.801246e-001 2.746404e-001 4.526910e-001 -4.200788e-001 -5.852966e-001 2.276047e-001 4.441079e-001 -1.137968e+000 -5.288757e-001 -1.122167e-001 1.112196e-001 
3.338334e+000 1.603853e+001 -1.337720e+001 -9.109893e-001 -2.326474e+000 1.539169e+000 -1.278708e+000 -6.287077e-001 3.110770e+000 3.862180e-001 2.335179e-001 -1.985002e+000 2.489881e-001 -9.491622e-001 -1.531863e-001 -6.445765e-001 -5.638856e-001 4.419180e-001 -1.941943e+000 3.238912e-002 -1.065240e+000 -1.396062e+000 -6.024556e-002 -3.005840e-001 1.118283e+000 -4.739975e-001 4.104040e-001 4.649767e-001 -2.889790e-001 3.053320e-002 2.240199e-001 3.407984e-001 -8.857800e-001 1.627402e-002 7.314913e-001 2.020467e-001 
1.503118e-001 1.690906e+001 -1.414436e+001 -6.458217e-002 -2.968768e+000 1.172453e+000 -1.531664e+000 -1.987434e+000 2.573787e+000 -2.447386e-001 3.608947e-001 -2.599776e+000 1.030506e+000 -1.787235e+000 4.232307e-001 -2.893474e-001 -2.457848e-001 4.639328e-001 -2.638449e+000 2.448338e-001 -1.442463e+000 -1.356700e-001 6.615033e-001 -1.218365e-001 2.784926e-002 -1.045360e+000 4.745318e-001 4.643921e-001 3.380214e-001 4.442526e-002 -1.675605e-001 2.628812e-001 -1.253152e-001 4.239147e-001 1.206009e+000 4.000566e-001 
3.077510e+000 1.365172e+001 -8.649933e+000 -2.465302e+000 6.572641e-002 1.473983e+000 -4.523814e-001 -1.838572e+000 1.789460e+000 1.843111e+000 -7.726458e-001 -1.848232e+000 -8.900214e-001 -6.196973e-001 -4.085736e-001 -8.591749e-001 -3.089627e-001 -3.754188e-001 -1.617382e+000 -5.220633e-001 -7.401136e-001 -5.272051e-001 3.419411e-001 -2.342647e-001 3.716762e-001 1.309961e-001 5.613458e-001 7.984675e-001 -3.579547e-001 -7.898730e-002 -2.126059e-001 -1.216675e-001 5.865459e-002 -2.924121e-001 8.855202e-003 -2.291793e-001 
1.275617e+001 1.459736e+001 -7.566355e-001 -3.029914e+000 -1.218264e+000 -1.356594e-001 2.514210e-001 1.061005e+000 2.394467e+000 1.295466e+000 -1.716611e+000 -2.726273e+000 -1.110227e+000 3.639260e-002 -1.169209e-001 -2.218551e-001 1.036327e-001 -8.593078e-002 -6.440612e-001 -7.305011e-001 -4.888321e-001 -7.101671e-001 -6.113882e-001 -7.698419e-003 -2.334198e-001 -5.033345e-001 1.207991e-001 4.947649e-001 4.234735e-001 4.449784e-001 3.490352e-001 -4.382014e-002 -4.424808e-001 -3.945657e-001 -1.212239e-001 -2.596874e-002 
4.676507e+000 2.093274e+001 -1.042671e+001 1.418179e+000 -2.191574e+000 -1.119857e+000 -8.908709e-001 -7.430162e-001 2.701179e+000 5.161358e-001 -5.032309e-001 -3.614193e+000 -4.339051e-001 -4.862266e-001 -3.135824e-002 -5.655940e-001 -1.976908e+000 -3.067707e-001 -1.904268e+000 -9.386754e-001 -4.765956e-001 -8.456103e-001 5.776866e-002 -1.991751e-001 -3.331932e-003 -2.254752e-001 2.250923e-001 6.703568e-001 -8.349218e-001 -1.117041e+000 1.160624e-001 4.373675e-001 -7.273578e-001 -5.006066e-001 -6.485737e-002 4.181801e-001 
3.287109e+000 1.993615e+001 -1.382319e+001 1.770226e+000 -3.023851e+000 6.556369e-001 -3.802295e-001 -6.423107e-001 4.145574e+000 -9.671096e-001 7.139398e-001 -3.767157e+000 4.492344e-001 -1.653367e+000 -1.418359e+000 -3.124707e-001 -1.736443e+000 1.702931e+000 -2.540968e+000 -9.085435e-002 -3.489240e-001 2.681340e-001 8.053552e-001 -7.543253e-001 1.272637e+000 -9.061285e-001 1.131638e+000 8.038653e-002 -5.404403e-001 -8.031157e-001 -8.737026e-001 3.408466e-001 -1.457986e+000 2.027324e-001 -2.285883e-001 6.037063e-001 
5.680203e+000 1.739684e+001 -1.363032e+001 -4.291878e-001 -1.445524e+000 1.556564e+000 -1.184273e+000 -5.969934e-001 1.752268e+000 -1.007761e+000 -9.060392e-001 -2.977862e+000 6.680172e-001 -9.740432e-001 -8.430565e-001 -6.239995e-001 -7.642392e-001 -1.370584e-001 -2.758729e+000 -9.724528e-001 -1.149085e+000 -1.013821e+000 -1.345020e-001 -7.345076e-001 6.094136e-001 -5.389902e-001 2.465872e-001 3.945522e-001 -2.515813e-001 -5.098691e-001 1.296054e-001 4.612434e-001 -1.241569e+000 -3.964393e-001 7.350966e-002 1.992468e-001 
1.437459e+000 1.677134e+001 -1.400277e+001 3.004489e-002 -2.912883e+000 1.133977e+000 -1.473083e+000 -1.287376e+000 3.393104e+000 1.696556e-001 8.125710e-001 -2.318750e+000 7.653161e-001 -9.383168e-001 2.520264e-001 -1.287102e-001 -6.664454e-001 9.587242e-001 -1.739081e+000 5.977648e-001 -1.296891e+000 -1.284137e+000 2.535246e-001 -4.118885e-001 9.847408e-001 -9.796472e-001 4.711762e-001 1.524561e-001 -2.535148e-001 -2.535122e-001 -4.164479e-002 6.034516e-001 -6.620738e-001 1.146892e-001 6.518556e-001 3.515320e-001 
6.463568e-001 1.566554e+001 -1.259250e+001 -1.274297e+000 -1.967115e+000 1.395189e+000 -1.110854e+000 -2.331614e+000 1.767804e+000 6.157101e-001 -6.771615e-001 -2.094093e+000 -2.589905e-001 -1.732983e+000 8.030485e-002 -4.942604e-001 -6.756336e-001 -1.688144e-001 -2.013839e+000 5.236939e-002 -1.301125e+000 -6.323429e-001 5.608731e-001 -5.634103e-001 -6.140710e-002 -1.024896e+000 4.328558e-001 8.783321e-001 -5.193788e-002 5.752933e-003 -2.654985e-001 3.706729e-001 -3.362506e-001 2.515542e-001 1.266888e+000 4.147577e-001 
