-46.36507 8.820538999999998 6.056869 -2.495037 -0.5987147 -2.676202 0.6448202 -0.5028595 0.5957537 -0.9777021999999997 -0.6063903 0.6333469000000002 1.187565 0.554116 -0.1782872 -0.2397319 0.19137990000000002 0.08584891 -0.06409364 0.4848895999999999 0.4742727000000001 0.008807509 -0.18375129999999998 0.2813256 0.2910691 -0.35808779999999996 0.3644543 0.1517936 0.18973259999999997 0.08643235000000002 -0.17455369999999998 0.2798855 -0.051004480000000005 0.005186937 0.2395608 -0.17906939999999996 
-15.200100000000003 22.285869999999996 -5.522574 -2.3544580000000006 2.729892 -4.073901 -2.497745 0.7343004999999999 -0.08151553 -5.237975 -0.1336066 1.9192099999999999 1.546825 -1.236165 -0.5726824 -0.4716882 -2.608547 -0.6033097 -0.05329848999999999 -0.9485115999999999 -0.11837370000000001 -0.9823744999999999 0.24227970000000004 0.5517939 -0.3458557 -0.4374433 0.20117849999999998 -0.2882566 -0.7208490000000001 -0.43083660000000007 0.23292690000000002 0.48325560000000006 0.06954894 -0.6777979 -0.2131459 0.24179290000000003 
-3.7536920000000005 23.000859999999996 -7.605460999999999 -0.48941820000000014 2.15357 -2.4668239999999995 -3.5784920000000002 -0.22069779999999997 0.8194971999999999 -4.374627 -1.046665 2.580401 2.7904370000000003 -0.9347481000000001 -0.08290686000000001 -0.30687480000000006 -3.368599 -0.9003512000000001 0.8875536999999999 -0.07213911 0.3667284 -0.3210078 -0.04037334 0.8775196000000001 -0.20455770000000004 -0.7936534000000001 0.1902686 -0.565248 -0.5695081000000001 0.09776838 0.2878121 0.7153704000000001 0.28621199999999997 -0.5229789 -0.4477823 0.2321666 
-0.7932300000000001 22.12098 -9.232075 2.236133 0.9139225 -1.874471 -3.522631 -0.6594113 1.4065689999999997 -5.180053 -0.8939221 1.8506800000000003 3.8896000000000006 -0.8917650000000001 -0.060198760000000004 0.001197459 -4.133824 -0.353963 0.8239852 -0.43144250000000006 0.06576211 -0.8079514999999999 0.25143469999999996 1.5747230000000003 0.1619069 -0.9992044 0.2655412 -0.9061310000000001 -0.43583460000000007 0.170749 0.2003591 0.4694354 0.354136 -0.43706159999999994 0.01480877 0.6583351999999999 
-0.1954061 20.94382 -7.720135 0.2464776 2.518317 -1.233891 -3.7991239999999995 -0.5002795 1.4775919999999998 -5.064601 -2.106431 3.102764 2.693769 -0.3157052 0.4852154999999999 0.3960786 -3.554544 -0.9645533999999999 0.7934580000000001 -1.396476 -0.4227656 -0.9570472 0.17929740000000002 1.948504 0.2770089 0.07227345 0.5487111000000001 -0.8831923 -1.1284910000000001 -0.1302995 -0.3215799 0.3309503 0.8624808 -0.36458730000000006 0.1631039 1.0525330000000002 
-4.4708 24.243400000000005 -7.902320000000001 1.1172059999999997 2.1626690000000006 -1.130362 -3.0309139999999997 -0.8394779000000001 1.7457209999999999 -6.684272999999999 -0.6636828 2.482336 2.392255 0.6734564 0.2761124 0.06780373 -2.9104950000000005 -0.9145228999999999 0.23665669999999997 -0.987445 -0.5122724 -0.8934359 0.2015312 2.201203 0.7108555 -0.6139137999999998 0.4961840999999999 -0.2798717 -1.2977299999999998 0.3524136 0.1386126 -0.35963080000000003 0.8515487000000002 -0.1266183 0.003023184 1.039633 
-2.2725639999999996 19.87396 -5.688443999999999 1.0462050000000003 2.869436 -1.5480529999999997 -2.521468 -0.1253558 -0.5831663000000001 -5.109372999999999 -2.7383099999999994 2.719496 2.7357000000000005 -0.37382509999999997 0.6415037999999998 -0.5985603 -2.546706 -0.46855750000000007 0.5866267 -0.45602829999999994 -0.7274101000000001 -0.6064634 0.045778849999999996 1.4579389999999999 0.6344023 -0.5657227000000001 0.18036230000000003 -0.24275779999999997 -0.9559648999999999 0.14031250000000003 0.2846001 -0.1473648 0.5943079 0.1079922 -0.16776269999999996 0.8164505999999998 
-8.510498999999998 21.809249999999995 -4.5255909999999995 2.1477280000000003 2.637514 -1.3694710000000003 -2.941694 -1.069711 0.5636922000000001 -5.749761999999999 -2.189665 1.5154320000000001 2.404021 -1.2930080000000002 1.1504200000000002 -0.1612884 -2.7740979999999995 0.07124136000000002 1.18016 0.24206189999999997 -1.53045 -0.23580589999999996 0.35780259999999997 1.3184260000000003 0.36154870000000006 -0.8634807999999998 0.1291417 -0.5152207999999999 -0.7145242 -0.16714509999999996 0.08188033 -0.1359583 0.5751822999999999 0.1847519 0.1424826 0.7793351 
-14.9554 17.77449 -1.3104890000000002 3.8806179999999992 3.4658939999999996 -0.6060306999999999 -1.151375 -0.568956 -0.2287161 -4.537542000000001 -2.783514 -0.31611570000000005 1.7507590000000002 0.026726499999999993 0.42007 -0.8843122 -2.308902 -0.1468514 0.8806126 0.07269247 -1.000548 -0.7211892 0.37370219999999993 0.645685 0.7382397999999999 0.4946112 0.22229539999999998 -0.46765500000000004 -0.448703 0.16655890000000004 0.1426261 0.1642656 -0.06484592 0.047183760000000005 0.6198994 1.039188 
-15.80261 18.1613 -2.9443659999999996 4.249896 3.6910549999999995 0.1999278 -0.3761001 -0.2824353 0.7511335 -5.072014 -2.8340150000000004 -0.37599820000000006 2.2777409999999993 -0.5724980999999999 -0.4205513 -1.7448320000000002 -1.9294379999999998 -0.7153904 0.9396950999999999 0.7027549 -0.855824 -0.2752328 0.41128719999999996 1.1716359999999997 0.09098492999999999 0.09295317999999998 -0.11833510000000001 -0.8781669 -0.5263144 -0.28751410000000005 0.3330454 0.4751820000000001 0.6977515 0.09168462 0.3137283 0.40141250000000006 
-15.529269999999999 16.71991 -1.923722 3.658253000000001 4.705158 0.103495 -1.5719639999999997 -0.2319422 0.3541848 -3.651228 -2.254453 0.2365762 1.126031 -0.7169182999999999 0.5397597 -0.8721813999999999 -2.483108 -0.6678610000000001 1.175708 0.09644445999999998 -1.301527 -0.23772839999999998 0.5936922 0.5482491 0.1761249 0.3311104999999999 0.7926035999999999 -0.31302649999999993 -0.5069347999999999 -0.09514971 0.3808718 0.6488495 -0.10044549999999998 -0.7895823000000001 -0.1428324 0.2782197 
-26.819870000000005 10.687110000000002 -0.7076639 0.6129474 4.393386 0.8692662999999998 -0.3010002 1.4372550000000002 1.8158810000000005 -2.648603 -1.968337 -0.09338601 0.13354 -1.132067 -1.071817 -0.6959358 -1.0046359999999999 0.23463330000000002 1.4880320000000002 0.5053734 -0.08963394999999999 -0.125182 0.21057799999999996 0.7202601 -0.19301600000000002 -0.2683188 0.1498829 -0.5096312 -0.8859621000000002 -0.07906002 0.5162774 0.47269400000000006 -0.014470990000000001 0.07544859999999999 0.4486615 0.45115369999999994 
-32.25083 17.17533 2.9977550000000006 -4.068335 0.7389912 -3.0772429999999997 -0.11478330000000002 -0.17416769999999998 -0.2189934 -2.8444600000000007 -0.5302899 1.8877310000000003 2.427081 0.5390273 -1.2785840000000002 -1.8684779999999999 -1.372997 -0.0035320390000000003 1.094277 -0.7642667999999999 -0.6087899 -0.5460849 -0.34200460000000005 0.34124959999999993 -0.6975815 -0.5361729999999999 -0.2068599 0.44171039999999995 -0.22017970000000003 -0.7480377000000001 0.3736251 0.11142799999999999 -0.016575160000000002 -0.1585889 0.1072668 -0.38914429999999994 
-9.205516000000001 23.465859999999996 -7.078406 -0.8680652000000001 2.165701 -3.718653 -3.1758990000000002 0.06223944999999999 0.8664259999999999 -5.344745 0.2188595 2.465026 2.011016 -0.8063249 -0.2710632 -0.2239845 -2.7128000000000005 -0.7815786 0.0572122 -0.40788750000000007 0.05337331 -0.22081550000000003 0.04719464 0.9189216 -0.3055049 -0.5283516 0.3926542 -0.44134159999999995 -0.6236857000000001 -0.1831056 0.10208989999999998 0.7459125000000001 0.1969746 -0.6868822000000001 -0.3683749 0.1635934 
-2.7759539999999996 22.54487 -7.584122999999999 -1.113549 2.779038 -2.8847899999999997 -3.5923699999999994 -0.07664927 0.7001904000000001 -4.593274 -1.279725 2.790642 2.5523139999999995 -0.20919670000000007 -0.4314087999999999 -0.5922574000000002 -3.462595 -0.9424674 1.384627 -0.6852289000000001 0.5581128 -0.4376555 -0.4020012 1.8295270000000001 -0.7278298000000001 -0.8109174 0.13028759999999998 -0.7212310999999999 -0.4053022 -0.09312312 0.6595102 0.4459292000000001 0.10247640000000001 -0.06562417 -0.5695240999999999 0.8711476000000002 
-1.8367129999999998 22.366710000000005 -9.152295 1.9245780000000001 1.4579579999999999 -2.3459919999999994 -2.926001 -0.9175826999999999 1.712261 -5.652985999999999 -1.5133089999999998 2.586483 3.4368550000000004 -0.15507019999999996 -0.1315938 0.41354190000000013 -4.245426000000001 -0.500175 1.050813 -1.3350860000000002 0.5763533 -1.4345490000000003 0.04895743000000001 2.246262 -0.05722211 -0.1684568 0.16813349999999996 -0.6223685 -1.0134430000000003 0.1714772 -0.047161999999999996 0.1653488 0.7412777999999999 -0.43776230000000005 0.3109023 0.7613589000000001 
-2.312312 21.76261 -7.1846499999999995 0.3597932 2.649934 -1.765153 -3.8751199999999995 -0.6405067999999999 1.3855660000000003 -5.566260999999999 -1.3436389999999998 3.420019 2.20078 0.3054622 0.3535207 -0.3270149 -2.9544220000000005 -1.290425 0.6063277 -0.9509945000000001 -0.2836859 -0.8502372000000002 0.3061888 2.0481219999999998 -0.049382880000000004 -0.41531349999999995 0.604695 -0.5651919 -0.7521573000000001 0.18360369999999998 -0.1597969 0.1670638 0.6537759 -0.3655727999999999 0.046898810000000006 1.040122 
-4.047908 21.75775 -6.339621 0.18954350000000003 3.1665330000000003 -0.9042180000000001 -3.4319659999999996 -0.6129286 0.7638903 -6.068946 -1.952021 2.8956270000000006 2.314878 0.2989702 0.7475698 -0.4429572999999999 -2.806013 -0.8142110999999999 0.3015646 -0.6957788000000001 -0.7479823000000001 -0.9229842 0.3643043000000001 1.873232 0.6607757 -0.5849533 0.3291123 -0.33570300000000003 -1.185312 0.3058318 0.3314065 -0.15626969999999998 0.5628668 -0.1067914 -0.06432126 1.112355 
-5.908262 23.129860000000004 -7.352052999999999 2.0004710000000006 2.351801 -1.244527 -2.193997 -1.0485880000000003 0.9117968999999999 -6.275402999999999 -1.4374909999999999 1.3797370000000002 3.0505719999999994 -0.5690828999999998 0.6796167999999999 0.1610733 -3.383923 0.10073960000000001 0.141582 0.1301082 -0.970198 -0.4399826 0.10877959999999999 1.3299640000000001 1.06829 -1.116341 0.7448170000000001 -0.5352518 -0.9861886000000001 0.15612040000000002 0.3021923 0.38854770000000005 0.2603393 0.17736820000000003 -0.2640143 1.034371 
-9.647464 18.554290000000005 -2.403774 1.0018779999999998 3.162713 -1.2940950000000002 -2.534316 -0.1290116 -0.4265868 -4.922812 -2.319953 1.9315809999999998 1.8610019999999996 -0.2372767 0.6900909999999999 -0.9449208000000001 -2.606322 -0.12407080000000001 1.3694989999999998 -0.1146197 -1.05203 -0.4543148000000001 0.8721478000000003 1.059661 0.0592705 -0.3895522 0.04152273 -0.4874378 -1.0416299999999998 -0.43106370000000005 0.43115650000000005 0.5897997999999999 0.3998895 0.2887717 0.3261998 0.7535363999999999 
-13.73877 19.38257 -3.817785999999999 3.064186 3.796250999999999 -1.07798 -0.881976 -0.1379829 0.5772194 -6.163392000000001 -3.068192 1.117215 2.458575 -0.08361984 -0.07623356999999999 -0.08664462 -2.490872 -1.478194 0.2168417 -0.08749742000000002 -0.5941945999999999 -0.6733785 0.8697404999999999 1.3241700000000003 0.6935476 0.2872794 -0.3348886 -0.4169216000000001 -0.561506 -0.40673430000000005 -0.256192 0.028964330000000003 0.47033669999999994 0.4151639 0.6552222 0.7595457000000001 
-13.50578 17.70469 -2.230722 2.231945 3.4504249999999996 -0.4812365 -1.603149 0.4612672 -0.04623106999999999 -5.218357 -2.6023980000000004 1.5684439999999997 1.6091309999999999 -0.9522329000000002 0.5740989 -0.4409706 -2.415741 -0.8850870000000002 0.24060499999999999 -0.04635123000000001 -0.9536376000000002 -0.9054960000000001 0.5425746 1.483316 0.8324116999999999 0.06713406 0.02809797 0.02356616 -0.3759051 -0.2179803 -0.1174459 0.1533213 0.2840018 -0.04690285 0.5895473999999999 0.5775785999999999 
