8.077311e+000 1.018964e+001 -3.050305e+000 1.626529e+000 1.427240e-002 1.966805e+000 -1.998385e+000 7.387193e-001 -2.818457e-001 -1.504197e+000 -1.526901e+000 2.197775e-002 
6.346165e+000 1.017032e+001 -2.533705e+000 2.440030e+000 -7.027948e-001 2.048105e+000 -2.511301e+000 1.115352e+000 4.326030e-001 -6.384340e-001 -1.020290e+000 3.215418e-001 
4.850100e+000 1.001363e+001 -1.429642e+000 2.038890e+000 9.342816e-001 2.248925e+000 -1.504831e+000 6.544228e-001 2.145049e-001 -5.690137e-001 -7.458462e-001 2.318041e-001 
6.936411e+000 7.765732e+000 -9.380383e-001 2.430010e+000 1.226028e+000 1.928030e+000 5.660264e-002 3.500556e-001 4.870629e-001 -9.452511e-001 -3.859979e-001 -1.256278e-001 
7.236392e+000 5.967554e+000 -1.716057e+000 1.639635e+000 9.259502e-001 1.660472e+000 -7.248705e-001 4.942019e-001 9.148179e-001 -5.376420e-001 -3.227313e-001 3.497504e-002 
7.686465e+000 4.149846e+000 -1.139717e+000 1.368433e+000 6.074030e-001 1.205978e+000 -8.205251e-001 4.019324e-002 7.294660e-001 -9.074899e-002 1.356474e-001 -8.963588e-002 
7.952893e+000 3.519275e+000 -2.707606e+000 -7.927071e-001 -3.834098e-001 1.313915e+000 -7.082351e-001 2.496140e-002 7.308766e-001 -6.383571e-001 -4.584476e-001 2.063862e-001 
8.823651e+000 3.488296e+000 -1.693523e+000 -7.805907e-002 -7.944020e-001 1.022684e+000 -6.474393e-001 -2.457305e-001 5.531894e-001 -7.308700e-001 -2.826288e-001 6.481936e-002 
8.995370e+000 3.695975e+000 -1.289074e+000 1.049726e+000 -4.589798e-001 8.740566e-001 -8.239742e-001 9.633969e-002 4.846689e-001 -1.036754e+000 -2.798814e-001 4.398257e-001 
1.059612e+001 8.387795e+000 -1.591010e+000 5.896118e-001 1.279802e-001 9.568128e-001 -1.144129e+000 2.915798e-001 -1.262311e-001 -1.395546e+000 -9.629364e-001 2.373511e-001 
7.012779e+000 1.013425e+001 -1.859192e+000 1.906404e+000 -3.598432e-001 1.871388e+000 -2.214867e+000 9.789487e-001 -5.306908e-001 -1.024320e+000 -1.555140e+000 1.241052e-002 
4.788869e+000 1.015901e+001 -1.554104e+000 2.831368e+000 -6.429401e-001 2.513282e+000 -2.087089e+000 9.003757e-001 1.611591e-001 -7.035374e-001 -9.813921e-001 1.277150e-001 
6.266451e+000 9.568267e+000 -6.709430e-001 2.404101e+000 8.566946e-001 1.445486e+000 -1.653042e+000 6.761979e-001 4.005106e-001 -4.196464e-001 -2.539686e-001 6.622646e-001 
7.318046e+000 6.913836e+000 -2.372017e-001 2.977256e+000 1.505472e+000 1.321501e+000 -8.228618e-001 -2.372994e-001 5.104186e-001 -6.987638e-001 -8.279844e-003 1.470925e-001 
7.451668e+000 5.799984e+000 -7.110086e-001 1.868225e+000 1.336056e+000 1.030844e+000 -1.297627e+000 -5.058149e-001 -1.139955e-001 -1.124727e+000 -7.237694e-001 -2.121300e-001 
9.190714e+000 5.112878e+000 -1.280682e+000 9.541943e-001 -4.303384e-001 4.484029e-001 -1.468698e+000 -4.402971e-001 9.388866e-002 -1.208527e+000 -3.269732e-001 1.570217e-001 
8.628299e+000 4.672506e+000 -1.188318e+000 1.011083e+000 -1.723627e-001 4.722487e-001 -1.892501e+000 -3.005890e-001 5.022240e-001 -9.865767e-001 -3.477417e-001 6.644528e-001 
8.395713e+000 3.755740e+000 -1.102415e+000 1.174968e+000 -1.377048e-002 8.089439e-001 -1.099595e+000 -6.585604e-001 3.087701e-001 -4.470394e-001 -3.034708e-002 -1.094588e-001 
