-6.976324e+000 -5.170960e+000 3.232588e-002 4.289182e+000 -2.639458e+000 2.925111e+000 5.790530e-002 1.036511e+000 1.510916e+000 1.145648e+000 4.936509e-001 8.737167e-002 
-5.286701e+000 -5.081111e+000 1.373258e-001 3.784976e+000 -1.708944e+000 2.838271e+000 3.461638e-001 1.430431e+000 1.292397e+000 1.195609e+000 3.345698e-001 5.478611e-001 
-5.592526e+000 -6.068277e+000 -4.354339e-001 3.688531e+000 -2.094997e+000 2.901459e+000 1.575718e-001 1.198992e+000 1.148928e+000 1.079356e+000 3.830071e-001 8.594283e-001 
-5.003994e+000 -6.281826e+000 -8.379712e-001 2.929209e+000 -1.662228e+000 2.541702e+000 -3.614585e-001 1.037221e+000 7.490589e-001 7.076997e-001 5.842381e-003 6.080740e-001 
-4.535104e+000 -5.656902e+000 -1.154318e+000 3.235657e+000 -5.400255e-001 2.379469e+000 -1.827725e-001 1.392516e+000 8.802930e-001 6.670213e-001 1.399897e-001 5.074611e-001 
-2.780926e+000 -5.254570e+000 -1.793752e+000 2.536900e+000 -2.204125e-001 2.231763e+000 5.777734e-002 1.045752e+000 1.271297e+000 9.339533e-002 1.914715e-001 1.330622e-001 
-3.025224e+000 -5.922783e+000 -2.265164e+000 3.112477e+000 -2.293392e-001 2.810026e+000 2.828649e-001 6.338915e-001 1.082159e+000 -2.580854e-001 1.152346e-001 5.461206e-002 
-2.870781e+000 -5.422320e+000 -2.337055e+000 3.005524e+000 2.272049e-001 2.670340e+000 -6.425579e-001 6.043509e-001 3.966005e-001 -4.228603e-001 -1.158951e-001 2.109244e-001 
-2.183844e+000 -3.910911e+000 -1.382252e+000 3.174862e+000 -5.673323e-001 2.462306e+000 -5.022658e-001 5.569981e-001 -3.339495e-001 -1.670709e-001 -1.427932e-001 -2.987875e-002 
-2.439440e+000 -3.994213e+000 -9.217649e-001 3.280762e+000 -5.731087e-001 2.443622e+000 -4.539366e-001 9.454361e-001 -7.083801e-001 -1.445801e-001 -3.053985e-001 -2.797522e-002 
-1.987643e+000 -3.423291e+000 -1.477050e+000 2.563204e+000 -3.484712e-001 2.695005e+000 -1.277133e+000 8.173554e-001 -5.558270e-001 -2.336477e-001 -4.933950e-001 -1.314832e-002 
-2.750682e+000 -3.689771e+000 -1.314295e+000 2.105843e+000 -1.281887e+000 2.565695e+000 -9.246363e-001 7.715017e-001 -4.790740e-001 6.665235e-003 -4.576179e-001 -3.384416e-001 
-9.976879e-001 -1.641414e+000 -2.155421e+000 1.716275e+000 -1.699592e+000 2.991785e+000 -2.314884e-001 1.313325e+000 -7.468664e-001 2.020651e-002 -7.042754e-001 -4.539498e-001 
8.561681e-001 4.585825e-002 -2.796502e+000 1.796522e+000 -2.218742e+000 2.222555e+000 -8.951447e-001 1.808103e+000 -2.061460e-001 1.475475e-002 -8.473941e-001 -2.755494e-002 
5.644611e+000 3.478487e+000 -4.852152e+000 3.547400e+000 -2.912964e+000 2.396520e+000 -8.088689e-001 1.240389e+000 6.878715e-001 -5.947134e-001 -8.730984e-001 -2.534673e-001 
1.119390e+001 6.261142e+000 -5.106414e+000 3.410422e+000 -1.891967e+000 1.602073e+000 -9.909668e-001 1.135922e+000 6.921083e-001 -3.521985e-001 -1.687374e+000 -7.371257e-001 
1.208249e+001 6.869722e+000 -3.878654e+000 3.219103e+000 -1.257342e+000 1.276189e+000 -1.242964e+000 6.134832e-001 4.147766e-001 -3.064255e-001 -1.570625e+000 -6.263971e-001 
1.398436e+001 6.548584e+000 -1.993232e+000 2.425384e+000 -2.399713e+000 2.068877e-001 -1.252492e+000 1.429895e+000 1.435779e-001 -3.258881e-001 -1.040721e+000 -3.686174e-001 
1.329900e+001 8.079829e+000 -1.697249e+000 2.538455e+000 -2.798474e+000 2.187536e-001 -1.140067e+000 1.385529e+000 2.538880e-001 -9.712088e-001 -9.622371e-001 -4.970755e-001 
1.242617e+001 8.106776e+000 -1.554380e+000 3.295770e+000 -1.514183e+000 1.019638e+000 -1.562740e+000 5.835119e-001 -4.514829e-001 -1.235865e+000 -7.703508e-001 -3.020362e-001 
1.232391e+001 7.899254e+000 -5.483681e-001 3.509451e+000 -2.209976e+000 1.021137e+000 -8.315500e-001 -3.152277e-001 -1.280113e+000 8.195557e-002 -8.272145e-001 -7.121052e-001 
1.219545e+001 5.919470e+000 1.080716e+000 1.924804e+000 -1.375993e+000 -1.062808e-001 1.712013e-001 -7.680978e-001 -8.801101e-001 -3.306692e-001 -1.855993e-001 -3.890996e-001 
-7.585277e+000 -5.034249e+000 -1.008358e+000 3.728486e+000 -3.733000e+000 3.020359e+000 4.000176e-001 2.278778e+000 2.156952e+000 1.927511e+000 1.142536e+000 7.854569e-001 
-6.182652e+000 -5.245371e+000 -5.142090e-001 3.937825e+000 -1.982006e+000 3.091007e+000 6.963724e-001 2.061331e+000 1.565688e+000 1.622931e+000 8.850781e-001 1.106321e+000 
-5.834302e+000 -5.793159e+000 -1.086483e-001 3.884576e+000 -1.930331e+000 2.838047e+000 8.272869e-002 8.975584e-001 9.223646e-001 8.076629e-001 7.642262e-002 7.090352e-001 
-5.155517e+000 -5.859482e+000 -9.183033e-001 3.140780e+000 -1.277101e+000 2.639718e+000 -4.908668e-001 8.946560e-001 5.272356e-001 4.343116e-001 -3.225501e-001 2.994485e-001 
-4.503024e+000 -5.451694e+000 -1.276492e+000 3.074849e+000 -5.046058e-001 2.265900e+000 -2.908054e-001 1.281434e+000 8.479894e-001 7.329844e-001 2.373025e-001 6.300567e-001 
-2.896489e+000 -5.402423e+000 -1.880222e+000 2.573437e+000 -2.768661e-001 2.259759e+000 1.855094e-002 1.054236e+000 1.183864e+000 -2.547692e-002 8.320736e-002 1.018353e-001 
-3.222420e+000 -5.596366e+000 -2.083364e+000 3.089033e+000 2.931733e-002 2.726138e+000 6.590185e-002 7.469857e-001 9.406855e-001 -3.044322e-001 5.015873e-002 7.278005e-002 
-2.730646e+000 -4.803414e+000 -2.344056e+000 2.940722e+000 3.521907e-001 2.526014e+000 -8.182549e-001 4.724319e-001 4.495124e-001 -3.460270e-001 -1.445411e-001 2.872926e-001 
-2.378799e+000 -3.684130e+000 -1.508113e+000 3.008042e+000 -7.770752e-002 2.812572e+000 -4.348563e-001 7.362298e-001 -2.795032e-001 -3.574693e-001 -3.224065e-001 2.709029e-002 
-2.168208e+000 -3.570841e+000 -9.945059e-001 2.749215e+000 -7.884848e-001 2.023500e+000 -7.317968e-001 8.671055e-001 -2.092668e-001 1.515494e-001 -6.749850e-002 2.385862e-001 
-1.706543e+000 -2.974409e+000 -1.088436e+000 2.441773e+000 -5.468479e-001 2.516530e+000 -1.179280e+000 7.151252e-001 -6.148542e-001 4.869011e-002 -2.409578e-001 2.612868e-001 
-2.200480e+000 -3.227031e+000 -1.171140e+000 1.839353e+000 -1.582803e+000 2.515214e+000 -9.306991e-001 1.058308e+000 -1.441679e-001 1.860330e-001 -1.881320e-001 -1.393393e-001 
-8.771976e-001 -1.786541e+000 -2.128357e+000 1.053023e+000 -1.623632e+000 3.002423e+000 -3.223680e-001 1.328452e+000 -6.371004e-001 6.775790e-002 -5.115865e-001 -2.982926e-001 
8.917942e-001 2.461668e-001 -2.905237e+000 1.702442e+000 -2.344216e+000 2.609644e+000 -7.784494e-001 1.972091e+000 -1.512332e-001 -8.573248e-002 -1.009708e+000 1.409082e-002 
6.175859e+000 3.437007e+000 -4.542675e+000 2.923223e+000 -2.855784e+000 2.558844e+000 -7.215593e-001 1.320442e+000 6.983706e-001 -6.579339e-001 -1.020512e+000 -1.449686e-001 
1.143512e+001 6.083656e+000 -4.968094e+000 3.148102e+000 -1.977223e+000 1.843295e+000 -1.075310e+000 1.165736e+000 6.967445e-001 -4.178887e-001 -1.706322e+000 -6.467390e-001 
1.206619e+001 6.812512e+000 -3.841161e+000 2.927026e+000 -1.471392e+000 1.420111e+000 -1.053277e+000 4.534598e-001 4.453761e-001 -3.639398e-001 -1.404872e+000 -7.069216e-001 
1.376139e+001 6.582257e+000 -1.917112e+000 2.057889e+000 -2.471005e+000 2.127058e-001 -1.276839e+000 1.470357e+000 3.074822e-001 -4.000181e-001 -9.861641e-001 -2.821778e-001 
1.320357e+001 8.236386e+000 -1.759762e+000 2.280841e+000 -2.571364e+000 -1.823902e-001 -9.038328e-001 1.327150e+000 3.420689e-001 -9.494384e-001 -1.044149e+000 -3.714151e-001 
1.242449e+001 8.153904e+000 -1.456111e+000 3.012434e+000 -1.246449e+000 9.252608e-001 -1.541977e+000 5.542984e-001 -5.037437e-001 -1.194427e+000 -7.376592e-001 -3.056297e-001 
