1.690512e+001 6.659173e+000 -5.414682e+000 8.487917e-001 1.566588e+000 8.570598e-001 -6.336280e-001 -5.926776e-001 -3.911653e-001 -6.983507e-001 -7.525035e-001 1.240688e+000 
1.579851e+001 6.146453e+000 -4.335575e+000 4.264210e-001 1.392928e+000 5.183967e-001 -2.187382e-001 -8.157009e-001 -9.437499e-001 3.467057e-002 -6.115070e-001 8.833400e-001 
1.527890e+001 6.106615e+000 -3.729290e+000 7.613329e-001 1.507676e+000 1.022828e+000 -5.999451e-001 -2.931793e-001 -4.411386e-001 2.650578e-001 -7.703681e-001 9.426899e-001 
1.466067e+001 6.446964e+000 -4.706114e+000 9.348404e-001 1.247418e+000 1.659715e+000 -1.164756e+000 5.505787e-001 2.400774e-001 -2.346269e-001 -6.248879e-001 7.091434e-001 
1.446096e+001 7.839228e+000 -4.600869e+000 1.451519e+000 1.080509e+000 1.480085e+000 -2.052334e+000 3.241789e-001 2.358219e-001 -4.955002e-001 -4.793583e-001 8.628907e-001 
1.434279e+001 7.239346e+000 -4.274019e+000 7.431014e-001 1.346445e+000 1.492111e+000 -1.600110e+000 1.101082e+000 2.053455e-001 -3.430951e-001 -5.504991e-001 6.582802e-001 
1.799023e+001 6.342134e+000 -4.443157e+000 1.139400e+000 1.595727e+000 2.703634e-001 -1.034128e+000 -1.065903e+000 -5.506946e-001 -6.888801e-001 -4.895353e-001 1.277488e+000 
1.655821e+001 6.696588e+000 -5.075448e+000 1.336357e+000 2.169194e+000 1.097774e+000 -3.914671e-001 -6.206448e-001 -5.348629e-001 -4.434819e-001 -7.905462e-001 1.293325e+000 
1.562857e+001 7.039053e+000 -4.130200e+000 1.228042e+000 2.047929e+000 9.524842e-001 -1.031811e-001 -5.183601e-001 -8.728611e-001 -8.371090e-002 -6.633066e-001 8.670436e-001 
1.513542e+001 6.851037e+000 -4.245988e+000 1.530029e+000 1.885992e+000 1.537984e+000 -5.944336e-001 -1.061150e-001 -5.587912e-001 2.894721e-001 -1.302764e+000 8.232907e-001 
1.431719e+001 6.739289e+000 -4.249607e+000 1.229817e+000 2.070552e+000 1.669958e+000 -1.572899e+000 3.244456e-001 3.589020e-002 -5.943451e-001 -8.257021e-001 8.536683e-001 
1.381818e+001 7.967631e+000 -4.923449e+000 1.888578e+000 1.141745e+000 1.887637e+000 -2.117485e+000 7.852857e-001 -8.804032e-002 -5.222602e-001 -7.517242e-001 9.877824e-001 
