-4.473683e+000 4.997636e+000 -5.546252e+000 5.429486e-001 -1.085046e+000 1.251713e+000 -4.724153e-001 1.808565e-001 8.400303e-001 -1.103621e+000 -6.296138e-001 -8.258683e-002 
6.643829e-001 3.437094e+000 -5.060103e+000 3.624454e+000 -3.112130e+000 2.456447e+000 -1.305506e+000 1.475687e-001 2.902210e-001 -4.043916e-001 -7.704604e-001 1.090272e-001 
4.678437e+000 8.049867e+000 -2.738215e+000 3.628817e+000 -1.999275e+000 -3.588773e-001 -1.594465e+000 -1.272061e+000 1.593295e+000 -5.688163e-001 -4.179077e-003 4.126009e-001 
8.531720e+000 1.209878e+001 -6.301292e+000 4.863774e+000 -2.716625e+000 -2.199383e+000 -1.794343e+000 -1.044827e+000 3.363954e+000 -7.015576e-001 -7.963849e-001 2.408396e-001 
1.208254e+001 1.143543e+001 -4.307181e+000 1.287461e+000 -2.893501e+000 -3.443132e+000 -1.898462e+000 -5.655396e-001 2.926692e+000 2.944580e-001 -1.454378e+000 -1.322989e-001 
1.407437e+001 1.154853e+001 -5.679110e+000 4.541607e-001 -3.057745e+000 -3.398845e+000 -1.800171e+000 -3.261338e-001 2.329442e+000 2.145274e-001 -4.152144e-001 -6.314373e-001 
1.349956e+001 1.221333e+001 -7.707789e+000 1.645989e+000 -3.051556e+000 -3.030798e+000 -2.047348e+000 5.869569e-002 3.212491e+000 2.076967e-001 -4.672168e-001 -5.400353e-001 
1.419064e+001 1.075149e+001 -6.376515e+000 2.611894e-001 -2.036098e+000 -2.769512e+000 -2.008451e+000 -2.427936e-002 2.955175e+000 9.675469e-002 -8.295802e-001 1.169702e-001 
1.407492e+001 1.098956e+001 -6.378573e+000 3.555462e-001 -2.403260e+000 -2.194213e+000 -1.891397e+000 -1.005652e-001 2.849604e+000 -2.778950e-001 -4.324747e-001 -7.166350e-002 
1.538009e+001 1.048092e+001 -5.940359e+000 2.954688e-001 -2.587786e+000 -2.174155e+000 -1.371896e+000 -1.400956e-001 2.932856e+000 1.517288e-001 -5.413078e-001 1.665563e-001 
1.532763e+001 1.051705e+001 -6.494157e+000 6.463972e-001 -2.517236e+000 -2.063389e+000 -1.060233e+000 -2.880670e-001 2.895222e+000 3.010511e-001 -6.261193e-001 2.891185e-001 
1.560931e+001 9.563737e+000 -5.931961e+000 5.608510e-001 -2.507935e+000 -1.798334e+000 -1.177351e+000 -2.880851e-001 2.585573e+000 1.253061e-001 -8.446248e-001 3.464714e-001 
1.392994e+001 1.219733e+001 -8.341688e+000 2.489549e+000 -4.303017e+000 -4.991341e-001 -1.709993e+000 -1.084539e-001 2.552824e+000 -1.057302e-001 -5.593211e-001 9.772622e-002 
1.501948e+001 1.120852e+001 -7.482634e+000 1.621745e+000 -3.726939e+000 -5.956934e-001 -1.974523e+000 2.520780e-001 2.295063e+000 -6.672242e-003 -9.338351e-001 3.589820e-002 
1.561334e+001 1.092876e+001 -7.566465e+000 1.004233e+000 -2.962739e+000 -7.821991e-001 -1.548128e+000 2.373135e-001 2.558781e+000 -1.515306e-001 -1.052024e+000 7.493031e-002 
1.753881e+001 8.686539e+000 -5.604115e+000 -5.391236e-001 -1.632302e+000 -1.470104e+000 -7.768923e-001 2.544338e-001 2.460949e+000 1.166774e-001 -1.215922e+000 -3.674179e-001 
1.718974e+001 4.575142e+000 -2.643951e+000 -2.076859e+000 -1.129140e+000 -4.311631e-001 -1.289434e-001 6.081374e-001 1.054809e+000 -2.645811e-002 -6.475151e-001 -3.383922e-001 
-1.536120e+000 5.191016e+000 -6.950565e+000 6.084040e-001 -4.777860e-001 1.771215e+000 -1.327558e+000 5.527255e-002 8.344197e-001 -1.371911e-001 -1.485842e-001 1.718028e-001 
2.791638e+000 3.988162e+000 -5.258883e+000 2.989925e+000 -2.551426e+000 1.966105e+000 -1.855987e+000 -3.360316e-002 7.596192e-001 8.075546e-002 -5.865677e-001 1.009785e-001 
6.910397e+000 8.420234e+000 -3.061885e+000 3.688505e+000 -1.578530e+000 -7.576927e-001 -1.909692e+000 -1.080773e+000 1.593568e+000 -1.490921e-002 -4.835215e-001 4.728998e-001 
9.709646e+000 1.135995e+001 -5.537136e+000 3.771468e+000 -2.421085e+000 -2.207852e+000 -2.037588e+000 -8.144207e-001 3.438748e+000 -5.436053e-001 -9.989304e-001 2.686953e-001 
1.066901e+001 1.370553e+001 -6.509781e+000 2.298666e+000 -4.283493e+000 -2.956810e+000 -1.596593e+000 -1.211510e+000 3.288336e+000 -6.085766e-001 -3.303576e-001 -6.755808e-001 
1.413733e+001 1.123184e+001 -6.559655e+000 5.627492e-001 -2.935550e+000 -3.371755e+000 -1.867262e+000 -2.354876e-001 2.531503e+000 2.674949e-001 -3.232476e-001 -5.836893e-001 
1.386849e+001 1.102659e+001 -6.864697e+000 7.373582e-001 -2.411935e+000 -3.078651e+000 -2.010901e+000 7.433578e-002 2.920216e+000 2.053536e-001 -6.440504e-001 -1.749953e-001 
1.400366e+001 1.090722e+001 -6.567404e+000 4.524940e-001 -2.307694e+000 -2.682305e+000 -2.173338e+000 -2.146723e-001 3.068742e+000 -1.236375e-001 -8.295057e-001 5.419538e-002 
1.421507e+001 1.066652e+001 -6.347569e+000 9.223658e-002 -2.575733e+000 -2.611754e+000 -1.667423e+000 -2.947992e-001 2.741573e+000 4.447786e-002 -7.094870e-001 7.522927e-002 
1.495215e+001 1.024253e+001 -6.549573e+000 3.108647e-001 -2.603078e+000 -2.390592e+000 -1.323653e+000 -5.036897e-001 2.800722e+000 2.059783e-001 -8.398162e-001 2.034150e-001 
1.406760e+001 1.158757e+001 -8.148317e+000 1.473232e+000 -3.180877e+000 -2.098371e+000 -1.280480e+000 -5.996911e-001 3.252992e+000 -1.549435e-001 -6.059168e-001 1.658934e-001 
1.500135e+001 1.063620e+001 -6.988903e+000 6.048889e-001 -3.234250e+000 -1.925849e+000 -1.219851e+000 -2.080034e-001 2.957903e+000 1.216562e-001 -3.904160e-001 2.026327e-001 
1.537991e+001 1.070374e+001 -6.516690e+000 6.131902e-001 -3.176031e+000 -1.762007e+000 -1.047149e+000 -5.130801e-001 2.777345e+000 -6.918200e-002 -5.327296e-001 -2.451838e-002 
1.592420e+001 1.065501e+001 -6.683949e+000 7.170156e-001 -3.033046e+000 -1.817135e+000 -1.097243e+000 -5.106405e-001 2.745145e+000 -1.848608e-001 -8.261413e-001 -5.713845e-002 
1.644148e+001 1.030630e+001 -6.906758e+000 5.289578e-001 -2.495726e+000 -1.246342e+000 -1.308397e+000 -2.060787e-002 2.541531e+000 -1.839859e-001 -1.214875e+000 -2.543424e-001 
