1.682637e+001 1.426671e+001 -1.289274e+001 -9.842406e-001 -4.791751e+000 -2.922849e+000 -5.993279e+000 -2.419910e+000 -2.762638e+000 -8.411934e-001 -4.873508e+000 -1.999913e+000 1.954829e+000 -2.396552e+000 -1.826321e-001 -2.335214e+000 -1.484573e+000 -7.467252e-001 -1.529697e+000 -9.992577e-001 -5.021958e-001 -1.228526e+000 1.158164e+000 2.372997e+000 3.628537e-002 7.244982e-001 1.493611e+000 1.254606e+000 -5.236571e-002 -5.515665e-001 1.049896e+000 2.302668e-001 -1.138066e+000 1.998627e-001 -9.006161e-001 -2.168878e-001 
1.682913e+001 1.486096e+001 -1.283724e+001 2.828619e-001 -3.814851e+000 -1.798111e+000 -5.204311e+000 -2.524246e+000 -2.052427e+000 -2.081726e+000 -4.395234e+000 -2.203174e+000 1.529816e+000 -2.314687e+000 -4.538858e-001 -1.274548e+000 -9.251281e-001 -1.049778e+000 -2.174257e+000 -1.911681e+000 -1.773002e+000 -8.195160e-001 1.247125e+000 2.444962e+000 5.175035e-001 -2.390299e-001 3.415621e-001 8.417188e-001 1.253472e-001 -4.674692e-001 9.902907e-001 -6.975544e-002 -1.200904e+000 5.948115e-002 -5.027085e-001 -2.009691e-001 
1.390136e+001 1.564999e+001 -1.442856e+001 1.345789e+000 -5.622420e+000 -5.198391e-001 -4.829623e+000 -1.889554e+000 -1.663896e+000 -2.827509e+000 -3.571623e+000 -2.728361e+000 1.171346e+000 -3.477596e+000 3.567199e-001 -1.217553e+000 -5.110308e-001 3.455269e-001 -2.800426e+000 -2.229087e+000 -1.539453e+000 -2.074008e-002 1.916389e+000 2.466107e+000 4.918239e-002 3.859850e-001 -3.601708e-001 1.271505e+000 7.123594e-001 -4.959216e-001 1.693669e+000 -8.622813e-001 -7.730220e-001 -6.214800e-001 -3.777877e-001 4.804940e-001 
1.330689e+001 1.396125e+001 -1.293504e+001 2.024605e+000 -3.935113e+000 6.285164e-001 -4.634003e+000 -2.454596e+000 1.656102e-001 -4.988669e-001 -3.908519e+000 -2.689291e+000 -3.992986e-001 -3.161537e+000 3.634202e-001 9.307541e-002 1.772521e-004 -1.502260e-001 -2.319287e+000 -1.812170e+000 -7.213487e-001 4.592169e-001 2.700197e+000 9.336761e-001 8.664507e-002 -3.878363e-002 3.374383e-001 1.794266e+000 7.902708e-001 -9.285337e-002 7.367374e-001 3.994281e-001 -9.587823e-001 -7.634293e-001 -9.121746e-001 1.041531e-001 
1.438744e+001 1.272511e+001 -1.043464e+001 2.633941e+000 -3.478926e+000 -2.109149e-001 -4.823348e+000 -3.368132e+000 -1.067507e+000 5.260261e-001 -4.444293e+000 -2.539799e+000 -5.567948e-001 -2.856545e+000 -8.278790e-001 3.696607e-002 -7.802081e-001 -2.216650e+000 -2.591965e+000 -2.300958e+000 -2.812949e-001 -8.849488e-001 1.654780e+000 9.926646e-001 -4.193277e-001 -5.533846e-001 2.498869e-001 1.463802e+000 9.057949e-002 -3.120587e-001 1.189456e-001 5.301743e-001 -8.005922e-001 -3.950105e-001 -1.429710e+000 -3.695256e-001 
1.206889e+001 1.276252e+001 -6.988805e+000 4.160660e+000 -4.170598e+000 1.824658e+000 -6.943479e+000 -2.043551e+000 -1.781568e+000 1.172251e-001 -5.275842e+000 -2.153716e+000 -2.067048e+000 -1.636704e+000 -1.050173e+000 -2.385034e-001 -3.918902e-001 -3.282842e+000 -1.102950e+000 -2.231381e+000 -3.971738e-001 -1.809667e+000 5.864947e-001 -2.839496e-001 4.626700e-001 1.665993e-001 1.480622e-002 4.232203e-001 -1.259310e-002 6.074133e-001 -4.761541e-001 2.568235e-001 -7.152688e-001 -4.652798e-001 -7.905973e-001 -1.385376e-001 
1.017201e+001 1.202171e+001 -5.230337e+000 4.363840e+000 -2.059980e+000 2.551247e+000 -5.627638e+000 -1.603331e+000 6.133877e-001 -1.833379e+000 -6.334858e+000 -3.022835e+000 -1.022094e+000 -2.573515e+000 -1.455941e+000 -7.600723e-001 -1.358089e-001 -2.617747e+000 -6.390540e-001 -4.383412e-001 -1.289856e+000 -3.144947e+000 -2.228380e-001 -3.123544e-001 4.866488e-002 7.137758e-001 9.010816e-002 5.084651e-001 -1.567267e-001 9.648728e-001 -4.809392e-001 2.731734e-001 -8.909049e-001 -1.110399e+000 -8.012301e-001 -2.065507e-001 
9.128163e+000 1.415521e+001 -4.976011e+000 5.156892e+000 -3.876292e+000 2.445805e+000 -6.294343e+000 2.760214e-001 4.091444e-001 -1.253639e+000 -6.583875e+000 -3.336127e+000 8.587324e-001 -1.798668e+000 -2.228408e+000 -1.474222e+000 2.128854e-001 -3.245503e+000 -2.698346e-001 -1.124567e+000 -1.415941e+000 -2.925631e+000 5.054306e-001 3.492099e-001 5.194628e-001 -1.658461e-001 -1.060984e-001 9.404316e-001 -6.625785e-001 7.137696e-001 -8.168083e-001 7.051567e-001 -1.228966e+000 3.425373e-001 -1.086167e+000 -7.290710e-001 
9.303303e+000 1.544766e+001 -4.814152e+000 4.558532e+000 -5.428730e+000 1.124523e+000 -6.022562e+000 1.470704e+000 5.926827e-001 -1.235277e-001 -4.756480e+000 -3.467320e+000 -8.338752e-001 -1.686496e+000 -9.003987e-001 -1.446674e+000 -4.384796e-001 -4.316656e+000 -9.442196e-001 -8.972939e-001 -1.153633e+000 -1.891314e+000 3.394754e-001 -1.737097e-001 5.290876e-001 -2.624313e-001 -3.014602e-001 9.610096e-001 -7.678085e-001 6.965939e-001 -2.511185e-001 6.007227e-001 -1.091503e+000 -4.914576e-001 -9.340071e-001 -5.301590e-001 
9.973733e+000 1.409645e+001 -4.083556e+000 3.384602e+000 -5.357364e+000 2.119776e+000 -6.954560e+000 1.112640e+000 2.103663e+000 5.262868e-001 -3.772730e+000 -4.078273e+000 -1.078267e+000 -1.806796e+000 -2.596650e+000 -2.855618e+000 -1.507455e+000 -4.251377e+000 -1.548279e+000 -3.630420e-001 -6.504879e-001 -1.602295e+000 2.034587e-002 -3.227299e-001 2.034017e+000 1.391912e-001 -7.313089e-001 1.388744e+000 -4.587417e-001 1.373520e-001 -5.308796e-001 -3.303259e-001 -1.821970e+000 -1.120905e+000 -1.192025e+000 -5.393246e-001 
1.254795e+001 1.428512e+001 -4.088529e+000 4.141111e+000 -4.040477e+000 1.132613e+000 -6.715058e+000 -3.552487e-001 4.533553e-001 4.044408e-002 -3.600519e+000 -2.958818e+000 -4.058964e-001 -1.657546e+000 -2.600146e+000 -1.629863e+000 -9.604059e-001 -3.720174e+000 -1.057633e-001 -5.459196e-001 -1.336908e+000 -1.347197e+000 1.895050e-001 -1.352766e+000 9.342490e-001 -1.897754e-001 1.566207e-001 1.730978e+000 -8.883911e-001 2.989110e-001 -7.152173e-001 2.613470e-001 -7.381591e-001 -6.169030e-002 -1.406680e+000 -5.075533e-001 
1.377420e+001 1.480763e+001 -6.781225e+000 3.892099e+000 -4.823470e+000 2.072508e+000 -7.316878e+000 -1.929541e+000 -1.851866e+000 1.127351e+000 -3.476401e+000 -3.325535e+000 -6.528788e-001 -2.080146e+000 -2.289484e+000 -3.631039e-001 -5.724638e-001 -3.777364e+000 -1.236555e+000 -7.555915e-001 -3.808374e-001 -1.521980e+000 -5.727655e-001 -2.160855e+000 1.190511e+000 -3.662202e-001 7.633520e-002 1.368927e+000 -6.530260e-001 2.338313e-001 -4.103535e-001 5.248424e-001 -2.373528e-001 -8.152069e-001 -1.049980e+000 4.478865e-001 
1.617530e+001 1.371649e+001 -8.533406e+000 1.872096e+000 -2.788702e+000 6.590279e-001 -5.680315e+000 -3.781514e+000 -6.287583e-001 1.936041e-002 -3.131744e+000 -3.623484e+000 -1.427827e+000 -3.078087e+000 -2.103939e+000 3.241722e-001 -8.439448e-001 -3.358141e+000 -1.814529e+000 -1.709391e+000 -1.055137e+000 -2.477898e-001 -5.959935e-001 -1.041494e+000 1.095756e-001 -4.852393e-001 -3.382492e-001 1.176206e+000 -4.131289e-001 -1.315016e-001 3.113435e-001 -3.152991e-002 -2.178032e-001 -9.096736e-001 -6.718884e-001 -1.400149e-001 
1.591053e+001 1.533752e+001 -9.988710e+000 1.533498e+000 -3.326550e+000 1.368087e+000 -5.329961e+000 -3.148480e+000 -5.193094e-001 -1.269384e-001 -3.395242e+000 -3.910929e+000 -2.060062e+000 -2.103297e+000 -8.838355e-001 1.060038e+000 -1.442217e+000 -2.851219e+000 -2.857289e+000 -2.204783e+000 -1.518561e+000 1.831301e-001 2.597850e-001 -1.156646e+000 7.428261e-001 -1.158417e+000 1.974831e-001 8.922979e-001 -3.195084e-001 -3.637226e-001 1.803597e-001 1.146241e-002 1.568339e-001 -7.396414e-001 -7.232545e-001 -5.417629e-001 
1.549059e+001 1.409085e+001 -9.954278e+000 2.995731e-001 -2.739758e+000 7.153515e-001 -5.873838e+000 -4.237942e+000 -2.976189e-001 -4.999880e-001 -4.156863e+000 -4.476769e+000 -2.520674e+000 -1.903185e+000 -1.700703e+000 1.551767e+000 -1.320800e+000 -3.335978e+000 -3.821298e+000 -2.417398e+000 -1.692441e+000 -3.035343e-001 7.838719e-001 -1.131037e+000 6.212661e-001 -1.421195e+000 2.416415e-001 5.794222e-001 -3.054100e-001 -4.163817e-001 -9.586906e-002 -1.677133e-001 -3.777826e-001 -3.350998e-001 -7.209576e-001 -5.439469e-001 
1.998308e+001 9.991885e+000 -7.196576e+000 -1.697885e+000 1.940243e-001 -6.291107e-002 -2.531020e+000 -2.826398e+000 5.622347e-001 1.523858e-001 -2.697874e+000 -2.468456e+000 -5.636965e-002 -1.083812e+000 -8.090741e-001 9.685694e-001 -7.997410e-001 -2.206480e+000 -2.031433e+000 -1.015913e+000 -4.196238e-001 -3.943402e-001 9.053349e-001 9.100358e-001 5.195956e-001 6.247560e-001 4.548927e-001 3.282750e-001 -4.199110e-001 -2.772227e-001 2.744963e-001 3.449204e-001 2.046965e-001 -4.742113e-002 -9.561577e-002 -6.488973e-001 
2.080117e+001 1.129079e+001 -8.516913e+000 -2.360046e+000 -2.188419e+000 -2.503413e+000 -3.402834e+000 -2.470382e+000 1.381225e-001 -1.070113e+000 -4.936640e+000 -1.286778e+000 2.232329e+000 -6.449016e-001 3.328164e-001 -2.872587e-002 -1.048855e+000 -7.380614e-001 -1.617159e+000 -7.702791e-001 -3.871675e-001 -8.486763e-001 1.783710e+000 2.783813e+000 3.361410e-001 9.263579e-001 1.749559e+000 6.038474e-001 -6.967745e-002 -3.249565e-001 9.966516e-001 7.826496e-001 -5.690337e-001 -8.996101e-002 -3.275342e-001 -5.130269e-001 
1.570607e+001 1.548378e+001 -1.346158e+001 1.362821e+000 -4.173675e+000 -4.080064e-001 -4.960189e+000 -1.686549e+000 -3.115325e+000 -1.439640e+000 -5.562898e+000 -2.481160e+000 1.550022e+000 -1.795426e+000 9.335362e-001 -1.090130e+000 -5.404567e-001 -1.480844e+000 -1.910026e+000 -2.870663e+000 -1.282207e+000 -1.353522e+000 2.147169e+000 2.976940e+000 1.007655e+000 6.318299e-001 8.852031e-001 7.042450e-001 -6.749613e-001 -5.231796e-001 -2.172973e-002 4.761276e-001 -1.344592e+000 9.197282e-001 -3.534790e-001 3.620818e-001 
1.415018e+001 1.652856e+001 -1.416397e+001 3.055656e+000 -4.465436e+000 3.298817e-001 -5.266329e+000 -2.007382e+000 -2.376016e+000 -2.633894e+000 -2.744701e+000 -1.741588e+000 2.655349e+000 -2.690512e+000 -1.438548e-001 -1.723397e+000 -4.323696e-001 -3.024358e-001 -1.873249e+000 -1.922555e+000 -7.524786e-001 -5.165197e-001 1.398463e+000 2.528809e+000 8.777037e-001 4.301342e-001 -1.220077e-002 1.561867e+000 2.994347e-001 -1.274063e-001 9.452098e-001 -5.461391e-001 -7.753379e-001 -2.774438e-002 -3.859631e-001 1.178590e-001 
1.403536e+001 1.343758e+001 -1.365400e+001 1.148246e+000 -4.805085e+000 -1.135264e+000 -5.490484e+000 -3.053473e+000 -9.009082e-001 -1.417667e+000 -3.010112e+000 -2.099329e+000 6.883086e-001 -3.862273e+000 -6.058093e-001 -1.496995e+000 -1.159998e+000 3.759090e-001 -2.333497e+000 -1.646954e+000 -7.765874e-001 2.633786e-001 2.179747e+000 1.766590e+000 4.783188e-001 4.110337e-001 3.765396e-002 2.019307e+000 1.057518e+000 -4.068329e-001 1.335389e+000 -5.396746e-001 -1.312223e+000 -7.878491e-001 -4.821487e-001 1.979936e-001 
1.319281e+001 1.320544e+001 -1.263767e+001 2.152812e+000 -4.311282e+000 5.507884e-001 -4.821941e+000 -2.289899e+000 -1.860584e-001 7.994054e-001 -3.985922e+000 -3.214059e+000 -1.629656e+000 -3.666189e+000 -9.005029e-001 -6.815213e-001 -6.953305e-001 -1.552859e+000 -2.628927e+000 -1.987844e+000 -4.698392e-001 -8.735658e-002 2.642776e+000 7.574643e-001 -4.674895e-002 -7.636176e-001 5.635515e-001 1.762393e+000 2.949438e-001 -2.521815e-001 -3.413912e-001 1.693068e-001 -1.082156e+000 -4.895314e-001 -1.258077e+000 -1.363513e-001 
1.376434e+001 1.287638e+001 -8.683222e+000 3.070276e+000 -5.170007e+000 1.007006e+000 -7.042582e+000 -1.997585e+000 -3.306982e-001 7.803225e-001 -4.594019e+000 -2.843614e+000 -1.693306e+000 -2.438966e+000 -1.222485e+000 4.708148e-002 -5.479880e-001 -3.173190e+000 -2.347751e+000 -2.161558e+000 3.294504e-001 -1.171887e+000 1.229302e+000 3.163843e-001 -1.425881e-001 -3.947970e-001 6.555618e-002 9.061002e-001 6.126731e-001 1.246438e-001 -4.479972e-001 4.707583e-001 -9.727453e-001 -7.369426e-001 -9.012066e-001 -1.726562e-001 
1.244743e+001 1.329571e+001 -5.647661e+000 3.480331e+000 -3.274161e+000 5.898827e-001 -6.844171e+000 -2.130912e+000 6.894585e-001 -1.250025e-001 -4.992626e+000 -2.831961e+000 -1.528840e+000 -1.642123e+000 -7.304231e-001 -4.679742e-001 -1.133516e+000 -3.777487e+000 -1.782725e+000 -1.066310e+000 -3.490584e-001 -2.453257e+000 1.053414e+000 3.767370e-001 1.893558e-001 5.438270e-001 -4.639268e-001 2.435923e-001 4.515075e-002 8.631536e-001 -8.490490e-001 2.641530e-001 -8.525867e-001 -7.261412e-001 -5.058184e-001 -6.826145e-002 
1.004425e+001 1.508881e+001 -5.049772e+000 4.850495e+000 -5.444860e+000 3.207745e+000 -7.790083e+000 -1.259020e+000 7.948977e-001 -7.882777e-001 -5.733882e+000 -3.039360e+000 7.998700e-001 -1.932883e+000 -1.960557e+000 -1.687711e+000 -3.406250e-001 -4.182608e+000 -2.504647e-001 -6.450957e-001 -1.222082e+000 -2.673211e+000 6.397151e-001 3.096744e-001 1.097927e-001 2.885355e-001 -3.934744e-001 7.106610e-001 -6.307836e-001 1.219010e+000 -9.229529e-001 3.590777e-001 -1.376841e+000 3.688732e-001 -9.646261e-001 -4.515721e-001 
1.098282e+001 1.339198e+001 -3.679857e+000 2.868034e+000 -4.216444e+000 -6.526687e-001 -5.721911e+000 2.741958e-002 8.016465e-001 -9.808481e-001 -5.285971e+000 -3.524190e+000 -7.069532e-001 -1.609966e+000 -2.196065e+000 -1.573250e+000 -1.178936e+000 -3.759565e+000 -1.187069e+000 -1.071393e+000 -1.544695e+000 -2.229174e+000 3.808426e-001 2.170313e-001 5.347384e-001 -8.601907e-001 -8.556633e-001 4.961601e-001 -4.075010e-001 7.723804e-001 -5.159109e-001 1.659874e-001 -1.027950e+000 3.822708e-002 -9.542845e-001 -9.086989e-001 
1.044501e+001 1.416170e+001 -3.968539e+000 3.875434e+000 -5.378506e+000 2.536024e+000 -5.612273e+000 1.530161e+000 1.160131e+000 -5.819151e-001 -4.642120e+000 -4.249218e+000 -7.584319e-001 -9.488394e-001 -8.011662e-001 -1.564360e+000 -1.291155e+000 -3.871426e+000 -9.394467e-001 -2.493583e-001 -1.103220e+000 -1.897206e+000 1.192543e-001 -1.712334e-001 1.412165e+000 -2.631550e-001 -8.126911e-001 6.417603e-001 -9.984443e-001 7.664375e-001 2.152193e-002 5.697908e-001 -9.856026e-001 -5.049392e-002 -1.071946e+000 -7.870542e-001 
1.036525e+001 1.315893e+001 -3.919192e+000 3.719394e+000 -5.009523e+000 2.319236e+000 -5.168504e+000 1.582259e+000 1.616091e+000 -2.180309e-001 -4.989022e+000 -4.846469e+000 -1.577475e+000 -7.969358e-001 -1.803914e+000 -2.338862e+000 -1.668495e+000 -3.862499e+000 -1.029646e+000 -8.041927e-001 -7.324148e-001 -1.445165e+000 3.436397e-001 -5.459973e-001 1.978579e+000 2.844468e-001 -9.097622e-001 1.001655e+000 -1.008359e+000 2.530635e-001 -4.032115e-001 4.013626e-001 -1.180088e+000 -1.094342e+000 -1.275140e+000 -3.994998e-001 
1.129233e+001 1.415008e+001 -5.984324e+000 4.063142e+000 -5.188749e+000 3.024987e+000 -5.896686e+000 -1.315729e-001 -5.891124e-001 2.794615e-002 -4.482495e+000 -3.930684e+000 -1.431219e+000 -1.830721e+000 -1.773627e+000 -1.273129e+000 -1.262208e+000 -4.179739e+000 -7.627669e-001 -1.102129e+000 -8.947613e-001 -1.127044e+000 9.427547e-002 -2.010888e+000 1.379753e+000 -3.737335e-001 -1.651471e-001 7.482638e-001 -1.369925e+000 8.964910e-001 -1.590630e-001 4.967664e-001 -7.995434e-001 -8.715236e-001 -1.494205e+000 -7.569319e-002 
1.375070e+001 1.263256e+001 -7.414385e+000 2.958589e+000 -2.565678e+000 2.336695e+000 -4.059984e+000 -3.186264e+000 -1.428786e+000 -3.545553e-001 -2.738422e+000 -3.553113e+000 -1.268575e+000 -2.297385e+000 -2.230618e+000 -5.291323e-001 -8.427358e-001 -2.858300e+000 -1.007807e+000 -1.872812e-001 -9.527065e-001 -9.127519e-001 -8.985928e-001 -1.728874e+000 4.676171e-001 6.619548e-002 3.278818e-001 1.116663e+000 -4.318765e-001 -1.038131e-001 5.830291e-002 6.130947e-001 -2.900476e-001 -1.242079e+000 -8.151640e-001 2.838534e-002 
1.568334e+001 1.402562e+001 -9.523296e+000 2.351196e+000 -2.329198e+000 1.920110e+000 -4.654685e+000 -3.063821e+000 -5.178901e-001 -5.969735e-003 -3.113712e+000 -4.006512e+000 -1.866840e+000 -2.849415e+000 -9.357901e-001 8.166021e-001 -1.261233e+000 -2.878892e+000 -2.144042e+000 -1.726110e+000 -1.260604e+000 -9.976405e-002 1.504313e-001 -9.346396e-001 4.194327e-001 -2.539972e-001 2.652727e-001 1.315457e+000 -7.375169e-001 -5.170709e-001 2.463551e-001 -5.127152e-003 1.371875e-001 -9.788351e-001 -9.714845e-001 -5.365628e-001 
1.500770e+001 1.444072e+001 -1.058214e+001 1.166090e+000 -2.927508e+000 1.744088e+000 -5.214436e+000 -2.755642e+000 -4.264255e-001 6.148929e-002 -3.461018e+000 -4.081111e+000 -2.307943e+000 -2.069640e+000 -1.638419e+000 8.776495e-001 -1.485931e+000 -2.712950e+000 -3.243258e+000 -1.985100e+000 -1.610225e+000 -3.082446e-001 5.348800e-001 -1.099892e+000 1.378613e+000 -8.284759e-001 5.963644e-001 4.488287e-001 -4.619298e-001 -6.441369e-001 -2.988349e-001 5.920805e-002 1.346509e-002 -6.829203e-001 -6.194403e-001 -6.892814e-001 
