3.429013e+000 1.202611e+001 -8.168604e+000 7.454358e+000 -3.113254e+000 -1.580545e+000 -4.225119e+000 -3.503303e+000 -7.853060e-001 -7.493905e-001 -3.861997e+000 -1.523977e+000 2.553828e-001 -1.950396e+000 -1.296276e+000 -2.924281e+000 7.126116e-001 -6.461530e-001 -1.117288e+000 -1.180319e+000 1.611152e-001 2.620555e-001 -7.914787e-001 1.352516e+000 9.600589e-001 6.975806e-001 6.746732e-001 8.151364e-001 2.669416e-001 1.932636e-002 3.116667e-001 -2.655956e-001 -2.585689e-001 -1.192653e-001 -1.172464e-001 -5.913246e-001 
2.533874e+000 1.199741e+001 -8.602349e+000 8.827064e+000 -2.225898e+000 -2.312931e-001 -4.175879e+000 -3.651604e+000 -1.531395e-001 -1.645354e+000 -2.810069e+000 -1.726607e+000 1.528772e+000 -1.370342e+000 -2.398883e-001 -6.080603e-001 1.262221e+000 -4.120201e-001 -1.840349e+000 -1.362714e+000 1.667469e-001 -9.617438e-003 -8.653218e-001 1.094823e+000 8.158938e-001 4.684298e-001 -1.056928e-001 5.355142e-001 6.061221e-001 -2.214033e-001 6.744366e-001 2.705598e-001 6.966548e-002 -1.760650e-002 1.070733e-001 -2.180178e-001 
2.822649e+000 1.437640e+001 -1.118307e+001 8.113981e+000 -4.037250e+000 -6.872937e-001 -2.432643e+000 -3.809907e+000 1.605587e+000 -1.561545e+000 6.341553e-001 -1.577219e+000 9.749410e-001 -1.494919e+000 -6.270842e-001 5.261338e-001 1.679755e+000 5.926222e-001 -2.420865e+000 -8.694376e-001 3.803695e-002 1.729909e-001 -1.018992e+000 5.266606e-001 4.718777e-001 -9.194656e-002 2.366689e-001 -1.523634e-001 -7.423332e-001 -1.273921e+000 4.557545e-001 8.725088e-001 2.975032e-001 1.731749e-001 4.019697e-001 -2.435580e-001 
2.398819e+000 1.335595e+001 -1.127304e+001 7.295284e+000 -2.905193e+000 -1.604345e+000 -3.786624e+000 -3.482484e+000 2.426022e+000 -7.380417e-001 -4.068194e-001 -5.736381e-001 9.409159e-001 -1.732621e+000 1.482981e-001 1.102536e+000 2.110307e+000 8.820514e-001 -2.522114e+000 -1.119656e+000 -4.203868e-001 8.627020e-001 -6.349816e-001 3.159406e-001 1.417405e+000 -3.152245e-001 1.225694e+000 7.019667e-002 -2.131098e-001 -1.158561e+000 1.161089e-001 1.273858e+000 -6.051263e-001 5.102496e-001 4.660510e-002 -2.577530e-001 
1.563090e+000 1.292202e+001 -1.146393e+001 8.901078e+000 -2.164737e+000 8.414098e-001 -2.493786e+000 -4.060018e+000 4.991429e-001 -1.418169e+000 -4.793957e-002 -9.452941e-001 2.953694e+000 -1.752263e+000 3.324281e-001 1.440589e-001 6.855124e-001 -1.844461e-001 -3.108230e+000 3.463899e-002 2.857546e-001 1.568033e+000 -7.134185e-001 -1.854042e-001 9.450774e-001 -3.954033e-001 9.362440e-001 1.056057e-001 -6.989908e-001 -1.258394e+000 1.411277e-001 4.487182e-001 -5.063455e-001 -6.525780e-002 2.099310e-001 -3.248166e-001 
8.722824e-001 1.104389e+001 -1.242372e+001 8.600597e+000 -3.870006e+000 -2.360190e+000 -3.530397e+000 -3.743297e+000 3.052967e-001 -1.529500e+000 2.673840e-001 -7.284301e-001 2.894154e+000 -1.164892e+000 1.017332e+000 1.945484e-001 1.608506e+000 4.204236e-002 -2.604084e+000 -6.296383e-002 -2.015893e-002 1.021203e+000 -1.242273e+000 1.117116e+000 1.952414e+000 3.449207e-001 -3.413294e-002 2.814537e-001 -2.861358e-001 -1.008410e+000 5.818614e-001 -2.799105e-001 -4.178885e-001 -1.285846e-001 6.566391e-001 -2.037222e-001 
6.362252e-001 1.165788e+001 -1.227058e+001 5.244434e+000 -4.917335e+000 -2.983248e+000 -3.569627e+000 -4.788629e+000 1.878767e-001 -7.128589e-001 1.267262e+000 1.511552e+000 2.439474e+000 1.024416e-001 4.024389e-001 -2.261079e-002 9.142814e-001 -9.289118e-001 -2.176105e+000 -3.633526e-001 1.438992e+000 1.083392e+000 -1.475183e+000 7.690150e-001 1.348999e+000 -2.045301e-001 -3.263395e-001 4.980787e-001 2.016136e-001 -5.288210e-001 9.984360e-001 7.385407e-001 2.353461e-001 3.473413e-001 -1.717076e-001 -5.072880e-001 
-1.471372e+000 1.395593e+001 -1.202812e+001 4.494468e+000 -5.785504e+000 -2.489415e+000 -4.047198e+000 -6.535001e+000 -1.004145e+000 -3.253627e+000 3.991486e-001 -9.625533e-002 1.889792e+000 -3.649633e-002 -3.262740e-001 -8.708205e-002 -6.988261e-002 -2.812283e-001 -1.633664e+000 -8.347360e-001 1.198497e+000 1.602357e+000 -1.143128e+000 7.584179e-001 1.286545e+000 2.293505e-002 6.747498e-001 6.175940e-001 9.151419e-002 -9.867703e-001 8.852031e-001 3.391568e-001 -1.244674e-001 7.004869e-001 4.881827e-001 -2.614992e-001 
-9.349040e-001 1.404206e+001 -1.106679e+001 1.992036e+000 -4.728343e+000 -9.390750e-001 -2.884625e+000 -4.641669e+000 -2.383535e-001 -2.272806e+000 -1.847242e+000 3.249667e-001 2.143728e+000 -1.002124e+000 -5.946698e-001 3.203789e-001 1.919822e+000 -1.610421e-001 -1.035552e+000 -4.220147e-001 -2.373798e-001 1.081800e+000 -5.782444e-001 7.263586e-001 9.683016e-001 -4.320084e-001 2.654031e-001 8.285552e-001 -8.925367e-002 -1.840589e-001 1.151842e+000 7.101081e-001 1.471783e-001 4.276555e-001 5.924949e-001 -8.405019e-001 
3.466077e-001 1.290860e+001 -1.179613e+001 -6.874703e-001 -3.977843e+000 -9.011429e-002 -1.222257e+000 -6.743388e+000 -9.454244e-001 -2.197738e+000 -2.023929e+000 2.208159e+000 1.555162e+000 -4.137379e-001 -1.337864e+000 1.535327e-001 1.634263e+000 -6.807275e-001 -1.280111e+000 -8.806936e-001 3.034416e-001 1.212954e+000 -2.459190e-001 1.038592e+000 1.579820e+000 -1.246418e-001 3.104376e-001 7.348189e-001 2.478563e-001 -2.166375e-001 9.438097e-002 3.210941e-001 -2.006083e-001 2.053295e-001 4.695091e-001 -2.947856e-001 
5.751439e+000 1.143383e+001 -1.629061e+001 1.189830e-001 -2.681171e+000 -2.547002e+000 -2.301640e+000 -7.174933e+000 6.486523e-003 -1.821555e+000 -3.698960e+000 2.512509e+000 1.766486e+000 -1.147068e+000 -1.774758e+000 -5.002046e-001 9.457989e-001 -4.225371e-001 -2.974678e-001 -3.226107e-001 3.364232e-001 1.632059e+000 7.424981e-001 1.546157e+000 1.695252e+000 4.311973e-002 5.704988e-001 5.173544e-001 -5.868132e-001 -2.306656e-001 2.735348e-001 -3.556175e-001 -6.479684e-001 5.327886e-001 8.832018e-001 -3.584168e-002 
1.095755e+001 1.014886e+001 -1.927493e+001 1.324756e+000 -2.857803e+000 -1.159198e+000 -3.905242e-001 -5.717446e+000 -4.753519e-001 -4.024028e+000 -2.460792e+000 2.311107e+000 -2.501544e-001 -1.417355e+000 -2.395055e+000 -3.746641e-001 1.041830e+000 8.718815e-001 9.682109e-001 -1.849596e+000 5.720544e-001 1.480431e+000 -2.852633e-001 1.817428e+000 5.004298e-001 -1.071396e+000 -2.528413e-001 3.116065e-001 3.438955e-001 -4.983390e-001 1.036034e+000 6.418342e-001 -1.305993e-001 1.051767e+000 -3.740102e-001 -8.103076e-001 
7.747535e+000 1.360975e+001 -2.250481e+001 1.969109e+000 -2.273351e+000 -3.783359e-001 -5.408620e-001 -6.557291e+000 -2.623742e-001 -6.312348e+000 -2.233055e+000 2.227036e+000 -1.098600e+000 -7.542617e-001 -2.599567e+000 2.690295e-001 2.243971e+000 1.401618e+000 2.478699e+000 -7.215513e-001 1.400015e+000 3.351617e+000 4.197867e-001 1.864365e+000 7.990033e-002 -2.087302e+000 -1.250703e+000 -1.723949e-002 -5.350560e-002 -8.548386e-001 1.058910e+000 9.353719e-001 -9.430536e-002 7.970074e-001 -9.113108e-001 -1.043590e+000 
9.917094e+000 1.300837e+001 -1.862169e+001 2.213555e-001 -1.497641e+000 8.095720e-001 -3.391035e+000 -6.293244e+000 -2.176713e-001 -6.217697e+000 -2.104490e+000 2.385534e+000 -7.642519e-002 -1.045523e+000 -1.670216e+000 7.387535e-001 1.984230e+000 1.971343e+000 9.626653e-001 1.920052e-002 1.469667e+000 1.746719e+000 1.394591e+000 7.980716e-001 5.967147e-001 -1.461394e+000 -1.434330e+000 4.407350e-001 -1.337716e+000 -6.336726e-001 6.203549e-001 2.718238e-001 2.838734e-001 -1.873223e-001 -1.514033e-001 -1.348812e+000 
8.369137e+000 1.429051e+001 -2.045888e+001 1.864770e+000 -2.128230e+000 1.167015e+000 -3.241056e+000 -6.889380e+000 4.100880e-001 -7.032419e+000 -2.795968e+000 3.926772e-001 -4.120414e-001 -2.021626e+000 -2.159715e+000 9.493549e-001 7.942095e-001 2.252686e+000 2.939772e-001 5.947696e-001 2.572266e+000 7.942663e-001 2.125195e+000 4.680641e-002 1.588081e-001 -1.099747e+000 -2.438063e+000 6.815628e-001 -2.171438e+000 -4.100006e-001 2.171166e+000 2.307717e-001 -1.555614e-002 -4.409912e-002 5.307102e-001 -1.584855e+000 
1.029946e+001 1.168948e+001 -1.709598e+001 9.341293e-002 -3.714592e-001 1.321258e+000 -3.613924e+000 -6.023053e+000 2.192431e-001 -6.097669e+000 -4.314671e+000 7.690185e-001 -7.807642e-001 -2.062006e+000 -1.266059e+000 1.748686e+000 2.224530e+000 2.111897e+000 1.156486e+000 3.843676e-001 1.391067e+000 7.064810e-001 7.204909e-001 2.636339e-001 2.651597e-001 -3.310832e-001 -9.502387e-001 2.244398e-001 -1.737712e+000 -1.094765e+000 1.706001e+000 -7.991581e-002 -8.945917e-001 3.701320e-001 1.346096e-001 -7.612147e-001 
7.491458e+000 1.660241e+001 -1.909485e+001 2.659961e+000 -1.851354e+000 9.170684e-001 -3.627995e+000 -8.147859e+000 2.232427e+000 -6.160426e+000 -3.186993e+000 7.757478e-001 -4.496702e-001 -1.579385e+000 -2.143641e+000 1.399241e+000 8.793773e-001 1.176782e+000 1.145324e+000 4.783916e-001 2.443697e+000 9.721111e-001 1.018907e+000 9.814836e-001 -5.984648e-002 -5.034466e-001 -9.530042e-001 -1.045758e-001 -2.329684e+000 -4.456036e-001 2.287112e+000 2.898004e-001 -7.098567e-001 2.846667e-001 5.793996e-001 -7.194825e-001 
9.347115e+000 1.264844e+001 -1.629692e+001 -3.504452e-001 -1.929300e-001 1.783269e+000 -3.527975e+000 -6.680414e+000 1.127153e+000 -5.514767e+000 -4.367498e+000 2.374023e+000 -9.960420e-001 -2.018185e+000 -7.236048e-001 1.519276e+000 2.318444e+000 1.121017e+000 1.237147e+000 7.401526e-001 1.566434e+000 1.271411e+000 8.141073e-001 1.268544e+000 -4.178635e-001 -6.681717e-001 -5.135126e-001 -1.185379e+000 -1.538302e+000 -7.725788e-001 1.508322e+000 3.281150e-001 -9.637618e-001 3.146658e-001 -1.098813e-001 -2.186228e-001 
8.761083e+000 1.249142e+001 -1.609414e+001 -4.387796e-001 1.262542e-001 1.302374e+000 -4.148231e+000 -7.581869e+000 1.494435e+000 -5.084244e+000 -5.367873e+000 1.926358e+000 -9.775269e-001 -2.087433e+000 -1.427508e+000 6.939288e-001 1.980344e+000 -3.425616e-001 1.120434e+000 1.975277e+000 1.402805e+000 1.389171e+000 1.209550e+000 9.885596e-001 -3.500894e-001 -2.710974e-002 -4.000636e-002 -1.314788e+000 -1.286687e+000 -2.062878e-001 1.908225e+000 9.487651e-001 -7.907745e-001 4.366252e-001 3.616897e-001 -1.996815e-001 
9.630585e+000 1.239004e+001 -1.599218e+001 5.418053e-001 1.445293e-001 6.996112e-001 -3.918809e+000 -7.455174e+000 5.352634e-001 -4.400477e+000 -3.938357e+000 2.442432e+000 -2.521245e-001 -1.380604e+000 -1.055225e+000 6.966406e-001 1.881141e+000 2.662284e-002 8.373783e-001 1.689815e+000 1.774320e+000 1.053694e+000 5.991549e-001 9.597433e-001 -6.267352e-001 -6.919306e-001 -3.102591e-001 -1.283333e+000 -1.469866e+000 -6.097744e-001 1.570097e+000 4.085527e-001 -1.510469e+000 1.322271e-001 1.461783e-001 -6.677487e-001 
8.490146e+000 1.289221e+001 -1.770609e+001 8.992573e-001 -1.449126e+000 6.159429e-001 -5.086230e+000 -7.613990e+000 1.354545e-001 -4.563262e+000 -4.932713e+000 1.145587e+000 -6.225959e-001 -3.481069e+000 -3.083582e-001 2.975175e-001 1.503670e+000 3.790934e-001 7.354121e-001 1.404951e+000 1.186699e+000 1.214755e+000 9.957124e-002 1.352538e+000 -2.502410e-001 -2.232561e-001 2.431683e-001 -1.389764e+000 -1.134269e+000 -9.317181e-001 1.918537e+000 5.854657e-001 -1.213081e+000 7.136138e-001 -1.070361e-001 -7.553142e-002 
8.862535e+000 1.252771e+001 -1.639399e+001 7.362021e-001 -4.086235e-001 2.137298e+000 -4.893484e+000 -7.051780e+000 6.657015e-001 -4.346763e+000 -4.440275e+000 1.202817e+000 -2.441714e-001 -3.380361e+000 -1.219326e-001 1.066019e+000 8.261409e-001 1.063619e+000 8.951446e-001 1.826218e+000 1.711851e+000 9.025038e-001 5.030151e-001 8.106785e-001 -1.996803e-002 -3.189441e-001 -9.182536e-002 -1.106285e+000 -1.749778e+000 -6.518699e-001 1.710327e+000 4.384242e-001 -7.401220e-001 7.661612e-001 2.264379e-001 -5.309911e-002 
1.373419e+001 1.224940e+001 -7.775504e+000 1.128732e+000 1.930717e+000 -7.665735e-001 -4.308263e+000 -5.157442e+000 -1.273673e+000 -1.952285e+000 -2.256960e+000 7.718107e-001 6.045075e-003 -1.573057e+000 -1.507337e-001 -2.148998e-001 -5.550251e-001 -7.144685e-001 -1.327664e+000 4.090368e-001 9.516612e-001 -2.653916e-001 3.026138e-001 3.475647e-001 -4.385525e-001 1.051592e-001 8.805755e-001 -3.964133e-002 -1.038709e+000 2.392488e-001 8.679084e-001 -4.390050e-001 -4.743739e-001 2.935506e-001 2.156628e-001 2.547052e-001 
3.901335e+000 1.177859e+001 -7.375069e+000 6.449096e+000 -3.585758e+000 -2.380727e+000 -3.520730e+000 -2.594006e+000 -1.108919e-001 -2.150706e-001 -3.755668e+000 -1.404199e+000 -3.592910e-001 -2.282529e+000 -8.385833e-001 -2.851948e+000 6.036745e-001 -6.762742e-001 -1.628600e+000 -1.120517e+000 -3.068488e-001 6.610804e-001 -2.387889e-001 1.644001e+000 1.225797e+000 7.117746e-001 7.983116e-001 8.590900e-001 -4.436559e-001 -5.999056e-002 1.720918e-001 -6.057996e-001 -1.755434e-002 3.876354e-002 4.628357e-001 -6.745087e-001 
3.324714e+000 1.328338e+001 -8.821564e+000 7.940589e+000 -3.946456e+000 -1.348672e+000 -4.010769e+000 -3.248037e+000 1.028373e+000 -4.078667e-001 -1.451926e+000 -1.958628e+000 8.644184e-001 -1.911764e+000 -5.280137e-001 -8.454827e-001 8.771547e-001 -4.814180e-001 -1.579145e+000 -6.165913e-001 4.180622e-001 7.824166e-002 -9.115626e-001 9.141328e-001 7.370611e-001 5.666481e-001 2.416637e-001 2.173093e-001 1.505067e-001 -3.728126e-001 3.185659e-001 4.248572e-001 1.374414e-001 3.176813e-001 5.741407e-001 -3.070480e-001 
2.929942e+000 1.403480e+001 -1.051765e+001 7.758178e+000 -3.686697e+000 -1.001068e+000 -2.275669e+000 -4.435449e+000 1.338569e+000 -1.046706e+000 1.419792e-001 -7.528701e-001 1.063842e+000 -7.979527e-001 -5.053202e-001 5.371615e-001 8.942783e-001 2.920694e-001 -2.305156e+000 -6.376711e-001 5.165776e-001 2.318604e-001 -6.391175e-001 -9.971681e-003 1.411753e-001 -6.109781e-001 5.404962e-001 2.006704e-001 -4.192202e-001 -9.016946e-001 6.883461e-002 9.544970e-001 -3.495942e-002 4.779482e-001 5.412184e-001 -3.570982e-001 
1.606482e+000 1.339847e+001 -1.075546e+001 8.277362e+000 -2.529388e+000 -1.788110e+000 -3.450428e+000 -4.835416e+000 2.356386e+000 -2.598993e-001 2.300660e-001 -6.501956e-001 7.919143e-001 -2.118223e+000 -8.384190e-001 4.924171e-001 1.455969e+000 1.071439e+000 -2.330691e+000 -4.865391e-001 -8.053068e-002 4.292236e-001 -2.371476e-001 2.157169e-001 1.541168e+000 -6.801092e-001 5.186800e-001 4.049849e-001 -3.034139e-001 -9.787394e-001 4.024337e-001 1.122834e+000 -8.578735e-001 5.349915e-001 -1.551495e-001 -4.563158e-001 
1.194084e+000 1.263236e+001 -1.106740e+001 9.201389e+000 -3.447247e+000 -1.093331e+000 -3.030224e+000 -3.683173e+000 1.479800e+000 -3.843963e-001 1.315727e+000 2.853803e-001 2.459245e+000 -1.373955e+000 -2.799850e-001 -2.577684e-001 6.990739e-001 -1.999372e-001 -3.073179e+000 -1.405842e-001 2.447201e-001 1.458438e+000 -3.167434e-001 -6.166107e-001 9.528164e-001 -6.913974e-001 2.455969e-001 3.093143e-001 -3.744508e-001 -8.641288e-001 3.154601e-001 4.468782e-001 -5.306863e-001 -2.563662e-001 -1.356394e-002 -3.878597e-001 
1.097344e+000 1.104604e+001 -1.210827e+001 7.233165e+000 -3.900550e+000 -2.654687e+000 -3.598483e+000 -3.843135e+000 2.816581e-001 -7.000385e-001 8.947823e-002 -1.191782e+000 1.255396e+000 -8.812648e-001 1.757152e-001 2.135313e-001 7.091486e-001 -2.052773e-001 -1.959146e+000 -2.278758e-001 7.109473e-001 1.053855e+000 -1.108769e+000 2.744459e-001 1.628881e+000 2.256486e-001 3.682206e-001 3.877509e-001 -6.508766e-001 -4.798294e-001 4.632028e-001 5.090861e-001 -2.784045e-001 1.556691e-001 4.664996e-001 -4.680886e-001 
-6.264380e-002 1.263740e+001 -1.273574e+001 6.291749e+000 -3.577612e+000 -1.837910e+000 -3.798662e+000 -5.313162e+000 4.244559e-002 -1.863360e+000 3.404145e-001 -1.001684e+000 1.362572e+000 -1.287544e+000 -4.164154e-001 8.954589e-002 1.602304e+000 -1.167357e-001 -1.150056e+000 -4.670196e-001 1.075626e+000 1.485732e+000 -9.464921e-001 1.734858e+000 1.333411e+000 3.847639e-001 4.573341e-001 1.137294e+000 4.050646e-001 -6.489369e-001 9.454628e-001 -1.026942e-001 8.737077e-002 -1.689441e-001 2.912012e-003 -3.525971e-001 
-1.631685e+000 1.226146e+001 -1.317649e+001 3.073633e+000 -5.936331e+000 -3.113536e+000 -3.746253e+000 -6.042697e+000 3.298570e-001 -1.905581e+000 7.498770e-001 1.065246e+000 2.936038e+000 -2.561326e-001 -2.510025e-001 1.072268e+000 1.098047e+000 3.369138e-001 -1.023243e+000 -7.760074e-001 3.588763e-001 9.427916e-001 -7.412241e-001 1.147620e+000 1.293109e+000 6.683463e-002 5.198403e-001 -1.659599e-001 -8.385625e-001 -9.020915e-001 5.214788e-001 3.122886e-001 -5.340203e-001 1.782112e-001 -3.683298e-001 -6.284243e-001 
-2.514330e+000 1.467947e+001 -9.838323e+000 2.365960e+000 -4.959643e+000 -6.995071e-001 -1.789266e+000 -4.835777e+000 -9.525687e-001 -2.061485e+000 -1.510258e+000 6.419900e-003 1.531886e+000 -1.677164e+000 -5.980319e-001 1.934163e-001 2.030000e+000 4.260147e-002 -6.178088e-001 -2.003177e-001 2.010895e-001 1.099715e+000 -7.080891e-001 1.147189e+000 9.033209e-001 -5.961455e-002 8.553008e-001 8.779971e-001 1.405230e-001 -4.273510e-001 6.496647e-001 2.528228e-001 2.748732e-002 3.314164e-001 5.051148e-001 -4.462436e-001 
8.407558e-001 1.247879e+001 -1.210679e+001 -1.655207e-001 -3.292265e+000 -1.163026e-001 -1.782076e+000 -6.653519e+000 -1.952112e+000 -2.702943e+000 -1.292316e+000 1.770536e+000 2.336497e+000 2.346282e-001 -1.372417e+000 5.367318e-001 1.744682e+000 -3.322943e-001 -1.212775e+000 -8.030583e-001 5.229603e-001 9.030108e-001 -4.613539e-001 9.359689e-001 1.439735e+000 -2.367732e-001 6.359628e-001 5.393914e-001 -3.929424e-001 -8.584617e-001 -6.131264e-001 -3.664660e-002 -1.502087e-001 6.888615e-001 9.823450e-001 1.667075e-001 
5.412581e+000 1.164958e+001 -1.780699e+001 7.357785e-001 -4.044748e+000 -1.812102e+000 -1.888895e+000 -6.577634e+000 7.025218e-001 -3.409746e+000 -3.392683e+000 1.603331e+000 1.081013e+000 -8.245878e-001 -2.636543e+000 1.037174e-001 7.946483e-001 -3.789146e-001 9.905795e-002 -1.587233e+000 7.366564e-001 1.074814e+000 -2.394699e-001 1.684837e+000 3.739449e-001 -3.298969e-001 -5.252354e-002 -2.931058e-001 -9.295895e-002 -9.109840e-001 8.683404e-001 -5.944211e-002 -1.210410e+000 6.304331e-001 -9.977354e-002 1.098665e-001 
6.643811e+000 1.526431e+001 -2.357199e+001 3.735971e+000 -4.098861e+000 -1.480288e+000 8.155204e-001 -8.444426e+000 1.730176e+000 -6.601902e+000 -1.399522e+000 2.437162e+000 -5.144493e-001 1.188420e-001 -2.861553e+000 2.476608e-001 1.214144e+000 8.288341e-001 1.773229e+000 -2.267771e+000 9.583992e-001 1.723955e+000 -6.981395e-001 2.438550e+000 -4.157774e-001 -1.225858e+000 -5.272332e-001 -1.723609e-001 4.961417e-001 -1.381711e+000 8.588044e-001 3.249955e-001 -8.531922e-001 1.150790e+000 -1.311525e+000 -8.282670e-001 
1.032266e+001 1.065540e+001 -1.911057e+001 -2.495200e-001 -1.866077e+000 -5.664888e-001 -1.760357e+000 -5.853548e+000 -1.106684e+000 -5.744296e+000 -2.877604e+000 2.084747e+000 -1.070243e+000 -1.444227e+000 -2.336306e+000 3.420736e-001 2.417969e+000 1.338893e+000 1.804874e+000 -1.048801e+000 3.284435e-001 2.292479e+000 1.774686e-001 1.428568e+000 6.536363e-001 -1.378329e+000 -5.629174e-001 4.691923e-001 9.541400e-002 -8.243417e-001 6.646837e-001 7.553672e-001 9.889256e-003 6.027062e-001 -7.080595e-001 -1.051394e+000 
1.117375e+001 1.228072e+001 -1.679116e+001 -4.120628e-001 -8.428690e-001 1.133796e+000 -2.929322e+000 -5.435942e+000 2.269381e-001 -5.566113e+000 -3.263159e+000 1.994362e+000 -6.775572e-001 -2.006679e+000 -1.409941e+000 5.577496e-001 2.182487e+000 2.210234e+000 6.009942e-001 -1.871933e-001 8.047621e-001 1.211803e+000 1.050232e+000 6.357809e-001 7.419714e-001 -1.087831e+000 -1.155294e+000 4.774995e-001 -1.260521e+000 -8.502841e-001 5.387986e-001 2.673624e-001 4.187336e-001 2.606149e-001 -6.650230e-002 -9.670870e-001 
1.171519e+001 1.058368e+001 -1.606107e+001 -2.179980e-001 -6.211985e-001 8.847425e-001 -3.290891e+000 -5.445305e+000 -1.961296e-001 -5.180546e+000 -3.737741e+000 6.602925e-001 -9.072421e-001 -2.542187e+000 -1.454551e+000 9.260534e-001 1.710355e+000 2.095525e+000 5.817419e-001 3.641930e-001 1.242968e+000 6.956076e-001 1.176873e+000 4.052331e-001 4.322638e-001 -6.312691e-001 -1.110493e+000 3.693870e-001 -1.702555e+000 -7.345440e-001 1.582122e+000 7.284234e-002 -8.150331e-002 5.877903e-001 1.722360e-001 -7.040501e-001 
8.698787e+000 1.430438e+001 -1.849962e+001 1.517961e+000 -1.935581e+000 9.550523e-001 -4.121690e+000 -6.502977e+000 1.111717e+000 -6.022710e+000 -3.059280e+000 5.289565e-001 -3.692185e-001 -1.383679e+000 -2.050711e+000 1.614664e+000 1.621697e+000 1.543097e+000 1.498053e+000 7.189761e-001 2.230648e+000 1.135317e+000 1.262611e+000 6.688397e-001 3.300276e-001 -4.421189e-001 -9.930702e-001 -5.367556e-003 -1.946525e+000 -6.775470e-001 2.062215e+000 2.962069e-001 -4.925440e-001 3.779965e-001 6.344633e-001 -8.252702e-001 
1.074104e+001 1.221062e+001 -1.529587e+001 -3.304974e-001 -3.453473e-001 1.525659e+000 -3.875371e+000 -6.680886e+000 4.743745e-001 -5.253542e+000 -4.229415e+000 1.425065e+000 -4.618036e-001 -2.037311e+000 -1.563856e+000 1.420511e+000 2.081411e+000 1.282891e+000 9.927205e-001 4.361457e-002 1.240096e+000 1.137669e+000 6.761874e-001 1.196521e+000 3.251195e-001 -5.196687e-001 -4.013122e-001 -2.174852e-001 -1.794153e+000 -1.025755e+000 1.761725e+000 1.426297e-001 -1.005176e+000 7.854701e-001 4.357837e-001 -5.601926e-001 
7.918471e+000 1.452162e+001 -1.786361e+001 1.555832e+000 -1.808695e+000 6.308430e-001 -4.717670e+000 -7.906957e+000 1.332971e+000 -5.400676e+000 -4.308115e+000 1.758925e+000 -8.322191e-001 -1.711347e+000 -1.362446e+000 6.152078e-001 1.185194e+000 2.571792e-001 1.373480e+000 1.201722e+000 2.177327e+000 1.611078e+000 6.836986e-001 1.362230e+000 -7.736204e-002 -3.298535e-001 -2.045746e-001 -7.527823e-001 -1.312872e+000 -4.999585e-001 2.085916e+000 7.788872e-001 -8.017788e-001 6.121577e-001 4.229387e-002 -4.922136e-001 
4.669747e+000 1.702607e+001 -2.084764e+001 2.143088e+000 -9.431735e-001 1.526894e-001 -1.380614e+000 -9.438065e+000 2.546215e+000 -6.640288e+000 -4.889591e+000 1.804648e+000 -1.709897e+000 -2.092897e+000 -1.891213e+000 1.153050e+000 2.549370e+000 2.172786e-001 2.089441e+000 1.162951e+000 1.481976e+000 1.671836e+000 3.930449e-001 1.597382e+000 -5.467086e-001 -1.953135e-001 2.893299e-001 -8.127413e-001 -7.193076e-001 -6.670629e-001 2.137725e+000 8.986095e-001 -1.136004e+000 8.710517e-001 2.960661e-002 -2.003772e-001 
7.764766e+000 1.332773e+001 -1.674814e+001 1.448059e+000 -9.049013e-001 -3.330668e-002 -3.593448e+000 -7.625506e+000 1.395203e+000 -3.956996e+000 -4.293227e+000 2.002154e+000 -1.051059e+000 -2.121238e+000 -8.158267e-001 1.471721e+000 2.160704e+000 -1.226750e-001 1.190824e+000 2.089769e+000 1.916457e+000 1.241755e+000 4.631795e-001 1.182583e+000 -6.120715e-001 -1.011051e+000 -7.365685e-002 -1.512279e+000 -1.901497e+000 -5.117709e-001 1.497498e+000 5.980918e-001 -1.050301e+000 1.796631e-001 -9.610071e-003 -6.077152e-001 
8.499741e+000 1.104216e+001 -1.607243e+001 1.024699e-001 -7.806969e-001 -2.386544e-001 -5.200769e+000 -7.329115e+000 2.734962e-001 -3.843455e+000 -4.889990e+000 1.310687e+000 -8.094599e-001 -3.974521e+000 -6.580093e-001 7.157462e-001 1.174902e+000 6.268364e-001 3.901993e-001 2.266535e+000 2.174656e+000 1.279778e+000 1.009448e+000 8.402279e-001 -1.423247e-001 -5.454803e-001 -4.158280e-001 -1.178651e+000 -1.479295e+000 -1.819761e-001 1.943340e+000 7.510034e-001 -5.836798e-001 5.433845e-001 1.405550e-001 -3.406890e-001 
