1.703315e+001 2.041832e+000 4.301277e-001 4.140017e+000 -2.014709e+000 3.175594e+000 -2.303632e+000 7.507497e-001 -7.023950e-002 -2.615868e-001 -1.336840e+000 8.186029e-001 
1.710955e+001 8.157469e-001 9.146830e-002 4.807918e+000 -2.440244e+000 2.872742e+000 -1.876053e+000 5.106234e-001 -4.886390e-001 -1.932076e-001 -1.194951e+000 4.623281e-001 
1.631200e+001 2.390268e+000 -3.765765e-001 4.518577e+000 -1.926783e+000 2.799244e+000 -1.888173e+000 6.405220e-001 -7.664706e-001 -2.116653e-001 -1.130606e+000 5.931568e-001 
1.547303e+001 7.082214e+000 -1.313644e+000 4.683243e+000 -2.400007e+000 3.237788e+000 -1.694516e+000 9.404276e-001 -1.092506e+000 -4.057817e-001 -1.676463e+000 4.088703e-001 
1.577472e+001 9.852326e+000 -3.206783e+000 4.056341e+000 -2.751965e+000 3.128315e+000 -2.336891e+000 1.359929e+000 -7.305334e-001 -4.048427e-001 -6.247144e-001 5.627319e-001 
1.833951e+001 9.522028e+000 -3.367319e+000 2.388843e+000 -2.869328e+000 2.203440e+000 -1.318495e+000 9.244690e-001 -4.031630e-001 -1.060670e+000 -9.656124e-002 3.664445e-001 
2.151080e+001 6.724252e+000 -1.809933e+000 7.796763e-001 -1.570065e+000 8.601429e-001 -1.864634e+000 3.762823e-001 -2.152452e-001 -7.251720e-001 -3.317424e-001 3.842347e-001 
1.712263e+001 2.366945e+000 1.962074e-001 3.310444e+000 -2.529973e+000 3.036065e+000 -1.987694e+000 8.070260e-001 9.774931e-002 2.618274e-002 -1.214494e+000 6.620627e-001 
1.683874e+001 5.815506e-001 -1.945501e-001 4.252327e+000 -2.558532e+000 3.156175e+000 -1.320340e+000 8.056668e-001 -3.072180e-001 -1.058025e-001 -1.332584e+000 3.820821e-001 
1.695794e+001 1.789145e+000 -3.623676e-001 4.064057e+000 -2.681468e+000 2.894051e+000 -1.580810e+000 9.325342e-001 -4.795356e-001 1.445301e-001 -9.892336e-001 4.479767e-001 
1.522388e+001 5.901383e+000 -1.104629e+000 4.551690e+000 -2.345296e+000 2.935006e+000 -1.861933e+000 8.780246e-001 -6.004499e-001 -1.077457e-001 -1.500109e+000 4.072222e-001 
1.568632e+001 8.850569e+000 -2.678485e+000 4.086424e+000 -1.694965e+000 2.839890e+000 -2.165496e+000 1.085658e+000 -6.797160e-001 -4.461333e-001 -1.001711e+000 5.521976e-001 
1.785436e+001 9.158574e+000 -2.767227e+000 2.640692e+000 -2.816002e+000 2.272309e+000 -1.344114e+000 8.535096e-001 -4.208889e-001 -1.023153e+000 5.082399e-002 2.972790e-001 
