1.020861e+001 1.040447e+001 -9.172250e+000 3.351624e+000 -4.472243e+000 -2.761319e+000 -9.230977e-001 -5.062880e-001 2.800051e+000 3.960950e-001 -2.922470e+000 -1.676308e+000 -1.673080e+000 -1.442397e+000 -4.508118e-001 -1.416335e+000 1.807915e-001 1.988865e-001 7.187097e-001 8.836320e-001 -6.564253e-002 1.633449e-001 -9.091204e-002 1.821707e-001 
1.111727e+001 8.121589e+000 -1.095047e+001 3.861818e+000 -5.179424e+000 -7.142480e-001 -1.586773e+000 -1.672898e+000 3.047596e+000 5.270167e-001 -2.643348e+000 -2.079142e+000 -1.488479e+000 -1.067517e+000 -3.994167e-001 -8.671553e-001 -8.388531e-002 1.473879e-001 1.052336e+000 4.600225e-001 6.200590e-002 -2.881352e-001 4.316649e-001 7.058551e-001 
1.047064e+001 9.517173e+000 -8.503320e+000 3.378597e+000 -3.272505e+000 -1.718614e+000 -1.887742e+000 -9.254026e-001 2.095528e+000 1.068170e+000 -2.941890e+000 -2.147655e+000 -2.030152e+000 -2.166501e+000 -9.114459e-002 -9.539751e-001 3.490906e-001 1.536070e-001 1.486308e-001 2.843445e-001 -1.324642e-001 3.250958e-001 3.318433e-001 2.943556e-001 
8.414567e+000 1.162953e+001 -9.329417e+000 2.820601e+000 -2.917516e+000 1.423861e-001 -2.441188e+000 -2.760373e-001 1.123559e+000 1.505343e+000 -2.618965e+000 -2.282109e+000 -1.497799e+000 -1.767247e+000 4.840002e-001 -1.002602e+000 1.256694e+000 4.490551e-001 7.481690e-001 3.656869e-001 -2.415742e-001 -2.510886e-001 4.179630e-001 2.702427e-001 
5.230578e+000 1.201030e+001 -9.694246e+000 7.461710e-001 -2.644569e+000 -6.654158e-001 -1.780132e+000 -2.438114e+000 1.199914e-001 7.513638e-001 -2.891960e+000 -2.132292e+000 -1.175962e+000 -9.531268e-001 -1.080307e-001 -1.185688e+000 2.590820e-001 1.377131e-001 1.433466e-001 4.223234e-001 2.413065e-001 -8.751340e-002 1.147379e-001 2.898897e-001 
5.445723e+000 1.295727e+001 -1.082052e+001 -1.765829e+000 -4.043040e+000 -6.723148e-001 -6.288437e-001 -2.167273e+000 1.432289e-001 5.013179e-001 -3.462191e+000 -1.256240e+000 -1.291852e+000 -2.609334e+000 -5.573051e-001 -7.109623e-001 -1.176440e-001 3.057766e-001 -9.965059e-002 2.978917e-001 -1.891731e-002 3.653721e-001 6.869082e-001 7.370499e-002 
5.259984e+000 1.205488e+001 -1.201380e+001 -2.413367e+000 -3.230900e+000 -1.065932e-001 -9.539602e-001 -2.674951e+000 -5.751907e-001 -6.857607e-001 -2.379181e+000 -1.350182e+000 -1.943061e+000 -1.491585e+000 -1.404275e+000 -1.392812e+000 4.555350e-001 -8.454708e-002 2.008242e-001 -1.642223e-001 4.510871e-002 6.837018e-001 3.710953e-001 7.173685e-001 
1.080175e+001 1.224401e+001 -1.285521e+001 -3.837504e+000 -3.223260e+000 -1.520443e+000 -1.169003e+000 -2.843764e+000 5.965832e-001 -9.937868e-002 -2.701032e+000 -1.609600e+000 -1.262961e+000 -1.150192e+000 -1.567171e+000 -1.339327e+000 2.391397e-001 1.728106e-001 -2.322329e-002 -1.115062e-001 -2.249455e-001 7.844641e-003 2.696199e-001 5.677866e-001 
1.824894e+001 1.137925e+001 -1.350867e+001 -9.622208e-001 -2.609393e+000 -1.490603e+000 9.464694e-001 -9.775893e-001 8.246896e-001 -4.365770e-001 -2.571162e+000 -9.786775e-001 -9.319563e-001 -8.564976e-001 -1.457451e+000 -1.619418e+000 2.382911e-001 5.574065e-001 4.409601e-001 3.388440e-001 1.448691e-001 7.364849e-002 2.588600e-001 3.557608e-002 
1.660497e+001 1.119338e+001 -1.404003e+001 -7.677134e-001 -4.016975e+000 -1.152461e+000 2.123548e+000 6.131315e-001 -1.745523e-001 -1.697080e+000 -2.575539e+000 -5.605363e-001 -1.500134e+000 -1.745531e+000 -7.494202e-001 -1.623848e+000 -2.580366e-001 1.236598e+000 1.641877e-001 3.463536e-001 3.722924e-001 -1.630486e-001 5.647534e-001 1.877055e-002 
1.603832e+001 8.890702e+000 -1.385921e+001 -3.779790e+000 -3.977846e+000 -9.323696e-001 1.159349e+000 2.041451e-001 8.439420e-001 -1.945627e+000 -8.897545e-001 -1.948819e-002 -1.104913e+000 3.699303e-002 -4.152683e-001 -1.115233e+000 2.868525e-001 5.958753e-001 5.477473e-001 6.498619e-001 2.423728e-001 3.293044e-001 4.501451e-001 3.634388e-001 
1.351665e+001 1.108623e+001 -1.661452e+001 -1.728645e+000 -5.411285e+000 1.272785e+000 8.183585e-001 5.180723e-001 8.850000e-001 -2.337370e+000 -1.317248e+000 -1.408789e+000 -1.026720e+000 -7.225789e-001 -2.150551e-001 -1.213717e+000 6.804053e-002 4.871082e-001 8.865217e-001 6.670667e-001 1.952018e-001 7.797872e-001 1.214958e-001 3.664736e-002 
1.608517e+001 9.157626e+000 -1.279978e+001 -3.493187e+000 -2.654024e+000 1.766066e-001 1.786631e+000 2.767028e-001 2.541122e-002 -2.008181e+000 -2.000058e+000 -1.347468e+000 -9.859688e-001 -7.115283e-001 -8.249116e-001 -8.233938e-001 -2.431937e-001 7.187280e-001 8.646049e-001 2.372987e-001 4.927143e-001 8.498240e-001 6.005662e-002 -2.398947e-001 
1.384622e+001 1.271669e+001 -1.510973e+001 -1.095115e+000 -3.953579e+000 1.258323e+000 1.133052e+000 6.935541e-001 -2.128087e-001 -2.291168e+000 -1.483077e+000 -1.018131e+000 -2.157210e-001 -5.453925e-001 -8.728786e-001 -8.235787e-001 1.718731e-001 1.573648e-001 7.618125e-001 2.489871e-001 7.469828e-001 1.145741e+000 1.846221e-001 -1.703356e-001 
1.590384e+001 1.105269e+001 -1.311108e+001 -3.924618e+000 -2.754985e+000 -7.491884e-001 7.658724e-001 -4.878088e-001 -1.058306e-001 -1.503831e+000 -1.713537e+000 -1.194223e+000 -5.891007e-001 -4.400429e-001 -1.916984e+000 -1.190995e+000 1.465474e-001 -1.581980e-001 6.216732e-001 3.186908e-001 4.735305e-001 1.256470e+000 1.899791e-001 2.117100e-002 
1.547579e+001 1.197044e+001 -1.404195e+001 -2.458448e+000 -3.093812e+000 -7.917664e-001 6.547857e-001 -7.478421e-001 -1.792775e-001 -1.346968e+000 -1.328484e+000 -7.113790e-001 1.710296e-002 -6.689067e-002 -1.512906e+000 -1.071364e+000 4.132030e-002 -1.780017e-001 5.625900e-001 3.919085e-001 5.395567e-001 1.513358e+000 4.927198e-001 -1.481055e-002 
1.502708e+001 1.331194e+001 -1.527371e+001 -1.668334e+000 -4.602724e+000 -7.849507e-001 1.635227e-001 -1.226166e+000 -2.276815e-001 -1.388919e+000 -1.535178e+000 -1.299083e+000 1.342790e-001 -4.205042e-001 -1.716474e+000 -1.346285e+000 -1.604103e-001 -2.560634e-001 2.968981e-001 2.228321e-001 4.875212e-001 1.272913e+000 3.675825e-001 2.016551e-002 
1.453022e+001 1.477331e+001 -1.645387e+001 -5.427438e-001 -5.442553e+000 -3.037921e-001 4.367890e-001 -1.567635e+000 2.914845e-001 -1.362339e+000 -1.044354e+000 -2.017320e+000 3.526864e-001 -3.801687e-001 -1.306561e+000 -1.680307e+000 -1.841238e-001 2.352269e-001 2.152987e-001 3.036122e-001 2.429619e-001 1.432083e+000 3.116782e-001 7.678818e-002 
1.528141e+001 1.302671e+001 -1.540510e+001 -1.959492e+000 -5.283328e+000 -6.853530e-001 3.420172e-002 -1.893888e+000 -1.872882e-001 -8.928886e-001 -1.468915e+000 -1.651886e+000 2.049370e-001 -3.768771e-001 -1.373647e+000 -1.777269e+000 -1.751535e-001 2.705462e-001 -8.421522e-002 1.603115e-001 1.489190e-001 1.176169e+000 5.151287e-001 -3.432179e-002 
1.822164e+001 1.032598e+001 -1.106741e+001 -3.983187e+000 -2.835119e+000 -5.854410e-001 7.687750e-001 -1.725125e+000 6.628340e-001 3.603656e-001 -1.404101e+000 -3.446779e-001 6.301897e-001 4.510186e-001 -1.015315e+000 -1.406863e+000 3.076080e-002 2.693536e-001 3.272603e-002 3.364061e-002 2.043640e-001 8.077080e-001 5.392471e-001 -4.752902e-002 
1.506180e+001 9.403384e+000 -8.478200e+000 5.053448e-001 -3.331600e+000 -2.237522e+000 1.207562e-001 -1.322793e+000 2.235563e+000 -4.667624e-003 -2.358467e+000 -5.897376e-001 -1.031879e+000 -7.095878e-001 -7.594653e-001 -1.336156e+000 2.409453e-001 5.707175e-001 5.552977e-001 3.247527e-001 -7.833150e-002 1.782994e-001 -1.695175e-001 2.743830e-001 
9.370846e+000 1.027389e+001 -1.131501e+001 4.263716e+000 -5.442149e+000 -8.046672e-001 -1.871355e+000 -9.243378e-001 2.282199e+000 5.117726e-002 -3.011018e+000 -2.073717e+000 -1.559547e+000 -1.175170e+000 1.579489e-001 -1.230507e+000 2.247340e-001 -2.391546e-001 1.375144e+000 3.793727e-001 3.410355e-001 -4.463112e-001 3.606788e-001 4.894128e-001 
9.605057e+000 9.197781e+000 -1.071575e+001 4.904488e+000 -5.441366e+000 -5.279075e-001 -2.095114e+000 -5.440996e-001 2.439080e+000 1.047549e+000 -3.273373e+000 -2.034979e+000 -1.821651e+000 -1.570749e+000 -1.559338e-001 -9.909624e-001 3.552107e-001 1.474262e-002 7.917901e-001 1.165600e-001 -1.157970e-001 -3.106884e-001 2.177486e-001 2.157067e-001 
9.197219e+000 9.611287e+000 -1.011486e+001 2.691769e+000 -3.951277e+000 -8.326894e-001 -2.353157e+000 -2.573677e-001 2.899561e+000 2.634696e+000 -1.396893e+000 -8.137198e-001 -8.275802e-001 -1.348104e+000 6.648778e-001 -1.107798e+000 2.347727e-001 -1.770860e-001 2.448524e-001 -3.061201e-002 -5.599591e-001 7.311150e-002 1.505928e-001 7.858008e-002 
6.030990e+000 9.637055e+000 -1.085461e+001 2.814034e+000 -2.943478e+000 4.649301e-001 -1.727710e+000 -1.539335e+000 1.130427e+000 1.573947e+000 -2.386507e+000 -1.226209e+000 -7.568958e-001 -6.446159e-001 7.393403e-001 -1.205502e+000 7.827007e-001 -9.639399e-003 3.514586e-001 6.280299e-001 2.223195e-001 -2.803602e-001 -1.937766e-001 2.903712e-001 
5.766662e+000 1.143613e+001 -1.028898e+001 -4.851985e-001 -4.550677e+000 -1.046472e+000 -1.680951e+000 -1.887605e+000 1.654694e+000 1.403580e-001 -2.501485e+000 -4.873631e-001 -1.133526e+000 -1.273496e+000 -8.847920e-002 -6.845818e-001 -7.758990e-003 -1.628571e-001 1.459339e-001 3.792182e-001 -1.847208e-002 4.087299e-001 8.005617e-001 2.240195e-001 
5.644387e+000 1.197405e+001 -1.287013e+001 -2.421223e+000 -4.006915e+000 3.322026e-001 -5.311644e-001 -1.698526e+000 5.680562e-001 6.656728e-003 -2.865012e+000 -9.624357e-001 -1.736526e+000 -2.001048e+000 -6.528197e-001 -4.987509e-001 2.660047e-001 5.254526e-002 1.004295e-001 8.729561e-002 1.057660e-001 5.874062e-001 3.615427e-001 4.212366e-001 
6.936180e+000 1.220829e+001 -1.274419e+001 -3.051498e+000 -3.895459e+000 5.788511e-001 -1.302196e+000 -3.108923e+000 1.062692e+000 -3.657891e-001 -2.293933e+000 -8.942651e-001 -1.469429e+000 -1.516993e+000 -1.575275e+000 -9.884138e-001 4.632822e-001 5.736445e-001 3.793908e-001 -3.249970e-001 -3.292074e-001 9.871760e-002 3.292789e-001 6.269344e-001 
1.597162e+001 1.186874e+001 -1.368425e+001 -1.643281e+000 -2.645955e+000 -1.464522e+000 3.169442e-001 -1.555962e+000 8.933656e-001 1.645262e-001 -2.589439e+000 -1.724663e+000 -1.178053e+000 -8.884733e-001 -1.744988e+000 -1.667014e+000 3.811173e-001 2.641233e-001 2.549721e-001 3.059141e-001 -4.108029e-002 -7.638301e-002 1.381706e-001 2.234264e-001 
1.693543e+001 1.046330e+001 -1.437622e+001 -1.247419e+000 -3.463638e+000 -1.414963e+000 2.212626e+000 6.634378e-001 7.062836e-001 -8.651395e-001 -2.343927e+000 -1.187392e-001 -8.919244e-001 -1.118132e+000 -6.743847e-001 -1.280987e+000 3.047202e-001 1.242684e+000 3.865349e-001 2.275634e-001 1.936506e-001 -1.457232e-001 3.027913e-001 -2.842378e-001 
1.433430e+001 1.028431e+001 -1.574363e+001 -1.711378e+000 -4.592593e+000 7.992147e-002 1.785699e+000 1.262807e+000 4.993677e-001 -1.675580e+000 -1.583315e+000 -6.758448e-001 -1.344132e+000 -1.155526e+000 -6.457578e-001 -1.171836e+000 6.617085e-002 1.114784e+000 4.119048e-001 3.070952e-001 1.420010e-001 -3.597642e-001 1.216321e-001 1.825675e-001 
1.534751e+001 1.041257e+001 -1.457796e+001 -1.570541e+000 -3.733457e+000 1.156699e+000 2.101553e+000 6.743551e-001 1.073363e+000 -2.441489e+000 -1.442367e+000 -1.348622e+000 -1.688734e+000 -3.803126e-001 -6.651719e-001 -1.213632e+000 3.379963e-001 5.676972e-001 6.395988e-001 8.717094e-001 5.816278e-002 4.772713e-001 3.276047e-001 6.863280e-002 
1.690945e+001 1.022436e+001 -1.272417e+001 -2.670169e+000 -3.122684e+000 -2.451096e-001 1.037851e+000 -2.896231e-001 -2.927151e-001 -2.290476e+000 -1.895225e+000 -1.333859e+000 -6.821307e-001 -3.087544e-001 -9.553904e-001 -1.183995e+000 -6.843652e-001 -1.252275e-001 4.595189e-001 2.497101e-001 3.753739e-001 1.131359e+000 3.843319e-001 -7.827187e-003 
1.650917e+001 1.166967e+001 -1.255779e+001 -2.490452e+000 -2.917523e+000 -3.238818e-001 1.022034e+000 -4.724622e-001 -2.207022e-001 -2.143913e+000 -1.660585e+000 -6.915760e-001 -3.753989e-001 -4.996431e-001 -1.167135e+000 -1.107956e+000 -5.816459e-001 1.149207e-001 5.354118e-001 2.274659e-001 7.104733e-001 1.230776e+000 4.248019e-001 -1.472338e-001 
1.378645e+001 1.424698e+001 -1.503547e+001 -8.297343e-001 -4.795785e+000 7.411645e-001 -1.769112e-001 -4.476639e-001 -1.170459e+000 -2.428921e+000 -1.826651e+000 -1.154054e+000 -2.730926e-001 -7.990641e-001 -1.350863e+000 -1.564893e+000 -2.189686e-001 -6.300789e-001 5.517006e-001 -4.094897e-002 8.113729e-001 1.221382e+000 2.841275e-001 2.816737e-002 
1.497566e+001 1.366383e+001 -1.349448e+001 -1.504873e+000 -3.556551e+000 -7.027928e-001 6.609771e-001 -6.812425e-001 -1.230241e+000 -1.809132e+000 -1.573899e+000 -6.562258e-001 -1.527074e-002 -5.098390e-001 -1.654367e+000 -1.053216e+000 -2.210925e-001 -4.360749e-001 4.564389e-001 1.996741e-001 7.068153e-001 1.609633e+000 2.955728e-001 1.410838e-001 
1.481809e+001 1.484565e+001 -1.500209e+001 -1.040005e+000 -4.491616e+000 -5.811330e-001 -4.636469e-001 -1.230383e+000 -1.310439e+000 -1.467918e+000 -1.898735e+000 -1.732879e+000 1.793574e-002 -7.230123e-001 -1.851188e+000 -1.520047e+000 -5.144839e-001 -3.197602e-001 3.268199e-001 -1.193638e-001 6.479233e-001 1.307574e+000 5.088479e-001 -4.588542e-002 
1.572879e+001 1.477197e+001 -1.508380e+001 -6.843179e-001 -4.731228e+000 -1.020769e+000 9.378490e-002 -1.698053e+000 -4.118647e-001 -1.981974e+000 -1.698657e+000 -1.718309e+000 -2.288269e-002 -6.196057e-001 -1.737824e+000 -1.609428e+000 -4.967305e-001 -2.024548e-001 1.688153e-001 1.787889e-001 3.444025e-001 1.465307e+000 3.932701e-001 4.858051e-002 
1.740619e+001 1.235673e+001 -1.326247e+001 -2.753319e+000 -3.942462e+000 -1.695846e+000 1.583491e-001 -2.316648e+000 -8.235961e-001 -1.222752e+000 -2.095433e+000 -1.815742e+000 -4.313363e-001 -3.760611e-001 -1.836441e+000 -1.913410e+000 -5.140320e-001 2.628361e-002 1.768751e-003 -2.070386e-002 3.242276e-001 1.181559e+000 6.069974e-001 -5.024372e-002 
