1.537223e+001 1.197401e+001 -7.520927e+000 1.150568e+000 -1.392596e+000 2.989230e+000 -2.624422e+000 -9.853641e-002 -8.031109e-001 -2.583593e-001 4.353665e-001 -1.048316e+000 -8.804607e-001 -1.129487e+000 3.728364e-001 4.906976e-001 9.749839e-001 -1.664140e-001 -4.147702e-001 6.437353e-001 9.547200e-002 -9.566962e-001 -5.200856e-001 7.136266e-001 
1.348085e+001 1.088977e+001 -8.608469e+000 3.172933e+000 -1.496288e+000 4.577730e+000 -3.182391e+000 3.599038e-001 -8.390883e-001 -8.722813e-001 4.736804e-001 1.569080e-001 -9.645620e-002 -1.276155e+000 2.536839e-001 6.450259e-001 3.978915e-001 -5.526987e-001 -2.143744e-001 -3.084987e-002 -6.131605e-002 -3.315057e-001 4.704501e-001 9.019372e-001 
1.404908e+001 1.193074e+001 -7.438745e+000 3.593230e+000 -2.778470e+000 4.541102e+000 -3.496031e+000 -1.123548e-001 -5.742237e-001 -1.043465e+000 7.792105e-001 -7.069590e-001 -7.617949e-001 -1.946401e+000 5.275872e-001 5.246434e-001 1.158994e+000 -3.196023e-001 1.899306e-001 6.179292e-001 -2.947767e-001 -7.471084e-001 -6.774634e-002 -1.797132e-001 
1.212635e+001 1.081260e+001 -7.140459e+000 3.005774e+000 -3.844724e+000 3.974334e+000 -3.325076e+000 5.009900e-002 -1.568926e+000 -1.237497e+000 5.942493e-002 1.259379e-002 -2.092234e-001 -1.426704e+000 2.453204e-001 -1.477276e-001 5.610981e-001 -4.238447e-001 1.539539e-001 3.503793e-001 -1.250177e-001 -7.183685e-001 3.772798e-001 1.624094e-001 
1.293669e+001 1.424885e+001 -4.725797e+000 4.514510e+000 -3.664095e+000 4.222952e+000 -1.434736e+000 1.634469e+000 1.798650e-002 -1.126820e+000 3.189188e-001 -3.841091e-001 -4.132205e-001 -1.963345e+000 2.946735e-002 3.390629e-002 -5.155137e-002 -8.306696e-001 1.397383e-001 7.507613e-001 -2.306970e-001 -1.943080e-001 3.382581e-001 -1.574952e-002 
1.636836e+001 1.611961e+001 -4.798788e+000 2.285202e+000 -3.458451e+000 3.567094e+000 -1.620819e+000 1.571196e+000 7.338564e-001 -2.801221e-001 1.595478e-001 3.028250e-001 7.883833e-002 -1.865521e+000 -1.537167e-001 -8.536922e-001 -8.451888e-001 -6.556682e-001 2.537009e-001 1.020459e+000 1.082463e-001 -3.100018e-002 2.921324e-001 1.952639e-001 
2.008067e+001 1.640926e+001 -5.614228e+000 -7.643596e-002 -2.315488e+000 1.662508e+000 -1.312089e+000 6.680245e-001 6.997264e-001 -9.488843e-001 5.736180e-001 1.598844e-001 2.289696e-001 -1.359319e+000 -2.866850e-001 -4.236672e-001 -1.185271e+000 -6.970827e-001 6.496919e-001 1.623070e+000 -3.198842e-003 9.476084e-002 7.433803e-001 1.075592e-001 
2.056086e+001 1.797931e+001 -7.558903e+000 2.536644e-001 -2.013104e+000 9.762035e-001 -2.246174e+000 1.319713e+000 -1.132267e-001 -9.804050e-001 6.420746e-001 1.532599e-001 1.621488e-001 -9.385806e-001 -2.823396e-001 -4.581152e-001 -1.254895e+000 -1.110992e+000 1.010332e+000 1.470577e+000 -1.307670e-001 2.485904e-001 3.374261e-001 3.777131e-001 
1.927578e+001 1.831382e+001 -8.402343e+000 2.987186e-001 -1.930876e+000 5.114193e-001 -2.159177e+000 1.593627e+000 4.450248e-001 -1.244884e+000 6.968193e-001 4.534364e-001 -1.078182e-002 -6.418546e-001 -4.652611e-001 -3.043149e-001 -1.555087e+000 -1.137903e+000 9.770754e-001 1.162185e+000 2.557632e-001 -1.358142e-001 7.778620e-001 2.119082e-001 
1.811381e+001 2.024141e+001 -1.029353e+001 2.351070e+000 -2.876838e+000 2.204201e-002 -1.876445e+000 1.375832e+000 -2.228641e-002 -1.335952e+000 4.654506e-001 -8.381823e-002 8.816272e-001 -1.020744e+000 -6.765711e-002 -8.006101e-001 -1.305194e+000 -9.376221e-001 1.259037e+000 7.327964e-001 5.697044e-001 -1.449320e-002 8.441578e-001 4.708750e-001 
2.000010e+001 1.879683e+001 -8.081179e+000 1.424305e+000 -1.795507e+000 -7.356296e-001 -1.588595e+000 9.397926e-001 6.186483e-002 -1.515701e+000 8.696095e-001 3.344938e-002 5.498953e-001 -8.094775e-001 -1.142859e-001 -4.369616e-001 -1.977770e+000 -5.974913e-001 8.301651e-001 1.185089e+000 3.228464e-001 1.905863e-001 4.754414e-001 7.397513e-001 
2.008825e+001 1.871524e+001 -9.486238e+000 2.133063e+000 -2.633886e+000 3.734519e-003 -2.867562e+000 1.570271e+000 -2.434518e-001 -1.292995e+000 5.590405e-001 1.921692e-001 6.198659e-001 -5.973852e-001 -7.190750e-002 -7.271077e-001 -1.955075e+000 -6.086618e-001 1.118015e+000 8.532005e-001 6.274441e-001 4.646648e-002 3.693810e-001 8.545827e-001 
2.180893e+001 1.617790e+001 -7.032054e+000 1.790775e-002 -7.160557e-001 -1.488348e+000 -2.134655e+000 6.533878e-001 1.285670e-001 -1.679002e+000 1.100280e+000 2.070395e-001 1.515817e-001 -2.289892e-001 -3.482364e-001 -7.671137e-001 -1.978254e+000 -1.401859e-001 8.443411e-001 1.009155e+000 6.737427e-001 -2.703033e-001 3.694609e-001 7.373317e-001 
2.087034e+001 1.690191e+001 -6.582951e+000 3.942698e-001 -1.029226e+000 -5.509647e-001 -2.659277e+000 1.229481e+000 -1.613554e-001 -1.706302e+000 1.010536e+000 1.326099e-001 1.134384e+000 -7.188630e-001 -6.136032e-001 -6.559871e-001 -2.153297e+000 -2.433377e-001 1.253527e+000 1.008131e+000 4.411515e-001 -7.010851e-002 -3.204993e-001 7.632975e-001 
1.967927e+001 1.721809e+001 -6.733104e+000 1.106572e+000 -2.070443e+000 5.988140e-001 -3.152594e+000 1.458677e+000 3.814425e-001 -2.072250e+000 1.422935e+000 1.518833e-001 9.506621e-001 -5.617486e-001 -7.533118e-001 -8.176463e-001 -2.292911e+000 -5.381442e-002 1.333436e+000 7.216027e-001 5.590008e-001 -3.439523e-001 -1.616142e-001 6.817656e-001 
1.931278e+001 1.750691e+001 -7.392297e+000 1.689127e+000 -2.226575e+000 2.295809e-001 -3.089018e+000 1.081956e+000 -3.439401e-001 -2.060418e+000 1.179470e+000 -2.278269e-001 7.897548e-001 -3.717833e-001 -5.325267e-001 -8.810595e-001 -2.200577e+000 1.496266e-001 1.557013e+000 5.516562e-001 6.060093e-001 -2.758152e-001 -1.329670e-001 5.813069e-001 
1.973157e+001 1.706140e+001 -7.164610e+000 1.625007e+000 -1.850048e+000 1.938253e-001 -2.422840e+000 1.124866e+000 -3.577967e-001 -1.832873e+000 9.065218e-001 3.768057e-001 8.229229e-001 -4.380537e-001 -1.329855e-001 -1.013759e+000 -2.193465e+000 1.461213e-001 1.377488e+000 7.988326e-001 6.627705e-001 -4.353239e-001 -7.003937e-002 3.338707e-001 
1.987448e+001 1.647601e+001 -6.727937e+000 9.765179e-001 -1.736363e+000 -5.783449e-001 -2.019512e+000 8.249971e-001 -2.682839e-001 -1.842329e+000 7.043472e-001 6.539269e-001 4.957723e-001 -7.425866e-001 7.114928e-002 -1.202034e+000 -2.507190e+000 2.576069e-001 1.164699e+000 9.001265e-001 8.305694e-001 -3.307761e-001 3.104133e-002 5.404355e-001 
1.882527e+001 1.736443e+001 -8.326218e+000 1.690747e+000 -2.667347e+000 -3.588878e-001 -2.579930e+000 2.287810e-001 -3.189889e-001 -1.702148e+000 9.352010e-001 5.920625e-001 3.050519e-001 -8.933480e-001 2.642928e-001 -1.317862e+000 -2.334719e+000 3.794348e-001 1.172929e+000 1.155202e+000 1.080800e+000 -1.783148e-001 1.255569e-001 3.848631e-001 
2.150123e+001 1.432374e+001 -4.985086e+000 -2.700956e-001 -8.000743e-001 -1.737141e+000 -1.187632e+000 -1.548134e-001 -6.629336e-002 -1.276217e+000 4.708284e-001 1.098434e+000 1.299858e-001 -4.431663e-001 9.476172e-003 -1.087536e+000 -2.137422e+000 2.177652e-001 9.433152e-001 8.312447e-001 8.846637e-001 -2.394188e-001 7.926640e-002 1.117350e-001 
1.729631e+001 1.145502e+001 -5.523445e+000 -4.618657e-001 -3.969133e-001 1.518777e+000 -1.745203e+000 1.608827e-003 2.995040e-001 -3.321523e-001 1.095829e+000 5.910396e-002 -2.376016e-001 -9.924713e-001 2.193213e-001 1.597873e-001 -8.996694e-002 -2.752806e-001 -5.039180e-001 8.389309e-001 2.848542e-001 -5.838208e-001 -2.070199e-001 4.850363e-001 
1.428797e+001 1.051340e+001 -8.696972e+000 2.191735e+000 -8.840962e-001 4.203262e+000 -2.202021e+000 9.080915e-001 3.594856e-002 -3.742132e-001 8.170994e-001 -2.504084e-001 -2.398079e-002 -1.111505e+000 1.006182e-002 2.481738e-001 4.306939e-001 -3.125832e-001 -3.652095e-001 2.901222e-001 1.993291e-001 -4.858272e-001 2.812722e-001 9.109616e-001 
1.448547e+001 1.080047e+001 -7.180883e+000 2.715264e+000 -1.730797e+000 4.731947e+000 -2.087911e+000 1.162345e-001 -7.666375e-001 -1.890342e+000 6.835967e-001 -2.995370e-001 -3.133476e-001 -1.465930e+000 2.833418e-001 3.234490e-001 4.192544e-001 -3.003516e-001 4.043720e-001 9.393029e-001 -1.008196e-001 -3.001034e-001 2.093723e-001 3.819827e-001 
1.352917e+001 1.211680e+001 -7.141876e+000 3.313437e+000 -3.659253e+000 4.234991e+000 -3.605161e+000 9.964737e-002 -9.833558e-001 -9.927913e-001 3.636534e-001 -3.777366e-001 -5.680355e-001 -1.826760e+000 2.192704e-001 1.803855e-001 1.067255e+000 -2.131914e-002 3.587825e-001 4.845392e-001 -3.046717e-001 -8.740633e-001 3.439082e-001 -1.733244e-001 
1.187173e+001 1.148585e+001 -5.634246e+000 4.028259e+000 -2.788467e+000 3.730711e+000 -2.459620e+000 4.490481e-001 -8.277919e-001 -2.026943e+000 -5.783041e-001 -4.454041e-001 1.036599e-001 -1.893874e+000 -2.703200e-001 -2.614823e-001 4.013897e-001 -5.850307e-001 3.640651e-001 7.869528e-001 9.378264e-003 -2.186474e-001 4.232521e-001 -1.027432e-002 
1.442572e+001 1.510307e+001 -4.925202e+000 3.238823e+000 -4.203842e+000 3.505080e+000 -1.360683e+000 1.876516e+000 7.018984e-001 -4.685141e-001 4.298351e-001 2.355508e-001 -1.769801e-001 -1.944156e+000 -1.900266e-003 -3.487355e-001 -9.094922e-001 -7.910545e-001 2.789605e-001 4.215107e-001 -1.636878e-001 -1.311615e-001 2.763110e-001 4.157221e-002 
1.811958e+001 1.709778e+001 -6.101665e+000 1.403211e+000 -3.444815e+000 3.371089e+000 -2.100210e+000 9.954500e-001 3.589495e-001 -6.451146e-001 5.316235e-002 1.200402e-001 2.099593e-001 -1.546305e+000 -2.889706e-001 -8.037351e-001 -7.041673e-001 -9.443058e-001 5.761249e-001 1.623488e+000 1.432172e-001 3.040523e-001 5.268044e-001 1.854787e-001 
1.982222e+001 1.905815e+001 -8.196510e+000 1.406072e+000 -3.309919e+000 2.274467e+000 -2.582437e+000 1.564944e+000 -1.406074e-001 -9.670473e-001 6.896657e-001 -3.062177e-002 2.315670e-001 -1.424838e+000 -4.627894e-002 -8.737266e-001 -8.423036e-001 -1.146095e+000 1.284185e+000 1.428179e+000 7.951101e-002 2.080270e-001 6.427401e-001 1.821455e-001 
1.970950e+001 1.855140e+001 -8.037332e+000 1.733223e-001 -1.932818e+000 8.956297e-001 -2.903788e+000 1.876840e+000 -3.594766e-001 -7.690671e-001 4.192959e-001 6.269818e-001 -5.459719e-002 -3.191117e-001 -4.887684e-001 3.290621e-002 -1.514879e+000 -1.143922e+000 1.059700e+000 1.204206e+000 -3.427638e-002 3.094140e-002 3.186040e-001 3.200831e-001 
1.898574e+001 1.924561e+001 -9.156168e+000 1.435731e+000 -2.311481e+000 2.920299e-001 -1.704552e+000 1.370567e+000 4.309622e-001 -1.293402e+000 8.055375e-001 7.394222e-002 6.776919e-001 -7.788097e-001 -4.005795e-001 -5.013556e-001 -1.527270e+000 -9.054595e-001 8.782775e-001 9.634703e-001 5.200009e-001 2.628801e-002 7.153381e-001 3.082920e-001 
2.131044e+001 1.624568e+001 -6.516379e+000 -2.319192e-001 -9.550084e-001 -1.278664e+000 -9.952368e-001 5.970490e-001 2.026461e-001 -1.424166e+000 4.517230e-001 3.662476e-001 4.192851e-001 -4.645945e-001 -4.852991e-001 -3.247989e-001 -1.876212e+000 -7.039197e-001 9.763661e-001 1.015118e+000 2.829253e-001 -5.901560e-003 6.996165e-001 6.085764e-001 
1.951343e+001 1.944338e+001 -9.375276e+000 2.141388e+000 -2.543613e+000 -1.190981e-001 -2.830849e+000 1.783152e+000 -4.597950e-001 -1.155140e+000 6.228581e-001 2.259815e-001 6.968581e-001 -6.440337e-001 -1.205298e-001 -7.202476e-001 -1.954623e+000 -6.203653e-001 1.132594e+000 7.990284e-001 5.430714e-001 8.742619e-002 2.844081e-001 8.320403e-001 
2.266262e+001 1.541725e+001 -6.488479e+000 -3.157360e-001 -3.215862e-001 -1.648337e+000 -1.497136e+000 8.089074e-001 3.807488e-001 -1.316818e+000 6.503217e-001 5.376587e-001 1.440711e-001 -3.796042e-001 -2.951684e-001 -8.082405e-001 -2.015719e+000 -5.368924e-001 7.348149e-001 9.308498e-001 4.842476e-001 -1.942062e-001 4.349477e-001 7.431611e-001 
1.942962e+001 1.931368e+001 -9.280052e+000 2.180144e+000 -2.268922e+000 7.146599e-002 -3.127566e+000 1.716358e+000 -4.214329e-001 -1.721442e+000 1.116514e+000 8.007454e-002 1.091228e+000 -8.646581e-001 -1.478962e-001 -1.057271e+000 -1.968157e+000 -9.395312e-002 1.008217e+000 1.101491e+000 4.963602e-001 -1.204163e-001 -1.022382e-001 9.252399e-001 
2.138352e+001 1.578924e+001 -5.581482e+000 -5.031277e-002 -9.131222e-001 -4.531367e-001 -2.424753e+000 1.143817e+000 2.952046e-001 -1.969402e+000 9.735392e-001 2.380769e-001 8.522851e-001 -4.426449e-001 -7.602975e-001 -6.545151e-001 -2.240456e+000 -6.128407e-002 1.350681e+000 7.692855e-001 5.625126e-001 -2.275087e-001 -1.992296e-001 7.429710e-001 
1.922553e+001 1.780124e+001 -7.627806e+000 1.727788e+000 -2.899699e+000 7.332661e-001 -3.587365e+000 1.623293e+000 -3.656520e-001 -2.041577e+000 1.316352e+000 -2.326484e-001 9.830145e-001 -4.202172e-001 -7.698788e-001 -8.465379e-001 -2.286946e+000 -2.724669e-002 1.758239e+000 5.026494e-001 6.632194e-001 -3.258613e-001 -1.706071e-001 6.338190e-001 
1.972139e+001 1.694280e+001 -6.827848e+000 1.165576e+000 -1.630316e+000 -1.079453e-001 -2.309166e+000 1.113574e+000 -3.976355e-003 -1.843366e+000 1.091519e+000 1.592933e-001 8.311894e-001 -3.323622e-001 -3.623918e-001 -1.046058e+000 -2.240020e+000 1.966815e-001 1.237011e+000 6.631765e-001 5.038938e-001 -3.062138e-001 -7.872869e-002 4.246331e-001 
1.967896e+001 1.742654e+001 -7.113290e+000 1.727255e+000 -1.715840e+000 2.425727e-001 -2.236226e+000 1.135157e+000 -4.611272e-001 -1.557091e+000 7.086578e-001 4.211165e-001 4.827930e-001 -7.567171e-001 3.740450e-003 -1.320383e+000 -2.377093e+000 1.575703e-001 1.372734e+000 9.679417e-001 8.068974e-001 -3.308207e-001 6.427859e-002 4.398136e-001 
1.992260e+001 1.679478e+001 -7.358482e+000 1.353241e+000 -2.272111e+000 -4.678745e-001 -2.192664e+000 4.548020e-001 -1.509073e-001 -1.860551e+000 6.141992e-001 4.852678e-001 3.257829e-001 -8.427494e-001 4.353533e-001 -1.196125e+000 -2.394296e+000 4.096678e-001 9.696225e-001 1.026374e+000 8.742158e-001 -1.209305e-001 1.241676e-001 4.683616e-001 
