7.482282e+000 1.660897e+001 -2.108338e+000 7.183172e+000 -4.044495e+000 3.489994e+000 -4.691967e+000 -6.697896e-001 2.868862e-001 -2.899331e+000 5.937848e-002 -1.258051e+000 -2.066134e-001 -2.274968e+000 2.546089e-001 -9.933896e-001 -1.140498e+000 -3.075490e-002 6.364107e-001 1.203732e+000 2.947461e-002 -2.356498e-001 -6.422497e-001 -4.157087e-001 -8.577906e-001 -9.852534e-001 -7.351337e-001 -5.377767e-001 -7.363738e-001 -4.133306e-001 -1.756101e-001 -4.935986e-001 -9.519087e-003 -3.559864e-001 -7.602363e-002 1.197675e-001 
9.421561e+000 1.248701e+001 -3.457527e+000 7.570410e+000 -5.003002e+000 5.702637e+000 -5.677557e+000 -1.461625e+000 6.905412e-001 -2.583011e+000 2.412605e-001 -6.894788e-002 2.125878e+000 -4.059177e-001 1.156748e+000 -1.864136e+000 -1.653027e+000 -3.670085e-001 4.117448e-002 6.461591e-001 -6.314244e-001 -4.221675e-001 -1.638333e-001 -3.736358e-001 -9.674683e-001 -1.170835e+000 -6.984910e-001 1.220488e-001 -1.373514e-001 -2.527908e-001 2.261001e-003 -3.726415e-001 -1.429272e-001 -2.995013e-001 -2.428855e-001 -1.517807e-001 
1.019030e+001 8.971523e+000 -4.293357e+000 7.942143e+000 -6.834720e+000 5.447741e+000 -5.492938e+000 -1.241104e+000 3.371139e-001 -1.110675e-001 1.749102e-001 6.863766e-001 9.628226e-001 -1.015562e+000 9.821338e-001 -2.178771e+000 -1.687752e+000 -6.128932e-001 1.237939e+000 4.494017e-001 -7.056428e-003 9.716880e-002 4.234239e-001 -5.202646e-002 -1.372346e+000 -1.506271e+000 -7.447211e-001 -8.668151e-001 -5.999580e-001 -7.480526e-002 -1.078803e-001 -6.451925e-002 2.868575e-001 -1.620009e-001 -5.299659e-002 1.853914e-001 
1.077415e+001 8.256304e+000 -5.084164e+000 8.787329e+000 -7.809832e+000 6.229219e+000 -4.881978e+000 7.229061e-001 4.490064e-001 -6.669457e-001 -1.229276e+000 1.402065e-001 1.903519e+000 -1.376747e+000 8.840452e-001 -2.432498e+000 -1.130619e+000 -1.335432e+000 9.272300e-001 3.613255e-001 -2.081143e-001 -4.089021e-001 5.113928e-002 2.622140e-002 1.709836e-001 2.146853e-001 2.157036e-001 -2.199688e-001 -3.190324e-001 5.765265e-001 -2.240041e-001 2.515163e-001 -8.855843e-002 -3.407669e-001 -3.886121e-001 1.752669e-001 
9.934544e+000 7.654952e+000 -5.370656e+000 9.265160e+000 -7.824858e+000 5.567605e+000 -7.117136e+000 -1.801729e+000 -1.613424e+000 -2.187552e+000 -7.265144e-001 -9.430634e-001 1.447370e+000 -2.612897e+000 1.597035e+000 -2.008633e+000 -8.264956e-001 -1.345448e-001 9.703716e-001 4.529953e-001 -3.160432e-001 1.324377e-001 6.839832e-001 1.162175e-001 -8.136436e-001 -9.275624e-001 -1.230594e+000 -9.438761e-001 -9.883772e-001 -1.981224e-001 -3.755978e-001 4.187300e-001 -2.014564e-001 -1.085062e-001 -2.926605e-001 8.129856e-002 
8.586225e+000 7.726230e+000 -5.914545e+000 9.762741e+000 -7.862310e+000 5.901225e+000 -5.483152e+000 -5.077481e-001 -1.117382e+000 -1.918858e+000 -5.684766e-001 -1.595439e+000 1.557972e+000 -2.224957e+000 1.285423e+000 -1.273324e+000 -2.864375e-001 -2.306995e-001 6.580188e-001 2.272800e-001 -5.659784e-001 2.746074e-001 5.556193e-001 -2.263660e-001 -6.664537e-002 -2.890592e-001 -1.274063e+000 -6.666301e-001 -4.754876e-001 -3.627802e-002 -7.823182e-001 8.367415e-002 -2.553530e-001 5.754919e-001 -1.696646e-001 2.670797e-001 
9.543752e+000 9.976861e+000 -3.753819e+000 9.207423e+000 -7.165264e+000 5.097768e+000 -4.961728e+000 2.990314e-001 -2.013022e-001 -1.661213e+000 -1.701399e+000 -1.599845e+000 1.104399e+000 -2.353092e+000 8.054104e-001 -1.564467e+000 -6.960777e-001 -4.983137e-001 4.744035e-001 -7.553720e-001 -3.932477e-001 -8.688225e-001 -4.061999e-001 -3.106803e-001 -5.600610e-001 1.411198e-002 -7.374918e-001 -5.450084e-002 -5.135763e-001 -5.122534e-002 2.991488e-001 2.720070e-001 -6.343336e-002 2.969402e-001 3.196618e-001 5.144857e-001 
9.216035e+000 1.212099e+001 -3.626248e+000 8.303036e+000 -5.446729e+000 5.853928e+000 -5.658222e+000 2.232893e-001 1.350829e+000 -1.386672e+000 -6.344623e-001 6.512000e-001 5.822156e-001 -1.587826e+000 1.817400e+000 -2.031107e+000 -1.960621e+000 -1.370637e+000 -2.307567e-001 -8.699250e-001 -6.623559e-001 -1.379449e+000 -6.188739e-001 -7.185011e-002 -7.835558e-001 -3.596669e-002 -2.844772e-001 -4.073038e-001 -3.040928e-001 5.256126e-001 -6.248798e-003 1.033500e-001 -1.903537e-001 -2.312110e-001 -4.056304e-001 5.706323e-001 
9.971980e+000 1.504231e+001 -2.518768e+000 6.121433e+000 -3.453522e+000 4.180458e+000 -6.261611e+000 -1.040180e+000 1.840869e+000 -1.820594e+000 -1.046457e+000 1.563755e-001 -5.210100e-001 -2.267777e+000 8.109747e-001 -1.414895e+000 -1.791118e+000 -4.403036e-001 8.709222e-001 6.114615e-001 -2.467816e-001 -1.023689e+000 5.490457e-002 -3.711716e-002 -3.531268e-001 -4.883055e-001 -1.124371e+000 -5.720057e-001 -3.405973e-001 -5.545665e-003 -6.950102e-001 -3.043759e-001 2.101958e-001 -3.782466e-002 -7.645709e-001 6.977280e-001 
9.792699e+000 1.849981e+001 -4.016772e+000 4.880574e+000 -1.416545e+000 2.693327e+000 -7.789544e+000 -2.519279e+000 2.089383e+000 -1.704877e+000 -3.179407e-001 6.084562e-001 -1.171092e+000 -2.810936e+000 1.192541e+000 -3.186243e-001 -2.190353e+000 4.560325e-002 2.030290e+000 5.234232e-001 8.130794e-002 -6.328190e-001 -8.624307e-002 -2.777137e-001 -1.513743e-001 -1.908241e-001 -4.946421e-001 -2.867985e-001 -3.143254e-001 1.355830e-001 -1.316332e+000 -5.833903e-001 5.545252e-002 -5.934696e-001 -1.013766e+000 8.709459e-001 
1.108243e+001 2.117168e+001 -3.966406e+000 5.492475e+000 1.448131e-002 1.879952e+000 -8.087273e+000 -7.295219e-001 9.810050e-001 -1.676227e+000 2.518832e-002 -9.663422e-002 -8.480972e-001 -2.191206e+000 1.100384e+000 -6.560084e-001 -2.629615e+000 -1.108352e+000 1.779019e+000 3.120237e-001 1.349802e-003 -1.060362e+000 5.137154e-002 -1.915100e-001 -7.281378e-001 1.011105e-001 -4.362700e-001 -6.042564e-001 -5.022327e-001 -2.491215e-001 -1.601425e+000 -3.859404e-001 4.258772e-001 -4.943027e-001 -7.676778e-001 9.031446e-001 
1.278261e+001 2.093155e+001 -2.939447e+000 4.608280e+000 8.850273e-001 1.342118e+000 -7.005684e+000 -1.456355e+000 7.237901e-001 -1.527701e+000 -4.280881e-001 2.346274e-001 -9.218727e-001 -1.494734e+000 1.064574e+000 -1.435941e+000 -2.581231e+000 -9.065801e-001 1.058068e+000 -5.194291e-002 1.801953e-001 -3.450432e-001 -2.278667e-001 1.413790e-001 -9.797427e-001 -1.293632e-001 -4.224772e-001 -8.950342e-001 -6.279291e-001 -2.260920e-001 -1.170718e+000 -3.200215e-001 5.940050e-001 -7.046337e-001 -4.457033e-001 9.222773e-001 
1.301632e+001 2.032657e+001 -3.300470e+000 4.334411e+000 1.157969e+000 1.539325e+000 -6.845235e+000 -2.266042e+000 4.104655e-001 -1.430009e+000 -6.308333e-001 4.302230e-001 5.825726e-003 -1.200507e+000 1.052372e+000 -1.386349e+000 -2.607704e+000 -6.574427e-001 6.385129e-001 4.399931e-001 8.704462e-001 -5.744018e-001 -3.643882e-001 3.499577e-001 -5.447342e-001 -2.913418e-001 -4.943092e-001 -8.620910e-001 -8.330870e-001 -3.005131e-001 -1.151708e+000 -6.101295e-001 4.538081e-001 -7.192599e-001 -6.529856e-001 1.220226e+000 
1.276462e+001 2.148719e+001 -4.676144e+000 5.195867e+000 6.315059e-001 2.221550e+000 -7.897655e+000 -1.802045e+000 2.143198e-001 -1.734314e+000 -5.360915e-001 4.114286e-001 -6.467928e-001 -1.525993e+000 1.421554e+000 -1.648238e+000 -2.096612e+000 -5.840392e-001 4.574193e-001 2.089545e-001 8.551789e-001 -5.246424e-001 -1.582820e-001 1.920682e-001 -8.629141e-001 -4.911393e-001 -3.937698e-001 -8.269142e-001 -9.369166e-001 3.018661e-001 -1.295489e+000 -7.919318e-001 3.358197e-001 -5.397098e-001 -5.305623e-001 1.249698e+000 
1.241270e+001 2.191499e+001 -4.977536e+000 4.288781e+000 9.357992e-001 2.312553e+000 -7.761284e+000 -1.768321e+000 -1.944927e-001 -1.025214e+000 -7.412338e-001 2.439488e-001 5.537095e-002 -1.699905e+000 1.299458e+000 -1.193358e+000 -2.124260e+000 -7.847580e-001 6.842508e-001 -1.907557e-002 3.092025e-001 -6.741035e-001 -6.259547e-002 -2.170624e-001 3.511038e-001 -4.106924e-001 -5.928714e-001 -7.753516e-001 -1.129707e+000 3.288179e-001 -1.222839e+000 -3.562855e-001 1.698405e-003 -9.009005e-001 -6.191547e-001 7.063012e-001 
1.245850e+001 2.231918e+001 -4.980293e+000 4.780057e+000 1.330507e+000 2.000413e+000 -7.647648e+000 -1.939551e+000 -3.812752e-001 -1.429331e+000 -7.540122e-001 7.761409e-002 -3.715058e-001 -1.231442e+000 8.606348e-001 -1.747625e+000 -1.473420e+000 -1.229635e+000 6.512852e-001 -1.385547e-002 1.078630e+000 -3.298595e-001 -2.470752e-001 1.121686e-001 -8.470349e-001 -6.034672e-001 -3.723754e-001 -6.664552e-001 -1.127745e+000 1.284141e-001 -1.372163e+000 -4.537836e-001 4.873185e-001 -6.965398e-001 -3.272802e-001 7.235273e-001 
1.289213e+001 2.123040e+001 -4.843257e+000 4.084526e+000 3.086296e-001 2.380310e+000 -8.275265e+000 -1.592198e+000 2.251618e-001 -1.245767e+000 -7.953178e-001 -3.172357e-002 -5.976435e-002 -1.837238e+000 9.552792e-001 -1.502168e+000 -1.635618e+000 -7.034439e-001 9.675195e-001 -1.108670e-001 4.864342e-001 -4.098158e-001 -4.799211e-001 4.240428e-001 -4.326971e-001 -2.220669e-001 -3.264682e-001 -9.276407e-001 -1.304809e+000 -3.171799e-002 -1.165710e+000 -3.882344e-001 3.259487e-001 -9.567120e-001 -5.268702e-001 8.593465e-001 
1.361300e+001 2.065253e+001 -3.773590e+000 2.656713e+000 1.646268e+000 7.564780e-001 -6.793640e+000 -2.468232e+000 4.262597e-001 -1.458638e+000 -1.112471e+000 4.879122e-002 -6.584881e-001 -1.063722e+000 7.873496e-001 -1.357029e+000 -1.899037e+000 -6.545940e-001 9.371413e-001 3.174990e-001 3.500422e-001 -5.895709e-001 -5.794508e-001 -1.989306e-002 -7.250232e-001 -3.928733e-002 -4.609376e-001 -6.740820e-001 -8.204973e-001 -2.864841e-001 -1.082726e+000 -8.651943e-001 2.823764e-001 -7.410641e-001 -2.133433e-001 1.001247e+000 
1.114900e+001 1.700068e+001 -4.148608e-001 4.489105e+000 7.886970e-001 1.600985e+000 -4.764863e+000 -2.796219e+000 1.519223e+000 -2.303779e+000 -1.829571e+000 -7.567842e-001 -1.461202e+000 -1.787800e+000 -2.339532e-001 -1.198712e+000 -2.181830e+000 -3.784685e-003 1.744808e+000 5.273146e-001 -4.669436e-001 -2.174781e-001 -9.292939e-001 -9.552191e-001 -3.845180e-001 -6.393331e-001 -9.548059e-001 -1.122973e+000 -9.871144e-001 -1.303522e-001 -2.600764e-001 9.218144e-002 5.348316e-001 -8.469634e-002 5.477593e-002 3.986822e-001 
8.904384e+000 1.428554e+001 -2.306816e+000 7.116941e+000 -2.978244e+000 4.790592e+000 -4.349777e+000 -4.753158e-001 1.439909e+000 -2.923874e+000 -3.168468e-001 -1.847538e+000 2.834556e-001 -1.562007e+000 2.804737e-001 -1.485075e+000 -1.908187e+000 2.913593e-001 3.488166e-002 6.901324e-001 -6.293960e-001 -6.786458e-001 -5.376746e-003 1.343920e-001 -8.021766e-001 -6.345559e-001 -3.515566e-001 5.965213e-002 -1.296530e-001 -5.552569e-001 -2.424266e-001 -6.444121e-001 1.569848e-001 2.750104e-002 3.976508e-002 -2.281371e-002 
9.566049e+000 1.091970e+001 -4.901126e+000 7.677265e+000 -5.766257e+000 7.510135e+000 -3.830873e+000 7.822724e-001 2.093753e+000 -5.418349e-001 -2.245361e-001 -8.843963e-001 5.924382e-001 -4.873223e-001 1.207860e+000 -2.494836e+000 -1.631104e+000 -8.671938e-001 3.610708e-001 1.052530e-002 -6.763550e-001 -8.631025e-001 -8.138336e-002 -2.434037e-001 -6.418406e-001 -8.230059e-001 -4.008079e-001 3.431420e-001 -2.982039e-001 -2.506686e-001 -4.492599e-002 2.250332e-001 2.430856e-001 -1.516639e-001 -1.224394e-001 1.175861e-001 
1.202499e+001 9.546760e+000 -2.002034e+000 8.701624e+000 -6.147039e+000 5.393694e+000 -3.962944e+000 -1.625988e-001 6.339363e-001 -1.026387e+000 -1.223920e+000 -6.235161e-001 1.716700e-001 -1.962271e+000 4.095646e-001 -1.745222e+000 -1.134886e+000 -6.907330e-001 3.633865e-001 -2.979594e-001 -7.414744e-001 -3.945155e-001 -4.367934e-001 -9.646369e-002 -9.766900e-001 -1.144898e+000 -7.548300e-001 -6.912258e-001 -1.149697e-001 2.950488e-001 -1.057869e-001 4.432262e-001 6.331276e-001 3.310365e-002 3.179816e-001 6.272599e-001 
1.346761e+001 9.417545e+000 -2.083378e+000 9.384585e+000 -6.678707e+000 5.347209e+000 -5.217604e+000 -6.827729e-001 2.011806e-001 -2.036689e+000 -1.989698e+000 -1.227313e+000 9.921335e-001 -1.653194e+000 1.590146e+000 -1.612146e+000 -1.204967e+000 -7.632108e-001 5.180591e-001 1.137793e+000 -5.861719e-001 -3.082685e-001 -4.274524e-001 -4.131677e-001 -6.547852e-001 -1.092678e+000 -9.712884e-001 -2.293764e-001 -1.645705e-001 1.562426e-001 -2.063265e-001 -4.228328e-002 -4.378755e-001 -9.282790e-001 -4.761864e-002 8.207944e-001 
1.161205e+001 8.437681e+000 -3.366633e+000 8.159637e+000 -7.429059e+000 5.117441e+000 -4.628081e+000 -8.945199e-001 -6.784336e-001 -2.338935e+000 -8.280414e-001 -1.723143e+000 9.143194e-001 -2.386484e+000 9.835141e-001 -1.281481e+000 -1.152007e+000 -2.422410e-001 -1.464310e-001 7.116784e-001 -5.859964e-001 -3.132477e-001 -4.329212e-001 -1.360699e-002 -3.794632e-001 -9.187921e-001 -7.825716e-001 -2.828207e-001 1.582370e-001 -5.113673e-001 -2.516439e-001 1.978271e-001 -6.808222e-001 -7.658422e-001 -1.914176e-001 5.499288e-001 
1.115587e+001 7.250002e+000 -3.231928e+000 7.728438e+000 -6.926370e+000 3.826641e+000 -4.342673e+000 -6.649893e-001 1.173120e+000 -7.573614e-001 1.229011e-001 -4.206256e-001 1.636312e+000 -2.174712e+000 -2.087329e-001 -1.674683e+000 -2.322067e+000 -8.455122e-001 3.185985e-002 -6.371095e-002 -1.141040e+000 -6.706246e-001 -7.568537e-001 -1.184948e+000 -8.311401e-001 -4.741961e-002 -5.157141e-001 1.428883e-002 3.542943e-001 2.628398e-001 3.163429e-001 2.145910e-002 2.633426e-001 2.622883e-001 1.877994e-001 4.376037e-001 
1.034882e+001 1.136839e+001 -3.902727e+000 9.047571e+000 -5.352196e+000 5.766710e+000 -5.107144e+000 5.760551e-001 3.917202e-001 -1.244390e+000 -1.229349e+000 -3.888818e-001 1.204780e+000 -2.059784e+000 8.867788e-001 -2.204533e+000 -1.305886e+000 -9.411274e-001 3.451820e-001 -3.807584e-001 -5.372438e-001 -8.501370e-001 -3.356795e-001 -1.548834e-001 -9.658264e-001 2.303022e-001 -3.858450e-001 -4.522491e-001 -4.065857e-001 2.014527e-001 3.782211e-003 -4.573638e-001 -4.650643e-001 -1.631211e-001 6.809633e-002 5.724038e-001 
9.472202e+000 1.224487e+001 -1.108832e+000 7.894421e+000 -4.969920e+000 3.652473e+000 -5.390250e+000 -2.737513e-001 1.494755e+000 -1.788825e+000 -6.777699e-002 1.228109e+000 3.551817e-001 -2.068379e+000 1.170674e+000 -1.620175e+000 -2.061206e+000 -8.858860e-001 1.978743e-001 1.055314e-001 -7.516405e-001 -1.077593e+000 -3.627909e-001 -2.036132e-001 -1.009783e+000 -6.348450e-001 -4.073549e-001 -2.535600e-001 -1.569251e-001 1.818370e-001 -1.862436e-001 -2.025323e-001 2.649729e-002 -7.794562e-003 -5.188547e-001 5.293363e-001 
9.777241e+000 1.583478e+001 -3.239346e+000 5.850188e+000 -3.005841e+000 3.527791e+000 -7.388552e+000 -2.075226e+000 1.789962e+000 -1.686184e+000 -1.070412e+000 -3.423023e-001 -8.806494e-001 -2.124117e+000 2.129993e+000 -1.272860e-001 -2.169960e+000 -4.913996e-001 1.389025e+000 7.288524e-001 7.747076e-002 -7.073157e-001 3.441253e-001 -3.477045e-002 -4.750809e-001 -5.158305e-001 -7.081984e-001 -1.462745e-001 -2.702103e-001 2.886821e-001 -7.526322e-001 -6.295455e-001 7.736261e-002 -3.259155e-001 -9.738778e-001 5.601927e-001 
9.514510e+000 2.110027e+001 -4.132326e+000 5.840649e+000 -7.756457e-001 2.726922e+000 -8.324590e+000 -7.807733e-001 2.095513e+000 -1.771204e+000 -4.996629e-001 3.642581e-001 -1.095597e+000 -2.333272e+000 1.560868e+000 -5.730571e-001 -2.598478e+000 -1.562887e+000 1.972969e+000 2.746115e-001 1.519129e-001 -1.255552e+000 -5.330966e-001 -7.288144e-001 -4.712863e-001 2.284501e-001 -7.916836e-002 -1.348486e-001 -7.368060e-001 2.680586e-001 -1.680457e+000 -3.508424e-001 5.222194e-001 -3.886033e-001 -1.433313e+000 6.939796e-001 
1.274874e+001 2.166445e+001 -4.154693e+000 5.160046e+000 2.582554e-001 2.032383e+000 -7.402819e+000 -9.056914e-001 5.221378e-001 -1.554283e+000 -4.050282e-001 -2.010534e-002 -5.810069e-001 -2.139153e+000 9.701553e-001 -7.771973e-001 -2.125948e+000 -1.062343e+000 1.705318e+000 7.239472e-002 1.855915e-001 -6.347927e-001 -3.934932e-001 -3.476312e-001 -9.359477e-001 -2.343280e-002 -5.800459e-001 -3.578041e-001 -4.487319e-001 -2.669576e-001 -1.420289e+000 -4.515667e-001 2.766056e-001 -5.027148e-001 -4.787105e-001 1.253547e+000 
1.226595e+001 2.142187e+001 -3.959579e+000 4.336631e+000 7.010963e-001 1.811564e+000 -6.832857e+000 -1.909743e+000 7.225580e-001 -1.469873e+000 -2.514922e-001 2.963754e-001 -5.661189e-001 -1.274072e+000 1.068550e+000 -1.359800e+000 -2.468655e+000 -9.787150e-001 7.326794e-001 8.291301e-002 7.893198e-001 -1.136036e-001 -5.227756e-001 9.175405e-002 -1.041328e+000 -7.666239e-002 -1.702077e-001 -7.337547e-001 -6.751609e-001 -4.702352e-001 -1.338505e+000 -6.012064e-001 5.558929e-001 -5.825156e-001 -5.262565e-001 1.051175e+000 
1.440409e+001 1.916402e+001 -2.617481e+000 4.245989e+000 1.935265e+000 1.003746e+000 -6.921987e+000 -2.700305e+000 5.350506e-001 -1.202243e+000 -2.737062e-001 2.753456e-001 -6.793971e-001 -1.825780e+000 6.946700e-001 -1.154467e+000 -2.189100e+000 -2.224242e-002 4.472037e-001 1.481432e-001 3.540016e-001 -7.453758e-001 -2.919877e-001 4.329684e-001 -3.149618e-001 -9.626376e-002 -4.074992e-001 -1.430291e+000 -1.196104e+000 -2.170372e-001 -8.557991e-001 -3.709204e-001 8.129187e-001 -5.383908e-001 -9.879152e-001 5.339417e-001 
1.307845e+001 2.190368e+001 -4.491424e+000 4.276543e+000 9.089976e-001 2.038624e+000 -7.339611e+000 -1.851700e+000 1.383868e-001 -1.699941e+000 -7.689534e-001 3.685365e-001 -2.880090e-001 -1.483964e+000 1.095735e+000 -1.322052e+000 -1.887379e+000 -4.341705e-001 6.286060e-001 5.989680e-002 5.653092e-001 -2.830448e-001 3.205465e-002 1.417069e-001 -3.269297e-001 -5.577236e-001 -7.490028e-001 -1.054220e+000 -1.106160e+000 2.544412e-001 -1.104300e+000 -4.685269e-001 4.288424e-001 -8.053229e-001 -5.322792e-001 7.840880e-001 
1.329537e+001 2.017934e+001 -2.889304e+000 3.112314e+000 2.202736e+000 7.680787e-001 -6.528366e+000 -2.579164e+000 5.216340e-001 -1.044424e+000 -6.148345e-001 -9.753985e-002 -4.194158e-001 -1.079066e+000 8.500800e-001 -8.766601e-001 -2.277356e+000 -6.025239e-001 1.484187e-002 5.863434e-001 6.275544e-001 -5.170624e-001 -1.520235e-001 -3.522487e-001 -8.789710e-004 -3.277268e-001 -5.198649e-001 -6.648609e-001 -1.043094e+000 -1.988435e-001 -1.103254e+000 -5.044522e-001 2.825431e-001 -7.853265e-001 -4.793917e-001 9.036102e-001 
1.463627e+001 1.966430e+001 -2.627508e+000 2.289025e+000 2.669845e+000 3.726374e-001 -6.546405e+000 -2.269425e+000 3.900679e-001 -1.507096e+000 -8.101772e-001 7.392608e-002 -2.653760e-001 -8.894420e-001 6.763534e-001 -1.225425e+000 -2.107899e+000 -7.875155e-001 5.328343e-001 9.284489e-001 7.798781e-001 -1.870065e-001 -5.160062e-001 -1.550423e-001 -8.087936e-001 -3.566321e-001 -3.715369e-001 -7.307687e-001 -8.012741e-001 -4.216900e-001 -9.835498e-001 -8.129679e-001 4.141382e-001 -7.231196e-001 -1.746776e-001 9.829482e-001 
1.528434e+001 1.903687e+001 -2.360444e+000 2.351194e+000 2.461744e+000 4.038671e-001 -6.355937e+000 -2.196792e+000 6.206227e-001 -1.407255e+000 -1.066030e+000 -1.113265e-001 -1.872847e-001 -1.096984e+000 8.270532e-001 -9.248805e-001 -2.440381e+000 -4.993025e-001 7.548065e-001 4.554610e-001 3.671572e-001 -4.741528e-001 -4.113480e-001 1.464133e-001 -7.821198e-001 -2.030023e-001 -2.273778e-001 -9.177263e-001 -7.711823e-001 -4.560583e-001 -9.485001e-001 -6.171819e-001 2.798107e-001 -7.940678e-001 -2.350231e-001 8.562997e-001 
