7.608426e+000 1.295707e+001 -1.678942e+001 2.563151e+000 3.218269e-001 1.535860e+000 -3.334119e+000 -7.805536e+000 -1.562827e-001 -3.190747e+000 -5.645360e+000 -2.231715e+000 -1.721303e+000 -3.264748e+000 -8.353482e-001 4.748115e-001 2.854245e-001 1.495352e+000 2.714887e+000 1.790306e+000 1.979969e+000 2.152923e+000 1.201138e+000 1.911399e+000 2.993433e-001 -1.308753e+000 -2.930781e-001 -2.414333e-001 -8.100635e-001 5.916733e-001 1.533256e+000 5.810600e-001 8.500520e-001 1.320398e+000 1.012509e+000 4.528729e-001 
1.031655e+001 1.159367e+001 -1.484721e+001 1.143662e+000 1.276057e+000 1.419513e+000 -2.408797e+000 -6.680840e+000 -3.189201e-001 -3.039232e+000 -5.951451e+000 -2.520866e+000 -2.199942e+000 -2.260759e+000 -6.365176e-001 3.944282e-001 -9.518378e-002 8.997476e-001 2.413663e+000 1.544818e+000 2.228949e+000 1.732017e+000 5.224503e-001 1.391727e+000 -1.280090e-001 -1.548465e+000 -4.535303e-001 -6.495112e-001 -1.165317e+000 9.610518e-002 9.639773e-001 5.998059e-001 8.449033e-001 1.222270e+000 7.917675e-001 1.915913e-001 
9.800763e+000 1.244020e+001 -1.447236e+001 5.843260e-001 1.969858e+000 1.879291e+000 -2.464874e+000 -5.990547e+000 2.310749e-001 -2.607282e+000 -6.121054e+000 -2.599353e+000 -2.189900e+000 -2.808710e+000 -7.764122e-001 8.932919e-001 4.370258e-001 1.372039e+000 2.662165e+000 1.497646e+000 1.823314e+000 1.236682e+000 5.109892e-001 1.455037e+000 -1.024947e-001 -1.316402e+000 -5.109533e-001 -9.936069e-001 -1.231639e+000 8.686563e-002 7.489968e-001 4.850443e-001 9.225795e-001 1.222942e+000 7.461537e-001 4.999657e-001 
9.318302e+000 1.235147e+001 -1.549426e+001 4.650554e-001 -1.222911e-001 5.790823e-001 -3.121556e+000 -6.332247e+000 4.095942e-001 -2.934454e+000 -6.708344e+000 -3.428993e+000 -3.173826e+000 -3.595897e+000 -6.836701e-001 9.834893e-001 5.328511e-001 8.633889e-001 2.260940e+000 1.697826e+000 1.690022e+000 1.266122e+000 2.640100e-001 1.474139e+000 3.411758e-001 -1.072074e+000 -1.019338e-001 -8.295882e-001 -1.572334e+000 8.116367e-003 9.362854e-001 7.903200e-001 1.400821e+000 1.315156e+000 5.380983e-001 3.308844e-001 
9.318173e+000 1.156017e+001 -1.456196e+001 -1.255884e+000 2.827717e-001 1.602170e+000 -2.845617e+000 -6.403271e+000 -1.937058e-001 -2.902894e+000 -6.836126e+000 -3.472681e+000 -2.495945e+000 -3.224595e+000 -1.039140e+000 6.612110e-001 6.190407e-001 1.270988e+000 2.820996e+000 2.152302e+000 1.585394e+000 1.314505e+000 9.595314e-001 1.927260e+000 7.597365e-001 -1.194162e+000 -1.095480e-001 -1.445861e-001 -1.494714e+000 2.576631e-001 1.487529e+000 6.991599e-001 1.349635e+000 1.751282e+000 8.232346e-001 2.062499e-001 
8.270586e+000 1.231621e+001 -1.664237e+001 1.123255e-001 -3.238534e-001 2.583818e+000 -2.104299e+000 -6.521032e+000 -6.932940e-001 -3.752899e+000 -7.212635e+000 -3.744247e+000 -2.202936e+000 -3.074302e+000 -1.148838e+000 7.807286e-001 2.771272e-001 -1.415615e-001 3.061441e+000 2.551425e+000 1.414027e+000 1.073423e+000 4.616031e-001 1.802807e+000 7.378950e-002 -1.516648e+000 -2.148039e-001 4.614190e-001 -1.004154e+000 -3.339541e-001 1.380130e+000 3.668378e-001 9.570963e-001 1.700629e+000 8.941512e-001 3.916211e-001 
8.802613e+000 1.054791e+001 -1.641456e+001 -6.405256e-001 8.457324e-001 3.703182e+000 -1.485561e+000 -5.340803e+000 -1.047713e+000 -4.150829e+000 -7.345939e+000 -4.685148e+000 -2.275852e+000 -2.215363e+000 -1.199147e+000 1.026507e+000 9.390678e-001 -4.143571e-001 2.928333e+000 3.239136e+000 1.984399e+000 1.482495e+000 3.296204e-001 1.247387e+000 -1.015706e-001 -8.196173e-001 3.383135e-002 1.905131e-001 -6.001233e-001 -4.980861e-001 1.211807e+000 8.879740e-001 1.160507e+000 1.832640e+000 9.096089e-001 2.474565e-001 
7.971354e+000 1.251806e+001 -1.725042e+001 1.378359e+000 1.026655e+000 2.999860e+000 -1.700082e+000 -5.167375e+000 -1.373456e-001 -3.909047e+000 -6.350980e+000 -4.078309e+000 -2.596744e+000 -2.685330e+000 -8.967818e-001 1.316287e+000 1.143762e+000 8.594865e-002 2.785816e+000 2.747092e+000 1.768860e+000 1.351736e+000 5.420980e-001 1.078149e+000 5.451912e-002 -7.364586e-001 -2.112956e-001 2.275944e-001 -4.417327e-001 -5.225668e-001 7.615696e-001 9.002168e-001 1.193393e+000 1.343407e+000 1.118846e+000 3.562129e-001 
7.805391e+000 1.198369e+001 -1.734643e+001 1.523282e+000 1.815239e+000 2.382088e+000 -2.172639e+000 -6.230492e+000 -8.372772e-001 -3.593181e+000 -6.470931e+000 -3.597681e+000 -1.686170e+000 -2.147137e+000 -1.074586e+000 2.914666e-001 -1.356153e-001 -7.678967e-001 1.960223e+000 3.421014e+000 3.142711e+000 2.232773e+000 6.437641e-001 2.542961e-001 -4.038335e-001 -1.026842e+000 6.912844e-002 3.012892e-001 -9.694666e-001 -7.222085e-001 7.052516e-001 1.329726e+000 1.532231e+000 1.531181e+000 1.180245e+000 1.024310e-001 
8.512212e+000 1.163064e+001 -1.722851e+001 1.434696e+000 9.420688e-001 9.455187e-001 -3.324357e+000 -6.292534e+000 -8.607431e-001 -2.889861e+000 -5.379213e+000 -3.459168e+000 -1.820521e+000 -2.788644e+000 -1.425369e+000 1.418147e+000 7.340026e-001 6.725274e-002 2.917192e+000 2.812616e+000 1.757468e+000 1.547265e+000 1.515650e+000 2.121946e+000 3.718336e-001 -2.831408e-001 -1.020375e-001 -5.208808e-002 3.574261e-001 -2.013008e-001 1.002308e+000 1.414799e+000 9.172754e-001 1.569838e+000 1.060532e+000 1.676331e-001 
7.802814e+000 1.379230e+001 -1.868952e+001 1.913811e+000 -1.012570e+000 1.959434e+000 -2.470538e+000 -5.334588e+000 -1.941602e-001 -3.411205e+000 -5.540438e+000 -4.108687e+000 -1.456736e+000 -3.071519e+000 -1.751141e+000 1.174527e+000 4.513420e-001 -3.032513e-001 3.098424e+000 2.201068e+000 1.801666e+000 1.401701e+000 5.401783e-001 2.513523e+000 -5.125451e-001 -6.300638e-001 -6.463062e-001 -8.423393e-001 -9.288494e-002 -6.862615e-001 1.070966e+000 1.101159e+000 7.794965e-001 1.821946e+000 1.055425e+000 9.774647e-002 
6.581393e+000 1.440966e+001 -1.823086e+001 2.673703e+000 -1.659882e-001 2.958279e+000 -2.134323e+000 -6.571519e+000 6.013865e-001 -2.686862e+000 -4.685438e+000 -3.734580e+000 -1.859135e+000 -3.880897e+000 -1.148768e+000 1.132939e+000 4.219866e-001 6.445807e-001 2.880174e+000 2.404743e+000 2.229064e+000 1.391763e+000 6.467517e-001 2.478996e+000 -7.042389e-001 -1.297039e+000 -5.332688e-001 -1.035445e+000 -1.246362e+000 -4.330141e-001 1.588031e+000 9.958770e-001 1.048376e+000 1.796791e+000 1.147048e+000 -1.483264e-001 
6.599010e+000 1.499907e+001 -1.827121e+001 3.588722e+000 -9.791034e-001 2.401503e+000 -2.577590e+000 -6.911894e+000 -3.611625e-001 -3.803066e+000 -3.728897e+000 -2.682670e+000 -1.436821e+000 -4.151676e+000 -3.052822e-001 5.961311e-001 5.094126e-001 1.224656e+000 1.981708e+000 1.917489e+000 2.132255e+000 2.271078e+000 3.569097e-001 2.271660e+000 -4.507505e-001 -8.016147e-001 -4.906949e-001 -7.712238e-001 -1.130923e+000 1.815358e-001 1.737722e+000 2.120199e-001 1.307922e+000 8.785023e-001 1.411376e+000 -1.428514e-001 
6.665683e+000 1.449228e+001 -1.792318e+001 2.576422e+000 -1.405721e+000 1.970523e+000 -2.409425e+000 -7.000806e+000 -6.470648e-001 -3.581972e+000 -4.200014e+000 -2.388935e+000 -1.580034e+000 -4.292482e+000 -5.675490e-001 4.786181e-001 9.553656e-001 1.874471e+000 2.085591e+000 2.031666e+000 2.046933e+000 1.962205e+000 7.620681e-001 2.353617e+000 4.865045e-001 -1.151084e+000 -1.868114e-001 -8.164006e-001 -1.174232e+000 6.331767e-001 1.552335e+000 6.908192e-001 1.080614e+000 1.127825e+000 1.300727e+000 2.954793e-002 
8.709564e+000 1.271491e+001 -1.645934e+001 -4.576199e-001 -1.095561e+000 5.682828e-001 -1.999019e+000 -6.547211e+000 -5.028634e-001 -3.322926e+000 -6.033609e+000 -2.856975e+000 -2.711508e+000 -4.001071e+000 -1.555073e+000 7.056597e-001 3.627382e-001 1.388089e+000 2.204732e+000 1.223652e+000 1.948458e+000 1.336540e+000 7.462265e-001 1.578889e+000 1.996703e-001 -1.106233e+000 -5.004610e-001 -1.067207e+000 -1.657999e+000 2.023734e-001 1.283167e+000 8.764302e-001 1.044760e+000 1.237081e+000 1.225158e+000 1.222523e-001 
9.526328e+000 1.287865e+001 -1.591184e+001 2.751583e-001 -2.230874e-001 7.820771e-001 -1.101320e+000 -5.555860e+000 -2.177900e-001 -3.338705e+000 -5.201110e+000 -2.630083e+000 -3.012678e+000 -3.115286e+000 -1.501472e+000 7.447412e-001 7.318397e-001 1.407647e+000 2.845741e+000 1.511490e+000 1.578655e+000 1.293844e+000 8.443731e-001 1.859151e+000 5.810158e-001 -1.225202e+000 -8.977911e-001 -1.127611e+000 -1.218334e+000 4.001063e-001 9.224182e-001 4.255307e-001 1.123392e+000 2.038679e+000 1.272185e+000 -4.652455e-001 
7.942177e+000 1.538031e+001 -1.729733e+001 2.194261e+000 -1.827668e+000 1.920571e+000 -1.421050e+000 -4.234123e+000 -5.605933e-002 -3.718983e+000 -5.753019e+000 -3.084180e+000 -1.726230e+000 -2.828186e+000 -9.238006e-001 2.916994e-001 4.575468e-001 4.279865e-001 3.258148e+000 2.006707e+000 1.499443e+000 8.092847e-001 1.153562e+000 1.463516e+000 5.870407e-001 -1.347017e+000 -1.505940e+000 -8.745726e-002 -1.251716e+000 2.394053e-002 4.677374e-001 3.995413e-001 1.103728e+000 2.152904e+000 1.042461e+000 -2.405879e-001 
8.304027e+000 1.338994e+001 -1.519429e+001 1.286557e+000 -1.398705e+000 1.332461e+000 -5.915917e-001 -4.243535e+000 5.910380e-001 -4.216333e+000 -5.734608e+000 -2.761168e+000 -2.209715e+000 -2.355076e+000 -1.065152e+000 7.291448e-001 -1.952255e-001 2.800358e-001 3.869350e+000 3.062247e+000 9.270744e-001 1.307124e+000 1.915909e+000 1.671374e+000 2.986710e-001 -1.381229e+000 -1.144019e+000 -2.801696e-001 -5.883618e-001 -5.674945e-001 7.078181e-001 1.280843e+000 1.222104e+000 1.735724e+000 1.214121e+000 7.140523e-001 
1.076390e+001 1.279533e+001 -1.204502e+001 2.868512e-001 -1.266134e+000 6.066814e-001 -1.181297e+000 -4.258431e+000 3.617601e-001 -5.097433e+000 -6.548530e+000 -1.646907e+000 -1.283697e+000 -1.647017e+000 -1.090739e+000 6.465863e-001 6.282600e-002 -8.885791e-001 1.793441e+000 1.650458e+000 1.808701e-001 6.088060e-001 6.528144e-001 2.889507e-001 -6.186084e-001 -2.357698e-001 5.480949e-002 -4.874788e-001 -5.134425e-001 -9.730511e-001 3.339953e-001 6.017892e-001 -3.391035e-001 5.408106e-001 7.137257e-001 6.144326e-001 
1.634041e+001 1.146178e+001 -9.524933e+000 2.438180e-001 2.832355e+000 1.119687e+000 -2.239499e+000 -5.148397e+000 -1.273254e-001 -1.503594e+000 -5.005809e+000 -1.051636e+000 2.509976e-001 -1.145828e+000 -2.105454e-002 3.255467e-002 -9.850878e-001 -1.864248e-001 1.396073e+000 1.053731e+000 3.900527e-001 2.926787e-001 -8.335343e-002 3.470729e-001 -3.238963e-002 -5.148441e-001 7.269450e-001 2.951985e-001 -9.939776e-001 -2.144641e-001 1.468409e-001 -4.359345e-001 -1.810180e-002 2.958018e-001 1.144774e-001 1.444972e-001 
1.011839e+001 1.070261e+001 -1.336756e+001 1.031813e+000 1.769494e+000 1.742006e+000 -2.604247e+000 -6.363790e+000 3.082354e-001 -2.033917e+000 -5.869481e+000 -1.965314e+000 -1.779599e+000 -3.544680e+000 -7.559893e-001 9.145761e-001 5.735692e-001 1.593903e+000 2.628643e+000 1.702014e+000 1.462633e+000 1.664108e+000 9.275023e-001 1.370071e+000 1.722222e-001 -1.550198e+000 -6.748311e-001 -8.564615e-001 -1.205318e+000 3.702803e-001 1.031071e+000 5.536022e-001 7.165661e-001 1.056562e+000 9.234875e-001 4.658470e-001 
8.705139e+000 1.202665e+001 -1.577837e+001 1.774364e+000 1.575221e+000 2.453542e+000 -2.895314e+000 -6.674226e+000 -3.003729e-001 -2.949849e+000 -5.988668e+000 -2.549771e+000 -1.972620e+000 -2.607493e+000 -6.488666e-001 1.377312e-001 -1.590955e-001 1.202240e+000 2.986927e+000 2.093826e+000 2.395219e+000 1.719836e+000 2.713506e-001 1.300790e+000 1.011176e-002 -1.329542e+000 -2.542357e-001 -7.093634e-001 -1.077931e+000 6.754813e-002 1.019797e+000 6.463798e-001 9.965428e-001 1.547936e+000 8.322578e-001 3.161301e-001 
1.013403e+001 9.542716e+000 -1.369434e+001 5.962368e-002 2.678213e+000 1.412612e+000 -2.815729e+000 -6.470776e+000 -1.136720e+000 -2.931943e+000 -6.120983e+000 -2.811419e+000 -2.437799e+000 -3.136663e+000 -7.453092e-001 5.822069e-001 4.005586e-001 1.436223e+000 2.387067e+000 1.661277e+000 1.785812e+000 1.230207e+000 5.046993e-001 1.426441e+000 -3.005236e-002 -1.475653e+000 -3.322795e-001 -6.824920e-001 -1.001509e+000 4.009898e-001 8.935779e-001 5.048983e-001 8.652968e-001 1.109267e+000 6.584596e-001 4.123950e-001 
7.285568e+000 1.379910e+001 -1.712197e+001 3.101529e+000 1.898826e-001 2.223286e+000 -3.421160e+000 -6.376477e+000 -4.248732e-001 -3.539763e+000 -6.489239e+000 -3.331924e+000 -1.966800e+000 -2.619870e+000 6.817348e-002 3.609664e-001 -1.024200e-001 1.607492e-002 2.070257e+000 2.042342e+000 2.594184e+000 1.189367e+000 -1.862298e-001 8.457529e-001 -3.349978e-001 -1.262585e+000 1.874588e-001 4.366834e-002 -1.719393e+000 -1.488063e-001 6.195171e-001 3.160856e-001 1.141721e+000 1.343193e+000 5.434649e-001 6.424093e-002 
7.194397e+000 1.447982e+001 -1.712456e+001 2.566434e+000 9.515111e-001 2.730819e+000 -2.779919e+000 -5.625137e+000 5.305436e-001 -3.211406e+000 -6.312173e+000 -3.123752e+000 -2.659954e+000 -2.639450e+000 -3.400587e-001 1.029321e+000 7.889330e-001 1.714199e-001 3.144243e+000 1.985627e+000 1.832696e+000 6.729212e-001 3.019797e-001 1.098443e+000 2.648699e-001 -1.263636e+000 9.763726e-004 2.733492e-001 -2.011252e+000 -4.716565e-001 1.127989e+000 3.598562e-001 1.134213e+000 1.569014e+000 5.679052e-001 -2.767086e-002 
8.719197e+000 1.273926e+001 -1.621739e+001 -3.781697e-002 2.151782e-001 2.425298e+000 -2.314989e+000 -5.683969e+000 -6.302840e-001 -3.605162e+000 -5.863763e+000 -3.261574e+000 -2.319455e+000 -2.930230e+000 -1.020941e+000 1.069602e+000 7.026467e-001 -1.204851e-001 3.199870e+000 2.865540e+000 1.167546e+000 1.027525e+000 8.714149e-001 2.031109e+000 2.743905e-001 -1.446327e+000 -1.790155e-001 5.750030e-001 -9.968329e-001 -4.422106e-001 1.419622e+000 3.462919e-001 8.695496e-001 1.764185e+000 1.032775e+000 4.955026e-001 
8.638376e+000 1.407808e+001 -1.743052e+001 1.445751e+000 -9.581932e-001 3.024666e+000 -3.422175e+000 -4.781087e+000 -3.952613e-001 -3.209209e+000 -5.818246e+000 -3.869986e+000 -1.772548e+000 -3.456360e+000 -5.792009e-001 8.089822e-001 1.458083e+000 -1.013833e+000 2.997827e+000 2.664055e+000 1.228134e+000 1.123166e+000 4.986382e-001 1.693970e+000 -2.354427e-001 -2.321085e-001 1.525071e-001 3.343113e-001 -1.019839e+000 -8.753219e-001 7.833320e-001 9.097747e-001 9.023212e-001 1.654405e+000 1.029682e+000 5.480755e-001 
7.135947e+000 1.260631e+001 -1.784345e+001 2.047710e+000 2.235951e-001 2.901875e+000 -2.899980e+000 -5.607866e+000 -7.954621e-001 -3.642679e+000 -5.553774e+000 -3.763321e+000 -1.833631e+000 -3.299827e+000 -7.787133e-001 5.828683e-001 7.035515e-001 -9.758541e-002 2.641215e+000 3.056598e+000 1.567482e+000 1.758104e+000 7.107640e-001 1.508492e+000 -8.282007e-003 -9.560910e-001 -5.141755e-002 3.495965e-001 -4.497393e-001 -5.907340e-001 9.557530e-001 1.000816e+000 1.188426e+000 1.163321e+000 1.296067e+000 6.727074e-001 
8.085564e+000 1.139602e+001 -1.763074e+001 2.666101e-001 8.681075e-001 1.822740e+000 -2.551902e+000 -5.161652e+000 -4.741272e-001 -3.640616e+000 -5.836706e+000 -2.984452e+000 -2.751028e+000 -4.175725e+000 -1.202103e+000 1.070198e+000 8.334517e-001 4.649233e-001 2.626886e+000 2.667196e+000 1.463564e+000 1.344851e+000 1.084237e+000 1.788869e+000 6.808820e-001 -1.068420e+000 -4.243477e-001 1.701912e-002 -6.082038e-001 -4.376328e-001 9.095307e-001 1.379866e+000 1.235150e+000 1.384722e+000 1.482764e+000 5.953749e-001 
7.735667e+000 1.307002e+001 -1.952301e+001 2.476773e+000 -1.187567e+000 1.855236e+000 -3.532730e+000 -4.981582e+000 3.377772e-001 -3.119273e+000 -4.597125e+000 -3.509129e+000 -2.027385e+000 -3.651165e+000 -1.066697e+000 6.840242e-001 1.375773e+000 1.574999e-001 3.371289e+000 2.282865e+000 1.336587e+000 1.546597e+000 1.008691e+000 2.889421e+000 4.140277e-001 -6.495808e-001 -2.678155e-001 -3.169459e-001 -3.376092e-001 -8.187373e-001 1.185805e+000 1.651892e+000 9.559891e-001 1.614735e+000 1.241771e+000 4.323838e-001 
7.118104e+000 1.350631e+001 -2.044463e+001 2.658643e+000 -8.757733e-001 2.470403e+000 -2.319516e+000 -5.387361e+000 1.306089e-002 -4.000135e+000 -4.503056e+000 -3.488195e+000 -1.007713e+000 -3.236662e+000 -1.623479e+000 4.026417e-001 -8.270187e-002 -4.457108e-001 3.159771e+000 3.068914e+000 2.593444e+000 1.702674e+000 6.196991e-001 2.408289e+000 -7.421074e-001 -1.316784e+000 -7.214670e-001 -6.954529e-001 -4.073449e-001 -9.332879e-001 1.462601e+000 1.062875e+000 1.068575e+000 1.966462e+000 1.304352e+000 -4.231135e-003 
7.393160e+000 1.321356e+001 -1.843425e+001 1.783161e+000 8.120828e-002 1.586748e+000 -2.232725e+000 -6.612306e+000 -3.559272e-001 -2.940220e+000 -5.298135e+000 -2.910169e+000 -1.104184e+000 -2.506427e+000 -6.344223e-001 7.035024e-001 -3.948160e-001 -2.945414e-001 2.314658e+000 3.044223e+000 3.232504e+000 1.750021e+000 6.462766e-001 1.730266e+000 -6.813410e-001 -1.153831e+000 9.260818e-002 -4.559770e-001 -1.272608e+000 -3.643330e-001 1.535560e+000 1.048115e+000 1.128559e+000 1.540249e+000 8.224267e-001 -5.552313e-001 
7.406400e+000 1.320663e+001 -1.863721e+001 2.357757e+000 -7.984491e-001 2.078319e+000 -1.763801e+000 -6.369248e+000 -9.240649e-001 -3.973148e+000 -4.748374e+000 -2.146077e+000 -9.293954e-001 -3.590020e+000 -1.006382e+000 9.383616e-001 2.989804e-001 8.055507e-001 2.433975e+000 2.456163e+000 2.672263e+000 2.026168e+000 9.496000e-001 1.783820e+000 -1.978694e-001 -1.151295e+000 -4.899701e-001 -6.654870e-001 -1.027411e+000 2.007662e-001 1.673149e+000 8.729161e-001 8.743170e-001 9.464515e-001 1.439089e+000 5.398258e-002 
6.579603e+000 1.494955e+001 -1.818492e+001 4.048744e+000 -2.430167e-001 2.620194e+000 -1.421582e+000 -6.252206e+000 -1.208097e+000 -4.119100e+000 -3.721031e+000 -1.517019e+000 -5.974805e-002 -4.175835e+000 -7.642419e-001 3.026535e-001 5.858309e-001 1.185767e+000 2.170521e+000 2.615565e+000 1.864756e+000 2.095585e+000 1.711176e-001 1.714606e+000 -4.553222e-001 -1.413746e+000 -7.229303e-001 -5.008334e-001 -6.244779e-001 6.925258e-002 9.801078e-001 -1.276935e-001 6.944191e-001 8.167475e-001 1.996596e+000 2.848802e-001 
6.722534e+000 1.324909e+001 -1.626186e+001 3.054978e+000 4.570388e-001 2.757708e+000 -1.991420e+000 -7.729811e+000 -1.390388e+000 -3.032801e+000 -3.857807e+000 -1.398404e+000 -1.844694e+000 -3.522990e+000 -1.209005e+000 2.074924e-001 6.356884e-002 1.024728e+000 2.928834e+000 1.807252e+000 1.822785e+000 1.571313e+000 6.036721e-001 1.646920e+000 -4.580223e-001 -1.672238e+000 -7.787731e-001 -8.094048e-001 -1.160316e+000 6.932637e-002 1.059988e+000 2.964102e-001 8.239844e-001 1.087035e+000 1.283410e+000 1.299200e-001 
6.195232e+000 1.516393e+001 -1.819795e+001 2.490837e+000 -2.117848e+000 1.562227e+000 -3.583976e-001 -6.433943e+000 -1.428132e+000 -4.284078e+000 -4.766097e+000 -3.330162e+000 -1.709473e+000 -1.908326e+000 -1.111232e+000 3.508184e-001 -2.400136e-001 4.384888e-001 3.100500e+000 2.568950e+000 2.267628e+000 1.493511e+000 1.194332e+000 1.657126e+000 2.294304e-001 -1.131651e+000 -8.265962e-001 1.498149e-001 -6.165829e-001 5.828208e-001 7.655679e-001 3.776162e-001 1.033949e+000 1.962435e+000 1.486991e+000 -6.491486e-001 
7.597089e+000 1.308288e+001 -1.576169e+001 8.015044e-001 -2.609015e+000 6.759148e-001 -6.968368e-001 -4.921046e+000 -7.093027e-001 -3.304190e+000 -6.013664e+000 -4.047434e+000 -2.046069e+000 -2.022101e+000 -1.667354e+000 1.233751e-002 4.015887e-001 8.051953e-001 3.771319e+000 2.612964e+000 9.305837e-001 1.100257e+000 2.053441e+000 1.739887e+000 6.535596e-001 -1.236249e+000 -8.826902e-001 3.218211e-001 -7.749878e-001 -2.544076e-001 6.917564e-001 8.828010e-001 1.466257e+000 2.153113e+000 1.428785e+000 -3.186020e-002 
6.143744e+000 1.558822e+001 -1.686115e+001 3.156661e+000 -3.362867e+000 1.907810e+000 -6.116108e-001 -4.780567e+000 1.210857e+000 -3.978593e+000 -5.081517e+000 -4.309430e+000 -1.815314e+000 -1.614799e+000 -7.608419e-001 4.215564e-001 2.350260e-001 4.932147e-001 3.287921e+000 2.743789e+000 1.328228e+000 1.470405e+000 1.577924e+000 1.272817e+000 4.716155e-001 -9.340603e-001 -4.597865e-001 -5.488806e-001 -6.269071e-001 -6.246743e-001 8.307702e-001 1.319878e+000 6.702438e-001 2.212455e+000 9.251181e-001 3.875307e-001 
