1.022877e+001 1.940782e+001 -4.089233e+000 5.690690e+000 -1.533056e+000 4.897943e+000 -3.884978e+000 1.366705e+000 1.608216e+000 -2.585411e+000 -8.985780e-001 -7.371527e-001 -6.487339e-001 -2.239304e+000 -5.431263e-002 -8.457751e-001 -8.239399e-001 2.506945e-001 4.153254e-001 -3.426640e-001 6.813606e-001 -1.910129e+000 1.171132e-001 6.164130e-001 -8.029425e-001 -7.228521e-001 -1.185826e+000 4.232007e-001 -7.172273e-001 -6.802531e-001 1.694981e-001 1.272636e-001 -1.143813e+000 -4.286298e-001 1.815953e-001 2.429543e-001 
1.193238e+001 1.733721e+001 -5.060276e+000 3.781509e+000 -1.081019e+000 4.999925e+000 -3.132968e+000 1.215035e+000 1.166931e+000 -2.341968e+000 -1.023277e-001 -9.291683e-001 -1.101001e+000 -1.297021e+000 2.039653e-001 -7.403126e-001 -2.256704e-001 1.001649e+000 5.151570e-001 -7.002409e-001 4.714537e-001 -1.434579e+000 -5.137876e-001 4.951679e-001 -3.871714e-001 -8.052188e-001 -5.237912e-001 3.241664e-002 -1.248152e+000 -8.719875e-001 -3.060990e-001 1.778869e-002 -4.533890e-001 4.947288e-003 1.719294e-001 -1.150701e-001 
1.340902e+001 1.753123e+001 -9.305022e+000 3.751864e+000 -1.499881e+000 3.643442e+000 -3.666266e+000 -6.954784e-002 1.295740e+000 -2.675386e+000 -2.504515e-001 -9.919776e-001 -1.791554e-001 -1.403354e+000 5.913097e-001 5.508753e-001 5.790229e-001 4.319962e-001 -8.406862e-001 5.863813e-001 3.798619e-001 -1.219135e+000 -1.040096e+000 -7.128934e-001 1.328968e-001 1.857547e-002 -2.848986e-001 -3.837418e-001 -9.108810e-001 -1.865904e-001 -1.675218e-001 -4.708251e-001 -8.489886e-001 -4.444927e-001 -3.054311e-001 9.197232e-002 
1.489060e+001 1.428169e+001 -9.480303e+000 1.530379e+000 -2.709736e+000 2.040849e+000 -4.701451e+000 -2.044519e+000 -2.308507e+000 -2.775929e+000 -3.346497e-001 -1.875955e+000 -1.382807e+000 -1.982019e+000 7.799196e-001 5.752268e-001 9.493486e-001 4.564449e-001 -3.810137e-001 4.969822e-001 -4.596891e-001 -1.792483e+000 -5.898186e-001 8.798406e-001 7.747809e-001 1.544503e-001 -6.919146e-001 -2.833058e-001 -3.958938e-001 -3.251590e-001 2.497684e-001 -2.195596e-001 -3.816951e-001 -2.431087e-001 -8.402582e-002 2.142835e-001 
1.410854e+001 1.636580e+001 -1.047986e+001 2.287899e+000 -3.818785e+000 3.944044e+000 -4.772275e+000 -2.561245e-001 -2.180685e+000 -1.352386e+000 -3.256004e-001 -1.558624e+000 -1.648045e+000 -2.538108e+000 1.235779e-001 1.167677e-001 1.026852e+000 -6.564181e-001 -7.467954e-001 3.046744e-001 3.097292e-001 -2.459803e+000 -1.051050e+000 5.774513e-001 8.985302e-001 -6.846659e-001 -5.487577e-001 -6.021940e-001 -6.869739e-001 -2.849077e-001 1.494429e-001 -2.861997e-002 -3.505740e-001 3.115871e-001 -5.088151e-001 -1.444882e-001 
1.359175e+001 1.251532e+001 -1.039136e+001 3.037986e+000 -1.280651e+000 4.690435e+000 -3.213049e+000 -2.880407e-001 -9.256423e-002 -1.203145e+000 1.015763e+000 -7.870861e-001 -8.504750e-001 -2.498717e+000 -4.146597e-001 7.685318e-001 8.079020e-001 -7.904058e-001 -1.466973e+000 -2.637798e-001 5.367760e-003 -1.482627e+000 -2.121765e-001 1.147980e+000 -2.641856e-001 -9.604401e-001 -5.962516e-001 -4.084483e-001 -1.516594e-001 -7.720655e-002 -2.319579e-001 -3.877178e-002 -1.894282e-001 1.874946e-001 -3.327108e-001 -9.099854e-002 
1.550820e+001 1.483730e+001 -3.091967e+000 2.510043e+000 2.533150e-001 3.612485e+000 -2.314732e+000 -5.281379e-001 7.123953e-001 -3.048556e+000 -1.449006e-001 -1.826135e-001 -5.909011e-001 -1.811809e+000 -2.645581e-002 1.029620e+000 -4.526659e-001 9.581512e-001 1.810610e-001 -1.412048e-002 -8.224876e-002 -1.454200e+000 -2.377171e-001 3.281146e-001 -5.205978e-001 -6.421359e-001 -9.850040e-003 1.113138e-001 3.162988e-001 1.210225e-001 -2.477380e-001 2.049399e-001 -1.062301e-002 -1.518828e-001 -2.704067e-001 -4.478153e-001 
1.006519e+001 1.869200e+001 -3.621660e+000 4.672538e+000 -1.802799e+000 4.532186e+000 -3.564723e+000 1.514436e+000 1.255741e+000 -3.312185e+000 -1.211890e+000 -8.613021e-001 -3.689310e-001 -1.162344e+000 6.140938e-001 -4.401509e-001 -1.066980e+000 2.068031e-001 2.117617e-001 -5.250347e-001 3.309779e-001 -2.011576e+000 -5.050748e-001 9.705829e-002 -7.205424e-001 -1.759918e-001 -6.529105e-001 3.854689e-001 -3.485992e-001 -4.502717e-001 -4.413994e-002 -1.852363e-001 -1.012955e+000 -2.731074e-001 4.873967e-002 1.846776e-002 
1.167941e+001 1.693458e+001 -6.800464e+000 3.758486e+000 -1.588827e+000 4.282093e+000 -3.433461e+000 1.504083e+000 1.033679e+000 -2.360391e+000 5.270071e-002 -1.177364e-001 -2.417785e-001 -8.626560e-001 8.417974e-001 -3.520370e-001 -4.098797e-001 2.753474e-001 1.961582e-001 -8.273347e-001 1.132583e-001 -1.743948e+000 -8.360382e-001 2.423886e-001 -1.656050e-001 -4.259680e-001 -4.173492e-001 1.015355e-001 -9.362933e-001 -5.610692e-001 -2.507110e-001 2.655961e-003 -3.827356e-001 -9.055499e-002 -1.928063e-002 -1.446581e-001 
1.267108e+001 1.489422e+001 -9.812381e+000 2.756947e+000 -1.524353e+000 3.701635e+000 -2.999122e+000 3.072078e-001 1.844611e+000 -1.373915e+000 2.400551e-001 -1.200493e+000 -7.611202e-001 -1.813507e+000 2.419137e-001 4.896987e-001 5.928335e-001 2.430497e-001 -1.062016e+000 3.544208e-001 2.439414e-001 -1.117263e+000 -9.206165e-001 -3.516830e-001 4.244529e-001 1.821676e-001 -1.843604e-001 -3.560090e-001 -9.489007e-001 -2.813662e-001 -1.271954e-001 -4.696206e-001 -5.183012e-001 -5.688718e-002 1.622081e-002 2.666470e-001 
1.436455e+001 1.409886e+001 -9.131502e+000 1.932720e+000 -2.056729e+000 3.615961e+000 -2.634079e+000 -5.513953e-002 -9.330635e-001 -2.256060e+000 -5.354687e-001 -2.767494e+000 -2.249120e+000 -2.463337e+000 6.604122e-001 8.476786e-001 1.166570e+000 3.415769e-002 -1.047242e+000 -2.414806e-001 -1.165137e+000 -2.667988e+000 -1.476137e+000 4.516781e-002 1.241651e-001 -1.742117e-001 -5.411874e-001 1.360174e-001 -1.391205e-001 -1.325772e-001 2.402047e-001 -4.464853e-001 -6.532796e-001 -2.227775e-001 -2.210631e-001 -1.507459e-001 
1.328306e+001 1.475590e+001 -1.144208e+001 2.479301e+000 -2.580590e+000 5.275933e+000 -3.322300e+000 9.244447e-001 -1.147633e+000 -8.355013e-001 3.291229e-002 -1.624483e+000 -1.524196e+000 -2.088202e+000 5.940155e-001 4.986576e-001 1.560603e+000 -6.226332e-001 -1.186215e+000 -4.582504e-001 -5.257761e-001 -2.763216e+000 -1.095544e+000 5.688310e-001 5.126183e-001 -9.854452e-001 -7.889121e-001 -4.176929e-001 -1.996997e-001 -9.412121e-002 -1.777246e-001 -3.079632e-001 -4.798560e-001 5.913344e-001 1.094144e-001 5.014927e-001 
