-2.195351e+001 1.935303e+001 -3.814996e-001 6.788993e-001 2.811604e+000 -2.150992e+000 -5.223727e+000 -4.982978e+000 1.221795e-001 -2.220595e+000 -1.667877e+000 -2.944985e+000 9.744135e-001 -1.511775e+000 -2.088032e+000 2.779600e+000 4.460902e-001 -1.244487e+000 -6.367788e-001 -5.394263e-001 -2.245183e+000 -2.200819e+000 -1.251040e+000 -1.577480e+000 -3.113330e-001 -3.222821e-001 5.540102e-001 6.867487e-001 1.474826e-001 5.526161e-001 5.741925e-001 -1.682165e-002 -3.841617e-001 7.789375e-001 4.823393e-001 3.659779e-001 
-2.077194e+001 1.784983e+001 4.741946e-001 -2.429378e-001 1.411080e+000 -1.508012e+000 -6.234999e+000 -4.639409e+000 -1.416981e+000 -1.310305e+000 -3.704431e-001 -6.207255e-001 2.326716e+000 -4.208382e-001 -1.627765e+000 1.062610e+000 4.303398e-001 -6.193303e-001 -2.572862e-002 -5.368709e-001 -2.076257e+000 -2.427214e+000 -1.769737e+000 -1.112044e+000 1.185386e-001 -4.086499e-001 -7.545766e-001 1.961323e-001 -1.756197e-001 3.864635e-001 9.885380e-001 6.529362e-001 4.348033e-002 5.675424e-001 4.684174e-001 2.434243e-001 
-1.785913e+001 1.392618e+001 5.236093e-001 -6.960131e-001 6.450844e-002 -9.175783e-001 -7.025059e+000 -3.335575e+000 -1.702619e+000 -2.078449e-001 -9.166021e-001 -7.478263e-002 2.705536e+000 7.896415e-001 -6.958358e-001 4.872354e-001 8.739911e-001 -6.650666e-001 4.550387e-001 -1.047565e+000 -1.731919e+000 -2.074348e+000 -1.520110e+000 -1.214823e+000 -4.749752e-001 -5.136998e-001 -6.850624e-001 8.913322e-002 -2.674194e-002 4.001856e-001 5.827320e-001 6.742886e-001 -3.250603e-001 7.707383e-001 1.020474e+000 3.635085e-001 
-7.725460e+000 8.547988e+000 -2.731641e+000 1.149277e+000 -1.411624e+000 2.742938e+000 -8.102396e+000 -2.828823e+000 -1.908886e+000 -5.495147e-001 -2.035609e+000 -2.480089e+000 -1.587380e+000 4.487180e-001 -4.260431e-001 1.152392e+000 5.146652e-001 -4.336779e-001 3.931189e-002 -2.346013e+000 -1.707928e+000 -1.928690e+000 -7.913607e-001 -6.065235e-001 3.970456e-001 -1.090400e+000 5.096535e-001 -4.484708e-001 2.945042e-001 -4.965972e-004 5.209661e-001 5.545655e-001 -8.405688e-001 -2.877031e-002 5.422291e-001 -1.406691e-001 
-9.079036e+000 9.948893e+000 1.047564e+000 4.828078e+000 -2.682227e+000 1.924438e+000 -7.548152e+000 -2.782631e+000 -1.516835e+000 -3.012578e+000 -2.345328e+000 -1.727329e+000 -1.597614e-001 1.256608e+000 -1.193174e+000 5.207786e-001 5.021203e-001 -9.499512e-001 -3.391126e-001 -1.733191e+000 -2.520198e-001 -9.371356e-001 -6.119779e-001 -5.480453e-001 1.263882e-001 -1.148066e+000 5.339248e-002 -5.624118e-001 8.438632e-001 6.999455e-001 4.323101e-001 7.260210e-001 -9.005559e-001 3.782525e-001 2.594434e-001 -4.712279e-001 
-1.237013e+001 1.592575e+001 4.087598e-002 3.338090e+000 8.971956e-001 -1.351390e+000 -8.381305e+000 -3.230334e+000 1.183922e+000 -1.604329e+000 -3.249927e+000 -1.424666e+000 1.507013e+000 -2.148867e+000 -2.477016e+000 2.528980e-001 -1.082480e+000 -2.763580e+000 2.462719e-001 -1.484904e+000 -2.367224e+000 1.708266e-001 -3.478383e-001 -1.607381e+000 -1.002603e+000 -7.713798e-001 4.433669e-002 -7.091391e-001 -1.923423e-001 6.434417e-001 1.159824e+000 5.654658e-001 -6.090449e-001 3.402933e-001 3.845072e-001 5.589798e-001 
-1.143470e+001 1.651568e+001 -1.148222e+000 4.000564e+000 3.436909e+000 -3.806009e+000 -8.217579e+000 -2.729293e+000 1.962642e+000 -6.932017e-001 -4.532039e+000 -1.941499e+000 3.556387e+000 -3.027978e+000 -3.249236e+000 -4.851659e-002 -3.504510e+000 -2.604292e+000 3.652646e-001 -1.252221e+000 -2.296647e+000 1.348244e+000 6.656573e-002 -2.086474e+000 -5.243369e-001 -1.157881e+000 -6.333987e-001 -5.784532e-001 -1.414204e+000 7.017814e-001 1.542020e+000 4.332146e-001 -2.009486e-001 5.341361e-001 5.498631e-001 1.589623e-001 
-1.301841e+001 2.006407e+001 -7.927905e-001 3.592478e+000 2.565338e+000 -2.218812e+000 -9.759021e+000 -4.487868e+000 4.050464e+000 -2.177657e+000 -4.527077e+000 -3.061127e+000 4.171403e+000 -2.432443e+000 -2.410915e+000 3.203190e-001 -3.934759e+000 -3.093644e+000 -9.005664e-001 2.641292e-002 -3.082433e+000 1.501628e+000 4.007516e-002 -2.638602e+000 -1.650230e-002 -2.096205e+000 -5.832183e-001 -4.670427e-001 -1.042477e+000 1.222481e+000 1.594956e+000 3.595017e-001 -2.870106e-001 8.197187e-001 -4.407978e-001 -3.864184e-001 
-7.864443e+000 1.814643e+001 -1.891035e-001 4.402960e+000 2.454745e+000 -2.790529e+000 -8.901799e+000 -3.738899e+000 1.810671e+000 -1.366827e+000 -3.482609e+000 -1.598658e+000 3.029368e+000 -1.814478e+000 -2.027803e+000 -6.855040e-001 -2.953521e+000 -2.065890e+000 -6.652694e-001 -9.230086e-001 -2.201950e+000 4.984164e-001 -3.693229e-001 -1.734105e+000 -1.404424e-001 -1.998109e+000 -5.923447e-001 -2.895274e-001 -4.225129e-001 1.279002e+000 1.193166e+000 2.891754e-001 -2.755783e-001 8.112683e-001 2.808395e-001 -5.132858e-001 
-8.697711e+000 2.003101e+001 -2.860103e+000 5.713657e+000 2.013073e+000 -2.234663e+000 -8.682593e+000 -5.260420e+000 2.583160e+000 -3.267764e+000 -1.864288e+000 -1.821771e+000 2.087898e+000 -2.138449e+000 -1.553706e+000 -1.489031e+000 -3.255309e+000 -8.148174e-001 -1.606980e+000 -4.833125e-001 -2.039053e+000 1.444832e-001 -8.174910e-001 -1.769190e+000 2.584394e-001 -2.008409e+000 -2.336584e-001 -8.527324e-001 -5.266112e-002 1.160578e+000 1.084798e+000 5.971535e-001 -1.097695e+000 8.441905e-001 2.087950e-001 -3.711431e-001 
-7.596532e+000 1.940853e+001 -1.399869e+000 6.088633e+000 1.485148e+000 -1.315869e+000 -9.801133e+000 -3.710275e+000 2.049203e+000 -3.634897e+000 -1.694403e+000 -1.183962e+000 2.300287e+000 -1.948766e+000 -8.529560e-001 -3.300777e+000 -2.630868e+000 2.914070e-001 -1.972811e+000 -7.307300e-002 -1.297784e+000 -8.796068e-001 -1.015340e+000 -9.756749e-001 -1.480189e-001 -1.637604e+000 -9.207727e-002 -5.958978e-001 2.672198e-001 7.874948e-001 8.031632e-001 4.899289e-001 -6.902814e-001 9.220912e-001 4.169459e-001 -7.042239e-001 
-6.627047e+000 1.864752e+001 -6.063257e-001 5.875353e+000 1.039472e+000 -1.613471e+000 -1.029222e+001 -2.995401e+000 2.256078e+000 -3.520438e+000 -1.733797e+000 -1.007794e+000 1.589825e+000 -1.585212e+000 -2.003835e-001 -4.016160e+000 -3.249867e+000 9.574548e-001 -1.882533e+000 -2.577433e-001 -1.269933e+000 -8.087435e-001 -1.212481e+000 -7.613664e-001 1.054265e-001 -1.914295e+000 -5.143379e-001 2.165616e-001 2.320480e-001 1.724386e-001 7.823943e-001 5.760652e-001 -6.006633e-001 1.152647e+000 7.133188e-001 -1.113067e+000 
-4.548058e+000 1.806445e+001 -1.217299e+000 5.663070e+000 4.197960e-001 -2.555278e+000 -8.417460e+000 -3.178105e+000 1.040182e+000 -1.746799e+000 -2.755500e+000 -1.431913e+000 7.067102e-001 -1.614205e+000 -5.633248e-001 -3.472934e+000 -1.927335e+000 -8.443971e-001 -1.587357e+000 -1.131776e+000 -1.443563e+000 -1.644767e-001 -1.804630e+000 -9.947788e-001 -7.229218e-001 -1.150107e+000 -3.214675e-001 3.882928e-001 -7.383336e-002 -6.251200e-001 9.748895e-001 4.910224e-001 -2.904152e-001 7.742818e-001 8.317406e-001 -1.149252e+000 
-3.585002e+000 1.831084e+001 -1.025588e+000 6.487556e+000 -8.845511e-001 -1.888246e+000 -9.113014e+000 -3.882156e+000 8.893959e-001 -2.043478e+000 -2.923903e+000 -2.212403e+000 2.201956e+000 -2.686110e+000 -1.123879e+000 -4.165693e-001 -1.007296e+000 -2.599623e+000 -1.773728e+000 1.235741e-002 -2.479063e+000 -3.378157e-001 -1.531424e+000 -1.704751e+000 -7.081280e-001 -1.143416e+000 2.621033e-001 -4.467350e-002 -8.475073e-001 4.734123e-001 1.491725e+000 7.728218e-003 -3.376376e-001 9.700710e-001 7.697332e-001 -9.090296e-001 
-2.220548e+000 1.737400e+001 -2.656238e-001 5.919249e+000 -4.840648e-001 -1.312052e+000 -8.191905e+000 -3.594207e+000 -2.175088e-001 -1.337463e+000 -2.929620e+000 -1.373580e+000 4.031532e+000 -2.838266e+000 -1.523452e+000 4.881988e-001 -1.968177e-001 -2.393696e+000 -1.408177e+000 1.001790e+000 -3.099867e+000 -5.764504e-001 -1.214544e-001 -1.853511e+000 -7.668784e-001 -5.483698e-001 2.182255e-001 -4.182301e-001 -2.269946e-001 1.398674e+000 1.256549e+000 -6.050843e-003 3.107110e-001 6.773543e-001 6.192304e-001 -5.376826e-001 
2.122972e+000 1.413780e+001 4.540894e-001 3.560835e+000 6.595817e-001 -3.042072e+000 -6.817427e+000 -3.643530e+000 -1.032171e+000 -1.613876e+000 -3.208702e+000 -1.128444e+000 2.281806e+000 -1.853014e+000 -1.662186e+000 -8.104186e-003 -7.310397e-001 -2.384601e+000 -1.550014e+000 1.419904e-001 -2.544029e+000 -1.137319e+000 -5.471791e-001 -1.906599e+000 -7.296576e-001 -8.942097e-001 -1.440655e-001 -2.893638e-001 -6.036603e-001 1.047355e+000 1.552438e+000 1.322220e-001 -4.297732e-001 7.410542e-001 5.448044e-001 -4.081935e-001 
6.572547e+000 1.038932e+001 1.702439e+000 9.413291e-001 -5.321905e-001 -2.585326e+000 -3.162775e+000 -1.773393e+000 -1.871289e-001 -1.114068e+000 -1.455012e+000 -9.316346e-002 1.002679e+000 3.565682e-002 -3.959637e-001 3.527468e-001 -8.764041e-002 -4.095127e-001 -1.784420e-001 -4.645195e-001 -6.464639e-001 -4.183869e-001 -1.794037e-001 -4.870812e-001 -4.704072e-001 -2.631326e-001 1.362286e-001 2.464696e-001 -2.944119e-002 4.711718e-001 6.805613e-001 5.795331e-002 -1.002105e-002 4.406568e-001 1.802386e-001 -4.865447e-001 
-2.427905e+001 1.849393e+001 4.194388e-001 1.238813e+000 3.710148e+000 -1.430997e+000 -4.830553e+000 -5.186629e+000 3.263139e-001 -2.922950e+000 -1.807092e+000 -3.056877e+000 1.884504e+000 -9.936970e-001 -2.364566e+000 8.327701e-001 -8.782206e-001 -5.459415e-001 -1.173180e+000 -8.544393e-001 -2.237922e+000 -2.154089e+000 -1.712680e+000 -1.700517e+000 4.723300e-001 -9.601860e-001 2.949289e-001 5.580479e-001 2.736717e-001 5.349179e-001 3.496286e-001 3.050521e-001 -5.907467e-001 7.908343e-001 2.704729e-001 4.175222e-003 
-2.078993e+001 1.706771e+001 1.216670e+000 9.470296e-002 2.002444e+000 -2.087224e+000 -6.672123e+000 -3.972869e+000 -6.581604e-001 -2.134428e+000 -2.079388e+000 -1.315445e+000 1.382943e+000 -1.360334e+000 -1.914378e+000 8.805358e-001 -8.894252e-002 -1.588213e+000 -4.694943e-001 -7.674718e-001 -1.918921e+000 -2.766032e+000 -9.902564e-001 -9.291576e-001 -8.883618e-001 -6.271019e-001 -1.164429e-001 6.132716e-001 -1.163105e-002 5.620861e-001 7.426185e-001 3.885218e-001 -1.813770e-001 1.022054e+000 4.870462e-001 -2.680852e-001 
-1.433540e+001 1.410896e+001 -5.395973e-002 8.120876e-002 9.866815e-001 9.502286e-001 -6.799102e+000 -2.882664e+000 -1.990200e+000 -1.009413e+000 -1.731587e+000 -2.207005e+000 2.866994e-001 6.069400e-001 -1.016665e+000 -7.788890e-001 -1.146255e+000 -1.903881e+000 -1.128657e+000 -1.752764e+000 -1.717432e+000 -1.648439e+000 -6.540452e-001 -1.208929e+000 -4.598362e-001 -1.147173e+000 -7.004869e-001 -6.226699e-001 2.698820e-001 1.108316e+000 1.039477e+000 1.200601e+000 -5.065094e-001 -2.461232e-001 2.746104e-001 1.912666e-001 
-6.135308e+000 1.010813e+001 -3.564097e-001 3.323163e+000 -1.779411e+000 3.027310e+000 -7.798777e+000 -2.521236e+000 -1.308985e+000 -7.551393e-001 -1.753038e+000 -2.196355e+000 -1.428796e+000 1.676344e-001 -1.067699e+000 -2.830072e-001 -8.784469e-001 -1.559140e+000 -5.305919e-001 -2.659807e+000 -1.602928e+000 -1.524693e+000 -8.081038e-001 -1.621680e-001 5.251896e-001 -1.164389e+000 -1.079695e-001 -1.137467e+000 -1.527926e-002 -1.045808e-001 5.753424e-001 9.256082e-001 -1.269114e-001 3.961197e-001 9.007063e-001 1.045293e-001 
-9.219172e+000 1.239000e+001 1.725005e+000 5.051933e+000 -7.793698e-001 2.838326e+000 -6.978634e+000 -2.277293e+000 -3.152249e-001 -2.497844e+000 -2.646309e+000 -2.058903e+000 2.058252e-001 -4.329631e-001 -2.738755e+000 -1.423613e+000 -9.838714e-001 -2.734234e+000 -1.155870e+000 -1.208291e+000 -6.474312e-001 -9.340668e-001 -7.219247e-001 -3.798324e-001 -6.909693e-001 -9.136863e-001 5.244117e-002 -9.824098e-001 -5.158316e-002 4.835145e-001 5.989509e-001 5.563641e-001 -1.196040e+000 1.728114e-001 3.534631e-001 -6.287905e-001 
-1.062415e+001 1.632449e+001 6.237537e-001 3.914541e+000 2.378550e+000 -2.696469e+000 -7.820283e+000 -2.648196e+000 8.082227e-001 -1.887938e+000 -3.938210e+000 -2.504663e+000 1.510157e+000 -2.956377e+000 -2.887367e+000 -5.198273e-002 -2.666154e+000 -2.744336e+000 -5.305925e-001 -1.639598e+000 -2.276423e+000 8.024900e-002 -8.662440e-001 -2.142416e+000 -9.217304e-001 -7.521963e-001 2.591159e-001 -5.008698e-001 -7.719503e-001 1.068523e-001 8.579841e-001 4.747819e-001 -4.816536e-001 2.121669e-001 5.243174e-002 -2.133413e-001 
-1.035965e+001 1.887395e+001 -9.667873e-001 3.360133e+000 3.156311e+000 -3.076985e+000 -9.426854e+000 -3.905775e+000 1.674322e+000 -1.094962e+000 -4.928069e+000 -2.806511e+000 3.830878e+000 -3.456874e+000 -2.534581e+000 1.030398e+000 -3.289793e+000 -2.895438e+000 -4.600668e-001 -1.778007e+000 -3.082076e+000 1.389970e+000 -2.066566e-001 -2.879314e+000 -3.400350e-001 -1.481186e+000 -4.456877e-001 -3.123049e-001 -1.078901e+000 9.190311e-001 1.455888e+000 2.437844e-001 -3.048181e-001 5.105727e-001 2.360397e-002 -3.120742e-002 
-7.444262e+000 1.700439e+001 9.627625e-002 4.088218e+000 3.821253e+000 -2.733011e+000 -8.998378e+000 -4.301283e+000 1.367100e+000 -1.061907e+000 -4.025184e+000 -1.802358e+000 2.639656e+000 -1.086601e+000 -2.360042e+000 -1.079619e+000 -2.868434e+000 -2.786689e+000 -7.186491e-001 -5.087117e-001 -1.803573e+000 6.781873e-002 -3.181994e-001 -1.489520e+000 -7.939308e-001 -1.613445e+000 -2.475000e-001 -3.042222e-001 -8.663676e-001 1.128141e+000 1.404273e+000 4.997087e-002 -1.527249e-001 7.604100e-001 -1.233069e-002 -6.522839e-001 
-8.047265e+000 1.769170e+001 -4.630389e-001 5.678768e+000 3.598768e+000 -1.665727e+000 -9.549495e+000 -5.023343e+000 9.386486e-001 -1.978381e+000 -2.699980e+000 -7.683755e-001 3.002398e+000 -1.974762e+000 -2.551087e+000 -2.063255e+000 -3.596887e+000 -2.103628e+000 -6.194625e-001 -5.111779e-002 -1.833914e+000 3.720307e-001 -1.037968e+000 -2.464594e+000 -2.543509e-001 -1.904899e+000 -1.966604e-001 1.073856e-001 -5.166346e-001 8.428849e-001 8.677485e-001 9.341905e-002 -4.105587e-001 9.850737e-001 2.423323e-001 -3.353837e-001 
-7.167746e+000 1.848495e+001 -1.074080e+000 6.222869e+000 2.489920e+000 -1.549270e+000 -8.919053e+000 -4.607497e+000 1.498325e+000 -3.037923e+000 -2.886356e+000 -7.453786e-001 2.380938e+000 -1.561950e+000 -1.906521e+000 -3.009622e+000 -3.197600e+000 -9.765881e-001 -9.495461e-001 -5.265200e-001 -1.713818e+000 -1.073590e-001 -9.085309e-001 -1.701156e+000 -5.280198e-002 -1.962651e+000 -5.340367e-001 -2.143845e-001 -7.736138e-002 9.359087e-001 9.216637e-001 3.748351e-001 -7.532846e-001 7.912695e-001 2.942031e-001 -6.792359e-001 
-5.772009e+000 1.751028e+001 6.005928e-001 4.594898e+000 2.070393e+000 -2.087393e+000 -9.422370e+000 -2.975421e+000 1.506333e+000 -3.505480e+000 -2.512608e+000 -3.966247e-001 1.124327e+000 -1.243942e+000 -1.365782e+000 -3.284865e+000 -2.348336e+000 4.188231e-002 -2.229778e+000 -8.745344e-001 -1.002290e+000 -8.225643e-001 -8.522617e-001 -1.159928e+000 -4.642200e-001 -1.641801e+000 -4.472134e-001 -3.301862e-001 4.687550e-002 7.781111e-001 7.599842e-001 5.096134e-001 -6.348830e-001 8.076649e-001 5.342150e-001 -8.747027e-001 
-6.623549e+000 1.879445e+001 -1.803656e+000 5.867641e+000 2.097115e-001 -1.449726e+000 -1.039614e+001 -3.152843e+000 1.516191e+000 -3.614261e+000 -1.425621e+000 -1.823434e+000 1.455355e+000 -1.435015e+000 7.064392e-001 -3.335565e+000 -2.177798e+000 2.189448e-001 -2.084335e+000 -6.162676e-001 -1.423047e+000 -7.348811e-002 -1.432714e+000 -3.785150e-001 -4.761503e-001 -1.542631e+000 -1.092338e+000 1.433544e-001 7.169479e-001 1.110464e-001 1.641395e+000 4.172820e-001 -3.350034e-001 5.103737e-001 8.810645e-001 -1.276481e+000 
-4.117639e+000 1.728428e+001 -1.584745e+000 5.437812e+000 3.904801e-001 -2.539258e+000 -8.432831e+000 -4.201986e+000 3.640572e-001 -2.008583e+000 -2.682568e+000 -1.230711e+000 1.110043e+000 -1.493016e+000 -5.841225e-001 -2.349761e+000 -1.730419e+000 -1.074128e+000 -1.632751e+000 -1.141065e+000 -1.798660e+000 -4.825077e-001 -1.517674e+000 -1.105139e+000 -6.041431e-001 -1.554355e+000 -4.720728e-001 2.299098e-001 -8.176194e-002 1.846879e-001 1.422611e+000 3.643089e-001 -7.660035e-001 8.464301e-001 9.453196e-001 -9.332969e-001 
-3.607852e+000 1.852795e+001 -1.501889e+000 6.842955e+000 -1.806648e-001 -1.387448e+000 -8.923362e+000 -4.363255e+000 4.797220e-001 -1.831370e+000 -2.121016e+000 -1.576841e+000 3.263135e+000 -2.791170e+000 -1.074886e+000 -6.106608e-001 -7.410615e-001 -2.294280e+000 -1.693781e+000 6.185959e-001 -2.492424e+000 -4.340797e-001 -1.608382e+000 -1.967891e+000 -4.315327e-001 -1.010592e+000 3.768927e-001 -1.329792e-001 -4.561238e-001 8.338353e-001 1.452176e+000 -1.217650e-001 -8.647583e-002 1.084017e+000 7.814321e-001 -8.120864e-001 
-8.871993e-001 1.604169e+001 4.617581e-001 5.344131e+000 3.411947e-001 -2.892729e+000 -8.162567e+000 -3.787164e+000 -7.243372e-001 -1.519401e+000 -3.510355e+000 -1.134669e+000 3.341949e+000 -2.326539e+000 -1.563102e+000 1.949216e-001 -7.912947e-001 -3.115738e+000 -1.740527e+000 9.949740e-001 -2.428232e+000 -8.637895e-001 -1.053005e+000 -2.500171e+000 -6.976744e-001 -7.147217e-001 1.437429e-001 -1.844359e-001 -4.649435e-001 1.105525e+000 1.198549e+000 -1.480773e-001 2.074992e-001 1.117641e+000 2.153449e-001 -5.741799e-001 
