2.059113e+001 2.129121e+001 -8.171767e+000 -2.207162e+000 -1.000786e+000 -6.833245e-001 -1.603756e+000 1.028832e+000 -1.685018e+000 -3.352885e+000 -2.246120e-001 7.930384e-001 1.018681e+000 -3.219278e+000 -2.380589e+000 5.339211e-001 -1.729151e+000 -2.126055e+000 -1.964053e-001 2.066370e+000 1.318327e+000 -5.544506e-001 -5.427350e-001 -1.141211e+000 -4.154003e-001 -5.099538e-001 -1.795104e+000 -1.426687e+000 -9.091010e-002 -6.227631e-001 -2.416287e-001 3.797490e-001 -3.589230e-001 4.909240e-001 -9.723886e-002 2.717098e-001 
1.829252e+001 2.238842e+001 -9.090138e+000 -1.692801e+000 -1.272385e+000 -8.245537e-002 -2.000311e+000 1.435564e+000 -1.772973e+000 -3.235759e+000 3.183828e-003 3.879457e-001 1.291957e+000 -3.386184e+000 -2.763347e+000 3.409281e-001 -1.854547e+000 -1.822082e+000 -3.730821e-001 1.945127e+000 1.713826e+000 -5.209348e-001 8.943196e-003 -1.449930e+000 -9.287741e-001 -7.130968e-001 -1.676876e+000 -6.078431e-001 -8.128778e-001 -1.147445e+000 3.417927e-001 3.796877e-001 -7.364063e-002 1.012637e+000 -3.118271e-001 -4.896592e-002 
1.445017e+001 2.343134e+001 -9.918197e+000 -1.785498e+000 -2.972604e+000 6.086197e-001 -2.039186e+000 1.024293e+000 -1.341428e+000 -4.148840e+000 3.785505e-001 3.428578e-001 2.357999e+000 -3.770140e+000 -3.044223e+000 3.608849e-001 -1.637308e+000 -9.848824e-001 -1.526362e+000 1.318913e+000 2.138961e+000 -4.113950e-001 -3.715940e-001 -1.338162e+000 -1.063851e+000 -8.280805e-001 -1.061921e+000 -7.825628e-001 -9.729634e-001 -8.467123e-001 4.677141e-001 3.742972e-001 -4.033148e-001 5.933972e-001 -2.413317e-002 -1.971311e-001 
1.338183e+001 2.122626e+001 -7.617696e+000 -4.408027e+000 -1.266032e+000 2.066482e-001 -1.620424e+000 3.141667e-001 -1.323418e+000 -3.479913e+000 -1.439342e+000 6.168579e-001 1.356619e+000 -3.366699e+000 -3.098267e+000 3.544666e-001 -9.563060e-001 -1.689885e+000 -4.866553e-001 2.005246e+000 2.082841e+000 -1.560284e-001 -3.529529e-002 -1.307251e+000 -1.436758e+000 -8.812503e-001 -1.227939e+000 -8.193428e-001 -1.380776e+000 -1.084436e+000 -1.118281e-001 3.076454e-001 5.311668e-001 4.762989e-001 -2.221640e-002 -5.961419e-004 
8.876309e+000 2.275565e+001 -8.366193e+000 -3.804676e+000 -3.242860e+000 2.255701e+000 -2.656713e+000 1.814405e+000 -1.866619e+000 -1.535373e+000 -1.200089e+000 1.542173e-002 1.198843e+000 -2.707437e+000 -2.243868e+000 -7.730737e-001 -1.433117e+000 -2.024390e+000 -4.212079e-001 7.470675e-001 2.153430e+000 -7.269306e-001 -1.806250e-001 -1.778727e+000 -9.681819e-001 -7.041738e-001 -1.504891e+000 -1.642378e-001 -1.178898e+000 -1.189144e+000 7.473940e-002 6.125331e-001 4.996164e-001 1.053770e+000 -1.117750e-001 -4.016024e-001 
7.854172e+000 2.349289e+001 -6.370594e+000 -2.902002e+000 -2.772014e+000 1.638795e+000 -1.726168e+000 8.805677e-001 -1.873673e+000 -2.144644e+000 -7.708062e-001 2.564094e-001 6.097416e-001 -2.726192e+000 -8.417842e-001 -5.067446e-001 -1.704860e+000 -1.179210e+000 6.651578e-001 1.696310e-001 1.036642e+000 4.808392e-001 -2.253743e-001 -9.832298e-001 -1.363497e+000 -1.466078e+000 -1.232937e+000 -8.265774e-001 -6.551318e-001 -1.225681e-001 -3.854776e-001 5.389937e-001 5.441249e-001 4.100706e-001 -6.269553e-001 -2.954013e-001 
8.975633e+000 2.221807e+001 -5.715112e+000 -4.312492e+000 -2.242323e+000 1.716772e+000 -2.615707e+000 2.019909e-001 -1.791584e+000 -2.618037e+000 -1.439725e+000 -1.475442e+000 -6.368751e-001 -2.891357e+000 -6.074638e-001 -7.698231e-002 -1.531701e+000 -1.126326e+000 1.124389e-001 3.143286e-001 4.663766e-001 7.729395e-002 -1.136924e-001 -1.120825e+000 -1.490196e+000 -1.692335e+000 -1.275089e+000 6.159421e-002 -3.964616e-001 -3.137278e-001 -2.410539e-001 2.325054e-001 6.066168e-001 9.863408e-002 -3.114733e-001 -1.820752e-001 
1.110261e+001 2.255455e+001 -4.834027e+000 -3.574629e+000 -2.487617e+000 1.707588e+000 -3.687598e+000 -2.846381e-001 -1.541865e+000 -1.681017e+000 -1.559409e+000 -1.407645e+000 -1.137346e+000 -4.182599e+000 1.126497e-001 5.997598e-001 -1.456055e+000 -5.994516e-001 -5.688598e-001 -2.636527e-001 1.993690e-001 -1.166281e-002 1.510773e-001 -1.456625e+000 -1.566073e+000 -1.961500e+000 -1.353394e+000 7.876676e-002 -4.532973e-001 1.598513e-001 4.190943e-001 2.546747e-001 3.377928e-002 1.122942e-001 -5.135095e-002 3.033096e-001 
1.404209e+001 2.136725e+001 -3.789486e+000 -2.483635e+000 -7.353918e-001 1.011607e+000 -3.690501e+000 -2.049464e+000 -1.102602e+000 -1.790685e+000 -9.929189e-001 -1.025441e+000 -2.571571e+000 -4.732541e+000 4.011163e-001 2.281636e+000 -2.059694e+000 -6.030062e-001 1.062194e-001 -1.048059e+000 -6.282293e-001 -1.314606e+000 -1.516833e-001 -1.083299e+000 -1.577265e+000 -1.708670e+000 -1.219333e+000 2.759726e-001 6.632796e-002 2.504595e-001 3.629520e-001 4.567726e-002 -1.984959e-001 1.472183e-001 -1.925609e-001 8.674792e-001 
1.488794e+001 2.158416e+001 -4.203605e+000 -1.191414e+000 -1.218152e+000 5.422593e-001 -4.410496e+000 -3.166745e+000 -9.266467e-001 -1.936396e+000 -1.050861e+000 -1.546609e+000 -3.139052e+000 -4.329627e+000 9.170605e-002 1.924737e+000 -2.742167e+000 -6.498030e-001 1.050964e+000 -1.221349e+000 -1.321100e+000 -2.970209e+000 -1.096390e+000 -6.787045e-001 -9.512124e-001 -5.384600e-001 -1.348625e+000 -3.181778e-001 -8.873353e-001 -4.299911e-001 1.416550e+000 7.459073e-001 3.218978e-001 1.783602e-001 -1.329669e+000 1.379339e-001 
1.684371e+001 2.031325e+001 -4.320435e+000 5.471920e-002 -2.647901e+000 1.993955e+000 -4.195355e+000 -4.708597e+000 -3.214660e-001 -2.231290e+000 -1.553893e+000 -1.477875e+000 -2.076335e+000 -3.739750e+000 2.162751e-001 2.062592e+000 -4.175756e+000 -1.215206e+000 1.904992e+000 -9.548786e-001 -1.227325e+000 -2.517830e+000 -1.358144e+000 -1.329305e+000 -2.185296e-001 -2.512747e-001 -2.066043e+000 -6.624649e-002 -1.013991e+000 -2.663804e-001 1.336946e+000 4.475885e-001 6.116658e-001 -2.564204e-001 -6.658578e-001 3.008973e-001 
1.692219e+001 2.055004e+001 -4.566288e+000 2.316662e+000 -3.922214e+000 2.789161e+000 -4.699386e+000 -4.823439e+000 4.112498e-001 -2.093572e+000 -1.151086e+000 -1.492443e+000 -1.854992e+000 -2.902083e+000 5.052616e-001 9.502181e-001 -3.842149e+000 -4.649360e-001 1.588912e+000 -9.382464e-001 -1.112558e+000 -1.934888e+000 -1.226567e+000 -1.414061e+000 -4.822611e-001 -8.582177e-001 -9.960548e-001 7.133805e-002 -1.028419e+000 2.550493e-001 8.914691e-001 4.209653e-001 2.318181e-001 8.983634e-002 -2.550895e-001 3.070415e-001 
1.609308e+001 2.142253e+001 -5.686128e+000 4.384284e+000 -5.747946e+000 3.519687e+000 -5.767155e+000 -4.201969e+000 7.571210e-002 -1.791375e+000 -1.857800e+000 -1.982893e+000 -1.201544e+000 -3.029423e+000 7.335639e-001 -4.593375e-001 -3.609038e+000 -3.329414e-003 2.093648e+000 -1.518015e+000 -1.126513e+000 -2.063306e+000 -1.133128e+000 -1.254283e+000 -2.781828e-001 -1.673298e+000 -9.329905e-001 6.866995e-001 -1.385529e+000 2.810220e-001 5.577156e-001 1.100835e+000 -2.515580e-001 -1.812443e-001 1.097106e-001 3.060259e-001 
1.847603e+001 1.743969e+001 -2.217515e+000 2.844128e+000 -3.178238e+000 1.473606e+000 -5.084492e+000 -5.446638e+000 7.789246e-001 -1.495977e+000 -2.068445e+000 -1.347943e+000 -1.543540e+000 -2.845140e+000 4.867619e-001 -4.920186e-002 -3.380133e+000 3.004312e-001 1.470964e+000 -1.142923e+000 -2.027397e+000 -1.566303e+000 -1.145888e+000 -1.008333e+000 -5.403949e-001 -1.669728e+000 -4.106082e-001 9.974926e-002 -1.166229e+000 1.125931e-001 5.542936e-001 7.918487e-001 4.491872e-001 -4.207355e-001 -8.241692e-002 4.932563e-001 
1.730187e+001 1.873339e+001 -3.459898e+000 4.018344e+000 -4.947907e+000 2.564687e+000 -5.380651e+000 -4.980576e+000 1.731945e+000 -2.100153e+000 -1.923569e+000 -1.404906e+000 -1.282524e+000 -2.497821e+000 3.108518e-001 4.270490e-001 -3.549929e+000 -2.371904e-001 1.820288e+000 -1.617616e+000 -1.412707e+000 -6.792705e-001 -1.949823e+000 -1.358021e+000 -4.216792e-001 -1.176739e+000 -2.747474e-001 -1.976818e-001 -4.839365e-001 8.676669e-003 3.172006e-001 1.037713e+000 3.278723e-001 8.508995e-002 -1.469507e-001 5.732022e-001 
1.787499e+001 1.852978e+001 -3.839982e+000 3.647363e+000 -5.103654e+000 2.453321e+000 -5.071447e+000 -5.111947e+000 1.275928e+000 -2.451888e+000 -2.456196e+000 -1.599088e+000 -1.049671e+000 -2.175588e+000 -2.609883e-001 2.057752e-001 -3.263271e+000 -1.214335e+000 1.562417e+000 -1.700476e+000 -1.456913e+000 -4.385841e-001 -2.258438e+000 -1.412719e+000 -1.039367e+000 -7.977810e-001 6.226301e-002 -6.735661e-001 -6.107175e-001 -4.536000e-001 1.200731e-001 1.145568e+000 7.975459e-001 1.117401e-001 -4.784340e-001 4.017888e-001 
1.761291e+001 1.817741e+001 -3.460006e+000 4.052084e+000 -4.797378e+000 2.447402e+000 -5.855894e+000 -4.899598e+000 9.248354e-001 -1.898103e+000 -1.729805e+000 -9.579732e-001 -1.497624e+000 -2.422618e+000 1.714719e-001 -2.107813e-001 -2.609352e+000 -1.048051e+000 1.531882e+000 -2.080550e+000 -1.529742e+000 -6.011694e-001 -2.018423e+000 -6.153240e-001 -1.447085e+000 -8.002569e-001 -3.471950e-001 -7.030007e-001 -1.637677e-001 1.306329e-001 1.801545e-001 3.320058e-001 7.127586e-001 1.578435e-001 2.512069e-001 6.622180e-001 
2.377924e+001 1.788389e+001 -3.577585e+000 9.326834e-001 -1.906616e+000 2.289910e+000 -2.326581e+000 -3.486336e+000 1.113303e-001 -3.240913e+000 -1.218544e+000 1.733754e+000 9.248334e-001 -1.646189e+000 -1.267379e+000 7.514508e-001 -1.695648e+000 -1.276386e+000 1.989029e+000 1.442925e-001 -4.518697e-001 -2.932064e-001 -1.490120e+000 -5.968030e-001 -7.089090e-001 -2.750562e-001 -6.986852e-002 -7.826585e-001 3.392781e-002 -1.998541e-002 2.064436e-001 6.259724e-001 3.376247e-001 -3.335247e-002 8.406835e-002 7.437727e-001 
2.009728e+001 2.248821e+001 -8.988945e+000 -1.237106e+000 -1.875622e+000 -1.298174e-001 -2.019958e+000 4.820951e-001 -1.192398e+000 -3.411847e+000 -3.451836e-001 6.938098e-001 1.184143e+000 -2.728458e+000 -2.427301e+000 3.799858e-001 -1.653957e+000 -2.097106e+000 -3.645605e-002 1.863469e+000 9.759492e-001 -3.351072e-001 -2.806071e-001 -1.205727e+000 -4.367159e-001 -5.889046e-001 -1.394134e+000 -1.494064e+000 -3.841754e-001 -6.341892e-001 -1.402123e-001 5.974971e-001 -8.074359e-001 2.374808e-001 -2.211225e-001 4.808261e-001 
1.768691e+001 2.355094e+001 -1.030709e+001 -4.716317e-001 -2.426725e+000 8.606333e-001 -2.363087e+000 2.038096e+000 -1.817322e+000 -2.665999e+000 3.276842e-002 7.057546e-001 1.231467e+000 -3.221893e+000 -2.797973e+000 1.298875e-001 -1.655739e+000 -2.043408e+000 -1.747055e-001 1.827440e+000 1.875973e+000 -7.172611e-001 3.056070e-001 -1.620426e+000 -6.732986e-001 -9.549782e-001 -1.593624e+000 -8.691438e-001 -7.878691e-001 -9.272062e-001 2.625104e-001 7.336415e-001 -3.977676e-001 1.128662e+000 -3.362000e-001 2.080267e-001 
1.568408e+001 2.296304e+001 -1.044325e+001 -2.085015e+000 -2.774535e+000 3.687515e-001 -2.671075e+000 1.049322e+000 -1.665642e+000 -3.647047e+000 -1.031176e-001 -3.226353e-002 2.275716e+000 -3.919088e+000 -2.976957e+000 2.392273e-001 -1.911612e+000 -1.136656e+000 -1.255508e+000 1.378630e+000 1.832415e+000 -5.720633e-001 -1.890383e-001 -1.267618e+000 -1.298409e+000 -9.931084e-001 -1.144273e+000 -7.395625e-001 -1.107140e+000 -9.697601e-001 6.166786e-001 3.680222e-001 -4.240561e-001 7.324696e-001 -4.604766e-002 -1.327879e-001 
1.201922e+001 2.441138e+001 -1.022514e+001 -1.842128e+000 -2.969213e+000 1.260570e+000 -2.492013e+000 1.034252e+000 -1.502048e+000 -3.903554e+000 -8.993919e-001 4.118429e-001 1.635118e+000 -3.644284e+000 -2.925160e+000 1.718096e-001 -9.460632e-001 -1.780965e+000 -6.813084e-001 1.549318e+000 2.161670e+000 -6.356879e-001 4.317393e-002 -1.678739e+000 -1.208043e+000 -7.661374e-001 -1.098144e+000 -5.542051e-001 -1.332137e+000 -9.838518e-001 -1.295665e-001 4.680249e-001 7.064914e-002 5.565915e-001 -1.656839e-001 1.205298e-001 
1.306025e+001 1.993967e+001 -5.062190e+000 -4.755071e+000 -3.318888e-001 1.181056e+000 -6.599559e-001 1.078340e+000 -8.660718e-001 -2.939639e+000 -1.541475e+000 1.126487e-002 6.642682e-001 -2.559697e+000 -2.134588e+000 2.768130e-001 -9.868281e-001 -1.609516e+000 -6.457388e-001 1.309806e+000 1.684504e+000 -1.406844e-001 -5.399857e-001 -1.614911e+000 -1.074204e+000 -3.994385e-001 -1.037480e+000 -4.314411e-001 -1.135323e+000 -1.303556e+000 -1.919410e-001 4.530238e-001 7.204976e-001 4.983699e-001 -3.512779e-002 -3.430652e-001 
8.519827e+000 2.283905e+001 -7.044351e+000 -3.446943e+000 -2.008303e+000 1.925906e+000 -1.511677e+000 1.445488e+000 -1.758009e+000 -2.448052e+000 -1.380238e+000 -1.168260e-001 3.491678e-001 -2.642501e+000 -1.032965e+000 -8.776812e-001 -1.940014e+000 -1.002835e+000 5.362761e-001 -2.912336e-003 9.880521e-001 1.395854e-001 -8.358412e-001 -1.718440e+000 -1.005685e+000 -1.001460e+000 -1.052171e+000 -6.976321e-001 -6.593109e-001 -4.517441e-001 -3.622857e-001 6.465661e-001 5.399120e-001 5.333663e-001 -2.152839e-001 1.347308e-001 
1.064666e+001 2.048642e+001 -3.953297e+000 -4.443603e+000 -1.371305e+000 5.824421e-001 -1.240982e+000 -1.153225e-001 -1.746764e+000 -2.380828e+000 -9.442170e-001 -8.120783e-001 -5.714027e-001 -2.407418e+000 -9.440062e-001 -7.018916e-002 -1.748536e+000 -1.238417e+000 -1.342957e-002 3.093696e-001 4.871476e-001 4.516809e-001 -1.454228e-001 -1.068954e+000 -1.427566e+000 -1.701598e+000 -1.345258e+000 -1.984685e-001 -2.440687e-002 -3.129585e-001 -3.079394e-001 2.869587e-001 6.081647e-001 -8.840801e-002 -4.271366e-001 -1.267303e-001 
9.996439e+000 2.314640e+001 -5.483454e+000 -2.987678e+000 -2.850913e+000 2.572625e+000 -3.394139e+000 4.586088e-001 -1.777333e+000 -1.870050e+000 -1.454629e+000 -1.659329e+000 -8.843197e-001 -3.748335e+000 3.860265e-001 4.690796e-001 -1.261962e+000 -1.040592e+000 -1.383530e-001 2.408098e-001 3.955626e-003 -5.822307e-001 9.966837e-002 -1.525982e+000 -1.578847e+000 -1.907823e+000 -1.151237e+000 5.555050e-001 -4.012078e-001 2.149286e-002 3.336587e-001 5.433399e-001 2.777645e-001 -1.747622e-001 -4.739349e-001 5.956459e-002 
1.317441e+001 2.097116e+001 -3.792477e+000 -3.689715e+000 -1.838718e+000 1.166075e+000 -3.307017e+000 -2.060057e+000 -1.660995e+000 -2.214964e+000 -1.754814e+000 -1.742007e+000 -2.392272e+000 -4.593010e+000 -1.892105e-001 1.765319e+000 -1.946368e+000 -1.054424e+000 -5.231909e-001 -7.261563e-001 -4.315166e-001 -1.696943e+000 -4.309314e-001 -1.030484e+000 -1.846846e+000 -2.047997e+000 -9.777361e-001 2.814114e-001 -4.429961e-001 4.802239e-002 5.280585e-001 -6.076336e-002 -3.988044e-001 3.155551e-001 -8.853342e-002 4.671887e-001 
1.442411e+001 2.151204e+001 -4.048718e+000 -1.945770e+000 -8.135894e-001 5.804818e-001 -4.074614e+000 -3.058354e+000 -1.126495e+000 -1.970102e+000 -1.302890e+000 -1.388640e+000 -3.247521e+000 -4.841183e+000 6.211235e-002 2.152026e+000 -2.221591e+000 -5.046026e-001 9.239047e-001 -1.381395e+000 -1.719884e+000 -2.737706e+000 -8.145168e-001 -5.714051e-001 -1.256846e+000 -1.055810e+000 -1.234670e+000 -4.094351e-001 -4.936893e-001 1.620868e-001 9.070435e-001 2.993365e-001 1.933138e-002 1.457306e-002 -8.509453e-001 3.944691e-001 
1.403867e+001 2.304342e+001 -5.995690e+000 1.633649e+000 -4.327087e+000 3.151091e+000 -5.334161e+000 -4.047876e+000 -1.102533e+000 -1.987013e+000 -1.732598e+000 -1.772359e+000 -2.391785e+000 -4.360753e+000 9.061200e-001 1.972428e+000 -3.718020e+000 -1.782883e+000 2.428960e+000 -1.678770e+000 -1.015308e+000 -2.819226e+000 -9.188842e-001 -1.754174e+000 -4.765945e-001 -2.008585e-001 -2.139610e+000 2.511057e-001 -9.914327e-001 -1.601211e-001 1.097917e+000 5.180662e-001 2.450028e-001 -1.110144e-001 -8.970120e-001 3.508221e-001 
1.620117e+001 1.885046e+001 -4.512003e+000 4.854672e-001 -3.968478e+000 1.722110e+000 -4.863320e+000 -5.689573e+000 -2.295603e-001 -2.544625e+000 -1.805290e+000 -1.981222e+000 -2.911512e+000 -3.863067e+000 1.188850e-001 1.151766e+000 -4.459809e+000 -1.281771e+000 1.475862e+000 -1.346049e+000 -1.915123e+000 -2.415230e+000 -1.580568e+000 -1.799711e+000 -8.334130e-001 -1.032312e+000 -1.500985e+000 -1.043484e-002 -9.104519e-001 3.042767e-002 9.027118e-001 2.733615e-001 2.542457e-001 -3.254004e-001 -3.316501e-001 5.778392e-001 
1.950248e+001 1.737428e+001 -2.231281e+000 1.104415e+000 -2.656756e+000 1.609744e+000 -4.058499e+000 -4.838681e+000 3.202577e-001 -2.018537e+000 -1.618579e+000 -1.451840e+000 -1.742508e+000 -2.810700e+000 1.112056e-002 5.349555e-001 -3.261789e+000 1.018920e-001 1.199977e+000 -9.495722e-001 -1.415054e+000 -2.051815e+000 -9.341173e-001 -7.352689e-001 -1.057574e+000 -1.800616e+000 -6.341935e-001 4.733627e-001 -8.997584e-001 1.048696e-001 5.661047e-001 3.545105e-001 3.421129e-001 -4.788689e-001 2.084132e-001 6.101506e-001 
1.677796e+001 1.892561e+001 -4.055063e+000 2.974961e+000 -4.962385e+000 2.383243e+000 -5.800782e+000 -5.614935e+000 5.098590e-002 -1.875511e+000 -2.452576e+000 -1.660187e+000 -1.951526e+000 -3.587770e+000 5.750369e-001 -6.096065e-001 -4.030914e+000 2.247057e-001 1.704038e+000 -1.962911e+000 -2.508860e+000 -1.636112e+000 -1.321809e+000 -1.558616e+000 -5.488304e-001 -1.705609e+000 -7.944343e-001 1.407754e-001 -1.336635e+000 1.699718e-002 6.528653e-001 7.573278e-001 5.705132e-002 -2.578996e-001 -2.925493e-002 1.183126e-001 
1.775076e+001 1.763597e+001 -2.815885e+000 3.208681e+000 -4.103856e+000 1.999205e+000 -5.563779e+000 -5.605198e+000 1.731746e+000 -1.969021e+000 -2.160589e+000 -1.336687e+000 -1.304591e+000 -2.640080e+000 -5.368659e-002 1.959573e-001 -3.628381e+000 -2.050398e-001 1.774585e+000 -1.308417e+000 -1.649615e+000 -1.133317e+000 -1.865270e+000 -1.388521e+000 -4.589614e-001 -9.982403e-001 -1.800228e-001 -4.691180e-001 -9.886516e-001 -1.907160e-001 4.052043e-001 1.117308e+000 6.460893e-001 2.320986e-002 -3.827993e-001 2.700418e-001 
1.636458e+001 2.109055e+001 -5.649083e+000 5.404536e+000 -7.105060e+000 3.767991e+000 -5.595829e+000 -4.074006e+000 7.921723e-001 -2.205471e+000 -2.287371e+000 -1.710629e+000 -6.560739e-001 -2.225103e+000 5.433877e-001 -3.827375e-001 -3.075449e+000 -1.271854e+000 2.477899e+000 -1.972535e+000 -1.209243e+000 -7.939823e-001 -2.180639e+000 -1.246340e+000 -6.718339e-001 -8.009964e-001 -7.074200e-002 -6.037736e-001 -8.286024e-001 -2.144819e-002 1.891919e-001 1.118122e+000 3.282556e-001 3.604608e-001 -2.624719e-001 4.108569e-001 
1.834519e+001 1.761337e+001 -3.037458e+000 2.981922e+000 -5.092550e+000 2.101801e+000 -4.681042e+000 -5.134491e+000 2.955751e-001 -2.434388e+000 -1.617192e+000 -1.324743e+000 -1.710555e+000 -1.855759e+000 8.666838e-002 -8.309604e-001 -3.340652e+000 -4.664977e-001 1.661419e+000 -2.194186e+000 -1.584096e+000 -4.325677e-001 -2.191877e+000 -1.195969e+000 -1.156881e+000 -5.744678e-001 -3.772794e-001 -9.225063e-001 -1.531000e-001 1.392059e-001 2.548548e-002 1.898494e-001 6.259176e-001 3.478027e-001 2.372306e-001 5.859328e-001 
