2.034097e-001 1.674908e+001 -5.034875e+000 2.015371e+000 -6.395364e-001 1.612580e+000 -5.570210e+000 -1.735488e+000 7.283581e-001 -2.277847e+000 -1.361939e+000 -1.472743e-001 -1.102749e-001 -1.123231e+000 6.097747e-001 -1.324879e+000 -1.613258e+000 -1.007590e+000 1.363357e+000 9.700106e-001 -2.975904e-001 -1.009404e+000 -8.671543e-001 2.043880e-001 -3.636761e-001 -4.245322e-002 -1.564247e-001 -5.643476e-002 -4.107055e-001 -4.649711e-001 -1.706547e-001 -1.870221e-001 3.212520e-001 -3.768045e-002 -4.024814e-002 1.051797e+000 
-7.357649e-001 1.911151e+001 -4.679101e+000 3.208224e+000 -1.410923e+000 2.032160e+000 -4.071797e+000 -3.267442e+000 5.540548e-001 -4.092685e+000 -9.212092e-001 -1.834255e+000 -6.581250e-001 -1.575973e+000 8.987343e-001 -3.883927e-001 -2.397400e+000 4.499451e-001 1.924885e-001 1.240625e+000 4.947647e-001 -7.167054e-001 -8.600294e-001 -2.397247e-001 -3.100143e-002 -1.052156e+000 2.373345e-001 -1.080822e+000 -8.176809e-001 -1.898860e-001 -9.716039e-001 -3.490735e-001 -4.052494e-002 3.084401e-001 -6.162844e-001 7.856422e-001 
1.445441e+000 1.718997e+001 -5.472007e+000 3.294835e+000 -2.347365e+000 2.215994e+000 -6.317363e+000 -2.779995e+000 -5.658446e-001 -2.422341e+000 -1.607520e+000 -1.816753e+000 -1.306992e+000 -2.209619e+000 9.408893e-001 -9.603595e-001 -1.840262e+000 -7.574640e-002 1.839263e+000 9.501314e-001 1.376844e+000 -4.545079e-001 1.605913e-003 -7.786740e-001 -4.622089e-001 -5.654946e-001 -1.216897e-001 1.336010e-001 -4.733082e-001 4.188207e-001 -7.992066e-001 -4.028278e-001 -2.414103e-001 3.952260e-001 -1.044220e+000 9.995423e-001 
-2.989026e-001 1.558176e+001 -4.177717e+000 1.645212e+000 -7.845936e-001 1.674756e+000 -5.480782e+000 -1.963876e+000 1.430563e+000 -1.031077e+000 -2.308912e+000 -7.186583e-001 -6.438185e-001 -1.452662e+000 -5.469507e-002 -1.348367e+000 -2.400672e+000 -8.107976e-001 1.672185e+000 -7.813802e-001 -5.420718e-001 -4.078836e-001 -1.015191e+000 -1.300477e+000 -1.099511e+000 -4.502760e-001 -5.731486e-002 2.055810e-002 -2.893250e-001 7.066919e-002 -5.678683e-001 1.861409e-001 4.785111e-001 -1.133873e-001 -8.432225e-001 6.707041e-001 
3.290932e+000 1.490695e+001 -5.899689e+000 4.259655e+000 -3.777961e+000 2.999267e+000 -5.367568e+000 -2.181547e+000 1.963267e+000 -3.288603e+000 -5.676223e-001 -2.513791e-001 -1.107282e+000 -7.630236e-001 1.216390e+000 -2.513161e+000 -1.797153e+000 -5.494467e-001 1.316931e+000 1.266041e+000 -2.160596e-001 -3.277246e-001 -1.448221e+000 -3.025040e-001 -1.629607e-001 -3.375418e-001 -4.307649e-001 -3.817868e-001 -6.500238e-001 -3.120025e-001 4.561899e-002 -6.655252e-002 4.570463e-001 -3.319017e-001 5.798772e-001 5.750893e-001 
8.918089e+000 1.311418e+001 -8.356355e+000 8.028453e+000 -5.083877e+000 5.867120e+000 -4.365324e+000 -1.207173e+000 7.307877e-001 -2.738462e+000 5.821534e-001 -3.334027e+000 -1.129854e+000 -1.896754e+000 1.246381e+000 -2.394511e+000 -6.006750e-001 -1.246880e-002 1.038065e+000 2.945618e-001 -1.404819e+000 3.366399e-001 -1.678387e+000 1.814549e-001 -1.245885e+000 -2.233790e-001 -5.225648e-001 -3.638409e-001 -1.687241e-002 -7.624895e-001 3.696411e-001 -6.263569e-001 1.083789e+000 -5.159026e-001 2.347050e-001 -5.556879e-001 
9.163143e+000 9.561864e+000 -5.853544e+000 7.913885e+000 -2.453500e+000 3.461936e+000 -5.061579e+000 -1.659263e+000 -9.069585e-002 -2.143651e+000 -6.471843e-001 -2.737675e+000 -6.962631e-001 -1.028092e+000 1.107362e+000 -2.068432e+000 -1.023484e+000 3.939414e-001 4.281106e-001 -3.216925e-001 -8.312699e-001 5.727603e-001 -1.324822e+000 1.169906e-001 -8.493442e-001 -6.200265e-001 -3.011790e-001 -7.987449e-001 -2.896290e-001 -5.736951e-001 7.356325e-002 -8.129118e-001 -2.025926e-001 -4.545392e-001 1.022718e-001 9.667576e-002 
1.072637e+001 1.790277e+001 -7.124795e+000 7.406787e+000 -1.354381e+000 4.603203e+000 -6.101030e+000 -2.963667e+000 -1.253566e+000 -3.972669e+000 -1.152795e-001 -2.206820e+000 -8.520183e-001 -2.296829e+000 7.311357e-001 -9.389760e-001 -8.755291e-001 -2.173567e+000 -9.510064e-001 -4.357950e-001 -1.056065e+000 5.048760e-001 -1.336120e+000 -3.718946e-001 -1.562358e+000 -9.409690e-001 2.663701e-001 2.039994e-002 -3.224835e-001 -6.371040e-001 3.380759e-001 4.935765e-002 6.641278e-001 -8.303343e-001 -1.248214e-001 -5.052871e-001 
1.552219e+001 1.976647e+001 -7.613988e+000 3.866289e+000 -9.209107e-002 3.840155e+000 -6.184145e+000 -3.166274e+000 -8.119683e-001 -5.403475e+000 -1.769026e-001 -1.356272e+000 -9.209424e-001 -1.392270e+000 -7.552802e-001 2.047565e-001 -8.660559e-001 -1.745039e+000 -3.465666e-001 -7.311825e-001 -2.025576e+000 -5.673182e-001 -8.125976e-001 -6.358086e-001 -1.296174e+000 -1.204056e+000 -5.573910e-002 -7.895520e-001 -9.002159e-001 -2.365666e-001 -3.505926e-001 2.956362e-001 1.305206e+000 -1.934518e-001 2.659058e-003 8.078930e-001 
1.689550e+001 2.097725e+001 -9.149447e+000 4.230450e+000 -1.358879e+000 2.872029e+000 -5.416002e+000 -3.210133e+000 5.421767e-001 -6.331428e+000 -6.525071e-001 -1.124493e+000 -5.657767e-001 -9.683783e-001 -1.135607e+000 8.465435e-002 -2.339454e+000 -1.370887e+000 -3.011277e-001 -7.121602e-001 -1.775044e+000 -1.026331e+000 -4.008873e-001 -2.725752e-001 -4.810201e-001 -1.509101e+000 -2.130135e-001 -1.126719e+000 -7.978466e-001 -6.706860e-001 -8.689233e-001 6.088673e-001 6.287332e-001 3.655404e-001 -1.611900e-001 1.193756e+000 
1.878136e+001 1.958028e+001 -7.219057e+000 2.030359e+000 -1.460615e+000 1.856371e+000 -4.647090e+000 -1.962753e+000 1.226499e+000 -4.209400e+000 -1.031593e+000 -2.812805e-001 -1.786427e-001 -1.333895e+000 -1.167530e+000 -3.827425e-001 -2.300338e+000 -1.033393e+000 1.374066e-001 -1.256185e+000 -1.528401e+000 -9.539997e-001 -4.377250e-001 -3.165290e-001 -9.756589e-001 -7.571500e-001 -2.163848e-001 -8.027410e-001 -7.591254e-001 -3.345691e-001 -2.718754e-001 2.847936e-001 6.751280e-001 -2.382695e-001 -3.557146e-001 9.556793e-001 
1.771214e+001 2.192684e+001 -8.826277e+000 3.094216e+000 -1.499988e+000 2.683360e+000 -5.894151e+000 1.216753e-001 7.030797e-001 -3.773006e+000 -1.642599e+000 -7.300433e-001 -3.357011e-001 -2.086800e+000 -1.099698e+000 -1.026207e+000 -2.098713e+000 -1.029823e+000 1.969749e+000 -8.156309e-001 -1.073726e+000 -1.103964e+000 -4.689596e-001 -8.305467e-001 -1.423705e+000 -9.847079e-001 -5.322376e-001 -4.230045e-001 -6.468779e-001 2.517732e-001 -1.552683e-001 2.659249e-001 5.938149e-001 -7.039865e-001 -6.912379e-001 9.575275e-001 
1.765375e+001 2.233431e+001 -8.866212e+000 2.473718e+000 -1.658930e+000 2.913103e+000 -6.374480e+000 3.670571e-001 2.848141e-001 -3.545510e+000 -1.973781e+000 -5.434698e-001 -2.085663e-001 -2.235534e+000 -6.255902e-001 -1.276821e+000 -1.999771e+000 -1.143826e+000 2.455073e+000 -3.331633e-001 -1.190604e+000 -9.829330e-001 -7.314569e-001 -9.405107e-001 -1.564929e+000 -8.401705e-001 -8.216177e-001 -6.022001e-001 -5.163720e-001 1.072265e-001 1.048479e-001 3.888953e-001 3.623251e-001 -6.114448e-001 -4.945158e-001 1.181512e+000 
1.952788e+001 2.007298e+001 -8.695938e+000 1.936170e+000 -1.898104e+000 1.823468e+000 -7.071498e+000 1.104394e-001 -5.354833e-001 -3.843420e+000 -2.261253e+000 -1.678689e+000 -7.585802e-002 -2.704320e+000 -1.263660e+000 -7.688568e-001 -2.704050e+000 -1.137490e+000 2.197266e+000 -1.533899e+000 -9.556886e-001 -9.356192e-001 -1.100291e+000 -4.394300e-001 -2.015545e+000 -1.085412e+000 -5.881807e-001 -5.792791e-001 -8.016186e-001 6.757212e-002 2.460637e-004 1.038817e-001 2.798558e-001 -8.040694e-001 -1.159424e-001 8.081948e-001 
2.182877e+001 1.719104e+001 -6.686133e+000 -1.107794e-001 -2.250702e-001 3.179050e-001 -5.478908e+000 -7.324044e-001 5.086549e-001 -4.364898e+000 -2.026912e+000 -1.430022e+000 -4.480262e-001 -1.739516e+000 -1.438838e+000 -3.884687e-001 -3.070219e+000 -4.903731e-001 1.947762e+000 -1.228580e+000 -1.041475e+000 -7.394861e-001 -9.330299e-001 -5.571862e-001 -1.965369e+000 -1.220505e+000 -3.651784e-001 -6.792146e-001 -7.385640e-001 3.797737e-002 5.175956e-002 -6.768117e-002 4.891110e-001 -6.759961e-001 -1.772158e-001 8.672647e-001 
1.992805e+001 2.003029e+001 -8.639788e+000 2.432568e+000 -2.098741e+000 1.608808e+000 -6.365496e+000 5.570212e-001 1.040029e+000 -3.928183e+000 -1.978354e+000 -9.432580e-001 5.333577e-001 -1.907273e+000 -6.777765e-001 -3.409253e-001 -2.729784e+000 -3.738847e-001 1.971737e+000 -1.265513e+000 -1.094007e+000 -7.140504e-001 -7.067363e-001 -7.566459e-001 -1.726461e+000 -8.450095e-001 -3.545719e-001 -6.809864e-001 -4.412583e-001 4.101120e-001 2.232456e-001 1.456411e-001 2.223451e-001 -3.811000e-001 -2.872473e-001 1.135262e+000 
1.988868e+001 1.841255e+001 -4.455367e+000 6.604658e-003 1.427546e+000 1.666812e+000 -3.104824e+000 8.366617e-001 9.859130e-001 -1.871626e+000 2.797680e-001 -2.578470e-001 -1.905866e-001 -6.695676e-001 4.068810e-001 3.369873e-001 -1.004449e+000 7.073864e-001 7.142092e-001 -3.656728e-001 -2.730219e-001 -5.352049e-001 -2.317065e-002 -2.062876e-001 -1.225620e+000 -9.747049e-002 2.937980e-001 -2.748037e-001 -1.684792e-001 -4.033092e-002 8.645508e-002 -1.988945e-001 -1.673290e-001 -4.384356e-001 -4.067636e-001 2.509183e-001 
6.911845e-001 1.963995e+001 -3.250158e+000 5.332552e+000 3.980121e-001 1.993059e+000 -5.750740e+000 -1.275082e+000 9.797337e-001 -2.302067e+000 -2.208449e+000 -2.503474e+000 -1.214598e+000 -1.275895e+000 1.741896e+000 -8.717086e-001 -1.520846e+000 -1.373042e+000 9.854487e-001 6.941769e-001 1.697460e-001 -5.981902e-001 -8.740768e-001 -3.197705e-001 -1.180930e+000 -2.408951e-002 -2.506030e-001 -8.722087e-001 -1.299735e+000 -6.040376e-002 -3.993082e-001 -5.137153e-001 1.020887e-001 -4.551803e-002 -3.578299e-001 9.597395e-001 
3.017128e-002 1.789854e+001 -4.567482e+000 3.463730e+000 -6.119197e-002 2.063405e+000 -4.441039e+000 -2.295642e+000 1.829247e+000 -3.198280e+000 -2.073895e-001 -3.037688e-001 -6.740048e-001 -1.667724e+000 1.046097e+000 -2.262053e-002 -2.452337e+000 2.887481e-001 2.060902e-001 9.061535e-001 5.466065e-001 -3.968316e-001 -7.483784e-001 -9.821284e-001 -4.384459e-001 -6.932731e-001 3.899812e-001 -9.615626e-001 -6.904747e-001 9.854690e-003 -5.633671e-001 -4.781217e-002 -9.565525e-002 -7.321850e-001 -1.270571e+000 1.034282e+000 
1.339611e+000 1.659755e+001 -3.794540e+000 3.848616e+000 -9.020223e-001 2.495540e+000 -6.026015e+000 -1.386438e+000 7.035938e-001 -3.031560e+000 -1.970498e+000 -3.446789e-001 -4.555839e-001 -1.463002e+000 1.104707e+000 -8.383531e-001 -1.670974e+000 2.913429e-001 1.263400e+000 6.747626e-001 1.410783e+000 -1.289549e-001 9.842759e-002 -7.227461e-001 -7.818188e-001 -1.144970e+000 -7.374128e-001 -7.870563e-001 -1.142545e+000 8.063853e-002 -2.457742e-001 4.953104e-002 -4.885280e-002 1.292371e-001 -8.639047e-001 1.179928e+000 
8.972948e-001 1.925513e+001 -3.272946e+000 3.173716e+000 -5.652114e-001 2.431654e+000 -5.759512e+000 -1.650918e+000 5.897545e-001 -1.994274e+000 -3.287066e+000 -5.641258e-001 1.260200e-001 -1.544409e+000 9.887262e-001 -1.373930e+000 -3.412781e+000 -1.538955e+000 2.376709e+000 -2.739651e-001 3.228067e-001 -9.196175e-001 -7.689249e-001 -3.448011e-001 -6.096725e-001 -4.576119e-001 -5.633394e-001 -6.265585e-001 -3.740953e-001 9.260163e-002 -8.772282e-001 2.939550e-001 3.709556e-001 -1.057204e-001 -5.991080e-001 8.316984e-001 
5.657123e+000 1.471803e+001 -5.442188e+000 4.943921e+000 -4.380891e+000 3.577566e+000 -5.243434e+000 -2.876884e+000 7.425530e-001 -3.609482e+000 -5.332118e-001 -9.578268e-001 -1.359771e+000 -6.642547e-001 1.206748e+000 -2.467237e+000 -1.590478e+000 -2.253771e-001 1.163402e+000 1.192764e+000 -2.892769e-001 2.252995e-001 -1.311984e+000 -6.241081e-001 -8.199180e-001 -1.864107e-001 3.447265e-001 4.840329e-001 -1.134499e-001 -2.864141e-001 1.553259e-001 -2.199630e-001 3.869678e-001 -5.462795e-001 5.032394e-001 2.816905e-001 
9.178324e+000 1.165269e+001 -7.715731e+000 7.139942e+000 -4.685293e+000 4.343879e+000 -4.961658e+000 -1.588098e+000 6.161598e-001 -2.044479e+000 9.171605e-001 -2.240485e+000 -8.204742e-001 -1.235821e+000 1.033688e+000 -2.296893e+000 -1.586414e+000 -7.908291e-001 7.596409e-001 5.656005e-001 -7.982003e-001 3.368641e-001 -1.342462e+000 2.412201e-001 -9.742806e-001 -4.738475e-001 -6.246704e-001 -5.376736e-001 -1.816779e-001 -8.052821e-001 1.053616e-001 -4.758441e-001 8.481369e-001 -2.476180e-001 4.095867e-001 -2.171242e-001 
8.763759e+000 1.073193e+001 -6.566876e+000 8.319108e+000 -2.948081e+000 4.136082e+000 -4.791297e+000 -1.750705e+000 -1.379695e+000 -3.603221e+000 -1.083931e+000 -3.089994e+000 -7.745360e-001 -1.717247e+000 1.321056e+000 -1.753439e+000 -1.068167e+000 1.469848e-001 8.053647e-001 7.056488e-001 -2.316806e-001 3.118469e-001 -2.110783e+000 1.077055e-001 -7.888133e-001 -6.085001e-001 -2.877964e-001 -4.736876e-001 -6.475227e-002 -6.997604e-001 3.851574e-001 -3.842019e-001 -3.071893e-002 -7.350898e-001 7.111421e-002 2.572203e-001 
1.167648e+001 1.799886e+001 -5.929984e+000 6.983701e+000 -2.662208e-003 5.213182e+000 -5.256995e+000 -3.022886e+000 -1.195593e+000 -4.317854e+000 -4.546254e-001 -1.663613e+000 -8.287203e-001 -1.902765e+000 4.036370e-001 -1.450986e-001 -6.656386e-002 -1.789741e+000 -6.337689e-001 -4.453627e-001 -1.743809e+000 -2.392455e-001 -1.638771e+000 -4.725609e-001 -9.252376e-001 -2.507938e-001 8.584358e-001 1.110618e-001 -8.102224e-001 -8.548748e-001 1.780160e-001 2.814613e-001 9.787117e-001 -8.241092e-001 -2.615985e-001 -2.022556e-001 
1.501652e+001 2.261974e+001 -9.037502e+000 5.570803e+000 -1.300848e+000 5.082689e+000 -6.274983e+000 -2.775994e+000 -1.259154e-001 -6.080694e+000 3.763810e-001 -2.090831e+000 3.629185e-001 -1.784778e+000 -8.739056e-002 -1.695729e-001 -8.052029e-001 -1.468019e+000 -8.981058e-002 9.156493e-002 -1.992650e+000 -2.490291e-001 -1.257494e+000 -1.203861e-002 -1.405390e+000 -8.672697e-001 6.348926e-002 -1.105101e+000 -8.069607e-001 -6.736827e-001 -9.344989e-002 1.015518e-001 1.657177e+000 -4.696748e-001 8.001161e-002 6.516365e-001 
1.652517e+001 2.011661e+001 -9.725418e+000 3.738876e+000 -1.554565e+000 2.324283e+000 -5.400829e+000 -3.368550e+000 3.285123e-001 -6.149035e+000 -9.108829e-001 -8.756535e-001 -4.778006e-001 -9.838479e-001 -1.219751e+000 6.783579e-002 -2.277143e+000 -1.325265e+000 -1.437662e-001 -8.114910e-001 -1.674199e+000 -1.082643e+000 -5.353541e-001 -2.141042e-001 -4.806987e-001 -1.386259e+000 -3.279973e-001 -1.080595e+000 -7.925249e-001 -4.134230e-001 -4.849159e-001 6.192199e-001 5.680295e-001 1.404132e-001 -2.250736e-001 1.086413e+000 
1.797852e+001 2.090896e+001 -8.311473e+000 2.975540e+000 -2.173440e+000 2.470017e+000 -5.310609e+000 -1.740032e+000 8.910605e-001 -4.058840e+000 -1.014772e+000 -5.650712e-001 -7.913017e-002 -1.628387e+000 -7.489975e-001 -3.795288e-001 -1.980090e+000 -8.718436e-001 5.494745e-001 -1.009295e+000 -1.365757e+000 -8.885172e-001 -3.874411e-001 -3.076972e-001 -8.954672e-001 -7.595323e-001 -4.392165e-001 -8.923796e-001 -8.363409e-001 -2.004539e-001 -2.533350e-001 2.399366e-001 7.496781e-001 -2.734980e-001 -3.535953e-001 9.788774e-001 
1.768561e+001 2.192632e+001 -8.937173e+000 2.725517e+000 -1.569801e+000 2.311716e+000 -6.061625e+000 -6.973470e-002 4.492623e-001 -3.758461e+000 -1.802538e+000 -7.314947e-001 -3.542773e-001 -1.832933e+000 -1.034463e+000 -9.701811e-001 -1.872865e+000 -9.018368e-001 2.257587e+000 -7.292441e-001 -8.632536e-001 -9.657006e-001 -4.896451e-001 -7.415876e-001 -1.541944e+000 -8.438585e-001 -5.387095e-001 -6.159659e-001 -7.645765e-001 1.141471e-001 -1.555733e-001 2.152956e-001 4.337615e-001 -6.751498e-001 -4.963249e-001 1.018938e+000 
1.857260e+001 1.966591e+001 -7.748349e+000 2.588696e-001 -1.398638e+000 1.194455e+000 -6.024673e+000 -6.974834e-001 5.468625e-001 -4.183276e+000 -2.135088e+000 -8.546082e-001 -2.934248e-001 -2.172227e+000 -1.172049e+000 -9.919864e-001 -2.545176e+000 -8.778202e-001 1.852435e+000 -6.466903e-001 -1.708560e+000 -8.915000e-001 -9.477262e-001 -9.873323e-001 -1.787602e+000 -9.851180e-001 -6.072150e-001 -7.194812e-001 -5.660681e-001 -1.400163e-001 1.284655e-001 2.718317e-001 4.313896e-001 -7.545850e-001 -4.339051e-001 1.086627e+000 
1.934655e+001 2.139893e+001 -8.997225e+000 3.301505e+000 -2.384038e+000 2.972801e+000 -7.037514e+000 1.217235e+000 -3.596201e-001 -3.193326e+000 -1.975700e+000 -1.266970e+000 5.201676e-001 -2.392972e+000 -6.326934e-001 -6.465734e-001 -2.239993e+000 -1.004541e+000 2.803944e+000 -1.811038e+000 -5.295459e-001 -8.126587e-001 -6.949212e-001 -4.760394e-001 -1.980416e+000 -1.060164e+000 -3.763715e-001 -4.113727e-001 -7.610013e-001 2.633941e-001 -4.875011e-002 2.549733e-001 3.661785e-001 -6.743673e-001 -5.408485e-002 9.589086e-001 
1.968222e+001 2.022078e+001 -9.187807e+000 2.227185e+000 -1.960161e+000 2.328538e+000 -6.670910e+000 5.371662e-001 3.365977e-001 -3.858543e+000 -1.699960e+000 -1.339733e+000 -3.285571e-003 -2.154739e+000 -8.538916e-001 -8.037132e-001 -2.755516e+000 -8.863392e-001 2.246452e+000 -1.468012e+000 -8.808070e-001 -8.667830e-001 -1.111576e+000 -5.364591e-001 -2.016327e+000 -1.034397e+000 -4.253378e-001 -4.128800e-001 -6.733074e-001 2.992842e-001 1.044175e-001 6.679503e-002 6.012481e-001 -6.396956e-001 -2.201977e-001 8.433922e-001 
