9.440170e+000 1.818526e+001 -8.654891e+000 2.068257e+000 -4.282690e+000 6.640369e-001 -3.876667e+000 1.896419e+000 1.021289e+000 -3.573623e+000 -1.263630e+000 -1.709754e-001 1.101993e-001 2.750832e-002 -1.135698e-001 -1.798399e+000 -1.792241e+000 -6.984589e-001 1.531188e+000 -1.953674e-001 1.533901e+000 -6.977763e-001 -6.423157e-001 -4.019386e-001 -8.881781e-001 -8.277187e-001 -3.149513e-001 5.582167e-001 -1.448036e+000 -4.316560e-001 2.073998e-002 3.824637e-001 -9.565875e-002 4.669372e-001 1.336094e-002 -3.393261e-001 
4.912005e+000 1.698281e+001 -7.487555e+000 3.077915e-001 -5.680643e+000 -1.325912e+000 -5.065633e+000 1.518600e+000 5.665333e-001 -5.132236e+000 -2.793009e+000 -1.471158e-001 4.053193e-001 -1.447071e-001 -5.729799e-001 -7.963173e-001 -9.816569e-001 -1.012589e+000 1.788012e+000 8.344948e-001 1.760888e+000 6.938138e-002 -2.878417e-001 -3.972281e-001 -9.780931e-001 -2.075995e-001 3.993155e-002 3.331288e-001 -1.294235e+000 -8.816553e-001 5.373817e-001 1.029196e+000 -3.054492e-002 5.746914e-002 -3.385964e-001 -1.618237e-001 
3.616129e+000 1.547200e+001 -6.077871e+000 -6.282679e-001 -3.428927e+000 -9.410617e-001 -4.164509e+000 1.277108e+000 1.556808e+000 -4.353998e+000 -2.648202e+000 -2.860804e-001 6.573318e-001 -7.702806e-001 -4.571958e-001 3.096664e-001 -1.793004e+000 -1.232951e+000 1.466459e+000 1.401501e+000 1.168008e+000 -1.430809e-001 -1.060915e-001 -7.822596e-001 -9.667652e-001 -7.413193e-002 -7.194953e-002 1.676627e-001 -5.956942e-001 -8.391070e-001 -2.402851e-001 1.193629e+000 1.175318e+000 -1.301174e-001 -5.649355e-001 -2.313669e-001 
3.803561e+000 1.562781e+001 -8.700349e+000 1.825575e+000 -6.090257e+000 1.033337e+000 -5.086482e+000 -3.966599e-002 1.957784e+000 -4.201537e+000 -5.670271e-001 -8.634868e-001 1.041944e+000 -8.333977e-001 4.222817e-003 -9.189740e-001 -1.809600e+000 -6.556596e-001 6.029806e-001 1.384176e+000 4.622779e-001 -8.955044e-001 -5.875865e-001 -1.317535e+000 -4.269172e-001 -8.474478e-001 -2.613664e-001 3.537369e-001 -6.836989e-001 -6.605404e-001 -2.623659e-001 1.113959e+000 -2.534939e-001 -3.856777e-001 -2.237306e-001 -1.116911e-001 
9.654432e+000 1.438198e+001 -8.370088e+000 8.246631e-001 -4.213498e+000 6.715099e-001 -4.986796e+000 1.217794e+000 1.670564e+000 -4.380402e+000 -2.238255e-001 -2.695252e-002 1.485344e+000 7.903190e-001 -6.099141e-001 -1.604716e+000 -2.874833e+000 -3.015075e-001 1.484193e+000 2.648178e-001 2.470564e-001 -5.616008e-001 -1.205907e+000 -6.246370e-001 -1.960640e-001 -1.003154e+000 3.143208e-001 6.199193e-001 -5.017010e-001 -6.026542e-001 -4.133229e-001 2.719723e-001 -7.161358e-001 2.195562e-001 3.243227e-001 -5.341069e-001 
1.235119e+001 1.911289e+001 -8.055764e+000 1.146605e+000 -3.955479e+000 5.836652e-001 -5.420533e+000 2.246777e+000 1.173450e+000 -3.668361e+000 -5.746260e-001 -6.407672e-001 -4.049453e-001 -4.590266e-001 -6.566439e-001 -2.316634e+000 -2.625315e+000 -1.685420e-001 1.314420e+000 -4.689515e-001 1.059326e+000 -7.873737e-001 -9.892132e-001 -7.128453e-001 -1.408215e-001 -9.918072e-001 -1.531651e+000 8.522401e-001 -1.351456e+000 -1.191042e+000 5.356148e-001 5.465140e-001 2.592804e-001 6.548221e-001 3.007247e-001 -7.796941e-001 
1.565953e+001 1.918065e+001 -6.357972e+000 -4.002986e-001 -2.948283e+000 9.737410e-001 -4.663889e+000 2.771255e+000 2.189650e+000 -4.393549e+000 1.289617e-001 -5.582775e-001 -7.165256e-001 -1.021803e+000 -1.447664e+000 -1.710770e+000 -3.138839e+000 -1.732269e-001 1.021582e+000 5.182823e-001 1.303709e+000 -4.526085e-001 -5.449981e-001 -1.006012e+000 -5.318201e-001 -7.863740e-001 -1.197303e+000 -2.979933e-001 -1.245755e+000 -1.333652e+000 -2.182508e-001 5.565270e-001 1.482478e-001 5.515755e-001 4.519709e-001 -5.041633e-002 
1.963598e+001 1.906809e+001 -6.359483e+000 -4.926527e-001 -2.836960e+000 2.078185e+000 -5.329995e+000 2.620788e+000 1.967057e+000 -4.371035e+000 -3.546873e-001 -1.065322e+000 -3.151322e-001 -5.052383e-001 -1.934714e+000 -7.557498e-001 -2.673075e+000 -8.125480e-001 1.786263e+000 2.275897e-001 3.125395e-001 -4.928418e-001 1.581001e-001 -1.159083e+000 -5.763542e-001 -6.437777e-001 -1.079441e+000 -4.024867e-001 -1.103331e+000 -1.004627e+000 -5.487489e-001 4.892963e-001 1.108424e-001 6.160487e-001 -4.990865e-002 9.656978e-002 
1.974216e+001 1.992744e+001 -8.881034e+000 1.125464e+000 -3.702425e+000 2.928250e+000 -5.195240e+000 2.393173e+000 2.267669e+000 -3.914778e+000 -8.825972e-001 -8.749778e-001 -2.969322e-002 -1.117467e+000 -1.289289e+000 -6.815681e-001 -2.264080e+000 -7.966675e-001 1.536577e+000 1.506675e-001 -1.666435e-002 -8.575089e-001 2.945583e-001 -9.089797e-001 -6.355168e-001 -4.839129e-001 -1.000402e+000 -5.287347e-001 -9.395463e-001 -9.668248e-001 -5.742136e-001 5.821476e-001 -2.122380e-001 5.009248e-001 4.591883e-002 1.274324e-001 
2.003808e+001 1.925776e+001 -8.830486e+000 -5.043509e-002 -3.097616e+000 1.524730e+000 -5.068507e+000 1.279868e+000 2.393680e+000 -4.300737e+000 -8.874043e-001 -7.223404e-001 -7.318167e-001 -9.430028e-001 -1.677024e+000 -5.850406e-001 -2.525211e+000 -6.513298e-001 1.515401e+000 -1.939097e-001 2.207804e-001 -4.768918e-001 7.491180e-002 -9.096381e-001 -6.513826e-001 -5.900227e-001 -1.345743e+000 -6.260413e-001 -9.944410e-001 -1.136412e+000 -4.045551e-001 5.150289e-001 4.416738e-002 2.350656e-001 -1.169021e-001 1.987104e-001 
2.192512e+001 1.739292e+001 -6.564531e+000 -9.951788e-001 -1.274235e+000 7.790579e-001 -4.302308e+000 9.575500e-001 2.374796e+000 -4.730643e+000 -5.177523e-001 -5.459835e-001 -3.479093e-001 -1.434073e-001 -1.483794e+000 -8.957162e-002 -1.927187e+000 -3.982670e-001 1.528692e+000 6.195418e-001 5.001912e-001 -3.331973e-001 6.511494e-002 -6.804744e-001 -6.619360e-001 -2.814341e-001 -9.633392e-001 -3.418099e-001 -4.752795e-001 -1.166051e+000 -5.327830e-001 3.880750e-001 4.298811e-001 2.233897e-001 -3.275827e-001 1.747249e-002 
1.686559e+001 1.602977e+001 -4.125768e+000 -4.016288e-001 -1.803211e+000 -7.580378e-001 -2.326078e+000 6.527972e-001 1.685912e+000 -3.658008e+000 -3.527808e-001 7.066040e-001 -2.499126e-001 -5.068407e-001 -1.536554e+000 -1.022907e+000 -1.932727e+000 -5.254861e-001 7.584806e-001 -1.034714e-001 3.298048e-001 -2.806321e-001 6.376203e-002 -2.747226e-002 -5.863427e-001 -2.378706e-001 -4.033279e-001 4.052352e-001 -5.706431e-002 -8.404369e-001 -3.359551e-001 -1.075842e-001 2.116038e-001 1.057262e-001 -3.032440e-001 -3.250539e-001 
8.270876e+000 1.665804e+001 -8.073376e+000 1.338123e+000 -4.039033e+000 -2.677789e-001 -4.193411e+000 1.897214e+000 1.099001e+000 -3.256786e+000 -1.100015e+000 -2.986468e-001 8.385529e-001 9.688222e-001 1.881927e-001 -1.214963e+000 -2.323127e+000 -1.008804e+000 1.652270e+000 3.180233e-001 1.714669e+000 8.935023e-003 -6.700769e-001 -2.284460e-001 -7.707676e-001 -1.061026e+000 -1.824965e-001 3.209326e-001 -1.257679e+000 -6.002083e-001 5.339139e-002 4.311276e-001 -2.296072e-002 5.584313e-001 -3.720416e-001 -6.467603e-001 
5.082566e+000 1.793763e+001 -5.983477e+000 2.866944e-001 -3.295181e+000 1.283795e+000 -4.042839e+000 6.689049e-001 2.104018e+000 -2.978742e+000 -2.077402e+000 -1.226333e-001 -2.845051e-001 -1.377498e+000 -8.714209e-001 -8.424094e-001 -1.981729e+000 -1.767690e+000 1.221974e+000 1.104751e+000 7.733303e-001 -1.359769e+000 -3.306999e-001 9.760867e-002 -5.317368e-001 7.704827e-002 -8.755660e-001 -2.834604e-001 -6.308997e-001 -5.505791e-001 -3.787966e-001 -1.339652e-001 3.467221e-001 -3.661274e-002 -4.740621e-001 -5.505992e-002 
3.137344e+000 1.638688e+001 -7.101557e+000 2.012771e+000 -4.324588e+000 9.981489e-001 -4.197283e+000 1.844615e+000 2.677232e+000 -3.196326e+000 -1.681397e+000 -6.750622e-001 2.352275e-001 -2.051879e+000 -7.206700e-001 -1.094987e+000 -2.159512e+000 -5.338215e-001 1.314363e+000 1.047177e+000 -5.837537e-002 -1.485883e+000 5.684722e-001 -6.889354e-001 -9.975287e-002 3.063222e-001 -7.255275e-001 1.275885e-001 -7.962976e-001 -5.358328e-001 -7.746555e-002 5.761227e-001 2.634938e-001 -5.285563e-002 3.734062e-001 6.189914e-001 
7.721614e+000 1.576685e+001 -8.598448e+000 2.119588e+000 -5.538308e+000 1.621460e+000 -4.643316e+000 1.251780e+000 1.579219e+000 -4.235732e+000 -2.901993e-001 -4.957064e-001 1.924751e-001 -1.121280e+000 2.609523e-004 -9.921789e-001 -1.600700e+000 4.946345e-001 2.214352e+000 1.028312e+000 -1.980966e-001 -6.864838e-001 -5.356510e-001 -4.414321e-001 3.765281e-002 -1.206757e+000 -2.661993e-001 1.049627e-001 -5.668078e-001 -4.231735e-001 -7.683791e-001 5.524350e-001 -4.223715e-001 3.641303e-001 3.056895e-002 -4.235589e-001 
1.177703e+001 1.753775e+001 -7.547333e+000 1.448342e+000 -4.149267e+000 1.043513e+000 -4.827229e+000 1.824137e+000 1.139409e+000 -4.091492e+000 -8.349871e-002 -1.315639e+000 -4.652389e-001 -5.190182e-002 -6.609377e-001 -1.737256e+000 -2.473782e+000 3.456088e-001 2.010465e+000 -5.408600e-001 2.201093e-001 -8.095525e-001 -1.581779e+000 -8.398866e-001 -5.742257e-002 -9.026133e-001 -5.379144e-001 8.185542e-001 -8.046556e-001 -6.266742e-001 -8.061393e-002 1.011135e-001 -7.495641e-001 7.225777e-002 3.870939e-001 -7.311647e-001 
1.197403e+001 1.939312e+001 -8.773670e+000 6.732021e-001 -4.383937e+000 1.500705e+000 -5.405113e+000 2.699994e+000 1.258603e+000 -4.246805e+000 -7.059010e-001 -1.313663e+000 -1.143802e+000 -1.690969e+000 -1.024773e+000 -2.411236e+000 -2.272259e+000 8.494347e-003 1.423030e+000 -5.009654e-001 1.366528e+000 -6.358580e-001 -5.984846e-001 -1.003774e+000 -1.826276e-001 -1.097647e+000 -1.751936e+000 9.683779e-002 -1.549523e+000 -1.263405e+000 2.770365e-003 2.786598e-001 -2.308925e-001 7.785064e-001 3.574248e-001 -1.831992e-001 
1.687014e+001 1.928193e+001 -7.176021e+000 3.552740e-001 -3.222965e+000 1.742877e+000 -5.561820e+000 2.902595e+000 1.607913e+000 -4.104578e+000 -3.563346e-001 -1.112315e+000 -5.691018e-001 -6.642131e-001 -1.185202e+000 -8.328073e-001 -2.177774e+000 -3.639034e-001 1.307902e+000 2.503314e-001 4.796762e-001 -9.309917e-001 -2.870708e-001 -1.219438e+000 -3.545124e-001 -3.311471e-001 -7.960885e-001 -2.411241e-001 -1.104432e+000 -9.919737e-001 -5.470979e-001 5.102135e-001 -6.220743e-002 3.019896e-001 -1.169693e-001 -2.331387e-001 
1.902746e+001 1.957216e+001 -8.298113e+000 3.362570e-001 -4.025074e+000 3.197523e+000 -5.503668e+000 2.992349e+000 1.926914e+000 -4.202862e+000 -1.147075e+000 -1.341119e+000 -3.010523e-001 -8.992458e-001 -1.494869e+000 -4.919739e-001 -2.100446e+000 -5.359333e-001 2.177212e+000 5.883109e-001 3.542518e-001 -6.042826e-001 3.700445e-001 -1.160709e+000 -6.278571e-001 -7.357478e-001 -1.157600e+000 -6.453208e-001 -1.265801e+000 -1.133715e+000 -7.194500e-001 6.011712e-001 -9.123329e-002 7.492484e-001 6.447650e-002 2.613023e-001 
1.941931e+001 2.030217e+001 -9.439358e+000 1.295738e+000 -4.009606e+000 2.659279e+000 -5.620724e+000 1.898675e+000 2.344882e+000 -4.312293e+000 -1.124428e+000 -1.164080e+000 -4.393709e-002 -9.267451e-001 -1.591260e+000 -5.031818e-001 -2.370785e+000 -3.183426e-001 2.150741e+000 -2.984691e-001 1.508518e-001 -7.374156e-001 8.061093e-002 -6.766692e-001 -6.629668e-001 -5.340436e-001 -1.130743e+000 -5.471893e-001 -1.147593e+000 -1.006797e+000 -5.362790e-001 4.300546e-001 -1.564805e-001 3.536545e-001 -1.022261e-001 9.254648e-002 
2.010795e+001 1.965855e+001 -8.767815e+000 2.353899e-001 -2.940355e+000 1.380361e+000 -5.207100e+000 1.387135e+000 2.149032e+000 -4.632341e+000 -9.743731e-001 -6.815562e-001 -4.876309e-001 -4.103185e-001 -1.639424e+000 -7.776322e-001 -1.903856e+000 -4.256118e-001 1.716635e+000 1.805472e-001 1.985317e-001 -5.704977e-001 1.572751e-001 -8.650440e-001 -7.174487e-001 -5.892931e-001 -1.200767e+000 -6.364127e-001 -9.012566e-001 -1.109325e+000 -6.469625e-001 4.930699e-001 4.995642e-002 3.228029e-001 -1.259696e-001 9.043639e-002 
