6.641319e+000 1.343084e+001 -5.976071e+000 4.174481e+000 1.721540e-002 1.454943e+000 -1.472970e+000 -1.813448e+000 -6.388779e-001 -1.584549e+000 -1.422540e+000 -2.775513e+000 -1.163675e+000 -1.592317e+000 -1.457683e+000 -1.532924e+000 -1.145605e+000 -5.763472e-001 3.121092e-001 5.275874e-001 -5.989759e-001 -4.125986e-001 -2.594358e-001 -2.966824e-002 
7.325052e+000 1.229016e+001 -4.479675e+000 5.055902e+000 -8.578776e-001 3.622773e+000 -5.704331e-001 -2.955730e-001 -1.041095e+000 -1.045941e+000 -1.711101e+000 -2.634479e+000 -3.820532e-002 -7.367878e-001 -4.670128e-001 -1.536029e+000 -6.878813e-001 -3.673085e-001 1.058505e-001 -1.459171e-001 -6.261151e-001 -5.568223e-001 2.698995e-001 4.006396e-001 
9.114092e+000 9.879979e+000 -5.211109e+000 6.288472e+000 -7.108657e-001 2.310866e+000 -1.317313e+000 -2.719510e-001 -8.009521e-001 -4.202230e-002 -1.303465e+000 -1.033682e+000 4.311577e-002 -9.500336e-001 -9.192135e-001 -1.252586e+000 -7.131032e-001 -8.744494e-001 2.054600e-001 -2.511042e-001 -3.703065e-001 -4.135464e-001 1.127820e-001 4.411020e-001 
8.489250e+000 8.158949e+000 -5.687944e+000 6.305065e+000 -5.513743e-001 3.188046e+000 -2.595310e+000 2.856879e-001 -8.519722e-001 2.385327e-001 -1.838565e+000 -7.058113e-001 -4.935148e-001 -2.755883e-001 -8.548756e-001 -8.957759e-001 -3.338863e-001 -3.747454e-001 -1.854858e-001 -2.606185e-001 3.397206e-001 -2.345316e-001 -2.200207e-001 -3.619174e-002 
7.934377e+000 8.922011e+000 -6.548700e+000 4.947842e+000 -2.064436e+000 2.399172e+000 -2.260787e+000 -5.350175e-002 -9.459677e-001 -4.275982e-001 -2.222392e+000 -1.280405e+000 -7.855295e-001 -1.248307e+000 -1.650989e+000 -1.577235e+000 -3.584290e-001 -5.447665e-002 2.052253e-001 -3.102788e-001 4.690338e-001 -2.925528e-001 -4.326566e-001 -1.186742e-001 
6.894512e+000 9.290496e+000 -7.508641e+000 4.359430e+000 -1.756576e+000 2.315976e+000 -3.100564e+000 -4.546095e-001 -1.563779e-001 -4.159019e-001 -1.689064e+000 -1.523083e+000 -7.287773e-001 -2.084640e+000 -1.055983e+000 -1.526315e+000 5.391898e-002 -5.800019e-001 6.631485e-001 7.791138e-002 2.806050e-001 -3.459921e-001 -1.974680e-001 -2.376132e-002 
4.476599e+000 8.512044e+000 -8.636656e+000 4.072000e+000 -2.505100e+000 2.931573e+000 -3.452024e+000 -1.118129e+000 -9.297585e-001 -5.059134e-001 -1.648599e+000 -2.096825e+000 -7.548977e-001 -2.416735e+000 -6.660116e-001 -1.268691e+000 3.848780e-001 -1.053258e+000 9.012222e-001 5.688589e-001 6.187327e-001 -8.035392e-001 3.182956e-001 7.575822e-001 
6.255982e+000 8.842905e+000 -7.766679e+000 3.711838e+000 -2.456364e+000 2.708054e+000 -3.121326e+000 -1.533877e+000 -2.291170e+000 -1.859017e+000 -2.210384e+000 -1.138824e+000 -5.155325e-001 -1.676224e+000 -9.813901e-001 -1.526424e+000 6.585813e-002 -1.394428e+000 4.434964e-001 -2.229505e-001 2.166374e-001 -7.316563e-001 4.312888e-001 4.036691e-001 
6.964933e+000 9.799206e+000 -6.197208e+000 2.949255e+000 -1.622380e+000 2.171787e+000 -2.236873e+000 -1.649594e+000 -8.984297e-001 -2.248578e+000 -1.613080e+000 -6.795992e-001 1.096802e+000 -5.658755e-001 -6.523868e-001 -1.163402e+000 -3.692828e-001 -4.570150e-001 -2.688433e-001 2.030135e-001 -1.096729e-001 4.194957e-002 -1.289896e-002 6.362520e-001 
9.160531e+000 1.371730e+001 -4.496242e+000 2.272862e+000 1.115095e-001 1.146812e+000 -1.825575e+000 -1.516422e+000 -3.115689e-001 -1.829344e+000 -1.417153e+000 -1.145622e+000 -1.636928e-001 -1.377574e+000 -1.255380e+000 -1.214447e+000 -5.701468e-001 3.833191e-001 -1.104305e-001 -1.379941e-001 -3.253679e-001 -4.242754e-001 -4.604776e-001 3.612548e-002 
7.913629e+000 1.333430e+001 -5.927631e+000 4.153463e+000 -4.023240e-001 2.833515e+000 -1.584790e+000 -1.134216e+000 -4.803399e-001 -1.639796e+000 -1.602612e+000 -2.079419e+000 -2.964376e-001 -1.400877e+000 -1.160846e+000 -1.036299e+000 -5.709185e-001 -6.330624e-001 -3.619212e-001 -4.660510e-001 -3.308325e-001 -1.925857e-001 3.515087e-001 3.826548e-001 
1.010087e+001 1.123801e+001 -5.578519e+000 4.985913e+000 -5.103342e-001 2.182868e+000 -8.651920e-001 -1.736769e-001 -5.276872e-001 -6.437068e-001 -1.607398e+000 -1.758236e+000 -4.131718e-001 -3.344805e-001 3.120842e-001 -1.123703e+000 -7.572466e-001 -8.139874e-001 -4.191440e-001 -6.713175e-001 -5.785639e-001 -4.910372e-001 3.410484e-001 5.887913e-001 
9.847294e+000 9.399910e+000 -6.883058e+000 4.702154e+000 -1.638107e+000 4.030530e+000 -1.008739e+000 6.435571e-001 -8.342454e-001 1.946191e-001 -1.395467e+000 -1.089238e+000 -4.160460e-001 -4.639605e-001 -1.121717e+000 -1.478579e+000 -6.421858e-001 -9.395415e-001 -3.715955e-002 -4.204009e-002 1.810716e-002 -5.049935e-001 1.875750e-001 5.673462e-001 
9.187964e+000 8.519561e+000 -7.179968e+000 3.156570e+000 -2.174775e+000 4.107931e+000 -1.200134e+000 5.186332e-001 -1.308156e+000 4.765545e-001 -1.323137e+000 -2.591940e-001 -3.266436e-002 -2.252866e-001 -8.051226e-001 -8.305943e-001 -4.706008e-001 -7.417423e-001 -3.681757e-001 -6.730798e-001 -2.328244e-001 -5.025051e-001 -3.408707e-001 -8.203051e-002 
7.860452e+000 9.033131e+000 -8.513115e+000 2.964018e+000 -3.355850e+000 3.168472e+000 -1.823352e+000 -8.580606e-001 -1.133850e+000 -9.025733e-001 -2.214409e+000 -1.656521e+000 -3.936813e-001 -1.540370e+000 -9.207506e-001 -1.678957e+000 -7.161442e-001 -6.140612e-001 1.802432e-001 -3.924811e-001 1.389349e-001 -3.701007e-001 -3.580646e-001 4.809990e-001 
5.784823e+000 8.664804e+000 -9.685989e+000 2.116356e+000 -3.443075e+000 2.754043e+000 -3.030734e+000 -8.245201e-001 -9.224446e-001 6.071538e-001 -3.245448e-001 -2.931889e-001 1.436504e+000 -4.874776e-001 1.565934e-001 -1.749375e+000 6.353491e-002 -1.076539e+000 6.224652e-002 -6.906950e-001 -4.687413e-001 -1.028820e+000 -4.442008e-001 1.700844e-001 
4.984390e+000 7.161796e+000 -1.016710e+001 2.488645e+000 -3.448644e+000 2.076187e+000 -4.427432e+000 -1.064418e+000 -1.016806e+000 -6.658816e-001 -1.608363e+000 -4.411337e-001 9.055720e-001 -6.218299e-001 1.503231e-001 -1.302956e+000 6.101638e-001 -1.058089e+000 3.774443e-001 -9.677158e-001 4.052099e-001 -3.540303e-001 -1.469641e-001 -1.130617e-001 
3.461985e+000 6.756847e+000 -9.640248e+000 2.921327e+000 -3.125654e+000 2.185611e+000 -4.662009e+000 -1.699229e+000 -1.876491e+000 -1.118062e+000 -1.269858e+000 -1.042680e+000 8.433551e-001 -2.844118e-001 2.498714e-001 -1.294538e+000 -2.841633e-001 -1.395283e+000 -1.931872e-001 -1.532249e+000 2.285172e-001 -2.590687e-001 8.417448e-002 -4.930875e-002 
