6.197175e+000 1.479384e+001 -5.633211e+000 2.334779e+000 -1.068978e+000 2.358237e+000 -2.587518e+000 -1.173790e-002 -7.507288e-001 -2.788880e+000 -2.450535e+000 -1.007351e+000 -7.798690e-002 -5.037765e-001 9.629884e-001 4.063579e-001 5.783325e-001 -1.152559e+000 1.009351e+000 1.668797e-001 -1.431652e+000 -1.132212e+000 -1.197582e+000 5.033413e-001 
4.088605e+000 1.524258e+001 -4.505253e+000 3.587487e+000 -1.699935e+000 1.923692e+000 -3.083805e+000 -3.725792e-001 1.115112e+000 -1.912663e+000 -1.256029e+000 -8.577410e-001 9.057452e-001 -7.334073e-001 3.461781e-001 -6.877447e-001 -5.162260e-001 -1.713628e+000 4.164283e-001 6.414379e-001 -1.245950e+000 7.933813e-002 -9.208099e-001 5.382208e-001 
2.172335e+000 1.467586e+001 -2.426140e+000 3.041212e+000 5.513245e-001 3.144004e+000 -2.053893e+000 -5.706794e-001 2.902333e-001 -1.491687e+000 -1.164143e+000 -4.339779e-001 8.857750e-001 -3.262988e-001 -4.688568e-001 -5.592286e-001 -9.729197e-001 -9.588065e-001 4.676635e-002 4.950918e-001 -1.030165e+000 -5.659890e-001 -4.710154e-001 8.646779e-001 
5.028952e+000 1.190203e+001 -2.275694e+000 4.260095e+000 9.072736e-001 3.348557e+000 -5.843741e-001 3.409543e-001 -2.831792e-001 -6.496575e-001 -1.840851e+000 1.000183e+000 -3.619475e-001 1.034396e+000 -1.436993e+000 -2.706868e-001 -9.585973e-001 -5.152560e-001 -2.710221e-001 1.795848e-001 -7.188751e-001 -9.247589e-001 -4.003353e-001 4.895659e-001 
5.406735e+000 9.588561e+000 -3.258139e+000 3.611760e+000 3.900250e-001 3.098700e+000 -1.720914e+000 9.435143e-001 4.701579e-001 -4.364247e-001 -1.780194e+000 1.245221e+000 2.893877e-001 1.755752e+000 -1.250790e+000 -3.381550e-001 -1.053391e+000 -3.722942e-001 -7.331318e-001 -3.624138e-003 -9.270272e-001 -3.988440e-001 5.525960e-001 6.375090e-001 
6.004078e+000 7.607574e+000 -3.010137e+000 3.330883e+000 -7.514843e-001 3.040582e+000 -2.418044e+000 8.989847e-001 -5.683305e-002 1.231639e+000 -1.480719e+000 1.465501e+000 -9.230866e-001 1.696955e+000 -1.669353e+000 -1.314288e-001 -6.769197e-001 -1.403511e-001 -7.822319e-001 1.571331e-001 -6.972371e-001 -4.842978e-001 2.553442e-001 7.740518e-001 
5.929151e+000 6.205351e+000 -5.036572e+000 5.459336e-001 -2.226128e+000 2.931680e+000 -2.306968e+000 7.921942e-001 -1.928221e-001 1.573164e-001 -2.371683e+000 1.711416e+000 -4.812443e-001 1.289615e+000 -1.451742e+000 1.075161e-002 -1.713873e+000 1.587566e-001 4.763557e-001 4.829729e-001 -1.073911e+000 -8.540040e-001 5.386374e-001 8.756077e-001 
6.723795e+000 5.840218e+000 -4.072234e+000 1.477216e+000 -2.780847e+000 2.388814e+000 -2.382199e+000 4.524579e-001 -6.489068e-001 -3.475574e-001 -2.340235e+000 1.895243e+000 -5.217194e-001 2.158667e+000 -1.518159e+000 -2.671775e-001 -2.219901e+000 -2.135703e-001 -6.047435e-001 2.166113e-001 -1.121891e+000 -6.430177e-001 8.737838e-001 1.258258e+000 
7.645887e+000 5.734328e+000 -2.666846e+000 2.770194e+000 -1.335704e+000 1.851520e+000 -1.783122e+000 9.384718e-003 -3.724283e-001 -1.547627e+000 -1.855725e+000 1.829552e+000 5.133810e-001 1.281190e+000 -1.207546e+000 -2.834956e-002 -1.455944e+000 -4.936912e-001 -4.121868e-001 3.649282e-002 -3.154225e-001 -2.821766e-001 8.432507e-001 1.088213e+000 
1.062053e+001 1.189611e+001 -2.654285e+000 7.735021e-001 -6.128947e-001 9.032063e-001 -1.830919e+000 -4.407084e-001 -6.290282e-001 -2.236828e+000 -1.939523e+000 1.195467e-001 7.532868e-001 2.932983e-002 -2.194560e-001 1.527022e-001 -2.419087e-002 -8.280234e-001 6.293050e-001 2.405778e-001 -8.932893e-001 -5.119348e-001 -1.665358e-001 5.155326e-001 
4.942495e+000 1.491025e+001 -3.857330e+000 2.861397e+000 -1.590289e+000 2.173190e+000 -3.278621e+000 -2.132181e-001 -8.008728e-001 -2.647625e+000 -1.946393e+000 -9.839833e-001 1.055263e+000 -1.905064e-001 9.652728e-001 -4.645606e-001 8.904107e-002 -1.480812e+000 2.427490e-002 1.006954e-001 -7.291410e-001 -2.794949e-001 -6.573334e-001 7.997773e-001 
1.871345e+000 1.525471e+001 -3.079833e+000 4.193255e+000 -1.400705e+000 2.668573e+000 -2.387772e+000 -9.023344e-001 8.923563e-001 -2.392838e+000 -9.714141e-001 -9.458564e-001 1.252895e+000 -5.334347e-001 3.729190e-001 -8.493760e-001 -6.828638e-001 -1.380823e+000 2.802024e-001 5.497932e-001 -1.415358e+000 6.691995e-002 -9.796758e-001 6.814015e-001 
4.045246e+000 1.400962e+001 -1.729281e+000 4.008912e+000 5.066679e-001 2.546898e+000 -2.488213e+000 -7.053239e-002 -1.196119e-001 -1.197960e+000 -9.230489e-001 7.376613e-001 7.057965e-001 -1.421225e-001 -9.363051e-001 -5.147087e-001 -1.383875e+000 -1.160118e+000 -3.827447e-001 5.659681e-001 -5.411500e-001 -3.614169e-001 -2.062533e-001 7.300425e-001 
5.511506e+000 1.091462e+001 -1.488454e+000 5.206754e+000 1.130201e+000 2.801614e+000 -1.988594e+000 -4.113814e-001 -6.249233e-001 4.140521e-003 -1.543032e+000 1.456379e+000 -5.151164e-001 1.421933e+000 -1.209313e+000 4.110398e-001 -8.962800e-001 -1.064874e+000 -9.470684e-001 1.185556e-001 -5.218490e-001 -6.926984e-001 -3.969324e-001 3.541919e-001 
5.547334e+000 9.374834e+000 -2.063695e+000 4.237036e+000 7.741763e-001 2.521056e+000 -3.061612e+000 -2.035511e-001 -1.401916e+000 -8.586502e-001 -2.396019e+000 1.466898e+000 1.966502e-001 2.282458e+000 -7.989566e-001 4.265942e-001 -5.842386e-001 3.304415e-001 -9.300262e-002 2.480680e-001 -9.986669e-001 -6.826412e-001 5.524192e-001 5.683123e-001 
7.363049e+000 8.155599e+000 -3.247390e+000 3.119918e+000 -1.794143e+000 1.800624e+000 -3.553628e+000 -4.193487e-001 -1.607493e+000 -9.288999e-001 -2.021049e+000 2.553293e+000 3.094494e-001 2.110879e+000 -1.412628e+000 -1.105386e-001 -8.278162e-001 3.106405e-001 5.016831e-001 1.083590e+000 -3.353483e-001 -6.386669e-001 1.055172e-001 6.193562e-001 
6.778975e+000 7.594310e+000 -3.153414e+000 2.644887e+000 -1.950785e+000 1.514515e+000 -4.206502e+000 -1.864263e-001 -8.735323e-001 -7.318290e-001 -1.974364e+000 2.508982e+000 -5.071328e-001 6.670458e-001 -1.355885e+000 -8.466886e-002 -1.465434e+000 -3.843855e-003 4.088061e-001 9.069159e-001 -1.095411e+000 -9.534959e-001 -1.469303e-001 4.956032e-001 
6.621019e+000 6.342492e+000 -3.239695e+000 2.726727e+000 -1.791642e+000 1.752220e+000 -3.174251e+000 -8.011306e-001 -1.112044e+000 5.176811e-002 -1.685458e+000 1.185414e+000 -1.312306e+000 1.325809e+000 -1.827531e+000 -7.280063e-002 -1.418731e+000 3.017179e-001 -1.604549e-002 7.364108e-001 -8.825565e-001 -1.391802e+000 -3.620225e-001 3.211931e-001 
