1.658514e+001 1.061210e+001 -1.373469e+001 2.883133e-001 -1.153376e+000 5.332522e-001 -5.038511e+000 -2.906318e+000 -4.999657e+000 1.313779e-001 -4.734194e+000 4.732834e-001 -3.784945e-001 -2.554866e+000 -1.951515e+000 -4.228790e-001 -1.352472e+000 -3.191918e+000 -2.169751e+000 3.648273e-002 1.420847e-001 -7.105958e-001 1.858045e+000 -2.124963e-002 7.712960e-001 3.630265e-001 2.023021e+000 1.326603e+000 5.867843e-002 -9.791870e-001 -1.691168e-001 -5.417074e-001 4.548784e-002 -4.093347e-001 -8.210165e-001 -7.263838e-001 
1.513148e+001 1.093364e+001 -1.180806e+001 3.681656e-001 -1.526274e+000 1.409528e+000 -5.228628e+000 -1.567226e+000 -5.626222e+000 1.562302e+000 -3.381136e+000 -3.350573e-001 -7.360855e-001 -1.546946e+000 -2.435728e+000 7.139352e-001 -2.678442e-001 -2.415576e+000 -1.569499e+000 -1.112818e+000 -6.128745e-001 -4.434677e-001 2.457848e+000 2.698969e-001 1.543179e+000 -2.316504e-001 1.320625e+000 5.564046e-001 8.211819e-001 -2.575978e-001 4.219331e-001 -3.760173e-001 2.729755e-001 -5.463057e-001 -1.252515e+000 -1.028832e-002 
1.373954e+001 1.052558e+001 -1.087114e+001 -1.560151e-001 -1.921960e+000 1.575198e+000 -5.538317e+000 -2.121889e+000 -4.740263e+000 1.109673e+000 -3.811234e+000 -2.058674e+000 -7.839213e-001 -1.896753e+000 -3.357838e+000 3.959889e-001 -7.728528e-001 -2.046815e+000 -2.404567e+000 -5.476618e-001 -1.856586e-001 -3.791618e-002 2.005075e+000 4.099308e-002 2.999695e+000 -7.772053e-001 1.245987e+000 6.300278e-001 6.078346e-002 -3.684048e-001 6.476654e-001 -3.177062e-001 -3.167156e-001 -3.774095e-001 -1.560745e+000 -5.695162e-002 
1.339996e+001 1.073266e+001 -1.248171e+001 2.032736e-001 -2.098295e+000 2.503955e+000 -4.885265e+000 -1.461360e+000 -2.329248e+000 -3.486661e-001 -3.549433e+000 -1.377438e+000 -8.787967e-001 -1.624823e+000 -3.224889e+000 -3.816474e-001 -1.039575e+000 -2.575371e+000 -1.462916e+000 1.078231e+000 -1.199301e-001 9.191599e-002 1.913352e+000 8.778892e-001 2.984458e+000 -5.711229e-001 1.877370e+000 6.549762e-001 1.003917e-001 2.628314e-001 7.583402e-001 -1.579902e-001 -7.287021e-001 -4.178163e-001 -1.174216e+000 -8.434362e-001 
1.337622e+001 1.280468e+001 -1.158743e+001 6.040817e-001 -2.381965e+000 1.436253e+000 -5.929412e+000 -2.597050e+000 -1.566348e+000 -9.820520e-001 -3.007434e+000 -1.265956e+000 -9.146087e-001 -1.926267e+000 -2.826613e+000 -6.149908e-001 -1.391635e+000 -3.731893e+000 -1.553080e+000 8.630839e-001 -1.094258e+000 -8.836035e-001 1.374800e+000 8.545413e-001 1.752066e+000 -1.356141e-001 1.601247e+000 4.204560e-001 5.868218e-002 -7.051929e-001 1.486881e-001 -2.088826e-001 -1.035265e+000 -5.814969e-002 -1.191530e+000 -1.759383e-001 
1.510845e+001 1.150529e+001 -9.134933e+000 -4.589974e-001 -1.641490e-001 1.459077e+000 -3.743610e+000 -1.267439e+000 -3.210747e-001 -1.940838e+000 -2.061889e+000 -2.245161e+000 -2.136862e-001 -2.003183e+000 -1.888485e+000 -6.036656e-001 -6.030105e-001 -2.026231e+000 -1.111969e+000 1.595720e+000 -3.472306e-001 -5.135550e-001 1.881011e-001 9.631191e-001 8.685791e-001 7.185392e-002 1.185619e+000 4.330391e-001 3.519556e-001 4.723295e-002 6.608482e-001 9.326113e-002 -1.446197e+000 -5.988207e-001 -5.393734e-001 -8.053154e-002 
2.139817e+001 9.536756e+000 -8.728509e+000 5.112253e-001 1.591845e+000 -7.436811e-001 -3.414351e+000 -3.998092e+000 -2.861855e+000 -8.685647e-001 -2.347918e+000 1.469120e-001 8.164664e-001 -1.965685e+000 -9.840286e-001 9.556190e-001 6.421164e-002 -2.299245e+000 -1.551181e+000 -3.866145e-001 -5.137267e-001 -3.798595e-001 8.810320e-001 6.137448e-001 -7.176965e-002 4.637569e-002 6.793655e-001 6.545362e-001 -4.806209e-001 -6.954157e-001 -1.520076e-001 -6.936399e-002 9.528629e-002 2.606361e-001 -6.077362e-001 -3.567363e-001 
1.532525e+001 1.075445e+001 -1.388062e+001 1.728545e+000 -6.629693e-001 1.991151e+000 -5.509422e+000 -2.653717e+000 -6.068969e+000 -1.926568e-002 -5.196885e+000 -1.544780e-001 -8.001330e-001 -2.517304e+000 -2.409432e+000 -6.633121e-002 -1.580779e+000 -3.722782e+000 -2.260845e+000 -1.188455e+000 -4.186195e-001 -9.567091e-001 2.142298e+000 7.565541e-001 1.033476e+000 6.445603e-002 1.755642e+000 2.679475e-001 -2.690821e-002 -1.086420e+000 -1.733514e-001 -3.764726e-001 -4.629500e-002 -5.064426e-001 -1.290071e+000 -6.931362e-001 
1.487819e+001 1.122733e+001 -1.066932e+001 5.781700e-001 7.145218e-001 1.718576e+000 -4.373792e+000 -2.135747e+000 -5.565313e+000 -2.850561e-001 -3.203366e+000 -1.514329e+000 2.756800e-003 -1.280952e+000 -2.643948e+000 7.311178e-001 -6.201510e-001 -3.193382e+000 -1.773314e+000 -8.237378e-001 -3.735330e-001 8.865596e-002 2.308205e+000 8.826051e-001 1.718033e+000 2.602595e-001 1.407013e+000 8.426907e-001 1.861907e-001 -2.447769e-001 -6.778534e-002 -4.644108e-001 -9.204022e-003 -2.319291e-001 -1.257981e+000 1.471245e-001 
1.262982e+001 1.139024e+001 -1.245758e+001 5.628190e-001 -1.630967e+000 2.083260e+000 -6.120646e+000 -2.200317e+000 -5.693153e+000 7.760159e-002 -4.915935e+000 -3.480620e+000 -8.439525e-001 -2.000783e+000 -3.384764e+000 -1.371754e-001 -2.085729e+000 -3.239554e+000 -2.554429e+000 -8.509678e-001 -5.516610e-001 -6.117956e-001 8.671034e-001 -3.477579e-001 2.793166e+000 -9.441622e-001 1.757268e+000 5.277495e-001 -1.928783e-001 -1.244916e+000 4.520402e-002 -7.120668e-001 -9.876198e-002 -4.448191e-001 -1.450392e+000 -4.211553e-001 
1.340215e+001 1.029856e+001 -1.043120e+001 4.543256e-001 7.514880e-002 2.117062e+000 -5.006920e+000 -2.829327e+000 -2.372651e+000 -1.552428e+000 -3.976607e+000 -1.716239e+000 -3.743546e-001 -1.624271e+000 -1.888462e+000 2.948084e-001 -2.738545e-001 -2.720275e+000 -2.245048e+000 6.954462e-001 -5.401505e-001 -4.634908e-001 1.641122e+000 1.146676e+000 2.042575e+000 -2.526842e-001 1.679033e+000 6.790199e-001 -1.740253e-001 2.705672e-001 8.076996e-001 1.878084e-001 -8.336170e-001 -8.780250e-002 -1.227585e+000 -8.411354e-001 
1.247287e+001 1.281516e+001 -1.164076e+001 1.340709e+000 -1.751828e+000 1.799857e+000 -5.562118e+000 -2.219350e+000 -1.572275e+000 -1.869261e+000 -3.008866e+000 -1.859270e+000 -5.663332e-001 -2.401878e+000 -1.915716e+000 4.990766e-003 -7.522515e-001 -3.556147e+000 -1.680305e+000 9.602602e-001 -1.100156e+000 -4.787819e-001 1.130346e+000 1.143904e+000 1.419123e+000 2.017865e-001 1.294766e+000 4.213079e-001 4.426888e-001 -2.661990e-001 7.727545e-001 -1.749365e-001 -1.429214e+000 -4.434099e-001 -1.170072e+000 3.966274e-002 
