1.393159e+001 1.153908e+001 -1.553366e+001 4.857511e+000 -1.914499e+000 3.549155e-001 -3.307761e+000 -5.479625e+000 1.710788e+000 -2.320026e+000 -3.847709e+000 -1.385898e+000 -3.149550e+000 -3.112345e+000 -5.806213e-001 -6.816263e-001 3.528421e-001 1.111738e+000 1.027622e+000 1.017253e+000 1.373386e+000 1.207231e+000 1.356709e+000 1.719165e+000 3.607115e-001 2.947699e-001 1.277273e-002 -3.247172e-001 -2.502029e-001 6.368141e-002 1.096312e+000 7.099102e-002 2.144184e-001 1.438675e+000 5.736943e-001 5.663700e-001 
1.421580e+001 1.317950e+001 -1.442746e+001 4.771548e+000 -2.273758e+000 6.887752e-001 -4.267724e+000 -7.107735e+000 2.815895e+000 -2.530466e+000 -3.885473e+000 -8.831898e-001 -2.931318e+000 -2.948777e+000 -9.363394e-001 -9.200095e-002 1.487053e-001 7.691489e-001 9.454426e-001 3.260015e-001 1.404447e+000 1.151686e+000 1.245739e+000 2.005617e+000 3.314417e-001 5.606847e-001 2.776793e-001 -5.473786e-001 -3.486823e-001 -5.778072e-001 1.204065e+000 5.853485e-001 -7.875256e-002 1.425500e+000 7.124750e-001 2.042718e-001 
1.423639e+001 1.220586e+001 -1.408180e+001 3.308262e+000 -2.797954e+000 1.303782e+000 -4.481643e+000 -8.298372e+000 2.556921e+000 -3.396264e+000 -4.960467e+000 -8.807831e-001 -2.634359e+000 -2.526647e+000 -1.497686e+000 -6.990205e-001 -3.099594e-001 4.879851e-001 7.008387e-001 4.662091e-001 1.840968e+000 6.106681e-001 1.112790e+000 2.433764e+000 1.264654e-001 7.303757e-001 1.210174e+000 -2.366735e-001 -6.502342e-001 -4.293104e-001 1.326086e+000 5.378189e-001 -4.004314e-001 1.528861e+000 1.267432e+000 -3.289094e-002 
1.374155e+001 1.177742e+001 -1.311057e+001 3.475953e+000 -1.619967e+000 2.153810e+000 -3.736254e+000 -7.374561e+000 2.476308e+000 -3.148396e+000 -5.243526e+000 -1.066047e+000 -2.271443e+000 -2.479917e+000 -8.951216e-001 -3.885915e-001 1.608089e-001 7.186608e-001 5.633061e-001 5.783202e-002 8.204970e-001 7.158734e-001 1.116833e+000 2.653044e+000 6.690152e-001 8.039800e-001 1.753682e+000 -3.680935e-001 -9.659989e-001 -8.036678e-001 8.445476e-001 4.107707e-001 -5.813173e-001 1.806301e+000 1.732272e+000 4.078836e-001 
1.312414e+001 1.221412e+001 -1.414751e+001 3.196389e+000 -2.142478e+000 1.070839e+000 -4.574411e+000 -8.069202e+000 1.734954e+000 -3.348347e+000 -5.686861e+000 -9.308580e-001 -3.117135e+000 -2.749835e+000 -7.503861e-001 -1.049837e+000 -1.814206e-001 7.635532e-001 9.950239e-001 -3.446868e-001 1.133521e+000 1.181210e+000 1.426192e+000 2.379483e+000 4.283018e-001 1.292944e+000 1.542667e+000 -6.306355e-002 -7.957368e-001 -5.957784e-001 1.140154e+000 6.133484e-001 -1.351554e-001 1.649362e+000 1.494509e+000 4.204028e-001 
1.455441e+001 1.156791e+001 -1.318834e+001 2.738352e+000 -9.201993e-001 7.515969e-001 -3.763221e+000 -7.531037e+000 2.060771e+000 -2.825256e+000 -5.360514e+000 -8.057937e-001 -3.245614e+000 -2.381769e+000 -8.053293e-001 -1.276473e+000 -5.156145e-001 7.427467e-001 1.381251e+000 -1.260406e-002 1.146710e+000 8.398025e-001 8.943720e-001 2.101877e+000 2.463525e-001 7.527523e-001 1.109994e+000 6.424448e-003 -5.052519e-001 -4.409210e-001 1.116137e+000 4.413645e-001 -3.479056e-001 1.217262e+000 1.038336e+000 1.409056e-001 
1.567524e+001 1.142782e+001 -1.296838e+001 3.674526e+000 -3.114573e-002 7.090147e-002 -2.617743e+000 -5.766944e+000 1.679406e+000 -2.315606e+000 -4.074659e+000 -5.103375e-001 -2.980516e+000 -2.359725e+000 -3.794613e-001 -1.170112e+000 -4.867895e-001 5.875249e-001 7.791118e-001 4.794945e-001 9.469662e-001 8.110655e-001 8.861250e-001 1.044154e+000 -7.323146e-003 7.509993e-002 -5.110810e-002 -3.014335e-001 -1.361248e-001 2.728033e-002 3.067014e-001 -3.389563e-001 2.529608e-001 8.720670e-001 9.218601e-002 1.707772e-001 
1.540984e+001 1.055419e+001 -1.435511e+001 3.310444e+000 -1.623206e+000 -7.181619e-001 -3.742979e+000 -6.746345e+000 9.084011e-001 -2.699227e+000 -4.346653e+000 -1.553927e+000 -3.654381e+000 -3.554561e+000 -1.309199e+000 -5.572792e-001 3.760766e-001 1.092695e+000 8.571162e-001 7.201853e-001 1.565313e+000 1.383899e+000 1.447619e+000 1.463451e+000 1.756539e-002 1.675232e-001 2.072233e-001 -1.408306e-001 -1.976376e-001 -1.960680e-001 1.020162e+000 3.161442e-001 3.847736e-001 1.699019e+000 7.530062e-001 5.138717e-001 
1.368951e+001 1.333620e+001 -1.568980e+001 5.209779e+000 -2.703403e+000 1.285433e+000 -4.196702e+000 -7.578868e+000 1.925351e+000 -3.835966e+000 -4.388748e+000 -1.389767e+000 -2.691532e+000 -2.562375e+000 -1.302150e+000 -4.653168e-001 1.258753e-001 8.888674e-001 1.153403e+000 5.654980e-001 1.361036e+000 7.206972e-001 1.206236e+000 2.393085e+000 3.386647e-001 7.732384e-001 4.153130e-001 -5.369764e-001 -1.791276e-001 -5.342088e-001 1.106029e+000 4.440067e-001 -1.640836e-001 1.678336e+000 1.489839e+000 5.592208e-001 
1.555493e+001 9.326296e+000 -1.240084e+001 2.597193e+000 -7.498726e-001 1.778524e+000 -2.887719e+000 -7.227704e+000 1.903234e+000 -2.880716e+000 -5.032053e+000 -8.128491e-001 -2.442156e+000 -2.040197e+000 -1.313748e+000 -6.349389e-001 4.902078e-001 5.564219e-001 3.700014e-001 1.770974e-001 1.036085e+000 3.047877e-001 1.249558e+000 2.591057e+000 2.699866e-001 7.643921e-001 1.515858e+000 -2.731177e-001 -9.552122e-001 -8.256858e-001 6.204882e-001 2.602147e-001 -3.941308e-001 1.714171e+000 1.650081e+000 4.426190e-002 
1.360572e+001 1.327757e+001 -1.411784e+001 3.343577e+000 -2.657786e+000 2.089530e+000 -4.442417e+000 -7.869729e+000 2.342928e+000 -2.780562e+000 -4.340304e+000 -4.851226e-001 -2.205925e+000 -2.995929e+000 -1.195531e+000 -1.050691e+000 -1.756425e-001 7.892948e-001 6.803706e-001 2.857787e-001 1.327982e+000 1.448274e+000 1.278795e+000 2.361648e+000 -2.749851e-002 2.994065e-001 1.797142e+000 4.528227e-002 -3.965821e-001 -6.701335e-001 9.359271e-001 5.846858e-001 -3.997296e-001 1.750368e+000 1.027893e+000 -5.290473e-003 
1.446278e+001 1.118593e+001 -1.385352e+001 1.806388e+000 -2.327958e+000 -1.013743e-001 -4.684217e+000 -8.322044e+000 1.272320e+000 -3.061931e+000 -5.365650e+000 -6.506342e-001 -3.290565e+000 -3.078288e+000 -1.229267e+000 -1.375914e+000 -4.458349e-001 6.066612e-001 1.060558e+000 -8.808032e-002 1.236901e+000 1.440753e+000 1.627223e+000 2.252772e+000 3.543425e-001 1.037077e+000 1.382034e+000 1.323499e-001 -3.889895e-001 -3.477227e-001 1.278287e+000 8.719160e-001 -7.164368e-002 1.341824e+000 1.140427e+000 5.832442e-002 
