8.778055e+000 1.900662e+001 -1.005756e+000 2.611331e+000 -6.335087e-001 -4.521975e+000 -3.774162e+000 1.681956e+000 1.658907e+000 -1.485622e+000 -1.424034e+000 -1.041388e+000 4.230912e-002 -1.857548e+000 -7.947272e-001 1.025339e+000 3.066896e-001 3.932667e-001 -3.701858e-001 -4.355530e-001 -2.429410e-001 -9.370201e-001 -9.766664e-001 -4.700132e-001 
6.937416e+000 1.916037e+001 -6.277450e-001 3.547754e+000 -6.254549e-001 -4.252797e+000 -3.695640e+000 9.305798e-001 1.432932e+000 -1.018725e+000 -1.156998e+000 -1.194480e+000 -1.553034e-001 -1.844156e+000 -4.082338e-001 1.076353e+000 -1.208706e-001 1.967307e-001 6.142403e-004 1.368970e-001 -3.160565e-001 -1.159870e+000 -8.825981e-001 -6.319757e-001 
4.653444e-001 1.941189e+001 7.300801e-001 3.994920e+000 1.194667e+000 -2.275699e+000 -2.114021e+000 1.481464e+000 1.717678e+000 -4.808335e-001 -3.250933e-001 -1.375858e+000 -1.301020e+000 -1.100264e+000 7.551356e-001 4.116411e-001 -6.816938e-001 -7.887190e-001 -1.069347e+000 -5.210337e-001 -3.652541e-001 -7.251618e-001 -1.937702e-001 -1.499300e-002 
-4.383768e+000 1.979215e+001 2.275125e+000 4.686773e+000 1.664440e+000 -8.556693e-001 -1.516289e+000 2.057283e+000 1.162364e+000 -7.749650e-001 -5.252008e-002 -1.230878e+000 -8.190828e-001 -1.645292e+000 1.434026e-001 2.621499e-001 -3.927896e-001 -5.905962e-001 -1.057840e+000 -1.072235e+000 -1.762112e-001 -5.189421e-001 5.995546e-002 2.622596e-001 
-4.170788e+000 1.979135e+001 1.620745e+000 2.596642e+000 2.078882e+000 5.942727e-001 -1.125546e+000 4.902985e-001 1.061032e+000 1.720481e-001 8.809371e-001 -1.116090e+000 -1.073546e+000 -9.498824e-001 1.811629e-001 -2.580145e-001 -1.555053e+000 -8.016852e-001 -3.132819e-001 -2.462484e-001 -1.180529e-001 -8.151989e-001 -2.189502e-001 3.362309e-002 
-2.174349e+000 2.062589e+001 1.663175e+000 1.535216e+000 3.282799e-001 -1.779275e-001 -1.941988e+000 2.443196e-002 2.342042e+000 1.067150e-001 -1.951844e-001 -9.215952e-001 -2.562999e-001 -1.333222e+000 -3.732088e-001 8.844690e-003 -1.140480e+000 -5.418807e-001 4.747294e-002 2.857473e-001 -4.654991e-001 -9.491947e-001 -1.937326e-001 -8.149799e-002 
-1.519218e+000 1.988288e+001 2.237156e+000 2.897177e+000 -6.656942e-001 -1.790896e+000 -2.542556e+000 3.968709e-002 2.022896e+000 -2.293068e-001 1.328146e-001 -1.429481e+000 -6.358811e-001 -6.352051e-001 -1.080987e-001 -2.852144e-001 -1.112688e+000 1.244825e-001 3.007638e-001 2.023188e-001 -1.199848e-001 -7.598884e-001 -2.820844e-001 -1.684730e-001 
1.472326e+001 1.257837e+001 1.537641e+000 -3.073401e-001 -5.074074e-001 -1.816474e+000 -1.734027e+000 3.781990e-001 8.289967e-001 -4.177223e-001 -8.404673e-001 -8.112585e-001 -7.525114e-001 -7.671005e-001 -9.443335e-002 4.383670e-001 4.565465e-001 2.261245e-001 -2.249060e-001 4.852600e-002 1.322043e-001 -5.736977e-001 -4.920658e-001 -4.329231e-002 
8.121705e+000 1.943258e+001 -1.387514e+000 2.951756e+000 -6.669647e-001 -4.483796e+000 -3.845180e+000 1.686910e+000 1.696627e+000 -1.574563e+000 -1.268214e+000 -1.143038e+000 9.737835e-002 -1.911288e+000 -8.488653e-001 1.103378e+000 2.854782e-001 4.800233e-001 -3.482512e-001 -5.699329e-001 -2.484168e-001 -9.731613e-001 -9.912849e-001 -3.601156e-001 
7.339826e+000 1.841375e+001 -3.152481e-002 3.117380e+000 -3.031589e-001 -4.425084e+000 -3.579251e+000 8.058021e-001 1.498476e+000 -8.883199e-001 -1.326640e+000 -1.029197e+000 -2.769212e-001 -1.865733e+000 -4.857995e-001 1.125121e+000 2.930593e-002 1.001625e-001 6.747200e-002 4.511548e-002 -4.081139e-001 -1.146588e+000 -8.197207e-001 -5.715680e-001 
4.112689e-001 1.956493e+001 4.559029e-001 3.939950e+000 1.019295e+000 -2.126652e+000 -2.251110e+000 1.324865e+000 1.792869e+000 -3.799989e-001 -3.512507e-001 -1.342748e+000 -1.237811e+000 -1.179397e+000 6.359490e-001 5.013302e-001 -6.494372e-001 -7.672063e-001 -9.186821e-001 -5.720106e-001 -4.514809e-001 -7.857878e-001 -1.268515e-001 -9.837981e-002 
-4.342554e+000 1.933337e+001 2.752514e+000 4.498113e+000 1.624189e+000 -9.916678e-001 -1.185315e+000 1.848946e+000 1.243241e+000 -9.062639e-001 -2.609982e-001 -1.119686e+000 -7.623896e-001 -1.452445e+000 4.147959e-002 2.543997e-001 -3.845673e-001 -6.044634e-001 -1.173583e+000 -9.808096e-001 -2.664378e-001 -4.102615e-001 8.046003e-002 2.931666e-001 
-2.475745e+000 1.742412e+001 3.014845e+000 2.090122e+000 2.169029e+000 4.756990e-001 -7.703326e-001 2.614224e-001 1.012990e+000 3.910268e-001 3.920739e-001 -8.000906e-001 -1.063003e+000 -7.971465e-001 3.136041e-002 -3.265834e-001 -1.387606e+000 -8.879863e-001 -3.953019e-001 -1.962913e-001 -2.827240e-001 -6.989186e-001 -1.861307e-001 1.128843e-001 
-2.358168e+000 2.052916e+001 1.583930e+000 1.581386e+000 5.088154e-001 -2.621549e-001 -1.810219e+000 -8.012798e-002 2.180985e+000 2.359607e-001 -1.595094e-001 -1.034202e+000 -1.805724e-001 -1.269046e+000 -4.483592e-001 6.516251e-002 -1.152901e+000 -6.812960e-001 1.548708e-001 3.602952e-001 -5.357558e-001 -8.820672e-001 -2.399370e-001 -1.969661e-001 
-8.585403e-001 1.862219e+001 2.790710e+000 2.276937e+000 -3.499156e-001 -1.873808e+000 -2.435008e+000 5.558098e-002 1.693662e+000 2.139369e-002 -1.517406e-001 -1.080062e+000 -7.594783e-001 -5.662371e-001 -1.456323e-001 -3.152997e-001 -9.828473e-001 4.691501e-002 3.192109e-001 2.305615e-001 -9.676012e-002 -6.954626e-001 -2.474813e-001 -1.592227e-001 
