1.228024e+001 1.131838e+001 -4.014670e+000 4.647304e+000 -3.169281e+000 2.249521e+000 -1.690658e+000 1.840989e+000 -5.310350e-001 -1.051784e-001 -1.165220e+000 3.277062e-001 4.925245e-001 1.094975e+000 -4.755998e-001 -3.713550e-001 -8.742963e-001 -1.071462e+000 -1.492134e+000 4.867374e-001 -6.746984e-001 -1.431664e+000 -6.331187e-001 3.438950e-001 
1.332998e+001 8.782344e+000 -5.015746e+000 3.999269e+000 -3.838232e+000 1.992236e+000 -7.238226e-001 2.642003e+000 -4.332190e-001 -6.639469e-001 -1.283051e+000 6.448507e-001 4.692627e-001 1.559254e+000 -7.244832e-002 -4.458874e-001 -9.361104e-001 -1.275075e+000 -6.984147e-001 7.047851e-002 -5.562769e-001 -1.113253e+000 -4.371650e-001 4.527577e-001 
1.417834e+001 8.272879e+000 -5.790835e+000 2.563381e+000 -4.133913e+000 3.379917e-001 -1.767201e+000 3.219000e+000 -1.406620e+000 4.916032e-002 -1.671496e+000 1.130404e+000 -2.663197e-001 1.989354e+000 -6.653360e-002 -2.952530e-001 -7.449908e-001 -3.084245e-001 -4.485818e-001 3.680811e-001 -8.567013e-001 -8.125248e-001 -3.352645e-001 1.463810e-001 
1.177798e+001 6.880449e+000 -5.926646e+000 1.890982e+000 -4.682955e+000 -5.268581e-001 -1.325345e+000 2.645123e+000 -1.990783e+000 7.224252e-001 -1.611925e+000 4.531917e-001 -1.018242e+000 1.660284e+000 -7.905182e-002 4.789084e-002 -1.341516e+000 -7.991473e-001 -9.018711e-001 -2.871472e-002 -3.129026e-001 -6.622628e-001 -6.108912e-001 1.721393e-001 
1.122818e+001 7.994647e+000 -5.873672e+000 1.186390e+000 -3.689702e+000 -7.380385e-001 -2.038554e+000 1.837360e+000 -2.053914e+000 1.617456e-001 -2.215301e+000 3.213192e-001 -1.121026e+000 1.894806e+000 -2.481217e-001 6.266482e-001 -1.254523e+000 -4.867470e-001 -5.725303e-001 1.541266e-001 -6.184146e-001 -7.359846e-001 -6.633739e-001 1.145580e-001 
9.960125e+000 7.196995e+000 -6.070160e+000 3.601047e-001 -3.073351e+000 -1.363743e+000 -2.165804e+000 2.317828e+000 -1.616669e+000 -7.696596e-001 -2.792198e+000 1.843378e-001 -6.164122e-001 9.459867e-001 -9.503745e-001 -2.049749e-002 -8.792126e-001 -6.079709e-001 -1.371187e+000 -5.987902e-002 -2.028110e-002 -9.438228e-001 -6.262303e-001 2.427566e-001 
9.057406e+000 7.386154e+000 -6.130057e+000 -2.907138e-001 -3.303077e+000 1.601015e-001 -3.142519e+000 2.362381e+000 -1.695098e+000 4.829718e-001 -3.018208e+000 1.643821e-001 -1.278266e+000 8.867971e-001 -1.234873e+000 -3.573275e-001 -1.040186e+000 -3.759711e-001 -6.504570e-001 5.670699e-001 -7.451430e-001 -1.296129e+000 -5.848647e-001 3.288389e-001 
9.987916e+000 7.885728e+000 -4.616802e+000 1.130412e-001 -2.497672e+000 1.070585e-001 -3.109760e+000 2.242220e+000 -1.198019e+000 4.174216e-001 -2.305544e+000 7.859446e-002 -1.632299e+000 9.468670e-001 -1.971722e-001 7.318223e-001 -9.722637e-001 -4.294754e-001 -6.275842e-001 1.909839e-001 -1.346106e+000 -1.318511e+000 -6.796624e-001 2.804639e-002 
9.474586e+000 9.127521e+000 -4.331712e+000 -1.236076e+000 -4.187835e+000 -6.153371e-001 -3.728151e+000 2.049633e+000 -1.627786e+000 -3.647267e-001 -2.556779e+000 7.530299e-001 -5.471933e-001 7.073450e-001 3.161296e-002 1.194348e-001 -1.424323e+000 -1.186756e+000 -2.054690e-001 4.165964e-001 -1.058413e+000 -1.072302e+000 -1.946849e-001 4.759791e-001 
8.443702e+000 9.966753e+000 -5.241340e+000 -1.260684e+000 -5.149775e+000 -7.537870e-001 -4.574449e+000 1.646857e+000 -1.684600e+000 -7.613258e-002 -1.855268e+000 7.450055e-001 -4.329335e-002 1.333941e-001 -5.802033e-001 -6.671881e-001 -1.796235e+000 -5.353406e-001 -2.039678e-001 5.668784e-001 -6.278849e-001 -1.151285e+000 -1.214680e-001 -3.196167e-003 
8.040403e+000 1.123458e+001 -4.446340e+000 -7.607136e-001 -3.326805e+000 6.607087e-001 -4.387300e+000 2.130679e+000 -8.832381e-001 8.578450e-001 -1.776087e+000 -3.347685e-001 2.610482e-001 1.983414e-001 -6.362554e-001 1.695359e-001 -1.567507e+000 -5.712883e-001 -8.191737e-001 8.921177e-001 -5.366049e-001 -1.280827e+000 1.699390e-001 3.849904e-001 
8.697779e+000 1.268818e+001 -3.283327e+000 -1.280451e-002 -2.531044e+000 2.150187e+000 -3.156152e+000 3.040113e+000 -1.645251e-001 3.514066e-001 -1.496589e+000 4.522855e-002 6.299270e-001 4.665888e-002 -4.592902e-001 3.005849e-002 -1.460265e+000 -1.929843e-001 -1.216690e+000 3.710154e-001 -1.213658e+000 -1.170323e+000 -2.552645e-001 8.553242e-002 
7.747904e+000 1.283356e+001 -2.812606e+000 5.436296e-001 -1.858674e+000 1.195055e+000 -2.968415e+000 2.546181e+000 -4.762242e-001 1.092244e-001 -1.851619e+000 2.371658e-001 5.814428e-001 9.491154e-002 -5.180964e-001 4.417228e-001 -1.367373e+000 -8.458326e-001 -6.840563e-001 5.226089e-001 -7.889548e-001 -8.076297e-001 1.691749e-001 -1.416638e-001 
7.369398e+000 1.517938e+001 -2.673383e+000 9.790874e-001 -1.897042e-001 9.795744e-001 -2.567208e+000 1.930877e+000 1.885602e-001 -1.346387e+000 -3.457395e+000 5.921690e-002 5.650911e-001 -3.646278e-001 -1.555802e-001 5.048392e-001 -3.168292e-001 -5.716275e-001 -5.217246e-001 3.979666e-001 -1.539019e+000 -1.334543e+000 -7.532550e-002 -3.501049e-001 
8.190848e+000 1.467822e+001 -8.247063e-001 1.643754e+000 1.447366e-001 3.275860e-001 -3.096721e+000 7.128659e-001 -4.889814e-001 3.528752e-002 -3.031226e+000 1.573900e-001 -4.853254e-002 -2.992478e-001 -3.637474e-001 -9.222143e-002 -6.893355e-001 -3.182604e-001 -5.760790e-001 9.652071e-001 -1.281926e+000 -1.246189e+000 7.075085e-002 2.346385e-001 
1.021934e+001 1.450170e+001 -1.481708e+000 1.539954e+000 -4.148737e-001 -1.092339e+000 -4.037967e+000 7.464204e-001 1.148859e-001 -8.720738e-001 -2.045565e+000 3.213894e-001 1.170208e-001 -1.135502e+000 -4.899508e-002 2.136364e-001 -7.557551e-001 -3.115291e-001 5.955006e-002 9.007609e-001 -1.034661e+000 -1.238211e+000 -2.587077e-001 -1.933216e-001 
1.006227e+001 1.496375e+001 -2.953451e+000 2.625314e+000 -1.796460e+000 3.371232e-001 -3.053267e+000 3.269321e-001 -2.917546e-001 -1.926387e-001 -2.914928e+000 2.055930e-001 1.088618e+000 -1.048227e+000 -1.254722e-001 -3.020463e-001 -1.154884e+000 -6.801220e-001 7.666124e-001 6.695437e-001 -1.225084e+000 -1.081888e+000 2.718395e-001 -6.286116e-001 
1.107656e+001 1.318901e+001 -1.773902e+000 1.711552e+000 7.158813e-002 -4.367718e-001 -1.932386e+000 1.983669e-001 -8.552057e-001 -9.895212e-001 -3.275421e+000 6.305043e-001 6.389963e-001 -1.627931e-001 -1.808981e-001 -1.192830e-001 -1.022968e+000 -3.766273e-001 5.046347e-001 1.240415e-001 -1.332802e+000 -9.891717e-001 2.573690e-001 -6.534472e-001 
1.078081e+001 1.357777e+001 -1.194898e+000 2.242817e+000 -1.065819e+000 -2.833531e-002 -2.705783e+000 4.566868e-001 -3.521981e-001 -4.768207e-001 -3.961246e+000 8.665131e-001 1.164606e+000 1.500252e-001 -6.912715e-001 3.239959e-001 -1.167985e+000 -4.909286e-001 9.498079e-002 5.063429e-003 -1.490575e+000 -1.192130e-001 6.757104e-001 -8.724622e-001 
1.005075e+001 1.430773e+001 -2.031245e+000 2.501983e+000 -5.511074e-001 7.349889e-001 -2.249706e+000 -1.607618e+000 4.572984e-001 -3.180106e-001 -3.632510e+000 2.616459e-001 1.574423e+000 1.374943e-002 -5.492644e-001 3.666001e-001 -1.002023e+000 -1.406548e+000 2.640018e-001 2.047517e-003 -1.279630e+000 2.863641e-001 5.832812e-001 -1.172110e+000 
1.090622e+001 1.456980e+001 -2.431212e+000 3.468674e+000 -7.045382e-001 -2.500325e-001 -1.757586e+000 -4.834155e-001 8.085480e-001 -1.032902e+000 -4.197458e+000 -7.117357e-001 1.883870e+000 -4.074954e-001 3.155775e-001 7.502212e-001 -9.748033e-001 -1.672904e+000 -2.267805e-001 3.095812e-002 -1.293324e+000 5.376922e-001 4.716406e-001 -1.348639e+000 
1.548692e+001 7.644803e+000 -7.125696e-001 1.316329e+000 -9.176862e-002 -7.649576e-001 2.684494e-001 1.153665e+000 -3.750120e-002 -1.754718e+000 -2.284786e+000 -8.705924e-001 4.256626e-001 -4.391707e-001 -3.544890e-001 -3.839334e-002 4.106211e-001 7.327441e-003 -5.151803e-001 2.014902e-002 -6.987815e-001 -1.056840e+000 -8.517245e-001 -8.076616e-001 
1.129407e+001 1.045543e+001 -1.945397e+000 5.617325e+000 -3.092227e+000 1.023598e+000 -1.453461e+000 2.125859e+000 -7.543713e-002 -7.630518e-001 -1.713292e+000 -2.002060e-001 3.750044e-001 8.380913e-001 -7.057811e-001 -6.290365e-002 3.603780e-002 -6.016039e-001 -1.210004e+000 -2.464532e-001 -4.611236e-001 -1.461670e+000 -5.812412e-001 5.374277e-002 
1.277748e+001 8.980878e+000 -4.438616e+000 5.497551e+000 -3.755196e+000 1.379341e+000 -2.046439e+000 2.892266e+000 -4.037394e-002 3.014302e-001 -2.459926e+000 1.772224e-002 -8.546008e-001 1.470674e+000 2.298030e-001 4.429526e-001 -1.851161e-001 -1.048420e+000 -8.271450e-001 2.503600e-001 -1.777933e-001 -1.050679e+000 -8.820919e-001 -1.119657e-001 
1.390774e+001 8.418216e+000 -5.038280e+000 3.336502e+000 -3.869065e+000 7.775869e-001 -1.650566e+000 3.517286e+000 -1.714209e+000 -1.123475e-002 -1.969596e+000 5.651455e-001 -1.443814e+000 1.189202e+000 -9.796034e-001 -8.354045e-001 -9.718013e-001 4.804088e-003 -7.138707e-002 7.379223e-001 -7.445179e-001 -4.947427e-001 -1.731976e-001 1.767082e-001 
1.217789e+001 7.422808e+000 -5.904608e+000 2.248929e+000 -4.318177e+000 -7.916099e-001 -2.323024e+000 2.200063e+000 -2.139055e+000 1.777584e-001 -2.154663e+000 5.142357e-001 -1.421893e+000 8.729198e-001 -1.693573e+000 -5.763356e-001 -1.348375e+000 -3.680320e-001 -5.324509e-001 6.532138e-001 7.167122e-004 -4.944756e-001 -3.906110e-001 5.343561e-001 
1.169390e+001 9.457485e+000 -5.462782e+000 1.940582e+000 -4.253679e+000 -1.147711e+000 -2.880924e+000 2.100301e+000 -2.380570e+000 2.606733e-002 -2.144269e+000 1.011966e+000 -4.770333e-001 9.293294e-001 -1.230967e+000 -1.908779e-001 -1.122169e+000 -5.349648e-001 -8.032729e-001 9.678081e-002 -3.621293e-001 -3.449050e-001 -4.185103e-001 2.031646e-001 
9.381131e+000 7.551756e+000 -4.628446e+000 2.130670e+000 -2.821113e+000 -1.563013e+000 -3.465891e+000 1.468678e+000 -2.497736e+000 -4.945094e-001 -2.317990e+000 3.259341e-001 -1.155596e+000 4.740608e-001 -9.781401e-001 -5.911281e-001 -1.086976e+000 -8.606953e-001 -1.280951e+000 2.354691e-002 -4.278449e-001 -8.105284e-001 -4.618099e-001 5.986663e-001 
9.273524e+000 8.118276e+000 -4.671769e+000 4.345751e-001 -4.006148e+000 -1.046697e+000 -3.460321e+000 2.652897e+000 -8.009146e-001 8.860649e-001 -2.187248e+000 6.831878e-001 -9.523843e-001 4.613830e-001 -1.781217e+000 -6.244509e-001 -1.378501e+000 -8.406146e-001 -1.232260e+000 3.479219e-001 7.979056e-002 -4.659637e-001 -6.271076e-002 3.928282e-001 
1.093740e+001 9.326538e+000 -3.642950e+000 8.145383e-002 -3.105701e+000 -4.771427e-001 -2.411208e+000 2.854641e+000 -6.490654e-001 -4.226970e-002 -2.667593e+000 -1.296109e-001 -1.747315e+000 8.478079e-001 -1.014598e+000 -6.600601e-001 -2.160426e+000 -1.251348e+000 -2.769770e-001 6.808873e-001 -2.964772e-001 -2.566392e-001 2.380164e-001 4.923877e-001 
8.983447e+000 8.052223e+000 -5.780314e+000 -9.010775e-001 -3.394767e+000 3.406717e-001 -4.253003e+000 2.655708e+000 -1.148093e+000 -2.301364e-001 -3.562260e+000 7.343281e-001 -3.154729e-001 9.081093e-001 -5.723065e-001 -3.177776e-001 -1.378564e+000 -7.235202e-001 2.430308e-001 8.615024e-001 -9.537745e-001 -9.613750e-001 -1.315231e-001 6.321026e-001 
8.536198e+000 9.900438e+000 -4.549532e+000 2.569780e-001 -3.120662e+000 8.003173e-001 -4.030888e+000 1.547705e+000 -1.871718e+000 -1.006529e+000 -2.988867e+000 -4.681861e-001 -9.112670e-001 1.722527e-001 -4.229503e-001 -6.480272e-002 -1.661062e+000 -1.026246e+000 -5.823492e-001 2.300919e-001 -7.533620e-001 -1.139734e+000 -1.346963e-001 2.744355e-001 
8.082535e+000 1.076121e+001 -3.746099e+000 -7.379656e-001 -2.902738e+000 1.037536e+000 -3.583310e+000 1.551271e+000 -1.671171e+000 -5.097959e-001 -2.138880e+000 -2.851734e-001 3.988370e-001 3.734497e-001 -7.324951e-001 1.653824e-001 -1.131361e+000 -3.388262e-001 -4.686170e-001 9.683079e-001 -5.981745e-001 -1.153575e+000 -8.841253e-002 3.946430e-001 
8.755313e+000 1.199683e+001 -1.985081e+000 4.445502e-001 -1.714937e+000 1.545567e+000 -3.647963e+000 2.057391e+000 -5.338290e-001 2.745095e-002 -1.411115e+000 -1.003530e-001 8.588042e-001 -2.969231e-002 -2.846672e-001 -1.238584e-001 -1.466032e+000 -4.740776e-001 -1.071828e+000 6.613979e-001 -5.751136e-001 -1.009847e+000 -2.218142e-001 -6.317015e-002 
8.088061e+000 1.242825e+001 -2.334505e+000 -2.948334e-001 -1.693449e+000 7.650669e-001 -1.834489e+000 2.559224e+000 -1.477575e-001 -5.544614e-001 -1.911838e+000 1.295108e-001 1.042574e+000 2.080562e-001 -6.000811e-001 -1.120877e-001 -1.643069e+000 -7.660471e-001 -4.293274e-001 6.130875e-001 -9.463525e-001 -9.123504e-001 2.903388e-001 4.152056e-002 
7.576220e+000 1.571297e+001 -2.714258e+000 1.380598e+000 -5.787314e-001 8.629440e-001 -3.555793e+000 1.855290e+000 6.929549e-001 -7.749680e-001 -3.382772e+000 1.910227e-001 7.116321e-001 -5.880458e-001 -3.096703e-003 -8.660002e-002 -9.313040e-001 -1.270293e+000 -5.844129e-001 8.014322e-001 -1.088791e+000 -9.612294e-001 3.371979e-001 -8.649649e-002 
9.005347e+000 1.489133e+001 -7.570288e-001 4.099419e-001 -9.093479e-001 1.110953e-001 -2.592968e+000 1.027147e+000 -1.345165e-004 -7.192825e-001 -2.819156e+000 -2.239391e-001 6.187121e-001 -4.448637e-001 -1.143385e-002 -3.298960e-001 -4.170677e-001 -4.002430e-001 -7.128541e-001 9.050315e-001 -8.702209e-001 -1.135736e+000 -1.518627e-001 1.360339e-001 
8.690630e+000 1.430315e+001 -1.768287e+000 2.459308e+000 -5.057309e-001 -7.079945e-001 -4.644012e+000 6.129819e-001 -1.691944e-001 -3.115833e-001 -2.406767e+000 4.166669e-001 -5.038563e-001 -9.733308e-001 -3.531159e-001 6.489181e-001 -3.144283e-001 4.859580e-001 -1.326790e-001 8.967867e-001 -1.252967e+000 -1.297981e+000 -5.892259e-001 -2.885567e-001 
9.813019e+000 1.391485e+001 -2.089417e+000 2.924908e+000 -1.129172e+000 -1.162188e-001 -3.363242e+000 3.767244e-001 -1.790232e-001 -5.668812e-001 -2.625708e+000 4.000783e-001 1.347054e+000 -1.532710e+000 -5.354096e-001 -1.578583e-001 -7.328274e-001 -4.172907e-001 4.451182e-001 6.928477e-001 -1.282912e+000 -7.909475e-001 -3.217186e-002 -1.061305e+000 
1.067555e+001 1.410530e+001 -2.354894e+000 2.154051e+000 -1.039770e+000 -1.210848e-001 -2.303320e+000 1.357084e+000 -7.751897e-001 -6.095211e-001 -3.684009e+000 7.891439e-001 4.574138e-001 2.858787e-002 -1.955508e-001 2.245974e-001 -1.526707e+000 -9.541354e-001 -1.187419e-001 3.635438e-001 -9.622948e-001 -2.560562e-001 3.062922e-001 -6.723820e-001 
1.068174e+001 1.353990e+001 -1.601777e+000 2.825873e+000 -5.809483e-001 2.911753e-001 -2.874177e+000 6.296043e-001 6.841748e-003 -5.737530e-001 -3.746927e+000 2.601626e-001 8.295322e-001 2.866455e-001 -5.292988e-001 7.847821e-001 -1.483153e+000 -1.348282e+000 -4.924048e-002 1.180666e-001 -1.063391e+000 2.985066e-001 4.925457e-001 -8.542410e-001 
9.311321e+000 1.479137e+001 -2.073982e+000 2.977383e+000 -2.091217e-001 8.472584e-001 -2.643102e+000 -1.286770e+000 6.169780e-003 4.250155e-001 -3.457529e+000 6.716942e-001 1.106891e+000 -1.124906e-002 -1.207900e+000 -9.836256e-003 -1.012924e+000 -9.777337e-001 5.258391e-001 2.339782e-001 -1.173201e+000 -1.131405e-001 1.992796e-001 -9.237468e-001 
