6.918144e+000 1.474705e+001 -6.694199e+000 2.844418e+000 1.320596e-001 1.955025e+000 -4.124547e+000 -1.806698e+000 -3.477618e+000 -1.641929e+000 -2.263798e+000 -1.282425e+000 -7.784559e-001 -3.165867e+000 -2.632257e+000 -6.331161e-001 -5.383841e-001 -1.425055e+000 -1.511781e+000 -3.221328e-001 -5.529204e-003 -1.607711e+000 1.155062e+000 -6.834354e-001 -7.154694e-001 -7.590097e-001 2.622584e-001 1.626776e+000 5.739853e-001 -2.136580e-002 2.036261e-001 -9.408487e-002 -7.826524e-001 -6.471969e-001 1.905204e-001 -7.799265e-001 
8.430309e+000 1.387335e+001 -7.649995e+000 1.996120e+000 -1.375864e+000 9.886830e-001 -4.577791e+000 -1.706128e+000 -4.824297e+000 -4.833904e-001 -2.550754e+000 -4.944725e-001 -9.203435e-001 -2.295501e+000 -1.895761e+000 -1.527157e-001 5.795162e-002 -2.200832e+000 -2.293033e+000 -1.095190e+000 -5.747929e-001 -2.731719e+000 3.562364e-001 -5.554894e-001 -7.631647e-001 -1.199602e+000 -1.185308e-001 1.078364e+000 9.582477e-001 -8.939305e-002 -5.034408e-001 -4.065936e-001 5.899118e-003 2.919415e-002 -1.760836e-001 -6.286151e-001 
1.075775e+001 9.696126e+000 -6.889495e+000 3.602352e+000 -8.945758e-001 2.583602e+000 -2.706311e+000 9.404584e-001 -3.839570e+000 4.276776e-001 -1.665827e+000 -1.928498e-001 -1.839521e+000 -6.500154e-001 -2.511397e+000 -9.421924e-001 -1.189736e+000 -2.027067e+000 -2.142748e+000 -1.304237e+000 -6.871838e-001 -1.708753e+000 5.258388e-001 -8.975557e-001 -5.151301e-001 -1.593072e+000 6.480464e-001 6.465214e-001 7.808566e-001 -1.277250e+000 5.386881e-001 -4.195909e-001 8.299593e-002 -3.851750e-001 1.608654e-001 -1.540415e-001 
1.240016e+001 9.054905e+000 -6.061415e+000 5.197828e+000 -1.029518e+000 2.996410e+000 -3.978893e+000 1.656210e+000 -5.512766e+000 2.194492e+000 -6.506156e-001 7.710937e-001 -2.099832e+000 2.234354e-001 -4.098197e-001 7.060590e-001 -2.235902e-001 -7.766871e-001 -2.349791e+000 -2.985059e+000 -1.592173e+000 -3.417162e+000 -7.519508e-001 -1.331191e+000 1.302105e+000 -7.979610e-001 6.039717e-001 -2.525527e-001 1.156700e+000 -1.086102e+000 3.432161e-001 3.177171e-001 7.486566e-001 4.170651e-001 9.961965e-001 3.167090e-001 
1.320499e+001 7.071520e+000 -6.928131e+000 4.170978e+000 -1.620167e+000 1.818183e+000 -3.789870e+000 1.185112e+000 -4.704231e+000 1.205647e+000 -9.989830e-001 9.877367e-001 -1.823451e+000 1.452915e+000 3.645858e-001 9.721614e-001 1.517706e-001 4.752900e-001 -1.190392e+000 -2.094006e+000 -1.103002e+000 -2.110169e+000 3.677316e-001 -1.042694e+000 9.301298e-001 -1.007839e+000 1.028740e+000 -5.061835e-002 1.256126e-001 -1.666822e+000 -5.668492e-001 -2.317973e-001 2.789414e-001 2.121715e-001 2.760359e-001 5.295829e-001 
1.106989e+001 5.383390e+000 -7.808729e+000 3.774648e+000 -2.380967e+000 1.630739e+000 -5.354630e+000 1.108676e+000 -4.402439e+000 3.911941e-001 -2.184551e+000 7.604780e-001 -1.949095e+000 8.356488e-001 -1.167203e+000 9.071947e-001 4.200195e-002 1.926459e-001 -1.870965e+000 -1.864361e+000 -5.270352e-001 -2.413578e+000 9.199773e-001 -1.055670e+000 5.816072e-001 -1.262074e+000 3.445991e-001 8.185065e-002 1.682418e+000 -1.174831e+000 -2.982127e-001 -2.380425e-001 3.322719e-001 -7.468503e-002 2.336052e-003 -1.033899e-001 
1.123194e+001 6.439017e+000 -7.617998e+000 2.596559e+000 -3.712941e+000 2.406028e+000 -4.867100e+000 8.673695e-001 -4.581005e+000 -3.192438e-001 -1.900147e+000 1.676465e+000 -2.398923e+000 -2.426811e-001 -1.494250e+000 7.071891e-001 -7.137532e-001 -9.516370e-001 -2.295931e+000 -2.889968e+000 -6.663866e-001 -2.056910e+000 1.212098e+000 -8.944698e-001 3.872874e-001 -1.088773e+000 1.633901e-001 3.463489e-001 1.709188e+000 -1.041564e+000 6.993217e-003 1.034672e-001 -9.480888e-002 -1.650984e-001 2.437807e-001 -1.502026e-001 
1.063836e+001 6.121379e+000 -7.876254e+000 3.574528e+000 -4.549369e+000 1.499503e+000 -5.676388e+000 7.625034e-001 -5.381951e+000 -4.612652e-001 -2.531457e+000 7.939305e-001 -1.708974e+000 1.197286e+000 -1.182698e+000 2.510995e-001 -1.345226e+000 -8.119442e-002 -2.241930e+000 -3.216797e+000 -9.672649e-001 -1.535718e+000 1.848734e+000 -8.881540e-001 4.346849e-001 -1.598958e+000 6.052042e-001 3.954944e-001 1.846634e+000 -4.575517e-001 -2.703538e-001 -4.294433e-001 4.475150e-001 2.438476e-001 2.136301e-001 1.399551e-001 
1.042353e+001 6.441057e+000 -7.660504e+000 2.407516e+000 -3.959133e+000 1.929701e+000 -5.622215e+000 -5.358145e-001 -5.681342e+000 -4.855649e-001 -1.540069e+000 1.980876e+000 -7.876504e-001 7.567012e-001 -4.890742e-001 2.584177e-001 -2.924645e-001 4.169538e-002 -1.177989e+000 -2.030879e+000 2.235767e-001 -1.441543e+000 7.656779e-001 -1.415802e+000 -3.707531e-001 -1.007117e+000 6.185321e-001 4.640850e-001 1.469051e+000 -1.714656e-001 3.705659e-001 1.165927e-001 -1.704071e-001 -2.171957e-001 -6.494997e-001 -1.075613e-001 
8.962344e+000 6.317581e+000 -9.501205e+000 1.260558e+000 -3.514399e+000 2.527332e+000 -6.686359e+000 1.158498e+000 -4.266268e+000 -4.331634e-001 -1.614138e+000 1.103422e+000 -1.084862e+000 1.239187e-001 -6.005047e-001 -4.331425e-001 -8.128308e-001 -1.203250e+000 -8.013473e-001 -1.193230e+000 8.165915e-001 -1.282109e+000 3.726304e-001 -5.411679e-001 7.786489e-002 -3.335891e-001 7.139978e-001 4.626541e-001 9.796456e-001 3.902519e-001 8.918476e-001 1.541105e-001 -8.700482e-001 -6.698552e-001 6.312202e-001 1.341896e-001 
9.592245e+000 6.776847e+000 -7.299729e+000 1.855965e+000 -3.516428e+000 3.146724e+000 -6.735228e+000 1.035075e-001 -4.533176e+000 -1.235440e+000 -1.900067e+000 9.449239e-001 -6.274273e-001 4.135502e-002 -5.040111e-001 1.224749e+000 -8.700054e-001 -1.499218e+000 -8.837600e-001 -1.358420e+000 4.504160e-002 -1.082520e+000 2.298931e-001 -1.250716e+000 -4.404108e-002 -5.818782e-001 1.070911e+000 -2.693732e-001 1.041676e+000 8.003152e-001 6.605534e-001 6.569533e-003 -2.046951e-001 -4.413431e-001 4.513088e-001 -3.521731e-001 
9.952350e+000 7.787989e+000 -5.484522e+000 1.148552e+000 -1.830690e+000 3.499872e+000 -6.893161e+000 6.192176e-001 -4.787135e+000 -1.373217e+000 -2.366803e+000 1.034758e+000 -2.568328e+000 -1.171992e+000 -2.455207e+000 -3.448047e-001 -2.357708e+000 -1.913086e+000 -8.604766e-001 -1.683839e+000 -5.288172e-001 -1.634723e+000 1.287443e+000 -8.406384e-001 7.525028e-001 -5.446177e-001 9.933343e-001 5.426340e-001 4.685420e-001 -7.747421e-001 5.270300e-002 -1.225944e-001 -2.911726e-001 -1.350912e+000 -4.566397e-001 -1.252835e-001 
8.588821e+000 9.395749e+000 -4.664958e+000 -1.970962e-001 -1.956001e+000 3.230582e+000 -7.087939e+000 1.593131e+000 -4.207424e+000 -1.085206e+000 -2.506091e+000 -2.096368e-001 -2.229593e+000 -3.554409e-001 -1.827213e+000 2.641432e-001 -1.662135e+000 -2.425885e+000 -1.540836e+000 -1.052609e+000 3.316661e-001 -1.566905e+000 6.623347e-001 -6.940375e-001 9.247408e-001 -3.357281e-001 7.919062e-001 1.454315e-001 1.198065e+000 -1.350844e-001 4.697712e-001 -7.034408e-001 -8.044636e-001 -3.627624e-001 -2.597467e-001 -2.782056e-001 
7.021410e+000 9.923655e+000 -5.196380e+000 -2.124371e-001 -3.193816e+000 3.157509e+000 -7.506725e+000 6.540664e-001 -2.817190e+000 -1.170613e+000 -2.648189e+000 2.961389e-001 -1.145130e+000 4.424796e-001 -5.712823e-001 8.860959e-001 -9.890817e-001 -2.145278e+000 -1.794364e+000 -1.866288e+000 3.670644e-001 -1.536995e+000 9.914210e-001 -8.654890e-001 4.164576e-001 -1.001152e+000 7.552176e-001 3.412387e-001 1.401960e+000 -2.113683e-001 5.577765e-001 -4.858812e-001 -4.614655e-001 2.787783e-001 -2.130903e-001 -6.269124e-001 
5.994860e+000 1.251392e+001 -4.967026e+000 -1.701324e-001 -2.365493e+000 3.084151e+000 -6.919731e+000 4.696350e-002 -2.542049e+000 -1.912121e+000 -2.417763e+000 -1.537188e+000 -5.330124e-001 -1.512982e+000 -2.497071e+000 -2.929989e-001 -1.047980e+000 -2.440424e+000 -6.347961e-001 -2.089737e+000 -7.392502e-001 -1.616349e+000 9.585468e-001 -1.471034e-001 -7.579448e-001 -1.920879e-001 6.744899e-001 9.172020e-001 -1.067032e-001 -7.585980e-001 -3.633537e-002 3.575371e-001 -7.228412e-001 -2.071673e-001 -2.246302e-001 -7.075953e-001 
3.281668e+000 1.542809e+001 -4.388585e+000 -5.268150e-001 -2.642962e+000 2.840874e+000 -5.504208e+000 -2.373516e+000 -2.239341e+000 -1.871934e+000 -3.212163e+000 -2.622764e+000 -3.962302e-001 -2.721376e+000 -3.316705e+000 -2.180871e+000 -6.648058e-001 -1.108695e+000 -1.071571e+000 -6.761917e-001 -5.323505e-001 -1.256114e+000 1.296502e+000 -6.632223e-003 -6.964694e-001 -1.046075e+000 -3.635584e-001 1.361501e+000 5.400910e-001 -5.454141e-001 1.282719e-001 6.815921e-001 -8.347771e-001 4.713709e-002 -7.740596e-001 -7.468113e-001 
3.948211e+000 1.549765e+001 -5.280203e+000 -5.652192e-001 -3.949728e+000 2.980834e+000 -5.681811e+000 -1.622281e+000 -2.651725e-001 -9.096330e-001 -3.305172e+000 -1.151939e+000 -1.680442e+000 -5.045310e+000 -2.789884e+000 -5.536261e-001 6.991512e-001 -1.428864e+000 -1.443269e+000 -4.733415e-001 -9.793092e-001 -2.074923e+000 1.828699e+000 7.455284e-001 6.457373e-001 4.784440e-001 2.204316e-001 1.173109e+000 -9.673055e-002 -8.586095e-001 7.788573e-001 4.363390e-001 -1.298125e+000 -9.119239e-002 -7.892660e-001 -1.844569e+000 
6.209247e+000 1.474587e+001 -4.336191e+000 -1.178302e+000 -3.466931e+000 2.841801e+000 -6.266397e+000 -2.136233e+000 -8.103043e-001 -1.774075e+000 -3.161982e+000 -1.328573e+000 -1.346226e+000 -4.122242e+000 -3.168119e+000 -1.012234e+000 -1.579918e-001 -9.146594e-001 -2.660945e+000 1.049164e-001 -1.780273e+000 -1.868461e+000 2.040696e+000 -6.057393e-002 4.581656e-001 -6.932387e-001 1.043385e+000 1.371563e+000 -7.983545e-002 -5.243655e-001 4.712069e-001 -5.848793e-002 -1.349557e+000 -4.560870e-001 -7.567315e-001 -1.420807e+000 
4.975636e+000 1.645444e+001 -4.235392e+000 2.064026e+000 -3.233564e+000 2.268746e+000 -7.486706e+000 -2.126365e+000 -7.097832e-001 -1.700621e+000 -2.694579e+000 -8.729613e-001 -9.324958e-001 -4.366816e+000 -1.338619e+000 -9.210229e-001 -1.628730e+000 -1.751251e+000 -2.319332e+000 6.897472e-001 -5.645339e-001 -2.024742e+000 2.164592e+000 -3.221383e-001 4.301537e-001 -8.508547e-001 7.067391e-001 1.208954e+000 9.370669e-001 5.197135e-001 -4.276861e-001 -4.722409e-001 -1.517773e+000 -1.445909e-001 -6.474274e-001 -1.100580e+000 
4.948855e+000 1.818004e+001 -5.231873e+000 1.694146e+000 -3.618630e+000 3.210119e+000 -7.982352e+000 -3.372725e+000 -1.658383e+000 -1.280186e+000 -2.029357e+000 -2.014840e+000 1.629565e+000 -5.823769e+000 -4.312737e-001 -1.943428e+000 -1.623670e+000 -1.148966e+000 -3.096089e+000 1.169328e+000 -1.174502e+000 -1.267139e+000 1.916343e+000 -2.542304e-001 -9.901838e-001 -5.201283e-001 4.350605e-001 1.846620e+000 8.250961e-001 4.865593e-001 -2.114515e-001 -9.846959e-001 -1.155530e+000 -2.525265e-001 -3.773988e-001 -1.079067e+000 
3.748019e+000 1.818483e+001 -5.700604e+000 1.414890e+000 -2.514458e+000 2.366030e+000 -7.398849e+000 -3.317031e+000 -1.608615e+000 -2.347702e+000 -1.361689e+000 -2.986339e+000 2.189861e+000 -5.128814e+000 -3.924042e-001 -1.490550e+000 -2.082020e+000 2.446018e-001 -2.991074e+000 1.534247e+000 -1.436403e+000 -1.261274e+000 1.749738e+000 4.468652e-001 2.531216e-001 -2.861417e-001 1.011910e+000 1.412199e+000 5.250326e-001 6.745289e-001 1.937182e-001 -5.218142e-001 -9.474421e-001 -1.229024e-001 -6.052556e-001 -1.281598e+000 
1.129201e+001 1.389556e+001 -1.599353e+000 1.153482e+000 1.302835e+000 1.422077e+000 -3.043494e+000 -2.070848e+000 -1.704792e+000 -1.902748e+000 -1.108800e+000 2.659437e-001 1.796720e+000 -2.505134e+000 -1.055619e+000 -5.318758e-002 -9.190871e-001 -1.702250e-001 -1.318786e+000 8.036371e-001 -3.087445e-001 -3.087426e-001 1.830792e+000 5.883532e-001 8.302090e-001 1.648781e-002 5.341002e-001 8.764440e-001 -3.434897e-001 1.210092e-002 -1.702120e-001 -1.524751e-002 -6.910325e-002 -3.561166e-002 8.360099e-002 -4.806486e-001 
6.989378e+000 1.582600e+001 -6.765027e+000 2.673415e+000 -1.159917e+000 1.562215e+000 -4.620465e+000 -1.126051e+000 -3.274489e+000 -1.551745e+000 -3.092763e+000 -1.570243e+000 -3.588301e-001 -2.301252e+000 -2.243248e+000 -6.321553e-001 -5.278092e-001 -1.527161e+000 -2.286788e+000 -1.597166e+000 -7.984956e-001 -1.895325e+000 1.457259e+000 -1.660282e-001 3.690219e-001 -1.898595e-001 5.289835e-001 1.467592e+000 -4.866940e-002 -9.684121e-001 -5.308890e-001 -3.321449e-001 -3.362033e-001 -1.931668e-001 5.169303e-001 -4.378018e-001 
8.422868e+000 1.295563e+001 -6.293556e+000 1.727028e+000 -1.963274e+000 6.081053e-001 -3.473684e+000 -9.161456e-001 -4.225267e+000 -8.759499e-001 -2.663853e+000 -1.050740e+000 -1.377831e+000 -2.267377e+000 -1.478912e+000 -3.086509e-001 -1.298898e+000 -2.758680e+000 -2.532496e+000 -8.040773e-001 -1.012254e+000 -3.091973e+000 4.156674e-001 -2.288548e-001 -6.697968e-002 -8.232806e-001 1.938047e-001 7.800937e-001 2.980312e-003 -1.057457e+000 -7.442490e-001 -4.219517e-002 2.636590e-001 1.863043e-001 -5.663285e-001 -7.640898e-001 
1.141215e+001 1.187502e+001 -5.977035e+000 4.519589e+000 -1.899614e+000 2.057972e+000 -3.502810e+000 1.180243e+000 -4.497890e+000 -7.500941e-001 -2.931782e+000 -3.666517e-001 -1.090842e+000 -2.518029e-001 -2.159179e+000 -8.197202e-001 -9.698705e-001 -2.063270e+000 -1.553028e+000 -1.706693e+000 -1.127871e+000 -2.860648e+000 -3.516635e-001 -6.483409e-001 3.874837e-001 -6.584092e-001 6.834058e-001 4.385463e-001 2.454725e-001 -1.342263e+000 2.736386e-001 3.644190e-004 2.334001e-001 -1.007076e-001 -2.995263e-001 -6.840928e-001 
1.303872e+001 9.952932e+000 -5.624001e+000 5.034322e+000 -2.250136e+000 2.775597e+000 -2.750317e+000 2.032740e+000 -6.061517e+000 9.773949e-001 -1.317095e+000 1.032223e+000 -2.246491e+000 -4.608768e-001 -1.384620e+000 -2.896275e-001 -1.793457e-001 -4.756763e-001 -1.210397e+000 -1.788303e+000 -4.681931e-001 -2.575111e+000 3.324836e-002 -1.381180e+000 8.907368e-001 -8.207902e-001 7.351256e-001 -2.735176e-002 8.032846e-001 -1.439833e+000 -1.043044e-001 -3.305809e-001 4.983800e-001 -3.181694e-001 -4.035723e-001 -5.533175e-001 
1.276564e+001 7.109982e+000 -6.819951e+000 4.828913e+000 -1.588223e+000 2.028358e+000 -3.743396e+000 3.060039e+000 -4.241202e+000 4.551296e-001 -1.683445e+000 1.265384e+000 -1.630747e+000 7.856778e-001 -7.732099e-001 2.708045e-001 -6.079722e-001 -2.469559e-001 -8.281236e-001 -1.244729e+000 -1.892512e-001 -2.000802e+000 8.740178e-001 -1.031469e+000 1.747229e-001 -1.422194e+000 8.407625e-001 -2.018237e-001 7.429435e-001 -1.519489e+000 4.452937e-001 6.183886e-003 4.704037e-001 -2.471184e-001 -1.477109e-001 -1.454598e-001 
1.154615e+001 6.253424e+000 -7.446663e+000 3.254291e+000 -2.943346e+000 1.113740e+000 -4.735555e+000 1.762498e+000 -4.507080e+000 -5.808047e-001 -3.579319e+000 -2.277815e-001 -3.015356e+000 4.040025e-001 -1.182716e+000 1.145791e+000 3.821518e-001 -1.178361e-001 -1.406515e+000 -1.127487e+000 4.678651e-001 -2.005976e+000 8.843400e-001 -1.238984e+000 1.053046e+000 -8.133149e-001 8.038186e-001 2.002193e-001 1.909408e+000 -6.083955e-001 1.878481e-001 -6.503357e-002 3.588079e-001 -4.171784e-001 -1.016958e-001 -4.008283e-001 
1.078077e+001 6.716923e+000 -6.837049e+000 3.749934e+000 -3.684299e+000 1.915068e+000 -5.796428e+000 5.852766e-001 -5.005661e+000 -7.642914e-001 -3.131244e+000 8.228475e-001 -3.012734e+000 -1.028425e-001 -1.638440e+000 4.673566e-001 -7.204407e-001 -3.533484e-001 -1.344263e+000 -1.883760e+000 -6.745579e-002 -1.604158e+000 1.368818e+000 -7.634901e-001 1.672976e+000 9.087667e-002 1.308023e+000 -2.402183e-001 6.320834e-001 -1.427861e+000 3.339341e-001 9.199917e-001 3.867210e-001 -4.571500e-001 -9.728628e-002 -6.904561e-001 
1.126504e+001 6.485975e+000 -7.477886e+000 3.616459e+000 -4.412177e+000 1.268234e+000 -5.887108e+000 7.099876e-001 -5.727307e+000 -7.364946e-001 -2.883981e+000 8.962386e-001 -1.983321e+000 6.104132e-001 -1.575614e+000 -2.910171e-001 -1.280923e+000 -9.459254e-002 -1.372867e+000 -2.655456e+000 -1.182546e+000 -2.434880e+000 1.188365e+000 -5.654433e-001 1.772943e+000 -3.324903e-001 1.251404e+000 -3.326320e-001 4.809584e-001 -1.494917e+000 -5.839600e-001 -3.070587e-001 7.298485e-001 4.640695e-002 -2.441886e-003 -3.051200e-001 
1.038981e+001 6.920854e+000 -7.324536e+000 3.062767e+000 -3.206901e+000 2.934387e+000 -5.435940e+000 4.910929e-001 -5.566351e+000 -3.260138e-001 -2.233074e+000 5.156317e-001 -1.638953e+000 2.776394e-001 -9.994194e-001 -7.371013e-001 -1.676417e+000 -7.904941e-001 -7.548858e-001 -1.481352e+000 2.662938e-001 -1.716159e+000 7.877356e-001 -5.233252e-001 1.192091e+000 -3.547627e-001 6.819439e-001 -3.253009e-001 8.985876e-001 -4.728863e-001 3.441658e-001 -5.583016e-002 -2.644765e-002 -1.658547e-002 -3.647964e-001 7.517264e-002 
9.552242e+000 8.094858e+000 -7.549243e+000 2.436488e+000 -3.055356e+000 1.882517e+000 -6.617421e+000 7.468423e-001 -4.566195e+000 -1.154514e+000 -2.194852e+000 9.167128e-002 -2.395409e+000 -8.287900e-001 -1.659927e+000 -5.736959e-001 -1.310896e+000 -1.496829e+000 -1.603564e+000 -2.341944e+000 1.805135e-001 -1.300574e+000 1.084502e+000 -6.094288e-002 2.063304e-001 -8.399050e-001 7.082861e-001 1.636817e-001 9.713807e-001 -5.906612e-001 1.836851e-001 -1.078792e-001 -3.591826e-001 -4.306459e-001 2.904232e-002 -6.326752e-001 
9.147368e+000 6.516843e+000 -7.172227e+000 1.629417e+000 -4.491887e+000 2.190097e+000 -6.877114e+000 1.312120e+000 -3.923743e+000 -4.645654e-001 -2.776178e+000 9.612651e-001 -1.706375e+000 -6.264949e-001 -1.620826e+000 7.316942e-001 -7.467367e-001 -7.496259e-001 -5.349800e-001 -1.420259e+000 -2.714546e-001 -1.113233e+000 1.233361e+000 -9.757425e-001 3.554858e-001 -9.545503e-001 1.241118e+000 1.252849e-002 1.413940e+000 5.472203e-001 5.294171e-001 -4.444854e-001 8.942412e-002 -3.481066e-001 4.508510e-001 -5.622400e-001 
8.793943e+000 7.910804e+000 -6.454667e+000 8.097726e-001 -3.608694e+000 2.804804e+000 -7.302567e+000 1.238113e+000 -4.782587e+000 -1.327975e+000 -2.641954e+000 7.367524e-001 -3.105846e+000 -1.242100e+000 -2.036337e+000 4.945587e-001 -1.397111e+000 -1.260802e+000 -2.927331e-001 -1.459644e+000 -1.410072e-001 -9.970049e-001 1.758410e+000 -8.953725e-001 6.759535e-001 -7.404819e-001 1.079220e+000 4.027966e-001 9.861679e-001 -2.442966e-001 5.142357e-001 -3.365747e-001 6.750132e-002 -9.573790e-001 -1.557083e-001 -3.536185e-001 
7.381043e+000 9.242120e+000 -4.313718e+000 7.324451e-001 -1.518908e+000 3.046299e+000 -7.413009e+000 8.361667e-001 -4.407357e+000 -6.602679e-001 -1.961161e+000 -3.997785e-001 -2.851491e+000 -8.766944e-001 -2.156799e+000 -1.110420e-001 -1.477616e+000 -1.553808e+000 -5.478924e-001 -7.521840e-001 -1.532525e-001 -2.003406e+000 7.065832e-001 -9.415672e-001 7.343179e-001 -8.727869e-001 9.857402e-001 4.697818e-001 1.003679e+000 -6.658434e-001 1.639719e-001 -5.641068e-001 -5.053665e-001 -4.995056e-001 -1.763611e-001 -1.766845e-001 
6.187523e+000 9.715443e+000 -4.498178e+000 6.922836e-001 -2.104586e+000 4.835672e+000 -6.392383e+000 1.070429e+000 -4.408818e+000 -1.633537e+000 -2.754959e+000 -1.028933e-002 -2.705786e+000 -1.813542e+000 -2.312160e+000 4.840864e-002 -1.046743e+000 -1.542534e+000 -1.145769e+000 -1.517599e+000 -2.725452e-001 -1.708059e+000 1.038586e+000 -6.322422e-001 2.750407e-001 -1.842248e+000 7.715742e-001 5.986255e-001 1.640061e+000 -5.080579e-001 -9.723297e-002 -6.664376e-001 -6.950815e-001 3.756307e-001 -2.178105e-001 -3.772449e-001 
4.483849e+000 1.020570e+001 -5.630386e+000 -8.404518e-001 -2.220949e+000 2.392009e+000 -7.345684e+000 -7.111936e-001 -2.874753e+000 -1.579923e+000 -2.345114e+000 -1.375267e+000 -1.100835e+000 -1.106082e+000 -1.680990e+000 9.798931e-001 -1.101102e+000 -2.478524e+000 -9.680650e-001 -1.483987e+000 -7.574994e-001 -2.110005e+000 8.780970e-001 1.771392e-001 3.137075e-002 -5.485491e-001 5.333459e-002 3.788949e-001 4.522860e-001 -5.537736e-001 -2.521179e-001 -5.085585e-001 -1.461698e+000 2.138548e-001 1.325813e-001 -1.450186e-002 
2.931657e+000 1.462561e+001 -4.898324e+000 -1.609532e-001 -1.885903e+000 1.985132e+000 -5.184934e+000 -1.086592e+000 -1.288362e+000 -1.659886e+000 -3.231945e+000 -2.099468e+000 -4.867852e-001 -3.338457e+000 -3.022652e+000 -3.044451e-001 -8.747271e-001 -2.367656e+000 -1.260415e+000 6.354146e-002 -4.941320e-001 -2.152552e+000 1.318041e+000 6.868793e-001 5.002077e-001 -4.108961e-002 -2.919061e-001 9.722974e-001 4.352523e-001 5.439197e-002 2.874660e-001 -5.970369e-001 -1.945393e+000 3.835971e-001 -1.580067e-001 -7.895781e-001 
3.787743e+000 1.515891e+001 -5.797622e+000 -5.153310e-002 -3.288616e+000 2.892453e+000 -5.449846e+000 -1.095277e+000 1.064742e+000 -5.800169e-001 -4.096693e+000 -1.980447e+000 -1.852819e+000 -5.483117e+000 -3.382555e+000 -1.108582e+000 2.276550e-001 -1.352692e+000 -1.730487e+000 -6.050757e-001 -1.590535e+000 -1.570654e+000 2.161280e+000 7.364497e-001 1.375205e-001 -2.301576e-001 1.605584e-001 1.494723e+000 1.911085e-001 -1.025363e+000 4.765502e-001 -2.115459e-001 -1.828222e+000 -1.581431e-001 -5.295414e-001 -1.608718e+000 
4.887768e+000 1.350839e+001 -4.923844e+000 -7.775111e-001 -3.668919e+000 3.780018e+000 -5.202636e+000 -1.012803e+000 -5.602703e-002 -1.194794e+000 -3.394828e+000 -1.825842e+000 -2.741609e+000 -5.094017e+000 -3.551660e+000 -1.382562e+000 -3.753291e-001 -9.679927e-001 -2.511060e+000 5.990678e-001 -9.565108e-001 -1.506584e+000 2.223700e+000 -1.450622e-001 2.319996e-001 -9.477875e-001 6.791157e-001 1.035455e+000 3.521582e-001 -4.345181e-001 4.166331e-001 -3.704546e-001 -1.570721e+000 -3.684079e-001 -4.531244e-001 -1.170670e+000 
4.487660e+000 1.593465e+001 -5.108338e+000 1.251285e+000 -3.428683e+000 3.407192e+000 -6.473584e+000 -2.296995e+000 -1.979776e+000 -2.254841e+000 -2.607456e+000 -4.620386e-001 -1.244497e+000 -5.116484e+000 -2.349787e+000 -1.513185e+000 -1.290358e+000 -9.946808e-001 -2.001752e+000 9.937346e-001 -7.359113e-001 -1.964839e+000 1.541456e+000 -9.726111e-001 4.328966e-001 -6.696662e-001 8.278203e-001 1.062519e+000 2.885633e-001 4.647548e-001 -1.771407e-001 1.703686e-001 -1.274651e+000 -5.155335e-001 -9.723196e-001 -1.170474e+000 
4.805521e+000 1.815511e+001 -5.904181e+000 1.447100e+000 -3.399814e+000 3.077781e+000 -7.823059e+000 -3.518071e+000 -1.615877e+000 -1.225473e+000 -1.811613e+000 -1.453180e+000 1.363093e+000 -6.489948e+000 -8.668905e-001 -1.836266e+000 -1.245434e+000 -1.285388e+000 -2.370642e+000 1.420555e+000 -1.101346e+000 -1.737764e+000 1.428786e+000 -2.659012e-001 -5.327984e-001 -4.999016e-003 7.970662e-001 1.115558e+000 3.311877e-001 3.893396e-001 3.410818e-001 -5.709234e-001 -1.149380e+000 -3.888064e-001 -3.676330e-001 -1.276131e+000 
