7.768952e+000 3.536367e+000 -5.909494e+000 5.433835e+000 -5.372056e+000 3.648473e+000 -3.695100e+000 3.023739e-001 -4.707155e+000 -1.442767e+000 -2.363511e+000 -8.977049e-001 -6.407358e-001 -1.593203e+000 -3.225759e+000 -2.427218e+000 -2.386347e+000 -2.672167e+000 3.004847e-001 7.385380e-002 -1.466597e+000 -2.540393e+000 -2.960086e-002 1.923208e-002 -6.879925e-001 -2.260521e+000 1.408192e+000 1.527060e+000 -1.883384e-001 -7.900158e-001 1.650884e-001 -1.821502e-001 -4.718417e-001 -7.004471e-001 -1.768383e-001 2.206297e-001 
9.523983e+000 2.786103e+000 -5.171913e+000 4.993671e+000 -4.647948e+000 5.897573e+000 -4.169432e+000 4.400440e-002 -4.905739e+000 -5.462188e-001 -4.062798e+000 -4.653968e-001 -1.853146e+000 -2.427878e-001 -3.759966e+000 -1.108587e+000 -1.799088e+000 -2.106143e+000 -1.305041e-003 -1.382203e+000 -1.253677e+000 -2.232927e+000 1.594211e+000 8.472104e-001 6.281773e-001 -2.578718e+000 9.667186e-001 6.225042e-001 3.588986e-001 -6.415077e-001 8.882783e-001 -5.331541e-001 -5.810434e-001 -1.219531e+000 -4.379769e-001 -5.651434e-003 
1.012649e+001 2.459557e+000 -5.708585e+000 3.947455e+000 -4.910509e+000 5.477342e+000 -4.315108e+000 -1.545087e-001 -4.376278e+000 4.164518e-001 -3.406490e+000 -2.105027e-001 -2.065873e+000 3.276255e-002 -2.168647e+000 -8.777288e-001 -1.535711e+000 -1.645521e+000 4.809034e-002 -9.823182e-001 -8.948880e-001 -2.924759e+000 7.852365e-001 5.532210e-001 -4.207619e-002 -2.601890e+000 1.310094e+000 4.945076e-001 4.726682e-001 2.545505e-001 1.412328e+000 -1.387389e-001 -8.824540e-001 -1.053816e+000 -2.615256e-001 4.564388e-001 
1.120231e+001 3.619508e+000 -6.367850e+000 5.406439e+000 -4.087990e+000 5.282327e+000 -3.764937e+000 -2.053377e-001 -5.632849e+000 -3.929450e-001 -4.160271e+000 -6.869810e-001 -3.481462e+000 1.439974e-001 -2.502864e+000 -1.706223e+000 -2.682416e+000 -1.415926e+000 -6.756415e-001 -5.919972e-001 -4.751768e-001 -2.430929e+000 1.388733e+000 2.325620e-001 4.723725e-001 -2.662403e+000 1.543057e+000 -2.923985e-001 6.537240e-001 -4.773356e-001 7.943421e-001 -8.594925e-002 -8.165132e-001 -1.354315e+000 -3.676471e-001 6.086815e-001 
9.730460e+000 6.114573e+000 -7.183822e+000 3.975924e+000 -5.036828e+000 5.735711e+000 -4.167292e+000 -4.116165e-001 -4.745689e+000 -1.402568e+000 -3.119565e+000 -1.131101e+000 -3.107701e+000 -7.492176e-001 -4.176818e+000 -1.892662e+000 -1.586985e+000 -1.782414e+000 -1.080392e-001 -8.170792e-001 -6.651089e-001 -2.589164e+000 1.619552e+000 9.373179e-002 4.103730e-001 -1.465969e+000 9.702441e-001 4.887000e-001 3.828487e-001 -8.016700e-003 -4.674429e-002 -7.694304e-001 -5.470325e-001 -1.030935e+000 -1.731264e-001 7.800676e-002 
8.684437e+000 8.276722e+000 -8.431377e+000 1.089502e+000 -3.621148e+000 3.955349e+000 -3.123726e+000 -1.974355e+000 -3.584280e+000 -2.603345e+000 -2.047988e+000 -2.026179e+000 -2.050303e+000 -1.361513e+000 -2.835177e+000 -2.625053e+000 -1.264676e+000 -1.390480e+000 9.729277e-001 -1.300703e-001 -4.008551e-001 -2.170937e+000 1.363161e+000 1.257558e+000 -6.039613e-001 -4.395763e-001 1.674004e+000 1.690066e+000 -4.825867e-001 6.208041e-001 -4.055746e-001 -3.915745e-001 -1.482964e+000 -2.985415e-001 -1.748219e-001 7.172587e-003 
1.190077e+001 1.142014e+001 -1.058234e+001 1.637170e+000 -2.897644e+000 3.298309e+000 -5.151221e+000 -2.686301e-001 -4.007429e+000 -2.202855e+000 -2.800625e+000 -1.153787e+000 -1.104612e+000 -2.226278e-001 -2.568490e+000 -3.588561e+000 -1.628265e+000 -3.389120e-001 1.375295e-001 3.655151e-001 -8.354776e-001 -2.639098e+000 2.257894e+000 1.272856e+000 4.423056e-001 -1.150253e+000 2.741524e+000 7.266067e-001 -1.825987e-001 5.392926e-001 2.355541e-001 -1.518838e+000 -7.772689e-001 -7.473962e-001 -1.333865e-001 3.825720e-001 
1.300361e+001 1.123548e+001 -1.164930e+001 8.583636e-001 -8.201467e-001 9.966832e-001 -4.654667e+000 6.596022e-001 -3.405426e+000 -3.288964e+000 -2.240683e+000 6.000232e-001 -6.865307e-001 -8.549378e-001 -2.912665e+000 -3.706357e+000 -2.236034e+000 -7.641854e-001 -5.994123e-001 -6.724598e-001 -1.229034e+000 -2.346466e+000 3.039235e+000 1.964235e+000 -3.834444e-002 1.181128e-002 1.614982e+000 7.966366e-001 -6.463679e-001 6.136792e-001 -5.611468e-001 -1.654246e+000 -3.458404e-001 -1.658756e+000 -2.451716e-001 3.809963e-002 
1.530831e+001 1.148676e+001 -1.205419e+001 6.646886e-001 -1.188606e+000 2.112279e-001 -5.872494e+000 -1.060272e+000 -3.982148e+000 -2.160106e+000 -3.031166e+000 1.925358e+000 -1.129229e-001 -4.972045e-001 -2.064155e+000 -2.587187e+000 -1.936508e+000 -8.479182e-001 -1.237023e+000 -7.457327e-001 -1.281038e+000 -2.413093e+000 2.821303e+000 1.430359e+000 1.042325e-001 -1.257238e-001 1.774328e+000 6.914579e-001 -7.945003e-001 1.976466e-001 2.224733e-001 -1.678003e+000 -4.644117e-002 -1.183949e+000 1.128373e-001 -5.147978e-002 
1.672364e+001 1.376724e+001 -1.216027e+001 1.044405e+000 -1.698798e+000 6.540215e-002 -6.753848e+000 -2.301294e+000 -4.961439e+000 -1.849801e+000 -4.019588e+000 2.133096e+000 -2.427687e-002 -9.671642e-002 -1.413398e+000 -2.514829e+000 -1.530143e+000 -2.248458e+000 -2.030406e+000 -3.873763e-001 -1.929837e+000 -2.566417e+000 2.777034e+000 1.057479e+000 3.751937e-002 -7.358152e-001 2.128318e+000 1.019055e+000 -1.293805e+000 -4.320675e-001 8.074672e-001 -8.248496e-001 -4.072664e-001 -7.560605e-001 7.437211e-001 -4.877038e-001 
1.758026e+001 1.326612e+001 -1.253757e+001 -5.056017e-001 -2.969283e+000 4.109894e-001 -7.355210e+000 -2.849842e+000 -3.183696e+000 -2.906672e+000 -2.598905e+000 1.567134e+000 8.913745e-001 -8.978024e-001 2.086337e-001 -2.107391e+000 -6.523746e-001 -2.112932e+000 -1.282025e+000 -4.368511e-001 -1.763473e+000 -1.945301e+000 2.859473e+000 1.998080e+000 7.569643e-001 2.233408e-001 8.801512e-001 1.524098e+000 -7.022469e-001 8.043244e-001 -2.187360e-001 3.570599e-002 -4.295369e-001 -1.632171e-001 4.722100e-001 -5.140213e-001 
1.667358e+001 1.357904e+001 -1.324225e+001 -3.892575e-001 -3.827704e+000 -3.625924e-001 -6.010408e+000 -3.618416e+000 -2.920545e+000 -1.832214e+000 -3.411462e+000 1.763779e+000 1.176951e-001 -2.137633e+000 -2.150158e-001 -2.663432e+000 -2.887373e-001 -1.727833e+000 -7.411489e-001 -3.435402e-001 -1.469390e+000 -1.891851e+000 2.391390e+000 1.214757e+000 4.636422e-001 9.045872e-001 4.643888e-001 1.614638e+000 -3.198957e-001 7.321836e-001 3.837860e-003 1.212561e-001 -1.014423e+000 -6.462601e-001 2.423006e-001 -2.106989e-001 
1.672934e+001 1.409742e+001 -1.301909e+001 -7.596109e-001 -3.820404e+000 6.331693e-001 -6.363647e+000 -2.325451e+000 -3.318843e+000 -5.472550e-001 -3.457997e+000 1.337357e+000 7.226129e-001 -2.360926e+000 -4.653247e-001 -2.838748e+000 8.604115e-001 -2.311760e+000 -6.223140e-001 1.629109e-001 -1.405457e+000 -1.850138e+000 1.943033e+000 1.557492e+000 9.591800e-002 7.308233e-001 7.988260e-001 1.782356e+000 -5.514051e-001 3.179098e-001 4.501421e-001 3.563134e-001 -1.673547e+000 -7.196496e-001 5.437655e-001 -4.132710e-001 
1.574255e+001 1.540802e+001 -1.361383e+001 -3.185648e-002 -4.236464e+000 1.254492e+000 -7.109767e+000 -1.666037e+000 -3.729494e+000 -1.077505e+000 -3.453640e+000 7.879491e-001 1.007785e+000 -3.154933e+000 -8.883213e-001 -2.766835e+000 1.191463e+000 -2.717864e+000 -3.622967e-001 -5.272171e-001 -1.454302e+000 -1.567012e+000 1.779376e+000 1.353503e+000 -9.232403e-002 6.017301e-001 8.343099e-001 1.542997e+000 -9.150867e-001 7.224894e-001 1.649004e-001 5.038633e-001 -1.694562e+000 -1.011814e+000 2.560226e-001 1.321832e-002 
1.614958e+001 1.441928e+001 -1.299758e+001 2.932054e-001 -4.367428e+000 8.741811e-001 -6.053308e+000 -3.600492e+000 -3.200070e+000 -1.557688e+000 -3.966538e+000 2.552319e-001 5.081051e-001 -3.391066e+000 -1.844061e+000 -2.591579e+000 4.851862e-002 -2.919891e+000 -9.872662e-001 -1.265259e+000 -2.062550e+000 -1.685075e+000 1.428836e+000 1.406966e+000 -2.338207e-001 1.529480e-001 5.414941e-001 1.302640e+000 -1.262893e+000 5.006496e-001 3.585099e-001 -1.108973e-001 -1.203981e+000 -1.500163e+000 4.153833e-001 -3.702565e-001 
1.689012e+001 1.207092e+001 -1.144619e+001 -9.520203e-001 -2.867274e+000 -1.371226e-001 -5.682993e+000 -3.902359e+000 -3.305513e+000 -7.938749e-001 -3.465004e+000 7.599411e-001 8.238311e-001 -2.156756e+000 -1.347808e+000 -1.378898e+000 1.037052e+000 -2.168103e+000 -1.333183e-001 -4.462582e-001 -1.442622e+000 -6.227494e-001 2.031833e+000 2.085589e+000 5.701713e-001 4.879782e-001 1.409779e+000 1.856324e+000 -6.712807e-001 8.964406e-001 8.248552e-001 3.471042e-001 -1.047328e+000 -9.697651e-001 6.853017e-001 -3.406867e-001 
1.795942e+001 1.325459e+001 -7.978771e+000 2.768495e+000 -1.134227e+000 3.616538e+000 -4.438073e+000 -1.469356e+000 -1.620539e+000 -4.726296e-003 -9.703255e-001 2.082252e+000 1.533282e+000 -9.651987e-001 -8.908592e-001 -7.755636e-001 8.993449e-001 -2.323982e+000 3.569194e-002 -8.113138e-001 -1.540449e+000 -9.699912e-001 1.176041e+000 1.203811e+000 -1.235388e-001 -3.568114e-001 6.209194e-001 1.129618e+000 -7.511199e-001 3.107841e-001 5.607246e-001 4.026568e-001 -6.863676e-001 -5.633267e-001 -7.118866e-003 3.668268e-003 
9.444343e+000 4.707784e+000 -5.024690e+000 4.858991e+000 -3.772537e+000 4.750109e+000 -2.124669e+000 8.371087e-001 -3.924969e+000 -1.057573e+000 -1.919406e+000 -4.465897e-001 -8.408205e-001 -1.978088e+000 -2.945134e+000 -1.322133e+000 -5.285829e-001 -1.741643e+000 3.025544e-001 2.007683e-001 -5.646935e-001 -1.140673e+000 9.704704e-001 8.098669e-001 2.365628e-001 -1.133590e+000 1.392058e+000 1.066779e+000 -3.833263e-001 4.894656e-002 7.500026e-001 1.559550e-001 -8.782292e-001 -9.704151e-001 -4.405745e-001 3.485198e-002 
1.024240e+001 3.506638e+000 -6.149411e+000 3.468802e+000 -5.912376e+000 4.836485e+000 -3.794539e+000 2.372995e-002 -4.863603e+000 -1.337517e+000 -3.035469e+000 6.347283e-001 -7.064023e-001 4.805188e-001 -3.770313e+000 -1.391663e+000 -2.223445e+000 -2.453637e+000 -7.869429e-002 -7.426638e-001 -1.112658e+000 -2.408785e+000 7.468413e-001 3.378180e-001 2.629461e-001 -2.154621e+000 1.433424e+000 8.348979e-001 2.099626e-002 -9.107048e-001 5.394912e-001 -7.050380e-001 -7.070571e-001 -9.192221e-001 1.898117e-001 4.039070e-001 
1.081915e+001 3.548683e+000 -4.833688e+000 3.941617e+000 -5.757129e+000 5.855150e+000 -4.152772e+000 -2.767444e-001 -4.834350e+000 3.732802e-001 -3.498251e+000 -4.115938e-001 -2.794660e+000 -5.723629e-001 -3.266451e+000 -1.797659e+000 -2.233423e+000 -1.555791e+000 1.794233e-001 -1.365661e+000 -1.149600e+000 -2.761915e+000 1.509406e+000 1.259580e+000 8.311714e-001 -2.217027e+000 1.666919e+000 3.105422e-001 1.067461e-001 -6.190448e-001 3.498595e-001 -8.098460e-001 -5.742877e-001 -1.071029e+000 -1.533442e-001 2.536387e-001 
9.921600e+000 1.116381e+000 -7.043453e+000 3.345363e+000 -5.305831e+000 4.745906e+000 -2.705838e+000 1.356632e+000 -3.443079e+000 9.574016e-001 -2.738973e+000 -1.106594e+000 -3.755612e+000 -1.312310e+000 -3.352284e+000 -2.710047e+000 -2.579715e+000 -8.031479e-001 9.738792e-002 -5.249519e-001 -5.422132e-001 -2.170206e+000 1.693138e+000 1.123856e+000 5.243741e-001 -2.206476e+000 1.478871e+000 3.030507e-001 7.181233e-002 -9.912281e-001 2.480214e-001 -3.281143e-002 -3.021209e-001 -1.001179e+000 -1.853033e-001 3.728799e-001 
9.762999e+000 4.517102e+000 -8.206084e+000 3.611618e+000 -5.379342e+000 5.391820e+000 -3.597453e+000 5.836999e-001 -3.478386e+000 -1.193763e+000 -2.931177e+000 -7.956085e-001 -2.805377e+000 -7.982023e-001 -4.390285e+000 -1.923573e+000 -1.226549e+000 -1.421424e+000 -1.106421e-001 -8.621004e-001 -1.028604e+000 -2.289049e+000 2.110587e+000 9.268990e-001 5.359122e-001 -1.516029e+000 1.307473e+000 5.734016e-001 4.238084e-001 -2.251953e-001 -1.788367e-001 -5.936043e-001 -5.506246e-001 -1.097219e+000 -3.107814e-001 8.412684e-002 
7.717625e+000 7.988338e+000 -7.621958e+000 2.973360e+000 -3.205001e+000 5.388205e+000 -3.435122e+000 -1.429367e+000 -4.092491e+000 -2.614881e+000 -2.738655e+000 -2.297989e+000 -2.122759e+000 -1.365932e+000 -2.403488e+000 -2.270279e+000 -8.663632e-001 -1.573255e+000 4.966448e-001 -5.512394e-001 -4.802273e-001 -1.721080e+000 1.702498e+000 1.191636e+000 -2.008335e-001 -9.118894e-001 1.090239e+000 1.265079e+000 -2.983255e-001 6.767987e-001 -3.603284e-001 2.175599e-001 -1.218463e+000 -4.530356e-001 -5.041084e-001 -9.497806e-002 
9.377546e+000 9.152020e+000 -1.088512e+001 2.356789e+000 -2.042195e+000 4.856073e+000 -4.371435e+000 -6.996398e-001 -4.273357e+000 -3.164335e+000 -3.722128e+000 -2.186654e+000 -9.952772e-001 2.558645e-001 -2.260916e+000 -2.485863e+000 -9.484068e-001 2.240648e-001 4.200816e-001 6.333039e-001 -1.152505e-001 -1.914019e+000 2.815167e+000 2.198676e+000 6.821760e-001 -8.349010e-001 2.500291e+000 1.438670e+000 -6.398806e-002 1.214286e+000 1.165113e+000 -6.096737e-001 -8.413448e-001 -7.510240e-001 -2.422559e-001 1.775599e-001 
1.183171e+001 9.146599e+000 -1.095064e+001 8.898265e-001 8.680401e-001 2.299682e+000 -3.963339e+000 6.205876e-001 -3.630684e+000 -3.795599e+000 -3.294788e+000 -4.622272e-001 -1.396054e+000 -7.942408e-001 -2.505671e+000 -2.782908e+000 -1.913998e+000 -8.048780e-001 -6.075753e-001 -8.093781e-001 -1.177400e+000 -1.994406e+000 3.397910e+000 2.628102e+000 2.681215e-001 -2.387113e-001 1.127282e+000 4.954008e-001 -5.712047e-001 5.677199e-001 3.653439e-003 -1.279694e+000 -5.436526e-002 -1.454239e+000 -2.079851e-001 3.374811e-002 
1.526760e+001 1.012598e+001 -1.147596e+001 -2.286873e-001 1.235833e-001 6.902069e-002 -5.142713e+000 -1.709948e+000 -3.778429e+000 -2.677917e+000 -3.192132e+000 2.014299e+000 1.740473e-001 1.353083e-001 -9.136816e-001 -2.066358e+000 -1.078847e+000 -5.584245e-001 -6.223397e-001 -3.670756e-001 -8.491820e-001 -1.352512e+000 3.390835e+000 2.565652e+000 8.053537e-001 3.979323e-001 1.943444e+000 1.110601e+000 -4.765544e-001 7.894906e-001 6.349313e-001 -1.012075e+000 2.669486e-001 -1.027175e+000 1.401188e-001 -6.649236e-002 
1.658811e+001 1.207496e+001 -1.165863e+001 4.113182e-001 -5.575569e-001 -3.047717e-001 -6.412208e+000 -2.959713e+000 -5.102603e+000 -2.531450e+000 -4.223020e+000 1.766352e+000 2.530400e-001 1.125630e-001 -8.656810e-001 -2.253993e+000 -1.697735e+000 -2.573401e+000 -2.628187e+000 -6.628714e-001 -2.023305e+000 -2.555346e+000 2.977563e+000 1.272436e+000 -2.063997e-001 -9.238873e-001 1.811986e+000 7.910628e-001 -1.507744e+000 -2.927109e-001 7.344504e-001 -5.405968e-001 -3.564664e-001 -7.497387e-001 6.228752e-001 -6.339412e-001 
1.843046e+001 1.227253e+001 -1.181170e+001 -1.455217e+000 -2.467999e+000 -3.980024e-001 -6.930550e+000 -2.996132e+000 -3.646526e+000 -2.887811e+000 -2.946066e+000 1.654082e+000 7.991750e-001 -5.158532e-001 -2.502939e-001 -1.889871e+000 -1.123521e+000 -1.945179e+000 -1.649657e+000 -5.704345e-001 -1.980980e+000 -2.318551e+000 2.664077e+000 1.750424e+000 6.465978e-001 -4.370083e-002 1.096809e+000 1.248984e+000 -7.600968e-001 4.669302e-001 3.612956e-002 -2.687399e-001 -3.598208e-001 -7.813243e-002 6.276704e-001 -5.077777e-001 
1.632916e+001 1.230664e+001 -1.337980e+001 -1.883937e+000 -4.170340e+000 -1.400901e+000 -6.890683e+000 -4.018304e+000 -3.788952e+000 -2.169599e+000 -3.594685e+000 1.390645e+000 4.692093e-001 -1.935144e+000 5.487969e-002 -2.402759e+000 -3.713432e-001 -1.836078e+000 -1.005278e+000 -4.017259e-001 -1.627288e+000 -1.993204e+000 2.258153e+000 1.288005e+000 4.958251e-001 7.143618e-001 5.947550e-001 1.614991e+000 -4.128624e-001 7.708594e-001 -8.086045e-002 2.336571e-001 -6.928562e-001 -4.081109e-001 4.554783e-001 -2.406711e-001 
1.691520e+001 1.335412e+001 -1.272097e+001 -1.451579e+000 -3.682341e+000 -1.922878e-001 -6.259795e+000 -3.260501e+000 -3.282119e+000 -1.044795e+000 -3.513257e+000 1.260887e+000 7.272370e-001 -2.150624e+000 -4.519373e-001 -2.622451e+000 4.229903e-001 -2.251658e+000 -9.676712e-001 -1.313000e-001 -1.557051e+000 -2.045901e+000 1.712403e+000 1.268135e+000 -9.623621e-002 5.578092e-001 6.128422e-001 1.617956e+000 -5.711499e-001 3.213269e-001 4.832051e-001 2.800766e-001 -1.433969e+000 -7.013653e-001 6.257834e-001 -3.386323e-001 
1.572827e+001 1.370949e+001 -1.358478e+001 -1.126915e+000 -4.463027e+000 1.096587e-001 -7.149876e+000 -2.639277e+000 -4.112697e+000 -1.093899e+000 -3.889666e+000 1.080712e+000 4.610570e-001 -2.781620e+000 -7.787951e-001 -2.858516e+000 1.107851e+000 -2.817745e+000 -6.232898e-001 -5.430491e-001 -1.522918e+000 -1.570663e+000 1.741347e+000 1.498292e+000 -2.291170e-001 7.595012e-001 7.292741e-001 1.523747e+000 -7.798689e-001 3.930069e-001 4.061495e-001 4.992598e-001 -1.603341e+000 -9.768958e-001 2.880088e-001 6.236164e-003 
1.551559e+001 1.512277e+001 -1.312458e+001 1.058938e+000 -4.417693e+000 1.259794e+000 -6.099349e+000 -3.213450e+000 -3.013794e+000 -1.145070e+000 -3.852262e+000 1.034028e+000 9.059861e-001 -2.660662e+000 -1.137438e+000 -2.097980e+000 7.485269e-001 -2.763872e+000 -8.914856e-001 -1.321475e+000 -1.532879e+000 -1.568080e+000 1.821320e+000 1.459252e+000 -2.195569e-001 3.866115e-001 6.936452e-001 1.338654e+000 -1.194711e+000 7.321412e-001 3.667113e-001 3.591823e-001 -1.333851e+000 -1.117753e+000 3.659833e-001 -1.720617e-001 
1.448793e+001 1.309098e+001 -1.418671e+001 -9.778887e-002 -5.932855e+000 4.763437e-001 -7.263173e+000 -3.314309e+000 -4.282884e+000 -9.989776e-001 -3.761756e+000 8.743874e-001 8.513337e-001 -2.500298e+000 -7.919685e-001 -1.915460e+000 1.514388e+000 -2.502800e+000 1.222477e-001 -1.077379e+000 -9.714600e-001 -6.822992e-001 2.228581e+000 1.575986e+000 9.380954e-001 6.547111e-001 1.407211e+000 2.044400e+000 -1.033262e+000 1.438856e+000 6.815375e-001 6.262738e-001 -9.635745e-001 -9.246617e-001 6.313197e-001 -8.703599e-002 
