-4.038999e+000 1.673618e+001 -1.501276e+000 8.586148e+000 -2.475393e+000 -2.815383e-001 1.438963e+000 -1.553857e+000 -4.895158e-001 -3.120431e+000 -7.470737e-001 -1.892841e+000 2.436888e-001 9.945443e-002 -3.107508e+000 -2.454778e+000 -1.537522e+000 -2.832950e-001 -7.008029e-001 -2.764228e+000 -2.459977e+000 -3.914056e-001 -5.355354e-001 -7.438262e-001 3.648975e-001 -1.122065e+000 -1.253143e+000 -1.598935e-001 -3.076124e-002 -5.142532e-002 2.143489e-001 2.115929e-001 3.920104e-001 1.080565e+000 6.643019e-001 4.968714e-001 
-3.872958e+000 1.502167e+001 -2.721772e-001 9.928108e+000 -3.241718e+000 -3.336780e-001 1.532072e-001 -2.239222e+000 2.305294e-001 -3.603257e+000 -1.155740e+000 -1.663968e+000 1.016026e+000 4.567601e-001 -2.929430e+000 -2.479513e+000 -1.778096e+000 3.431121e-002 -9.216678e-001 -2.518041e+000 -1.881774e+000 -6.905939e-001 -5.263556e-001 -1.191676e+000 -3.468083e-001 -6.854591e-001 -1.029365e+000 -1.874338e-001 -1.607846e-001 3.515772e-002 7.140021e-002 4.039821e-001 4.934016e-001 3.947511e-001 3.842203e-001 3.705081e-001 
-4.942712e+000 1.539858e+001 -1.867403e+000 1.208617e+001 -3.519377e+000 7.165722e-001 -1.771993e-001 -2.885213e+000 -1.011729e+000 -3.607472e+000 1.004344e+000 -1.919866e+000 2.275784e+000 -8.182162e-002 -2.630861e+000 -2.614617e+000 -1.564781e+000 1.326216e-001 -1.058065e-001 -1.554309e+000 -2.890044e+000 -2.813837e-001 -5.948795e-001 -9.751694e-001 -2.568917e-001 -5.432993e-001 -7.784409e-001 -5.562626e-001 -5.953043e-003 1.567756e-001 -1.960318e-002 1.827701e-001 5.356367e-001 3.995440e-001 -1.585846e-001 1.813481e-001 
-2.624289e+000 1.449509e+001 -1.423817e+000 1.014367e+001 -2.494728e+000 -7.729512e-001 4.895470e-001 -1.791770e+000 -1.167499e+000 -2.817683e+000 2.839310e-001 -1.825706e+000 9.431583e-001 5.340390e-001 -2.984753e+000 -1.574523e+000 -1.329993e+000 -4.348792e-001 -7.258958e-001 -1.557442e+000 -1.750327e+000 -1.211545e+000 1.367873e-001 -1.064290e+000 -7.850267e-001 -3.144685e-001 -5.936155e-001 -3.040172e-001 9.860036e-002 6.624458e-002 4.318137e-003 6.023493e-002 3.031769e-001 6.786008e-002 1.948944e-001 6.590907e-001 
-1.673005e+000 1.422146e+001 -3.774138e+000 1.081305e+001 -2.885350e+000 3.992253e-001 -4.958764e-001 -3.413956e+000 -7.444702e-001 -2.924410e+000 4.244587e-001 -2.512664e+000 1.019472e+000 -1.049618e-001 -2.372778e+000 -2.193426e+000 -2.280163e+000 -5.228486e-001 -1.011521e+000 -1.634625e+000 -1.713337e+000 -1.215182e-001 -6.198576e-001 -2.060425e+000 -4.319333e-001 -1.215129e+000 -3.839854e-001 -3.258997e-001 -9.742110e-002 3.548905e-001 1.606180e-001 7.165521e-002 -2.176199e-001 6.068043e-001 -5.043627e-002 6.412662e-001 
2.075749e-001 1.538559e+001 -4.060070e+000 9.124555e+000 -2.951267e+000 -6.115970e-001 -8.762161e-001 -1.397394e+000 2.250999e-001 -3.520663e+000 -5.411185e-001 -2.832504e+000 7.937283e-002 3.709894e-001 -2.628338e+000 -2.083261e+000 -2.177170e+000 6.055248e-002 -1.007385e-001 -1.920095e+000 -2.398103e+000 -2.042350e-001 -4.613474e-001 -1.791521e+000 -5.375447e-001 -8.035293e-001 -9.057190e-001 -6.215444e-001 3.271579e-001 8.344720e-001 2.908823e-001 2.650035e-001 2.855140e-002 6.244688e-001 3.985452e-001 7.094233e-001 
4.771549e+000 1.636649e+001 -3.964512e+000 5.364053e+000 -1.969175e+000 -2.098516e+000 -1.482245e+000 -2.973576e+000 -1.092994e+000 -4.462982e+000 -2.877765e+000 -2.341594e+000 -1.555718e+000 -2.217526e-001 -2.820048e+000 -2.396179e+000 -1.036865e+000 8.062058e-002 -2.736971e-001 -3.541502e+000 -3.023374e+000 -7.978006e-001 -1.148703e+000 -2.000722e+000 -7.452898e-001 -4.579132e-001 -9.615845e-001 -1.512001e-002 2.951924e-001 3.076046e-001 7.520375e-002 -3.618044e-001 1.966587e-001 3.349026e-001 1.640047e-001 -6.822075e-003 
9.881650e+000 1.522420e+001 -1.970700e+000 3.819006e+000 -5.070662e-001 -3.277724e+000 -3.330111e+000 -2.804637e+000 -1.801630e+000 -4.467094e+000 -2.824964e+000 -1.873798e+000 -1.770754e+000 7.535959e-002 -7.620305e-001 -8.660805e-001 -8.043059e-001 -2.624472e-001 -2.895475e-001 -3.819902e+000 -3.334199e+000 -8.748489e-001 -1.883110e+000 -2.053389e+000 -6.446527e-001 -3.546991e-001 -5.198928e-001 3.324738e-001 5.643307e-001 1.266213e-001 3.497633e-001 -8.218864e-003 2.157853e-001 4.532963e-001 -2.196031e-001 6.410018e-002 
1.094840e+001 1.786400e+001 -4.444394e+000 3.866207e+000 -1.303884e+000 -2.112282e+000 -2.729058e+000 -3.763064e+000 -2.937356e+000 -5.710052e+000 -1.926848e+000 -4.683564e-001 -1.650665e-001 1.228987e+000 1.935823e-001 5.571461e-001 -2.099305e-001 2.992486e-001 -8.602857e-002 -3.481293e+000 -2.681522e+000 -1.253420e+000 -2.272139e+000 -2.267757e+000 -3.553512e-001 1.036513e-003 -3.223569e-001 1.100175e+000 7.597794e-001 2.709570e-001 1.214386e+000 6.764634e-001 2.102844e-001 2.649658e-001 -3.245628e-001 -5.549311e-001 
1.508164e+001 1.804175e+001 -6.107556e+000 4.635268e-001 -3.381877e+000 -3.102692e+000 -3.344629e+000 -3.138723e+000 -2.937957e+000 -5.809559e+000 -1.643789e+000 -7.091375e-001 -8.204994e-001 6.370927e-001 1.691298e-002 -2.907405e-001 -6.111250e-001 7.460987e-001 -7.921375e-001 -3.374814e+000 -2.277432e+000 -2.400321e+000 -2.625013e+000 -1.436599e+000 -4.263577e-001 -4.645572e-001 -1.653762e-001 8.547488e-001 5.415755e-001 4.872556e-001 7.988810e-001 3.067894e-001 5.459641e-002 3.941514e-001 4.165266e-001 -2.669006e-001 
1.598002e+001 1.797441e+001 -4.208282e+000 -6.022485e-001 -2.369001e+000 -2.641037e+000 -2.459290e+000 -1.782658e+000 -1.370110e+000 -3.744474e+000 -1.508518e+000 -6.670547e-001 -7.609758e-001 -2.289258e-001 -1.139361e+000 -1.099724e+000 -8.610968e-001 3.886314e-001 -3.390434e-001 -2.860982e+000 -1.898779e+000 -9.607934e-001 -1.554021e+000 -1.084742e+000 -2.203830e-001 -5.403536e-001 -4.089013e-001 4.144394e-001 -2.430680e-002 7.965920e-002 9.208151e-001 4.776884e-001 3.277523e-003 8.005866e-001 8.597524e-001 -3.934897e-001 
1.426972e+001 2.055868e+001 -6.582894e+000 1.565541e+000 -3.082123e+000 -2.398346e+000 -2.082286e+000 -2.335597e+000 -1.763495e-001 -3.078353e+000 -1.857057e+000 -7.620854e-001 5.789783e-001 9.315698e-002 -1.900136e+000 -1.363300e+000 -1.105481e+000 6.538200e-001 -3.502077e-001 -2.809923e+000 -1.367195e+000 -6.570923e-001 -1.369086e+000 -8.644010e-001 2.945658e-001 -6.653262e-001 -6.579110e-001 4.643991e-001 -1.609085e-001 2.036758e-001 7.564881e-001 7.856248e-001 3.399483e-001 3.303459e-001 1.040122e+000 -1.397916e-001 
9.692578e+000 2.529573e+001 -1.118401e+001 3.923275e+000 -5.524786e+000 -2.043885e+000 -1.565387e+000 -4.224043e+000 1.502349e+000 -5.482214e+000 -4.566993e-001 -2.273433e+000 8.700553e-001 -1.564278e-001 -2.849665e+000 -1.331972e+000 -1.854924e+000 1.013938e+000 -1.054510e+000 -2.420698e+000 -1.455466e+000 -1.185024e+000 -1.362945e+000 -1.639474e+000 9.855063e-001 -1.088716e+000 -9.676443e-001 2.259109e-001 -3.342923e-001 2.661172e-001 5.960396e-001 6.319605e-001 3.921317e-001 2.277566e-001 9.607353e-001 1.046304e-001 
1.342107e+001 2.037672e+001 -5.717648e+000 6.030021e-002 -2.879198e+000 -2.856936e+000 -1.826550e+000 -1.877076e+000 -2.974302e-001 -3.044756e+000 -2.363907e+000 -3.513763e-001 6.762432e-001 -2.016416e-001 -2.178661e+000 -1.734045e+000 -7.669383e-001 5.211898e-001 -4.721175e-001 -2.450244e+000 -1.340713e+000 -8.187160e-001 -1.638163e+000 -9.942293e-001 5.606782e-001 -3.432348e-001 -8.169707e-001 2.552930e-001 -3.390355e-001 1.298865e-001 1.118071e+000 6.186762e-001 8.113980e-002 3.986403e-001 1.018169e+000 2.814121e-001 
1.240285e+001 2.078271e+001 -6.627110e+000 -1.040738e-002 -3.674327e+000 -3.066986e+000 -2.407867e+000 -2.048523e+000 -4.518814e-001 -4.010805e+000 -2.825158e+000 -7.994078e-001 4.028723e-001 -6.503418e-001 -2.676394e+000 -2.143782e+000 -1.239402e+000 1.900929e-001 -9.016562e-001 -2.419040e+000 -1.605615e+000 -1.274323e+000 -1.402191e+000 -1.166682e+000 1.658822e-001 -5.998132e-001 -9.899467e-001 1.620286e-001 -5.918297e-001 1.054864e-001 1.056416e+000 2.688380e-001 -9.003519e-002 4.825216e-001 1.009116e+000 4.338854e-002 
1.110540e+001 2.183992e+001 -6.677988e+000 9.009951e-001 -4.199617e+000 -2.835354e+000 -2.067210e+000 -2.078298e+000 -2.268849e-001 -4.228699e+000 -2.869282e+000 -1.091067e+000 8.557631e-001 -4.542514e-001 -3.093551e+000 -2.027170e+000 -1.114071e+000 3.514785e-001 -9.803653e-001 -2.496525e+000 -1.497491e+000 -1.386917e+000 -1.369202e+000 -1.191233e+000 1.194510e-001 -4.837242e-001 -9.083073e-001 6.863014e-002 -6.472252e-001 2.933782e-001 1.010469e+000 3.274358e-001 -1.178401e-001 1.948080e-001 1.138460e+000 1.719821e-001 
1.479114e+001 1.707165e+001 2.136964e-001 -5.184942e-001 -9.202702e-001 -1.305273e+000 -7.658522e-001 -1.698724e-002 -1.544567e-001 -1.978371e+000 -2.013163e+000 1.009805e-001 1.980397e+000 5.206733e-001 -1.884129e+000 -1.547322e+000 4.506037e-002 8.381831e-001 -2.818381e-001 -1.717160e+000 -1.151355e+000 -7.029738e-001 -1.112931e+000 -4.205519e-001 4.014023e-001 -2.337125e-001 -4.888074e-001 -5.170716e-004 4.526112e-002 2.937482e-001 6.601130e-001 4.455596e-001 2.871453e-002 1.454320e-001 4.878147e-001 2.185698e-001 
-2.716909e+000 1.517692e+001 -6.856944e-002 6.799331e+000 -1.564382e+000 -4.849801e-001 1.497241e+000 -1.390464e+000 -1.158741e+000 -2.530550e+000 -1.357220e+000 -1.532459e+000 -2.231211e-002 -1.947103e-002 -2.930757e+000 -2.543143e+000 -1.432259e+000 -4.291216e-001 -6.512127e-001 -2.814006e+000 -2.409579e+000 -3.705862e-001 -6.368474e-001 -9.480717e-001 7.547115e-002 -8.255658e-001 -1.332564e+000 -1.153696e-001 -5.232869e-002 -5.552512e-002 2.406912e-001 7.399493e-002 6.150397e-001 1.129905e+000 6.967818e-001 3.621125e-001 
-3.762567e+000 1.479113e+001 -9.261214e-002 9.260500e+000 -2.898853e+000 -5.316786e-001 3.432027e-001 -2.227548e+000 -1.467937e-001 -3.390716e+000 -1.382866e+000 -1.556510e+000 6.105069e-001 5.051954e-001 -2.924355e+000 -2.611840e+000 -1.641369e+000 -1.335764e-001 -1.019731e+000 -2.580785e+000 -1.750433e+000 -6.552256e-001 -6.716778e-001 -1.095582e+000 -2.809442e-001 -8.222373e-001 -1.201717e+000 -2.787011e-001 4.914277e-002 -8.943766e-002 6.536285e-002 5.470999e-001 5.262613e-001 3.191365e-001 3.803605e-001 2.954467e-001 
-4.598171e+000 1.453861e+001 -6.991022e-001 1.121279e+001 -3.258295e+000 2.153900e-001 3.565042e-002 -2.768623e+000 -1.018226e+000 -3.038979e+000 3.640501e-001 -1.532656e+000 1.839647e+000 1.425632e-001 -2.950179e+000 -2.405758e+000 -1.589348e+000 2.728157e-001 -1.822351e-002 -1.807251e+000 -2.710832e+000 -6.044306e-001 -2.406960e-001 -1.061977e+000 -2.082957e-001 -6.470756e-001 -6.666376e-001 -5.213069e-001 5.618165e-003 6.285498e-002 8.200131e-002 1.627937e-001 4.652678e-001 5.058886e-001 -1.100472e-001 1.387492e-001 
-3.713557e+000 1.518726e+001 -1.881596e+000 1.026313e+001 -2.500254e+000 -6.327175e-001 6.450323e-001 -1.830935e+000 -1.181290e+000 -2.804105e+000 8.426480e-001 -1.976118e+000 1.080436e+000 6.684085e-001 -3.036604e+000 -1.730004e+000 -1.276583e+000 -4.480570e-001 -7.637637e-001 -1.263366e+000 -1.829789e+000 -1.226497e+000 2.492400e-001 -9.308169e-001 -7.932783e-001 -3.644551e-001 -6.298967e-001 -2.301914e-001 1.683724e-001 1.920667e-002 -5.278401e-003 8.746354e-002 2.139209e-001 1.679589e-001 1.303272e-001 5.068214e-001 
-1.894517e+000 1.440906e+001 -3.317235e+000 1.035692e+001 -2.859610e+000 1.323517e-001 -7.017499e-002 -3.340463e+000 -8.983006e-001 -2.641059e+000 2.855372e-001 -2.156803e+000 6.925794e-001 -9.960235e-002 -2.425917e+000 -2.015631e+000 -2.162358e+000 -3.956963e-001 -9.308142e-001 -1.567128e+000 -1.675488e+000 -3.001088e-001 -6.390075e-001 -1.844028e+000 -5.411856e-001 -9.867580e-001 -4.691423e-001 -1.897152e-001 -8.783191e-002 3.321965e-001 1.167035e-001 1.182890e-002 -7.765922e-002 4.348454e-001 8.903308e-002 6.485644e-001 
-2.056961e-001 1.472159e+001 -3.600397e+000 9.478109e+000 -2.765751e+000 -5.685801e-001 -8.954820e-001 -1.665974e+000 2.737036e-001 -3.085877e+000 -2.988062e-001 -2.960519e+000 2.518117e-001 5.782476e-001 -2.440403e+000 -2.329646e+000 -1.995371e+000 -8.585618e-002 -2.188102e-001 -1.636224e+000 -2.248985e+000 -2.143084e-001 -5.732425e-001 -1.892324e+000 -3.546416e-001 -8.510624e-001 -8.459081e-001 -7.242529e-001 3.712749e-001 6.691265e-001 3.823020e-001 3.975069e-001 2.168646e-002 6.421322e-001 3.095852e-001 7.197980e-001 
2.956523e+000 1.714681e+001 -5.166305e+000 6.309033e+000 -2.406204e+000 -1.730375e+000 -1.291604e+000 -3.026733e+000 -7.537441e-001 -4.735908e+000 -2.669627e+000 -2.411838e+000 -1.265713e+000 -2.942524e-001 -3.060257e+000 -2.439586e+000 -1.290380e+000 1.400266e-001 -4.076491e-001 -3.541484e+000 -3.063674e+000 -6.438809e-001 -7.964795e-001 -2.160307e+000 -7.306039e-001 -4.606415e-001 -1.118024e+000 -1.617085e-001 1.320602e-001 4.119253e-001 9.637138e-002 -3.142668e-001 2.818983e-001 2.743481e-001 2.165294e-001 5.872071e-002 
7.841078e+000 1.715829e+001 -3.041898e+000 5.252012e+000 -8.954237e-001 -2.926194e+000 -2.612873e+000 -2.531435e+000 -1.033035e+000 -4.738689e+000 -2.589066e+000 -1.793662e+000 -1.814159e+000 4.866872e-001 -9.183251e-001 -8.544941e-001 -7.823446e-001 -1.898381e-001 8.925604e-002 -3.716230e+000 -3.219214e+000 -6.609447e-001 -1.628496e+000 -1.916762e+000 -5.259882e-001 -2.689764e-001 -4.903162e-001 4.423155e-001 4.783600e-001 1.734334e-001 4.167338e-001 -5.159051e-002 2.815752e-001 4.447695e-001 -2.462509e-001 -4.565317e-002 
1.109100e+001 1.722596e+001 -3.215495e+000 3.679798e+000 -7.168477e-001 -2.315042e+000 -2.533274e+000 -3.428126e+000 -2.892066e+000 -5.093228e+000 -1.971489e+000 -3.973351e-001 -1.782447e-001 1.111824e+000 8.990637e-002 3.582512e-001 -1.317040e-001 3.046828e-001 1.439709e-001 -3.461549e+000 -2.704464e+000 -8.289815e-001 -2.249910e+000 -2.288903e+000 -4.654324e-001 -5.013943e-002 -1.018053e-001 1.111078e+000 8.603707e-001 2.828968e-001 1.040671e+000 5.357146e-001 1.944597e-001 3.859838e-001 -3.148932e-001 -4.738339e-001 
1.159700e+001 2.260254e+001 -9.209848e+000 3.631310e+000 -4.502612e+000 -1.524114e+000 -3.360417e+000 -3.463857e+000 -1.513212e+000 -6.382104e+000 -4.864416e-001 -1.357684e+000 3.161423e-001 8.720924e-001 6.251743e-002 5.879029e-001 -4.590052e-001 1.152876e+000 -8.677566e-001 -2.643129e+000 -2.405447e+000 -2.391434e+000 -2.212210e+000 -1.798410e+000 -1.064276e-001 -4.655299e-001 2.411619e-001 9.985115e-001 7.006399e-001 7.942504e-001 6.605992e-001 5.770802e-001 1.274588e-001 5.027336e-001 2.118607e-001 -2.252081e-001 
1.278059e+001 2.182693e+001 -7.088957e+000 1.906235e+000 -3.994857e+000 -1.796980e+000 -2.876254e+000 -2.242453e+000 -6.805158e-001 -4.659041e+000 -6.184483e-001 -1.026145e+000 -5.660116e-001 -1.631106e-001 -9.755067e-001 -1.924195e-002 -9.414062e-001 6.462589e-001 -4.756097e-001 -2.708517e+000 -1.609823e+000 -1.108184e+000 -1.237664e+000 -1.057055e+000 -1.480435e-001 -5.985904e-001 -2.383256e-001 7.360057e-001 3.225119e-002 1.499370e-001 8.987067e-001 5.675961e-001 -4.185141e-002 7.237832e-001 8.915623e-001 -4.776758e-001 
1.391987e+001 2.023224e+001 -6.280535e+000 1.012066e+000 -2.814510e+000 -2.548312e+000 -2.353486e+000 -2.183423e+000 -3.067667e-001 -3.206557e+000 -1.524910e+000 -6.286439e-001 2.747895e-001 7.277594e-002 -1.817290e+000 -1.203151e+000 -9.072104e-001 4.491544e-001 -4.243749e-001 -2.639041e+000 -1.392686e+000 -6.728467e-001 -1.301448e+000 -9.655571e-001 2.017608e-001 -6.657550e-001 -6.766018e-001 5.755379e-001 -1.717043e-001 9.505293e-002 7.871214e-001 7.514892e-001 3.485098e-001 4.369698e-001 1.054724e+000 -1.436962e-001 
1.496620e+001 1.759251e+001 -4.801200e+000 -7.882225e-001 -2.999882e+000 -3.015395e+000 -2.218675e+000 -2.270296e+000 -1.025179e+000 -3.038577e+000 -2.339396e+000 -9.848985e-001 -1.504274e-001 -7.548427e-002 -2.160587e+000 -2.318366e+000 -1.025619e+000 2.670172e-002 -6.632746e-001 -2.600425e+000 -1.743824e+000 -6.823371e-001 -1.703482e+000 -1.055576e+000 3.683862e-001 -8.930446e-001 -1.052215e+000 1.572608e-001 -1.917947e-001 8.268274e-002 6.729993e-001 6.538651e-001 3.185736e-001 2.908767e-001 7.749408e-001 1.824216e-001 
1.098456e+001 2.307647e+001 -8.147608e+000 1.888820e+000 -3.982105e+000 -2.460178e+000 -1.874767e+000 -2.676260e+000 4.117219e-001 -3.811667e+000 -1.937030e+000 -6.590339e-001 4.391734e-001 -1.868060e-001 -2.511813e+000 -1.710478e+000 -1.265425e+000 5.511679e-001 -4.935978e-001 -2.617770e+000 -1.207407e+000 -8.902890e-001 -1.513177e+000 -1.072791e+000 6.489023e-001 -5.293951e-001 -1.086273e+000 4.704381e-001 -5.174770e-001 1.112283e-001 9.632652e-001 5.136914e-001 2.402518e-001 2.961060e-001 1.085122e+000 9.856853e-002 
1.382009e+001 1.884872e+001 -4.802667e+000 -9.979743e-001 -2.897748e+000 -3.499428e+000 -2.441775e+000 -1.634140e+000 -7.213835e-001 -3.595398e+000 -3.031308e+000 -5.490020e-001 3.267343e-001 -8.004192e-001 -2.493912e+000 -2.298344e+000 -1.073542e+000 2.702175e-002 -9.340636e-001 -2.359808e+000 -1.680613e+000 -1.146848e+000 -1.485679e+000 -1.005099e+000 8.329232e-002 -7.236340e-001 -9.178853e-001 1.077367e-001 -4.265531e-001 2.784382e-002 9.527786e-001 2.860042e-001 -3.416975e-002 6.504877e-001 8.752255e-001 3.912606e-002 
1.385389e+001 1.830254e+001 -3.579935e+000 -1.023062e+000 -2.925781e+000 -3.171101e+000 -1.967316e+000 -1.481287e+000 -8.046711e-001 -3.347352e+000 -3.134764e+000 -6.286413e-001 7.569431e-001 -6.553070e-001 -2.653405e+000 -2.083721e+000 -7.036110e-001 5.300394e-002 -9.573869e-001 -2.127080e+000 -1.543493e+000 -1.185721e+000 -1.444281e+000 -9.262762e-001 1.157296e-001 -5.216948e-001 -7.258970e-001 -1.768425e-003 -4.028388e-001 2.299204e-001 9.959038e-001 3.817722e-001 -1.532271e-001 4.174255e-001 1.032369e+000 1.678290e-001 
