1.665265e+001 1.879020e+001 -5.734443e+000 2.540529e+000 -2.722572e+000 -3.308267e+000 -6.545726e+000 -1.129382e+000 2.676154e+000 -2.092349e+000 -5.419068e+000 -1.153760e+000 -1.003357e+000 -3.267523e+000 1.190458e+000 4.720350e-001 -3.167533e+000 -2.455588e+000 7.931125e-001 -2.281865e+000 -1.330381e+000 5.732831e-001 -2.430675e+000 -1.153580e+000 -6.722979e-001 -1.214643e+000 -1.033606e+000 -3.127781e-001 -4.958013e-001 -4.734549e-001 1.213040e-001 4.590749e-001 6.274433e-001 -1.576961e-001 7.456524e-001 1.789790e-001 
1.527088e+001 1.795777e+001 -6.315544e+000 3.820278e+000 -2.532428e+000 -3.417181e+000 -5.975923e+000 -1.371982e+000 1.179945e+000 -2.531644e+000 -4.460680e+000 -1.566040e+000 -7.375773e-001 -2.560114e+000 -5.305809e-001 2.860285e-001 -2.110906e+000 -5.081253e-001 5.732771e-001 -2.948731e+000 -1.552510e+000 -1.095033e+000 -1.847448e+000 3.035843e-001 -1.772242e-001 -1.499759e+000 -6.944863e-001 -1.158569e+000 -1.131226e+000 -4.305394e-002 -3.176870e-001 5.781531e-001 1.380878e+000 -1.584544e-001 1.269878e-002 2.605384e-001 
1.022741e+001 1.712049e+001 -3.940139e+000 2.227513e+000 -1.049839e+000 -2.621453e+000 -5.663409e+000 -1.588921e+000 1.606871e+000 -3.666816e+000 -3.691757e+000 -3.923593e-001 -9.240155e-001 -2.575606e+000 -1.071419e+000 -2.479661e-001 -1.243282e+000 3.462829e-001 1.119838e+000 -1.955279e+000 -7.737836e-001 -4.691527e-001 -2.261811e+000 -4.839342e-001 -5.351916e-001 -1.271532e+000 -5.957129e-001 -8.914947e-001 -8.150845e-001 1.657698e-001 5.510277e-001 3.920340e-001 3.536176e-001 -2.762979e-001 -6.134375e-001 -1.000126e-001 
4.734855e+000 1.854338e+001 -5.941795e+000 2.630618e+000 -4.301920e+000 -6.454456e-001 -7.343502e+000 -1.324476e+000 -8.378688e-001 -4.657437e+000 -3.302368e+000 -9.662962e-001 6.148371e-001 -3.521849e+000 -1.117983e+000 -2.174549e+000 -2.352888e+000 -5.703160e-001 1.932623e+000 -1.161662e+000 -1.861574e-001 -8.887732e-001 -2.532999e+000 -1.716785e+000 -1.310417e+000 -1.496996e+000 -7.942445e-001 -1.682385e-001 -9.670093e-001 1.401073e-002 -5.454332e-001 5.204310e-003 -8.125786e-002 2.791232e-002 -4.225435e-001 6.024169e-003 
5.939734e+000 1.639139e+001 -4.069054e+000 2.952743e+000 -3.801757e+000 1.359084e+000 -6.663151e+000 4.611408e-001 1.069588e+000 -4.293071e+000 -2.308836e+000 1.792941e-001 -1.626970e-001 -2.085540e+000 1.026330e+000 -3.966921e-001 -1.203963e+000 -7.335974e-001 1.409737e+000 -1.112493e+000 -8.841815e-001 2.750246e-001 -7.348652e-001 -5.733302e-001 -5.193690e-001 -1.750548e+000 -9.337123e-001 -5.030449e-002 -7.587943e-001 -1.392107e-001 -4.483292e-001 -2.762241e-002 -3.114539e-001 3.246823e-001 -1.165866e-001 9.392738e-002 
5.981199e+000 1.700606e+001 -4.523255e+000 4.175824e+000 -3.717083e+000 1.959124e+000 -6.387530e+000 1.025876e+000 1.488321e+000 -3.296632e+000 -1.694699e+000 -6.504340e-001 -7.282834e-001 -2.970555e+000 -8.529024e-002 -1.717802e+000 -1.680699e+000 -5.503755e-001 1.217168e+000 -1.095959e+000 -1.107349e+000 -2.545566e-001 -1.329827e+000 -1.409709e+000 -1.113474e+000 -7.844077e-001 -8.560903e-002 1.131056e-001 -5.539830e-001 -1.080482e-001 2.881136e-001 6.439972e-001 -2.160661e-001 1.944014e-001 -2.676568e-001 -2.250944e-001 
7.025910e+000 1.668692e+001 -4.001345e+000 4.913793e+000 -4.266943e+000 3.346604e+000 -5.824428e+000 -2.156598e-001 2.818150e+000 -4.215602e+000 -1.113509e+000 -1.331418e-001 6.134037e-001 -2.988091e+000 -3.501540e-001 -1.918466e+000 -2.313884e+000 -4.348132e-002 1.381152e+000 -1.266454e-001 -1.621422e+000 6.889061e-002 -1.823754e+000 -1.593895e+000 -1.486190e+000 -2.595048e-001 8.953332e-001 5.501689e-001 7.546804e-003 -7.076227e-001 2.486007e-001 -6.447044e-001 1.964783e-001 1.019652e-001 -1.248600e-001 3.036324e-001 
6.571211e+000 1.744327e+001 -4.910440e+000 6.474116e+000 -5.243037e+000 3.292305e+000 -5.951804e+000 -2.648193e-002 2.895707e+000 -5.155640e+000 -6.710924e-001 -5.818879e-001 1.627318e+000 -3.908363e+000 -3.413540e-001 -1.579009e+000 -2.738789e+000 -8.007683e-001 1.636036e+000 -4.521277e-001 -2.225980e+000 -4.231323e-001 -2.266557e+000 -3.053553e-001 -1.911308e+000 -2.012756e-001 6.823311e-002 -2.522300e-001 2.653768e-002 -3.726214e-001 1.015935e+000 -2.767993e-001 8.961853e-001 -5.547005e-001 6.509694e-001 6.233361e-001 
7.498515e+000 1.860563e+001 -3.525465e+000 4.662523e+000 -3.144518e+000 1.197318e+000 -6.109315e+000 4.904375e-001 1.869077e+000 -4.685813e+000 -2.559363e+000 -1.578439e+000 1.014329e+000 -1.998127e+000 2.172608e-001 -5.464601e-001 -2.961752e+000 -9.924452e-001 1.213059e+000 -6.699680e-001 -1.602703e+000 -6.219929e-001 -1.617259e+000 -7.562963e-001 -1.555266e+000 -3.973615e-001 -4.424759e-001 -8.223530e-001 4.225036e-001 1.868266e-001 1.945844e-001 -6.746481e-002 8.026252e-001 -9.573375e-003 -7.881293e-003 4.224741e-001 
8.193755e+000 1.733806e+001 -3.113892e+000 1.621349e+000 -9.949454e-001 -6.570521e-001 -5.868510e+000 -5.939930e-001 1.422246e+000 -4.399634e+000 -2.423694e+000 -1.148119e+000 -6.537630e-001 -2.382091e+000 -1.833357e+000 -9.232576e-001 -2.151159e+000 -2.167712e-001 7.681611e-001 -1.897778e+000 -2.249053e+000 -1.364000e+000 -1.950182e+000 -1.293855e+000 -6.814604e-001 -6.521868e-001 -1.138344e+000 -1.236564e+000 -3.967876e-002 4.363107e-001 4.441603e-001 6.363810e-001 4.740873e-001 -1.283712e-001 1.511021e-002 2.386878e-001 
7.589807e+000 2.043367e+001 -5.844215e+000 3.732472e+000 -2.593610e+000 1.305355e+000 -7.179231e+000 -1.954473e+000 1.651600e+000 -4.670665e+000 -3.689588e+000 -9.944242e-001 -3.632569e-001 -3.158586e+000 -5.591568e-001 -9.326122e-002 -2.098343e+000 -1.163794e+000 1.205512e+000 -2.213430e+000 -2.388546e+000 -1.333337e+000 -1.315360e+000 -1.370561e+000 -9.924988e-001 -2.583758e-001 -1.218089e+000 -7.011302e-001 -5.722597e-002 5.117760e-001 -2.715436e-001 6.599760e-001 8.259823e-001 -3.937190e-001 4.187381e-001 2.892995e-001 
1.017218e+001 1.993372e+001 -6.837979e+000 5.986683e+000 -1.592794e+000 -4.176638e-002 -6.974413e+000 -3.043598e+000 5.949695e-001 -3.737098e+000 -3.006123e+000 4.083259e-001 -1.304983e+000 -1.609089e+000 -5.812372e-001 -9.418373e-001 -1.841098e+000 -1.655547e+000 1.896698e+000 -1.662679e+000 -1.135801e+000 -1.239808e+000 -1.872576e+000 -1.605146e+000 -1.053406e+000 -2.640374e-001 -7.999055e-001 -1.718593e-001 -1.754675e-001 8.445848e-002 -7.178008e-001 -1.284198e-001 1.328911e+000 3.809236e-001 2.680469e-001 2.043760e-001 
1.100957e+001 1.932281e+001 -7.922645e+000 5.102880e+000 -2.328014e+000 -4.583651e-002 -7.596349e+000 -3.223900e+000 -3.208113e-001 -4.341491e+000 -4.314942e+000 -5.168080e-001 -1.411271e+000 -2.759610e+000 5.173904e-001 -2.261549e+000 -2.368797e+000 -2.680427e+000 1.453832e-001 -2.151441e+000 -1.743183e+000 -9.983871e-001 -2.527445e+000 -1.737207e+000 -1.361746e+000 -6.019907e-001 -1.215570e+000 -8.585386e-001 -2.532612e-001 2.753676e-001 -5.967169e-001 -4.274964e-001 7.072205e-001 6.133026e-001 5.244507e-001 8.566421e-001 
1.319478e+001 1.855287e+001 -6.533763e+000 4.836965e+000 -8.972715e-001 -1.134230e+000 -6.822269e+000 -3.086351e+000 8.835986e-001 -2.924514e+000 -3.979102e+000 1.345255e+000 -1.196671e+000 -2.485666e+000 6.730190e-001 -2.413254e+000 -2.457537e+000 -1.545816e+000 1.339906e+000 -1.477975e+000 -1.659086e+000 -4.609383e-001 -3.367609e+000 -1.143023e+000 -2.008167e-001 -2.487969e-001 -4.302090e-001 -1.283198e+000 1.138881e-001 -6.281394e-002 2.013448e-001 2.023649e-001 3.781989e-001 1.231553e+000 3.058844e-001 7.295548e-001 
1.261638e+001 1.768370e+001 -8.309578e+000 5.574535e+000 -1.570445e+000 -7.724186e-001 -6.742536e+000 -3.533775e+000 6.227062e-002 -3.086012e+000 -3.295943e+000 1.862105e-001 -1.060867e+000 -1.974096e+000 -1.826626e-001 -1.737404e+000 -1.973972e+000 -1.484263e+000 1.776805e-001 -1.611336e+000 -1.513010e+000 -1.344185e+000 -2.285356e+000 -1.599432e+000 -1.071645e+000 -3.648070e-001 -2.903034e-001 -1.038836e+000 -9.589791e-002 7.120706e-001 -5.890164e-001 -1.934271e-001 8.402140e-001 8.322824e-001 6.501539e-001 8.982037e-001 
1.255218e+001 1.944633e+001 -8.588886e+000 5.440782e+000 -2.640542e+000 -2.400334e-001 -7.162328e+000 -2.404289e+000 -2.949061e-001 -2.881668e+000 -3.428148e+000 -3.475597e-001 -3.749094e-001 -2.522078e+000 4.239800e-001 -2.723142e+000 -1.817937e+000 -2.164596e+000 1.042225e-001 -1.031289e+000 -1.361050e+000 -7.678406e-001 -2.828803e+000 -1.136863e+000 -1.440327e+000 -5.801325e-001 -1.973960e-001 -1.000995e+000 -3.478012e-001 6.333641e-001 -6.397467e-001 -3.139559e-001 1.097811e+000 5.307341e-001 7.905984e-001 6.165601e-001 
1.070921e+001 1.969377e+001 -8.612038e+000 6.117532e+000 -1.633258e+000 3.646339e-002 -7.295956e+000 -3.277993e+000 4.886577e-001 -2.780901e+000 -3.363658e+000 -4.564148e-001 -6.740962e-001 -2.099282e+000 9.685072e-001 -2.072687e+000 -2.534373e+000 -2.747465e+000 2.862725e-001 -1.391066e+000 -1.369615e+000 -5.277205e-001 -2.753859e+000 -1.494315e+000 -5.975325e-001 -2.490299e-001 -9.403299e-001 -8.396574e-001 -5.860961e-001 5.324776e-001 7.015542e-002 1.130869e-001 9.019068e-001 7.720370e-001 5.079466e-001 4.703414e-001 
1.036172e+001 1.979781e+001 -7.385812e+000 4.452667e+000 -1.222744e+000 1.457129e-001 -6.795884e+000 -3.208141e+000 -4.013326e-001 -3.478143e+000 -3.345047e+000 -2.595418e-001 -8.398964e-001 -2.032181e+000 4.664944e-001 -1.808790e+000 -2.626637e+000 -1.944033e+000 -2.548951e-001 -1.661846e+000 -1.229884e+000 -1.256545e+000 -2.276107e+000 -1.421001e+000 -7.288840e-001 -4.184376e-001 -1.170769e+000 -9.942572e-001 -3.241989e-001 6.885160e-002 9.642143e-002 2.255291e-001 7.389263e-001 9.367323e-001 -4.665281e-002 3.773611e-001 
1.017204e+001 1.944104e+001 -7.815376e+000 3.638674e+000 -1.218326e+000 5.125436e-001 -6.560599e+000 -2.681811e+000 -6.206172e-001 -3.470312e+000 -3.903193e+000 1.335052e-002 -4.832503e-001 -1.373804e+000 4.162159e-001 -1.254031e+000 -2.577394e+000 -2.299245e+000 -2.704870e-001 -1.355050e+000 -1.246654e+000 -1.410328e+000 -1.728909e+000 -1.386815e+000 -6.716358e-001 -7.304494e-001 -6.251433e-001 -5.263400e-001 -8.609204e-002 3.625147e-001 -3.095221e-001 -6.080468e-002 1.266827e+000 9.056735e-001 3.439671e-001 7.360008e-001 
1.053162e+001 1.981662e+001 -6.402265e+000 3.442932e+000 -5.518881e-001 -1.952450e-001 -6.248382e+000 -3.320630e+000 5.222480e-002 -2.860767e+000 -2.987900e+000 -1.213115e-002 4.412679e-001 -1.304512e+000 2.458833e-001 -6.724385e-001 -2.446135e+000 -2.077676e+000 5.463488e-001 -1.259973e+000 -1.249545e+000 -6.543694e-001 -1.805512e+000 -5.353921e-001 -6.901227e-001 -6.252060e-001 -1.925081e-001 -8.546208e-001 1.833450e-001 2.164045e-001 1.556094e-001 8.011707e-001 1.057485e+000 9.232138e-001 -2.146701e-001 6.144566e-001 
9.241376e+000 2.028081e+001 -7.125435e+000 4.522095e+000 -1.615967e+000 -4.041390e-002 -7.154311e+000 -3.818209e+000 -6.946390e-001 -3.160567e+000 -2.698633e+000 -4.737406e-001 -3.315916e-001 -2.085469e+000 1.962428e-001 -1.398396e+000 -2.788285e+000 -1.824858e+000 -2.920221e-001 -1.641616e+000 -6.063089e-001 -1.289448e+000 -1.485279e+000 -1.288151e+000 -9.458286e-001 -5.066660e-001 -9.013735e-001 -6.453603e-002 -1.274608e-001 1.969442e-001 7.919824e-002 2.551243e-001 1.155527e+000 6.312616e-001 -2.021231e-001 8.925503e-002 
1.257148e+001 1.699482e+001 -5.523128e+000 2.154459e+000 1.282437e+000 -1.696409e+000 -6.049892e+000 -2.598250e+000 -6.503924e-001 -3.128846e+000 -1.895141e+000 -3.563443e-002 -2.896615e-001 -1.811322e+000 -5.674454e-001 -1.742376e+000 -3.014097e+000 -1.452798e+000 -4.000460e-001 -1.185150e+000 -1.180429e+000 -1.070228e+000 -1.895677e+000 -8.412060e-001 -7.579247e-001 -5.307054e-001 3.082163e-002 -6.143310e-001 2.338209e-001 8.375938e-001 1.608917e-002 -3.198283e-001 5.287806e-001 4.134342e-001 -7.301498e-002 5.391198e-001 
1.981426e+001 1.454003e+001 -3.467623e+000 9.965636e-001 7.917305e-001 -3.635207e+000 -3.480289e+000 -7.858286e-001 5.039511e-001 -1.245662e+000 -2.568907e+000 -8.141911e-001 -5.929583e-002 -8.725942e-001 5.105762e-001 3.820329e-001 -1.913567e+000 -9.195246e-001 3.683958e-001 -6.974924e-001 -3.589785e-001 -4.017876e-001 -1.412557e+000 -7.912734e-001 -3.258936e-001 -5.438720e-001 5.262764e-001 5.764325e-001 4.181798e-001 7.979260e-001 4.031103e-002 -1.817458e-002 1.963752e-001 8.739706e-002 4.070002e-001 4.427323e-001 
1.810617e+001 1.788663e+001 -5.834591e+000 1.848104e+000 -2.555247e+000 -3.667350e+000 -5.630994e+000 -1.670515e-001 2.504987e+000 -1.858025e+000 -4.810809e+000 -9.780693e-001 -2.213349e-001 -2.275881e+000 1.026215e+000 2.436380e-001 -2.355386e+000 -1.614190e+000 1.104738e+000 -1.822045e+000 -1.132693e+000 7.571814e-001 -1.791687e+000 -5.794957e-001 -6.364319e-001 -1.145215e+000 -6.398206e-001 -6.348322e-002 -7.800743e-002 -3.494652e-003 1.866539e-001 3.233628e-001 6.708569e-001 -1.007860e-001 7.352581e-001 5.762004e-001 
1.587100e+001 1.772657e+001 -6.783678e+000 3.066874e+000 -2.613877e+000 -3.436686e+000 -5.951876e+000 -1.183261e+000 1.726051e+000 -2.423169e+000 -4.786448e+000 -1.441559e+000 -3.962586e-001 -2.387600e+000 -2.440444e-001 3.498098e-001 -2.261601e+000 -8.492173e-001 3.327824e-001 -3.291901e+000 -1.843984e+000 -8.822387e-001 -1.808858e+000 1.447081e-001 -2.082097e-001 -1.085727e+000 -3.715360e-001 -1.131448e+000 -1.350045e+000 -2.523429e-001 -1.434915e-001 7.072701e-001 1.372958e+000 3.847344e-002 3.020522e-001 3.867702e-001 
1.068830e+001 1.909441e+001 -6.754485e+000 4.306497e+000 -2.158686e+000 -1.818561e+000 -5.979167e+000 -1.469596e+000 4.636848e-001 -2.916089e+000 -3.892563e+000 -5.164343e-001 -4.138112e-001 -1.969332e+000 -6.301761e-001 4.443184e-001 -1.271114e+000 3.585381e-001 1.388189e+000 -2.832186e+000 -1.007550e+000 -1.127353e+000 -1.382604e+000 4.220019e-001 3.766541e-001 -1.371502e+000 -1.055447e+000 -1.033946e+000 -1.283466e+000 -1.978072e-001 6.872236e-002 2.223112e-001 8.335908e-001 -2.586830e-001 2.380179e-001 -1.425152e-001 
5.469092e+000 1.868745e+001 -6.107545e+000 3.756866e+000 -2.979340e+000 6.209680e-002 -5.963500e+000 -3.814307e-001 9.552004e-001 -3.098524e+000 -2.945399e+000 -8.853816e-001 7.889587e-002 -3.108809e+000 -1.000392e+000 -1.437640e+000 -2.980920e+000 -8.205004e-001 1.587861e+000 -1.667425e+000 -5.219293e-001 -3.562298e-001 -1.976711e+000 -1.056592e+000 -5.013254e-001 -1.389643e+000 -8.447597e-001 6.078821e-002 -8.732490e-001 5.088365e-001 5.736473e-001 3.393632e-001 -3.202689e-001 1.784962e-001 8.251634e-002 -2.944824e-001 
6.895969e+000 1.684840e+001 -3.316796e+000 3.672322e+000 -2.271173e+000 1.081830e+000 -5.873205e+000 1.794149e-001 4.130349e-001 -3.857301e+000 -8.206615e-001 6.547244e-001 1.622589e-001 -1.840380e+000 -4.170095e-001 -1.057862e+000 -1.363338e+000 -1.016587e+000 2.333092e-001 -1.619721e+000 -1.517648e+000 3.448271e-001 -5.559665e-001 -4.858684e-001 -6.228816e-001 -1.345437e+000 -3.327946e-001 -2.591987e-001 -4.715934e-001 3.767253e-001 -1.307762e-001 6.216875e-002 -1.257291e-001 3.046747e-002 -3.454547e-001 1.623576e-001 
7.819999e+000 1.723971e+001 -4.424366e+000 4.467565e+000 -3.261558e+000 1.037663e+000 -6.397847e+000 1.361350e+000 7.364210e-001 -5.090052e+000 -2.731759e+000 -4.403795e-001 -6.130531e-001 -2.461263e+000 5.797391e-002 -1.309517e+000 -2.365200e+000 -1.345615e+000 1.393975e+000 -6.950554e-001 -1.067766e+000 -5.022367e-001 -7.382367e-001 -9.652953e-001 -1.060851e+000 -6.254351e-001 -3.255729e-001 -4.190563e-001 -6.780821e-001 -2.030447e-002 -5.277105e-001 1.762604e-001 2.385875e-001 3.702206e-001 -1.791762e-001 1.171106e-001 
8.575902e+000 1.385908e+001 -2.842914e+000 3.582105e+000 -2.853439e+000 2.572954e+000 -4.646508e+000 -4.425057e-001 2.252412e+000 -4.965082e+000 -2.362715e+000 -3.029685e-001 8.170255e-002 -1.867659e+000 -4.190701e-002 -3.047709e-001 -1.395880e+000 6.628690e-001 1.146010e+000 -8.768567e-001 -2.161826e+000 -3.731117e-001 -8.769023e-001 -9.087102e-001 -7.069315e-001 -8.460287e-001 -7.690646e-002 -4.886264e-001 -6.081672e-001 -8.666394e-002 6.522555e-001 6.322182e-002 4.062977e-001 6.701885e-001 -5.173080e-001 7.644366e-003 
6.117167e+000 1.664576e+001 -4.017702e+000 3.814394e+000 -6.170226e+000 2.893787e+000 -7.006105e+000 -1.799086e+000 1.792156e+000 -5.685666e+000 -2.185994e+000 -3.942693e-001 1.144668e+000 -2.814917e+000 1.041041e+000 4.659715e-001 -1.916259e+000 -1.688299e-002 2.729211e+000 -5.053954e-003 -8.605217e-001 1.468511e-001 -1.874600e+000 7.937044e-002 -7.477755e-001 -7.614816e-001 -1.029267e+000 -9.788399e-001 -5.656655e-001 -7.516252e-001 1.630479e-001 -5.009116e-001 5.594203e-001 -4.605115e-001 -1.410376e-001 2.792583e-003 
8.826728e+000 1.578506e+001 -2.040786e+000 2.480859e+000 -2.435895e+000 -1.736480e-001 -6.286209e+000 -1.046982e+000 1.260925e+000 -4.563365e+000 -1.661564e+000 -7.385240e-001 -6.290755e-001 -1.675258e+000 -1.609166e-001 -7.428832e-001 -2.512746e+000 1.317819e-001 1.069437e+000 -2.961059e-001 -7.632144e-001 -1.239164e+000 -1.560571e+000 -8.290673e-001 -1.314602e+000 -3.098535e-001 2.300322e-001 -8.833872e-001 -2.617944e-001 2.546980e-001 1.617042e-001 3.569268e-003 3.766522e-001 8.682904e-002 -1.412753e-001 5.059309e-001 
6.550186e+000 2.054231e+001 -5.957244e+000 2.957244e+000 -4.252619e+000 4.673647e-001 -7.019278e+000 -7.756845e-001 8.026152e-001 -5.304878e+000 -2.206587e+000 -2.454505e+000 -2.831303e-002 -2.566042e+000 2.875076e-002 -1.561393e+000 -1.622505e+000 -2.426108e-001 6.272821e-001 -5.712350e-001 -1.075710e+000 -1.182300e+000 -2.098485e+000 -6.388117e-001 -1.194877e+000 -5.870643e-001 -9.087614e-001 -1.017704e+000 -6.309593e-001 1.517680e-002 5.580183e-001 -2.489032e-002 4.857201e-001 -3.849072e-001 -1.569867e-001 5.644465e-001 
8.183246e+000 1.807156e+001 -6.114771e+000 2.103137e+000 -2.669157e+000 -8.553576e-001 -7.573954e+000 -1.399455e+000 1.441076e+000 -4.532365e+000 -2.882305e+000 -1.930506e+000 -1.464940e+000 -2.554473e+000 -7.215727e-001 -6.477281e-001 -2.213888e+000 -5.754521e-001 8.785561e-001 -9.966179e-001 -1.842558e+000 -2.050587e+000 -2.008737e+000 -1.783681e+000 -1.212657e+000 -3.302730e-001 -8.397096e-001 -8.239878e-001 -4.776472e-001 3.366150e-001 1.365556e-001 3.873978e-001 8.594074e-001 -5.728596e-001 -2.680107e-001 -2.334088e-002 
1.037268e+001 1.882646e+001 -6.245563e+000 4.338590e+000 -2.069017e+000 -1.355044e+000 -6.699383e+000 -2.865412e+000 6.722771e-001 -4.088457e+000 -3.088622e+000 -1.397408e-001 -1.630941e+000 -1.996136e+000 -1.161537e+000 -8.597345e-001 -1.987980e+000 -1.583262e+000 1.636393e+000 -1.605370e+000 -1.529352e+000 -1.494478e+000 -2.304525e+000 -1.311457e+000 -6.432965e-001 -2.855768e-001 -1.070696e+000 -5.797924e-001 -3.236441e-001 5.708002e-001 -1.021824e-001 -2.409354e-001 1.111109e+000 6.157956e-002 2.882572e-001 4.787181e-001 
1.151340e+001 1.853212e+001 -6.172806e+000 4.405170e+000 -1.287959e+000 -7.157877e-001 -6.387169e+000 -3.348173e+000 5.433693e-001 -4.233768e+000 -3.450111e+000 1.871344e-001 -9.242858e-001 -1.694171e+000 -2.029628e-001 -1.660684e+000 -2.348658e+000 -1.783845e+000 7.228057e-001 -1.206247e+000 -1.939393e+000 -1.065170e+000 -2.577157e+000 -1.372508e+000 -4.347167e-001 -4.927683e-001 -7.816520e-001 -1.044296e+000 -3.237003e-001 4.185300e-001 -2.393706e-001 -8.075243e-002 9.683582e-001 3.752312e-001 6.539867e-001 5.933082e-001 
1.203153e+001 1.868795e+001 -7.232423e+000 4.782981e+000 -1.081371e+000 4.858567e-001 -7.090373e+000 -3.224496e+000 2.026313e-001 -4.240444e+000 -4.067340e+000 7.597787e-001 -4.764196e-001 -1.943808e+000 6.996027e-001 -1.730204e+000 -2.338667e+000 -2.162894e+000 9.055859e-001 -1.621088e+000 -2.041281e+000 -1.812975e-001 -2.747547e+000 -1.288706e+000 -2.105416e-001 -3.172742e-001 -8.540161e-001 -1.232955e+000 -3.493882e-001 -6.977830e-002 -7.417534e-002 4.977009e-003 1.125128e+000 7.676025e-001 3.732514e-001 3.582731e-001 
1.222412e+001 1.807849e+001 -8.483340e+000 6.611105e+000 -1.212230e+000 3.615468e-001 -7.359214e+000 -3.522975e+000 -7.693072e-001 -2.875877e+000 -3.512271e+000 2.900194e-001 -1.039504e+000 -2.113236e+000 -3.011149e-003 -1.405317e+000 -2.243013e+000 -2.078962e+000 1.994470e-001 -2.130120e+000 -1.303060e+000 -1.091852e+000 -1.972157e+000 -1.336299e+000 -6.738774e-001 -5.266192e-001 -5.865569e-001 -1.327682e+000 -1.950035e-001 2.140730e-001 -1.283505e-001 1.803994e-002 1.017284e+000 1.021748e+000 1.650999e-001 6.199778e-001 
1.323549e+001 1.774203e+001 -7.732925e+000 5.031850e+000 -1.872900e+000 -9.898151e-001 -7.101790e+000 -3.443088e+000 -6.990974e-001 -2.877347e+000 -2.866825e+000 -2.941396e-001 -8.272719e-001 -2.774136e+000 -6.236514e-002 -1.901667e+000 -1.837031e+000 -1.445484e+000 -4.607014e-001 -1.655354e+000 -1.664832e+000 -1.014688e+000 -2.205594e+000 -9.046527e-001 -1.026394e+000 -7.183865e-001 -5.567150e-001 -1.189853e+000 -3.545503e-001 5.181636e-001 -5.089598e-001 -1.811288e-001 1.505390e+000 6.332084e-001 3.184125e-001 2.935294e-001 
1.205261e+001 1.904746e+001 -8.818695e+000 5.883932e+000 -2.536109e+000 -4.167577e-001 -7.442306e+000 -2.737100e+000 2.024466e-001 -2.681552e+000 -3.041556e+000 -8.494057e-001 -2.111297e-003 -2.612532e+000 1.151512e+000 -1.741675e+000 -2.053426e+000 -1.789727e+000 6.190364e-001 -1.323614e+000 -1.306214e+000 -4.672497e-001 -2.080177e+000 -1.437768e+000 -9.179468e-001 -1.073954e-001 -9.570649e-001 -6.961538e-001 -5.589504e-001 2.598693e-001 2.458021e-001 1.337886e-001 1.300704e+000 3.329463e-001 1.723004e-001 1.522402e-001 
1.039918e+001 1.960490e+001 -8.126121e+000 5.339581e+000 -1.187591e+000 -2.919841e-001 -7.321828e+000 -3.411061e+000 -3.169739e-001 -3.375151e+000 -3.224966e+000 -8.274511e-002 -7.708689e-001 -2.680096e+000 1.009885e-001 -1.782792e+000 -2.205091e+000 -1.407330e+000 6.473332e-001 -1.905188e+000 -1.229338e+000 -1.098489e+000 -2.485462e+000 -1.758151e+000 -1.059519e+000 -3.865826e-001 -8.788381e-001 -3.557553e-001 -1.406381e-001 5.259092e-001 -1.737791e-001 -2.971357e-001 2.983517e-001 9.989666e-001 1.910168e-002 8.854750e-001 
1.051156e+001 1.918251e+001 -7.791575e+000 3.450094e+000 -1.410289e+000 1.658127e-001 -7.224876e+000 -3.413905e+000 -8.157530e-001 -3.789270e+000 -3.472757e+000 -4.039584e-001 -7.035350e-001 -2.175932e+000 7.023757e-002 -2.214330e+000 -2.600281e+000 -2.321567e+000 -5.584207e-001 -1.782329e+000 -1.618698e+000 -1.520300e+000 -2.091842e+000 -1.318452e+000 -8.354174e-001 -9.515384e-001 -1.083358e+000 -9.758912e-001 -2.391632e-001 6.877157e-001 -4.256465e-001 -1.451932e-001 1.159108e+000 4.944609e-001 3.285901e-001 1.042814e+000 
9.524160e+000 2.005366e+001 -7.317137e+000 3.203378e+000 -1.086913e+000 -5.481982e-001 -7.318865e+000 -3.153036e+000 -4.183132e-001 -3.024223e+000 -3.352355e+000 -2.669592e-002 -6.523651e-001 -1.952883e+000 2.025341e-001 -1.449572e+000 -2.455715e+000 -2.231473e+000 4.990632e-002 -1.759556e+000 -1.738305e+000 -1.621306e+000 -2.131902e+000 -1.127045e+000 -6.340410e-001 -8.749584e-001 -3.756122e-001 -1.372326e+000 -2.919022e-001 5.544858e-001 -2.559544e-002 6.144152e-001 9.804969e-001 7.870708e-001 -2.702159e-001 8.215824e-001 
1.121175e+001 1.809585e+001 -4.824536e+000 2.741222e+000 1.032600e+000 -1.561752e+000 -5.351422e+000 -4.602921e+000 -2.331088e-001 -2.925614e+000 -2.841930e+000 9.761874e-001 -3.145948e-001 -1.758596e+000 2.073426e-001 -5.634724e-001 -2.711933e+000 -1.826993e+000 4.425460e-001 -1.020734e+000 -1.414155e+000 -6.432707e-001 -1.811545e+000 -1.070013e+000 -6.215314e-001 -4.395895e-001 -2.737862e-001 -4.214716e-001 3.491960e-001 1.387952e-001 -2.008507e-002 3.935494e-001 1.089678e+000 9.286082e-001 3.422489e-002 2.501261e-001 
1.009561e+001 2.041172e+001 -8.186886e+000 3.757819e+000 -7.970290e-001 -4.575018e-001 -6.810663e+000 -2.510025e+000 -4.711074e-001 -2.679914e+000 -3.064211e+000 -3.558813e-001 -7.812853e-001 -2.043987e+000 2.989778e-001 -2.183464e+000 -3.024073e+000 -2.332902e+000 1.903647e-001 -1.800053e+000 -1.198077e+000 -6.779516e-001 -2.048621e+000 -1.028634e+000 -8.594081e-001 -4.409953e-001 -2.595879e-001 -7.253335e-001 4.424167e-001 1.718594e-001 5.956353e-002 -1.216888e-001 4.562683e-001 8.463956e-001 -3.138785e-001 4.760495e-001 
