4.464500e-001 1.773492e+001 -5.485479e+000 3.781683e+000 -1.760652e-002 2.836077e+000 -3.899672e+000 -6.657491e-001 5.974631e-001 -4.535884e+000 -1.066566e+000 7.124336e-001 -2.889299e-001 -2.681368e+000 1.059184e-001 -1.541938e+000 -3.276298e+000 -1.637432e+000 7.995779e-001 -1.157161e+000 -1.694225e+000 -1.820443e+000 -1.489620e+000 -2.892189e-002 -1.673883e-001 -1.646770e-001 -5.581211e-001 -6.074014e-001 -1.126960e+000 4.471914e-001 5.465416e-001 5.027885e-001 4.558519e-001 5.129542e-001 2.894455e-001 7.121794e-001 
-2.889403e+000 1.831744e+001 -5.790639e+000 2.382144e+000 -1.116693e+000 -1.191867e+000 -5.510109e+000 -1.527284e+000 1.130725e+000 -3.322426e+000 -1.933793e+000 9.988991e-002 -1.433456e+000 -2.315051e+000 -2.472026e-001 -5.830443e-001 -1.811425e+000 -1.288559e+000 1.033876e+000 -1.817823e+000 -1.779134e+000 -1.544277e+000 -1.647408e+000 -7.265000e-001 -1.400069e+000 2.349320e-003 3.883987e-001 -4.196007e-001 -3.437993e-001 5.618389e-001 2.800605e-001 4.151548e-001 8.375903e-001 3.714696e-001 2.015989e-001 9.414289e-001 
-2.797234e+000 1.788672e+001 -6.924306e+000 1.262121e+000 -2.083700e+000 -2.177837e+000 -4.669546e+000 -1.882845e+000 5.266527e-001 -4.164710e+000 -1.784947e+000 1.597700e-001 -1.159401e+000 -1.359949e+000 -9.720509e-001 -3.852516e-001 -2.617526e+000 -1.718571e+000 5.274612e-001 -2.458049e+000 -1.014988e+000 -1.644797e+000 -1.052773e+000 -1.140559e+000 -1.159846e+000 -4.670423e-001 -4.444727e-001 2.410919e-001 -7.919270e-001 -2.605681e-005 2.255900e-001 -5.746464e-002 1.170102e+000 4.504771e-001 8.635896e-001 8.566885e-001 
-3.983530e+000 1.691399e+001 -8.229615e+000 -6.582635e-001 -2.767005e+000 -1.844153e+000 -5.855978e+000 -2.125092e+000 1.268248e+000 -3.309288e+000 -1.556107e+000 1.116450e+000 1.302283e-001 -1.857416e+000 2.670699e-001 -8.923590e-001 -2.478795e+000 -1.709721e+000 4.092347e-001 -1.700553e+000 -9.874116e-001 -4.343448e-001 -7.297347e-001 -9.577899e-002 -1.292054e+000 -4.477989e-001 -4.813668e-001 -2.595360e-001 -8.598299e-002 -3.652016e-001 6.552424e-001 4.238657e-001 9.743590e-001 1.118065e+000 3.236589e-001 7.033833e-001 
-3.928336e+000 1.614631e+001 -7.791681e+000 1.899791e-001 -1.714115e+000 -4.210364e-001 -4.240258e+000 -1.135727e-001 1.915441e+000 -3.063933e+000 -1.744731e+000 9.187325e-001 -3.662824e-001 -1.485023e+000 -1.805286e-001 -1.590400e+000 -2.430082e+000 -1.177292e+000 4.329184e-001 -1.990221e+000 -5.064729e-001 -1.950222e-001 1.107040e-001 -7.638306e-002 -1.562695e+000 -4.140238e-001 1.634785e-001 -7.124172e-001 -8.095509e-001 -5.031932e-001 -9.237479e-002 6.526468e-002 2.149188e-001 5.515335e-001 4.135541e-001 8.413912e-001 
-2.417138e+000 1.388308e+001 -5.879525e+000 7.943800e-001 -2.600253e+000 2.154422e+000 -2.933991e+000 2.708023e+000 1.954808e+000 -2.843626e+000 -2.596479e+000 9.519179e-001 -1.192159e+000 -2.763160e+000 -1.040576e+000 -1.939488e+000 -2.989030e+000 -1.582296e+000 -5.121775e-002 -5.693750e-001 -1.171595e+000 -1.279156e+000 -4.961639e-001 -7.053965e-001 2.628361e-002 -1.375601e-001 1.553261e-001 -8.242741e-001 -3.751603e-001 3.006208e-001 8.754152e-002 1.079765e-001 1.307374e-001 2.768023e-001 3.937993e-001 1.063932e+000 
4.374358e+000 1.337152e+001 -4.498120e+000 2.377314e+000 -4.333414e+000 3.353022e+000 -4.529213e+000 2.399391e+000 9.086156e-001 -2.832187e+000 -2.756906e+000 3.446845e-001 -2.152302e+000 -2.236597e+000 9.318241e-001 -1.847933e+000 -3.660330e+000 -1.081269e+000 5.463680e-001 -1.062071e+000 -1.175278e+000 -1.761332e+000 -1.109718e+000 -1.528081e-001 -2.200077e-001 -1.074553e+000 3.662727e-001 -4.885430e-001 5.102752e-002 4.262320e-001 7.709232e-001 -3.324322e-001 1.146349e-001 -3.909852e-001 1.127814e-001 7.659369e-001 
6.736020e+000 1.388575e+001 -5.471945e+000 4.429801e+000 -4.829178e+000 2.690753e+000 -4.128925e+000 1.394131e+000 5.978904e-002 -3.460302e+000 -2.423932e+000 3.181611e-001 -7.528861e-001 -1.285830e+000 1.075349e+000 -7.088075e-001 -1.821593e+000 -4.109114e-001 6.209361e-001 -1.060049e+000 -1.139245e+000 -1.655197e+000 -7.250675e-001 -4.090963e-001 -2.904568e-001 -1.318549e+000 7.703572e-001 -3.301746e-001 -9.133025e-002 4.924106e-001 8.635687e-001 5.476943e-001 4.977389e-001 2.638770e-001 2.894317e-001 1.059776e-001 
8.149783e+000 1.411657e+001 -2.006183e+000 5.115216e+000 -2.091733e+000 1.803745e+000 -2.935447e+000 6.951799e-001 1.207399e+000 -2.924756e+000 -2.050069e+000 -9.015246e-001 -8.684525e-001 -9.949466e-001 1.453457e+000 1.257973e-002 -1.627485e+000 1.065525e-001 9.242849e-001 3.269781e-001 -3.833149e-001 -1.123830e+000 -7.997800e-001 -4.649432e-001 -6.365585e-001 -3.563022e-001 6.896683e-001 -6.043055e-002 -2.482541e-001 1.693966e-001 -9.657034e-002 -3.124769e-001 -2.357777e-001 1.071882e-001 7.794732e-002 6.590640e-001 
8.433774e+000 1.880400e+001 -1.224870e+000 5.616720e+000 -1.949616e+000 3.180096e+000 -1.599864e+000 9.866724e-002 1.391139e+000 -3.321128e+000 -2.658942e+000 -8.438306e-001 -2.651174e+000 -2.394972e+000 9.369116e-001 -3.326906e-001 -1.322962e+000 -7.575710e-002 6.273476e-001 -2.065433e-001 -9.994796e-001 -9.370649e-001 6.295803e-002 4.414850e-001 5.714350e-001 1.975475e-001 6.823497e-001 3.735020e-001 3.195434e-001 3.670750e-001 -1.426718e-001 3.768674e-002 -4.310896e-002 -8.763214e-002 -6.126152e-001 1.772171e-001 
1.049375e+001 1.902080e+001 -1.287187e+000 3.064967e+000 -2.721300e+000 2.902679e+000 -4.341031e+000 -2.944115e+000 2.713224e+000 -3.068699e+000 -3.748206e+000 -3.498504e-001 -2.510859e+000 -3.831066e+000 2.722915e-001 6.193830e-001 -2.447285e+000 -1.279688e+000 8.385709e-001 -1.368248e+000 -2.575413e+000 -1.162354e+000 2.364424e-001 2.960392e-001 1.263848e+000 9.964852e-002 1.946669e-001 8.975321e-001 1.705740e-001 9.640282e-002 -6.509939e-001 -1.676787e-001 -5.865992e-002 -4.138752e-001 -6.336641e-001 -3.109234e-003 
1.184612e+001 1.957055e+001 -2.557310e+000 2.815223e+000 -3.558882e+000 5.835763e-001 -5.953289e+000 -3.014488e+000 2.170797e+000 -2.733409e+000 -3.906304e+000 2.440782e-001 -2.736199e+000 -4.865128e+000 5.104903e-001 6.840547e-001 -2.616590e+000 -1.182026e+000 1.192283e+000 -2.060518e+000 -2.403412e+000 -1.243038e+000 -1.078174e+000 1.544823e-001 8.304262e-001 -3.377188e-001 1.925316e-001 5.777413e-001 1.496943e-001 6.009342e-002 -1.888102e-001 3.993682e-001 -1.886066e-001 -1.130722e-001 -9.240668e-001 -3.789647e-001 
1.094856e+001 2.039510e+001 -4.940257e+000 3.524078e+000 -4.254984e+000 1.584429e+000 -8.532881e+000 -2.862615e+000 1.366387e+000 -2.443411e+000 -4.433065e+000 5.777541e-001 -2.785580e+000 -6.260639e+000 1.441421e+000 -7.351753e-001 -3.998584e+000 -1.306796e+000 1.430495e+000 -3.714168e+000 -1.357520e+000 -5.549388e-001 -2.082211e+000 -6.639418e-001 1.449759e+000 -1.025341e+000 -7.335807e-001 1.693820e+000 -7.748073e-001 -6.223966e-001 4.758372e-001 1.051618e+000 -1.548062e+000 9.202397e-002 -2.961379e-001 -2.092010e+000 
1.250696e+001 1.853059e+001 -4.794492e+000 2.767273e+000 -2.533411e+000 -1.146677e+000 -6.822928e+000 -3.733555e+000 -2.293552e-002 -2.786659e+000 -4.185565e+000 -4.428695e-001 -1.121969e+000 -5.460806e+000 6.592299e-001 -1.418769e+000 -4.419659e+000 -1.342234e+000 8.359598e-001 -1.590590e+000 -2.579680e+000 -3.612454e-001 -2.110679e+000 -4.071951e-001 1.209649e-001 -6.400773e-001 -2.009912e-002 -2.897353e-001 1.150324e-001 1.033953e-001 8.366935e-001 2.431823e-001 -7.244283e-001 -7.118589e-001 -6.578644e-001 -7.514634e-001 
1.328582e+001 1.869575e+001 -5.289889e+000 5.036860e+000 -2.507201e+000 -4.284311e-001 -6.871518e+000 -3.604025e+000 4.831446e-003 -2.006379e+000 -3.396501e+000 -4.875699e-002 -6.650877e-001 -5.332806e+000 1.197150e+000 -1.443871e+000 -3.151686e+000 -1.064926e+000 6.858950e-002 -1.268967e+000 -2.084120e+000 3.930397e-001 -1.722912e+000 -2.163344e-001 -3.543103e-001 -8.513819e-001 5.890729e-001 3.167094e-002 2.679566e-002 5.917944e-001 7.259073e-001 4.750820e-002 -2.073993e-001 -1.010138e+000 -2.076059e-001 -8.034733e-001 
1.193155e+001 1.934507e+001 -5.077565e+000 5.298219e+000 -3.046334e+000 -1.968815e-001 -6.955138e+000 -3.398979e+000 7.121424e-001 -2.063744e+000 -3.035212e+000 3.935548e-001 -1.175060e+000 -5.578087e+000 1.247285e+000 -1.049883e+000 -3.165856e+000 -1.123990e+000 -4.524080e-002 -1.162022e+000 -1.578357e+000 1.051266e-001 -1.447287e+000 -3.865681e-001 1.826602e-001 -1.975418e-001 3.482252e-001 -1.668671e-001 2.744887e-003 1.006576e+000 5.259326e-001 -1.478964e-003 -1.093971e-001 -1.137117e+000 -5.583501e-001 -7.513482e-001 
1.104306e+001 2.043716e+001 -5.543993e+000 5.592238e+000 -3.366863e+000 -7.077419e-001 -6.917358e+000 -2.830770e+000 5.419543e-001 -2.648698e+000 -3.444603e+000 2.913313e-001 -1.118567e+000 -5.170149e+000 9.238091e-001 -1.390142e+000 -3.255592e+000 -1.468397e+000 7.049024e-001 -1.680190e+000 -7.137248e-001 -7.756524e-001 -1.936192e+000 -2.494089e-001 6.944689e-001 -2.256537e-001 1.721179e-001 -2.291646e-001 -3.622472e-001 1.386666e+000 2.036079e-001 3.944168e-001 -4.897733e-001 -7.102701e-001 -8.656156e-001 -9.309868e-001 
1.213882e+001 1.808695e+001 -3.216290e+000 2.242323e+000 -2.374073e+000 -2.504422e+000 -5.804300e+000 -3.497421e+000 1.160258e+000 -2.937514e+000 -4.253054e+000 -2.454128e-001 -2.376092e+000 -5.033653e+000 2.024599e-001 -4.820300e-001 -3.692825e+000 -1.590925e+000 1.588559e-001 -1.691782e+000 -1.576693e+000 -8.303552e-001 -1.681114e+000 -3.105338e-001 6.546422e-002 -3.372205e-001 1.756385e-001 -8.575104e-002 1.540821e-001 5.555634e-001 -7.039347e-002 8.056420e-002 -9.138407e-002 -1.150076e+000 -7.097314e-001 -5.757542e-001 
1.151294e+001 1.924509e+001 -2.696398e+000 2.316060e+000 -1.442403e+000 -2.309719e+000 -4.909142e+000 -3.189448e+000 1.880980e+000 -2.388389e+000 -4.199913e+000 5.673874e-001 -2.276608e+000 -5.153475e+000 3.781694e-001 4.063354e-001 -2.838924e+000 -8.562637e-001 2.892912e-001 -2.343503e+000 -1.255104e+000 -3.022479e-001 -1.528445e+000 2.344774e-001 4.125521e-001 -4.452130e-001 5.762861e-001 2.382985e-001 2.168979e-001 5.106791e-001 -1.639743e-001 2.665101e-001 -1.453054e-001 -8.080673e-001 -5.111031e-001 -7.415259e-001 
7.847871e+000 2.212898e+001 -4.170890e+000 3.748062e+000 -2.938420e+000 -1.524080e+000 -5.584384e+000 -2.493097e+000 2.462163e+000 -3.162913e+000 -4.900957e+000 1.074727e-001 -1.639901e+000 -5.340754e+000 3.242815e-001 1.702509e-001 -2.526384e+000 -6.676493e-001 -1.562528e-001 -2.728595e+000 -9.066243e-001 -5.377521e-001 -1.916881e+000 -5.941022e-002 6.834985e-001 -3.016404e-001 2.007220e-001 3.596889e-001 2.619837e-001 4.249724e-001 1.096739e-001 -3.973865e-001 -5.825941e-001 -5.759211e-002 -6.326831e-001 -3.801269e-001 
8.685827e+000 1.980488e+001 -1.648299e+000 2.177635e+000 -4.464359e-001 -2.254434e+000 -5.195234e+000 -1.305011e+000 2.908245e+000 -2.094584e+000 -4.900392e+000 -1.406588e+000 -6.556626e-001 -2.665342e+000 -1.241744e-002 -3.337310e-001 -2.395139e+000 3.085383e-001 7.666887e-001 -1.782797e+000 -1.678685e+000 -1.223835e+000 -9.343217e-001 6.359371e-002 3.787066e-001 6.503785e-001 6.227466e-001 -2.499338e-001 4.826610e-001 1.219514e+000 -2.903010e-001 -7.173678e-001 1.801660e-001 -7.566292e-002 -6.254003e-001 -2.788500e-001 
9.914812e+000 1.491718e+001 1.082139e+000 2.155674e+000 -3.854343e-001 1.958592e-001 -2.764092e+000 3.927079e-001 2.696487e+000 -1.439818e+000 -7.235064e-001 2.597848e-001 1.487264e-001 -8.000843e-002 9.787415e-002 1.926676e-001 -1.639871e+000 -6.643536e-001 8.065193e-001 -3.438860e-001 -1.112829e+000 -8.160906e-001 3.942317e-001 6.494671e-001 2.501118e-001 -1.668691e-001 8.908959e-002 1.616747e-001 -7.234331e-001 -1.799245e-001 8.379513e-002 -5.707907e-001 -1.101520e-001 3.215098e-001 -1.740496e-001 -1.899915e-001 
-9.846283e-002 1.732489e+001 -6.130899e+000 2.305330e+000 -2.082928e+000 1.373465e+000 -3.957993e+000 5.687499e-001 2.286912e+000 -3.614184e+000 -1.764634e+000 -1.148669e-001 -2.172483e-001 -1.907530e+000 3.359764e-001 -8.911576e-001 -1.778003e+000 -7.662882e-001 5.480591e-001 -1.773466e+000 -1.330079e+000 -2.759956e-001 1.535731e-001 4.301148e-001 -6.802175e-002 -5.388880e-001 -7.154626e-001 -8.293556e-001 -9.354183e-001 3.261714e-001 5.402078e-001 8.218017e-001 6.342482e-001 4.622623e-001 1.350632e-001 4.968146e-001 
-2.543030e+000 1.731066e+001 -6.634834e+000 1.161705e+000 -1.555679e+000 -8.549205e-001 -4.231309e+000 -9.286450e-001 8.816788e-001 -4.654391e+000 -3.155729e+000 -2.868261e-001 -1.445010e+000 -2.406758e+000 -1.071489e+000 -1.054313e+000 -2.708762e+000 -1.973399e+000 8.511878e-001 -2.052692e+000 -1.860982e+000 -1.846491e+000 -1.234919e+000 3.047440e-002 -1.039033e+000 -7.514801e-001 -8.098804e-001 -8.774178e-001 -1.455583e-001 7.827694e-002 -8.440965e-002 4.407716e-001 9.300200e-001 2.103943e-001 1.202772e-001 8.632571e-001 
-9.653226e-001 1.988466e+001 -6.009362e+000 1.524951e+000 -1.749613e+000 -6.456489e-001 -2.971357e+000 -8.776313e-001 7.366750e-001 -4.554320e+000 -2.307675e+000 -1.994276e-001 -1.027931e+000 -1.462333e+000 -1.086633e+000 -5.769096e-001 -3.357749e+000 -2.357146e+000 9.364670e-001 -1.756405e+000 -1.548453e+000 -2.241521e+000 -4.097707e-001 -3.600025e-001 -8.734916e-001 -5.685100e-001 -8.599258e-001 -3.826565e-001 -6.981971e-001 3.999372e-001 4.290031e-001 2.848911e-002 8.575800e-001 1.605731e-001 4.771634e-001 8.656350e-001 
-2.267995e+000 1.975236e+001 -5.987276e+000 1.101547e+000 -1.304654e+000 -6.535727e-001 -5.139264e+000 -1.271281e+000 1.222968e+000 -3.860918e+000 -1.622891e+000 4.279151e-001 -8.763443e-001 -3.406231e+000 -1.164248e+000 -1.691668e+000 -2.625602e+000 -1.669731e+000 -8.266056e-003 -2.452258e+000 -1.782772e+000 -1.965985e+000 -9.380408e-001 2.857739e-001 -9.411177e-001 -4.964672e-001 -7.249046e-001 -4.869759e-001 -7.417536e-001 -4.923371e-001 5.910334e-001 3.998705e-001 4.937322e-001 7.767265e-001 1.480175e-001 6.797319e-001 
-6.963033e-001 1.880889e+001 -6.265225e+000 7.599472e-001 -2.175654e+000 -1.563064e+000 -4.766334e+000 -1.074778e+000 -8.878870e-002 -4.842227e+000 -3.250551e+000 4.286176e-001 -9.595217e-001 -2.387639e+000 -1.314130e+000 -1.302956e+000 -3.293431e+000 -1.839804e+000 7.394986e-001 -2.103684e+000 -2.029745e+000 -2.460424e+000 -1.165684e+000 -2.723311e-001 -1.452273e+000 -9.045550e-001 -2.768149e-001 -6.306501e-001 -6.107756e-001 -3.010997e-001 6.998127e-002 9.508253e-002 6.921831e-001 9.932483e-001 3.278999e-001 6.932583e-001 
1.712906e+000 1.509355e+001 -4.542996e+000 2.768188e+000 -3.277676e+000 7.800647e-001 -4.855905e+000 4.825004e-001 -5.559428e-001 -3.257520e+000 -3.395291e+000 8.247272e-001 -1.673301e-001 -1.138608e+000 -2.103878e-001 -1.116161e+000 -2.393834e+000 -1.272501e+000 7.729152e-001 -3.319483e-001 -1.580158e+000 -2.074362e+000 -5.753321e-001 -1.153808e+000 -5.475399e-001 -9.978695e-001 5.382214e-001 -4.286654e-001 -1.331931e-001 -2.229002e-001 3.211921e-001 1.171024e-001 6.255486e-001 7.366810e-001 1.129279e+000 1.116718e+000 
4.427188e+000 1.248062e+001 -5.280422e+000 1.083367e+000 -5.616339e+000 1.229310e+000 -6.105738e+000 1.452742e+000 1.328219e+000 -2.288109e+000 -1.820297e+000 9.612776e-001 -6.038252e-001 -1.393397e+000 1.839571e+000 -2.467616e-001 -2.413811e+000 -1.229341e+000 -8.291228e-002 -1.594701e+000 -1.074645e+000 -7.366092e-001 -6.390502e-001 -3.072613e-001 -9.516086e-001 -1.400997e+000 1.322515e-001 -2.634628e-001 -3.260762e-001 -3.153986e-001 4.390653e-001 5.260286e-001 1.026683e+000 2.842812e-001 4.336303e-001 8.099910e-001 
5.421544e+000 1.273420e+001 -5.385148e+000 2.829776e+000 -5.598161e+000 2.365981e+000 -5.732502e+000 1.324871e+000 2.086262e+000 -2.894499e+000 -2.308903e+000 2.339006e+000 -4.756641e-002 -1.487829e+000 1.907016e+000 -2.818274e-001 -2.900138e+000 -3.165327e-001 7.163388e-001 -1.895366e+000 -2.437932e-001 -6.273944e-002 -5.092435e-001 1.669689e-001 8.629750e-001 -1.452707e+000 -1.332285e-001 1.732758e-001 -8.159095e-001 -6.001783e-001 3.694189e-001 4.769877e-001 -1.010882e-001 8.405127e-001 9.250980e-001 -1.940772e-001 
7.578880e+000 1.578343e+001 -2.071558e+000 5.468243e+000 -1.767354e+000 3.224375e+000 -2.819731e+000 8.225231e-001 1.468957e+000 -3.068821e+000 -1.978003e+000 -9.825661e-002 -1.193131e+000 -1.759725e+000 3.825668e-001 -9.960107e-001 -1.927768e+000 2.876839e-001 2.512806e-001 -8.435205e-001 -1.080583e-001 1.634154e-001 7.357603e-001 4.656466e-001 1.071865e-001 -1.213832e-001 1.316986e-001 -9.784788e-001 -8.423017e-001 2.203412e-001 3.111216e-001 8.223350e-002 5.504189e-001 1.943679e-001 -4.534339e-001 7.891319e-001 
7.764227e+000 1.868422e+001 -1.045953e+000 5.578031e+000 -8.295839e-001 3.332007e+000 -3.057082e+000 -9.934008e-001 1.756728e+000 -2.558390e+000 -1.888704e+000 -8.865397e-001 -2.887189e+000 -2.417702e+000 1.251816e+000 -1.742546e-001 -1.919541e+000 -8.096505e-001 -2.285807e-002 -4.419219e-001 -6.303767e-001 -6.347293e-001 2.330912e-001 6.710314e-001 1.175300e+000 5.360996e-001 6.769003e-001 4.571086e-001 5.143089e-001 5.415123e-001 -2.748138e-001 -2.901376e-001 -2.796609e-001 -3.976564e-001 -1.204825e+000 7.232909e-002 
8.829118e+000 2.033821e+001 -1.755319e+000 3.726823e+000 -4.347370e+000 3.540171e+000 -5.751140e+000 -2.918253e+000 2.843312e+000 -2.660954e+000 -4.115653e+000 4.088842e-001 -3.183224e+000 -4.472097e+000 1.305724e+000 7.233011e-001 -2.856150e+000 -1.477104e+000 1.678710e+000 -1.988979e+000 -2.478608e+000 -7.554587e-001 -6.177115e-002 -1.918003e-001 1.493358e+000 -1.199828e-001 4.129427e-001 9.088166e-001 1.105407e-001 -1.399853e-001 -3.516229e-001 1.172062e-001 -1.596111e-001 -3.790032e-001 -5.662214e-001 -3.037424e-002 
1.129275e+001 2.063370e+001 -3.366368e+000 3.711973e+000 -4.332522e+000 1.677829e+000 -6.957523e+000 -2.048377e+000 1.500162e+000 -2.328514e+000 -3.288547e+000 3.418242e-001 -2.964194e+000 -5.215524e+000 6.541203e-001 1.949915e-001 -2.892460e+000 -1.123987e+000 1.374137e+000 -2.727705e+000 -1.832086e+000 -1.497592e+000 -7.070377e-001 -2.013929e-001 1.299311e+000 -5.335350e-001 6.238675e-002 7.418261e-001 -2.105909e-001 -7.739493e-002 -1.724993e-001 6.865067e-001 -2.549668e-001 -5.489051e-001 -8.133272e-001 -4.851283e-001 
1.280153e+001 1.912243e+001 -4.118468e+000 3.347814e+000 -2.487297e+000 5.009089e-001 -6.536483e+000 -3.084051e+000 7.877170e-001 -2.470742e+000 -3.019772e+000 6.236669e-001 -1.996189e+000 -4.949485e+000 8.999365e-001 -6.021885e-001 -3.420997e+000 -7.669800e-001 1.237428e+000 -2.130210e+000 -1.701359e+000 -6.910688e-001 -1.380238e+000 3.178520e-001 5.315817e-001 -7.619503e-001 1.634329e-001 7.859098e-001 -2.073024e-001 2.244063e-001 5.148390e-001 5.776252e-001 -7.189072e-001 -4.941983e-001 -4.844675e-001 -1.044921e+000 
1.524811e+001 1.673403e+001 -2.691889e+000 2.289059e+000 -4.604309e-001 -2.060982e+000 -5.487939e+000 -3.495999e+000 1.601613e-001 -2.040397e+000 -3.417320e+000 2.684276e-001 -1.047842e+000 -4.577353e+000 4.378033e-001 -7.896016e-001 -3.950606e+000 -1.119334e+000 6.010549e-001 -1.365400e+000 -1.895686e+000 -2.917787e-001 -1.248960e+000 -1.457653e-001 1.472512e-002 -6.981913e-001 3.564711e-001 -9.417542e-002 9.967522e-002 2.725192e-001 5.684061e-001 4.066485e-001 -5.483811e-001 -6.460955e-001 -6.381399e-001 -3.007518e-001 
1.336989e+001 1.969691e+001 -4.735412e+000 5.586022e+000 -2.416176e+000 -1.687009e-001 -6.768909e+000 -2.775925e+000 -1.153997e-001 -1.794746e+000 -3.216626e+000 5.189583e-001 -6.358381e-001 -5.038150e+000 1.239661e+000 -1.398268e+000 -3.265501e+000 -1.122687e+000 9.182378e-001 -1.569085e+000 -1.701554e+000 -1.329748e-001 -2.092165e+000 -7.284444e-002 4.779665e-001 -5.620538e-001 2.819998e-001 -5.975692e-001 -3.394296e-001 1.294572e+000 6.065933e-001 4.487717e-001 -4.288354e-001 -8.255878e-001 -2.532821e-001 -9.230055e-001 
1.404004e+001 1.671737e+001 -2.989518e+000 2.519894e+000 -1.488537e+000 -1.743634e+000 -5.212067e+000 -3.661116e+000 5.084450e-001 -2.540905e+000 -3.575576e+000 7.146967e-001 -9.373151e-001 -4.727297e+000 2.143126e-001 -7.511812e-001 -3.159414e+000 -4.675421e-001 -8.162545e-002 -1.038729e+000 -9.969267e-001 -3.114880e-001 -1.522937e+000 -4.535674e-001 8.240208e-001 -1.027665e-001 4.810908e-001 -3.447188e-001 7.965927e-002 1.156199e+000 1.100319e-001 1.854691e-001 -1.591625e-002 -6.640677e-001 -8.195263e-001 -9.099325e-001 
1.127355e+001 1.955156e+001 -4.298596e+000 4.171864e+000 -2.601658e+000 -1.618944e+000 -6.397536e+000 -2.943105e+000 8.596699e-001 -3.291246e+000 -3.902831e+000 2.956641e-001 -2.428325e+000 -5.645469e+000 2.464625e-001 -1.126510e+000 -3.681500e+000 -1.605497e+000 -4.438932e-001 -2.227974e+000 -1.254233e+000 -3.088676e-001 -1.972431e+000 -5.732966e-001 4.965972e-002 -9.111398e-001 3.090894e-001 -7.786961e-002 -1.823218e-001 9.882192e-001 -3.335174e-001 -3.033748e-001 -4.944242e-001 -7.432337e-001 -7.495064e-001 -8.273567e-001 
9.606262e+000 2.103382e+001 -5.690438e+000 4.375251e+000 -3.992128e+000 -9.783044e-001 -7.361892e+000 -2.633590e+000 5.076788e-001 -2.952922e+000 -4.118650e+000 5.397151e-001 -2.030048e+000 -5.957475e+000 6.591842e-001 -1.179502e+000 -2.878582e+000 -1.435849e+000 8.393181e-001 -2.529493e+000 -1.853162e+000 -6.235915e-001 -1.375101e+000 5.622531e-002 2.028867e-001 -6.522719e-001 1.740744e-001 4.147307e-001 -4.214941e-001 5.863682e-001 -1.192529e-001 6.736380e-001 -3.208550e-001 -1.023163e+000 -7.385754e-001 -6.767965e-001 
8.530634e+000 2.144621e+001 -6.029560e+000 3.813227e+000 -3.736873e+000 -1.890538e+000 -7.134662e+000 -3.583778e+000 1.097859e+000 -2.702623e+000 -4.347656e+000 -9.164644e-002 -2.457958e+000 -6.455543e+000 1.330876e-001 -3.627597e-001 -3.316589e+000 -1.599496e+000 -3.936796e-001 -3.235621e+000 -1.456303e+000 -6.368679e-001 -1.502884e+000 -1.754528e-001 -1.878150e-001 -9.125731e-001 2.934835e-001 -5.011915e-002 -3.543584e-001 5.755828e-001 -7.843373e-001 1.055600e-001 -1.479152e-001 -4.950967e-001 -5.777534e-001 -6.632466e-001 
8.514274e+000 2.092624e+001 -4.034701e+000 2.769532e+000 -2.493468e+000 -2.611604e+000 -6.103318e+000 -3.163918e+000 2.034111e+000 -2.664003e+000 -4.528123e+000 -2.577963e-001 -1.987019e+000 -4.945539e+000 -1.043255e-001 1.736271e-001 -2.907911e+000 -1.383260e+000 -7.724192e-001 -2.505599e+000 -9.763714e-001 -9.437928e-001 -1.639917e+000 -2.222099e-001 -2.074433e-002 -1.247063e-001 3.467819e-001 -4.845568e-001 -2.794168e-001 6.395061e-001 4.902482e-002 -5.033783e-001 -3.270154e-001 -7.294189e-002 -5.590851e-001 2.890681e-001 
