-8.551832e-002 1.435775e+001 -3.582803e-001 7.906249e+000 -1.518839e+000 8.653747e-001 1.879954e+000 -4.529545e-002 2.955053e-001 -1.556017e+000 1.677802e-001 -7.726324e-001 1.268675e+000 4.874509e-001 -1.581255e+000 -1.567520e+000 -9.869531e-001 3.840563e-001 5.580085e-002 -1.285223e+000 -1.222165e+000 6.975833e-002 2.100442e-001 2.975808e-001 
3.204441e-003 1.298120e+001 5.981703e-001 8.779354e+000 -1.881790e+000 1.125199e+000 6.934731e-001 -7.071443e-001 7.368796e-001 -1.876416e+000 7.727747e-003 -7.884807e-001 1.489471e+000 5.979621e-001 -1.277914e+000 -1.294365e+000 -9.200122e-001 4.389484e-001 -1.184291e-001 -9.853922e-001 -8.203046e-001 7.538081e-002 2.327234e-001 -1.983180e-001 
-7.717715e-001 1.293999e+001 -7.538287e-001 1.026431e+001 -2.501084e+000 1.731631e+000 3.688202e-001 -1.025285e+000 -5.568181e-001 -1.933078e+000 1.077515e+000 -1.019716e+000 2.366273e+000 1.104867e-001 -9.738026e-001 -1.744983e+000 -8.549610e-001 4.669335e-001 4.774499e-001 -5.136944e-001 -1.273546e+000 4.420118e-001 -2.042280e-001 -2.060622e-001 
7.759274e-001 1.217973e+001 -4.576697e-001 8.936857e+000 -1.488488e+000 4.346849e-001 8.277644e-001 -3.404837e-001 -5.924035e-001 -1.451649e+000 8.051331e-001 -1.080259e+000 1.453409e+000 5.568081e-001 -1.480883e+000 -8.917087e-001 -6.310063e-001 2.290557e-001 -1.372875e-001 -3.974401e-001 -8.882689e-001 -2.340485e-001 3.142904e-001 -1.719769e-001 
1.813476e+000 1.213610e+001 -2.009543e+000 9.684027e+000 -1.752557e+000 1.623324e+000 1.027017e-001 -1.388624e+000 2.529202e-002 -1.083820e+000 9.621881e-001 -1.434857e+000 1.609693e+000 -2.531106e-002 -7.619567e-001 -1.376119e+000 -9.052630e-001 4.284380e-001 -5.795439e-002 -5.034077e-001 -8.590618e-001 5.119665e-001 -4.138219e-001 -2.300981e-001 
3.422904e+000 1.317879e+001 -2.286936e+000 8.235320e+000 -1.747261e+000 8.635200e-001 -1.177333e-001 -2.566722e-002 4.907072e-001 -1.757536e+000 3.286192e-001 -1.771922e+000 9.443823e-001 4.671184e-001 -9.150896e-001 -1.299153e+000 -1.122737e+000 8.459514e-001 5.053938e-001 -1.096579e+000 -1.589643e+000 4.370067e-001 2.277866e-002 -2.645425e-001 
7.392883e+000 1.466692e+001 -1.866376e+000 5.912963e+000 -2.619314e-001 4.963080e-002 2.335963e-002 -9.932014e-001 2.126946e-001 -2.320755e+000 -9.360704e-001 -1.062521e+000 -6.069883e-002 8.474092e-001 -1.023125e+000 -8.759295e-001 -3.012754e-001 1.128078e+000 6.487407e-001 -1.769123e+000 -1.416801e+000 -2.941006e-001 -1.733049e-001 -6.197737e-001 
1.163165e+001 1.385187e+001 -2.286968e-001 4.875154e+000 9.170392e-001 -1.333091e+000 -1.553006e+000 -1.177635e+000 -8.129067e-001 -2.681805e+000 -1.141794e+000 -1.082967e+000 -7.660369e-001 8.102815e-001 3.408005e-001 1.136805e-001 7.503160e-003 1.008636e+000 4.646911e-001 -1.748205e+000 -1.188820e+000 -2.749317e-001 -4.662929e-001 -5.796009e-001 
1.250743e+001 1.579908e+001 -2.376294e+000 4.727286e+000 -1.773715e-001 -8.698934e-001 -1.593733e+000 -2.448078e+000 -2.617399e+000 -4.598835e+000 -1.420648e+000 -9.521655e-001 -7.948398e-002 1.145378e+000 5.751456e-001 8.878118e-001 3.934567e-001 1.222205e+000 3.620961e-001 -1.273769e+000 -5.664148e-001 -5.316526e-001 -6.361153e-001 -8.522953e-001 
1.599876e+001 1.637855e+001 -3.331811e+000 2.035827e+000 -1.520974e+000 -1.421906e+000 -1.954525e+000 -1.637839e+000 -2.344473e+000 -4.406291e+000 -9.778908e-001 -8.176911e-001 -4.297818e-001 8.409875e-001 5.539187e-001 2.552176e-001 4.176148e-001 1.577662e+000 1.251089e-001 -1.062033e+000 -3.286852e-001 -8.773069e-001 -8.583443e-001 -7.494040e-002 
1.625046e+001 1.579190e+001 -2.436577e+000 7.695331e-001 -9.755016e-001 -1.337276e+000 -1.196006e+000 -6.612056e-001 -8.747269e-001 -2.465005e+000 -5.832638e-001 -4.910226e-001 -2.676080e-001 3.856708e-001 -4.761826e-001 -5.722453e-001 -6.468833e-002 8.152409e-001 -5.883747e-002 -1.120757e+000 -3.009908e-001 -3.327978e-001 -4.533251e-001 1.041641e-001 
1.488250e+001 1.757404e+001 -4.640758e+000 2.268939e+000 -1.726460e+000 -1.049344e+000 -1.088879e+000 -1.178179e+000 -9.013782e-002 -2.003161e+000 -9.152248e-001 -6.006960e-001 7.396328e-001 4.480788e-001 -1.003279e+000 -8.000898e-001 -4.411756e-001 6.282688e-001 -1.363358e-001 -1.145406e+000 -2.316935e-001 -1.559534e-001 -3.325686e-001 3.230309e-001 
1.187024e+001 2.114827e+001 -7.792806e+000 4.352550e+000 -3.685616e+000 1.193568e-002 -1.115359e+000 -1.611549e+000 9.741407e-001 -3.403648e+000 2.466370e-001 -1.626711e+000 1.848427e+000 -2.782158e-001 -9.272193e-001 -1.061584e+000 -4.389543e-001 9.304893e-001 -6.109445e-001 -3.914295e-001 -7.312324e-001 2.932742e-001 -7.331697e-001 5.088371e-001 
1.419615e+001 1.760306e+001 -4.010361e+000 9.897922e-001 -1.550758e+000 -1.420715e+000 -7.015556e-001 -8.358341e-001 -3.849777e-002 -2.025148e+000 -1.276573e+000 -1.481478e-001 9.259463e-001 2.985383e-001 -1.403784e+000 -9.462339e-001 -2.056472e-001 6.382394e-001 -2.249730e-001 -1.011232e+000 -5.691698e-002 -3.621939e-001 -3.645084e-001 1.897804e-001 
1.359865e+001 1.820591e+001 -4.350746e+000 1.210537e+000 -1.874338e+000 -1.115303e+000 -8.350447e-001 -5.854461e-001 1.046515e-001 -2.366953e+000 -1.250025e+000 -1.574369e-001 1.069717e+000 2.640387e-001 -1.428100e+000 -1.114328e+000 -2.403450e-001 6.366953e-001 -3.903719e-001 -9.129913e-001 -1.600349e-001 -3.850179e-001 -2.172891e-001 2.276101e-001 
1.262394e+001 1.902094e+001 -4.442518e+000 1.768740e+000 -2.306317e+000 -7.435971e-001 -6.879658e-001 -6.287188e-001 2.066903e-001 -2.479848e+000 -1.317768e+000 -3.794771e-001 1.452655e+000 2.478456e-001 -1.617752e+000 -1.030104e+000 -1.871612e-001 6.852660e-001 -4.009660e-001 -9.161082e-001 -2.559717e-001 -3.999533e-001 -2.413660e-001 2.449754e-001 
1.465272e+001 1.438859e+001 2.301838e-001 -2.701413e-001 -4.181995e-001 -5.687874e-001 -2.348422e-001 1.778988e-001 -9.823209e-002 -1.512438e+000 -1.497712e+000 1.535746e-001 1.677287e+000 5.056702e-001 -1.317717e+000 -9.523666e-001 2.094480e-001 6.259699e-001 -1.776662e-001 -7.926086e-001 -3.867063e-001 -3.549461e-001 -2.716834e-001 1.684796e-001 
9.248061e-001 1.325713e+001 7.805485e-001 6.503842e+000 -6.343707e-001 6.257743e-001 2.070102e+000 -1.351692e-001 -9.731182e-002 -1.098373e+000 -2.187102e-001 -3.948373e-001 9.451297e-001 5.043638e-001 -1.535081e+000 -1.463150e+000 -8.768077e-001 2.743997e-001 4.576273e-002 -1.370715e+000 -1.039879e+000 2.413141e-002 1.971592e-001 -5.028847e-002 
9.844490e-002 1.285513e+001 7.695298e-001 8.336888e+000 -1.545461e+000 8.867662e-001 9.034866e-001 -6.275861e-001 5.747217e-001 -1.774482e+000 -1.349981e-001 -6.280141e-001 1.217669e+000 7.025142e-001 -1.323297e+000 -1.264082e+000 -8.186877e-001 3.297612e-001 -1.646817e-001 -1.030805e+000 -7.836928e-001 9.044044e-002 2.449584e-001 -1.450346e-001 
-5.755498e-001 1.234743e+001 7.158324e-002 9.577045e+000 -2.266190e+000 1.349679e+000 6.126150e-001 -1.065788e+000 -4.931874e-001 -1.593609e+000 7.139491e-001 -8.474227e-001 2.068252e+000 2.703884e-001 -1.199979e+000 -1.572587e+000 -9.037282e-001 6.018887e-001 3.620605e-001 -5.647042e-001 -1.202860e+000 3.038270e-001 -6.787327e-002 -1.603352e-001 
-1.005783e-001 1.264774e+001 -8.543574e-001 8.993439e+000 -1.582853e+000 5.228231e-001 9.008177e-001 -3.376756e-001 -6.959589e-001 -1.434943e+000 1.164169e+000 -1.270913e+000 1.590081e+000 5.819772e-001 -1.498774e+000 -1.080048e+000 -5.521824e-001 1.839047e-001 -2.016999e-001 -2.091763e-001 -9.838096e-001 -2.268949e-001 3.166655e-001 -1.010136e-001 
1.515320e+000 1.226103e+001 -1.701196e+000 9.292820e+000 -1.713763e+000 1.355354e+000 4.492828e-001 -1.419733e+000 -1.069608e-001 -1.034967e+000 8.413541e-001 -1.161015e+000 1.353414e+000 4.080137e-002 -9.120231e-001 -1.214431e+000 -9.027342e-001 4.482308e-001 -4.592068e-002 -5.125936e-001 -7.955022e-001 3.592047e-001 -3.454977e-001 -2.563690e-001 
3.061375e+000 1.261028e+001 -2.005228e+000 8.497855e+000 -1.633001e+000 8.602363e-001 -1.945222e-001 -3.234677e-001 4.909766e-001 -1.436317e+000 4.618575e-001 -1.850767e+000 9.554043e-001 5.338288e-001 -8.284937e-001 -1.406046e+000 -1.003620e+000 6.617459e-001 3.903393e-001 -8.721835e-001 -1.455977e+000 5.053143e-001 -6.670287e-002 -3.219734e-001 
5.996261e+000 1.522089e+001 -2.826718e+000 6.649303e+000 -6.668405e-001 4.242275e-001 1.263777e-001 -9.363615e-001 4.338530e-001 -2.438309e+000 -7.782497e-001 -1.118880e+000 2.237900e-001 7.769232e-001 -1.061263e+000 -1.022213e+000 -4.584903e-001 1.128090e+000 5.922285e-001 -1.736874e+000 -1.535206e+000 -6.818672e-002 -3.988849e-002 -6.371037e-001 
9.896142e+000 1.512645e+001 -1.312731e+000 5.851817e+000 3.473434e-001 -1.079502e+000 -1.173171e+000 -1.062808e+000 -2.879011e-001 -2.966931e+000 -9.463043e-001 -1.167855e+000 -8.227280e-001 1.029483e+000 1.537181e-001 7.999296e-002 -2.104465e-001 9.745517e-001 5.214177e-001 -1.853540e+000 -1.159065e+000 -3.512175e-001 -3.885326e-001 -5.933100e-001 
1.250697e+001 1.517926e+001 -1.549231e+000 4.490867e+000 2.881101e-001 -1.089680e+000 -1.436076e+000 -2.309955e+000 -2.580336e+000 -4.089401e+000 -1.401616e+000 -8.212681e-001 -1.128083e-001 1.042661e+000 4.380773e-001 7.581769e-001 3.779793e-001 1.152107e+000 4.819603e-001 -1.418191e+000 -6.602549e-001 -3.615278e-001 -7.420276e-001 -8.379132e-001 
1.315752e+001 1.954413e+001 -5.843750e+000 4.247177e+000 -2.839788e+000 -1.074104e-001 -2.687510e+000 -1.889157e+000 -1.811138e+000 -4.928006e+000 -5.430480e-001 -1.673796e+000 4.034478e-001 3.647997e-001 7.854305e-001 4.502079e-001 4.988648e-001 1.618337e+000 -9.665322e-003 -5.684637e-001 -8.212937e-001 -5.842168e-001 -1.080406e+000 -1.455222e-001 
1.375053e+001 1.852969e+001 -4.679874e+000 2.693917e+000 -2.505257e+000 -6.086036e-001 -1.996859e+000 -8.567863e-001 -7.697014e-001 -3.211830e+000 -6.235590e-002 -1.054836e+000 -9.037365e-002 1.127340e-002 -2.234830e-001 -9.970999e-002 -6.275028e-002 9.255903e-001 -3.072555e-001 -9.114396e-001 -4.068943e-001 -3.076993e-001 -5.224037e-001 2.293313e-001 
1.454800e+001 1.733308e+001 -4.347558e+000 1.871768e+000 -1.507733e+000 -1.238196e+000 -1.311566e+000 -1.094380e+000 -2.140525e-001 -2.109114e+000 -6.778790e-001 -5.367509e-001 4.759247e-001 4.119201e-001 -9.657282e-001 -6.841271e-001 -3.077311e-001 5.453615e-001 -1.746022e-001 -1.017094e+000 -1.622105e-001 -1.809774e-001 -2.953441e-001 2.789070e-001 
1.555694e+001 1.557624e+001 -2.960393e+000 6.578381e-001 -1.311677e+000 -1.333958e+000 -7.714812e-001 -8.815449e-001 -2.713483e-001 -1.828111e+000 -1.067266e+000 -2.813292e-001 4.992723e-001 5.845778e-001 -1.108111e+000 -1.092419e+000 -2.621217e-001 3.677833e-001 -1.194705e-001 -1.050626e+000 -2.698854e-001 -7.480513e-002 -2.725136e-001 3.374167e-001 
1.236215e+001 1.969670e+001 -5.856756e+000 2.627243e+000 -2.430099e+000 -9.245570e-001 -7.767836e-001 -1.179316e+000 5.305497e-001 -2.490227e+000 -7.733065e-001 -3.601523e-001 9.709996e-001 3.603082e-001 -1.493812e+000 -9.309267e-001 -4.727030e-001 6.852478e-001 -2.894517e-001 -1.055673e+000 1.489914e-002 -3.854213e-001 -2.853058e-001 2.553668e-001 
1.463269e+001 1.669267e+001 -2.898189e+000 4.240057e-001 -1.208412e+000 -1.568616e+000 -8.051997e-001 -3.534856e-001 -2.203573e-002 -2.073960e+000 -1.430220e+000 9.096429e-002 9.449106e-001 2.020727e-001 -1.355649e+000 -1.181145e+000 -1.400237e-001 5.189881e-001 -4.044742e-001 -9.292789e-001 -1.549606e-001 -3.288070e-001 -2.536092e-001 2.864218e-001 
1.457327e+001 1.617400e+001 -2.061975e+000 1.713889e-001 -1.320695e+000 -1.334383e+000 -5.428351e-001 -3.943422e-001 -1.510659e-001 -1.987292e+000 -1.643562e+000 9.185695e-003 1.180230e+000 1.522918e-001 -1.539671e+000 -1.048784e+000 -1.643791e-003 4.209994e-001 -4.002457e-001 -8.758828e-001 -2.458250e-001 -3.827120e-001 -2.675091e-001 2.444017e-001 
