8.635042e+000 9.301893e+000 -1.787872e+000 3.768446e+000 -2.748546e+000 6.608092e-001 -4.748875e+000 -1.031386e-001 -1.204014e+000 6.031064e-001 -2.189936e+000 -9.443785e-001 -6.667690e-001 5.937013e-001 -5.398133e-001 5.870534e-001 -8.327393e-001 5.296666e-001 -9.344951e-001 2.622514e-001 -4.509271e-001 -9.343080e-001 -6.036489e-001 5.291182e-001 
8.702115e+000 7.256898e+000 -2.134524e+000 3.091771e+000 -2.922964e+000 -7.313365e-001 -4.575604e+000 2.483653e-001 -6.197743e-001 -2.994710e-001 -1.647555e+000 -1.120908e+000 -1.437512e+000 5.091981e-001 4.186144e-003 2.742385e-001 4.536116e-001 1.172178e+000 -7.111709e-001 -1.482961e-001 3.342135e-001 -1.078218e+000 -5.728581e-001 6.112774e-001 
6.820257e+000 9.193783e+000 -3.086334e+000 2.954295e+000 -1.969526e+000 6.640784e-001 -5.525590e+000 -1.891620e-001 -9.752315e-001 -7.401451e-001 -2.999392e+000 -6.164926e-001 -6.417286e-001 8.219917e-001 -8.028044e-001 1.408659e+000 9.461220e-002 9.489074e-001 -1.112347e+000 -7.592938e-002 3.066447e-001 -1.522717e+000 -5.976966e-001 2.121690e-001 
6.999656e+000 9.509885e+000 -1.871529e+000 2.598336e+000 -2.091956e+000 7.159743e-001 -4.170485e+000 7.396898e-001 -3.248121e-001 9.637662e-001 -2.057025e+000 -1.348170e+000 -7.586983e-001 -2.207933e-001 -6.025905e-001 -8.613059e-003 -4.806399e-001 2.216354e-001 -1.119757e+000 -2.901335e-001 -8.057794e-002 -1.292116e+000 -4.712620e-001 5.500944e-001 
5.162046e+000 1.119270e+001 -2.548552e+000 1.016917e+000 -3.181035e+000 2.939662e-001 -4.251685e+000 8.093770e-001 -8.994108e-002 1.009300e+000 -2.322028e+000 -1.474110e+000 2.186635e-002 1.837439e-001 -5.133070e-001 -8.307744e-002 5.032748e-001 1.666520e-001 -9.423565e-001 -3.137760e-001 -5.591017e-002 -1.680488e+000 -8.930509e-001 3.703205e-001 
3.399742e+000 1.225566e+001 -5.328565e+000 4.307480e-001 -2.398854e+000 -1.671439e-001 -4.070882e+000 -7.415781e-001 -1.124174e+000 1.195104e+000 -1.807979e+000 -1.310496e+000 2.357685e-002 -6.363024e-001 7.695028e-001 1.695172e-001 1.280254e+000 -1.681211e-001 -1.006323e+000 4.313980e-002 4.681878e-001 -1.667021e+000 -1.167190e+000 1.853456e-001 
3.013841e+000 1.252750e+001 -4.953526e+000 4.727073e-001 -2.900772e+000 3.037062e-001 -4.642735e+000 -2.504452e-001 -4.733598e-001 6.302631e-001 -2.362203e+000 -1.784985e+000 8.130802e-002 -1.110835e+000 3.272796e-001 -2.333231e-001 1.990965e+000 -1.000899e+000 -8.735585e-001 3.952609e-002 -6.469629e-002 -9.551502e-001 -1.937338e+000 5.848125e-001 
3.784949e+000 1.342840e+001 -2.787720e+000 -7.161469e-001 -2.763972e+000 6.517393e-001 -3.082476e+000 -2.077470e-001 -6.601301e-001 2.620883e+000 -2.377834e+000 -1.169712e+000 4.112988e-001 -9.821385e-001 -1.035160e+000 -8.747264e-002 6.356985e-001 -7.258737e-001 -1.094237e+000 2.867864e-001 -5.556948e-001 -3.685448e-001 -1.048970e+000 9.922939e-001 
4.659513e+000 1.615090e+001 -4.175224e+000 -3.363517e+000 -1.830385e+000 1.916453e+000 -2.311221e+000 -1.124432e+000 -2.166275e+000 1.658987e+000 -1.724188e+000 -7.993089e-001 -1.248603e-001 -9.328139e-001 -1.114437e+000 -6.405880e-001 2.487445e-001 -7.973203e-001 -8.468242e-001 2.737094e-001 -6.767810e-002 -1.177959e+000 -4.375110e-001 1.173981e+000 
6.971155e+000 1.611911e+001 -5.379410e+000 -5.170657e+000 -1.397986e+000 3.204758e+000 -2.181540e+000 -1.732076e+000 -2.066126e+000 2.319411e+000 -8.843367e-001 -8.987594e-001 -1.586655e-001 -1.114323e+000 -1.357824e+000 -3.907656e-001 2.251577e-001 -9.651252e-001 -6.200616e-001 2.932482e-001 -3.359068e-001 -1.157130e+000 -3.276228e-001 1.156860e+000 
8.845312e+000 1.519600e+001 -5.417590e+000 -3.275368e+000 -5.507660e-001 4.898129e+000 -2.349630e+000 -3.334698e+000 -1.777760e+000 1.129416e+000 -2.265356e+000 5.832555e-001 -1.201805e+000 1.966352e-001 -1.367772e+000 -2.534643e-001 7.945871e-001 -9.574151e-001 2.987670e-002 -4.777649e-001 -5.808591e-001 -1.222972e+000 -7.557547e-001 7.529823e-001 
8.600729e+000 1.254069e+001 -5.439273e+000 -1.164885e+000 9.487268e-002 4.871811e+000 -4.490694e+000 -3.790558e+000 -1.105255e+000 -1.607967e-001 -3.532140e+000 1.181670e+000 -4.720055e-001 -5.824899e-002 -1.362212e+000 2.904019e-001 4.134492e-002 -1.903713e+000 -8.810871e-002 -3.134496e-002 -9.678998e-001 -6.019984e-001 -1.094043e+000 4.671365e-001 
1.069127e+001 1.096112e+001 -4.960481e+000 -2.015459e+000 1.457076e+000 3.806107e+000 -5.445450e+000 -2.134682e+000 -2.329817e+000 -1.002368e+000 -2.901866e+000 1.601764e+000 -1.050397e-002 -1.274888e+000 -1.843448e+000 2.225356e-001 -6.489945e-002 -1.756992e+000 -7.750794e-002 -4.234110e-001 -1.309855e+000 -6.234814e-001 -4.870174e-001 7.359451e-001 
1.069323e+001 1.188306e+001 -5.118831e+000 -8.695036e-001 -8.589488e-002 4.195580e+000 -4.651880e+000 -1.255900e+000 -2.057334e+000 -2.332926e-001 -2.602981e+000 7.608383e-001 -6.445664e-001 -1.629960e+000 -2.398613e+000 8.587489e-002 4.154382e-001 -1.563681e+000 -3.600638e-001 -4.791919e-001 -3.904504e-001 -1.188468e+000 -4.399281e-001 1.234869e+000 
1.168755e+001 1.022372e+001 -5.233200e+000 -8.550978e-001 -1.417463e+000 3.206960e+000 -5.067937e+000 -2.243684e+000 -2.126037e+000 -1.641126e+000 -1.902192e+000 7.119726e-001 -1.584450e+000 -1.716630e+000 -1.926026e+000 -2.300114e-001 4.112223e-001 -9.208201e-001 -1.115967e+000 -9.521708e-001 -3.009012e-001 -1.461431e+000 -1.245373e-001 3.607407e-001 
1.053072e+001 1.060015e+001 -6.169082e+000 5.480654e-001 -1.867709e+000 3.512517e+000 -4.583798e+000 -1.696519e+000 -1.734122e+000 -8.279377e-001 -1.690226e+000 -4.683112e-001 -2.025828e+000 -2.217037e+000 -1.789106e+000 -2.978874e-001 8.341448e-001 -5.627174e-001 -1.271379e+000 -5.715855e-001 -3.769889e-002 -1.756008e+000 -2.141171e-001 6.612132e-001 
1.001072e+001 1.102621e+001 -6.787202e+000 8.071131e-001 -2.082954e+000 3.885417e+000 -4.386403e+000 -2.250289e+000 -2.206737e+000 -1.006174e+000 -1.495962e+000 -7.524139e-002 -1.790189e+000 -1.099836e+000 -1.750596e+000 4.509075e-002 1.074243e+000 -1.043530e+000 -1.223649e+000 -3.065378e-001 -5.263974e-001 -1.425855e+000 2.140174e-001 3.031856e-001 
1.291563e+001 9.697326e+000 -5.053042e+000 4.804154e-001 -1.104157e+000 3.536470e+000 -4.119141e+000 -2.281349e+000 -1.994408e+000 -5.181484e-001 -1.810843e+000 4.988274e-001 -2.518207e+000 -1.482010e+000 -1.998226e+000 1.718945e-001 3.465741e-001 -3.489456e-001 -1.407774e+000 -4.898355e-001 -5.922989e-001 -1.512483e+000 3.375170e-001 3.100345e-001 
1.281706e+001 1.059160e+001 -5.821365e+000 5.929612e-001 -2.072485e+000 3.542119e+000 -4.713445e+000 -1.994478e+000 -3.289234e+000 -5.746463e-001 -2.127061e+000 2.540937e-001 -2.453491e+000 -1.779163e+000 -2.272173e+000 5.424524e-001 1.155325e-001 -1.275474e-001 -1.492601e+000 -1.044071e+000 -3.324748e-001 -1.613505e+000 1.231815e-001 2.379099e-001 
1.283435e+001 1.049602e+001 -6.872976e+000 6.462230e-002 -2.235119e+000 2.574918e+000 -4.590023e+000 -1.784420e+000 -2.192351e+000 -1.144579e+000 -1.562785e+000 -1.353565e-001 -3.336703e+000 -2.403149e+000 -2.229156e+000 -6.508742e-002 3.906671e-001 2.970574e-002 -1.842794e+000 -9.505424e-001 -2.205839e-001 -1.487070e+000 1.300315e-001 6.384583e-001 
1.443684e+001 1.065161e+001 -6.642813e+000 8.061188e-001 -1.781312e+000 2.518978e+000 -4.316351e+000 -9.813556e-001 -2.108163e+000 -3.421606e-001 -1.421778e+000 2.041106e-001 -3.369013e+000 -2.016428e+000 -2.292419e+000 2.702802e-001 3.419215e-001 1.896250e-001 -1.917392e+000 -4.333795e-001 -4.692510e-001 -1.184095e+000 3.384245e-001 6.259080e-001 
1.420079e+001 1.045083e+001 -5.238458e+000 2.050742e-001 -5.175457e-001 2.568121e+000 -3.807905e+000 -2.405655e+000 -2.302065e+000 -6.413984e-001 -8.158353e-001 5.073458e-001 -2.910486e+000 -1.487547e+000 -2.351154e+000 2.953665e-001 1.775842e-001 -4.169714e-002 -1.977512e+000 -3.870952e-001 -5.671814e-001 -1.034763e+000 3.016404e-001 8.246817e-001 
1.414747e+001 7.457680e+000 -3.113661e+000 -8.707419e-001 1.799621e-001 2.194817e+000 -1.236327e+000 -1.569148e+000 -1.092537e+000 -1.209530e+000 -4.767567e-001 -2.665468e-001 -8.318372e-001 -1.726749e+000 -7.016669e-001 2.369594e-002 2.834657e-001 -3.339684e-001 -1.119083e+000 4.185928e-001 4.361509e-002 -1.637256e-001 1.880446e-001 7.677945e-001 
8.276736e+000 8.015286e+000 -2.876382e+000 2.905886e+000 -3.377827e+000 9.018272e-001 -3.783416e+000 5.795712e-001 -2.351959e-001 8.780262e-001 -1.683457e+000 -1.089792e+000 -8.379409e-001 2.556578e-001 -5.932746e-001 5.879387e-001 -7.774526e-001 7.158842e-001 -9.939874e-001 1.099299e-001 -1.000068e+000 -1.058894e+000 -7.173179e-001 6.873239e-001 
7.483042e+000 7.363112e+000 -3.769052e+000 2.805822e+000 -3.516128e+000 -8.527427e-002 -5.212819e+000 -5.580270e-002 -1.249654e+000 -2.846109e-001 -2.428533e+000 -4.781054e-001 -1.157047e+000 5.469677e-001 -1.023720e+000 -6.403703e-001 -1.007960e+000 3.334883e-001 -1.352433e+000 1.441077e-001 5.622075e-001 -7.315329e-001 -6.308995e-001 6.619446e-001 
6.347899e+000 9.091210e+000 -3.361077e+000 2.867927e+000 -2.609980e+000 -6.850157e-001 -6.499290e+000 -1.004022e+000 -3.014869e-001 1.092321e-001 -1.843432e+000 -4.847104e-001 -6.332243e-001 -2.706985e-002 -1.032932e+000 8.154382e-001 1.750081e-002 2.567279e-001 -1.428939e+000 -6.615454e-002 1.039967e+000 -9.032092e-001 -1.065198e-001 5.029157e-001 
6.211909e+000 9.622605e+000 -1.664386e+000 3.354250e+000 -2.073737e+000 2.384272e-001 -5.302913e+000 -2.469129e-001 -8.146308e-001 1.464519e+000 -1.770983e+000 -5.104175e-001 -8.971586e-001 8.359886e-002 -9.885963e-001 3.777700e-001 -8.139046e-001 2.184607e-001 -1.642365e+000 1.310558e-001 4.312850e-001 -5.415983e-001 -4.025631e-001 4.693713e-001 
2.843024e+000 9.479740e+000 -2.761662e+000 1.978325e+000 -2.508878e+000 -2.298074e-001 -5.327740e+000 -6.213562e-001 -1.307846e+000 5.508098e-001 -2.205208e+000 -1.225845e+000 2.625851e-001 5.665226e-002 -1.386340e-001 1.924776e-002 9.299188e-001 -9.127169e-002 -3.255041e-001 9.247998e-003 1.149492e+000 -1.213745e+000 -7.680052e-002 5.819513e-001 
2.860302e+000 1.291775e+001 -3.595058e+000 2.400777e+000 -1.756036e+000 -1.419066e-001 -4.626007e+000 -9.723494e-001 -1.607015e+000 1.516320e+000 -1.280963e+000 -1.201531e+000 -7.781623e-001 -1.721235e+000 5.166344e-001 3.234607e-001 1.591611e+000 -5.088115e-001 -1.333691e+000 -4.528371e-001 8.560009e-001 -1.139777e+000 -4.329616e-001 5.560017e-001 
3.268675e+000 1.213745e+001 -3.097530e+000 7.827208e-001 -2.363673e+000 9.779774e-002 -3.932870e+000 -5.387332e-001 -3.043698e-001 1.174374e+000 -1.779311e+000 -1.720248e+000 -4.616962e-001 -1.362933e+000 -4.057899e-002 -7.598077e-002 1.866910e+000 -8.309006e-001 -8.885534e-001 5.148984e-003 -1.537825e-001 -3.108313e-001 -1.370830e+000 8.405453e-001 
4.272582e+000 1.390829e+001 -2.522586e+000 -5.977148e-001 -2.313990e+000 4.881334e-001 -3.382492e+000 -5.230552e-001 -1.227816e+000 2.335402e+000 -2.422187e+000 -8.211693e-001 7.340294e-001 -8.920813e-001 -1.149770e+000 -3.809119e-001 3.623127e-001 -7.097362e-001 -1.154500e+000 7.715253e-002 -2.973511e-001 -3.852809e-001 -9.220008e-001 7.082916e-001 
5.770069e+000 1.459821e+001 -5.358508e+000 -4.415108e+000 -9.800403e-001 1.623624e+000 -2.558081e+000 -7.853852e-001 -9.181295e-001 1.302298e+000 -1.469660e+000 -6.381948e-001 7.121292e-001 -1.905428e+000 -1.104405e+000 -4.153921e-001 3.847731e-001 -1.152763e+000 -1.069773e+000 7.738507e-001 -8.023810e-002 -1.588502e+000 -5.169928e-001 1.566488e+000 
7.569416e+000 1.528154e+001 -5.610065e+000 -5.458905e+000 -4.178593e-001 3.036673e+000 -1.505046e+000 -1.450971e+000 -1.451787e+000 2.044621e+000 -1.375423e+000 -1.180798e+000 -1.411121e-001 -1.491146e+000 -1.323236e+000 5.598548e-001 5.142915e-001 -8.264091e-001 -5.527665e-001 -2.018420e-001 -5.407339e-001 -1.972905e+000 -8.336711e-001 1.157317e+000 
9.489067e+000 1.434879e+001 -6.122765e+000 -3.526600e+000 -5.850848e-001 4.760120e+000 -2.766768e+000 -3.529907e+000 -1.020153e+000 4.350056e-001 -2.682133e+000 5.098544e-001 -1.076129e+000 3.322284e-001 -1.308776e+000 4.767721e-001 1.476581e+000 -1.099799e+000 -2.882046e-001 -1.579602e-001 -7.720594e-001 -1.744034e+000 -9.252709e-001 9.835528e-001 
9.630099e+000 1.230878e+001 -4.922509e+000 -1.562444e+000 -4.182260e-001 3.738870e+000 -4.819013e+000 -3.600440e+000 -1.948069e-001 -2.829346e-001 -2.776744e+000 9.764894e-001 -2.184434e-001 -5.774919e-001 -1.147245e+000 4.652930e-001 2.399278e-001 -1.806190e+000 7.751621e-002 -2.763496e-001 -9.402694e-001 -7.623167e-001 -8.805519e-001 3.769699e-001 
1.116722e+001 1.193450e+001 -4.866822e+000 -1.621435e+000 7.806586e-001 4.244358e+000 -5.173664e+000 -1.184462e+000 -1.824366e+000 -2.086875e-001 -2.714463e+000 1.673074e+000 -6.966743e-001 -1.252995e+000 -2.047684e+000 4.206601e-001 4.872709e-002 -1.412161e+000 -2.181772e-002 -3.541421e-001 -1.270328e+000 -5.774461e-001 -4.057305e-001 8.164910e-001 
1.067807e+001 1.233336e+001 -5.446458e+000 -8.649295e-001 -7.559060e-001 3.473820e+000 -5.334075e+000 -1.328372e+000 -2.450466e+000 -3.040069e-001 -2.694182e+000 7.995819e-001 -1.172762e+000 -1.771356e+000 -2.466676e+000 5.170712e-001 2.824328e-001 -1.257333e+000 -5.091099e-001 -7.940327e-001 -5.137221e-001 -1.386589e+000 -1.790828e-001 1.073096e+000 
1.144859e+001 1.119850e+001 -4.959536e+000 3.492097e-001 -1.118773e+000 3.841506e+000 -4.930791e+000 -1.391111e+000 -1.963292e+000 -6.903329e-001 -1.344885e+000 1.257424e+000 -2.097761e+000 -1.800602e+000 -2.159632e+000 -5.434498e-002 2.944887e-001 -6.537004e-001 -8.805539e-001 -8.004181e-001 2.639679e-002 -8.835554e-001 4.157551e-001 7.533122e-001 
1.053174e+001 1.196305e+001 -6.102316e+000 1.502710e+000 -1.999431e+000 3.999597e+000 -4.557930e+000 -1.580957e+000 -1.560382e+000 -7.404045e-001 -1.345789e+000 -2.864899e-001 -1.839535e+000 -2.090180e+000 -1.758549e+000 -3.173841e-001 8.565713e-001 -6.513611e-001 -1.205662e+000 -4.176110e-001 1.895750e-001 -1.574088e+000 7.194304e-002 7.254655e-001 
1.065317e+001 1.083108e+001 -6.599711e+000 -4.851219e-002 -2.182463e+000 3.153760e+000 -4.382667e+000 -2.069584e+000 -2.077604e+000 -4.277046e-001 -1.858211e+000 -4.611033e-002 -2.382983e+000 -1.357845e+000 -2.172401e+000 -1.441034e-001 8.717442e-001 -1.233731e+000 -1.234852e+000 -4.407049e-001 -3.701905e-001 -1.331813e+000 5.781172e-001 3.198153e-001 
1.266849e+001 8.829149e+000 -5.829124e+000 -2.186386e-001 -2.464253e+000 3.344570e+000 -4.942092e+000 -2.662352e+000 -2.309750e+000 -4.587703e-001 -2.351575e+000 4.927121e-001 -2.631316e+000 -1.733897e+000 -2.576903e+000 1.775515e-001 -5.268782e-001 -6.568314e-001 -1.674366e+000 -5.980027e-001 -4.557944e-001 -1.138037e+000 7.520065e-001 3.785298e-001 
1.313547e+001 9.917613e+000 -4.932557e+000 8.257443e-001 -7.685030e-001 3.532280e+000 -3.537919e+000 -1.689504e+000 -2.283930e+000 -3.169824e-001 -1.086762e+000 6.003693e-001 -2.569738e+000 -2.094669e+000 -2.462283e+000 3.947224e-001 1.210163e-001 1.229129e-001 -1.280799e+000 -9.887640e-001 1.420644e-001 -1.324724e+000 6.571422e-001 5.151257e-001 
1.224292e+001 1.004965e+001 -6.712125e+000 5.579536e-001 -9.468438e-001 2.904979e+000 -4.159313e+000 -2.425703e+000 -2.542475e+000 -1.615098e+000 -1.280199e+000 5.122520e-001 -2.480165e+000 -1.762039e+000 -1.948553e+000 -2.528217e-001 2.931856e-001 -2.266072e-001 -1.736878e+000 -7.708969e-001 -1.430693e-002 -1.432979e+000 1.022561e-001 6.089057e-001 
1.393464e+001 9.997836e+000 -6.657585e+000 1.241172e+000 -7.587135e-001 2.488427e+000 -4.860629e+000 -2.638077e+000 -2.944297e+000 -1.588721e+000 -9.634047e-001 5.489370e-001 -1.855726e+000 -1.742046e+000 -2.417392e+000 -6.699582e-001 -4.089742e-001 -4.470833e-001 -1.853924e+000 3.206903e-002 -4.596174e-002 -1.285409e+000 1.936092e-001 3.344515e-001 
