-7.221041e-001 1.424676e+001 -1.196692e+001 1.056766e+000 -4.848258e+000 9.709414e-001 -1.106136e+000 -2.887744e+000 2.397001e+000 -1.876072e+000 -1.300944e+000 -1.095009e+000 1.922329e+000 -1.830180e+000 -7.023446e-001 -9.132128e-001 1.891680e-001 9.149450e-001 -2.348934e+000 5.176001e-002 -1.824707e+000 -1.112725e-001 -5.290380e-001 -1.243163e+000 9.461648e-001 -1.317861e-001 4.245829e-001 -5.638975e-001 -3.340662e-001 1.047241e-001 3.023037e-001 3.736780e-001 -1.716143e-001 4.845009e-001 -1.266071e-001 1.023970e+000 
2.305437e+000 1.518545e+001 -1.041322e+001 2.661406e-001 -4.292339e+000 -1.923915e+000 -7.517948e-001 -3.259393e+000 2.032400e+000 -2.632003e+000 -3.575118e+000 1.072418e+000 1.047328e+000 -2.291942e-001 -7.624918e-001 6.794225e-002 1.566797e+000 6.653197e-001 -3.420922e-001 -1.136900e+000 -8.382912e-001 -3.779744e-001 -1.235018e+000 -4.404720e-001 9.508243e-001 3.752877e-001 7.290678e-001 1.061093e+000 7.283361e-001 5.821586e-001 9.583016e-001 4.481315e-001 -2.516044e-001 -3.797331e-001 4.094039e-002 1.143796e+000 
3.501226e+000 1.806297e+001 -1.086879e+001 9.610312e-001 -4.808611e+000 -2.983827e+000 -2.093199e+000 -5.275066e+000 2.935656e+000 -3.026771e+000 -3.025468e+000 1.349771e+000 1.420854e-001 1.252692e+000 -8.866685e-001 -9.780813e-001 1.387248e+000 7.556477e-001 -2.959275e-003 -2.508841e+000 -1.252437e+000 -9.260734e-002 -1.164761e+000 2.455824e-001 1.355955e-001 4.476783e-001 2.587183e-001 7.093139e-001 1.316938e+000 1.383966e-001 1.262776e+000 8.919983e-001 -4.350773e-001 -3.657881e-001 -6.723303e-001 1.266178e+000 
3.184125e+000 1.726769e+001 -1.058805e+001 7.554693e-001 -4.771572e+000 -3.481930e+000 -2.693775e+000 -5.788704e+000 1.304523e+000 -2.496825e+000 -1.980512e+000 8.725516e-001 -2.991911e-001 1.242360e+000 -5.208874e-001 -1.040733e+000 5.215163e-001 7.720498e-001 6.257262e-001 -2.674035e+000 -1.632270e+000 1.850494e-001 -6.426547e-001 1.253345e-001 -5.194049e-002 5.530899e-001 4.983177e-001 9.676995e-003 1.120862e+000 1.032189e+000 1.296197e+000 2.771707e-001 -3.215730e-001 -1.530599e-001 -8.253502e-001 6.284647e-001 
1.600672e+000 1.808540e+001 -1.187128e+001 1.447806e+000 -3.869259e+000 -3.347599e+000 -1.659938e+000 -5.827353e+000 1.378915e+000 -3.325884e+000 -1.401531e+000 1.442079e+000 -7.508975e-001 1.153007e-001 -1.126593e+000 -2.140560e-001 6.834766e-001 1.647489e-001 7.472070e-001 -1.981060e+000 -7.520584e-001 2.413274e-001 -1.060187e+000 5.691459e-001 1.019781e-001 6.655345e-001 3.804101e-001 1.651220e-001 1.275115e+000 6.210659e-001 1.443650e+000 8.575526e-001 -4.368413e-001 -7.141964e-001 -1.409820e+000 8.527153e-001 
2.474847e-001 1.803947e+001 -1.318464e+001 6.500898e-001 -4.147654e+000 -4.420072e+000 -1.184220e+000 -5.080736e+000 2.305191e+000 -3.504501e+000 -2.182038e+000 1.826592e+000 -4.350840e-001 -7.479328e-001 -2.740766e+000 -9.860004e-001 1.460474e+000 1.024781e+000 4.080858e-001 -2.922239e+000 -1.138774e+000 -3.830437e-001 -1.547848e+000 7.105717e-001 2.935772e-001 7.457435e-001 1.015102e-001 -7.962493e-001 1.173142e+000 6.036274e-001 1.242467e+000 9.976058e-001 -3.360392e-001 -6.100961e-001 -1.151778e+000 7.465113e-001 
1.320075e-001 1.797479e+001 -1.530968e+001 7.344458e-001 -4.676045e+000 -4.272480e+000 -9.369201e-001 -4.393289e+000 3.919661e+000 -3.698072e+000 -8.407624e-001 6.735270e-001 -2.886220e-002 -1.332087e+000 -2.526285e+000 9.165080e-001 6.175767e-001 9.648937e-001 -5.722013e-001 -2.273418e+000 -4.620046e-001 -4.783222e-001 -1.310893e+000 -6.106282e-002 8.958599e-001 4.990827e-002 7.160419e-001 -5.142563e-001 8.487561e-001 4.397175e-001 6.487636e-001 1.334165e+000 -4.968856e-001 3.192166e-001 -3.272909e-001 1.496295e+000 
7.013301e-001 1.607277e+001 -1.454770e+001 6.742465e-001 -4.331378e+000 -2.143001e+000 -9.201496e-001 -1.621894e+000 3.119366e+000 -2.922807e+000 -8.598876e-001 -6.082120e-002 1.249501e+000 -1.851026e+000 -1.826708e+000 -8.565660e-001 6.209448e-001 2.778267e+000 -3.142910e-001 -1.102163e+000 -1.354508e+000 -8.764376e-001 -1.950669e-001 -3.487134e-001 6.613846e-001 -1.399795e-001 1.264418e-001 -2.751159e-001 3.699363e-001 1.092185e-001 2.496422e-001 8.068673e-001 2.713510e-001 6.810543e-001 2.926874e-001 1.775853e+000 
-1.518683e+000 1.584482e+001 -1.245299e+001 -1.411148e-001 -3.638313e+000 -2.279067e+000 -1.939153e+000 -2.556327e+000 2.404796e+000 -2.647027e+000 -2.230549e+000 -2.049883e-001 1.069257e+000 -3.844679e-001 6.380720e-002 -6.014303e-001 -2.251298e-001 1.363563e+000 -4.524121e-001 -9.871827e-001 -9.506510e-001 -7.823194e-001 -1.624597e-001 -4.088887e-001 8.506603e-001 6.730151e-001 -1.008511e-001 -6.659564e-001 -5.334121e-001 -1.036779e+000 -6.915905e-001 2.279558e-001 1.510450e-001 9.177488e-002 2.138090e-001 1.271520e+000 
-4.172846e+000 1.638957e+001 -1.260284e+001 1.385398e-001 -3.829679e+000 -1.949082e+000 -6.059572e-001 -3.567781e+000 2.101619e+000 -2.235443e+000 -1.822310e+000 9.005586e-001 2.767799e+000 -4.279659e-001 2.302828e-002 -8.464628e-001 -5.099156e-001 2.191737e+000 -5.559594e-001 -1.313002e+000 -5.603217e-001 -4.129730e-002 -2.397860e-002 2.764104e-001 9.013881e-001 5.335979e-001 -9.177982e-001 -1.960274e-001 4.885961e-001 -7.981095e-001 -3.704151e-001 -3.307259e-001 -3.138591e-001 1.829104e-002 -4.639222e-001 1.060939e+000 
-4.473090e+000 1.297107e+001 -1.142553e+001 -2.015999e+000 -4.131629e+000 -1.290572e+000 4.765859e-002 -2.652751e+000 1.800750e+000 -6.524491e-001 -2.404911e+000 9.746882e-001 2.041995e+000 -4.719380e-001 1.996142e-001 -1.152891e+000 -3.929148e-001 1.090954e+000 -8.206393e-001 -1.217258e+000 -1.441950e-001 1.153407e-001 -1.657616e-001 1.952285e-002 1.280467e+000 1.265787e+000 -2.658140e-001 3.639493e-001 5.186160e-001 -4.717407e-001 2.813574e-001 -7.786935e-002 1.817224e-001 3.860114e-001 -1.419681e-001 1.342075e+000 
-6.297566e+000 1.379734e+001 -1.257133e+001 -1.144794e+000 -4.136762e+000 -1.870089e-001 5.321627e-001 -2.994379e+000 2.000559e+000 -1.535729e+000 -2.011689e+000 1.997269e-001 2.339339e+000 -1.851662e+000 -7.485647e-001 -2.028872e+000 6.166848e-001 1.585007e+000 -9.926691e-001 -5.116458e-001 -5.881917e-001 1.255664e+000 -4.567521e-002 1.061865e+000 1.790724e+000 1.073556e+000 -3.529493e-001 1.890362e-001 1.856867e-001 -5.090557e-001 6.038729e-001 -2.098994e-001 8.012777e-002 -1.546082e-001 2.103510e-001 9.081911e-001 
-6.718581e+000 1.340922e+001 -1.271043e+001 -9.520310e-001 -3.192336e+000 1.166318e-001 1.230869e+000 -2.721812e+000 2.078957e+000 -9.713191e-001 -1.497381e+000 1.128262e+000 2.249692e+000 -1.145996e+000 -5.747328e-001 -1.159207e+000 1.201516e+000 1.986814e+000 3.418149e-002 -1.189627e-001 3.424366e-001 1.585424e+000 6.841382e-001 5.775741e-001 1.911711e+000 2.330507e-001 -1.440000e-001 -1.184850e-001 -1.300914e-003 4.321553e-002 7.315752e-002 -2.096849e-001 -4.220945e-001 -5.817839e-001 2.087999e-001 9.299137e-001 
-1.728817e+000 1.132613e+001 -1.211164e+001 -6.325386e-001 -5.255632e+000 2.461465e+000 -4.952442e-001 -1.426271e+000 1.336868e+000 -1.967969e+000 -1.224238e+000 -2.119949e+000 8.600287e-001 -1.049009e+000 -1.328768e+000 -4.499718e-001 8.691273e-001 1.071446e+000 -5.671569e-001 3.365469e-001 5.398927e-001 4.362733e-001 3.296338e-001 3.440582e-001 9.373209e-001 3.248932e-001 5.291237e-001 -2.526307e-001 -6.588629e-001 2.529977e-001 1.018164e-001 -1.480676e-001 -1.549136e-001 -2.387062e-001 2.493861e-001 5.222198e-001 
1.119559e+000 1.400208e+001 -1.199706e+001 1.541573e+000 -5.214801e+000 8.899169e-001 -8.680885e-001 -1.367878e+000 2.779689e+000 -3.431120e+000 -2.223327e+000 -1.394827e+000 1.090161e+000 -1.552965e+000 -8.946946e-001 -1.071024e+000 4.249151e-001 1.699988e+000 -1.938836e+000 -1.836220e-001 -1.071082e+000 -4.619633e-001 -2.314081e-001 -7.909406e-001 5.643359e-001 -5.089082e-003 7.802411e-001 -1.430101e-001 -2.506980e-001 -3.651383e-001 1.935714e-002 8.987493e-002 -7.749054e-001 2.107583e-001 -3.401173e-001 1.167407e+000 
1.471434e+000 1.592931e+001 -1.136566e+001 1.161626e+000 -5.343339e+000 -4.574474e-001 -2.366035e+000 -3.880946e+000 2.546085e+000 -3.213805e+000 -1.670831e+000 1.693936e-001 1.920115e+000 -3.417792e-001 -7.853222e-001 -2.115086e-001 7.147878e-001 1.538272e+000 -7.625773e-001 -3.665113e-001 -1.325127e+000 -8.438051e-001 -6.152342e-001 -7.371294e-001 1.094356e+000 -9.745113e-002 1.040440e+000 7.694708e-001 5.538332e-001 5.788647e-001 4.474504e-001 6.779898e-001 1.831735e-001 -3.199574e-002 -4.567656e-001 1.170915e+000 
1.745388e+000 1.880536e+001 -1.122232e+001 2.031256e+000 -5.131008e+000 -2.816097e+000 -2.803513e+000 -5.829803e+000 2.860789e+000 -3.836927e+000 -1.379093e+000 7.892211e-002 6.302029e-001 9.433194e-001 -1.506769e+000 -1.888289e-002 1.009308e+000 1.021792e+000 6.668458e-001 -1.963444e+000 -1.749754e+000 -3.198935e-002 -8.332622e-001 2.413819e-001 8.260628e-001 2.781756e-001 6.880576e-001 1.669021e-001 8.832285e-001 6.221907e-001 9.687912e-001 9.342358e-001 -2.645091e-001 -4.066137e-001 -1.015722e+000 7.548106e-001 
2.011656e+000 1.902230e+001 -1.235034e+001 2.542712e+000 -5.440019e+000 -2.872680e+000 -2.744067e+000 -7.012248e+000 2.772238e+000 -3.762519e+000 -9.633058e-001 3.993577e-002 4.938447e-001 1.063261e+000 -5.779193e-001 -5.487757e-001 -1.807919e-001 1.192580e+000 -5.160773e-001 -1.559346e+000 -1.280388e+000 -1.755666e-001 -3.890864e-001 -2.368272e-001 2.917092e-001 2.810929e-001 8.778540e-001 -1.163409e-001 1.309493e+000 8.513614e-001 8.967851e-001 1.102844e+000 -4.270351e-001 -1.908173e-001 -1.084735e+000 5.454847e-001 
4.283320e+000 1.687642e+001 -1.229533e+001 1.293600e+000 -5.065688e+000 -1.848999e+000 -3.564600e+000 -4.359670e+000 2.049648e+000 -3.829240e+000 -1.492892e+000 1.966516e-001 1.279526e+000 -6.581480e-001 -9.047027e-001 -4.223284e-001 8.458387e-001 1.673494e+000 -1.239833e+000 -1.507287e+000 -4.953173e-001 3.686754e-001 -2.870651e-001 -9.036352e-001 5.289982e-001 6.083921e-001 1.112983e+000 3.246288e-001 9.043811e-001 1.017294e+000 1.145521e+000 1.240400e+000 -8.748059e-001 -1.019683e+000 -4.201089e-001 1.071648e+000 
1.829668e+000 1.722350e+001 -1.330426e+001 1.009761e+000 -5.118490e+000 -3.465520e+000 -2.930882e+000 -3.637469e+000 3.035161e+000 -3.327541e+000 -1.702475e+000 -2.776916e-001 4.750758e-001 -6.789872e-001 -1.243294e+000 -1.657672e-002 4.612764e-001 1.534919e+000 -5.205535e-001 -1.892194e+000 -6.737652e-001 3.876878e-002 -8.529850e-001 -5.750950e-001 8.232005e-001 4.348165e-001 4.178705e-001 -6.966363e-002 1.329111e+000 8.040011e-001 7.379766e-001 9.721834e-001 -4.814957e-001 -5.931935e-001 -6.601538e-001 1.134152e+000 
2.744430e+000 1.618981e+001 -1.366027e+001 6.294742e-001 -4.029186e+000 -2.630039e+000 -3.313552e+000 -3.630592e+000 3.162642e+000 -2.814532e+000 -1.736908e+000 -2.331485e-001 -2.968360e-002 -1.349508e+000 -1.941179e+000 -4.582880e-001 9.665032e-001 1.642321e+000 -3.722567e-001 -1.923969e+000 -8.630551e-001 -3.307884e-001 -5.388053e-001 3.155530e-001 6.252346e-001 2.522071e-001 2.664347e-001 -1.506732e-001 7.809324e-001 2.972165e-001 3.331537e-001 6.938828e-001 -2.107041e-001 -3.236861e-001 -1.720410e-001 1.132316e+000 
2.483006e-001 1.716792e+001 -1.475616e+001 4.444860e-001 -4.705544e+000 -3.833131e+000 -7.731661e-001 -2.810073e+000 3.990776e+000 -2.852273e+000 -1.089405e+000 7.033104e-001 3.626232e-001 -8.570187e-001 -1.293868e+000 -1.562728e-001 5.638292e-001 2.479447e+000 -1.191414e-001 -9.258791e-001 1.455565e-001 -8.800775e-001 2.888629e-001 -1.956650e-001 2.405519e-001 7.390470e-001 -2.617799e-001 7.136732e-002 1.180941e-001 -9.627510e-002 3.825451e-001 3.684965e-001 3.219266e-001 -2.645301e-001 4.958751e-001 1.714738e+000 
-1.815581e-001 1.556277e+001 -1.253953e+001 -1.769421e+000 -4.110582e+000 -2.694732e+000 -1.322208e+000 -2.565065e+000 2.398751e+000 -1.652857e+000 -2.760304e+000 2.642236e-001 6.331319e-001 -7.122734e-001 -6.990558e-002 -1.242337e+000 -5.113197e-001 1.294132e+000 -4.632177e-001 -1.277487e+000 -4.739488e-001 -9.884126e-002 -4.162664e-001 -8.453616e-001 2.011471e-001 7.542304e-001 -5.451032e-001 -7.300066e-001 -1.426368e-001 -1.882364e-001 -5.791888e-001 -3.396751e-001 2.307125e-001 -4.031046e-002 4.794636e-001 1.137916e+000 
-2.204968e+000 1.590581e+001 -1.223129e+001 -1.430698e+000 -3.798600e+000 -1.424156e+000 -7.761253e-001 -3.434245e+000 2.126732e+000 -1.078878e+000 -1.536590e+000 1.174947e+000 1.019549e+000 -4.350163e-001 -2.221644e-001 -9.575834e-001 2.952382e-001 4.537941e-001 -1.388508e+000 -1.467029e+000 -1.606342e-001 5.182583e-001 -9.391178e-001 -4.723654e-001 9.258693e-001 1.015703e+000 4.044442e-001 -3.914136e-001 -3.067421e-001 -5.209242e-001 -3.151068e-002 1.647906e-001 2.384981e-002 -2.639706e-001 -2.115550e-001 7.191892e-001 
-3.744274e+000 1.504128e+001 -1.321359e+001 -1.644812e+000 -5.283878e+000 -5.060596e-001 5.983176e-001 -3.213502e+000 1.345941e+000 -2.721085e+000 -1.795945e+000 9.501628e-001 2.532087e+000 -7.990720e-001 -9.946320e-001 -8.411734e-001 3.147126e-001 1.371431e+000 -6.895842e-001 -6.552889e-001 4.416427e-001 5.136026e-001 -2.530300e-001 1.739563e-001 1.867860e+000 6.445390e-001 1.999490e-002 6.384220e-001 -1.824163e-001 -1.916579e-001 3.111369e-001 -3.737749e-001 -1.953890e-001 -1.814696e-001 6.640572e-001 8.152186e-001 
-4.657220e+000 1.445170e+001 -1.329762e+001 -1.388017e+000 -4.764859e+000 -3.633005e-001 8.239491e-001 -1.485545e+000 2.973126e+000 -2.058316e+000 -2.456341e+000 -7.116208e-001 2.318581e+000 -9.679299e-001 -1.418327e+000 -1.548753e+000 5.212699e-001 2.178557e+000 1.352558e-001 -1.090602e+000 -2.007932e-001 1.185349e+000 -3.266579e-001 1.324942e-001 1.618890e+000 6.924583e-001 1.143506e-002 5.351451e-001 -1.570865e-001 -5.846394e-001 2.073954e-001 1.485410e-001 5.020412e-002 -1.053519e-001 4.092402e-001 4.243196e-001 
-4.440391e+000 1.413950e+001 -1.184117e+001 -8.892331e-001 -3.750298e+000 4.175897e-001 1.351551e-001 -2.524980e+000 2.532060e+000 -1.629262e+000 -2.443059e+000 -2.827491e-001 2.053049e+000 -4.256053e-003 -4.851244e-001 -1.193000e+000 8.983947e-001 2.193077e+000 -1.161818e-001 -7.934430e-001 4.197119e-001 1.876791e+000 1.227140e+000 8.578184e-001 1.280653e+000 7.605265e-001 2.813295e-001 1.606905e-002 -6.771036e-001 -5.959075e-001 3.340496e-001 -6.536699e-002 -4.133021e-001 -1.657619e-001 9.180249e-001 7.468261e-001 
