1.260789e+001 8.901186e+000 -7.686774e+000 3.475724e+000 -1.919436e+000 1.659411e-001 -9.298520e-001 3.406894e-001 2.484785e-001 -1.680740e+000 1.498728e-001 6.886231e-001 
1.467246e+001 1.030093e+001 -8.062268e+000 3.323626e+000 -2.552234e+000 2.290281e-001 -2.673206e-001 -7.290817e-001 6.585818e-001 -2.419435e+000 5.299875e-002 5.373655e-001 
1.373424e+001 1.147617e+001 -1.039913e+001 4.892180e+000 -2.567119e+000 -8.213271e-001 -7.388265e-001 -1.358470e+000 1.335864e+000 -3.218537e+000 1.072321e+000 -2.433290e-001 
1.560502e+001 9.381177e+000 -8.525598e+000 3.319375e+000 -1.512571e+000 -1.014119e+000 -1.363192e+000 -7.505321e-001 9.548419e-001 -2.254838e+000 3.361380e-001 7.190939e-002 
1.663419e+001 8.679087e+000 -7.909397e+000 2.595231e+000 -1.751822e+000 1.852206e-001 -2.528383e+000 -3.034556e-003 9.005966e-001 -1.134053e+000 -1.061924e+000 1.109532e+000 
1.663363e+001 9.058307e+000 -7.661110e+000 2.035380e+000 -2.198101e+000 4.065123e-001 -2.783170e+000 3.869791e-001 8.116940e-001 -6.773011e-001 -1.158895e+000 1.103506e+000 
1.640819e+001 9.641181e+000 -7.509767e+000 1.688288e+000 -2.168024e+000 2.255490e-001 -2.444230e+000 6.990900e-002 1.265657e+000 -1.137272e+000 -5.126034e-001 6.033746e-001 
1.671771e+001 9.513420e+000 -7.405527e+000 1.970095e+000 -2.584560e+000 6.050497e-001 -2.746171e+000 4.717251e-001 7.928466e-001 -5.218952e-001 -8.794325e-001 6.271820e-001 
1.761670e+001 8.318242e+000 -7.133947e+000 9.570918e-001 -2.072808e+000 2.395463e-001 -2.334758e+000 -1.134087e-001 7.946494e-001 -8.994426e-001 -6.455254e-001 3.839177e-001 
1.709435e+001 9.446188e+000 -8.722314e+000 1.768280e+000 -3.002123e+000 1.564973e+000 -2.890645e+000 4.899190e-001 5.574054e-001 -2.710099e-001 -9.647474e-001 4.786222e-001 
1.754001e+001 8.459472e+000 -8.962596e+000 6.857024e-001 -2.322297e+000 5.565412e-001 -2.502268e+000 -1.600022e-002 6.734771e-001 -7.710055e-001 -6.912265e-001 -8.923448e-002 
1.696965e+001 9.179877e+000 -8.429852e+000 5.309254e-001 -1.617422e+000 2.243546e-001 -1.531303e+000 -6.049358e-001 1.628553e+000 -1.286549e+000 -2.506305e-001 -1.961999e-001 
1.641501e+001 1.028754e+001 -9.051548e+000 1.785494e+000 -2.793851e+000 5.680588e-001 -3.033765e+000 3.350279e-001 7.130659e-001 -1.258015e+000 -9.573422e-001 3.374384e-002 
1.762863e+001 9.700808e+000 -8.806245e+000 1.600973e+000 -2.524929e+000 -2.204967e-001 -2.141294e+000 -7.255118e-001 1.639181e+000 -1.799325e+000 -3.895098e-001 -4.044018e-001 
1.832797e+001 8.702039e+000 -8.273076e+000 1.367175e-001 -2.053948e+000 -1.321707e+000 -1.550236e+000 -8.642169e-001 1.283737e+000 -1.631833e+000 -6.709821e-001 -6.122869e-001 
1.658694e+001 6.290406e+000 -4.291050e+000 -8.348364e-001 -1.404812e-001 -6.362687e-001 -6.172275e-001 4.309182e-001 1.153887e+000 -7.322740e-001 -8.424215e-001 1.735390e-001 
1.291670e+001 9.862421e+000 -7.918575e+000 3.974568e+000 -2.700420e+000 4.752564e-001 -1.258609e+000 3.651115e-001 2.905562e-001 -1.578682e+000 1.216715e-001 7.852699e-001 
1.374968e+001 1.119716e+001 -8.955177e+000 3.562770e+000 -3.009873e+000 -1.445269e-001 -2.931792e-001 -1.240949e+000 1.017039e+000 -2.802967e+000 4.654967e-001 2.993329e-001 
1.333851e+001 1.225863e+001 -9.732471e+000 5.403968e+000 -2.027831e+000 -7.842506e-001 -2.885813e-001 -1.154666e+000 1.709985e+000 -2.970923e+000 1.278490e+000 -1.593889e-001 
1.574057e+001 8.689031e+000 -7.442098e+000 2.687970e+000 -1.108543e+000 -7.196661e-001 -1.428523e+000 -5.099366e-001 1.059304e+000 -1.769284e+000 -1.736185e-003 5.157614e-001 
1.568074e+001 9.190916e+000 -8.103597e+000 2.626382e+000 -2.180693e+000 4.499199e-001 -2.937970e+000 4.863622e-001 8.544450e-001 -7.383977e-001 -1.130019e+000 1.259460e+000 
1.656262e+001 8.939394e+000 -6.573717e+000 1.307277e+000 -1.418445e+000 8.072281e-003 -2.289991e+000 1.169125e-001 1.000730e+000 -8.836912e-001 -9.312522e-001 9.535319e-001 
1.535491e+001 1.043815e+001 -7.754285e+000 2.482021e+000 -2.517519e+000 8.706908e-001 -3.015310e+000 5.067280e-001 8.377590e-001 -9.533415e-001 -6.052840e-001 6.018217e-001 
1.623777e+001 9.496847e+000 -7.138283e+000 1.873899e+000 -2.361770e+000 6.312547e-001 -2.720251e+000 4.764084e-001 7.173478e-001 -4.555324e-001 -9.772897e-001 6.024690e-001 
1.637650e+001 9.429024e+000 -7.982297e+000 2.206076e+000 -2.836053e+000 1.305075e+000 -2.812683e+000 5.616998e-001 6.533231e-001 -4.307121e-001 -8.548360e-001 5.639201e-001 
1.675133e+001 9.647923e+000 -8.809220e+000 2.187533e+000 -2.789791e+000 1.637538e+000 -2.814389e+000 5.199392e-001 6.634469e-001 -2.814898e-001 -9.332594e-001 4.463637e-001 
1.678086e+001 8.213517e+000 -8.609041e+000 3.923060e-001 -1.994269e+000 5.500002e-001 -2.061547e+000 -3.550201e-003 6.918850e-001 -5.976006e-001 -6.069207e-001 -9.248247e-002 
1.601376e+001 9.814267e+000 -8.853967e+000 1.487009e+000 -2.760663e+000 3.724836e-001 -2.347562e+000 -6.892108e-001 1.383737e+000 -1.790747e+000 -1.985578e-001 -1.749508e-001 
1.574346e+001 1.063450e+001 -9.205273e+000 2.138936e+000 -2.965991e+000 7.325877e-001 -3.058366e+000 2.220169e-001 7.634021e-001 -1.282004e+000 -9.622569e-001 1.564983e-001 
1.629255e+001 1.056382e+001 -9.530974e+000 2.291891e+000 -2.790858e+000 -7.466306e-002 -1.663969e+000 -8.615628e-001 1.842518e+000 -1.888635e+000 -3.479944e-001 -7.649538e-001 
