-4.140302e+000 9.783456e+000 -6.491111e+000 -3.978171e-001 -1.346104e+000 -2.664765e-001 1.127516e+000 -6.767867e-001 1.432679e+000 -2.161935e+000 8.671383e-001 -4.320602e-001 
-4.621728e+000 8.038719e+000 -7.229817e+000 -1.312280e+000 -1.063447e+000 -5.659038e-001 4.863355e-001 -2.923584e-001 6.894943e-001 -1.471334e+000 6.933989e-001 2.363447e-001 
-5.289290e+000 8.840813e+000 -7.632608e+000 -2.420711e+000 -1.518260e+000 -5.600137e-001 1.115394e+000 6.751230e-002 2.044231e+000 -1.222494e+000 1.223751e+000 5.095089e-001 
-4.766834e+000 9.366294e+000 -6.739151e+000 -1.550465e+000 -1.525290e+000 -3.873254e-001 1.553448e+000 -3.481904e-001 1.672931e+000 -1.099091e+000 7.231417e-001 9.977113e-001 
-4.907057e+000 9.354282e+000 -6.344626e+000 -1.451708e+000 -1.479694e-001 -4.037434e-002 1.126311e+000 -1.030413e-002 8.036107e-001 -9.749713e-001 5.327507e-001 3.646941e-001 
-4.613947e-001 6.938392e+000 -6.443976e+000 5.751103e-001 -2.163705e+000 1.661417e+000 4.757430e-001 2.816103e-001 1.056948e+000 -4.896434e-001 5.205310e-001 4.559592e-001 
-4.228923e-001 5.937640e+000 -5.006230e+000 1.700811e+000 -2.575532e+000 1.346928e+000 -4.326902e-002 4.411473e-001 1.125463e-001 -3.924234e-001 -1.585085e-001 4.200205e-001 
9.030339e-001 6.577178e+000 -6.495226e+000 7.966795e-001 -1.837478e+000 9.891695e-001 -5.470487e-001 4.232102e-001 6.202728e-001 -5.241489e-001 -1.519919e-001 5.427245e-001 
8.906056e+000 8.920119e+000 -7.754859e+000 2.091659e+000 -1.401434e+000 2.793661e+000 -3.344131e-001 1.078820e-001 4.082642e-001 -9.178031e-001 -9.623548e-001 -4.094808e-002 
1.295796e+001 8.864811e+000 -8.854564e+000 2.323835e+000 -1.510937e+000 2.383064e+000 1.003648e+000 -6.589652e-001 9.854401e-001 -1.718093e+000 -2.227176e-001 -7.814341e-001 
1.496762e+001 9.613720e+000 -9.387669e+000 2.870017e+000 -4.130419e+000 3.295107e+000 7.174335e-001 2.538988e-002 1.362198e-001 -1.657525e+000 -9.212912e-002 -8.908126e-002 
1.533235e+001 1.029335e+001 -8.958689e+000 1.784431e+000 -4.558493e+000 2.925318e+000 1.374145e-001 4.319731e-001 -5.839795e-001 -1.346881e+000 1.486002e-001 2.482678e-001 
1.585282e+001 1.022285e+001 -7.819326e+000 1.398187e+000 -3.444573e+000 1.836532e+000 -3.323763e-001 2.922162e-001 -3.033078e-001 -1.384163e+000 4.790121e-001 4.831324e-001 
1.605294e+001 9.352465e+000 -7.377080e+000 5.867315e-001 -2.413942e+000 5.855245e-001 6.714885e-002 5.712491e-001 -3.757025e-001 -1.571045e+000 7.211472e-001 5.650246e-001 
1.882835e+001 6.861623e+000 -6.591943e+000 -7.038109e-001 -1.391666e+000 2.174456e-001 -7.046808e-002 -6.668456e-002 4.411972e-001 -1.408604e+000 4.159804e-001 4.736191e-001 
1.596423e+001 2.403518e+000 -4.497957e+000 -2.260884e+000 -1.175406e-001 -2.170313e-001 -3.167444e-001 2.821165e-001 1.687328e-001 -5.806162e-001 -9.689579e-002 6.150481e-001 
-3.695987e+000 9.178296e+000 -7.378284e+000 -7.386601e-001 -1.485026e+000 -4.705503e-001 1.017494e+000 -3.966099e-001 1.439981e+000 -2.108112e+000 1.339243e+000 -4.857164e-001 
-4.691083e+000 9.422914e+000 -6.806931e+000 -8.533793e-001 -1.123683e+000 -5.025081e-001 8.106371e-001 -7.830020e-001 1.482932e+000 -1.750378e+000 9.880669e-001 -1.174741e-001 
-4.918946e+000 9.298359e+000 -7.671108e+000 -1.694088e+000 -2.229233e+000 -1.099193e+000 1.387553e+000 -7.178928e-001 1.292578e+000 -1.509919e+000 1.832998e+000 -1.408186e-001 
-4.928213e+000 1.022722e+001 -6.478343e+000 -7.985510e-001 -1.394247e+000 -4.012144e-001 1.250386e+000 -1.023026e+000 1.422047e+000 -1.803464e+000 1.521234e+000 -2.026946e-001 
-4.441883e+000 1.079206e+001 -5.457936e+000 -5.824512e-002 -5.337904e-001 -4.900266e-001 1.430286e+000 -6.409446e-001 9.615754e-001 -2.164071e+000 1.069988e+000 -3.238585e-001 
-2.251178e-001 6.281773e+000 -5.572643e+000 2.020419e+000 -1.880711e+000 1.479572e+000 -2.170669e-001 -1.186838e-001 5.568965e-001 -5.377892e-001 9.424732e-002 2.358826e-001 
-5.182658e-001 7.087796e+000 -4.830069e+000 8.673001e-001 -2.546975e+000 1.873948e+000 3.758967e-001 1.959967e-001 -1.539594e-001 -1.151856e+000 -2.065589e-001 3.628109e-001 
2.951839e+000 7.269943e+000 -6.160563e+000 9.603514e-001 -1.017924e+000 1.897781e+000 -1.105862e-001 -3.315845e-001 4.654335e-001 -7.236725e-001 -8.722569e-001 2.938195e-001 
9.572294e+000 9.494151e+000 -8.033148e+000 2.217314e+000 -7.850631e-001 2.895739e+000 3.326717e-001 -1.635387e-001 5.038160e-001 -1.670625e+000 -9.377165e-001 -6.297660e-001 
1.236539e+001 9.808775e+000 -9.265797e+000 2.839081e+000 -2.439364e+000 2.534249e+000 1.478593e+000 -1.087837e+000 1.400725e+000 -2.439905e+000 3.733829e-001 -8.644583e-001 
1.562005e+001 8.663681e+000 -7.765166e+000 1.251196e+000 -3.121837e+000 2.179204e+000 1.341398e+000 -5.962437e-001 4.845523e-001 -1.934074e+000 2.556640e-001 -5.891260e-002 
1.580044e+001 9.252151e+000 -7.281267e+000 6.135728e-001 -3.442485e+000 1.884994e+000 6.309930e-001 -1.677264e-001 -3.716782e-002 -1.844474e+000 6.893907e-001 1.370763e-001 
1.503006e+001 1.019563e+001 -7.356252e+000 1.060641e+000 -2.982278e+000 1.382653e+000 -2.238841e-001 2.067416e-001 -1.277359e-001 -1.565237e+000 7.106647e-001 4.811134e-001 
1.535466e+001 9.551699e+000 -7.815796e+000 7.088757e-001 -2.588089e+000 7.114458e-001 -3.092502e-001 6.453947e-001 -3.084884e-001 -1.560835e+000 6.712947e-001 4.764719e-001 
