-1.375491e+001 9.265056e+000 -5.378246e+000 1.498350e+000 -3.046295e-001 1.492537e+000 2.460643e-001 -3.045913e-001 1.803984e+000 -1.116039e+000 -3.811421e-001 -1.227230e+000 7.657392e-001 3.704536e-001 8.617971e-001 2.624253e-001 -1.887952e-001 -1.071279e-001 -8.672253e-001 -1.996089e-001 -5.205400e-001 -2.932371e-001 -1.799622e-001 1.121142e-001 
-1.389832e+001 1.168227e+001 -2.838364e+000 2.991877e+000 1.662958e+000 4.267002e-001 6.221184e-002 -3.236520e-001 1.328090e+000 -1.733344e+000 -1.026442e+000 -1.561592e+000 9.891163e-001 4.370088e-001 8.212935e-001 2.190132e-001 -4.577968e-001 -1.088891e+000 -7.116223e-001 5.801555e-001 -3.641058e-001 -3.414208e-001 5.574827e-002 8.014052e-001 
-2.261755e+000 1.974580e+001 9.968182e-001 1.425172e-001 5.711902e-001 9.566808e-003 -9.404809e-001 -5.376454e-001 5.086133e-001 -1.494701e+000 -1.995216e+000 -1.350693e+000 3.044555e-001 8.958787e-001 8.828378e-001 2.996615e-001 -4.540432e-001 -9.658722e-001 9.002080e-002 4.777422e-001 -3.323796e-001 -5.154806e-001 -2.645307e-001 4.265178e-001 
6.697396e+000 2.016326e+001 -2.021460e+000 -9.990658e-001 7.268627e-001 -4.234017e-001 -2.214836e+000 -8.327338e-001 4.235403e-001 -1.583867e+000 -1.750247e+000 -9.348793e-001 8.893413e-001 1.919053e+000 1.257118e+000 4.528697e-001 -8.291697e-001 -1.211602e+000 2.837080e-001 4.497369e-001 -2.045613e-001 -8.320217e-001 -7.525644e-001 4.641544e-001 
1.057491e+001 1.968056e+001 -1.643330e+000 -1.510928e+000 4.965005e-001 -1.123199e+000 -2.891193e+000 -1.609697e+000 2.114557e-002 -1.121466e+000 -1.673585e+000 -2.484133e-001 1.372339e+000 2.156672e+000 1.457135e+000 -1.961391e-001 -9.614467e-001 -5.731854e-001 2.174752e-001 2.126940e-001 -3.654605e-001 -1.042431e+000 -5.068626e-001 6.935033e-001 
1.383356e+001 1.915912e+001 -2.718487e+000 -8.680479e-001 -9.264573e-001 -1.785018e+000 -2.439220e+000 -2.652809e+000 -6.642734e-001 -1.637975e-001 -1.349272e+000 -1.025447e+000 1.280725e+000 2.165384e+000 1.489685e+000 -1.111710e-001 -7.850648e-001 -1.710146e-001 1.734346e-001 5.320444e-001 -1.568312e-001 -1.148041e+000 -4.030029e-001 1.486952e-001 
1.240843e+001 2.187672e+001 -6.087801e+000 1.220635e+000 -3.081961e+000 -9.032443e-001 -3.133984e+000 -1.845768e+000 -5.869180e-001 -9.572905e-001 -5.448602e-001 -1.056198e+000 2.129800e+000 1.643895e+000 1.388372e+000 -6.135797e-001 -4.781290e-001 -3.248220e-001 3.347546e-001 6.082327e-002 -3.935991e-001 -1.006219e+000 -1.796542e-001 1.835508e-001 
1.241683e+001 2.178553e+001 -5.968545e+000 2.186418e+000 -3.226439e+000 -1.313589e+000 -3.053347e+000 -1.146212e+000 1.152945e+000 -1.688693e+000 -5.421836e-001 -3.957855e-002 2.056253e+000 1.673655e+000 1.059245e+000 -6.199178e-001 -8.723142e-001 -7.226211e-001 -7.298303e-002 -1.926092e-001 -1.130404e+000 -1.031242e+000 1.758775e-001 8.089792e-001 
1.460847e+001 1.870832e+001 -4.333187e+000 6.976945e-002 -9.095307e-001 -1.945025e+000 -2.535772e+000 -6.822269e-001 1.514148e+000 -1.225574e+000 -1.455744e+000 8.201865e-002 1.709082e+000 2.621846e+000 6.683994e-001 -1.374575e+000 -1.480922e+000 -5.454341e-001 1.272521e-001 -4.671065e-001 -9.321351e-001 -7.254312e-001 4.457966e-002 6.433844e-001 
1.468509e+001 1.852549e+001 -4.329473e+000 -6.833966e-001 -9.690601e-001 -1.713823e+000 -2.350373e+000 -8.654154e-002 1.368037e+000 -1.893218e+000 -1.203492e+000 1.372529e-001 8.294286e-001 1.707865e+000 6.314567e-001 -1.460461e+000 -1.593499e+000 -6.022577e-004 -1.992213e-001 -3.811979e-001 5.509137e-001 -4.619027e-001 -8.532662e-001 3.150982e-001 
1.472465e+001 1.868848e+001 -5.121839e+000 -5.155445e-001 -1.866481e+000 -1.280291e+000 -1.857613e+000 -2.658820e-001 1.832620e+000 -1.854318e+000 -1.309573e+000 9.894974e-002 5.824675e-001 1.051257e+000 1.715924e-001 -1.233771e+000 -1.350059e+000 -9.526093e-002 -3.060870e-001 -2.380711e-001 5.771033e-001 -4.860295e-001 -9.019235e-001 1.574175e-001 
1.536317e+001 1.706341e+001 -3.081030e+000 -9.247246e-001 -5.498613e-001 -1.550174e+000 -2.236908e+000 -1.334118e-001 1.820293e+000 -9.801382e-001 -1.044899e+000 3.930329e-003 8.043223e-002 6.888701e-001 7.435974e-002 -1.024122e+000 -6.315348e-001 1.042056e-002 -9.394986e-001 -7.261294e-001 6.063735e-001 -2.383225e-001 -6.313805e-001 2.896299e-001 
1.251316e+001 2.096995e+001 -5.846021e+000 1.194436e+000 -1.337356e+000 -9.229377e-001 -2.458736e+000 1.231611e+000 2.743999e+000 -1.828758e+000 -5.703790e-001 -8.746711e-001 -4.618203e-001 1.061393e+000 5.245258e-001 -1.344898e+000 -7.058398e-001 2.452952e-001 -1.507075e+000 -9.423089e-001 1.509355e+000 -4.343988e-001 -1.058101e+000 7.552153e-001 
1.501657e+001 1.784885e+001 -3.374018e+000 -1.279906e-001 -8.438718e-001 -2.175696e+000 -2.096755e+000 1.797473e+000 2.134776e+000 -2.043935e+000 -9.608256e-001 -8.543179e-001 -9.038280e-001 1.109106e+000 7.479085e-001 -1.099584e+000 -5.931381e-001 -9.500719e-002 -1.806316e+000 -6.756639e-001 1.713378e+000 -1.126924e-001 -1.214985e+000 6.666681e-001 
1.334063e+001 1.961759e+001 -4.810670e+000 2.428211e+000 -2.141150e+000 -1.035155e+000 -3.126431e+000 2.185236e+000 2.525841e+000 -2.204770e+000 2.223353e-002 -1.681254e+000 -6.550576e-001 4.513284e-001 1.091973e+000 -1.009128e+000 -7.702414e-001 1.697362e-001 -2.070284e+000 -4.640234e-001 1.652866e+000 2.020126e-002 -1.757956e+000 7.931942e-001 
1.276558e+001 1.973890e+001 -4.373105e+000 3.606799e+000 -2.304827e+000 -6.797027e-001 -3.858448e+000 1.846144e+000 2.421354e+000 -1.892946e+000 8.289219e-001 -1.412853e+000 -6.372432e-001 -7.628020e-001 4.806347e-001 -5.321823e-001 9.654241e-002 4.720175e-001 -2.280824e+000 -7.058019e-001 1.230103e+000 -6.479418e-002 -1.555661e+000 1.152969e+000 
1.270068e+001 1.863809e+001 -2.872596e+000 2.571162e+000 -1.564362e+000 -1.516134e+000 -3.362026e+000 1.012073e+000 2.825279e+000 1.527997e-001 1.817975e-001 -1.585319e+000 -1.229046e+000 -1.627433e+000 -1.032906e-001 5.288473e-001 6.920696e-001 3.763954e-001 -2.209511e+000 -9.608124e-001 8.846162e-001 -3.949638e-001 -7.156406e-001 9.064719e-001 
1.137337e+001 1.786571e+001 -1.876095e+000 2.782546e+000 4.206716e-001 -1.181080e+000 -3.639364e+000 6.950963e-002 2.500054e+000 2.695138e-001 3.284954e-001 -8.058582e-001 -7.010215e-001 -1.677423e+000 -6.882233e-001 5.331500e-001 6.262371e-001 2.172452e-001 -1.967409e+000 -7.643495e-001 1.000514e+000 -4.024900e-001 -6.312988e-001 8.736201e-001 
-2.490621e+000 1.548005e+001 -7.869534e-001 1.836317e+000 9.721181e-001 -3.253624e-001 -2.162085e+000 -6.415215e-001 1.562938e+000 -2.586131e-001 2.073437e-001 -3.460617e-002 -1.140103e-001 -5.397089e-001 -5.298816e-001 2.609521e-001 1.867853e-001 -2.544003e-001 -6.520159e-001 -4.368023e-002 5.904281e-001 1.030404e-002 1.735041e-002 2.612442e-001 
-1.503094e+001 8.939642e+000 -4.731575e+000 1.518221e+000 1.212992e-001 2.549213e-001 1.550086e-001 -2.047516e-001 1.483922e+000 -1.459272e+000 -1.193942e+000 -9.784109e-001 1.466634e+000 9.924130e-001 1.223073e+000 4.399813e-001 -2.497991e-001 -1.007478e+000 -1.150219e+000 2.148479e-001 -1.517907e-001 -5.549343e-001 -9.669840e-002 7.872560e-001 
-6.817243e+000 1.747788e+001 1.804730e+000 9.741104e-001 8.243365e-001 2.817175e-002 -3.930791e-001 -2.723042e-001 4.088819e-001 -1.277224e+000 -1.733485e+000 -1.310486e+000 1.245655e-001 5.402636e-001 6.338468e-001 9.709686e-002 -4.881200e-001 -9.225203e-001 7.370776e-003 5.281510e-001 -4.275350e-001 -5.157647e-001 -4.257209e-002 2.488641e-001 
2.032965e+000 2.290412e+001 -3.515113e+000 9.771416e-001 -7.103846e-002 1.333280e-001 -1.859191e+000 -1.341229e+000 1.335921e+000 -2.336683e+000 -1.007686e+000 -1.702119e+000 1.137838e+000 1.164106e+000 1.274580e+000 4.666584e-001 -6.886766e-001 -1.069734e+000 1.319497e-001 6.976404e-001 -5.703278e-001 -4.842886e-001 -8.532152e-001 6.641168e-001 
8.847511e+000 2.029012e+001 -2.694423e+000 -1.301963e+000 3.899609e-001 -1.032159e+000 -2.676903e+000 -1.441408e+000 4.434780e-002 -1.385207e+000 -1.424557e+000 -4.863222e-001 1.145943e+000 2.055637e+000 1.403898e+000 4.841178e-002 -9.286871e-001 -7.581959e-001 2.521862e-001 3.482338e-001 -2.362465e-001 -8.591613e-001 -7.179538e-001 5.221542e-001 
1.321799e+001 1.787581e+001 -1.602190e+000 -1.826622e+000 -5.160919e-001 -1.620783e+000 -2.731454e+000 -2.487785e+000 -6.182127e-001 -6.985067e-001 -1.822481e+000 -8.168339e-001 1.536483e+000 2.225119e+000 1.322983e+000 -1.260476e-001 -7.666526e-001 -2.946415e-001 2.971082e-001 4.997104e-001 -3.481478e-001 -1.180147e+000 -2.836778e-001 5.973257e-001 
1.434812e+001 1.884813e+001 -3.570110e+000 -1.154770e+000 -1.287544e+000 -1.818062e+000 -2.359105e+000 -2.574512e+000 -1.142448e+000 -6.832558e-001 -1.192746e+000 -8.149260e-001 1.623472e+000 2.270076e+000 1.282256e+000 -1.259292e-001 -7.302390e-001 -2.089460e-001 -2.796064e-002 2.574396e-001 -1.690663e-001 -7.916483e-001 -1.132383e-001 1.961875e-001 
1.462394e+001 1.852376e+001 -2.861240e+000 -5.720043e-001 -1.403875e+000 -2.088521e+000 -2.416610e+000 -1.498596e+000 8.855845e-002 -1.249825e+000 -7.895313e-001 2.881615e-001 1.437537e+000 2.191248e+000 8.515985e-001 -5.858998e-001 -7.419453e-001 -5.983959e-001 -3.227713e-001 -1.380201e-001 -6.843221e-001 -1.033537e+000 -4.612148e-002 8.642671e-001 
1.450843e+001 1.870327e+001 -4.082557e+000 5.348072e-001 -1.276366e+000 -2.497313e+000 -2.557811e+000 -6.514690e-001 1.556942e+000 -1.178517e+000 -1.342389e+000 2.281955e-001 1.842850e+000 2.537572e+000 6.981272e-001 -1.018962e+000 -1.233410e+000 -7.403498e-001 8.962048e-002 -3.762846e-001 -1.334650e+000 -9.429328e-001 2.023823e-001 8.605355e-001 
1.278101e+001 2.057344e+001 -5.627108e+000 6.321573e-001 -1.901049e+000 -1.204182e+000 -2.601123e+000 3.255091e-001 1.198034e+000 -2.186529e+000 -9.101667e-001 -9.274680e-002 1.334026e+000 1.636453e+000 7.309003e-001 -1.423501e+000 -1.676404e+000 -8.154947e-002 -1.166510e-001 -4.538057e-001 3.329864e-001 -7.679725e-001 -5.364386e-001 5.522188e-001 
1.290251e+001 2.022382e+001 -6.084504e+000 5.230425e-001 -2.414545e+000 -1.006362e+000 -2.267499e+000 -3.521548e-002 1.988540e+000 -2.007853e+000 -1.058841e+000 -2.458678e-001 8.960741e-001 9.475512e-001 4.664354e-001 -1.173236e+000 -1.570820e+000 5.222528e-002 -1.707541e-001 -1.593972e-001 5.854902e-001 -5.047733e-001 -9.492781e-001 1.653364e-001 
1.331859e+001 1.963254e+001 -5.583335e+000 7.412847e-001 -2.031277e+000 -1.175953e+000 -2.164434e+000 -3.000188e-001 2.080161e+000 -1.846366e+000 -8.156708e-001 2.730290e-003 1.682328e-001 5.680960e-001 -3.379673e-002 -9.450606e-001 -8.992931e-001 -2.467513e-002 -7.416334e-001 -4.768352e-001 6.414443e-001 -3.440937e-001 -7.779080e-001 2.777767e-001 
1.318331e+001 1.952329e+001 -4.567372e+000 6.567718e-001 -7.228656e-001 -1.183351e+000 -2.415291e+000 8.690738e-001 2.626143e+000 -1.586497e+000 -6.474522e-001 -5.522301e-001 -4.023604e-001 9.082220e-001 1.594815e-001 -1.061322e+000 -5.977886e-001 1.262593e-001 -1.429649e+000 -7.640918e-001 1.323334e+000 -4.686901e-001 -9.349734e-001 7.127305e-001 
1.517885e+001 1.711687e+001 -2.944152e+000 -3.079356e-001 -4.974204e-001 -2.496505e+000 -1.982756e+000 1.771717e+000 2.305287e+000 -1.601506e+000 -1.250301e+000 -9.028181e-001 -7.525864e-001 1.333794e+000 7.395469e-001 -1.040476e+000 -6.479892e-001 -4.729600e-001 -1.706226e+000 -6.484895e-001 1.587496e+000 -8.339393e-002 -1.301336e+000 5.078340e-001 
1.378678e+001 1.894215e+001 -4.473953e+000 1.348354e+000 -1.508919e+000 -1.541789e+000 -2.722021e+000 2.235003e+000 2.302287e+000 -2.180892e+000 -2.349790e-001 -1.442988e+000 -8.665231e-001 8.940697e-001 8.970200e-001 -9.892255e-001 -6.232117e-001 -1.461990e-001 -2.050295e+000 -4.437625e-001 1.670643e+000 -1.404364e-002 -1.523533e+000 6.242964e-001 
1.539272e+001 1.618681e+001 -1.601399e+000 1.097695e+000 -4.848677e-001 -1.963350e+000 -2.728092e+000 1.684514e+000 2.015002e+000 -1.365258e+000 1.302687e-002 -9.867567e-001 -1.059741e+000 1.237394e-001 1.595568e-001 -4.615178e-001 -1.728974e-001 2.032797e-001 -1.752650e+000 -8.091331e-001 1.443470e+000 -3.661614e-001 -1.174355e+000 7.272871e-001 
1.268731e+001 1.868643e+001 -2.824833e+000 2.885299e+000 -1.713356e+000 -1.918602e+000 -2.885719e+000 1.336938e+000 2.474012e+000 -5.757774e-001 4.974651e-001 -1.386200e+000 -1.572617e+000 -9.961002e-001 9.680876e-002 7.802891e-002 4.930397e-001 4.768387e-001 -2.029580e+000 -1.207057e+000 1.007751e+000 -2.367300e-001 -9.938697e-001 1.030558e+000 
