1.155513e+001 1.623549e+001 -3.505417e+000 5.616007e+000 -5.095307e-001 1.357341e+000 -1.608243e+000 2.283029e-002 1.304401e+000 -3.052534e+000 -2.388010e+000 6.649107e-001 7.814059e-002 -1.402728e+000 1.206021e+000 8.235947e-001 -1.451088e+000 -7.688309e-001 1.733037e+000 6.262869e-001 -4.651364e-001 -2.746844e-001 -1.074650e-001 1.651978e-001 
6.404439e+000 1.683125e+001 -3.259943e+000 4.085107e+000 -3.737314e-001 2.213773e+000 -4.174284e-001 -8.203348e-001 1.927015e+000 -2.447628e+000 -1.278524e+000 -1.737096e-001 -2.591841e-001 -1.108659e+000 -1.223426e-001 2.511200e-001 -1.633829e+000 3.420511e-001 1.400588e+000 7.892502e-001 2.001831e-001 -5.650289e-001 3.935869e-001 8.496468e-002 
6.006336e+000 1.568692e+001 -1.685157e+000 2.227458e+000 -2.862040e-001 1.799305e+000 3.062800e-001 2.407710e-001 1.392176e+000 -2.409078e+000 -1.818643e+000 6.475272e-002 6.982766e-002 -9.382944e-001 -1.591177e-001 -4.795943e-001 -1.404679e+000 2.777823e-001 7.773183e-001 7.284182e-001 7.107811e-001 3.461340e-001 6.349551e-001 6.371675e-002 
4.475294e+000 1.592123e+001 -3.867005e+000 3.210853e+000 -1.197717e+000 2.599801e+000 -1.313584e+000 9.766896e-001 1.975376e+000 -2.145410e+000 -7.963289e-001 -1.834484e-001 1.154207e+000 -1.344268e+000 2.988126e-003 -6.179258e-001 -1.092246e+000 1.225638e-001 7.944636e-001 1.107851e+000 2.533336e-001 4.037064e-001 1.333910e-001 5.455830e-001 
5.954778e+000 1.516141e+001 -2.713041e+000 2.713557e+000 -1.140943e+000 2.877992e+000 -2.764581e+000 1.294984e+000 6.754947e-001 -1.850540e+000 -1.575319e+000 7.105257e-001 8.830197e-001 -9.313417e-001 -5.067636e-002 -3.152234e-001 -7.118554e-001 -1.943263e-001 1.235673e+000 5.213656e-001 3.719437e-001 6.058710e-003 1.608750e-001 -4.866067e-003 
9.069611e+000 1.102277e+001 -2.624518e+000 4.742440e+000 -5.192524e-001 2.065770e+000 -3.368632e+000 7.597275e-001 1.342104e+000 -2.071372e+000 -1.430157e+000 -5.054409e-001 -2.365384e-001 -1.678023e+000 2.731997e-001 -9.864999e-002 -6.759463e-001 -8.400890e-002 8.481744e-001 6.264162e-001 -7.789944e-001 1.509148e-001 8.309483e-001 5.885396e-001 
1.000498e+001 1.342834e+001 -3.899277e+000 4.750345e+000 -3.538162e-003 2.433011e+000 -3.156477e+000 1.094055e+000 1.248918e+000 -2.368088e+000 -3.025935e+000 -7.070581e-002 -7.746174e-001 -9.218269e-001 1.017671e+000 2.413247e-001 -1.084875e+000 2.909874e-001 9.380883e-001 1.708160e-001 -7.624421e-001 -5.007941e-002 4.945361e-002 -2.865637e-002 
9.595925e+000 1.427845e+001 -2.987059e+000 4.028133e+000 -3.734724e-001 2.141649e+000 -1.941684e+000 1.102947e+000 9.765541e-001 -2.091401e+000 -2.786844e+000 -4.350423e-001 -1.305637e-001 -7.378238e-001 9.049148e-001 1.955441e-001 -7.630646e-001 4.477769e-002 7.368003e-001 -1.314746e-001 -2.411394e-001 4.042345e-002 4.110184e-002 4.306467e-002 
9.595489e+000 1.659454e+001 -3.415829e+000 4.358595e+000 -1.580493e+000 2.747033e+000 -1.822946e+000 1.313853e+000 1.450438e+000 -2.073845e+000 -2.431752e+000 -5.276441e-001 -3.474025e-001 -8.216961e-001 9.181752e-001 5.076966e-001 -5.751192e-001 1.838338e-001 8.335965e-001 -6.279009e-001 -3.271005e-001 -7.951879e-002 6.502318e-002 2.799379e-001 
1.051918e+001 1.654879e+001 -2.116279e+000 3.624469e+000 -8.740968e-001 2.118335e+000 -2.399752e+000 3.247785e-001 1.836398e+000 -2.746088e+000 -1.693355e+000 -4.871542e-001 -2.964549e-001 -9.245668e-001 9.166903e-001 2.866322e-001 -7.599242e-001 2.147202e-001 8.372170e-001 1.447663e-002 -6.291631e-001 5.648582e-002 -9.182532e-003 -1.033924e-001 
1.049033e+001 1.637590e+001 -3.256988e+000 3.557215e+000 -4.136353e-001 1.353438e+000 -2.578943e+000 -5.336335e-001 1.619032e+000 -1.007200e+000 -1.848900e+000 -3.642555e-001 -7.952743e-001 -1.614547e+000 1.224648e+000 4.837337e-001 -3.324500e-001 -3.905204e-002 9.224848e-001 1.132430e-001 -5.965795e-001 -3.727408e-001 -2.979268e-001 -2.799925e-002 
1.092607e+001 1.923689e+001 -4.249716e+000 3.158829e+000 -5.121502e-001 1.396395e+000 -3.439046e+000 -1.317290e+000 1.653970e+000 -1.320382e+000 -4.955349e-001 3.322292e-001 -6.357538e-001 -1.123403e+000 5.099707e-001 -3.468643e-001 -1.094913e+000 1.955357e-001 1.495813e+000 3.192853e-001 -1.121486e-001 -7.529977e-001 -4.514919e-001 -2.649006e-001 
1.415314e+001 1.652122e+001 -2.167809e+000 1.114076e+000 1.192295e+000 8.448357e-001 -3.150126e+000 -1.621706e+000 6.948342e-001 -1.461272e+000 -7.980465e-001 1.504309e-001 -9.471497e-001 -6.960786e-001 1.949861e-001 -6.180832e-001 -1.451619e+000 2.429751e-001 1.427834e+000 3.754114e-001 2.670471e-001 -5.560997e-001 -7.410420e-001 -2.562551e-001 
1.012629e+001 1.968273e+001 -5.072914e+000 3.865209e+000 2.182983e-001 1.881410e+000 -4.963383e+000 -2.170592e+000 1.546168e+000 -1.142872e+000 9.788501e-002 7.191563e-001 -1.095674e+000 -1.020285e+000 4.923624e-001 -5.547419e-001 -1.011650e+000 8.018540e-002 9.987851e-001 -5.089579e-001 8.105362e-001 -6.787385e-001 -6.469281e-002 -8.592535e-002 
1.234369e+001 1.883430e+001 -5.029356e+000 3.450920e+000 6.449354e-001 1.719386e+000 -4.206319e+000 -1.895676e+000 1.045279e+000 -7.700312e-001 -6.870515e-001 4.585679e-001 -7.556420e-001 -6.205639e-001 1.413123e-001 -8.444343e-001 -1.043072e+000 -1.999211e-001 1.129722e+000 -3.683856e-002 8.384212e-001 -1.101887e-001 -7.598909e-001 5.123964e-002 
1.388525e+001 1.770561e+001 -3.661812e+000 2.678647e+000 3.011140e-001 1.850897e+000 -4.196363e+000 -1.826263e+000 1.020397e+000 -8.853035e-001 -1.158886e+000 1.944570e-001 -3.967135e-001 -9.202074e-001 1.988211e-001 -9.095858e-001 -1.216602e+000 -7.543943e-002 1.120590e+000 1.838709e-001 3.327396e-001 1.794596e-001 -5.300213e-001 -1.316710e-001 
1.535061e+001 1.508196e+001 -3.407976e+000 3.161997e+000 -3.514372e-001 2.531263e+000 -4.569307e+000 -1.448391e+000 1.027909e+000 -1.087825e+000 -2.047479e-001 1.561670e-001 1.920763e-001 -1.050446e+000 6.715151e-001 -8.839013e-001 -1.517981e+000 2.699196e-001 7.159389e-001 4.423066e-001 3.747400e-001 -1.261764e-001 -7.111850e-001 -1.694633e-001 
1.371486e+001 1.648441e+001 -3.897187e+000 4.084165e+000 -2.960688e-001 2.935902e+000 -4.917940e+000 -1.252858e+000 1.015596e+000 -9.946588e-001 -2.885207e-001 2.788312e-003 -3.022157e-001 -1.343661e+000 9.573715e-001 -9.575280e-001 -1.252223e+000 3.800734e-001 7.780453e-001 5.916509e-002 5.561833e-001 -1.585646e-001 -5.231638e-001 -2.097701e-001 
1.851789e+001 1.106827e+001 -1.190134e-001 8.771747e-001 1.589092e+000 -1.847847e-001 -2.407370e+000 -1.787204e+000 3.111506e-001 -3.688865e-001 -1.043456e+000 -2.598870e-001 -3.336330e-001 -5.777572e-001 1.746172e-001 -5.042261e-001 -1.297057e+000 -7.184678e-002 6.960269e-001 2.841892e-001 7.923167e-002 1.128043e-001 2.468072e-002 -1.260854e-001 
1.538787e+001 1.265494e+001 -1.256326e+000 3.312807e+000 1.008065e+000 1.944835e-001 -8.992335e-001 -2.529211e-001 1.395378e+000 -2.751263e+000 -3.017102e+000 2.258728e-001 -3.212554e-001 -5.951939e-001 1.378885e+000 7.211380e-001 -1.280003e+000 -3.921146e-001 1.219772e+000 4.586559e-001 -4.391783e-001 -2.600902e-001 -1.279998e-001 9.056438e-002 
6.572516e+000 1.761412e+001 -4.789633e+000 4.775393e+000 -1.203226e+000 2.222751e+000 -8.185450e-001 -4.605058e-001 1.861181e+000 -2.230665e+000 -8.429682e-001 -3.007737e-002 2.752638e-001 -1.511226e+000 1.624120e-001 -4.556020e-001 -1.873035e+000 -1.296272e-001 1.404311e+000 3.600731e-001 2.964352e-001 -1.559837e-001 4.561792e-001 -3.913176e-002 
4.813984e+000 1.809602e+001 -4.496007e+000 4.075829e+000 -1.205396e+000 1.937756e+000 -1.817352e+000 1.113569e-001 1.939922e+000 -3.200021e+000 -8.665839e-001 -5.945351e-001 7.196028e-001 -1.370189e+000 2.135735e-001 -3.100258e-001 -1.948537e+000 -2.384249e-002 1.054519e+000 8.869668e-001 3.912340e-001 4.618901e-001 8.150018e-001 1.618728e-001 
4.433826e+000 1.696078e+001 -3.549121e+000 2.580728e+000 -1.513571e+000 2.284459e+000 -2.780134e-001 7.915408e-001 1.138180e+000 -3.180900e+000 -6.646983e-001 -2.447104e-001 5.199906e-001 -9.138212e-001 6.126178e-001 -2.421790e-001 -1.222620e+000 1.946380e-001 5.120188e-001 6.883617e-001 2.683028e-001 5.924843e-001 -1.151682e-001 4.264715e-001 
4.638542e+000 1.516835e+001 -3.292638e+000 2.372310e+000 -1.365336e+000 3.342379e+000 -1.926202e+000 2.247936e+000 1.130168e+000 -2.242059e+000 -1.607234e+000 3.188806e-001 3.749770e-001 -5.364614e-001 5.078967e-001 -1.062678e-001 -7.239098e-001 -6.423713e-001 3.921049e-001 2.054293e-001 1.068652e+000 6.034096e-001 3.664833e-001 -1.950746e-001 
8.495200e+000 1.299274e+001 -3.217406e+000 4.652216e+000 -2.037006e+000 3.430733e+000 -3.140403e+000 1.918914e+000 7.340542e-001 -1.644601e+000 -1.663566e+000 1.261238e-001 4.830810e-001 -1.131268e+000 8.420301e-001 6.997857e-002 -8.712571e-001 -5.889489e-001 3.816240e-001 8.614812e-001 9.291542e-002 4.493284e-001 3.561145e-001 -1.895015e-001 
1.080918e+001 1.330716e+001 -4.550486e+000 4.232952e+000 -4.012494e-001 2.823856e+000 -2.926376e+000 9.939843e-001 8.598521e-001 -2.702614e+000 -2.028941e+000 7.278393e-001 -2.633354e-001 -1.192941e+000 3.064780e-001 5.460239e-002 -1.167840e+000 -9.316474e-002 1.063830e+000 7.544518e-001 -2.993632e-001 2.265239e-002 -3.842199e-002 -2.907393e-001 
9.562268e+000 1.469649e+001 -3.294643e+000 4.812872e+000 -2.820926e-001 2.632562e+000 -3.061042e+000 7.919764e-001 7.767233e-001 -1.820029e+000 -3.068085e+000 -6.310087e-002 -2.571018e-001 -2.543579e-001 1.372318e+000 2.603573e-001 -1.001422e+000 -1.337299e-001 3.924329e-001 8.235853e-002 -1.905583e-001 1.014377e-001 3.695791e-003 1.618827e-002 
9.408598e+000 1.704752e+001 -2.631267e+000 4.279005e+000 -1.825185e+000 2.463491e+000 -2.193319e+000 1.850769e+000 1.084556e+000 -2.148225e+000 -2.554817e+000 -2.889176e-002 -1.263243e-001 -8.356305e-001 5.857386e-001 4.509481e-001 -5.951269e-001 -1.006941e-001 9.780977e-001 -4.043634e-001 -2.680062e-001 2.364345e-001 -5.118164e-002 1.278889e-001 
9.509790e+000 1.803361e+001 -3.378384e+000 4.590417e+000 -2.033875e+000 2.616671e+000 -2.751084e+000 6.495190e-001 2.097035e+000 -2.386418e+000 -1.190165e+000 -5.096655e-001 1.136395e-001 -1.262758e+000 1.154890e+000 5.935977e-002 -6.351432e-001 -5.897942e-002 7.825584e-001 -3.608738e-002 -1.876680e-001 1.242713e-001 -7.164670e-002 -1.231158e-001 
1.029787e+001 1.797497e+001 -3.353803e+000 4.497397e+000 -1.775038e+000 2.213803e+000 -2.776239e+000 3.650808e-001 1.459025e+000 -9.077377e-001 -1.160260e+000 1.904250e-001 -1.336326e-001 -1.619151e+000 1.608430e+000 -1.635677e-001 -1.444802e-001 -3.872500e-001 1.324737e+000 -3.107116e-001 -4.158857e-001 -2.886639e-001 1.767815e-002 -3.030374e-001 
1.076326e+001 1.883600e+001 -3.660376e+000 4.273377e+000 3.867376e-001 1.187339e+000 -3.498287e+000 -1.475366e+000 1.919228e+000 -8.739468e-001 -5.930646e-001 4.922182e-002 -1.050138e+000 -1.587389e+000 1.228386e+000 6.596002e-001 -9.561186e-001 2.009596e-001 1.273268e+000 -3.384238e-002 -2.000548e-001 -4.274937e-001 -5.673416e-001 -4.092664e-001 
1.240192e+001 1.850939e+001 -3.353213e+000 3.418694e+000 2.905129e-001 1.604546e+000 -3.999371e+000 -1.274851e+000 1.146047e+000 -5.571220e-001 -7.467951e-001 2.064479e-002 -1.265910e+000 -1.065325e+000 7.007300e-001 -1.292177e-001 -1.178495e+000 -7.440211e-003 1.509347e+000 2.778522e-001 5.782595e-001 -7.918054e-001 -8.121542e-001 -5.000934e-001 
1.088919e+001 1.906312e+001 -4.335189e+000 3.540719e+000 3.496438e-001 1.937104e+000 -4.390572e+000 -1.534084e+000 1.346756e+000 -5.795428e-001 -7.375305e-001 2.970154e-001 -1.356684e+000 -5.134233e-001 1.109081e+000 -2.911625e-001 -1.147801e+000 -2.448314e-001 1.108138e+000 -3.443259e-001 1.115265e+000 -5.452719e-001 -7.802173e-001 -3.978376e-001 
1.318054e+001 1.779919e+001 -3.615450e+000 2.019799e+000 1.589468e+000 8.634621e-001 -3.798815e+000 -2.378675e+000 1.422277e+000 -1.611707e+000 -5.363907e-001 5.679411e-001 -8.356945e-001 -3.818031e-001 -1.562267e-001 -9.207911e-001 -1.238006e+000 1.083140e-001 8.960961e-001 3.710537e-001 6.740015e-001 -2.585912e-001 -7.156620e-001 -9.488813e-003 
1.349946e+001 1.808311e+001 -4.340901e+000 3.100053e+000 6.045966e-001 1.720928e+000 -4.211706e+000 -1.825020e+000 9.694915e-001 -7.831463e-001 -9.077308e-001 4.801918e-001 -4.277333e-001 -8.277529e-001 1.349424e-001 -1.056597e+000 -1.141168e+000 -6.326994e-002 1.189551e+000 1.701291e-001 5.191055e-001 -4.695181e-002 -6.606119e-001 -2.608889e-001 
1.402613e+001 1.649282e+001 -4.016375e+000 4.415632e+000 -7.415473e-001 3.125631e+000 -5.627395e+000 -1.122639e+000 7.589911e-001 -3.543635e-001 -1.826012e-001 8.457488e-002 -8.129432e-002 -1.306327e+000 8.006518e-001 -7.383615e-001 -8.347885e-001 7.299468e-002 7.626383e-001 1.219906e-001 4.508365e-001 -1.728011e-001 -4.980735e-001 -1.789536e-001 
1.467250e+001 1.657206e+001 -4.119983e+000 4.063157e+000 -7.763097e-001 3.369694e+000 -5.017092e+000 -1.115753e+000 8.502743e-001 -1.307959e+000 -2.056450e-001 1.479111e-001 3.013994e-001 -1.119259e+000 8.955130e-001 -1.087480e+000 -1.362465e+000 4.459527e-001 8.172195e-001 1.701083e-001 6.641053e-001 -2.180719e-001 -7.629716e-001 -1.194144e-001 
