7.093235e+000 6.223039e+000 -3.636410e+000 2.462272e+000 -2.330074e+000 6.299403e-001 -2.319816e+000 5.837867e-001 -2.868937e-001 1.881354e-001 -7.351507e-001 2.187406e-001 
6.887058e+000 6.533108e+000 -4.127627e+000 2.990710e+000 -2.543996e+000 1.004122e+000 -2.967641e+000 3.999096e-001 -1.784565e-001 2.014873e-001 -1.014103e+000 3.729918e-001 
6.973836e+000 7.322082e+000 -3.355131e+000 3.017554e+000 -1.639178e+000 7.138798e-001 -2.630356e+000 3.521374e-001 -4.532010e-001 2.868958e-002 -3.994895e-001 4.133769e-001 
6.166297e+000 8.205012e+000 -4.108127e+000 2.969688e+000 -1.957497e+000 4.850734e-001 -3.164198e+000 -4.391563e-002 -3.805695e-001 -2.494329e-002 -2.933779e-001 2.505650e-001 
5.289822e+000 8.078295e+000 -3.790951e+000 2.372371e+000 -1.273076e+000 2.299963e-001 -2.297128e+000 -3.763992e-002 -5.292347e-002 -8.861422e-001 -3.656120e-001 4.065387e-001 
3.987066e+000 8.163379e+000 -4.072562e+000 2.882451e+000 -1.158073e+000 2.417032e-001 -2.582298e+000 3.102176e-001 2.696167e-001 -4.446513e-001 -6.162623e-001 3.837084e-001 
3.801949e+000 9.555276e+000 -4.498845e+000 2.033151e+000 -5.809616e-001 7.119424e-001 -2.846428e+000 -3.199404e-001 9.904784e-001 -1.177834e+000 -5.898519e-001 7.599583e-001 
5.745535e+000 9.890518e+000 -6.448424e+000 1.452094e+000 1.136446e+000 1.667141e+000 -1.618566e+000 -7.080148e-001 1.099094e+000 -8.545203e-001 -1.060367e-001 8.884358e-001 
8.998276e+000 1.032548e+001 -7.757603e+000 2.576531e+000 1.654192e+000 2.160040e+000 -1.748247e+000 -9.677121e-001 3.815779e-001 -1.408344e-001 -3.664593e-001 9.612983e-001 
1.001509e+001 9.758824e+000 -7.936735e+000 2.924474e+000 1.512215e+000 2.675356e+000 -2.065659e+000 -1.596499e+000 1.145064e+000 -4.690805e-001 -1.942035e-001 1.067528e+000 
1.149379e+001 9.400343e+000 -7.992600e+000 3.242473e+000 1.716157e+000 2.629517e+000 -1.962641e+000 -1.061116e+000 1.460879e+000 -1.082046e+000 5.111780e-002 7.765103e-001 
1.219642e+001 8.825186e+000 -6.659795e+000 2.782041e+000 2.111172e+000 2.547574e+000 -1.521749e+000 -1.568083e+000 1.490100e+000 -1.435736e+000 1.373990e-001 1.275470e+000 
1.160331e+001 9.392210e+000 -6.920163e+000 3.231723e+000 7.696799e-001 3.483405e+000 -2.266104e+000 -1.116916e+000 1.373608e+000 -1.072868e+000 -1.718019e-002 1.607694e+000 
1.273903e+001 8.476487e+000 -6.070265e+000 2.507976e+000 1.953204e+000 2.238241e+000 -1.649378e+000 -1.093686e+000 1.488897e+000 -1.078698e+000 -2.265525e-001 1.201085e+000 
1.252177e+001 8.888145e+000 -7.015072e+000 3.724641e+000 2.428215e+000 2.403437e+000 -1.607599e+000 -1.549357e+000 1.749032e+000 -1.770907e+000 2.087820e-001 9.367396e-001 
1.088815e+001 1.055276e+001 -9.148405e+000 5.153554e+000 1.802919e+000 2.391364e+000 -9.517671e-001 -1.840645e+000 2.103506e+000 -2.422455e+000 4.831544e-001 4.731589e-001 
1.227231e+001 7.432287e+000 -6.733982e+000 2.633526e+000 2.838069e+000 2.219994e+000 -1.203283e+000 -1.274111e+000 1.579551e+000 -1.590206e+000 -3.853692e-001 1.401586e+000 
1.143399e+001 8.165934e+000 -7.288117e+000 1.944532e+000 2.279565e+000 2.119543e+000 -1.547982e+000 -1.067392e+000 2.038115e+000 -1.681783e+000 -1.401368e-001 1.505576e+000 
1.133926e+001 8.368110e+000 -7.834092e+000 2.649333e+000 2.583999e+000 2.148057e+000 -1.230492e+000 -1.157442e+000 1.784788e+000 -1.654571e+000 -1.823289e-001 1.130975e+000 
1.374438e+001 5.959095e+000 -5.169450e+000 5.458321e-001 3.381455e+000 1.101671e+000 -1.477830e+000 -3.339681e-001 7.611230e-001 -7.874752e-001 -6.303954e-001 4.418347e-001 
8.119192e+000 5.006984e+000 -3.824098e+000 1.981205e+000 -7.221382e-001 5.948344e-001 -1.690920e+000 2.905842e-001 6.969604e-001 -2.238561e-001 -3.514669e-001 2.818212e-001 
7.086873e+000 6.393225e+000 -4.239226e+000 3.119269e+000 -1.689810e+000 1.331953e+000 -2.522438e+000 4.757450e-001 -4.452200e-001 -1.882647e-001 -5.300706e-001 6.305779e-001 
6.628254e+000 6.648992e+000 -4.217913e+000 3.798115e+000 -1.896280e+000 1.312768e+000 -2.947356e+000 7.825576e-001 -2.590063e-001 -5.283553e-002 -7.116379e-001 7.853975e-001 
6.190507e+000 7.327160e+000 -3.929848e+000 3.335184e+000 -1.662330e+000 8.622859e-001 -2.957533e+000 4.004149e-001 -3.567980e-002 6.305772e-002 -3.138261e-001 3.989863e-001 
5.565118e+000 8.198162e+000 -4.469897e+000 2.865623e+000 -9.732193e-001 9.596121e-001 -2.746305e+000 1.469976e-001 4.548969e-001 -1.422178e-001 -3.250603e-001 6.281806e-001 
4.104480e+000 7.882291e+000 -4.560043e+000 2.603858e+000 -1.318234e+000 9.575308e-001 -1.991007e+000 5.822403e-001 1.934522e-001 -1.521750e-001 -1.730557e-001 3.762083e-001 
4.171515e+000 8.859820e+000 -5.184572e+000 2.522547e+000 -1.019971e-001 4.411727e-001 -2.176016e+000 2.367796e-001 8.239363e-001 -6.744854e-001 -7.539842e-001 6.131319e-001 
5.867142e+000 9.309062e+000 -5.848112e+000 2.091143e+000 3.915185e-001 1.117625e+000 -1.210717e+000 8.658926e-002 3.098537e-001 -7.119284e-002 -6.586849e-002 6.408578e-001 
8.315708e+000 1.011539e+001 -7.558644e+000 2.574137e+000 1.345687e+000 2.524265e+000 -1.304861e+000 -5.826334e-001 6.167640e-001 -2.308861e-001 -2.323138e-001 5.920753e-001 
9.530953e+000 9.446288e+000 -8.500850e+000 2.834851e+000 1.102397e+000 2.497560e+000 -1.871570e+000 -1.254204e+000 1.052698e+000 -4.132153e-001 -4.955142e-001 9.555209e-001 
1.031723e+001 9.218290e+000 -8.655917e+000 3.530907e+000 1.304666e+000 3.131757e+000 -1.988191e+000 -1.102614e+000 1.236962e+000 -6.147277e-001 -5.433383e-002 8.598934e-001 
1.194114e+001 9.102212e+000 -7.678712e+000 3.616849e+000 1.560092e+000 2.707445e+000 -1.513707e+000 -1.297878e+000 1.572724e+000 -1.356775e+000 3.089861e-001 9.783543e-001 
1.115331e+001 1.001668e+001 -7.869342e+000 3.401722e+000 2.600697e-001 3.169444e+000 -2.088519e+000 -1.319644e+000 2.032804e+000 -1.455434e+000 5.961018e-001 1.590778e+000 
1.226466e+001 9.246256e+000 -6.749916e+000 3.642822e+000 8.851538e-001 2.844329e+000 -2.139404e+000 -8.814008e-001 1.303031e+000 -7.621023e-001 -5.750096e-002 1.418165e+000 
1.202782e+001 9.513499e+000 -7.885737e+000 4.229222e+000 1.405346e+000 2.613394e+000 -1.785144e+000 -1.288699e+000 1.773705e+000 -1.558983e+000 4.010410e-001 8.104884e-001 
1.206706e+001 1.005923e+001 -8.395499e+000 4.410687e+000 1.619780e+000 1.932001e+000 -1.285448e+000 -1.473373e+000 2.195036e+000 -1.927576e+000 5.679693e-001 6.269700e-001 
1.088635e+001 1.012842e+001 -9.106589e+000 4.260615e+000 1.294328e+000 2.289944e+000 -1.345450e+000 -1.846736e+000 2.300594e+000 -1.940204e+000 4.607075e-001 1.064293e+000 
9.008599e+000 1.087025e+001 -9.537936e+000 4.175679e+000 1.489105e+000 2.431665e+000 -1.030883e+000 -2.041037e+000 3.077261e+000 -2.878794e+000 4.924105e-001 8.889978e-001 
1.044065e+001 9.365322e+000 -8.907782e+000 3.020635e+000 1.762319e+000 2.261189e+000 -1.209446e+000 -1.355685e+000 2.276503e+000 -1.934697e+000 1.011915e-001 1.191376e+000 
