1.454483e+001 9.650399e+000 -1.893854e+000 3.892083e-001 6.556640e-001 -1.887473e-001 -3.776378e+000 9.181539e-001 1.631351e+000 -1.215377e+000 -4.324094e-001 8.158471e-001 
1.426775e+001 8.890388e+000 -1.747315e+000 1.162541e+000 3.193391e-001 -1.681555e-001 -3.288885e+000 3.720183e-001 9.206366e-001 -1.192737e+000 -4.315148e-001 1.115818e+000 
1.296536e+001 9.515638e+000 -1.865540e+000 2.095979e+000 7.138434e-002 1.028225e-001 -2.448749e+000 1.219957e-001 8.643241e-001 -1.245710e+000 -4.408316e-001 9.946295e-001 
1.175511e+001 8.473835e+000 -1.898747e+000 1.635863e+000 8.898799e-001 3.421051e-001 -1.708514e+000 3.220100e-001 7.539137e-001 -1.004214e+000 -7.509481e-001 1.047637e+000 
1.112756e+001 8.046557e+000 -1.720169e+000 2.089696e+000 1.317246e+000 7.427906e-001 -9.347882e-001 7.656921e-001 1.060258e+000 -4.700080e-001 -8.774859e-001 9.676281e-001 
1.021271e+001 9.021601e+000 -1.893860e+000 2.026592e+000 9.373093e-001 8.815241e-001 -9.620582e-001 5.215657e-001 1.257903e+000 -2.685398e-001 -1.011453e+000 1.264620e-001 
1.045500e+001 9.409494e+000 -5.549173e-001 1.907842e+000 1.258542e+000 6.272171e-001 -1.126341e+000 4.605369e-001 1.396480e+000 -2.383635e-001 -9.107175e-001 8.035585e-003 
1.589842e+001 8.641784e+000 -2.194144e+000 2.101443e-001 1.030570e+000 -1.143239e+000 -3.034641e+000 9.442147e-001 1.936584e+000 -1.029915e+000 -2.577523e-001 3.550237e-001 
1.462236e+001 9.149959e+000 -1.796243e+000 1.623149e-001 8.145559e-001 -1.932056e-001 -3.642637e+000 4.710504e-001 1.566601e+000 -1.508869e+000 -3.587510e-001 9.867431e-001 
1.434383e+001 8.907877e+000 -1.684870e+000 1.258119e+000 5.716331e-001 -1.265850e-001 -3.205539e+000 1.428566e-001 1.115284e+000 -1.312812e+000 -3.519640e-001 1.148884e+000 
1.250731e+001 9.279563e+000 -1.829899e+000 1.763228e+000 4.414768e-001 4.871174e-002 -2.157978e+000 -1.153305e-001 7.978624e-001 -1.120552e+000 -5.976314e-001 9.637717e-001 
1.153150e+001 8.369847e+000 -1.403956e+000 1.689043e+000 1.006668e+000 3.401844e-001 -1.568002e+000 5.129189e-001 9.704087e-001 -9.169177e-001 -6.110496e-001 9.426608e-001 
1.058439e+001 8.211162e+000 -1.330301e+000 1.708455e+000 1.183994e+000 5.317351e-001 -1.386721e+000 3.604105e-001 1.115987e+000 -2.768871e-001 -5.805507e-001 1.001606e+000 
1.040544e+001 9.195199e+000 -1.835356e+000 2.361785e+000 1.421976e+000 8.646661e-001 -7.824512e-001 1.055405e-001 1.132648e+000 -4.656179e-002 -9.481830e-001 2.055623e-001 
