6.752696e+000 9.341999e+000 -1.744417e+000 1.837542e+000 7.499730e-001 2.149704e+000 -1.996378e+000 2.871374e-001 1.864260e+000 -8.119181e-001 -2.223776e-001 4.482095e-001 
6.931833e+000 9.566358e+000 -1.363816e+000 1.655850e+000 2.900159e-001 2.249456e+000 -2.600255e+000 3.042595e-001 1.810118e+000 -7.276600e-001 -3.505889e-001 4.658896e-001 
5.379494e+000 1.098018e+001 -1.683509e+000 1.943195e+000 6.559879e-001 1.973083e+000 -2.767145e+000 1.938415e-001 1.721397e+000 -8.400193e-001 -5.066777e-001 5.472450e-001 
5.157945e+000 1.145387e+001 -2.467050e+000 2.609800e+000 6.614659e-001 2.805194e+000 -2.365745e+000 1.309182e-001 1.498230e+000 -5.411363e-001 -5.138997e-001 1.541353e-001 
4.327850e+000 1.170287e+001 -2.286930e+000 2.943745e+000 1.160155e+000 2.426921e+000 -2.314443e+000 -1.471654e-001 1.347584e+000 -4.283299e-001 -1.742736e-001 3.269933e-001 
4.108274e+000 1.225001e+001 -1.797725e+000 1.989238e+000 1.299151e+000 1.824977e+000 -2.770433e+000 -1.591431e-001 1.940520e+000 -4.581552e-001 -1.027492e-001 7.481663e-001 
3.976805e+000 1.126225e+001 -8.982501e-001 1.884686e+000 1.306676e+000 8.423376e-001 -1.924112e+000 -5.564616e-001 1.409714e+000 -3.975215e-001 1.862751e-001 7.517985e-001 
8.756499e+000 8.185244e+000 -2.305691e-001 1.091639e+000 7.428312e-001 1.688918e+000 -1.581883e+000 -4.515020e-001 1.523099e+000 -1.035211e+000 1.454306e-001 6.456092e-001 
6.938005e+000 9.928557e+000 -1.639828e+000 2.082575e+000 6.521866e-001 2.443983e+000 -1.900638e+000 4.795632e-001 1.647765e+000 -1.087435e+000 -5.439243e-001 2.778056e-001 
6.583448e+000 9.586387e+000 -1.040109e+000 2.270723e+000 9.393428e-001 2.644576e+000 -2.476525e+000 3.755989e-001 1.732480e+000 -7.343104e-001 -6.187115e-001 4.000795e-001 
4.540043e+000 1.074028e+001 -1.903677e+000 2.681314e+000 1.085316e+000 2.926769e+000 -2.177376e+000 5.081946e-001 1.577912e+000 -6.983485e-001 -5.544907e-001 4.257062e-001 
4.548114e+000 1.080532e+001 -2.375683e+000 3.068135e+000 1.426042e+000 3.129025e+000 -1.185447e+000 -6.928674e-002 1.143203e+000 -4.194147e-001 -5.560187e-001 -1.841986e-001 
3.676202e+000 1.119501e+001 -2.541003e+000 3.404363e+000 1.430233e+000 3.147200e+000 -1.489087e+000 2.048327e-001 1.516399e+000 -6.275923e-001 -5.458363e-001 5.233415e-002 
3.822962e+000 1.075560e+001 -1.695276e+000 2.151424e+000 2.212886e+000 2.220092e+000 -1.938210e+000 -2.938367e-001 1.631406e+000 -9.568126e-001 -4.302117e-001 4.083293e-001 
