4.793868e+000 1.538993e+001 -5.391431e+000 3.450159e+000 9.201263e-001 2.157161e+000 -2.023294e+000 -1.002737e+000 1.256556e+000 -2.260694e+000 -5.216060e-001 -1.997466e-001 -2.770919e-002 4.320537e-002 -2.661880e-001 -8.656623e-002 -7.543251e-001 -1.238399e+000 -1.199563e-001 -3.385807e-001 -4.226450e-001 6.514713e-003 2.713503e-001 -2.397565e-001 
4.375523e+000 1.524993e+001 -5.703481e+000 3.367339e+000 4.246421e-001 2.333698e+000 -2.484954e+000 -1.912867e-002 4.800431e-001 -1.614380e+000 -2.873168e-001 -6.356862e-001 -2.509456e-001 3.490621e-002 3.383319e-001 -6.271764e-002 -7.253923e-001 -1.969434e+000 4.762264e-002 -4.623081e-001 4.054397e-002 -7.550801e-001 2.599332e-001 4.541441e-001 
3.859811e+000 1.434988e+001 -7.157134e+000 2.053189e+000 1.371204e-001 2.929025e+000 -2.297082e+000 -2.912999e-001 4.878541e-001 -1.069277e+000 2.496823e-001 3.931791e-001 3.927045e-001 2.235406e-001 3.438396e-001 -1.511256e-001 -7.845961e-001 -1.668880e+000 1.455638e-001 9.003027e-002 1.065801e-002 -5.261909e-001 4.020521e-001 1.449968e-001 
5.229718e+000 1.562718e+001 -5.784562e+000 2.892767e+000 9.944441e-001 2.270296e+000 -2.075382e+000 -4.426691e-001 4.458024e-001 -1.715745e+000 9.268491e-001 1.306683e-001 5.031323e-002 -1.182147e-001 -4.737868e-001 -7.002504e-001 -1.242215e+000 -1.461850e+000 6.218348e-001 4.776530e-001 -2.733917e-001 -3.373264e-001 -1.762151e-001 1.463846e-001 
3.844564e+000 1.579909e+001 -7.175472e+000 3.056118e+000 4.670903e-001 1.495389e+000 -2.459784e+000 -1.028323e+000 1.255365e+000 -2.115684e+000 8.138197e-001 6.588972e-001 7.266335e-001 -9.248195e-001 -5.802029e-001 -3.864721e-001 -1.569245e+000 -1.264468e+000 -4.664196e-002 6.567929e-001 -1.339422e-001 -2.617660e-002 -3.818387e-001 3.359799e-001 
3.701956e+000 1.422453e+001 -5.507266e+000 3.406791e+000 8.213792e-001 2.821144e+000 -3.282440e+000 4.433901e-001 5.286733e-001 -1.422058e+000 4.130790e-001 2.760581e-001 4.487246e-001 -9.475435e-001 1.381421e-001 -2.237883e-001 -9.824802e-001 -1.851789e+000 -1.129274e-002 -2.387529e-002 -1.034197e-001 -7.236004e-002 -1.293226e-001 -5.514697e-002 
8.640649e+000 1.045029e+001 -3.684980e+000 2.893288e+000 -9.664107e-001 4.390190e+000 -4.068758e+000 -3.183698e-001 -7.368511e-003 -1.118754e+000 1.980468e-001 4.279655e-001 1.012178e+000 -1.652054e+000 7.617999e-001 -1.480856e-001 -8.768863e-001 -1.147083e+000 2.132757e-001 7.501458e-001 -8.714671e-001 -5.258346e-001 -5.017103e-001 -5.072963e-002 
1.439524e+001 1.314103e+001 -5.713977e+000 6.540651e+000 -2.272162e+000 3.830994e+000 -3.615341e+000 -5.469109e-001 -8.385208e-001 -2.450566e+000 -1.840521e+000 -4.343090e-001 1.067716e+000 -7.664842e-001 8.323262e-001 2.019482e-001 -1.285546e-001 -1.008805e+000 1.274131e+000 -8.597638e-003 -6.453294e-001 -6.225158e-001 5.479678e-001 3.917830e-002 
2.080932e+001 1.210008e+001 -6.168743e+000 3.876594e+000 -1.598851e+000 2.637361e+000 -3.673569e+000 -1.050013e+000 -3.262241e-001 -3.980784e+000 -1.864525e+000 -8.737624e-001 1.498943e+000 1.674173e-001 4.007941e-001 6.107432e-001 -7.522401e-001 -1.578388e-001 1.666918e+000 4.313768e-001 -1.384752e+000 -1.104720e-001 7.681182e-001 4.849278e-001 
2.138058e+001 1.396123e+001 -8.933511e+000 5.574929e+000 -3.881881e+000 4.609188e+000 -6.220927e+000 1.139640e+000 -5.035056e-001 -3.343022e+000 -1.256248e+000 -4.045039e-001 1.831349e+000 -1.178382e-001 6.780394e-001 -8.073554e-001 -4.395337e-001 -1.519189e+000 2.221028e+000 -2.579416e-001 -3.082433e-001 -4.100344e-001 1.210328e+000 6.098806e-001 
2.245761e+001 1.396219e+001 -7.742003e+000 4.862298e+000 -3.520125e+000 4.285889e+000 -6.468512e+000 1.083966e+000 -3.637036e-001 -3.642553e+000 -1.168555e+000 4.188156e-001 1.536592e+000 2.378550e-001 6.091928e-001 -9.080449e-001 -1.000897e+000 -1.116952e+000 1.897115e+000 -5.350519e-001 -9.592655e-002 -3.414841e-001 8.542627e-001 8.324978e-001 
2.412948e+001 1.234129e+001 -5.927482e+000 2.655068e+000 -2.145950e+000 2.402808e+000 -4.987391e+000 -6.491249e-002 5.707598e-001 -3.838355e+000 -7.169437e-001 6.933862e-001 1.813441e+000 5.524897e-001 1.701241e-001 -4.063413e-001 -1.666371e+000 -8.577574e-001 9.358563e-001 -4.120116e-001 -4.416403e-001 -6.492383e-002 5.055462e-001 1.129629e+000 
2.449345e+001 1.260399e+001 -6.117005e+000 2.151254e+000 -2.677155e+000 2.597093e+000 -4.777752e+000 6.925932e-001 1.278900e+000 -4.241560e+000 -1.068726e-001 -1.565622e-001 1.597239e+000 -1.125676e-001 -2.603201e-002 -2.843390e-001 -1.196369e+000 -2.211151e-001 6.807234e-001 3.811359e-001 -1.032550e+000 5.153383e-001 2.478206e-001 8.157381e-001 
2.432881e+001 1.209304e+001 -6.249838e+000 1.812633e+000 -2.584597e+000 3.037358e+000 -4.439785e+000 1.304678e+000 1.578982e+000 -3.816039e+000 -5.709605e-001 -4.435312e-001 1.046140e+000 -3.088233e-001 -3.493609e-001 -4.215170e-001 -9.230024e-001 3.412498e-002 1.283159e+000 2.459542e-001 -8.499076e-001 8.304720e-002 1.607559e-001 6.008585e-001 
2.423963e+001 1.240159e+001 -5.706343e+000 1.661608e+000 -2.293138e+000 2.899905e+000 -4.303663e+000 8.502907e-001 1.803513e+000 -3.596653e+000 -1.059224e+000 -4.538778e-001 1.043085e+000 -6.692561e-001 -3.100667e-001 -1.684529e-001 -9.681623e-001 1.179313e-001 1.207651e+000 2.228817e-001 -8.263744e-001 1.166803e-001 9.866311e-002 5.670175e-001 
2.202398e+001 1.508806e+001 -8.324489e+000 4.122373e+000 -4.603889e+000 4.706789e+000 -6.202441e+000 2.300068e+000 5.872630e-001 -2.668869e+000 -1.199170e+000 -6.705090e-001 1.242066e+000 -1.047492e+000 3.600384e-001 -9.325695e-001 -4.465936e-002 -6.668993e-001 1.991955e+000 -5.002440e-001 -4.206476e-002 -4.465140e-001 3.841602e-001 5.097395e-001 
2.419560e+001 1.274197e+001 -6.152028e+000 2.375495e+000 -2.359612e+000 2.281821e+000 -4.217069e+000 1.030003e+000 1.462064e+000 -3.623968e+000 -7.591144e-001 -6.580200e-001 1.053740e+000 -7.060684e-001 -3.078559e-001 -3.052584e-001 -6.426736e-001 2.285955e-001 7.542929e-001 4.595892e-001 -6.433566e-001 1.127985e-001 -2.612055e-001 9.671298e-001 
2.419088e+001 1.213911e+001 -4.923061e+000 1.701557e+000 -1.705965e+000 2.072397e+000 -3.905054e+000 3.966580e-001 1.471970e+000 -3.717336e+000 -1.174280e+000 -4.175935e-001 6.999263e-001 -4.905508e-001 -4.008708e-001 1.156593e-001 -8.163721e-001 2.392295e-002 1.070932e+000 1.361839e-001 -5.175503e-001 -1.294601e-001 -1.810096e-001 7.433682e-001 
1.043012e+001 1.082708e+001 -3.561545e+000 3.426736e-001 1.303527e-001 9.356641e-001 -2.327862e+000 -4.565966e-001 6.262365e-001 -3.301977e+000 -1.392252e+000 2.930827e-001 4.419242e-001 -2.332085e-001 -4.562294e-001 -4.980603e-002 -1.226657e+000 -5.662016e-001 6.211727e-001 -9.364390e-002 -4.182237e-001 -3.684342e-001 -1.932083e-001 4.290331e-001 
3.677482e+000 1.484329e+001 -6.729103e+000 2.686509e+000 8.671767e-001 3.050691e+000 -2.122670e+000 -3.665547e-001 5.751629e-001 -1.497316e+000 -6.832167e-002 8.539705e-002 2.766737e-001 -1.311623e-001 1.787593e-001 -5.713893e-001 -1.085567e+000 -1.304738e+000 5.398731e-001 -1.688995e-001 -2.408182e-001 -4.220773e-001 9.174749e-002 3.645395e-002 
3.882812e+000 1.471527e+001 -5.214032e+000 2.425207e+000 4.545415e-001 2.576953e+000 -2.124485e+000 -8.424630e-002 2.816276e-001 -1.206987e+000 5.947233e-002 6.757447e-004 3.200167e-001 -9.852288e-003 -1.445809e-001 -2.290613e-001 -6.047527e-001 -1.232748e+000 2.861479e-001 -3.031712e-001 -6.660426e-002 -1.031012e+000 -2.251776e-001 1.300992e-001 
4.245730e+000 1.490385e+001 -7.285862e+000 2.251623e+000 5.215904e-002 2.484614e+000 -1.381465e+000 8.279747e-002 7.206475e-001 -1.770900e+000 -7.975889e-001 4.898103e-001 5.931224e-001 1.894039e-001 -3.244134e-001 -7.781079e-001 -1.338796e-001 -9.067991e-001 6.363930e-001 3.571709e-001 -5.865564e-002 -9.445641e-001 -3.138117e-001 3.207656e-001 
3.447105e+000 1.513906e+001 -6.332858e+000 1.588703e+000 1.013635e-001 2.142189e+000 -9.671424e-001 -1.109176e-001 1.142428e+000 -2.130520e+000 -1.065447e-001 -1.660654e-001 8.740845e-001 -4.370724e-001 -5.041924e-001 -7.464040e-001 -8.344142e-001 -7.969794e-001 -1.480545e-001 4.412883e-001 -4.154085e-001 -3.332881e-001 -4.237727e-001 5.630679e-001 
4.861213e+000 1.615553e+001 -6.455726e+000 2.308922e+000 -1.960882e-001 1.790066e+000 -2.015322e+000 3.522113e-001 1.057048e+000 -2.430681e+000 -7.357504e-002 -3.672260e-001 8.518527e-001 1.582274e-001 3.675073e-001 -2.915479e-001 -1.343275e+000 -7.744585e-001 3.618867e-001 -2.934462e-001 -5.332894e-001 -2.146717e-001 -3.205929e-001 1.496209e-001 
6.262860e+000 1.186742e+001 -4.630068e+000 2.675574e+000 -1.050708e+000 3.122448e+000 -4.023660e+000 4.880888e-001 4.207154e-001 -2.092559e+000 -9.725655e-001 3.483854e-001 1.467196e+000 -5.683205e-001 8.693999e-001 1.524800e-001 -3.663302e-001 -8.049079e-001 4.403271e-001 1.748239e-001 -4.149016e-001 -1.133074e-001 -4.577519e-001 -7.317019e-002 
1.166786e+001 1.134452e+001 -4.048493e+000 5.390635e+000 -1.021208e+000 4.849216e+000 -2.800800e+000 2.259595e-001 -8.075002e-001 -2.231134e+000 -1.739403e+000 -5.757900e-001 1.556420e+000 -1.220335e+000 4.087170e-001 -5.894526e-001 -4.991689e-001 -5.526428e-001 1.008688e+000 6.584548e-001 -1.184253e+000 -5.865624e-001 -1.228796e-001 -1.074751e-002 
1.913957e+001 1.163382e+001 -4.914553e+000 4.544470e+000 -1.155753e+000 2.404170e+000 -2.948725e+000 -1.151810e+000 -1.261644e-001 -3.880516e+000 -1.948762e+000 -8.200023e-001 9.645544e-001 -1.270444e-001 4.923680e-001 8.915599e-001 -4.647308e-001 1.044699e-001 1.367750e+000 4.011792e-001 -1.324306e+000 -5.302034e-001 4.574751e-001 6.304670e-002 
2.142311e+001 1.319817e+001 -8.134706e+000 5.099506e+000 -2.978733e+000 4.073413e+000 -5.533390e+000 3.144412e-001 -5.373203e-001 -3.746272e+000 -1.589249e+000 -6.779536e-001 1.889806e+000 2.280364e-001 4.065688e-001 -3.019875e-001 -8.414772e-001 -9.308809e-001 1.968432e+000 1.475725e-001 -8.839539e-001 -1.383065e-001 1.065228e+000 8.881993e-001 
2.295825e+001 1.253487e+001 -6.977230e+000 3.876963e+000 -2.805110e+000 3.508139e+000 -5.417645e+000 7.384822e-001 1.177081e-001 -3.930883e+000 -1.012987e+000 2.466918e-001 1.564143e+000 2.986774e-001 3.217929e-001 -4.517896e-001 -1.065899e+000 -1.003173e+000 1.393574e+000 1.937728e-002 -4.905849e-001 -1.176571e-002 8.753862e-001 6.526107e-001 
2.387115e+001 1.244875e+001 -5.885114e+000 2.852747e+000 -2.160138e+000 2.544052e+000 -5.166398e+000 8.330341e-002 5.408612e-001 -3.967426e+000 -8.260166e-001 4.849296e-001 1.475386e+000 4.777418e-001 1.292754e-001 -4.438793e-001 -1.541195e+000 -7.304845e-001 1.166329e+000 -4.418872e-001 -3.989130e-001 -5.929875e-002 5.771084e-001 1.077701e+000 
2.383935e+001 1.313304e+001 -6.725780e+000 2.949758e+000 -3.177692e+000 2.585257e+000 -5.258462e+000 4.857488e-001 8.230506e-001 -3.946354e+000 -3.665799e-001 4.001438e-001 1.938179e+000 2.714975e-001 2.201122e-001 -4.067157e-001 -1.322772e+000 -6.147161e-001 7.758966e-001 -7.625160e-002 -6.912863e-001 2.135569e-001 4.973206e-001 9.022219e-001 
2.465824e+001 1.190527e+001 -6.029866e+000 1.612239e+000 -2.331569e+000 2.767690e+000 -4.377950e+000 1.019394e+000 1.491858e+000 -4.163687e+000 -3.347669e-001 -6.069493e-001 1.147241e+000 -2.685646e-001 -3.624094e-001 -2.749773e-001 -9.378229e-001 7.038789e-002 9.754484e-001 4.342008e-001 -1.022861e+000 3.583272e-001 6.645171e-002 5.852138e-001 
2.400318e+001 1.235052e+001 -6.434195e+000 2.021864e+000 -2.864414e+000 3.236521e+000 -4.672576e+000 1.009332e+000 1.540232e+000 -3.619423e+000 -1.098687e+000 -3.961494e-001 1.100311e+000 -6.280142e-001 -2.449281e-001 -3.225751e-001 -7.682059e-001 1.086790e-001 1.352139e+000 2.285695e-001 -7.167033e-001 5.843287e-002 2.019968e-001 5.364534e-001 
2.345209e+001 1.366948e+001 -6.768280e+000 2.707415e+000 -3.234221e+000 3.950771e+000 -5.173790e+000 1.497675e+000 1.150857e+000 -3.079748e+000 -1.083736e+000 -4.735375e-001 1.029707e+000 -8.605644e-001 -5.195313e-002 -5.004339e-001 -6.573499e-001 -1.652875e-001 1.412651e+000 -9.618018e-002 -4.196539e-001 -1.345672e-001 2.306727e-002 5.745606e-001 
2.296948e+001 1.393526e+001 -7.506802e+000 2.873407e+000 -3.297037e+000 3.198942e+000 -4.987494e+000 1.336497e+000 1.234077e+000 -3.537852e+000 -6.149640e-001 -6.534805e-001 1.265736e+000 -9.136250e-001 -2.618375e-002 -3.289224e-001 -4.969970e-001 5.394528e-002 1.033413e+000 4.821839e-001 -5.291604e-001 2.432748e-001 -1.834201e-001 7.711273e-001 
