8.156714e+000 1.659604e+001 -3.392977e+000 2.574656e+000 2.286325e+000 -5.857845e-001 -4.187887e-001 -2.965475e-001 -2.958560e-001 -1.596688e+000 -1.173809e+000 -8.700627e-001 -1.990808e-001 4.190285e-001 -8.926086e-001 -8.887348e-001 4.029056e-001 4.202655e-001 9.523086e-002 -7.532641e-001 -1.956706e+000 -7.347973e-001 2.482018e-001 -1.166370e+000 
1.001872e+001 1.883100e+001 -4.371957e+000 4.335807e+000 1.302945e+000 -1.135068e+000 -1.618035e+000 -2.478471e+000 -4.949088e-001 -2.930213e+000 -1.908864e+000 -8.873557e-001 -8.832475e-001 1.234235e+000 3.483751e-001 -7.718143e-001 8.016967e-001 1.148348e+000 -8.181727e-002 -1.076873e+000 -1.190101e+000 -5.926443e-001 -1.907534e-001 -1.126576e+000 
1.150324e+001 1.700925e+001 -2.080273e+000 2.182271e+000 2.003253e+000 -1.562165e+000 -2.002341e+000 -2.526501e+000 -3.042355e+000 -3.573604e+000 -2.219851e+000 -7.554556e-001 -1.744200e-001 1.322965e+000 9.726137e-001 -4.213841e-001 8.662578e-001 1.443598e+000 4.038577e-003 -6.412655e-001 -6.118955e-001 -7.050420e-001 -8.847448e-001 -1.021881e+000 
1.274650e+001 1.899722e+001 -5.353225e+000 2.432113e+000 1.654404e-002 -1.126595e+000 -1.999286e+000 -3.027058e+000 -3.046548e+000 -3.755338e+000 -2.983444e+000 -7.585430e-001 1.402493e-001 1.105797e+000 9.501468e-001 6.965722e-002 1.058558e+000 1.548395e+000 5.982446e-001 -9.264872e-001 -7.598953e-001 -7.254496e-001 -9.880224e-001 -6.325969e-001 
1.512780e+001 1.917937e+001 -5.596300e+000 1.594007e+000 -1.474700e+000 -1.101677e+000 -1.275249e+000 -1.864222e+000 -2.877727e+000 -3.313226e+000 -2.511528e+000 -2.467680e-001 5.986036e-001 5.510674e-001 3.038697e-001 -6.696772e-001 6.766965e-001 1.191262e+000 5.216247e-001 -7.446023e-001 -1.101095e+000 -8.466382e-001 -5.707243e-001 -6.885262e-002 
1.385899e+001 2.067968e+001 -6.755096e+000 1.618727e+000 -1.168698e+000 -1.229452e+000 -5.767147e-001 -1.221702e+000 -4.527364e-001 -3.033254e+000 -1.678899e+000 4.684958e-001 3.464348e-001 5.732030e-001 -4.497844e-001 -1.771626e+000 2.117104e-001 1.145517e+000 -2.470566e-001 -1.174813e+000 -4.213375e-001 -1.197860e-002 -6.468836e-001 1.661567e-001 
1.365369e+001 2.152265e+001 -7.591836e+000 2.134275e+000 -2.027329e+000 -5.633214e-001 -3.188515e-001 -1.200549e+000 3.580622e-002 -3.199418e+000 -1.663343e+000 5.882999e-001 5.917815e-001 6.370179e-001 -9.666377e-001 -1.713820e+000 1.175786e-001 9.546089e-001 -8.839815e-002 -1.335565e+000 -2.404954e-001 -2.607433e-001 -6.785959e-001 1.099971e-001 
1.280072e+001 2.170870e+001 -7.683551e+000 1.609010e+000 -2.398950e+000 -6.306389e-001 -4.985834e-001 -7.170688e-001 4.271898e-001 -3.683374e+000 -1.990148e+000 6.419160e-001 9.931670e-001 7.494866e-001 -1.665727e+000 -1.586965e+000 8.180174e-003 9.769909e-001 2.687155e-001 -1.360419e+000 -1.608275e-001 -9.167289e-001 -1.406737e-001 3.823757e-002 
1.389743e+001 2.045531e+001 -7.190800e+000 1.398545e+000 -2.076986e+000 -6.137134e-001 -4.711195e-001 -8.021807e-001 7.298772e-001 -3.571370e+000 -1.969287e+000 3.660826e-001 1.134553e+000 4.833768e-001 -1.688857e+000 -1.202227e+000 -1.103296e-001 1.088496e+000 9.272907e-002 -1.177248e+000 -4.339277e-001 -7.250527e-001 -2.170153e-001 -9.284346e-002 
1.391362e+001 2.035375e+001 -6.925218e+000 1.773712e+000 -1.890053e+000 -1.001246e+000 -2.790233e-001 -6.718638e-001 5.926822e-001 -3.477215e+000 -1.988193e+000 2.534479e-001 1.343643e+000 1.431638e-001 -1.721567e+000 -7.898667e-001 -2.759250e-002 9.423876e-001 -2.581545e-002 -1.092793e+000 -5.701923e-001 -7.759909e-001 -1.393862e-001 -2.249002e-001 
1.598322e+001 1.702126e+001 -4.112681e+000 3.223342e-001 -1.075632e+000 -1.289641e+000 -3.011693e-001 -3.235397e-001 8.833308e-002 -2.939934e+000 -2.292407e+000 4.328207e-001 1.008556e+000 7.360447e-002 -1.397689e+000 -9.408749e-001 2.837415e-001 7.906423e-001 -4.490500e-002 -9.789196e-001 -6.619772e-001 -6.013680e-001 -4.590231e-001 -1.633879e-001 
1.247142e+001 2.137659e+001 -8.081846e+000 3.514213e+000 -3.142633e+000 -5.791875e-002 -6.297378e-001 -1.081861e+000 1.385598e+000 -4.375982e+000 -1.008395e+000 -4.051501e-001 1.442948e+000 -1.944780e-001 -1.868072e+000 2.094730e-002 -3.241479e-001 1.065544e+000 -3.054024e-001 -1.004099e+000 -1.512995e-001 -1.018420e+000 -1.423601e-001 -5.221200e-001 
1.452676e+001 1.817597e+001 -6.011882e+000 2.586250e+000 -1.907132e+000 -6.786434e-001 -6.878176e-001 -7.100577e-001 7.100211e-001 -3.488837e+000 -1.692426e+000 1.957812e-003 1.048782e+000 -1.328307e-003 -1.853814e+000 -2.289796e-002 1.911987e-001 5.739211e-001 -3.386400e-001 -9.817725e-001 -1.055222e-001 -8.473726e-001 -3.578840e-001 -5.255450e-001 
1.393898e+001 1.803256e+001 -6.140381e+000 3.127752e+000 -1.578346e+000 -8.319073e-001 -5.380515e-001 -6.078245e-001 5.930729e-001 -3.446112e+000 -1.504296e+000 -4.744420e-002 1.032393e+000 -3.710379e-003 -1.803326e+000 -1.019760e-001 1.706343e-001 6.151480e-001 -6.290777e-001 -1.003801e+000 2.823797e-001 -8.179613e-001 -5.662196e-001 -4.182547e-001 
1.340999e+001 1.726972e+001 -4.861260e+000 3.021514e+000 -1.397026e+000 -7.730976e-001 -3.558986e-001 -5.247016e-001 2.352780e-001 -3.028352e+000 -1.686943e+000 -5.983334e-002 7.555366e-001 -7.732662e-002 -1.248064e+000 -4.532117e-001 4.097581e-001 5.177106e-001 -8.017154e-001 -9.148978e-001 7.826118e-002 -3.815427e-001 -8.493512e-001 -4.302910e-001 
1.179607e+001 1.794160e+001 -4.589411e+000 3.389440e+000 -1.449892e+000 -2.720919e-001 1.184422e-001 -1.117232e+000 2.599414e-001 -2.235094e+000 -1.819243e+000 -4.547671e-001 7.763869e-001 -2.545488e-001 -1.168751e+000 -1.986185e-001 6.195495e-001 7.708608e-002 -1.041415e+000 -5.987857e-001 -2.627595e-001 -4.122450e-001 -4.988073e-001 -5.244392e-001 
1.211335e+001 1.656452e+001 -3.042938e+000 3.197448e+000 1.928702e-001 -1.003952e-001 -5.829496e-001 -1.270314e+000 5.020087e-001 -1.822257e+000 -1.933364e+000 -7.876614e-001 1.879782e-001 1.992417e-001 -1.001851e+000 -1.055800e-001 9.606140e-001 -9.796128e-003 -1.189632e+000 -7.402785e-001 -1.590993e-001 -5.628721e-001 -5.744184e-001 -4.025429e-001 
1.422560e+001 1.154966e+001 2.452086e+000 1.412969e+000 1.211492e+000 -6.007753e-002 -7.937920e-001 -4.049591e-001 -1.590089e-001 -8.206600e-001 -9.384032e-001 -5.192037e-001 -1.769222e-001 -2.482094e-001 -5.282179e-001 -2.599017e-001 3.504519e-001 4.080434e-002 -7.595926e-001 -7.164146e-001 -2.093351e-001 -3.583293e-001 -6.576193e-001 -4.892591e-001 
1.098056e+001 1.100597e+001 3.931218e-001 1.013707e+000 2.147745e+000 1.195356e-001 -5.214229e-001 3.952635e-001 1.735309e-001 -6.827746e-001 -6.755212e-001 -1.608607e-001 4.351982e-001 8.750536e-002 -8.057736e-001 -9.419649e-001 -4.427528e-001 1.214073e-001 1.331005e-001 -1.038912e+000 -1.587316e+000 -4.018702e-001 1.629841e-001 -4.417332e-001 
9.795901e+000 1.798091e+001 -4.203877e+000 4.028447e+000 1.573985e+000 -9.058362e-001 -1.199496e+000 -1.999003e+000 -7.708355e-002 -2.055041e+000 -1.794921e+000 -1.160199e+000 -8.322815e-001 9.145488e-001 -8.753417e-002 -7.935503e-001 7.466208e-001 9.670031e-001 -5.748030e-002 -9.381807e-001 -1.580763e+000 -7.518916e-001 -8.670265e-002 -1.354141e+000 
9.186835e+000 1.957950e+001 -4.011511e+000 3.682265e+000 1.707392e+000 -1.631927e+000 -1.696041e+000 -2.571693e+000 -1.953497e+000 -3.630605e+000 -1.723433e+000 -6.287490e-001 -5.608350e-001 1.343496e+000 7.251186e-001 -6.449775e-001 6.704835e-001 1.335908e+000 -1.718885e-001 -8.019995e-001 -6.482914e-001 -7.155902e-001 -4.495445e-001 -9.637530e-001 
1.341790e+001 1.608887e+001 -2.248366e+000 1.195348e+000 1.658648e+000 -1.414270e+000 -2.124256e+000 -2.788636e+000 -3.130267e+000 -3.825040e+000 -2.518306e+000 -5.897980e-001 1.506232e-001 1.139343e+000 8.703926e-001 -1.793433e-001 8.871928e-001 1.632955e+000 3.251670e-001 -6.559265e-001 -5.673744e-001 -7.453982e-001 -1.170153e+000 -9.607559e-001 
1.405794e+001 1.970293e+001 -6.064285e+000 1.937464e+000 -3.900313e-001 -1.591572e+000 -1.143295e+000 -2.788073e+000 -2.994117e+000 -3.591853e+000 -2.877087e+000 -4.671101e-001 4.310610e-001 9.807182e-001 6.841112e-001 -2.614759e-001 8.793450e-001 1.222555e+000 6.804588e-001 -8.407276e-001 -9.904787e-001 -9.614652e-001 -5.455517e-001 -1.322537e-001 
1.653503e+001 1.703124e+001 -3.468798e+000 -4.480054e-001 -7.561134e-002 -1.524254e+000 -9.217754e-001 -1.099768e+000 -1.542556e+000 -3.271491e+000 -1.998478e+000 5.338788e-001 4.395761e-001 5.335637e-001 -1.577148e-001 -1.406527e+000 1.328792e-001 1.264370e+000 -9.781713e-002 -1.061968e+000 -5.300334e-001 -3.735610e-001 -5.024045e-001 5.995240e-002 
1.537806e+001 1.886461e+001 -5.387497e+000 5.543863e-001 -6.134133e-001 -1.396390e+000 -3.280594e-001 -1.193134e+000 -3.104961e-001 -2.533385e+000 -1.736950e+000 6.002242e-001 1.829042e-001 6.089111e-001 -6.466601e-001 -1.860027e+000 1.711133e-001 1.031382e+000 -3.573820e-001 -1.257422e+000 -3.114178e-001 -1.026307e-002 -6.450737e-001 4.341134e-002 
1.441520e+001 1.963465e+001 -5.604894e+000 3.061851e-001 -1.122991e+000 -1.118006e+000 -2.431092e-001 -7.928555e-001 -6.913431e-002 -3.198841e+000 -1.779509e+000 6.482626e-001 6.605579e-001 7.132654e-001 -1.163819e+000 -1.791596e+000 1.464781e-001 1.119203e+000 -9.716081e-002 -1.148411e+000 -4.130958e-001 -4.144553e-001 -6.396686e-001 8.768473e-002 
1.392760e+001 1.991476e+001 -6.464326e+000 1.053380e+000 -1.884855e+000 -9.052788e-001 -4.441276e-001 -8.048190e-001 5.582972e-001 -3.553905e+000 -1.932283e+000 5.409432e-001 1.019677e+000 4.184466e-001 -1.660804e+000 -1.332448e+000 -2.452955e-002 1.061150e+000 3.448941e-002 -1.032550e+000 -4.478870e-001 -7.220601e-001 -3.281972e-001 -7.379593e-002 
1.403002e+001 1.964673e+001 -6.451541e+000 1.197179e+000 -1.558372e+000 -9.858097e-001 -4.381695e-001 -5.673758e-001 4.353917e-001 -3.387865e+000 -1.971530e+000 2.844254e-001 1.196667e+000 2.290423e-001 -1.652505e+000 -1.096110e+000 6.732953e-002 1.043400e+000 -2.531181e-002 -1.059434e+000 -5.859426e-001 -7.317306e-001 -2.803119e-001 -1.891063e-001 
1.175824e+001 2.255858e+001 -8.827315e+000 3.506168e+000 -2.851217e+000 -7.565541e-001 2.637275e-001 -1.611636e+000 1.678496e+000 -4.518787e+000 -9.427334e-001 -4.883687e-001 1.422265e+000 2.986084e-001 -2.045645e+000 -2.946582e-001 -3.446263e-001 1.148653e+000 -1.168709e-001 -1.228931e+000 -2.711161e-001 -1.011141e+000 -5.142692e-002 -3.688375e-001 
1.427888e+001 1.863992e+001 -5.647621e+000 1.570664e+000 -1.851397e+000 -8.127512e-001 -4.512905e-001 -6.788208e-001 6.424913e-001 -3.387108e+000 -1.915199e+000 2.804324e-001 1.079885e+000 2.026336e-002 -1.671456e+000 -5.208133e-001 -4.347353e-002 8.484803e-001 -7.535571e-002 -1.061007e+000 -3.563575e-001 -8.353110e-001 -1.983877e-001 -3.543453e-001 
1.258887e+001 2.068083e+001 -8.049073e+000 3.570647e+000 -2.678561e+000 -4.516153e-001 -3.114288e-001 -1.426314e+000 1.496607e+000 -4.320686e+000 -1.132754e+000 -1.653921e-001 1.197432e+000 8.046893e-002 -2.137286e+000 3.310906e-001 -2.299572e-001 7.078932e-001 -2.252206e-001 -1.196437e+000 1.393462e-001 -1.155296e+000 8.510219e-002 -7.389122e-001 
1.385010e+001 1.822528e+001 -6.356085e+000 3.052387e+000 -1.934742e+000 -6.903225e-001 -4.642560e-001 -7.679966e-001 7.491708e-001 -3.592065e+000 -1.541098e+000 -5.651400e-002 1.014009e+000 4.319485e-002 -1.946595e+000 1.108676e-001 4.401088e-002 5.740251e-001 -4.634241e-001 -1.079654e+000 1.852525e-001 -9.563953e-001 -3.458835e-001 -4.680156e-001 
1.181634e+001 1.974396e+001 -7.632788e+000 5.042921e+000 -2.744280e+000 -4.206354e-002 -7.637262e-001 -5.322093e-001 9.337106e-001 -4.035711e+000 -7.895801e-001 -9.144887e-001 1.563118e+000 -4.465026e-001 -1.076912e+000 -5.513413e-001 2.145618e-001 8.685340e-001 -1.028285e+000 -5.962618e-001 -2.296661e-001 -2.071849e-001 -1.024057e+000 -1.644441e-001 
1.164764e+001 1.807573e+001 -4.857290e+000 3.549512e+000 -1.769183e+000 -5.838929e-001 1.681159e-001 -8.038526e-001 -1.396563e-001 -2.495807e+000 -1.608232e+000 -4.390178e-001 9.152510e-001 -3.691064e-001 -9.860866e-001 -2.847755e-001 3.822192e-001 2.240297e-001 -9.083514e-001 -6.781503e-001 -2.666403e-001 -2.807492e-001 -6.451896e-001 -3.771176e-001 
1.036414e+001 1.920999e+001 -5.831826e+000 4.867385e+000 -1.677849e+000 7.766717e-001 -6.052608e-001 -1.335396e+000 7.863980e-001 -2.725116e+000 -1.378425e+000 -1.113575e+000 1.072352e+000 -3.059744e-001 -8.857796e-001 -1.829115e-001 5.803811e-001 2.224761e-001 -1.366243e+000 -4.439446e-001 -5.228106e-001 -2.563517e-001 -4.774272e-001 -4.105660e-001 
