3.643959e+000 1.260648e+001 -9.419718e+000 9.219947e+000 -4.666386e+000 -1.889020e+000 -2.547445e+000 -1.733525e+000 3.827120e+000 1.490893e-001 -4.487500e+000 -2.539579e+000 5.454454e-001 -3.265309e+000 -1.213034e+000 -7.201361e-001 3.120906e-001 -1.179030e+000 6.563599e-001 -1.426926e+000 -1.500554e+000 -1.399435e+000 -3.758045e+000 2.267177e+000 -8.737761e-001 -3.293692e-001 9.462925e-001 -7.700815e-001 3.389610e-001 -5.303957e-001 1.337512e+000 -1.921036e-001 -4.794030e-002 7.764865e-001 2.253239e-001 5.749253e-001 
4.182240e+000 1.242639e+001 -9.461322e+000 8.481657e+000 -4.228933e+000 -1.194456e+000 -2.665444e+000 -1.507653e+000 3.910178e+000 -1.929615e+000 -5.492771e+000 -3.115729e+000 5.290151e-001 -1.584183e+000 -1.024071e+000 -6.083413e-001 -1.134955e-002 -8.583288e-001 -3.483191e-001 -2.278823e+000 -1.376482e+000 -1.316300e+000 -2.698957e+000 1.981041e+000 -1.734802e+000 -1.431808e+000 1.121605e+000 -2.356379e-001 1.947654e-001 3.066475e-001 1.647089e+000 -3.841874e-002 -2.916525e-001 -1.009329e-001 -3.898578e-001 6.223394e-001 
3.488720e+000 1.415460e+001 -9.931380e+000 8.287937e+000 -4.140316e+000 3.657353e-001 -1.470638e+000 -1.309363e+000 3.815331e+000 -3.059980e+000 -5.480554e+000 -3.618296e+000 1.362068e+000 -1.290191e+000 -8.344690e-001 -1.254185e+000 2.424291e-001 -1.080597e+000 -3.258391e-001 -2.016560e+000 -1.544889e+000 -5.573597e-001 -1.998884e+000 2.121946e+000 -1.429852e+000 -1.053327e+000 9.350075e-002 -3.144548e-001 9.389143e-002 2.252587e-003 2.547244e+000 1.157214e-001 -5.497190e-001 -6.740917e-001 3.482646e-002 5.242370e-001 
2.396717e+000 1.485372e+001 -1.105577e+001 8.750559e+000 -3.733651e+000 -3.856616e-001 4.778569e-002 -2.992405e+000 5.152868e+000 -3.175060e+000 -5.003974e+000 -1.752410e+000 1.811024e+000 5.226409e-001 -8.806352e-001 3.422213e-001 4.154514e-001 -2.709499e-001 -2.773615e-001 -2.033082e+000 -1.256268e+000 -1.447882e+000 -2.290444e+000 2.017486e+000 -9.408792e-001 -9.683575e-001 9.426702e-001 -4.742065e-001 3.875322e-001 6.194746e-001 2.518402e+000 9.098120e-001 -9.419272e-001 -6.638992e-002 -6.227372e-001 1.043189e+000 
2.223236e+000 1.557370e+001 -1.137493e+001 8.864398e+000 -3.297322e+000 -6.754334e-002 -1.452237e+000 -3.332506e+000 5.044803e+000 -3.916539e+000 -3.093696e+000 -3.272071e+000 1.381083e+000 -4.803377e-001 -1.018785e+000 1.042172e+000 -1.281999e-001 6.700386e-001 -1.881653e+000 -1.204508e+000 -1.097667e+000 -8.552522e-001 -1.998157e+000 9.349947e-001 -1.085808e-001 -1.672536e+000 2.454934e+000 -1.131648e+000 8.516968e-001 7.840796e-001 1.018141e+000 1.206176e+000 -1.490964e+000 8.418598e-001 -1.243073e+000 9.522744e-001 
3.806683e+000 1.477501e+001 -1.214390e+001 8.758093e+000 -2.855799e+000 -9.918911e-001 -1.806462e+000 -3.451686e+000 4.254555e+000 -3.738512e+000 -4.868929e+000 -2.332415e+000 1.265270e-001 -2.791737e-001 -6.976624e-001 8.632892e-001 -5.128367e-002 -1.401333e+000 -1.555759e+000 -1.400983e+000 -3.780897e-001 -8.498373e-001 -2.852183e+000 4.654226e-001 9.397746e-002 -2.576164e-001 1.890312e+000 -1.240536e+000 5.770508e-001 4.680315e-001 5.624147e-001 4.774689e-001 -6.143492e-001 9.687018e-001 -1.177902e+000 6.663590e-001 
6.282463e+000 1.199301e+001 -1.118523e+001 5.443643e+000 -1.935112e+000 -2.197920e+000 -1.682548e+000 -3.503785e+000 3.451477e+000 -3.241097e+000 -6.100013e+000 -1.508013e+000 -6.261078e-001 -4.118145e-001 -1.731385e+000 -4.330564e-001 -1.225145e+000 -1.979578e+000 -4.796443e-001 -1.946661e+000 1.420148e-001 -1.437047e+000 -2.940463e+000 6.819525e-001 -6.558572e-001 -1.166908e-001 1.036494e+000 -6.029441e-001 1.303158e-001 1.485270e-001 3.682484e-001 -9.085727e-002 1.026078e-001 4.066844e-001 -9.794624e-001 6.491761e-001 
8.372159e+000 1.566384e+001 -1.408423e+001 7.403286e+000 -2.563985e+000 -1.170764e+000 -1.539620e+000 -4.379008e+000 3.414247e+000 -3.470184e+000 -7.279862e+000 6.969454e-001 -2.071421e+000 5.969358e-001 -1.454527e+000 -3.736989e-001 4.331568e-001 -4.044779e+000 2.368252e+000 -3.969449e+000 1.819423e+000 -1.811575e+000 -3.897676e+000 2.521787e+000 -1.189249e+000 1.776322e+000 1.638555e-001 4.729536e-001 4.434440e-001 2.285189e-001 5.677350e-001 -8.216043e-001 -5.532133e-001 6.314490e-001 -9.845844e-001 2.888677e-001 
1.462731e+001 1.154389e+001 -1.162061e+001 3.812619e+000 -1.134746e+000 7.134981e-001 -1.651020e+000 -4.730433e+000 2.903616e+000 -3.419279e+000 -6.425760e+000 -3.145107e-002 -3.520859e-001 -5.271659e-001 -1.779857e+000 -5.846684e-001 -2.925283e-001 -1.879630e+000 7.286684e-001 -8.439488e-001 -2.945272e-001 -1.391119e+000 -2.606375e+000 1.103579e+000 5.689335e-001 3.658148e-001 1.105364e+000 4.073726e-001 2.931313e-001 7.534130e-001 8.072496e-001 -6.918680e-001 -5.671392e-001 -1.746591e-001 -9.594435e-001 1.697611e-001 
1.204255e+001 1.444593e+001 -1.511831e+001 5.931035e+000 -1.523622e+000 2.637310e+000 -1.211448e+000 -4.918438e+000 3.154392e+000 -2.906732e+000 -6.659415e+000 -1.122098e+000 -5.531160e-001 -1.230176e+000 -1.610269e+000 6.623965e-001 3.479944e-001 -1.574050e+000 4.841671e-001 -1.146350e+000 -5.569583e-001 -2.372035e+000 -1.406334e+000 8.851206e-001 4.751708e-001 7.738615e-001 1.569215e+000 1.222840e+000 -7.578544e-001 1.015359e+000 2.357993e-001 -6.342874e-001 -8.199526e-002 -9.047783e-001 -3.022442e-001 -1.830132e-001 
1.239995e+001 1.517324e+001 -1.640105e+001 6.903107e+000 -1.712407e+000 2.979044e+000 -9.636591e-001 -6.440921e+000 4.205265e+000 -4.344020e+000 -4.086290e+000 -1.032915e+000 -1.127513e-001 -6.323532e-001 -3.207220e+000 1.130088e+000 -9.997429e-001 -1.682609e+000 8.584970e-002 -6.483206e-001 2.450649e-001 -2.040629e+000 -3.605164e-001 6.555107e-001 -1.433567e-001 4.975672e-001 1.163239e+000 1.623749e+000 -7.398144e-001 1.017094e+000 8.983877e-001 -9.101169e-001 -1.361138e-001 -1.245345e+000 -3.938115e-001 -2.428028e-001 
1.385855e+001 1.278055e+001 -1.513179e+001 5.722511e+000 -9.877214e-001 2.423797e+000 -1.453177e+000 -6.592291e+000 3.809786e+000 -2.964202e+000 -4.937487e+000 -1.873748e-001 -9.839149e-001 -1.488520e+000 -2.574364e+000 9.629876e-001 -1.412137e-001 -3.078010e+000 -1.832414e-001 -6.066695e-001 -2.971750e-001 -7.801519e-001 -7.752353e-001 1.697398e+000 3.962491e-002 1.722320e-001 1.844256e+000 5.457292e-001 -9.847183e-002 5.979502e-001 6.459016e-001 -8.601942e-001 -5.507402e-001 -1.886107e-001 -1.177940e+000 7.729042e-002 
1.279623e+001 1.248724e+001 -1.639471e+001 5.758296e+000 -1.495141e+000 2.685760e+000 -9.384401e-001 -7.234118e+000 2.958778e+000 -3.679313e+000 -6.001635e+000 6.933294e-002 -1.093586e+000 -2.500188e+000 -2.757638e+000 3.007336e-001 -5.301201e-001 -3.713550e+000 -8.735874e-001 -7.179719e-002 -1.058475e+000 -1.175484e+000 -8.920614e-001 1.196759e+000 1.038778e+000 7.184792e-003 1.103770e+000 4.619111e-001 -4.928943e-001 7.178946e-001 1.178677e-001 -1.130025e+000 -4.588414e-001 -4.717543e-001 -9.057882e-001 -5.447214e-001 
1.445401e+001 1.007382e+001 -1.421352e+001 5.234008e+000 -1.142824e+000 2.751297e+000 -9.055933e-001 -7.063443e+000 2.140037e+000 -3.521376e+000 -5.235439e+000 1.332048e-001 -6.153840e-001 -2.115257e+000 -1.884097e+000 9.425557e-001 -4.449559e-001 -3.204733e+000 -1.158829e+000 4.014522e-001 -6.560465e-001 -1.097839e+000 -3.672657e-001 7.739430e-001 1.887586e+000 1.217184e-001 5.184086e-001 1.156876e+000 -4.069633e-001 1.293894e+000 -6.687551e-002 -1.202247e+000 1.932572e-001 -7.257097e-001 -3.931510e-001 -6.253729e-001 
1.227249e+001 1.373647e+001 -1.789327e+001 7.133982e+000 -2.884965e+000 2.990672e+000 -6.244687e-001 -7.761186e+000 3.352316e+000 -4.124044e+000 -4.636884e+000 -2.901124e-001 -1.240929e+000 -2.230738e+000 -2.553460e+000 9.839695e-001 -5.717401e-001 -3.221547e+000 -8.224276e-001 2.172304e-001 -5.439145e-001 -1.194567e+000 -5.362796e-001 6.880947e-001 2.127498e+000 2.752608e-001 2.572548e-002 1.209206e+000 -2.363221e-001 1.108522e+000 -5.625476e-002 -9.136900e-001 1.539425e-001 -1.158791e+000 -5.793396e-001 -7.434969e-001 
1.414346e+001 1.045661e+001 -1.463969e+001 5.142171e+000 -2.935965e-001 1.991029e+000 2.969886e-001 -7.270501e+000 2.505900e+000 -2.291681e+000 -5.441639e+000 7.572937e-001 -2.191200e+000 -2.663774e+000 -1.699120e+000 1.969809e-001 2.255914e-001 -3.525016e+000 -7.792818e-001 2.565383e-001 -9.656974e-001 -4.044588e-001 -9.613812e-001 1.436277e+000 2.026917e+000 2.554270e-001 7.425097e-001 4.155439e-001 4.615961e-001 6.811188e-001 -3.445388e-001 -6.016570e-001 -3.122405e-001 -6.312008e-001 -1.023144e+000 -5.477909e-001 
1.142493e+001 1.239409e+001 -1.605421e+001 7.656150e+000 2.887816e-002 2.233050e+000 5.324654e-001 -8.451480e+000 2.576350e+000 -2.277527e+000 -6.034305e+000 3.124925e-001 -2.624841e+000 -2.709405e+000 -1.124044e+000 7.249684e-001 6.201887e-001 -3.827373e+000 -1.622069e+000 -3.783540e-001 -1.257113e+000 -4.343262e-001 -1.045787e+000 1.362186e+000 2.083421e+000 4.028296e-001 9.527721e-001 2.581961e-001 1.468503e-001 1.930907e-001 -1.103208e+000 -6.576818e-001 -3.090216e-002 -3.140517e-001 -3.801787e-001 -3.313022e-001 
1.160986e+001 1.158607e+001 -1.555220e+001 6.912935e+000 6.951873e-001 2.723128e+000 5.164716e-001 -8.208207e+000 2.046863e+000 -2.202967e+000 -6.131921e+000 -4.970845e-002 -2.494168e+000 -2.702367e+000 -8.637127e-001 8.815444e-001 4.293327e-001 -3.580959e+000 -1.609183e+000 -4.347829e-001 -1.047266e+000 -4.610246e-001 -1.195376e+000 1.429140e+000 2.130171e+000 1.618958e-001 8.746304e-001 5.258059e-001 2.059156e-001 3.363360e-001 -9.176614e-001 -8.997113e-001 -2.180710e-001 -1.574762e-001 -2.153603e-001 -2.386732e-001 
1.435582e+001 1.004780e+001 -1.377382e+001 4.976051e+000 1.288762e+000 3.029616e+000 2.628886e-001 -7.059227e+000 2.156653e+000 -1.730407e+000 -6.524186e+000 1.533099e-001 -1.840154e+000 -2.895717e+000 -1.133607e+000 6.585090e-001 1.771668e-002 -3.642053e+000 -1.243573e+000 7.649010e-002 -5.733221e-001 -8.547124e-001 -1.104519e+000 1.234629e+000 1.793223e+000 2.815844e-001 1.005272e+000 6.086551e-001 -3.754470e-003 6.230547e-001 -5.419336e-001 -1.124374e+000 -3.991366e-001 -2.217669e-001 -6.172436e-001 -3.050708e-001 
1.181723e+001 1.262334e+001 -1.591088e+001 5.909499e+000 5.450719e-001 3.001330e+000 6.807439e-001 -7.380145e+000 1.611905e+000 -1.070602e+000 -7.434530e+000 7.248204e-001 -3.098308e+000 -2.365749e+000 -1.781429e+000 3.048594e-001 3.268751e-001 -4.431784e+000 -1.715089e-001 -8.023618e-001 1.438728e-001 -1.368234e+000 -1.195780e+000 1.317940e+000 6.226199e-001 5.749473e-001 1.141713e+000 5.829900e-001 1.978862e-002 4.493825e-001 -2.471559e-001 -1.106514e+000 -5.744434e-001 -2.781250e-001 -9.340257e-001 -2.760812e-001 
1.261779e+001 1.218065e+001 -1.530299e+001 5.988781e+000 3.949509e-001 2.983693e+000 -4.179627e-001 -7.448290e+000 2.303823e+000 -1.358121e+000 -5.826295e+000 3.991230e-001 -3.395255e+000 -2.893412e+000 -1.954856e+000 2.762300e-001 1.056812e-001 -4.003481e+000 -2.915219e-001 -1.273695e+000 5.449348e-001 -1.565161e+000 -1.939895e+000 1.970126e+000 4.243404e-001 6.140937e-001 7.057869e-001 3.517661e-001 2.817200e-001 2.839845e-001 2.446521e-001 -1.227759e+000 -9.703695e-001 8.021656e-002 -1.526162e+000 -1.817020e-001 
1.563088e+001 1.064295e+001 -1.241543e+001 5.110249e+000 1.569608e+000 3.762468e+000 -7.234579e-002 -6.197265e+000 1.822535e+000 -7.034030e-001 -5.153939e+000 2.224218e-001 -1.511431e+000 -2.188815e+000 -3.023915e-001 1.181809e+000 1.983188e-001 -2.843406e+000 -8.407531e-001 -2.957900e-001 3.804623e-001 -1.652650e+000 -1.348682e+000 1.997298e+000 1.269074e+000 1.013306e+000 9.792888e-001 3.941246e-001 -1.199723e-001 3.250584e-001 3.358209e-001 -8.965017e-001 -4.277546e-001 2.585252e-001 -7.758243e-001 -1.479669e-001 
1.619263e+001 8.550537e+000 -6.825253e+000 3.825008e+000 1.206454e+000 2.754980e+000 -7.184977e-002 -3.302934e+000 2.793207e+000 1.365544e+000 -2.767014e+000 -3.094507e-001 -6.185596e-001 -2.449826e+000 -2.811008e-001 1.497115e+000 -1.831453e-001 -6.621466e-001 4.394393e-001 -4.738270e-001 -2.173326e-001 -2.027287e+000 -2.181913e+000 1.439097e+000 1.202830e+000 6.160971e-001 4.528573e-001 -3.465386e-001 -3.061621e-001 1.288999e-002 2.964679e-001 -4.818723e-001 -3.323999e-001 2.896778e-001 -1.470755e-002 2.624325e-001 
3.864566e+000 1.413237e+001 -1.071506e+001 7.675174e+000 -4.918291e+000 -9.877247e-001 -1.232699e+000 -1.417668e+000 2.899290e+000 -1.087359e+000 -4.580768e+000 -1.839412e+000 1.953580e+000 -3.229067e+000 -1.082471e+000 -1.323322e+000 4.340861e-001 -7.179587e-001 6.471789e-001 -1.203713e+000 -1.770765e+000 -2.104712e+000 -3.710933e+000 2.035379e+000 -3.462631e-001 -1.612856e-001 5.893067e-001 -1.062327e+000 1.514470e-001 8.406751e-002 1.894906e+000 -2.312375e-001 -3.097340e-001 5.131369e-001 5.490094e-001 9.359088e-001 
4.303124e+000 1.449864e+001 -1.048573e+001 8.535957e+000 -5.288301e+000 -5.203850e-001 -2.770324e+000 -1.710113e+000 3.344754e+000 -3.002437e+000 -4.232333e+000 -3.586238e+000 1.115539e+000 -1.493134e+000 -3.480235e-001 -8.491550e-001 -1.394023e-001 -1.503508e+000 -1.921209e-001 -1.903109e+000 -1.757247e+000 -1.569224e+000 -3.298117e+000 2.508028e+000 -9.950440e-001 -1.284309e+000 5.715604e-001 -9.555687e-001 6.513635e-001 6.204830e-001 2.468798e+000 -5.075244e-001 -8.573960e-001 -7.181721e-001 1.221677e-001 8.681665e-001 
4.549367e+000 1.537131e+001 -1.045897e+001 7.605219e+000 -4.774024e+000 1.189408e+000 -6.369671e-001 -1.874419e+000 2.947152e+000 -3.021742e+000 -4.994772e+000 -2.465789e+000 1.893765e+000 -1.411432e+000 -2.648548e-001 -6.695557e-001 2.970377e-001 -9.956526e-001 -5.126766e-001 -1.579048e+000 -1.685247e+000 -7.285654e-001 -2.019913e+000 2.383082e+000 -9.964866e-001 -7.403410e-001 4.120875e-001 -2.816542e-001 4.722080e-002 1.614662e-001 2.622945e+000 1.189067e-001 -4.466959e-001 -9.382248e-001 -3.186411e-002 5.319292e-001 
2.444593e+000 1.572190e+001 -1.089609e+001 8.081721e+000 -4.510418e+000 -5.704279e-001 -9.297687e-001 -2.864003e+000 4.448704e+000 -2.219178e+000 -3.750849e+000 -1.324675e+000 2.692047e+000 -1.146369e-001 -6.565762e-001 1.762917e-001 -1.895385e-002 -4.675608e-001 -6.853600e-001 -1.417803e+000 -4.107805e-001 -1.130716e+000 -2.651770e+000 1.703922e+000 -4.549492e-001 -1.584131e+000 8.627956e-001 -6.837588e-001 7.658548e-001 8.269666e-001 2.187618e+000 1.104581e+000 -6.019239e-001 4.313945e-003 -7.738712e-001 6.475447e-001 
4.233620e+000 1.449849e+001 -9.410380e+000 7.554242e+000 -3.296299e+000 2.853631e-001 -1.990539e+000 -2.467677e+000 3.788621e+000 -3.181621e+000 -3.885564e+000 -2.417009e+000 1.110344e+000 -4.687416e-001 -1.620045e+000 -3.319467e-001 -1.143674e-001 1.640265e-001 -8.121383e-001 -1.218285e+000 -2.838033e-001 -1.047261e+000 -2.133368e+000 9.174952e-001 -1.625092e-001 -1.241772e+000 1.739383e+000 -1.060195e+000 4.946327e-001 1.638607e+000 1.300513e+000 4.551820e-001 -1.143179e+000 1.241122e-001 -1.352437e+000 6.481965e-001 
4.607428e+000 1.383558e+001 -1.157915e+001 6.523896e+000 -2.758128e+000 -1.330889e+000 -8.637264e-001 -2.631548e+000 4.447930e+000 -3.599867e+000 -5.848801e+000 -1.645700e+000 2.627554e-001 4.367115e-002 -1.397948e+000 -1.965154e-001 -1.057815e-001 -6.524494e-001 -1.093867e-001 -1.596037e+000 -1.779428e-001 -1.538058e+000 -3.208455e+000 8.355272e-001 -2.691143e-002 -6.526319e-001 4.562159e-001 -9.166468e-001 1.321715e+000 1.496118e+000 1.132519e+000 1.904141e-001 -9.044705e-001 1.635670e-001 -8.990620e-001 7.435639e-001 
6.537757e+000 1.435080e+001 -1.247544e+001 6.819175e+000 -2.324261e+000 -1.843765e+000 -8.372142e-001 -3.367052e+000 3.722041e+000 -3.949379e+000 -6.126258e+000 -8.046898e-001 -9.072832e-001 -6.686104e-002 -1.522585e+000 2.251174e-001 -6.817899e-001 -1.779429e+000 5.824970e-001 -2.403398e+000 5.492933e-001 -1.349758e+000 -3.279441e+000 1.278151e+000 -6.310594e-001 3.575237e-001 9.526918e-001 -1.626354e-001 6.973998e-001 1.675278e-001 6.149984e-001 -4.154285e-001 -1.653878e-001 6.311246e-001 -1.075258e+000 4.161538e-001 
1.218160e+001 1.187904e+001 -1.139635e+001 4.375885e+000 -1.760777e+000 1.846059e-001 -2.252240e+000 -4.441961e+000 2.336682e+000 -4.251270e+000 -6.860180e+000 -2.924657e-001 -5.113166e-001 -2.890821e-001 -1.632285e+000 -2.684457e-001 -9.757587e-001 -2.442260e+000 5.874305e-001 -2.423651e+000 3.989287e-001 -1.557768e+000 -3.128733e+000 1.546358e+000 -1.850889e-001 6.484116e-001 1.003672e+000 -2.577607e-002 2.490190e-001 1.786522e-001 5.903396e-001 -9.106636e-001 -5.695383e-001 6.725738e-001 -9.138890e-001 5.385366e-002 
1.076366e+001 1.528941e+001 -1.577571e+001 5.639229e+000 -2.286648e+000 1.871205e+000 -1.569019e-001 -5.410452e+000 3.771292e+000 -2.894046e+000 -7.690778e+000 7.168264e-001 -1.386776e+000 3.540930e-001 -2.209939e+000 -7.737201e-001 9.814123e-001 -3.421935e+000 2.550227e+000 -1.951437e+000 5.475118e-001 -1.673402e+000 -2.404918e+000 2.103086e+000 -1.519750e-001 1.104229e+000 9.301780e-001 8.042706e-001 -3.972746e-002 5.714187e-001 9.405018e-001 -5.434867e-001 -8.125617e-001 1.142645e-001 -9.009375e-001 2.694646e-001 
1.438661e+001 1.113347e+001 -1.291957e+001 3.604526e+000 3.011795e-001 1.911693e+000 -6.639507e-001 -5.481533e+000 2.110784e+000 -2.939440e+000 -6.018990e+000 -2.101556e-001 -7.259130e-002 -9.423991e-001 -1.784023e+000 -3.344899e-001 -5.102907e-001 -1.939849e+000 2.697381e-001 -3.380842e-001 -5.859953e-001 -1.457738e+000 -1.724457e+000 1.157678e+000 3.603876e-002 5.704912e-002 2.068617e+000 6.205513e-001 -1.163739e-001 5.543296e-001 4.695358e-001 -4.170444e-001 -5.236419e-001 -4.772690e-001 -8.763923e-001 1.784518e-001 
1.560994e+001 1.182732e+001 -1.314630e+001 4.086355e+000 -4.913687e-001 1.889617e+000 -1.231159e+000 -5.618749e+000 3.385651e+000 -2.693887e+000 -5.037947e+000 -1.628155e-001 -6.339693e-001 -7.875042e-001 -2.417138e+000 2.063887e-001 1.661024e-001 -2.530388e+000 1.256310e-001 -1.607318e-001 -4.485420e-001 -1.283098e+000 -1.252185e+000 1.384375e+000 -4.775472e-001 5.163542e-002 1.972049e+000 5.230335e-001 1.216185e-001 5.757536e-001 1.071267e+000 -6.422868e-001 -8.496060e-001 -1.907900e-001 -1.352158e+000 3.525551e-001 
1.495410e+001 1.028774e+001 -1.432211e+001 4.418713e+000 -4.990853e-001 2.130679e+000 -1.099930e+000 -6.166268e+000 3.449712e+000 -2.741677e+000 -5.161503e+000 2.696250e-001 -9.693790e-001 -1.922584e+000 -3.028870e+000 1.879935e-001 -3.065193e-001 -3.254470e+000 1.887071e-001 -5.421358e-003 -4.346223e-001 -9.801502e-001 -1.066435e+000 1.848661e+000 2.069229e-001 2.088647e-001 1.731510e+000 9.215506e-002 1.343129e-001 7.811317e-001 6.956592e-001 -8.277384e-001 -7.331163e-001 -3.777196e-001 -1.716218e+000 -6.330100e-002 
1.480812e+001 9.188842e+000 -1.452845e+001 4.003562e+000 -8.189752e-001 2.545342e+000 -1.139387e+000 -6.589390e+000 2.205605e+000 -3.672790e+000 -5.950401e+000 -1.150933e-001 -1.071357e+000 -2.771009e+000 -2.888864e+000 1.818564e-001 -7.150870e-001 -3.721261e+000 -8.954350e-001 1.713756e-001 -8.849553e-001 -1.252929e+000 -9.563302e-001 7.445105e-001 6.934050e-001 -1.225164e-001 8.050614e-001 5.417143e-001 -1.249826e-001 9.047267e-001 2.076418e-001 -1.200933e+000 -4.732769e-001 -6.077500e-001 -1.240070e+000 -4.940979e-001 
1.464835e+001 9.412729e+000 -1.394271e+001 4.666956e+000 -8.741112e-001 2.925291e+000 -1.047300e+000 -6.487570e+000 2.444544e+000 -3.078454e+000 -5.473128e+000 1.883275e-001 -9.498163e-001 -2.447781e+000 -2.010336e+000 1.077590e+000 -2.878904e-001 -3.445179e+000 -1.023988e+000 3.452959e-001 -2.003062e-001 -7.368911e-001 -3.595195e-001 6.056318e-001 1.868822e+000 1.005420e-001 4.773919e-001 1.616923e+000 -1.993200e-001 1.156333e+000 -1.835072e-001 -1.280931e+000 -5.252024e-003 -6.012621e-001 -4.039393e-001 -7.913612e-001 
1.440317e+001 9.785998e+000 -1.447512e+001 4.834324e+000 -7.050458e-001 2.444804e+000 -3.789369e-001 -6.393053e+000 1.690872e+000 -1.802984e+000 -6.196630e+000 7.211071e-001 -2.615230e+000 -2.684919e+000 -2.043993e+000 -1.095313e-001 4.480887e-001 -4.066824e+000 -4.719600e-001 -1.041826e-002 -3.841260e-001 -8.041834e-001 -7.696909e-001 7.000970e-001 1.823207e+000 -5.051950e-002 2.610280e-001 1.332105e+000 -1.781844e-001 1.140678e+000 -4.833497e-001 -8.588702e-001 -3.007170e-001 -9.139469e-001 -7.511132e-001 -8.525357e-001 
1.355501e+001 9.458473e+000 -1.502343e+001 4.168241e+000 8.844258e-002 2.753495e+000 1.344611e+000 -5.933014e+000 2.970561e+000 -1.271781e+000 -6.038572e+000 7.740646e-001 -2.413538e+000 -3.856114e+000 -2.520228e+000 -1.088803e+000 -3.052264e-001 -3.497365e+000 -5.608668e-001 1.133775e+000 -2.747233e-001 -5.320305e-002 -8.354795e-001 1.184197e+000 2.492754e+000 -1.487215e-001 4.523972e-001 5.543430e-001 5.000990e-002 1.006978e+000 -6.123906e-001 -5.885422e-001 -4.211112e-001 -1.131230e+000 -8.554404e-001 -1.025063e+000 
8.831986e+000 1.351723e+001 -1.933364e+001 7.143037e+000 -5.397636e-002 3.927055e+000 3.237322e+000 -6.987599e+000 4.553928e+000 -2.263897e+000 -6.071731e+000 1.212473e-001 -2.836031e+000 -3.241487e+000 -2.404525e+000 -6.031104e-001 -3.398989e-001 -3.937193e+000 -7.725651e-001 4.507791e-001 -6.503748e-001 7.630891e-003 -7.433113e-001 2.101813e+000 2.582458e+000 5.446634e-001 9.480190e-001 2.283503e-001 -5.422363e-002 2.286309e-001 -8.993096e-001 -8.118589e-001 -7.784388e-001 -8.120565e-001 -7.047215e-001 -7.310022e-001 
1.285209e+001 1.044684e+001 -1.512936e+001 5.492130e+000 5.510443e-001 3.847790e+000 1.110005e+000 -6.927721e+000 2.464949e+000 -2.311812e+000 -6.252454e+000 -1.089621e-001 -2.216579e+000 -3.125072e+000 -1.653359e+000 3.428043e-002 -5.548153e-001 -3.515830e+000 -9.279748e-001 1.528353e-001 -4.844656e-001 -4.985763e-001 -1.240864e+000 1.355266e+000 1.869904e+000 1.101049e-001 7.515475e-001 4.921350e-001 2.664645e-002 2.345777e-001 -3.699209e-001 -9.550741e-001 -5.744348e-001 -2.820559e-001 -6.123977e-001 -4.709699e-001 
1.203887e+001 1.322735e+001 -1.571696e+001 5.979208e+000 3.690991e-002 3.540883e+000 -7.476282e-002 -6.844029e+000 2.405285e+000 -5.500594e-001 -6.432970e+000 4.839096e-001 -2.709815e+000 -3.062319e+000 -2.104875e+000 -1.672671e-001 4.045226e-001 -4.302158e+000 -3.063787e-001 -5.326245e-002 1.673811e-001 -1.218275e+000 -9.879733e-001 1.449720e+000 9.590370e-001 5.505382e-001 9.087559e-001 6.928065e-001 -2.197619e-001 7.710673e-001 -1.256605e-001 -1.076233e+000 -5.710549e-001 -5.100236e-001 -1.157918e+000 -6.045347e-001 
1.167952e+001 1.523884e+001 -1.651731e+001 6.124682e+000 -3.247361e-001 2.483204e+000 2.315550e-001 -8.046631e+000 2.596933e+000 -4.369773e-001 -6.577386e+000 1.976890e+000 -3.566790e+000 -2.274811e+000 -2.604058e+000 -7.252938e-001 7.068381e-001 -4.980164e+000 1.488432e+000 -1.469668e+000 1.411558e+000 -1.606511e+000 -1.605731e+000 1.766620e+000 -4.118412e-003 1.028872e+000 1.603518e-001 6.513719e-001 2.809416e-001 6.081920e-001 5.510441e-001 -8.619559e-001 -6.568718e-001 -6.303967e-001 -1.479155e+000 -6.572437e-001 
1.141483e+001 1.359083e+001 -1.603890e+001 6.657539e+000 -5.416193e-001 3.438424e+000 -1.891360e+000 -7.963641e+000 1.527456e+000 -8.363022e-001 -5.443924e+000 8.460293e-001 -3.094400e+000 -3.027646e+000 -2.458043e+000 -2.639106e-001 -2.226487e-001 -4.884286e+000 4.789272e-002 -1.299379e+000 1.530394e+000 -1.784466e+000 -1.734580e+000 1.616801e+000 -1.502812e-001 4.640814e-001 5.267817e-001 5.039542e-001 1.657105e-001 4.847849e-001 2.134207e-001 -1.059656e+000 -1.021694e+000 1.100101e-001 -1.653514e+000 -4.535766e-001 
