2.472916e+000 1.273213e+001 -4.196926e+000 3.382182e+000 -3.836427e+000 6.751900e-001 -3.052890e+000 -1.172931e+000 2.304951e+000 -4.017871e-001 -2.667955e+000 -8.625845e-001 -2.385170e-002 -2.064673e+000 -9.601861e-001 -1.010665e+000 -9.592852e-003 -8.150391e-001 3.511057e-001 -8.955739e-001 -4.491920e-002 -4.370309e-001 -6.814635e-001 -6.303004e-001 
1.365683e+000 1.355404e+001 -5.521800e+000 2.625065e+000 -3.402851e+000 5.567333e-001 -2.449387e+000 -1.412164e+000 1.821478e+000 -1.557615e+000 -2.232874e+000 -4.359843e-001 4.134568e-001 -1.992679e+000 -7.562992e-001 -1.320269e+000 -5.760543e-001 -4.864536e-001 -2.147163e-001 -1.716442e-001 1.074477e-002 -7.469434e-001 -1.554813e+000 -6.319870e-001 
5.362550e-001 1.377184e+001 -4.413391e+000 3.070148e+000 -2.971582e+000 3.379922e-001 -2.026043e+000 -1.640610e+000 2.036468e+000 -1.182703e+000 -2.468303e+000 -8.648902e-001 2.958276e-001 -2.275018e+000 -1.061851e+000 -1.354761e+000 -1.568111e-001 -3.417471e-001 -7.133237e-001 2.632464e-001 3.933702e-001 -7.445368e-001 -1.579628e+000 -7.496443e-002 
4.629339e-001 1.326528e+001 -4.734357e+000 3.391654e+000 -1.857846e+000 8.568774e-001 -1.874178e+000 -1.383779e+000 1.792019e+000 -1.506942e+000 -1.651306e+000 -1.041798e+000 -7.240290e-002 -1.719600e+000 -6.922214e-001 -2.307003e-001 -2.288092e-001 -3.187315e-001 -1.391705e+000 -1.834754e-002 3.807103e-001 -9.788018e-001 -8.431806e-001 -1.870567e-001 
-1.202990e+000 1.207283e+001 -4.759112e+000 3.440443e+000 -2.019072e+000 1.975138e+000 -1.093928e+000 -1.174835e+000 1.950645e+000 -1.606317e+000 -1.947409e+000 -1.684634e+000 6.357477e-001 -1.300572e+000 -2.054074e-001 4.417714e-001 -1.525118e-001 2.186925e-001 -9.832403e-001 -1.912731e-001 -2.916091e-001 -1.053036e+000 -1.190419e+000 -9.004245e-001 
-9.639946e-001 1.321441e+001 -4.468798e+000 2.783901e+000 -2.413560e+000 1.491757e+000 -5.164672e-001 -1.131618e+000 2.819713e+000 -7.829547e-001 -2.168989e+000 -1.191135e+000 -3.363293e-001 -1.878286e+000 6.273350e-001 4.668741e-001 1.251423e-001 -4.074765e-001 -1.037508e+000 -3.631462e-001 -2.677208e-001 -7.178213e-001 -1.013519e+000 -2.479894e-001 
-1.056587e+000 1.362643e+001 -4.537865e+000 3.187254e+000 -2.496696e+000 1.592613e+000 -9.196409e-001 -4.852368e-001 2.395626e+000 -1.396396e+000 -2.951719e+000 -1.299983e+000 9.817709e-001 -1.234425e+000 2.386989e-001 -3.088592e-001 -2.829650e-001 1.313812e-001 -4.145806e-001 -5.032057e-001 7.958144e-002 -1.038045e+000 -7.566921e-001 -3.744246e-001 
-1.053236e+000 1.368354e+001 -4.486824e+000 3.496486e+000 -1.440170e+000 1.951627e+000 -1.450440e+000 -1.346426e+000 2.628602e+000 -1.233437e+000 -1.624288e+000 -1.075235e+000 1.159692e+000 -1.505947e+000 -3.158888e-001 -3.645840e-001 -7.705607e-001 1.413619e-001 -7.855099e-001 2.229119e-001 -2.003678e-001 -5.181264e-001 -7.075858e-001 -6.922547e-001 
-1.081580e+000 1.464612e+001 -4.241808e+000 3.552079e+000 -2.273236e+000 1.906991e+000 -8.243194e-001 -1.309347e+000 2.712873e+000 -1.296610e+000 -1.415568e+000 -1.211204e+000 8.579020e-001 -2.091037e+000 2.504623e-002 1.562597e-001 -6.346427e-001 2.584887e-001 -1.145811e+000 -4.822663e-002 3.955535e-001 -9.883500e-001 -1.049882e+000 -5.550307e-001 
1.520985e+000 1.273411e+001 -5.195969e+000 4.347432e+000 -2.320508e+000 1.111414e+000 -3.186422e+000 -3.604395e-001 2.594664e+000 -7.974040e-001 -1.722526e+000 -7.832219e-001 1.233041e+000 -2.431632e+000 -7.854108e-001 -1.671936e-001 -7.449768e-002 -1.759298e-001 -1.215857e-001 -2.375414e-001 -1.049632e-001 -4.299534e-001 -1.049787e+000 -9.606100e-001 
7.133925e+000 1.139203e+001 -5.198063e+000 5.592321e+000 -3.790422e+000 1.488018e-001 -5.213329e+000 -6.927562e-001 4.780955e+000 -1.637425e+000 -3.242968e+000 -1.507595e+000 1.270382e+000 -2.082649e+000 -1.711779e+000 5.957695e-001 3.838275e-001 -4.712957e-001 -5.490577e-001 -7.176691e-001 -4.597789e-001 -6.230233e-001 -5.937447e-001 -1.034631e+000 
7.970564e+000 1.047624e+001 -5.249879e+000 6.457816e+000 -4.384611e+000 1.493319e+000 -5.370735e+000 -1.438001e+000 3.275575e+000 2.189674e-001 -4.759794e+000 -5.805625e-001 2.367215e+000 -1.475593e+000 -1.395039e+000 2.222894e-001 8.521924e-001 -2.578401e+000 -7.163309e-002 -1.068566e+000 7.761697e-001 -1.189728e+000 -3.369083e-001 -1.006215e+000 
9.680578e+000 9.580240e+000 -4.814634e+000 6.695495e+000 -4.079617e+000 7.338633e-001 -5.594747e+000 -1.639675e+000 3.264743e+000 1.134743e-001 -4.381552e+000 4.896475e-002 1.160125e+000 -1.682727e+000 -1.454699e+000 -7.422511e-001 6.390278e-001 -1.796814e+000 -2.259520e-001 -1.381609e+000 2.398346e-001 -4.148093e-001 -3.430542e-002 -7.199688e-001 
8.678795e+000 1.143386e+001 -5.739366e+000 7.639625e+000 -4.016722e+000 -1.297966e-001 -5.619331e+000 -1.142592e+000 3.618018e+000 2.243616e-001 -4.062140e+000 -2.828407e-002 1.070089e+000 -1.554246e+000 -1.466674e+000 -1.823903e+000 1.012446e+000 -1.896841e+000 -2.541523e-001 -1.487592e+000 1.367181e+000 -6.434070e-001 -4.007321e-001 -7.678235e-001 
8.391863e+000 1.097726e+001 -5.445284e+000 7.535129e+000 -5.056646e+000 -5.426106e-001 -4.897114e+000 -2.079351e+000 3.958324e+000 3.999056e-001 -4.205946e+000 -3.407184e-001 1.846694e+000 -1.706343e+000 -3.058953e+000 -1.757465e+000 8.600349e-001 -1.061986e+000 -5.916670e-001 -9.793490e-001 9.215963e-001 -8.168304e-001 -4.702432e-001 -2.186729e-002 
8.076907e+000 1.157417e+001 -5.273593e+000 6.910274e+000 -5.537880e+000 -1.179813e+000 -5.022751e+000 -2.380666e+000 4.241312e+000 6.047394e-001 -3.598948e+000 -9.017067e-001 8.114757e-002 -1.985013e+000 -2.357348e+000 -9.201617e-001 6.496355e-002 -1.202291e+000 5.402891e-002 -1.719862e+000 7.253144e-001 -1.020265e+000 5.239563e-001 1.452743e-001 
8.879853e+000 1.181615e+001 -6.687721e+000 7.041012e+000 -5.387994e+000 -1.603888e+000 -4.656191e+000 -2.643988e+000 2.887507e+000 7.076419e-002 -2.627543e+000 -1.494086e+000 -6.120181e-002 -3.031178e+000 -1.968520e+000 -1.544408e+000 -5.737826e-002 -7.235888e-001 -1.120230e+000 -4.825593e-001 5.642250e-001 -9.939431e-002 -7.734855e-001 8.323655e-002 
8.280917e+000 1.312855e+001 -7.045213e+000 8.556704e+000 -6.154690e+000 -1.099931e+000 -4.283809e+000 -2.883830e+000 4.387743e+000 -1.148855e+000 -1.353544e+000 -2.532863e+000 1.653405e+000 -3.060779e+000 -1.508824e+000 -1.870929e+000 -8.441892e-001 6.116602e-001 -1.852592e+000 7.950515e-001 -5.518273e-001 1.418514e-001 -1.315369e+000 4.755397e-001 
1.012627e+001 1.149050e+001 -4.888518e+000 7.407987e+000 -5.836865e+000 -1.095210e+000 -4.451319e+000 -3.068524e+000 3.878480e+000 -5.792023e-001 -1.997761e+000 -1.766034e+000 8.305933e-001 -2.115645e+000 -2.320048e+000 -1.060715e+000 -5.449011e-001 4.933439e-002 -1.539204e+000 -2.591827e-001 4.416282e-001 -4.290260e-001 -1.136972e+000 1.562198e-001 
8.830465e+000 1.315930e+001 -5.598101e+000 7.868623e+000 -6.356883e+000 -4.501950e-001 -3.727542e+000 -3.970501e+000 4.098188e+000 -3.842686e-001 -2.191374e+000 -1.469104e+000 1.521489e+000 -2.353315e+000 -2.043656e+000 -1.425213e+000 -4.464119e-001 -1.149931e-001 -1.575169e+000 3.312648e-001 7.597110e-002 -4.336900e-001 -9.538730e-001 -1.333412e-001 
9.480237e+000 1.220962e+001 -4.510313e+000 7.594555e+000 -5.459977e+000 -1.946527e+000 -3.462676e+000 -4.323524e+000 5.260369e+000 -5.663500e-001 -3.055735e+000 -7.580912e-001 1.303286e+000 -9.439153e-001 -3.419501e+000 -6.770367e-001 -4.546787e-001 6.690072e-002 -1.429510e+000 -6.329338e-001 9.893093e-001 -1.701576e+000 -8.308227e-002 6.104568e-002 
7.001516e+000 1.417624e+001 -6.305241e+000 9.324546e+000 -4.903299e+000 -2.735807e+000 -3.193087e+000 -5.027667e+000 5.821763e+000 -8.233751e-001 -2.914552e+000 -3.183863e-001 1.450266e+000 -1.168471e+000 -3.283789e+000 -7.010080e-001 -5.663450e-001 1.333762e-001 -1.655838e+000 -4.649114e-001 1.349077e+000 -1.791306e+000 -2.364053e-001 -3.366020e-001 
9.727557e+000 1.109474e+001 -4.692959e+000 6.915765e+000 -3.687902e+000 -2.463906e+000 -3.655111e+000 -3.575172e+000 4.842128e+000 -6.047740e-001 -3.212082e+000 -1.976236e-001 7.948604e-001 -9.023618e-001 -2.672112e+000 -8.061534e-001 -2.006120e-001 -4.087051e-001 -1.795369e+000 -4.865449e-001 1.421301e+000 -1.043649e+000 -7.417325e-001 -9.098850e-002 
1.036346e+001 1.078744e+001 -2.926207e+000 2.774362e+000 -2.647997e+000 -1.353109e+000 -2.761547e+000 -1.955973e+000 2.993573e+000 -2.229200e-001 -3.111153e+000 3.440031e-001 7.682764e-001 -1.254800e+000 -1.582522e+000 -1.174161e+000 -9.883215e-002 -1.409330e-001 -7.466500e-001 8.880502e-003 7.504290e-001 -7.217747e-001 -8.455902e-001 1.385882e-001 
3.086978e+000 1.266175e+001 -5.336476e+000 2.368947e+000 -3.035823e+000 1.511614e+000 -3.574385e+000 -1.789706e+000 1.951168e+000 -8.320173e-001 -2.311587e+000 -4.331290e-001 4.534547e-001 -1.795817e+000 -7.033854e-001 -1.111858e+000 -3.084860e-001 -8.487722e-001 -1.642950e-001 -2.271254e-001 2.417499e-001 -6.523150e-001 -1.341362e+000 -6.756075e-001 
1.450221e+000 1.418045e+001 -5.341778e+000 2.210867e+000 -4.804126e+000 8.870244e-001 -2.143952e+000 -1.726040e+000 2.014958e+000 -7.406934e-001 -2.099173e+000 -9.542246e-001 2.659232e-001 -1.585652e+000 -6.081056e-001 -1.487108e+000 3.106448e-001 -7.464356e-001 -8.597349e-001 -1.912776e-001 1.439417e-001 -1.108124e+000 -1.117780e+000 -3.065464e-001 
2.142923e-001 1.456271e+001 -4.629049e+000 3.593510e+000 -2.834893e+000 1.114746e+000 -2.102341e+000 -1.233319e+000 2.043259e+000 -2.272905e+000 -2.291349e+000 -1.646144e+000 -6.047233e-002 -1.643090e+000 -4.371809e-001 -1.298691e+000 -5.161946e-001 -3.086895e-001 -7.900427e-001 5.869454e-002 3.926145e-001 -7.457017e-001 -1.238651e+000 2.152546e-002 
7.219264e-001 1.387276e+001 -4.401688e+000 2.628235e+000 -3.374984e+000 9.804689e-001 -1.166852e+000 -1.239880e+000 2.155289e+000 -1.208126e+000 -2.285776e+000 -1.753274e+000 9.665077e-001 -8.681757e-001 -2.974034e-001 -6.812103e-001 -7.829365e-001 -1.510778e-002 -7.660086e-001 -2.952925e-001 5.992913e-002 -9.705420e-001 -9.320936e-001 -4.893275e-001 
-5.348241e-001 1.344863e+001 -4.302099e+000 2.872629e+000 -4.037143e+000 1.565622e+000 -1.281223e+000 -6.716948e-001 1.994055e+000 -1.258182e+000 -1.498815e+000 -1.553735e+000 9.494476e-001 -1.630681e+000 9.141607e-002 -6.689673e-002 -3.448923e-001 -4.329340e-001 -1.149439e+000 1.492472e-001 4.002062e-001 -1.256577e+000 -1.249147e+000 -7.230942e-001 
-1.727068e+000 1.291290e+001 -4.190350e+000 4.001885e+000 -3.247029e+000 1.553887e+000 -1.021127e+000 1.845917e-001 2.743331e+000 -2.064817e+000 -2.519424e+000 -1.745681e+000 1.141886e+000 -1.000018e+000 -2.230631e-001 -1.412394e-001 -1.407197e-001 2.444254e-001 -7.567788e-001 -3.788277e-001 -9.228555e-003 -1.283779e+000 -6.691534e-001 1.754683e-001 
-5.453116e-001 1.392412e+001 -4.546255e+000 3.002492e+000 -2.385060e+000 1.555551e+000 -1.028281e+000 -8.894292e-001 2.159888e+000 -1.564408e+000 -2.422555e+000 -1.152607e+000 4.287694e-001 -1.367134e+000 -5.450184e-002 -8.903667e-001 4.563806e-003 1.346523e-001 -6.985684e-001 3.864524e-001 3.748519e-001 -8.777722e-001 -9.415134e-001 -1.225018e-001 
-1.111367e+000 1.435130e+001 -4.219558e+000 3.768514e+000 -1.938732e+000 1.499167e+000 -1.087986e+000 -1.031039e+000 2.690068e+000 -1.720597e+000 -1.874320e+000 -1.837786e+000 7.909600e-001 -7.083203e-001 1.175648e-001 -7.393399e-001 -8.500305e-001 5.428643e-001 -5.375694e-001 3.838900e-002 -1.453051e-001 -4.934832e-001 -1.104079e+000 -3.981572e-001 
-6.359108e-001 1.344997e+001 -3.997059e+000 4.473138e+000 -1.346875e+000 1.095971e+000 -1.882571e+000 -8.097706e-001 2.504189e+000 -9.951431e-001 -1.726068e+000 -1.591794e+000 4.103924e-001 -1.089673e+000 -5.507437e-002 -2.723822e-001 -3.617620e-001 2.467882e-001 -4.551075e-001 -3.164523e-001 -1.949032e-001 -6.344513e-001 -7.802882e-001 -3.676879e-001 
3.117653e+000 1.263890e+001 -4.733930e+000 3.687484e+000 -2.762203e+000 6.313286e-001 -3.243065e+000 5.440527e-002 2.902063e+000 -1.694182e+000 -2.626252e+000 -9.105656e-001 9.226969e-001 -2.350038e+000 -8.249689e-001 -1.714363e-002 1.273916e-001 1.337759e-001 -2.126206e-001 -4.284363e-001 -5.291117e-001 -5.407631e-002 -4.151358e-001 -7.108078e-001 
7.270154e+000 1.270009e+001 -5.888223e+000 6.137590e+000 -4.595690e+000 6.009953e-001 -5.309539e+000 -9.111474e-001 4.826173e+000 -1.621480e+000 -3.071933e+000 -1.877209e+000 1.282287e+000 -2.600713e+000 -1.776322e+000 4.692915e-001 7.275889e-001 -3.231969e-001 -8.480413e-001 -4.958521e-001 -7.048959e-001 -5.309212e-001 -6.330054e-001 -5.332061e-001 
8.517869e+000 1.046114e+001 -5.281810e+000 6.720102e+000 -3.142705e+000 -4.234383e-002 -3.993098e+000 -3.237465e+000 4.114543e+000 -9.389505e-001 -2.974997e+000 -9.824853e-001 1.895556e+000 -1.149050e+000 -1.878158e+000 7.794464e-001 -4.301185e-001 -1.038489e+000 -1.192886e+000 -3.234061e-001 9.478720e-002 -5.534151e-001 -5.069395e-001 -4.466826e-001 
9.686962e+000 1.021701e+001 -5.379472e+000 6.353113e+000 -3.791939e+000 5.047848e-001 -4.929890e+000 -1.923746e+000 4.042383e+000 -8.579611e-001 -3.528375e+000 -1.726360e-001 1.133884e+000 -1.167828e+000 -1.646017e+000 -5.895575e-001 -1.891848e-001 -1.142861e+000 -6.522708e-001 -9.466876e-001 3.368594e-001 -6.221623e-001 -1.522294e-001 -6.605204e-001 
9.517523e+000 1.105337e+001 -4.991895e+000 6.562064e+000 -3.391113e+000 -3.823617e-001 -5.078161e+000 -1.692923e+000 3.582767e+000 5.990832e-002 -4.064304e+000 -5.391203e-002 8.528517e-001 -1.329350e+000 -2.193541e+000 -1.656933e+000 2.196632e-001 -1.161204e+000 -1.549635e-001 -9.270664e-001 9.958515e-001 -6.529700e-001 -3.301334e-001 -4.844984e-001 
8.812784e+000 1.056398e+001 -4.948760e+000 5.527013e+000 -4.618335e+000 -8.054932e-001 -4.685810e+000 -2.933817e+000 4.574010e+000 7.958677e-001 -4.379094e+000 -2.928648e-001 1.687586e+000 -1.561559e+000 -2.759193e+000 -6.010837e-001 2.237415e-001 -1.711024e+000 -7.419383e-001 -5.908279e-001 7.538691e-001 -5.778467e-001 -8.660719e-001 -6.704249e-001 
8.746053e+000 1.142908e+001 -5.117405e+000 5.996029e+000 -5.188613e+000 -4.657434e-001 -4.156391e+000 -2.542261e+000 3.624940e+000 -1.037821e-001 -3.098026e+000 -2.989593e-001 3.699739e-001 -2.069160e+000 -2.907282e+000 -1.009100e+000 -9.627403e-002 -1.071024e+000 -3.843080e-001 -8.417195e-001 1.386906e+000 -9.016908e-001 -3.799227e-001 -1.654089e-001 
8.005595e+000 1.116945e+001 -5.883097e+000 7.114053e+000 -5.328817e+000 -2.462090e+000 -4.717766e+000 -3.035759e+000 3.192815e+000 3.017750e-001 -2.791485e+000 -1.737068e+000 3.080122e-001 -2.662147e+000 -2.257660e+000 -2.103188e+000 -3.949167e-001 -3.825267e-001 -1.024792e+000 4.018009e-002 1.003492e-001 -4.051888e-001 -9.908431e-001 4.809096e-001 
8.423014e+000 1.355021e+001 -6.351723e+000 8.140167e+000 -5.979706e+000 -1.123261e+000 -4.124037e+000 -3.252115e+000 3.870861e+000 -5.395944e-001 -1.818906e+000 -2.253412e+000 1.432319e+000 -2.872975e+000 -1.651655e+000 -1.654298e+000 -2.926442e-001 1.498569e-001 -1.865022e+000 4.567068e-001 3.754057e-002 -1.870475e-001 -1.227170e+000 3.139239e-001 
9.364389e+000 1.240210e+001 -5.279903e+000 7.025053e+000 -6.105909e+000 -1.156693e+000 -3.611173e+000 -3.436714e+000 4.444937e+000 -6.408849e-001 -2.026153e+000 -1.757207e+000 7.680599e-001 -1.947654e+000 -2.990817e+000 -9.794714e-001 -7.996034e-001 -7.099051e-002 -1.225086e+000 -1.729973e-001 7.726506e-001 -8.101356e-001 -6.858092e-001 2.713935e-001 
9.588037e+000 1.252737e+001 -4.546653e+000 6.721413e+000 -5.349717e+000 -1.711839e+000 -2.688683e+000 -4.345056e+000 4.664905e+000 -4.929097e-001 -3.198808e+000 -4.654059e-001 9.838048e-001 -1.333837e+000 -3.285233e+000 -9.491147e-001 -6.600316e-001 -3.849179e-002 -1.248499e+000 -2.496141e-001 1.227138e+000 -1.387398e+000 -3.435328e-001 -3.343536e-001 
7.887787e+000 1.374297e+001 -5.787400e+000 8.153682e+000 -5.920799e+000 -1.729875e+000 -3.190938e+000 -4.898923e+000 5.845292e+000 -7.584720e-001 -2.561197e+000 -7.762985e-001 1.074336e+000 -9.685845e-001 -3.305193e+000 -1.236007e-001 -8.984856e-001 9.315859e-003 -1.536794e+000 -6.128709e-001 1.409319e+000 -1.776206e+000 -8.786279e-002 -3.793930e-001 
7.620906e+000 1.451664e+001 -6.561698e+000 8.028902e+000 -4.817962e+000 -1.841062e+000 -3.024475e+000 -4.940873e+000 5.437239e+000 -1.026490e+000 -3.283585e+000 -3.465623e-001 1.315228e+000 -9.752622e-001 -2.993438e+000 -4.903218e-001 -6.339772e-001 -2.976203e-001 -1.617078e+000 -2.005750e-001 1.377017e+000 -1.681184e+000 -4.893401e-001 -4.258106e-001 
