1.101791e+001 8.718658e+000 -4.116919e+000 2.876811e+000 -9.876826e-001 1.044734e+000 -3.488041e-001 9.805779e-001 4.700718e-001 -1.011468e+000 -1.810917e+000 -4.692819e-002 
9.205613e+000 7.960599e+000 -3.845589e+000 4.009616e+000 -1.520432e+000 6.689949e-001 3.275314e-001 2.889652e-001 -1.276416e-001 -5.658690e-001 -1.619688e+000 -4.127748e-001 
8.610191e+000 8.323772e+000 -3.740811e+000 4.187410e+000 -2.003491e+000 9.874332e-001 -6.062951e-001 5.232276e-001 -2.441421e-001 6.819432e-002 -1.501255e+000 -2.205148e-001 
7.129869e+000 8.292653e+000 -4.748867e+000 4.058810e+000 -2.270496e+000 1.600748e+000 -1.161834e+000 6.542924e-001 -1.330338e-001 -1.330414e-001 -1.281821e+000 -3.134321e-001 
7.360365e+000 8.781291e+000 -4.950001e+000 3.771104e+000 -2.796988e+000 7.931935e-001 -4.633852e-001 7.086690e-001 -5.020048e-002 2.487132e-001 -1.232977e+000 -2.078274e-001 
8.393283e+000 8.215677e+000 -5.045641e+000 2.724849e+000 -2.075605e+000 9.436824e-001 -6.682480e-001 8.875949e-001 7.130756e-001 -4.942322e-001 -1.301764e+000 3.348270e-002 
1.026554e+001 8.543851e+000 -5.139715e+000 2.557615e+000 -2.475407e+000 1.268776e+000 -6.847585e-001 1.511938e+000 5.567807e-001 -1.700229e-001 -1.749978e+000 -1.494330e-001 
1.114941e+001 8.172823e+000 -3.947110e+000 2.342420e+000 -3.058279e+000 9.588859e-001 2.100517e-001 8.533493e-001 9.677024e-001 2.504930e-001 -1.563683e+000 -1.288063e+000 
1.284160e+001 7.416536e+000 -3.497581e+000 3.661225e+000 -3.134122e+000 7.421388e-001 -4.428357e-001 1.324222e+000 1.351348e+000 2.149932e-001 -2.000682e+000 -1.275202e+000 
1.307177e+001 8.267005e+000 -4.406083e+000 4.002995e+000 -2.538383e+000 8.197849e-001 -1.241856e+000 1.562387e+000 1.508351e+000 2.728190e-001 -2.116477e+000 -9.977437e-001 
1.455263e+001 7.769751e+000 -5.133158e+000 4.179818e+000 -2.869645e+000 1.062083e-001 -1.149948e+000 1.647120e+000 2.028631e+000 7.918630e-001 -2.274565e+000 -9.282870e-001 
1.545176e+001 7.969631e+000 -4.545818e+000 3.100969e+000 -2.870453e+000 -5.977690e-001 -1.028259e+000 1.736507e+000 2.619192e+000 8.133697e-001 -2.122355e+000 -1.059932e+000 
1.696578e+001 5.920136e+000 -2.331893e+000 2.715582e-001 -1.699658e+000 -1.256446e+000 2.200428e-001 9.126500e-001 2.007792e+000 2.826757e-001 -1.439912e+000 -5.995104e-001 
1.172764e+001 7.998665e+000 -3.757376e+000 1.597413e+000 -6.683667e-001 6.468472e-001 -1.916809e-001 7.032740e-001 9.767455e-001 -1.178950e+000 -1.604240e+000 5.456042e-002 
1.004358e+001 8.565536e+000 -3.561824e+000 3.335963e+000 -1.436884e+000 4.547230e-001 7.001594e-002 4.769839e-001 4.110240e-002 -3.536321e-001 -1.288967e+000 -1.331030e-001 
8.504946e+000 7.993615e+000 -3.914030e+000 4.044354e+000 -1.865901e+000 1.135034e+000 -1.797249e-001 2.073615e-001 -4.168911e-001 -1.303228e-001 -1.400058e+000 -1.669993e-001 
8.435518e+000 8.042764e+000 -4.376759e+000 3.185856e+000 -1.885056e+000 1.008008e+000 -7.151689e-001 3.393233e-001 2.353948e-001 -3.751629e-001 -1.039250e+000 -2.237898e-001 
7.296105e+000 7.774926e+000 -4.841451e+000 3.629892e+000 -2.032158e+000 7.785181e-001 -4.772866e-001 2.630932e-001 2.616135e-001 -1.258033e-001 -1.227868e+000 -1.966935e-001 
8.403771e+000 9.435654e+000 -5.013784e+000 3.151292e+000 -2.472320e+000 1.146351e+000 -7.049477e-001 1.226698e+000 2.600362e-001 -2.183733e-001 -1.452658e+000 1.039711e-001 
9.645479e+000 8.512953e+000 -5.798230e+000 2.336290e+000 -3.042996e+000 1.379644e+000 -5.919945e-001 1.374379e+000 6.685745e-001 -2.262369e-001 -1.462488e+000 -9.143275e-002 
1.093835e+001 8.389309e+000 -3.825874e+000 2.169508e+000 -3.002324e+000 7.347204e-001 9.211995e-002 9.625657e-001 9.642521e-001 3.446833e-001 -1.397112e+000 -1.123095e+000 
1.266369e+001 7.841319e+000 -3.166296e+000 3.474978e+000 -3.137790e+000 5.859522e-001 -4.824667e-001 1.303673e+000 1.440193e+000 2.012477e-001 -1.934088e+000 -1.411935e+000 
1.364212e+001 7.796546e+000 -3.676485e+000 3.341588e+000 -2.201848e+000 5.934897e-001 -6.884294e-001 1.236125e+000 1.558440e+000 -4.230069e-002 -1.761092e+000 -1.119613e+000 
1.423840e+001 7.903307e+000 -5.094790e+000 3.853228e+000 -2.845540e+000 3.862607e-001 -9.145892e-001 1.509276e+000 1.652934e+000 7.081857e-001 -2.085935e+000 -6.808239e-001 
1.556568e+001 7.821821e+000 -4.832021e+000 2.889480e+000 -3.118926e+000 -1.534372e-001 -1.048462e+000 1.834377e+000 2.215515e+000 8.549566e-001 -2.009108e+000 -8.207005e-001 
