1.896559e+001 1.755369e+001 -5.262875e+000 2.262289e+000 -1.780213e+000 7.862317e-001 -4.074487e+000 5.763474e-001 1.239587e+000 -2.973204e+000 -2.756947e+000 2.420512e-002 1.040063e+000 4.728674e-001 4.880013e-001 3.977817e-001 -1.605364e+000 -8.667339e-001 1.224506e+000 -5.021169e-001 3.273070e-001 1.462874e-001 1.441145e-001 5.937614e-001 
1.769983e+001 1.857702e+001 -5.385482e+000 2.416257e+000 -1.423215e+000 5.928271e-001 -4.461330e+000 7.551437e-001 1.688850e+000 -1.938918e+000 -2.967673e+000 -8.194606e-002 7.407277e-001 -5.852197e-002 5.363602e-001 5.081196e-001 -1.282119e+000 -1.216861e+000 4.313331e-001 -7.338816e-001 -1.344667e-002 2.349426e-001 6.848599e-001 4.774126e-001 
1.407346e+001 1.809649e+001 -4.081791e+000 2.573528e+000 3.218651e-001 2.329296e-001 -4.758527e+000 2.694103e-001 2.851731e+000 -2.493151e+000 -2.774905e+000 -4.864115e-001 4.706464e-001 -8.259938e-001 6.088923e-001 1.390663e+000 -1.067885e+000 -8.175312e-001 6.765892e-001 -7.276864e-001 -3.141201e-001 3.386588e-001 1.545893e-001 1.643178e-001 
8.336657e+000 1.539796e+001 -1.988183e+000 3.101193e+000 7.732701e-001 1.675178e+000 -2.341903e+000 3.958005e-001 1.025996e+000 -2.454131e+000 -2.032835e+000 -2.432205e-001 -2.915167e-002 -1.167825e+000 4.837547e-001 7.207479e-001 -6.194031e-002 4.297824e-001 6.407578e-001 -6.461813e-001 -8.774989e-001 -7.775056e-001 -7.647131e-001 1.917431e-001 
1.543428e+001 1.770850e+001 -4.880827e+000 3.546376e+000 -2.479499e-001 5.375573e-001 -6.496163e+000 1.167910e+000 2.908911e+000 -2.637915e+000 -1.210844e+000 6.697428e-001 -4.691854e-001 -1.819553e+000 1.956741e-002 1.294803e+000 -3.308834e-001 -2.384959e-001 1.028273e+000 -1.689015e+000 -6.734170e-001 -3.699284e-002 1.507927e-001 1.411564e-001 
1.712003e+001 1.741627e+001 -5.583065e+000 3.170545e+000 -1.454064e+000 2.448886e-002 -7.559733e+000 2.317490e+000 3.375306e+000 -2.420018e+000 -4.178886e-001 4.029606e-001 -4.021573e-001 -5.724416e-001 -3.608206e-001 6.632057e-001 -9.401059e-001 -1.135711e+000 1.017696e+000 -2.077371e+000 1.264806e-001 -4.631507e-002 4.746945e-001 4.834242e-001 
1.692915e+001 1.825666e+001 -6.334100e+000 3.257419e+000 -2.821908e+000 -7.439654e-002 -7.954954e+000 2.893359e+000 3.245405e+000 -2.030523e+000 -5.611102e-001 -2.108548e-001 8.563157e-002 -4.082370e-001 -1.175498e-001 1.373355e-001 -1.220414e-001 -1.248309e+000 1.375344e+000 -2.718433e+000 3.114145e-001 -3.019125e-001 6.478282e-001 7.024444e-001 
1.784436e+001 1.755028e+001 -4.855775e+000 2.470900e+000 -2.325624e+000 -7.620772e-001 -7.252100e+000 2.729443e+000 4.459081e+000 -1.263335e+000 -4.791179e-001 -7.615025e-001 -7.291673e-001 -3.942622e-001 -4.935808e-001 7.948250e-001 -3.664479e-001 -1.076637e+000 7.444304e-001 -2.365750e+000 -3.432114e-001 -1.941345e-001 5.159284e-001 4.404607e-001 
1.847806e+001 1.685315e+001 -4.441319e+000 7.728598e-001 -1.413258e+000 -1.558828e+000 -6.112177e+000 2.789353e+000 4.142783e+000 -1.533275e+000 -2.365517e-001 -8.480375e-001 -7.664909e-001 -7.056232e-001 -9.376536e-001 1.322267e+000 1.126054e-001 -9.022609e-001 5.024275e-001 -1.773079e+000 -6.335420e-001 2.286083e-001 3.362360e-001 5.070479e-001 
1.866635e+001 1.723397e+001 -4.074056e+000 4.663279e-001 -9.205149e-001 -1.123749e+000 -6.438216e+000 2.857721e+000 3.739892e+000 -1.605554e+000 -1.346649e+000 -4.444004e-001 -5.579358e-001 -1.013777e+000 -6.398430e-001 1.352638e+000 -2.874705e-002 -1.103196e+000 8.514706e-001 -1.922491e+000 -2.073127e-002 2.595229e-001 -7.357875e-002 4.219985e-001 
1.861548e+001 1.804967e+001 -4.252506e+000 5.584070e-001 -5.609663e-001 -5.663674e-001 -5.187539e+000 2.384305e+000 3.492959e+000 -1.407840e+000 -1.784188e+000 -2.567029e-001 4.025519e-002 -1.156241e+000 -4.628817e-001 8.868217e-001 -7.781047e-001 -1.153192e+000 7.065266e-001 -1.791621e+000 8.304014e-002 3.895487e-001 -5.348747e-001 3.725540e-001 
1.804036e+001 1.796187e+001 -3.940280e+000 1.203531e+000 -7.290258e-001 -6.509240e-001 -5.436537e+000 1.767756e+000 2.910939e+000 -9.815676e-001 -2.780782e+000 -1.023202e-001 3.712370e-001 -1.197334e+000 3.350457e-001 7.559471e-001 -8.311784e-001 -1.131830e+000 8.057922e-001 -1.540783e+000 2.679614e-001 4.770804e-001 -4.417641e-001 2.423469e-001 
2.052599e+001 1.454592e+001 -2.291354e+000 1.093126e-001 9.915268e-001 -1.125210e+000 -2.647467e+000 9.005839e-001 1.527845e+000 -1.495322e+000 -1.781090e+000 1.172506e-001 1.768748e-001 -6.009054e-001 8.503140e-001 4.203854e-001 -5.480044e-001 -2.504003e-001 -1.133969e-001 -1.635691e-001 2.623505e-003 -3.962054e-002 -4.565282e-002 6.467287e-001 
2.018852e+001 1.615536e+001 -3.852061e+000 1.075816e+000 -2.446724e-001 1.878720e-001 -3.323387e+000 4.383361e-001 1.575748e+000 -3.154955e+000 -2.411512e+000 -8.126824e-002 1.136046e+000 6.629413e-001 4.234955e-001 5.908006e-002 -1.859215e+000 -6.862408e-001 1.145490e+000 -3.249864e-001 -5.074130e-002 1.236496e-001 1.193858e-001 7.878949e-001 
1.861457e+001 1.726340e+001 -4.591740e+000 2.145515e+000 -9.167644e-001 -1.296211e-001 -4.083257e+000 4.126250e-001 2.083424e+000 -2.209231e+000 -2.881009e+000 -2.191387e-001 8.550965e-001 1.603969e-001 6.659634e-001 4.266779e-001 -1.471830e+000 -1.197636e+000 5.080111e-001 -4.772651e-001 9.258055e-002 2.274626e-001 4.683821e-001 4.669424e-001 
1.524611e+001 1.842892e+001 -4.747592e+000 2.160265e+000 -2.565099e-001 4.569770e-001 -5.263323e+000 6.339750e-001 2.702657e+000 -2.375702e+000 -2.821986e+000 -5.969603e-001 3.198113e-001 -5.898333e-001 8.817614e-001 1.273014e+000 -1.125036e+000 -1.301275e+000 5.703890e-001 -4.708284e-001 7.400773e-003 3.690803e-001 3.670013e-001 7.091273e-002 
7.356010e+000 1.673531e+001 -4.101137e+000 3.639726e+000 3.979839e-001 2.168700e+000 -3.164729e+000 9.905610e-001 2.034612e+000 -1.208261e+000 -1.540894e+000 -1.164050e-002 -1.482740e-002 -1.830679e+000 1.131445e-001 1.397317e-001 -8.979640e-001 -6.431256e-001 9.097620e-001 -6.957566e-001 -3.716113e-001 -8.708212e-002 3.767672e-001 7.060057e-001 
1.314106e+001 1.715014e+001 -5.228492e+000 4.506333e+000 -9.619885e-001 7.632360e-001 -5.983032e+000 1.987288e+000 2.924005e+000 -2.319176e+000 -1.801011e+000 3.099899e-001 -1.010438e-001 -1.707005e+000 4.115536e-001 8.450568e-001 -2.995273e-001 -2.468476e-001 1.229649e+000 -1.356997e+000 -6.325997e-001 -4.507844e-001 -2.740029e-001 1.288945e-001 
1.771218e+001 1.643755e+001 -4.734569e+000 2.276656e+000 -3.537448e-001 -8.538561e-001 -6.822669e+000 1.249917e+000 3.765335e+000 -2.382572e+000 -3.101714e-001 3.814472e-001 -5.599058e-001 -1.063410e+000 -2.328522e-001 1.315193e+000 -1.249581e+000 -9.797923e-001 7.027934e-001 -1.682908e+000 4.654735e-003 4.479870e-001 1.956302e-001 2.836928e-001 
1.835448e+001 1.685969e+001 -4.461755e+000 2.244724e+000 -8.547298e-001 -9.762533e-001 -7.250919e+000 1.838328e+000 3.519401e+000 -2.614850e+000 -3.173465e-001 -1.395119e-001 -5.289998e-001 -3.386234e-001 -6.001240e-001 9.372245e-001 -6.409790e-001 -6.595675e-001 7.081612e-001 -2.151075e+000 5.458154e-002 1.489798e-001 4.599109e-001 8.169565e-001 
1.904249e+001 1.584017e+001 -3.838129e+000 1.042778e+000 -1.561836e+000 -1.613422e+000 -6.384500e+000 1.994593e+000 4.632949e+000 -1.732854e+000 -3.206698e-001 -4.741032e-001 -4.789248e-001 -2.460594e-001 -6.393879e-001 1.010774e+000 -7.583610e-001 -7.088380e-001 4.041839e-001 -2.133683e+000 -5.244277e-001 1.178367e-001 2.187837e-001 5.100906e-001 
1.713036e+001 1.941027e+001 -6.154196e+000 2.891076e+000 -3.123457e+000 -1.773347e-001 -7.323494e+000 3.291706e+000 3.153116e+000 -1.191796e+000 -5.520425e-001 -5.845861e-001 -5.433718e-001 -1.308380e+000 -3.335199e-001 7.892684e-001 8.787142e-001 -1.369188e+000 1.235632e+000 -2.690624e+000 -2.985469e-002 -2.156232e-001 7.509001e-001 4.806692e-001 
1.883402e+001 1.722770e+001 -3.783968e+000 4.295421e-001 -9.335154e-001 -1.411278e+000 -6.239615e+000 3.000504e+000 3.789556e+000 -1.682833e+000 -1.051475e+000 -5.498335e-001 -5.293329e-001 -8.502313e-001 -8.802911e-001 1.295536e+000 3.215131e-002 -1.130564e+000 6.980608e-001 -1.909802e+000 -1.980630e-001 2.675085e-001 -1.039033e-002 3.481939e-001 
1.846437e+001 1.690533e+001 -3.581491e+000 4.143518e-001 -4.105628e-001 -1.485781e+000 -5.576529e+000 2.662958e+000 4.097561e+000 -1.578276e+000 -1.810363e+000 -5.090902e-001 -2.070435e-001 -8.263839e-001 -4.435224e-001 9.122648e-001 -7.543905e-001 -1.197662e+000 5.665692e-001 -1.587657e+000 6.990150e-002 3.523695e-001 -6.012914e-001 3.352544e-001 
1.740168e+001 1.865247e+001 -5.685428e+000 1.716224e+000 -2.137106e+000 1.247184e-001 -6.434984e+000 2.454380e+000 2.330353e+000 -1.047253e+000 -2.829747e+000 -4.844898e-002 4.282808e-001 -1.223006e+000 2.910820e-001 5.795672e-001 -4.334626e-001 -1.237794e+000 1.371759e+000 -1.878537e+000 4.313664e-001 2.907668e-001 -9.954264e-002 2.684113e-001 
