-4.578349e+000 1.298563e+001 4.285364e+000 1.326702e+000 3.969528e-001 4.480916e-001 2.241396e-001 1.143947e-001 2.991580e-001 -5.185461e-002 -1.978458e-001 -2.098782e-001 
-6.507138e+000 1.469791e+001 4.011653e+000 1.430888e+000 6.744651e-001 4.536440e-001 3.036280e-002 6.905312e-002 4.715014e-001 -9.136690e-002 -3.380158e-001 3.097634e-002 
-3.656006e+000 1.227896e+001 4.658290e+000 1.707005e+000 4.584150e-001 2.394409e-001 2.639285e-001 2.876785e-001 4.824067e-001 1.356627e-001 -3.715980e-001 -4.543297e-001 
-4.119989e+000 1.303217e+001 4.700631e+000 1.461244e+000 3.045232e-001 3.967172e-001 5.437654e-001 5.684311e-001 5.913688e-001 -3.617494e-002 -7.219149e-001 -6.079879e-001 
-8.453319e-001 1.277311e+001 2.029219e+000 1.879211e+000 1.575344e+000 3.682783e-001 2.122101e-001 4.410252e-001 3.316390e-001 8.355798e-002 -2.431213e-001 -8.105466e-001 
8.413848e+000 1.313817e+001 -1.686132e+000 1.253376e+000 1.504680e+000 2.351070e-001 -1.116834e-001 -3.048396e-001 -4.650143e-001 -6.477630e-001 -6.370291e-001 -1.572011e+000 
1.114487e+001 1.555812e+001 -3.475395e+000 2.990931e+000 7.387273e-001 4.583354e-001 -1.105052e+000 -1.084962e+000 -9.946509e-001 -1.171366e+000 -4.952550e-001 -1.560636e+000 
1.618852e+001 1.152087e+001 -1.744424e+000 2.920797e-001 1.035501e+000 -2.611901e-001 -2.464275e-001 -4.787256e-001 -1.285329e+000 -1.173035e+000 -5.501017e-001 -8.362837e-001 
1.245380e+001 7.419381e+000 1.620746e-001 6.231066e-002 7.611880e-001 4.119144e-001 1.777757e-001 -1.374662e-001 -6.850578e-001 -5.985309e-001 -1.791588e-001 -9.256005e-002 
-6.375480e+000 1.427225e+001 4.131370e+000 1.289379e+000 4.189790e-001 5.036437e-001 4.712123e-001 7.923319e-002 3.496195e-001 -1.605513e-001 -1.339360e-001 1.116413e-001 
-4.994678e+000 1.291582e+001 4.614771e+000 1.761627e+000 7.132545e-001 1.445223e-001 -8.064141e-002 1.424693e-001 4.767629e-001 1.126403e-001 -2.349590e-001 -1.958772e-001 
-6.322842e+000 1.429402e+001 4.486854e+000 1.472871e+000 4.341682e-001 6.444297e-001 4.582421e-001 1.618265e-002 6.322722e-001 2.723643e-001 -4.611261e-001 -5.552000e-001 
-3.485830e+000 1.236215e+001 4.531632e+000 1.582948e+000 5.310176e-001 4.922322e-001 4.841711e-001 5.675140e-001 4.409604e-001 -9.185081e-002 -3.537927e-001 -3.037613e-001 
3.240126e+000 1.275188e+001 -1.362849e-001 1.488529e+000 1.610301e+000 1.995776e-001 5.344421e-001 5.070246e-001 6.423079e-002 -4.412525e-002 -3.331961e-001 -1.044278e+000 
1.086719e+001 1.277555e+001 -1.716993e+000 1.147454e+000 1.930161e+000 4.646444e-002 -5.955067e-001 -7.708118e-001 -1.003226e+000 -8.236805e-001 -7.926372e-001 -1.732378e+000 
1.210284e+001 1.566431e+001 -3.649312e+000 2.800926e+000 1.085592e-001 2.686180e-001 -1.069908e+000 -9.006272e-001 -1.076529e+000 -1.350220e+000 -3.335279e-001 -1.197693e+000 
