7.451210e-001 1.731338e+001 -6.246837e+000 1.974167e+000 -2.026214e+000 -8.050290e-001 -3.261382e+000 4.601040e-001 1.376446e+000 -3.906242e+000 -2.731093e+000 -9.552406e-001 9.133487e-002 3.012351e-001 1.149097e+000 -2.572259e-001 -2.315958e+000 -7.582710e-001 1.555634e+000 -3.049536e-001 -4.018596e-001 -6.560735e-001 -1.243501e+000 -1.019294e+000 2.942656e-001 -1.423221e-001 3.052727e-001 3.287891e-002 -7.514092e-001 2.461543e-002 5.323856e-002 9.155453e-001 3.004803e-001 8.576087e-001 -4.726580e-001 -2.426506e-001 
2.295921e+000 1.941227e+001 -6.680436e+000 1.448148e+000 -2.008437e+000 5.844343e-001 -4.349441e+000 -4.080461e-002 2.256205e-003 -3.918037e+000 -3.488700e+000 -1.441719e+000 -1.572416e+000 -2.710785e-001 1.195738e+000 -4.793994e-001 -1.382014e+000 -6.815047e-001 1.990549e+000 -5.763918e-001 6.482551e-002 -1.308452e+000 -1.775524e+000 -1.965172e+000 -3.739828e-001 -1.987347e-001 -1.625854e-001 -3.151856e-001 -1.361512e+000 4.589025e-001 -3.218531e-001 9.807859e-001 -4.279491e-001 -2.961252e-001 -5.404114e-001 -4.019423e-003 
3.826078e+000 1.698202e+001 -5.568160e+000 5.203530e-001 -1.869072e+000 1.522780e-001 -5.233863e+000 -8.552293e-001 1.925490e-001 -4.039981e+000 -3.044436e+000 -7.426191e-001 -1.414247e+000 -1.346809e+000 1.433986e+000 1.727920e-002 -1.287269e+000 -8.526360e-002 2.031749e+000 -1.545676e-001 -3.999561e-001 -3.277296e-001 -1.604842e+000 -1.564691e+000 -3.328078e-001 -8.244822e-001 -3.146065e-001 -1.874276e-001 -7.543425e-001 -2.459132e-001 2.229016e-001 9.157753e-001 -3.063028e-001 8.336553e-002 -7.267456e-001 -2.014298e-001 
8.025483e+000 1.234039e+001 -6.666427e+000 4.261465e+000 -4.922457e+000 2.613805e+000 -7.140457e+000 -1.137096e+000 -9.793926e-001 -3.463121e+000 -5.316182e-001 -2.251963e+000 -1.805882e+000 -1.633407e+000 2.452637e+000 -1.684436e+000 7.762184e-002 4.256083e-001 1.263772e+000 1.609430e+000 -4.341442e-001 -5.138209e-002 -1.975272e+000 -5.946032e-001 -1.130048e+000 -9.263841e-001 -3.582874e-001 3.180765e-002 2.324183e-001 1.239145e-001 4.606575e-001 -8.182392e-001 -4.987127e-001 -2.547868e-001 6.926166e-001 -9.959878e-002 
9.918940e+000 1.200963e+001 -7.555761e+000 6.456596e+000 -5.957069e+000 3.547836e+000 -6.351692e+000 9.069773e-002 1.119063e-001 -2.102427e+000 -6.853100e-002 -2.700775e+000 -8.257938e-001 -8.177193e-001 2.362006e+000 -2.153000e+000 -2.953488e-001 4.406426e-001 1.237996e+000 -1.879723e-001 -8.663810e-002 -4.365750e-001 -2.181425e+000 -1.563120e-001 -1.062270e+000 -5.043463e-001 -4.622576e-001 -1.227186e-001 -2.220364e-001 1.121695e-001 6.028408e-001 3.627181e-001 5.861507e-001 -3.694356e-001 1.270252e-001 -3.048495e-002 
1.114602e+001 9.824207e+000 -6.819559e+000 5.014218e+000 -5.182955e+000 2.062422e+000 -5.254273e+000 3.699951e-001 -9.680424e-001 -4.036321e+000 -5.646006e-001 -1.747470e+000 -4.479647e-001 -5.979458e-001 5.148603e-001 -1.619382e+000 -4.632534e-001 1.110444e+000 9.203327e-001 -3.974155e-001 -2.148750e-001 -5.776695e-001 -8.652265e-001 -5.825978e-003 -3.796815e-001 -5.101613e-001 -5.267742e-001 -1.108659e-001 -8.329747e-001 1.964696e-001 1.147056e+000 3.761715e-001 -1.825695e-001 -8.040202e-002 5.405384e-001 4.624964e-001 
1.230410e+001 1.261785e+001 -3.565909e+000 6.053419e+000 -1.799050e+000 3.832327e+000 -3.708855e+000 -1.266281e-001 -2.317499e-001 -4.240117e+000 -1.244185e+000 -3.066060e+000 -1.492053e+000 -2.054099e+000 6.249684e-001 -4.854981e-001 -1.927815e+000 -1.188295e-001 -5.916064e-001 -1.527766e+000 -1.891389e+000 -1.122178e+000 -1.604122e+000 -2.482316e-001 -3.374869e-001 -6.417405e-001 7.339364e-001 1.328014e-001 -3.483697e-001 1.280234e-001 3.398408e-001 -2.645976e-001 -3.325820e-001 -4.309917e-001 -3.306680e-001 -2.715570e-002 
1.500941e+001 1.682924e+001 -6.779949e+000 7.137459e+000 -2.744169e+000 4.116866e+000 -4.980455e+000 -3.907393e+000 -1.221181e+000 -4.078780e+000 -2.118027e+000 -1.665031e+000 -1.670904e-001 -1.818476e+000 -3.199492e-002 -1.771175e-001 -2.171460e+000 -1.238060e+000 -4.501217e-001 -2.011302e+000 -2.367809e+000 -1.513140e+000 -1.410037e+000 -7.063480e-001 -1.102430e+000 -1.614227e+000 3.240508e-001 -6.364688e-001 -1.529643e-001 7.422678e-001 -4.282724e-001 6.871049e-001 -3.968594e-002 1.153130e-001 6.408045e-001 6.749542e-001 
1.752201e+001 1.751333e+001 -7.910010e+000 5.612022e+000 -4.049287e+000 3.877064e+000 -5.632272e+000 -3.103893e+000 -1.493312e+000 -4.551002e+000 -2.147602e+000 -8.947625e-001 3.660427e-001 -1.944236e+000 -8.414760e-001 -8.954931e-001 -1.763742e+000 -1.117408e+000 5.653729e-001 -2.374957e+000 -2.403158e+000 -1.432659e+000 -1.070428e+000 2.432422e-001 -7.858219e-001 -1.469111e+000 -6.987850e-001 -9.283674e-001 -1.237470e+000 3.656466e-001 -2.609865e-001 7.478657e-001 9.226602e-001 3.569455e-001 2.351707e-001 4.007707e-001 
1.722351e+001 1.892545e+001 -1.077939e+001 5.312969e+000 -5.358869e+000 2.813682e+000 -6.130286e+000 -3.066209e+000 -9.101872e-001 -5.479070e+000 -2.233294e+000 -6.451532e-001 -1.888808e-001 -1.826730e+000 -8.140483e-001 -1.475264e+000 -2.269623e+000 -2.221190e+000 5.916897e-001 -3.118450e+000 -1.886588e+000 -1.539885e+000 -5.726481e-001 3.035427e-001 -1.023482e+000 -1.797878e+000 -1.091242e+000 -6.990340e-001 -1.518567e+000 4.710964e-001 -6.175184e-001 6.526404e-001 7.062616e-001 8.164189e-001 -3.032953e-002 1.042822e+000 
1.714978e+001 1.883676e+001 -1.096456e+001 3.370046e+000 -3.538222e+000 1.946468e+000 -4.433638e+000 -2.872643e+000 6.732260e-001 -5.856466e+000 -1.693025e+000 5.484051e-001 5.426524e-001 -8.205734e-001 -5.571131e-001 -1.098942e+000 -4.142268e+000 -1.720377e+000 -7.503164e-002 -2.539861e+000 -1.885567e+000 -1.344484e+000 -7.807987e-001 3.194427e-001 -8.646474e-001 -1.681443e+000 -3.066109e-001 -7.761764e-001 -1.038562e+000 2.795207e-001 -1.774885e-001 5.205160e-001 1.529754e+000 5.743144e-001 -6.240704e-002 1.297261e+000 
1.669936e+001 2.063345e+001 -1.011168e+001 2.304873e+000 -2.936782e+000 4.183903e-001 -4.538822e+000 -2.061940e+000 3.953617e-001 -5.242153e+000 -1.696111e+000 9.417639e-002 3.775122e-001 -1.557506e+000 -3.026907e-001 -1.205661e+000 -4.105346e+000 -5.964118e-001 5.026691e-001 -1.806025e+000 -1.208210e+000 -1.076970e+000 -8.185029e-001 2.871007e-001 -1.249736e+000 -1.606987e+000 -2.550768e-001 -5.724033e-001 -1.207183e+000 6.949740e-002 3.696526e-002 2.226146e-002 1.351752e+000 -9.651751e-002 3.530561e-001 9.615014e-001 
1.732036e+001 2.148569e+001 -1.027052e+001 2.395012e+000 -3.969465e+000 8.819672e-001 -5.425661e+000 -7.107324e-001 3.406738e-001 -4.462831e+000 -2.703017e+000 -4.855133e-001 1.296141e-001 -2.668027e+000 -1.743975e-001 -1.609611e+000 -3.029275e+000 -1.204903e-001 1.710196e+000 -1.561142e+000 -8.166735e-001 -7.503862e-001 -1.137025e+000 -5.362366e-002 -1.435490e+000 -1.530192e+000 -5.973855e-001 -6.845834e-001 -7.970573e-001 3.425734e-001 -3.160069e-001 4.117245e-002 7.943479e-001 -1.850420e-001 4.863568e-002 6.450493e-001 
1.825150e+001 1.900942e+001 -7.684743e+000 5.539741e-001 -2.737732e+000 -4.516983e-001 -4.267020e+000 -8.125884e-001 3.893583e-001 -4.678258e+000 -2.913471e+000 -2.408520e-001 -6.696453e-001 -2.763068e+000 -7.710625e-001 -1.641815e+000 -2.980304e+000 5.285053e-001 1.117521e+000 -1.445872e+000 -9.421702e-001 -1.110214e+000 -1.500467e+000 -8.079923e-001 -1.912552e+000 -1.591497e+000 -3.325473e-001 -7.392895e-001 -4.587322e-001 6.816531e-001 -9.799801e-002 -3.260146e-001 7.218225e-001 -1.024098e-001 -4.662867e-001 6.166790e-001 
1.716388e+001 2.092091e+001 -9.175398e+000 2.116298e+000 -3.666267e+000 6.685070e-001 -5.472192e+000 5.584517e-001 6.763931e-002 -3.899670e+000 -2.622597e+000 -1.258268e-001 2.780108e-001 -3.047723e+000 -5.407771e-001 -1.651757e+000 -2.551135e+000 -3.166691e-001 1.834645e+000 -1.714569e+000 -9.007740e-001 -1.017163e+000 -1.566296e+000 -7.561153e-001 -2.163400e+000 -8.611715e-001 -4.710826e-001 -3.863841e-001 -3.421499e-001 5.388925e-001 -1.680922e-001 1.156149e-001 8.078883e-001 -2.586733e-001 -6.827068e-002 4.600170e-001 
1.873289e+001 1.918926e+001 -8.010616e+000 9.040681e-001 -2.617577e+000 -5.247069e-001 -4.965976e+000 -4.060645e-001 8.029543e-002 -3.755098e+000 -2.564610e+000 -1.791274e-001 -1.030218e-001 -2.592678e+000 -7.864824e-001 -1.147007e+000 -2.603226e+000 -4.253794e-001 1.601501e+000 -1.327665e+000 -6.858417e-001 -8.823407e-001 -1.441373e+000 -4.298632e-001 -2.193658e+000 -8.416627e-001 -2.238749e-001 -6.833943e-001 -3.169437e-001 4.214105e-001 -1.107541e-001 7.612337e-002 8.762694e-001 -5.346706e-001 1.113601e-001 4.119357e-001 
1.769892e+001 1.648427e+001 -5.318482e+000 4.995880e-001 2.699866e-001 -1.792867e+000 -2.596415e+000 -3.351357e-001 2.099062e-001 -2.422023e+000 -1.687413e+000 5.256515e-001 -1.343858e-001 -6.895581e-001 8.593551e-001 4.112077e-001 -1.080047e+000 3.154167e-001 1.546157e+000 -5.363413e-001 -7.337022e-001 -1.093753e-001 -2.694570e-001 -6.525603e-002 -8.662632e-001 -9.806001e-001 1.073703e-001 3.960749e-001 1.056759e-001 4.750658e-001 -1.271551e-002 6.348941e-002 2.424865e-001 -4.485581e-001 9.244557e-002 -1.450412e-001 
2.482176e+000 1.887821e+001 -6.773921e+000 2.891725e+000 -7.293419e-001 -1.775143e-002 -4.254197e+000 3.430877e-001 1.474065e+000 -3.782139e+000 -2.222061e+000 -8.786777e-001 -1.552842e+000 -1.516688e+000 5.600081e-001 -9.531793e-001 -3.186324e+000 -1.537427e+000 2.087013e+000 -9.535786e-002 -6.424403e-001 -1.165403e+000 -1.905762e+000 -1.606263e+000 -4.185959e-001 -1.503690e+000 -2.276672e-001 1.261683e-001 -5.170403e-001 4.615438e-001 1.863213e-001 1.206619e+000 -3.526228e-001 -7.276275e-002 -3.424768e-001 4.641901e-001 
3.223324e+000 1.894513e+001 -7.361201e+000 1.105339e+000 -1.743818e+000 3.015306e-001 -4.187151e+000 5.129771e-001 1.122152e+000 -2.872788e+000 -2.113805e+000 -3.746477e-001 -1.381386e+000 -1.302988e+000 -3.770022e-003 -1.265099e+000 -2.688222e+000 -1.722278e+000 1.760351e+000 -1.410951e+000 -9.677865e-001 -1.625780e+000 -1.006048e+000 -1.145970e+000 -1.180282e+000 -1.536919e+000 -3.293375e-001 9.623088e-001 -7.134358e-001 6.339488e-001 1.731243e-001 1.115261e+000 -4.648349e-001 -7.720887e-002 -1.230314e-001 4.942445e-001 
2.855266e+000 1.707705e+001 -5.628692e+000 2.206300e+000 -2.579851e+000 3.950776e-001 -5.031265e+000 7.994046e-001 1.077589e+000 -3.492594e+000 -2.923011e+000 -7.930531e-001 -1.737239e+000 -2.513211e+000 5.048026e-001 -1.179624e+000 -1.532449e+000 -6.554254e-001 1.314282e+000 -7.603176e-001 -1.107202e-001 -7.044230e-002 -1.669853e+000 -1.631255e+000 -2.912814e-001 -1.279070e+000 -6.581256e-001 1.507030e-001 -2.126665e-001 4.948129e-002 2.603444e-001 1.073318e+000 -6.208434e-001 3.192892e-002 -2.979881e-001 3.142992e-001 
8.812755e+000 1.104151e+001 -6.957529e+000 4.552712e+000 -4.831270e+000 3.884397e+000 -5.086321e+000 1.030914e+000 6.623398e-001 -2.247844e+000 7.550933e-001 -1.633111e+000 -1.939329e+000 -2.244958e+000 1.767865e+000 -3.092301e+000 -1.768977e+000 -1.085320e+000 2.408090e-001 1.391771e+000 -6.108522e-001 -8.224797e-001 -3.136232e+000 -6.954106e-001 -6.236591e-001 -6.360889e-001 -8.311060e-001 -5.158119e-001 1.757507e-001 1.529328e-001 9.823511e-001 1.493523e-001 6.426809e-001 4.660260e-002 7.026574e-001 -4.802077e-002 
9.927066e+000 1.159149e+001 -9.354308e+000 5.070470e+000 -6.366078e+000 3.619424e+000 -5.046095e+000 1.851474e+000 8.806142e-001 -2.012055e+000 -1.493590e-001 -2.274650e+000 -5.942405e-001 -1.230665e+000 1.091270e+000 -3.227465e+000 -1.399578e+000 -4.584482e-001 1.182423e+000 -2.592542e-002 1.045209e-001 -8.455468e-001 -2.202602e+000 -3.896198e-001 -1.348510e+000 -7.760654e-001 -5.580196e-001 -1.256287e-001 -6.199775e-001 7.136538e-002 3.922699e-001 3.176442e-001 4.069331e-001 -1.188902e-001 4.635697e-002 -1.511932e-001 
1.023746e+001 1.126262e+001 -8.936855e+000 5.334179e+000 -7.174965e+000 3.462903e+000 -5.155929e+000 2.795779e+000 6.078773e-002 -2.627467e+000 4.788464e-001 -8.470792e-001 8.645386e-001 -3.916768e-001 9.581449e-001 -2.311006e+000 -8.185203e-001 -2.725229e-002 1.382532e+000 -3.060438e-001 2.362138e-001 -1.222157e+000 -1.326570e+000 -2.985333e-001 -6.397680e-001 -6.727688e-001 -5.202175e-001 6.547678e-001 -1.016185e+000 2.335728e-001 4.151836e-001 5.414115e-002 -1.191772e+000 -3.632831e-001 7.847073e-002 2.356395e-001 
1.171193e+001 1.657267e+001 -5.629947e+000 7.008587e+000 -4.487684e+000 5.030260e+000 -4.327957e+000 3.598898e-001 -2.146046e-001 -3.998012e+000 -1.467549e+000 -2.776981e+000 -1.607088e-001 -2.114982e+000 8.000818e-001 -1.570932e+000 -2.075089e+000 -7.002263e-001 3.714911e-001 -6.401031e-001 -9.616232e-001 -1.137907e+000 -2.480162e+000 -1.011986e+000 -1.108178e+000 -4.308392e-001 9.492868e-001 5.210227e-001 1.152316e-003 4.559864e-001 3.009142e-001 3.590883e-001 7.756774e-002 -1.154007e+000 -9.861410e-001 -1.521526e-002 
1.565616e+001 1.835530e+001 -7.779284e+000 6.557400e+000 -4.809586e+000 4.190489e+000 -4.915723e+000 -2.869469e+000 -1.107747e+000 -3.965796e+000 -2.095712e+000 -1.338531e+000 3.120142e-001 -2.016572e+000 -5.577966e-001 -1.271267e+000 -2.484761e+000 -1.267000e+000 7.012758e-001 -1.539875e+000 -1.767240e+000 -1.810292e+000 -2.003644e+000 -1.556376e+000 -1.216468e+000 -1.267921e+000 5.404643e-001 -5.620689e-001 -1.480487e-001 7.906689e-001 -5.017117e-001 8.439465e-001 -2.808670e-002 -3.116307e-002 3.924407e-001 4.507329e-001 
1.799881e+001 1.792879e+001 -8.258923e+000 5.181516e+000 -4.605891e+000 3.535619e+000 -5.623112e+000 -2.453107e+000 -7.540910e-001 -3.960089e+000 -1.796670e+000 -8.959665e-001 3.687116e-001 -1.952772e+000 -7.672211e-001 -1.183362e+000 -2.139633e+000 -1.231465e+000 5.986645e-001 -2.493588e+000 -2.177261e+000 -1.247936e+000 -1.023727e+000 -9.510405e-002 -9.411050e-001 -1.542901e+000 -6.849654e-001 -8.455769e-001 -8.428734e-001 7.383674e-001 -1.517548e-001 7.189017e-001 1.032473e+000 3.504371e-001 1.379250e-001 5.352935e-001 
1.726827e+001 1.875522e+001 -1.023617e+001 5.464549e+000 -4.288835e+000 2.800448e+000 -5.797605e+000 -3.219289e+000 -8.180942e-001 -5.790299e+000 -2.033365e+000 -5.012376e-002 -1.448922e-001 -1.370692e+000 -1.132709e+000 -1.328889e+000 -2.588041e+000 -2.053318e+000 4.441941e-001 -3.051324e+000 -2.086966e+000 -1.293043e+000 -4.047499e-001 3.615137e-001 -9.442221e-001 -1.830121e+000 -1.158755e+000 -8.096488e-001 -1.088002e+000 4.024209e-001 -4.799249e-001 5.895478e-001 9.729574e-001 5.576101e-001 -6.486481e-002 1.195376e+000 
1.773352e+001 1.971196e+001 -1.004850e+001 3.396131e+000 -3.011876e+000 1.521797e+000 -4.554153e+000 -3.342317e+000 6.895638e-001 -5.565226e+000 -1.641422e+000 4.066479e-001 3.080402e-002 -1.277365e+000 -8.033541e-001 -8.775688e-001 -3.943854e+000 -1.026839e+000 2.442823e-001 -2.391884e+000 -1.797772e+000 -1.313797e+000 -6.635969e-001 2.686546e-001 -8.989949e-001 -1.841027e+000 -4.772053e-001 -7.443989e-001 -1.003027e+000 3.575456e-001 -2.307177e-001 3.193678e-001 1.482727e+000 4.108339e-001 -5.201275e-002 1.244465e+000 
1.770159e+001 2.119279e+001 -9.352276e+000 2.751356e+000 -2.408326e+000 5.888807e-001 -4.404113e+000 -1.809462e+000 1.460737e-001 -5.362326e+000 -1.993414e+000 -1.607786e-001 2.551318e-001 -1.712771e+000 -1.851865e-001 -1.221908e+000 -3.956468e+000 -3.278878e-001 8.008221e-001 -1.743374e+000 -1.425444e+000 -9.164160e-001 -8.711104e-001 2.633801e-001 -1.305551e+000 -1.611867e+000 -4.254479e-001 -7.920469e-001 -1.070362e+000 9.030200e-002 -6.665520e-002 1.108467e-001 1.327224e+000 -5.850235e-002 3.025024e-001 9.120068e-001 
1.890825e+001 1.962268e+001 -7.425818e+000 1.050043e+000 -1.931593e+000 -2.447897e-001 -4.531133e+000 -1.385041e+000 6.338668e-001 -4.536499e+000 -2.929209e+000 -7.976588e-002 -3.078760e-001 -2.372031e+000 -5.585646e-001 -1.173087e+000 -3.238009e+000 1.761007e-001 1.383959e+000 -1.656173e+000 -1.219250e+000 -8.365059e-001 -1.008468e+000 -1.281375e-001 -1.681806e+000 -1.789369e+000 -5.025256e-001 -7.415415e-001 -5.073514e-001 3.946355e-001 -4.168696e-001 -1.368107e-001 9.891796e-001 -1.844108e-001 -7.433816e-002 7.184717e-001 
1.843872e+001 1.972830e+001 -7.572296e+000 1.232661e+000 -2.644754e+000 -5.140705e-001 -4.931659e+000 -1.015547e+000 1.899883e-001 -4.779207e+000 -3.064040e+000 -4.585642e-001 -7.260818e-001 -2.714962e+000 -5.693767e-001 -1.517069e+000 -2.971529e+000 4.142914e-001 1.211672e+000 -1.777265e+000 -1.228121e+000 -1.038516e+000 -1.289394e+000 -5.862276e-001 -1.944906e+000 -1.667869e+000 -5.383093e-001 -6.223792e-001 -2.350740e-001 5.348380e-001 -3.282777e-001 -3.532538e-001 8.939371e-001 -3.739433e-002 -4.040302e-001 4.874682e-001 
1.934958e+001 1.937375e+001 -6.414110e+000 5.708970e-001 -2.086779e+000 -5.972092e-001 -4.510903e+000 -3.488371e-001 3.595430e-001 -4.272506e+000 -2.898618e+000 -3.595520e-001 -2.994184e-002 -2.546053e+000 -9.079003e-001 -8.932622e-001 -2.457170e+000 1.027198e-001 1.480135e+000 -1.493039e+000 -8.902073e-001 -7.765884e-001 -1.532054e+000 -5.951015e-001 -2.019888e+000 -1.095839e+000 -3.721171e-001 -6.927309e-001 -2.494055e-001 3.653905e-001 9.541926e-002 -2.192181e-002 7.111327e-001 -3.313619e-001 -2.071045e-002 3.863127e-001 
