7.161862e+000 9.847549e+000 -9.028619e-001 8.851141e-001 2.706002e+000 1.307505e+000 5.273641e-001 -6.462323e-001 -2.375964e-002 -1.770574e-001 -1.316931e+000 4.225395e-001 
7.024965e+000 9.950377e+000 -4.149090e-001 3.881097e-001 2.275546e+000 1.107061e+000 8.978705e-002 -4.625711e-001 4.167521e-002 -2.947408e-001 -1.026219e+000 6.855284e-001 
6.924155e+000 1.043227e+001 -4.277328e-001 7.506752e-001 2.241306e+000 1.757107e+000 -1.264515e-001 -2.624399e-001 2.032156e-001 -6.937666e-001 -1.116243e+000 6.798846e-001 
5.896465e+000 1.094970e+001 -8.908198e-001 5.174575e-001 1.295865e+000 2.476554e+000 -8.476108e-001 4.174544e-002 2.037723e-001 -3.438468e-001 -1.411869e+000 1.182949e+000 
6.190181e+000 1.080303e+001 -9.378167e-001 7.804477e-001 1.702477e+000 2.295118e+000 -4.830974e-001 3.462749e-002 -1.005259e-001 -4.575910e-001 -1.281036e+000 9.823489e-001 
6.275510e+000 1.119755e+001 -8.581302e-001 1.357164e+000 1.355391e+000 2.503562e+000 -3.571471e-001 -3.348441e-001 -1.270623e-001 -2.812313e-001 -1.029531e+000 9.921718e-001 
6.736645e+000 9.852024e+000 -9.912161e-001 5.876318e-001 1.998340e+000 2.665354e+000 -7.572459e-001 -1.314229e-001 1.563521e-001 -7.781735e-001 -7.346037e-001 1.122742e+000 
1.089327e+001 9.026927e+000 -1.400623e+000 -4.995142e-001 3.000700e+000 2.099030e+000 -1.607682e+000 -5.426259e-001 8.637930e-001 -1.179718e+000 -9.598727e-001 1.305461e+000 
1.352277e+001 8.199413e+000 -2.485746e+000 -1.373629e-001 3.284471e+000 2.570260e+000 -2.478381e+000 -1.272806e+000 1.104866e+000 -1.233117e+000 -1.200947e+000 1.910993e+000 
1.400673e+001 7.453596e+000 -2.815156e+000 2.750914e-001 4.264662e+000 1.912184e+000 -2.385122e+000 -1.207683e+000 7.739829e-001 -1.128849e+000 -1.129972e+000 1.964483e+000 
1.407386e+001 7.182378e+000 -2.923765e+000 8.615568e-001 4.508004e+000 1.873326e+000 -2.885050e+000 -1.338960e+000 8.469617e-001 -1.117650e+000 -1.020161e+000 2.016237e+000 
1.409323e+001 7.127134e+000 -3.376021e+000 1.343197e+000 4.556900e+000 1.350786e+000 -2.617656e+000 -1.323965e+000 4.232825e-001 -9.672766e-001 -4.858060e-001 1.544375e+000 
1.440862e+001 6.728003e+000 -3.474451e+000 8.008594e-001 4.763062e+000 8.643123e-001 -2.399782e+000 -1.248764e+000 1.951810e-001 -8.127589e-001 -5.641603e-001 1.440300e+000 
1.455702e+001 6.551216e+000 -4.246618e+000 1.477782e+000 4.285980e+000 1.295570e+000 -1.956190e+000 -1.058270e+000 -5.128162e-002 -7.290574e-001 -6.065857e-001 1.160729e+000 
1.514220e+001 6.669905e+000 -4.769331e+000 1.967996e+000 3.937703e+000 1.601843e+000 -1.830809e+000 -1.227482e+000 1.315260e-001 -1.022011e+000 -3.882749e-001 1.271624e+000 
1.573444e+001 5.920226e+000 -3.485786e+000 1.119769e+000 3.838792e+000 1.348442e+000 -9.529853e-001 -5.204656e-001 1.465816e-001 -7.361518e-001 -4.161308e-001 1.017579e+000 
7.696783e+000 9.943962e+000 -7.551466e-001 8.609520e-001 2.466767e+000 1.283213e+000 5.709080e-001 -4.745004e-001 5.885922e-002 -9.187483e-002 -1.147941e+000 4.063444e-001 
6.793360e+000 1.014631e+001 -3.490825e-001 4.917013e-001 2.754911e+000 1.457343e+000 -1.231332e-002 -2.590025e-001 1.456461e-001 -4.457750e-001 -1.136376e+000 6.007872e-001 
6.336663e+000 1.043428e+001 -3.894628e-001 5.356170e-001 2.388952e+000 1.541510e+000 4.166606e-002 -1.224558e-001 1.382046e-001 -4.842502e-001 -1.017465e+000 6.697944e-001 
5.941780e+000 1.068019e+001 -5.101114e-001 -6.090917e-002 1.785713e+000 2.331370e+000 -4.708147e-001 6.017063e-002 2.064647e-001 -3.822073e-001 -1.365659e+000 8.032441e-001 
5.928192e+000 1.136252e+001 -1.044774e+000 8.861813e-001 1.546213e+000 2.219824e+000 -4.989254e-001 1.559807e-001 3.600228e-002 -4.531981e-001 -1.320873e+000 9.153167e-001 
6.182233e+000 1.119770e+001 -1.399248e+000 1.903733e+000 1.402555e+000 2.627125e+000 -4.760909e-001 -2.164270e-001 -1.941961e-002 -4.909421e-001 -1.241875e+000 1.203314e+000 
6.598941e+000 1.001131e+001 -9.070633e-001 8.231805e-001 1.837577e+000 2.777206e+000 -7.182891e-001 -1.972534e-001 2.320812e-001 -7.277134e-001 -9.617157e-001 1.292342e+000 
1.077849e+001 9.006547e+000 -1.538972e+000 -3.300258e-001 3.096797e+000 2.389059e+000 -1.583741e+000 -2.038284e-001 9.633600e-001 -1.248319e+000 -1.061086e+000 1.300980e+000 
1.386855e+001 7.820151e+000 -2.249077e+000 -1.938425e-001 3.781156e+000 2.592896e+000 -2.140138e+000 -1.228620e+000 1.310994e+000 -1.381228e+000 -1.363805e+000 1.913976e+000 
1.410300e+001 7.109009e+000 -2.742614e+000 2.695475e-001 4.462834e+000 2.045032e+000 -2.126145e+000 -1.142564e+000 8.399913e-001 -1.196195e+000 -1.275271e+000 1.841614e+000 
1.414158e+001 7.188779e+000 -2.712876e+000 5.841097e-001 4.685014e+000 1.730653e+000 -2.508967e+000 -1.160865e+000 1.075213e+000 -1.269840e+000 -1.232048e+000 1.804223e+000 
1.411632e+001 7.104305e+000 -3.174987e+000 1.290304e+000 4.715723e+000 1.602158e+000 -2.237230e+000 -1.196474e+000 6.668965e-001 -1.219954e+000 -7.108989e-001 1.373282e+000 
1.434483e+001 6.869822e+000 -3.113799e+000 1.134180e+000 4.987942e+000 1.268131e+000 -1.747100e+000 -1.031966e+000 2.097019e-001 -7.079446e-001 -7.538409e-001 1.336064e+000 
1.461920e+001 6.998552e+000 -3.802313e+000 1.263742e+000 4.836628e+000 1.176030e+000 -1.940123e+000 -9.403585e-001 -8.679023e-002 -7.551828e-001 -6.128749e-001 1.282986e+000 
1.497255e+001 6.544555e+000 -4.794052e+000 2.040524e+000 3.654020e+000 1.573786e+000 -1.843642e+000 -1.189143e+000 -1.784714e-001 -8.253929e-001 -4.715205e-001 1.212965e+000 
