3.461522e+000 2.292390e+001 -1.234424e+001 2.635811e+000 -1.516555e+000 -2.450167e+000 -1.532629e+000 -7.605034e+000 2.675572e+000 -1.883977e+000 -5.681090e+000 -1.312661e+000 5.846865e-001 3.209574e-001 -1.104869e+000 1.149538e+000 -4.362491e-001 -3.962538e+000 -9.570167e-001 -4.684761e-001 -7.080851e-001 -4.686068e-001 3.252278e-001 2.542331e+000 3.642250e-001 6.148990e-001 1.715696e+000 7.292591e-002 -1.311402e-001 -1.230075e-001 1.175402e+000 4.829978e-001 -1.338425e+000 -5.387175e-002 6.251950e-002 -3.329715e-001 
5.717110e+000 1.975644e+001 -8.871382e+000 1.380508e-001 -7.906560e-001 -3.797621e-001 -2.978529e+000 -5.942707e+000 2.366797e+000 -1.612909e+000 -5.867680e+000 -1.336012e+000 8.750528e-001 1.181204e-001 -7.599693e-001 4.749044e-001 -1.067163e+000 -3.208791e+000 -8.843691e-001 -4.493296e-001 3.259154e-002 -1.020572e-001 -3.891376e-001 1.488864e+000 2.986177e-001 9.466070e-002 1.701880e+000 7.313529e-001 3.603766e-002 3.824082e-002 7.198548e-001 3.620909e-001 -9.179306e-001 -3.705296e-001 -2.431383e-001 -7.456380e-001 
9.500751e-001 2.368527e+001 -7.778172e+000 2.713630e+000 -1.691098e+000 -2.093196e+000 -2.329430e+000 -4.598243e+000 3.319778e+000 -1.704982e+000 -3.926584e+000 -1.933085e+000 -4.466448e-001 -6.619334e-001 -9.482865e-001 -1.466122e-001 -9.295342e-001 -2.288183e+000 -1.116862e+000 -3.391081e-001 -3.480709e-001 -5.354800e-001 -6.529147e-001 9.874633e-001 1.282764e+000 -2.342547e-001 1.019438e+000 5.718701e-001 -4.674883e-002 5.077091e-001 6.257506e-001 4.046546e-002 -1.035691e+000 -5.194101e-001 -2.674687e-001 -1.085570e+000 
-1.721242e-001 2.098654e+001 -5.596242e+000 2.368360e+000 -1.511444e+000 -1.414044e+000 -2.510722e+000 -3.144637e+000 3.479689e+000 -1.223335e+000 -3.901459e+000 -2.565556e+000 -1.315342e+000 -1.359818e+000 -1.666281e+000 -7.261514e-001 -7.523190e-001 -1.863112e+000 -8.812559e-001 -1.416461e-001 -1.807568e-001 -1.130298e+000 -1.021802e+000 1.373520e+000 7.034633e-001 -7.219696e-001 8.594637e-001 8.944848e-001 2.036734e-001 5.287521e-001 9.279024e-001 -6.679798e-002 -1.366832e+000 -7.169114e-001 -6.199785e-001 -1.102351e+000 
9.623874e-001 2.042674e+001 -4.098023e+000 1.613589e+000 -1.572132e+000 -2.141502e+000 -3.134330e+000 -3.076058e+000 2.926420e+000 -1.210740e+000 -3.679047e+000 -1.566261e+000 -1.553293e+000 -1.734613e+000 -1.324353e+000 -5.080869e-001 -1.001342e+000 -1.785008e+000 -4.769411e-001 -4.460925e-001 -5.372372e-001 -1.133315e+000 -9.456483e-001 1.336157e+000 3.976507e-001 -5.108384e-001 6.658792e-001 6.168915e-001 4.441911e-001 3.993039e-001 8.151056e-001 1.717753e-001 -1.389141e+000 -7.659907e-001 -4.137581e-001 -7.403830e-001 
-2.397229e+000 2.244645e+001 -6.552232e+000 3.584306e+000 -7.745119e-001 -1.544182e+000 -2.304725e+000 -5.957863e+000 4.471419e+000 -1.879277e+000 -3.868278e+000 -1.331965e+000 -1.003680e+000 -2.038303e-001 -1.357054e+000 2.512468e-002 -7.773070e-001 -2.557485e+000 -3.775042e-001 -1.011027e+000 -9.364202e-001 -1.051462e+000 -9.365877e-001 1.629823e+000 -3.796785e-001 -4.180950e-001 5.269756e-001 3.964167e-001 7.980809e-001 1.770222e-001 2.376884e-001 1.700013e-001 -3.081809e-001 3.808959e-001 -1.035183e+000 -6.868612e-001 
-8.703387e-001 2.190405e+001 -6.316538e+000 3.318961e+000 -7.931412e-001 -1.020434e+000 -1.892397e+000 -5.137632e+000 3.183815e+000 -2.236972e+000 -3.821541e+000 -1.307512e+000 -1.564671e+000 -5.607398e-001 -1.107595e+000 4.433233e-001 -4.760851e-002 -3.242692e+000 -7.667185e-001 -7.477171e-001 -1.063952e+000 -1.426605e+000 -1.119962e+000 1.647328e+000 5.362565e-001 -4.251112e-001 2.735541e-001 -5.170280e-002 5.621325e-001 1.036486e-001 6.171737e-001 3.751447e-001 -5.250440e-001 -2.452233e-002 -6.351949e-001 -8.108639e-001 
-3.254741e+000 2.416561e+001 -8.233632e+000 4.133927e+000 8.207487e-001 -2.170034e+000 -3.824171e-001 -6.137908e+000 3.992634e+000 -4.132202e+000 -4.254811e+000 -1.595170e+000 -2.871246e+000 1.475982e-001 -1.594918e+000 -6.875414e-002 -1.023954e+000 -3.922617e+000 -4.382700e-001 -5.768979e-001 -9.720362e-003 -9.818363e-001 -1.774015e+000 1.532182e+000 -4.902560e-001 -4.038213e-001 6.149579e-001 2.161089e-001 7.589321e-001 -9.156446e-001 2.178040e-001 3.001052e-001 -6.576874e-001 4.669325e-001 -7.882719e-001 -5.830805e-001 
2.761957e+000 1.811975e+001 -4.832580e+000 8.308795e-001 7.551794e-001 -3.268989e-001 -3.170070e+000 -3.835518e+000 1.973073e+000 -1.271354e+000 -4.705396e+000 -2.515227e+000 -1.625305e+000 -1.640228e+000 -1.211608e+000 3.071350e-001 -8.820270e-001 -3.023175e+000 -1.044090e+000 -1.584883e-001 -5.402851e-001 -1.290659e+000 -1.473038e+000 4.902962e-001 -9.908106e-002 -1.007923e+000 7.236878e-001 9.662652e-001 3.162377e-001 -5.215940e-002 -2.731427e-002 3.308359e-001 -4.674290e-002 -3.586015e-001 -8.152567e-001 -1.278309e+000 
1.844715e+000 2.398107e+001 -1.074325e+001 3.293596e+000 1.032424e+000 -5.117686e-001 -2.544595e+000 -7.290593e+000 4.569844e+000 -1.260348e+000 -3.619542e+000 -7.649204e-001 -1.526518e+000 -1.146707e+000 -2.271269e+000 1.929440e+000 7.893042e-001 -3.504174e+000 -6.724688e-001 -4.326262e-001 8.962018e-002 -5.100946e-001 -1.810996e+000 1.437564e+000 -3.091117e-001 -6.243619e-001 1.122766e+000 6.534675e-001 5.127638e-001 6.120156e-002 1.159047e+000 4.112935e-001 -6.696912e-001 3.596364e-001 -1.140764e+000 -1.338593e+000 
3.530946e+000 1.899814e+001 -7.997746e+000 1.840567e+000 1.215479e+000 1.786694e-001 -4.390651e+000 -6.428022e+000 3.535338e+000 5.049349e-001 -3.966178e+000 -1.423826e+000 -8.692240e-001 -1.750912e+000 -1.878432e+000 1.540896e+000 5.952672e-001 -4.080580e+000 -1.398667e+000 8.270245e-001 -3.398088e-001 -1.234663e+000 -1.027163e+000 3.504545e-001 -4.676414e-001 -2.006457e-001 1.030544e+000 -1.584938e-001 -5.635730e-002 1.112951e+000 1.331525e+000 2.263373e-001 -1.009793e+000 -2.488285e-001 -1.289284e-001 -9.799983e-001 
3.105044e-001 2.413914e+001 -1.173683e+001 3.140473e+000 1.168352e+000 -1.271679e+000 -1.412673e+000 -8.762764e+000 4.652603e+000 -1.515094e+000 -4.829184e+000 -1.368103e+000 -1.093136e+000 -1.060319e+000 -2.495137e+000 2.303263e+000 -1.781251e-001 -4.574579e+000 -5.573465e-001 -3.795855e-002 -2.290664e-001 -1.251173e+000 -1.631986e+000 1.299097e+000 -6.057568e-001 4.799936e-001 1.215832e+000 -6.925211e-001 3.756077e-001 5.228245e-001 1.346562e+000 -4.829261e-002 -1.612912e+000 8.459210e-002 -5.089312e-001 -3.544032e-001 
2.463357e+000 2.207213e+001 -1.081659e+001 2.639040e+000 5.424273e-001 -6.323866e-001 -2.345162e+000 -6.192618e+000 3.993411e+000 -9.697256e-001 -4.421326e+000 -1.849057e+000 -1.266161e+000 -1.474118e+000 -1.768184e+000 1.322575e+000 -4.786748e-001 -4.110627e+000 -4.287293e-001 1.485112e-001 4.607284e-001 -9.059886e-001 -1.758406e+000 1.069757e+000 1.034420e-001 1.983372e-001 7.460042e-001 -5.608258e-001 4.228222e-001 6.524850e-001 1.259106e+000 1.215539e-001 -1.500390e+000 -1.179574e-001 -2.375095e-001 -5.293410e-001 
1.776514e+000 2.424166e+001 -1.129137e+001 2.597403e+000 3.896144e-001 -1.795892e+000 -2.567321e+000 -7.272440e+000 4.505521e+000 -1.150003e+000 -4.086704e+000 -1.264531e+000 -1.139044e+000 -1.010738e+000 -1.023125e+000 1.385447e+000 -8.202415e-001 -3.926781e+000 -4.406613e-001 -3.471416e-001 7.034918e-001 -8.008246e-001 -2.304397e+000 6.299826e-001 1.161908e-001 2.271402e-001 8.711295e-001 -3.081146e-001 5.376777e-001 6.186595e-001 1.599423e+000 1.311082e-001 -1.348976e+000 -3.406980e-002 -7.741024e-001 -5.858228e-001 
3.665904e+000 2.099127e+001 -9.756194e+000 1.822649e+000 2.264351e-001 -6.157331e-001 -3.202706e+000 -6.570867e+000 3.269082e+000 1.785974e-001 -4.163895e+000 -1.779348e+000 -1.137784e+000 -1.567795e+000 -1.706080e+000 1.255479e+000 -1.538908e-001 -3.561361e+000 -8.495001e-001 -4.675117e-002 1.866323e-001 -7.243504e-001 -1.913436e+000 4.254175e-001 -9.183802e-002 -2.184973e-001 9.407945e-001 -1.772725e-001 7.753893e-003 9.431670e-001 1.314650e+000 2.646048e-002 -9.183986e-001 4.439975e-002 -4.043818e-001 -8.375014e-001 
5.424031e+000 1.951455e+001 -8.009117e+000 1.855135e+000 1.428912e+000 -1.332504e+000 -5.021074e+000 -6.363148e+000 2.668844e+000 6.023970e-001 -4.541964e+000 -2.014714e+000 -9.789067e-001 -2.109605e+000 -8.119638e-001 1.904844e+000 -3.921244e-002 -3.292189e+000 -1.473223e+000 -3.690918e-002 4.451603e-002 -1.174782e+000 -1.688431e+000 2.006975e-001 -1.862470e-001 -1.085535e-001 1.272482e+000 1.456348e-001 -8.251955e-002 1.089314e+000 1.184392e+000 9.328964e-002 -8.108818e-001 -4.704203e-001 -5.729789e-001 -9.502740e-001 
4.626212e+000 2.028471e+001 -8.709993e+000 1.686793e+000 1.271685e+000 -1.364385e+000 -4.332976e+000 -6.338222e+000 3.062440e+000 4.081407e-001 -4.908998e+000 -1.267621e+000 -8.431119e-001 -2.668093e+000 -7.443141e-001 1.280535e+000 -5.533061e-001 -3.039004e+000 -1.246401e+000 3.166170e-001 2.409260e-001 -1.279306e+000 -1.835276e+000 -1.300247e-001 -3.752184e-001 -2.311680e-001 1.194160e+000 2.334597e-001 -1.340922e-001 9.826889e-001 1.290428e+000 1.418588e-001 -9.040446e-001 -2.528546e-001 -3.019444e-001 -1.207268e+000 
5.294470e+000 1.982172e+001 -8.875311e+000 2.046656e+000 1.134090e+000 -1.301382e+000 -4.557693e+000 -6.384086e+000 2.515989e+000 -1.688595e-001 -4.895560e+000 -2.028599e+000 -5.327490e-001 -1.452423e+000 -9.834930e-001 1.845160e+000 -4.331596e-001 -4.163928e+000 -1.481594e+000 3.693731e-001 2.660855e-001 -1.396056e+000 -2.016790e+000 2.611493e-001 -4.579608e-001 -9.434224e-002 1.468372e+000 -6.179545e-002 -1.421847e-001 9.890506e-001 1.055706e+000 8.726109e-002 -9.102180e-001 -1.551135e-001 -2.507793e-001 -1.148361e+000 
1.235253e+000 2.487014e+001 -1.287704e+001 4.340643e+000 1.184222e+000 -2.637643e+000 -1.409500e+000 -9.683738e+000 5.188893e+000 -1.627371e+000 -4.248761e+000 -1.330396e+000 -2.133947e+000 5.084324e-002 -2.920348e+000 2.570304e+000 7.892124e-002 -4.627530e+000 -4.799892e-001 -3.480896e-001 4.815932e-001 -1.287641e+000 -2.267782e+000 1.180761e+000 -1.089446e+000 -3.120307e-002 1.428287e+000 -7.894358e-001 8.269430e-001 7.186485e-001 1.298380e+000 -1.735857e-002 -1.531008e+000 4.582484e-001 -6.553228e-001 -2.753340e-001 
1.185886e+000 2.512224e+001 -1.317860e+001 5.123413e+000 6.838473e-001 -3.089973e+000 -1.488621e+000 -1.042426e+001 6.061302e+000 -2.318241e+000 -3.844781e+000 -2.317554e-001 -2.913036e+000 4.408728e-001 -2.866217e+000 2.229275e+000 -1.270421e-001 -4.775827e+000 -8.116019e-003 -4.900727e-001 7.376936e-001 -1.011312e+000 -2.549040e+000 1.197956e+000 -1.434733e+000 -2.398634e-001 1.443611e+000 -1.314476e-001 8.914566e-001 4.247016e-001 1.454138e+000 -8.298945e-002 -1.937370e+000 7.722276e-001 -5.094696e-001 -2.561314e-001 
2.482770e+000 2.192166e+001 -1.094269e+001 4.546648e+000 2.829473e-001 -2.291368e+000 -3.756628e+000 -7.397564e+000 3.774275e+000 -1.258787e+000 -3.887053e+000 -1.083893e+000 -1.611176e+000 -1.125871e+000 -1.510346e+000 1.520781e+000 4.953264e-001 -4.308624e+000 -1.120133e+000 -1.144389e-001 -4.200419e-001 -7.215591e-001 -1.535361e+000 3.254117e-001 -8.655126e-001 -7.266836e-001 1.086288e+000 1.073287e-001 3.506786e-001 1.418443e+000 1.127588e+000 -5.825466e-001 -1.328416e+000 2.078283e-001 1.233326e-001 -5.042200e-002 
3.890399e+000 1.905719e+001 -8.493559e+000 3.432714e+000 8.970884e-001 -1.575774e+000 -4.640647e+000 -6.268808e+000 3.232624e+000 -3.224590e-001 -4.153445e+000 -1.339463e+000 -8.987417e-001 -1.667212e+000 -1.603832e+000 1.787577e+000 5.097427e-001 -4.183427e+000 -1.602440e+000 4.109870e-001 1.193442e-001 -9.645831e-001 -1.167788e+000 4.571376e-001 -9.322967e-001 -5.874804e-001 1.161472e+000 -1.334168e-001 4.064948e-001 1.465423e+000 8.823860e-001 -4.428809e-001 -1.250817e+000 4.390678e-002 5.619276e-001 -2.151910e-001 
6.249924e+000 1.833862e+001 -6.666948e+000 1.521438e+000 3.380418e-001 -1.091023e+000 -5.023853e+000 -6.022486e+000 1.907522e+000 -8.282604e-001 -3.506295e+000 -1.153701e+000 -1.225512e+000 -2.128322e+000 -1.463419e+000 2.249772e+000 6.915013e-002 -4.378673e+000 -1.429718e+000 4.342332e-001 1.244993e-001 -1.076567e+000 -1.344507e+000 4.189271e-001 -7.679795e-001 -3.222971e-001 1.324390e+000 -6.340955e-002 3.683722e-001 1.428189e+000 8.582372e-001 -5.393975e-001 -1.285416e+000 -1.405184e-001 1.578805e-001 -4.611803e-001 
5.226021e+000 1.911362e+001 -7.684516e+000 1.693870e+000 2.459259e-001 -9.702584e-001 -3.847527e+000 -6.366023e+000 1.851544e+000 -8.672851e-001 -4.107626e+000 -3.888016e-001 -1.151220e+000 -2.687984e+000 -8.465694e-001 1.622762e+000 -5.035610e-001 -3.717219e+000 -1.538766e+000 5.748699e-001 5.595616e-001 -1.348062e+000 -1.763647e+000 4.273495e-004 -1.220189e+000 -4.759775e-001 1.751897e+000 5.102572e-001 7.700733e-002 8.068118e-001 7.684716e-001 -6.334472e-002 -8.096461e-001 -8.363602e-002 -1.080029e-001 -7.918270e-001 
4.237061e+000 1.987570e+001 -7.267233e+000 2.852156e+000 -1.323786e+000 -6.590730e-001 -3.244084e+000 -7.241076e+000 1.831651e+000 -1.339746e+000 -3.927203e+000 -6.197249e-001 -1.678025e+000 -2.484391e+000 -1.093168e+000 2.248850e+000 -9.807764e-002 -4.172460e+000 -1.569440e+000 -1.085085e-001 1.408964e-001 -9.164855e-001 -1.295793e+000 3.329625e-001 -1.765258e+000 -6.106874e-001 2.210734e+000 7.738676e-001 -2.912736e-002 1.234296e-002 4.463529e-001 4.469748e-001 -3.066038e-001 -1.619200e-001 -8.122312e-001 -9.419389e-001 
4.223274e+000 1.939780e+001 -6.278166e+000 2.293510e+000 -1.500684e+000 -1.170453e+000 -2.775682e+000 -6.338467e+000 1.806607e+000 -6.236355e-001 -4.010357e+000 -6.151529e-001 -1.461156e+000 -2.758654e+000 -7.980449e-001 2.254833e+000 6.191942e-001 -2.826276e+000 -2.058869e+000 -1.260545e+000 -2.150858e-001 -7.700111e-001 -9.860947e-001 7.417030e-001 -1.471283e+000 -1.289897e+000 1.543924e+000 8.835062e-001 7.790520e-001 4.781079e-001 -1.953105e-002 6.874992e-001 4.130054e-002 -3.320982e-001 -6.649719e-001 -1.481071e+000 
2.548725e+000 1.960892e+001 -5.355234e+000 3.224408e+000 -1.038018e+000 -1.236511e+000 -3.182400e+000 -5.742492e+000 2.553977e+000 -1.135613e+000 -3.920816e+000 -7.914897e-001 -1.842197e+000 -2.715622e+000 -8.953785e-001 2.070915e+000 3.759360e-001 -2.528169e+000 -1.269674e+000 -1.418898e+000 -9.117972e-001 -1.061452e+000 -2.292173e-001 1.291711e+000 -1.492564e+000 -1.331331e+000 8.966125e-001 7.746111e-001 1.382883e+000 3.338930e-001 -7.910722e-002 5.831506e-001 -1.572980e-001 -4.573576e-001 -7.082524e-001 -8.018459e-001 
5.921099e+000 1.542622e+001 -1.406013e+000 1.779210e+000 4.069452e-001 -1.531529e+000 -2.686875e+000 -2.451826e+000 9.099130e-001 -1.385785e+000 -2.830919e+000 6.606461e-002 1.313036e-001 -1.317746e+000 -8.625267e-001 5.497318e-002 -7.805760e-001 -1.462164e+000 -4.508117e-001 -2.725442e-001 -8.855102e-001 -1.271265e+000 -6.686888e-001 3.797001e-001 -2.475574e-002 -5.715560e-001 2.187146e-002 8.074187e-001 7.645840e-001 2.332530e-001 4.763348e-001 3.461124e-001 -2.672501e-001 -2.028389e-001 -3.314324e-001 -5.196769e-001 
1.170255e+001 1.510265e+001 -5.937230e+000 -1.186310e+000 -3.348922e-001 -2.200101e+000 -2.945837e+000 -3.367534e+000 1.098310e+000 -6.702076e-001 -4.830256e+000 -5.859024e-001 1.667379e+000 -6.058131e-001 1.670787e-001 1.008903e+000 -8.550709e-001 -2.216365e+000 -1.173533e+000 7.827150e-002 -1.507615e-001 -4.861225e-001 5.650234e-001 1.576867e+000 7.464469e-001 2.153550e-001 9.584252e-001 5.324827e-001 -3.191871e-001 1.333963e-001 9.913654e-001 3.462567e-001 -1.161009e+000 -6.603941e-001 1.406204e-001 -5.523909e-001 
7.896409e+000 1.853587e+001 -8.630303e+000 -2.590026e-001 -1.845513e+000 -2.527981e+000 -2.721576e+000 -4.665314e+000 2.360664e+000 -1.809757e-001 -5.616418e+000 -1.804630e+000 3.974896e-001 -3.215610e-001 1.459254e-001 1.067392e+000 -3.952502e-001 -2.674646e+000 -1.120839e+000 3.800364e-002 -3.629266e-001 -3.161471e-001 5.518344e-001 2.004774e+000 9.334744e-001 5.826264e-001 2.198763e+000 8.842304e-001 -6.124671e-001 -6.720106e-002 7.909424e-001 8.183976e-001 -5.902409e-001 -5.094443e-001 5.109021e-002 -9.770145e-001 
2.354256e+000 2.263416e+001 -1.054439e+001 1.935449e+000 -1.853033e+000 -2.901914e+000 -1.783001e+000 -5.228887e+000 4.333733e+000 -1.016721e+000 -4.871016e+000 -1.332871e+000 -1.040836e+000 -2.921649e-001 -3.672578e-001 5.604026e-001 -2.495371e-002 -2.520144e+000 -1.291684e+000 -8.795306e-001 -8.516354e-001 -9.782489e-001 -8.567518e-001 2.376481e+000 3.048301e-001 -4.965716e-001 1.989812e+000 4.673750e-001 -3.416274e-001 -4.429011e-001 8.955944e-001 1.039733e+000 -8.636092e-001 -1.384147e-001 -5.898560e-001 -9.103166e-001 
2.518304e+000 1.775450e+001 -4.601334e+000 1.967650e+000 -4.600856e-001 -1.949900e+000 -2.941127e+000 -3.275964e+000 2.355196e+000 -4.619275e-001 -4.369232e+000 -2.565437e+000 -1.259099e+000 -1.158915e+000 -1.132944e+000 2.313935e-001 1.835802e-001 -2.471730e+000 -2.118680e+000 -1.015382e+000 -7.278095e-001 -4.782950e-001 -4.199634e-003 1.961093e+000 1.295710e+000 -1.132487e-002 1.011632e+000 2.689529e-001 -4.468850e-001 1.683587e-001 5.677187e-001 -2.404209e-001 -8.130898e-001 -1.872104e-001 -6.876358e-001 -9.702664e-001 
-1.447454e+000 2.115360e+001 -6.908694e+000 4.512597e+000 -9.790566e-001 -1.593968e+000 -3.534919e+000 -4.265262e+000 3.050686e+000 -2.016875e+000 -3.942503e+000 -2.427948e+000 4.557391e-001 -1.056289e+000 -1.277343e+000 -6.573372e-001 -4.662068e-001 -2.329170e+000 -1.901248e+000 -9.349792e-001 -1.118641e+000 -7.645419e-001 -1.098937e+000 2.395625e+000 1.007903e+000 -3.650344e-001 8.444595e-001 1.460169e-001 2.984273e-001 -6.487168e-001 5.837314e-001 1.811378e-002 -1.092979e+000 2.859465e-001 -1.334590e-001 -8.320156e-001 
-1.614422e+000 2.322980e+001 -7.433653e+000 3.672963e+000 -7.446676e-001 -1.751771e+000 -2.276157e+000 -4.905617e+000 3.088902e+000 -3.710449e+000 -3.353714e+000 -6.450353e-001 5.870635e-002 -1.168469e+000 -1.981480e+000 4.041259e-001 -1.205168e+000 -3.485250e+000 -8.987692e-001 6.364935e-001 3.706696e-001 -1.471756e+000 -1.854465e+000 7.936640e-001 2.389473e-001 -3.587966e-001 1.494853e+000 5.459006e-001 9.840412e-001 -4.135921e-001 3.316739e-001 -2.157288e-001 -1.112329e+000 3.176298e-001 -4.199887e-001 -2.974305e-001 
-1.281096e+000 2.351584e+001 -6.893842e+000 2.338245e+000 -2.278318e+000 -1.934339e+000 -3.282066e-001 -4.800089e+000 4.538601e+000 -2.423037e+000 -4.520779e+000 -1.424166e+000 -1.193831e+000 -2.302637e-001 -1.579127e+000 1.392157e-002 -1.101356e+000 -3.627994e+000 -2.116635e-001 7.301490e-001 2.358908e-001 -1.152328e+000 -2.061468e+000 8.618744e-001 -4.825190e-001 -3.223926e-001 1.184381e+000 5.075030e-001 7.983660e-001 1.311428e-001 6.158877e-001 5.590956e-002 -9.762339e-001 5.077241e-002 -7.249437e-001 -1.089311e+000 
-2.007288e+000 2.535277e+001 -8.479688e+000 2.847577e+000 -1.906463e+000 -2.297045e+000 4.493907e-001 -6.245288e+000 4.585929e+000 -2.630402e+000 -3.139257e+000 -1.502831e+000 -2.521710e+000 1.017761e+000 -1.891626e+000 -6.807596e-001 -1.157934e+000 -3.407065e+000 -3.376549e-001 -2.254495e-001 8.571387e-001 -5.338132e-001 -2.034410e+000 8.298813e-001 -6.902921e-001 -2.622592e-001 8.359593e-001 2.479775e-001 9.893066e-001 -4.183043e-001 4.036612e-001 2.926923e-001 -5.024865e-001 5.182074e-001 -1.120337e+000 -6.112041e-001 
1.250753e-001 2.132593e+001 -5.010792e+000 1.756399e+000 -1.041088e+000 -9.549455e-001 -2.635942e+000 -4.093374e+000 3.317030e+000 -1.543750e+000 -4.305169e+000 -1.753311e+000 -1.326804e+000 -3.846138e-001 -1.350058e+000 -9.947527e-001 -1.504912e+000 -2.720094e+000 -2.762483e-001 2.683004e-001 5.283624e-001 -9.334674e-001 -2.191829e+000 -1.466408e-001 -3.244375e-001 -2.817769e-001 9.522028e-001 8.323349e-001 8.987238e-001 2.019639e-002 1.533234e-001 -8.860058e-002 -5.591171e-001 -1.726544e-001 -6.121932e-001 -4.071705e-001 
3.192343e+000 2.143356e+001 -7.960194e+000 1.806975e+000 4.716914e-001 -3.663150e-001 -3.893563e+000 -5.401688e+000 3.013479e+000 -1.941681e+000 -4.129619e+000 -1.211585e+000 -1.622783e+000 -1.375044e+000 -1.474142e+000 1.063798e+000 -4.221147e-001 -3.982950e+000 -1.036695e+000 -1.211506e-001 3.025786e-001 -1.412280e-001 -1.623133e+000 3.194537e-001 -2.749521e-002 -5.495067e-001 9.694240e-001 1.097044e+000 4.535894e-001 -4.742744e-001 1.933361e-001 4.128995e-001 -4.611346e-002 -1.317170e-001 -1.302650e+000 -1.131906e+000 
3.457931e+000 2.064536e+001 -8.910346e+000 1.470405e+000 2.702907e-001 2.065187e-001 -3.801795e+000 -5.842943e+000 4.589234e+000 3.675349e-002 -4.373910e+000 -1.184546e+000 -9.332111e-001 -2.082203e+000 -1.936951e+000 2.207168e+000 5.751148e-001 -4.102497e+000 -6.781960e-001 7.689210e-001 -3.447083e-001 -9.522806e-001 -1.446713e+000 1.403767e-001 -5.048734e-001 -2.178494e-001 1.161492e+000 2.485494e-001 2.830798e-001 9.421916e-001 7.986809e-001 1.287249e-001 -1.449471e-001 -3.189881e-002 -1.012530e+000 -8.994989e-001 
2.612254e+000 2.201031e+001 -1.072708e+001 2.357317e+000 3.164430e-001 -8.848733e-001 -2.870070e+000 -6.118799e+000 4.478141e+000 -1.071725e+000 -4.012904e+000 -1.112983e+000 -2.035204e+000 -2.095241e+000 -1.170604e+000 1.556609e+000 3.487776e-001 -3.430345e+000 -1.052546e+000 -2.239086e-001 3.894598e-002 -7.728227e-001 -1.882337e+000 8.125181e-001 1.236085e-001 -2.424534e-001 6.609873e-001 -8.704771e-002 3.767806e-001 1.025339e+000 1.361668e+000 2.197112e-001 -1.428012e+000 -4.757502e-001 -4.724662e-001 -8.956661e-001 
2.329669e+000 2.170220e+001 -1.033228e+001 2.587403e+000 1.222017e+000 -1.073227e+000 -2.739329e+000 -6.193446e+000 3.418655e+000 -6.134781e-001 -4.455924e+000 -1.232148e+000 -1.273540e+000 -1.847784e+000 -1.420697e+000 1.103922e+000 -3.486097e-001 -3.321927e+000 -6.945970e-001 1.096944e-001 1.705389e-001 -8.475573e-001 -1.975914e+000 9.214770e-001 5.146472e-001 -7.369864e-002 8.266323e-001 5.325536e-002 1.506028e-002 5.229741e-001 1.351662e+000 3.569374e-001 -1.631568e+000 -3.712350e-001 1.100857e-001 -7.799054e-001 
1.139619e+000 2.284556e+001 -1.158766e+001 3.365027e+000 5.985096e-001 -1.052677e+000 -2.671111e+000 -7.318400e+000 4.755972e+000 -1.369017e+000 -4.818281e+000 -1.626619e+000 -1.602614e+000 -1.347949e+000 -1.871565e+000 1.094230e+000 -4.423306e-001 -3.988733e+000 -2.238867e-001 5.595593e-001 6.230793e-001 -1.156790e+000 -2.331797e+000 5.174900e-001 1.111220e-001 3.531068e-001 8.580959e-001 -3.808543e-001 6.485264e-001 5.561539e-001 1.415961e+000 -1.268371e-002 -1.762576e+000 -1.695473e-001 -3.619649e-001 -5.691639e-001 
4.604166e+000 1.908067e+001 -8.394270e+000 1.926150e+000 1.059404e+000 -1.091400e+000 -4.104707e+000 -6.053467e+000 3.113547e+000 9.848902e-001 -3.846302e+000 -1.035322e+000 -4.218471e-001 -1.745031e+000 -1.227906e+000 1.473917e+000 1.335732e-001 -3.398869e+000 -7.584336e-001 9.615230e-001 2.859918e-001 -9.932052e-001 -1.989477e+000 5.144389e-002 2.519086e-001 -1.523553e-001 1.184097e+000 1.336410e-001 1.537903e-001 1.436255e+000 1.072732e+000 1.848217e-001 -8.797516e-001 -6.230297e-001 -6.008057e-002 -7.355695e-001 
5.144059e-001 2.428489e+001 -1.323233e+001 4.917655e+000 1.571157e+000 -2.681959e+000 -5.160914e-001 -9.364835e+000 4.948108e+000 -1.610991e+000 -4.222302e+000 -6.692237e-001 -1.452707e+000 -6.174218e-002 -2.327065e+000 1.530146e+000 6.494109e-002 -4.222708e+000 2.727750e-001 2.106568e-001 2.512744e-001 -1.252159e+000 -2.462958e+000 8.161064e-001 -3.538957e-001 2.151848e-001 1.301809e+000 -3.294772e-001 7.230988e-001 1.117643e+000 1.183669e+000 -2.624073e-001 -1.595525e+000 -4.765095e-002 -2.847919e-001 2.916877e-001 
3.869849e+000 2.061737e+001 -1.001894e+001 2.524363e+000 1.739581e+000 -1.526273e+000 -3.902992e+000 -6.656152e+000 2.837282e+000 1.439682e-001 -5.374491e+000 -1.311974e+000 -4.815659e-001 -2.632646e+000 -1.757683e+000 4.363144e-001 -7.903382e-001 -3.110181e+000 -7.221279e-001 8.573014e-001 8.804864e-002 -1.324756e+000 -1.744550e+000 4.769661e-002 -1.352508e-001 -1.539194e-001 1.118984e+000 1.799408e-001 -4.478915e-002 1.034489e+000 1.006248e+000 -3.512461e-001 -1.496573e+000 -3.830657e-001 3.567829e-001 -4.745100e-001 
1.985504e+000 2.434684e+001 -1.174485e+001 3.043814e+000 9.481991e-001 -2.507815e+000 -3.023113e+000 -7.819940e+000 4.095776e+000 -1.279808e+000 -5.146897e+000 -1.246347e+000 -8.054659e-001 -1.259015e+000 -1.310425e+000 1.121475e+000 -1.057129e+000 -3.897409e+000 -8.026873e-001 -2.900900e-001 2.636771e-001 -1.103569e+000 -2.075482e+000 5.876091e-001 -6.184333e-002 -7.493804e-002 9.224837e-001 -6.948802e-001 4.883380e-001 1.076809e+000 1.321157e+000 4.840234e-002 -1.439559e+000 -4.537069e-001 -3.008070e-001 -5.547508e-001 
3.482287e+000 2.096362e+001 -1.080052e+001 2.572841e+000 1.212773e+000 -1.171205e+000 -3.193649e+000 -6.027937e+000 4.001711e+000 -7.958804e-001 -5.472523e+000 -1.733842e+000 -1.104680e+000 -1.420759e+000 -7.613844e-001 1.123149e+000 -6.475942e-001 -3.822610e+000 -9.327436e-001 3.971938e-001 2.435374e-001 -1.388067e+000 -2.120848e+000 5.569598e-001 1.811362e-001 -7.990305e-002 8.133494e-001 -4.204492e-001 1.807189e-001 1.018597e+000 1.132415e+000 -7.159641e-002 -1.238372e+000 -2.184832e-001 8.774413e-002 -4.571473e-001 
4.075722e+000 2.142583e+001 -1.095290e+001 3.188329e+000 -2.724428e-001 -1.762919e+000 -4.111200e+000 -6.594752e+000 3.890263e+000 -1.249513e+000 -4.439209e+000 -1.466274e+000 -9.702931e-001 -1.286938e+000 -1.152418e+000 1.550133e+000 -7.006070e-001 -4.198232e+000 -9.599683e-001 -1.140902e-001 5.636530e-001 -1.008744e+000 -2.695320e+000 1.530148e-003 -3.246753e-001 -7.294284e-002 1.208408e+000 -1.024364e-001 3.469422e-001 6.514534e-001 9.975485e-001 8.249321e-002 -9.466210e-001 -8.254303e-002 -3.485670e-001 -6.808460e-001 
3.027036e+000 2.265357e+001 -1.178335e+001 3.334538e+000 -7.203132e-001 -1.849739e+000 -2.717347e+000 -7.050915e+000 5.199238e+000 -1.913746e+000 -5.029184e+000 -1.905949e+000 -1.216920e+000 -1.306891e+000 -1.580025e+000 1.695130e+000 -4.453326e-001 -4.570608e+000 -6.564493e-001 2.981990e-001 7.871699e-001 -1.222469e+000 -2.770435e+000 5.121357e-001 -6.568482e-001 6.690289e-002 1.292814e+000 -5.152552e-001 4.028702e-001 8.350554e-001 1.097052e+000 1.496797e-001 -1.068914e+000 9.466171e-002 -6.929255e-001 -9.885015e-001 
4.554816e+000 1.948874e+001 -8.755911e+000 2.150322e+000 -1.960483e-001 -6.633332e-001 -3.332481e+000 -5.438565e+000 3.825941e+000 -6.745977e-001 -5.261381e+000 -1.444202e+000 -5.038901e-001 -1.093362e+000 -8.591906e-001 1.513553e+000 -5.867744e-001 -4.094978e+000 -6.293054e-001 6.456234e-001 -1.851306e-001 -9.236957e-001 -1.394663e+000 -1.491131e-002 -7.216301e-001 2.213178e-002 1.656554e+000 -6.494169e-002 -3.128385e-001 9.081884e-001 1.115276e+000 2.545034e-001 -4.494004e-001 -2.128148e-001 -4.694179e-001 -5.001394e-001 
3.497094e+000 2.084019e+001 -9.977301e+000 2.493316e+000 5.075879e-001 -7.405939e-001 -3.452604e+000 -6.618987e+000 2.919325e+000 -1.374675e+000 -4.235004e+000 -1.001059e+000 -6.341413e-001 -1.226878e+000 -1.193352e+000 2.008364e+000 -2.965899e-001 -4.456360e+000 -7.339940e-001 5.725799e-001 9.021184e-002 -1.477029e+000 -1.725516e+000 3.814731e-001 -8.607600e-001 5.934056e-001 1.801715e+000 -5.961294e-001 1.814144e-001 1.010435e+000 9.484208e-001 -1.454522e-001 -1.099147e+000 4.791363e-002 -6.866678e-002 -3.908723e-001 
3.450308e+000 2.087724e+001 -1.059535e+001 2.295476e+000 -3.786209e-001 -7.914113e-001 -2.898854e+000 -6.794229e+000 2.384606e+000 -2.169066e+000 -3.917195e+000 -1.218026e+000 -1.845206e+000 -1.904355e+000 -1.792040e+000 1.487450e+000 -4.454851e-001 -4.658503e+000 -1.167917e+000 1.928765e-001 4.031215e-001 -1.314310e+000 -1.813244e+000 7.852050e-001 -9.526662e-001 -8.676972e-002 1.428087e+000 -5.195161e-001 -1.906449e-003 4.085969e-001 9.194737e-001 6.226893e-002 -1.223258e+000 9.797170e-002 -1.274898e-001 -6.526235e-001 
2.793183e+000 2.223373e+001 -1.042609e+001 2.721309e+000 -1.984160e+000 -9.289044e-001 -2.113978e+000 -8.071165e+000 2.615131e+000 -2.717376e+000 -4.239203e+000 -1.803894e-001 -1.441240e+000 -1.852511e+000 -1.146112e+000 1.750552e+000 -1.092698e+000 -4.223599e+000 -7.093499e-001 -7.536851e-001 -3.472388e-001 -1.432908e+000 -1.810293e+000 1.280423e+000 -1.335406e+000 -6.471152e-001 2.023998e+000 2.681107e-001 -3.951425e-002 -2.273813e-001 8.394387e-001 4.408086e-001 -9.001827e-001 -1.765049e-001 -4.064039e-001 -2.202943e-001 
2.119992e+000 2.299617e+001 -1.034638e+001 3.068510e+000 -1.559474e+000 -7.837101e-001 -5.234310e-001 -7.172678e+000 3.606093e+000 -2.229107e+000 -3.867216e+000 1.152310e-001 -1.273129e+000 -2.125668e+000 -1.489635e+000 2.284082e+000 1.970062e-001 -3.636647e+000 -6.652170e-001 -4.789119e-001 -3.213242e-001 -1.021404e+000 -9.829460e-001 1.633689e+000 -1.323525e+000 -8.203351e-001 2.165260e+000 6.803483e-001 1.306828e-001 -1.700565e-001 6.391549e-001 6.892435e-001 -4.789455e-001 5.072497e-002 -4.714773e-001 -6.621127e-001 
3.572732e+000 2.013225e+001 -7.212268e+000 2.109208e+000 -1.535893e+000 -8.462586e-001 -2.353374e+000 -6.633515e+000 1.614850e+000 -1.584405e+000 -3.981871e+000 3.009287e-001 -1.212792e+000 -2.564077e+000 -1.283622e+000 1.348157e+000 4.591542e-001 -3.594105e+000 -1.972010e+000 -4.573122e-001 -3.843366e-001 -1.101976e+000 -1.110560e+000 9.751256e-001 -5.787044e-001 -1.129761e+000 1.476125e+000 7.907644e-001 2.884165e-001 2.348591e-001 -3.660812e-002 4.003907e-001 -3.342417e-001 -3.297384e-001 -1.279156e-001 -1.017610e+000 
7.699587e-001 2.156920e+001 -8.211893e+000 3.592233e+000 -1.277317e+000 -9.462779e-001 -2.639214e+000 -5.229273e+000 3.291463e+000 -2.327832e+000 -3.467867e+000 -1.922764e+000 -1.390301e+000 -2.315307e+000 -8.552928e-001 1.238684e+000 -4.306356e-001 -2.782713e+000 -2.129492e+000 -6.911167e-001 -4.400966e-001 -1.236343e+000 -9.174448e-001 4.898755e-001 -2.307145e-002 -2.852651e-001 7.602560e-001 -1.889591e-001 9.641615e-002 3.225610e-001 3.910755e-001 5.746461e-001 -5.074019e-001 -3.457874e-001 -5.644534e-001 -5.818834e-001 
