-3.970403e+000 2.326069e+001 -7.346219e+000 6.314201e+000 4.397329e+000 -1.650819e-001 -3.294930e+000 -6.493338e+000 3.027513e+000 -2.258658e+000 1.358479e-001 -4.163909e+000 -4.823659e+000 -4.326019e-001 9.071600e-001 -1.971941e-001 -1.337131e+000 -7.910603e-001 -2.370749e+000 -8.354719e-002 -6.108342e-001 -1.086301e+000 -1.463836e+000 -1.871121e+000 -3.434727e-001 -1.999427e+000 -8.271305e-001 5.339663e-001 -2.494813e-001 -3.522731e-002 5.029415e-001 7.906911e-001 -8.457080e-001 1.536182e-002 1.030142e+000 2.879464e-001 
-1.122426e+000 1.877224e+001 -3.594081e+000 2.598848e+000 5.294148e+000 5.468158e-001 -3.921636e+000 -4.101335e+000 -2.001921e-001 -7.077272e-001 -1.434298e+000 -3.028767e+000 -4.958101e+000 -1.625296e+000 7.999535e-001 -4.764621e-001 -4.158112e-001 -1.269743e+000 -1.976041e+000 -1.274872e+000 -7.141621e-001 -5.963926e-001 -1.776529e+000 -1.962192e+000 -1.219212e+000 -1.853665e+000 -5.515325e-001 6.662083e-001 -4.742452e-001 -6.590820e-002 9.747464e-001 1.376881e-001 -6.572840e-001 5.208267e-002 5.665918e-001 -3.786268e-002 
-4.446845e+000 1.807889e+001 7.721410e-001 3.108042e+000 3.449111e+000 2.447732e-001 -6.806898e-001 -1.778582e+000 -1.439941e+000 -4.403276e-001 -9.267522e-001 -3.637930e+000 -4.433816e+000 -2.197916e+000 -1.746784e-001 3.274748e-002 -6.723384e-002 -4.719681e-001 -9.014797e-001 -1.420855e+000 -1.562677e+000 -1.308429e+000 -1.877535e+000 -1.750468e+000 -8.497699e-001 -1.309184e+000 -8.180269e-001 4.958495e-001 3.754901e-001 6.718519e-001 1.140756e+000 6.462377e-002 -8.489683e-001 -2.047066e-001 3.497263e-001 3.445885e-002 
-9.851787e+000 2.352381e+001 -1.059057e+000 4.445722e+000 2.404551e+000 6.287594e-001 8.221035e-001 -2.973113e+000 -4.631683e-001 -1.352361e+000 2.782786e-001 -4.561973e+000 -4.929480e+000 -1.878513e+000 1.646756e-001 4.653057e-001 -4.246703e-001 -6.187069e-001 -1.997417e-001 -5.991838e-001 -2.567485e+000 -1.947799e+000 -1.539175e+000 -1.501955e+000 -1.168351e+000 -2.165386e+000 -2.212927e-001 1.452113e+000 3.304051e-001 4.281782e-001 1.335395e+000 4.809181e-001 -8.992364e-001 -1.209562e+000 2.521321e-001 9.546727e-001 
-6.279159e+000 1.958874e+001 1.787663e+000 2.665030e+000 2.879908e+000 9.523938e-001 -5.687707e-001 -1.811760e+000 -1.287625e+000 -6.898399e-001 -1.376401e-001 -3.700942e+000 -5.398506e+000 -1.336178e+000 7.275740e-001 -4.289903e-001 -5.903057e-001 -3.792101e-001 -7.047407e-002 -9.985825e-001 -2.372284e+000 -1.795065e+000 -1.424006e+000 -1.325703e+000 -1.168075e+000 -1.879059e+000 -4.399608e-001 1.293395e+000 2.201786e-001 1.623308e-001 1.269799e+000 7.352118e-001 -8.049892e-001 -9.691068e-001 3.372787e-001 8.126543e-001 
-6.767253e+000 2.002140e+001 1.366164e+000 2.885509e+000 3.162474e+000 4.097177e-001 -7.150330e-001 -1.736821e+000 -1.487964e+000 -8.131136e-001 1.805081e-001 -3.696794e+000 -5.494259e+000 -1.293542e+000 9.130401e-001 -6.190367e-001 -8.842344e-001 -2.417512e-002 8.751112e-002 -1.358879e+000 -2.191383e+000 -1.680011e+000 -1.744305e+000 -1.286636e+000 -8.188313e-001 -1.795444e+000 -6.496864e-001 1.126865e+000 2.652212e-001 1.192094e-001 1.265322e+000 8.508570e-001 -7.648216e-001 -9.294329e-001 3.236981e-001 6.305433e-001 
-9.447738e+000 2.290190e+001 -8.535730e-001 3.686926e+000 2.263988e+000 2.741404e-001 2.391260e-001 -2.431519e+000 -1.116778e+000 -2.260810e+000 6.692454e-001 -3.842551e+000 -5.423024e+000 -1.947471e+000 4.872375e-001 -3.126490e-001 -8.045424e-001 -3.296321e-001 -5.649910e-002 -9.509973e-001 -2.546843e+000 -2.232912e+000 -1.582647e+000 -1.221236e+000 -1.130463e+000 -1.857750e+000 -8.091862e-001 1.283231e+000 3.605963e-001 -3.017164e-001 1.340178e+000 9.724734e-001 -8.861116e-001 -1.304729e+000 4.746280e-001 8.067742e-001 
-8.059880e+000 2.229603e+001 -7.035697e-001 3.403859e+000 2.412859e+000 5.440587e-001 -1.366124e-001 -2.136987e+000 -1.122038e+000 -1.686702e+000 1.767872e-001 -3.968746e+000 -4.945857e+000 -1.552145e+000 1.300025e-001 -2.698558e-001 -7.806866e-001 -5.643383e-001 3.314218e-001 -9.367891e-001 -2.388997e+000 -2.027894e+000 -1.931636e+000 -1.426402e+000 -4.882627e-001 -1.756943e+000 -9.011158e-001 1.023038e+000 2.577218e-002 1.782425e-001 1.411498e+000 7.636452e-001 -9.483253e-001 -1.056323e+000 4.409637e-001 7.694048e-001 
-6.658385e+000 2.306229e+001 -2.135224e+000 3.415587e+000 2.965556e+000 7.730472e-001 -1.118671e+000 -2.947700e+000 -1.724226e-001 -1.708458e+000 -2.325639e-001 -3.533827e+000 -3.998312e+000 -9.889069e-001 -4.770201e-001 -8.567728e-001 -1.830860e-001 -5.651696e-001 -7.143817e-001 -9.775526e-001 -2.157488e+000 -1.661063e+000 -1.605647e+000 -1.625452e+000 -2.490343e-001 -1.330814e+000 -1.188077e+000 4.114309e-001 3.123732e-001 4.125054e-001 1.117276e+000 3.602487e-001 -5.259670e-001 -4.510022e-001 6.078137e-001 4.247278e-001 
-5.146379e+000 2.346527e+001 -4.793800e+000 4.671072e+000 4.888701e+000 7.865579e-001 -4.130848e+000 -5.445025e+000 2.308273e+000 -9.953060e-001 -5.508076e-001 -4.292069e+000 -3.942039e+000 -1.045525e+000 1.390547e-001 7.847342e-001 -1.397570e+000 -1.085727e+000 -1.053700e+000 -9.135768e-001 -8.613737e-001 -1.582922e+000 -9.854740e-001 -1.484970e+000 -1.170740e+000 -1.580534e+000 -8.040080e-001 9.327835e-001 -4.197587e-001 4.912104e-001 1.574371e+000 -4.691642e-001 -7.252750e-001 7.446018e-002 8.090559e-001 5.281266e-001 
-1.990521e+000 1.979355e+001 -3.110712e+000 4.329451e+000 4.944679e+000 6.029116e-001 -5.293033e+000 -4.457890e+000 1.574776e+000 -6.146092e-001 -1.197502e+000 -3.351344e+000 -4.215192e+000 -9.567989e-001 7.054275e-001 6.649170e-003 -1.327642e+000 -1.326275e+000 -5.727455e-001 -7.370348e-001 -1.102490e+000 -1.308267e+000 -1.218457e+000 -1.462234e+000 -9.234179e-001 -1.299473e+000 -1.234346e+000 3.280666e-001 2.122654e-002 3.629442e-001 1.108546e+000 -1.183525e-001 -4.986135e-001 3.347603e-002 5.386203e-001 7.720044e-001 
-3.446538e+000 2.174752e+001 -4.185237e+000 5.434909e+000 4.366771e+000 7.543238e-001 -4.492772e+000 -5.060235e+000 1.847363e+000 -8.667223e-001 -9.221983e-001 -3.007405e+000 -4.287657e+000 -7.093612e-001 8.999873e-001 -2.305120e-001 -1.336308e+000 -1.016676e+000 -4.100843e-001 -6.836320e-001 -1.442500e+000 -1.156196e+000 -1.176694e+000 -1.400967e+000 -3.791994e-001 -1.562546e+000 -1.423991e+000 5.875320e-001 1.534579e-001 2.890414e-001 9.359921e-001 2.125708e-001 -5.099195e-001 -2.215416e-001 8.727067e-001 6.860853e-001 
-1.569113e+000 1.906587e+001 -3.074575e+000 4.590798e+000 4.605474e+000 5.683708e-001 -4.577705e+000 -4.433670e+000 1.563351e+000 -4.288010e-001 -1.700340e+000 -3.615161e+000 -4.049436e+000 -4.821649e-001 9.337001e-001 -3.129934e-001 -1.507125e+000 -1.217142e+000 -1.282992e-001 -5.596903e-001 -1.494956e+000 -1.608643e+000 -1.295027e+000 -1.433087e+000 -4.147837e-001 -1.180201e+000 -1.720454e+000 5.017207e-001 5.347191e-001 1.113084e-001 9.578502e-001 3.484292e-001 -6.828955e-001 -3.036723e-001 8.837278e-001 6.849732e-001 
6.557837e-001 1.688445e+001 -1.907516e+000 4.190533e+000 4.615583e+000 7.391139e-001 -4.496668e+000 -3.965133e+000 1.259265e+000 -3.629018e-001 -1.885185e+000 -3.330834e+000 -3.846887e+000 -4.022527e-001 8.411931e-001 -4.881419e-001 -1.288124e+000 -1.169919e+000 -1.161821e-001 -3.808432e-001 -1.745579e+000 -1.516185e+000 -1.001096e+000 -1.230132e+000 -7.033901e-001 -1.474886e+000 -1.505381e+000 5.947366e-001 6.735076e-001 2.615458e-001 6.985865e-001 2.711283e-001 -4.555987e-001 -2.903530e-001 7.029900e-001 7.868158e-001 
-2.022033e+000 1.993380e+001 -4.139334e+000 5.833073e+000 4.001079e+000 6.555033e-001 -4.118957e+000 -4.736259e+000 1.973543e+000 -7.674746e-001 -1.587190e+000 -4.013537e+000 -3.904721e+000 -4.179980e-001 6.526247e-001 -2.958636e-002 -1.722079e+000 -1.191282e+000 4.445862e-002 -5.809260e-001 -1.667645e+000 -1.988558e+000 -8.962339e-001 -1.223472e+000 -7.422045e-001 -1.275301e+000 -1.791638e+000 5.891539e-001 6.169230e-001 3.109065e-001 6.708435e-001 2.935701e-001 -4.663053e-001 -6.141400e-001 9.656829e-001 8.106543e-001 
2.937483e-001 1.686212e+001 -1.620080e+000 4.320972e+000 4.610548e+000 4.671762e-001 -4.226666e+000 -3.891502e+000 6.742667e-001 4.841299e-002 -1.545321e+000 -3.999694e+000 -3.973955e+000 -4.465379e-001 6.375100e-001 -2.924607e-001 -1.412113e+000 -1.244498e+000 3.655020e-002 -6.797238e-001 -1.974086e+000 -1.524001e+000 -9.887512e-001 -1.225606e+000 -7.614759e-001 -1.440810e+000 -1.576363e+000 5.772992e-001 7.741199e-001 -7.381025e-002 5.886434e-001 5.883186e-001 -4.660192e-001 -4.097446e-001 7.535417e-001 7.861744e-001 
9.549391e-001 1.630068e+001 -1.619091e+000 4.525318e+000 4.920712e+000 1.191078e-002 -4.273274e+000 -3.735370e+000 3.399113e-001 -1.590381e-001 -1.433519e+000 -3.692687e+000 -4.022989e+000 -4.617638e-001 7.891929e-001 -6.555438e-001 -1.650144e+000 -9.982555e-001 2.944821e-001 -8.897521e-001 -2.230834e+000 -1.556236e+000 -1.174829e+000 -1.035361e+000 -5.582099e-001 -1.619256e+000 -1.492098e+000 6.689169e-001 5.679007e-001 -2.443096e-001 6.949697e-001 8.586678e-001 -4.212757e-001 -4.566529e-001 6.376506e-001 5.804826e-001 
-2.649671e+000 2.087203e+001 -5.760096e+000 6.659877e+000 3.231980e+000 5.874640e-001 -4.157473e+000 -5.321652e+000 1.962507e+000 -2.321295e+000 -2.974463e-001 -3.918579e+000 -4.716644e+000 -2.847361e-001 4.440362e-001 -8.314404e-001 -1.867046e+000 -3.010566e-001 -2.500078e-001 -1.510826e+000 -1.995252e+000 -1.814462e+000 -1.211403e+000 -1.124471e+000 -4.161376e-001 -1.966805e+000 -1.819629e+000 8.225772e-001 6.604223e-001 -2.036103e-001 7.343193e-001 5.678875e-001 -5.692918e-001 -4.615101e-001 6.923515e-001 7.117544e-001 
-1.232400e-002 1.775732e+001 -2.497174e+000 4.851565e+000 4.352704e+000 5.252106e-001 -4.818730e+000 -3.858878e+000 1.188475e+000 -7.393901e-001 -8.717602e-001 -3.556251e+000 -4.615935e+000 -1.275062e-001 9.049516e-001 -7.482505e-001 -1.374555e+000 -6.510351e-001 6.825558e-002 -1.176545e+000 -1.790326e+000 -1.366244e+000 -1.460465e+000 -9.443549e-001 -3.883746e-001 -1.819022e+000 -1.597616e+000 6.865082e-001 7.966497e-001 1.700616e-001 7.358316e-001 4.967087e-001 -6.368801e-001 -3.864546e-001 7.738736e-001 6.704847e-001 
-3.824579e+000 2.171437e+001 -5.367446e+000 7.324536e+000 2.802781e+000 7.854591e-001 -4.891190e+000 -5.579110e+000 3.290851e+000 -2.251626e+000 4.995411e-001 -4.667082e+000 -4.286427e+000 -4.931493e-001 6.109723e-001 1.517561e-001 -2.231281e+000 3.825754e-002 -6.088294e-001 -8.294789e-001 -1.965375e+000 -1.505120e+000 -1.292368e+000 -1.083928e+000 -1.050995e-003 -2.310937e+000 -1.472698e+000 4.404359e-001 9.613760e-001 2.988954e-001 7.506411e-001 6.083931e-001 -1.167613e+000 -2.792535e-001 9.423469e-001 7.777177e-001 
-3.973017e+000 2.178709e+001 -5.496691e+000 7.438891e+000 2.996440e+000 2.031774e-001 -4.245010e+000 -5.796110e+000 2.941174e+000 -2.291885e+000 4.183854e-001 -4.744768e+000 -4.343421e+000 -2.033119e-001 2.614880e-001 2.144200e-001 -2.318910e+000 -1.325441e-001 -1.068734e-001 -1.093887e+000 -1.857907e+000 -1.811438e+000 -1.301354e+000 -1.069570e+000 -2.156997e-001 -1.818801e+000 -1.730859e+000 4.814546e-001 7.471943e-001 4.211288e-001 6.547153e-001 7.765123e-001 -1.184094e+000 -4.753516e-001 9.332425e-001 8.299394e-001 
-4.747992e-001 1.828226e+001 -2.391042e+000 5.396647e+000 4.319289e+000 3.707669e-001 -4.308979e+000 -4.212517e+000 1.429024e+000 -4.086019e-001 -1.138054e+000 -3.363033e+000 -4.412020e+000 2.810912e-003 7.733078e-001 -4.817697e-001 -1.009045e+000 -7.023717e-001 5.359428e-001 -9.489739e-001 -1.876154e+000 -1.392638e+000 -1.453798e+000 -7.570020e-001 -5.330664e-001 -1.673248e+000 -1.342340e+000 7.169617e-001 9.076761e-001 1.888081e-001 8.944331e-001 6.213716e-001 -7.750463e-001 -4.479054e-001 6.803969e-001 5.732273e-001 
-1.092584e+000 1.881498e+001 -2.938745e+000 6.176416e+000 3.843152e+000 5.563801e-001 -4.361088e+000 -4.321118e+000 1.784011e+000 -6.936138e-001 -7.808772e-001 -3.566023e+000 -4.600446e+000 -3.173644e-001 6.402999e-001 1.025288e-001 -1.148169e+000 -6.941183e-001 4.608427e-001 -1.199625e+000 -1.671000e+000 -1.470840e+000 -1.371515e+000 -7.119323e-001 -7.660971e-001 -1.762970e+000 -1.338247e+000 8.893224e-001 9.577673e-001 3.356600e-001 7.359722e-001 5.201990e-001 -6.996925e-001 -5.720221e-001 8.037159e-001 5.316445e-001 
3.191192e-001 1.708428e+001 -2.066403e+000 5.124168e+000 3.914556e+000 -2.302920e-001 -4.444824e+000 -3.838758e+000 1.326018e+000 -8.110876e-001 -1.574162e+000 -3.329396e+000 -4.719647e+000 -5.597583e-001 6.370199e-001 -7.441622e-001 -1.242750e+000 -6.977526e-001 3.958828e-001 -1.150174e+000 -2.092527e+000 -1.761105e+000 -1.525567e+000 -6.634386e-001 -8.488658e-001 -1.969220e+000 -1.376675e+000 6.853301e-001 1.000383e+000 -2.606607e-002 5.883027e-001 6.348416e-001 -5.195723e-001 -3.676510e-001 3.507129e-001 3.319276e-001 
1.157360e+000 1.610034e+001 -1.707995e+000 4.237095e+000 4.630781e+000 -1.492349e-001 -4.419548e+000 -3.380791e+000 6.330532e-001 -5.133319e-001 -1.641804e+000 -3.972683e+000 -4.524964e+000 -4.455644e-001 9.087069e-001 -7.042173e-001 -1.720318e+000 -7.583949e-001 4.808327e-001 -1.115951e+000 -2.009994e+000 -1.701848e+000 -1.630065e+000 -8.267314e-001 -8.831168e-001 -1.961525e+000 -1.317746e+000 7.079930e-001 1.000133e+000 -7.093007e-002 4.543995e-001 7.542365e-001 -5.915495e-001 -5.901239e-001 5.363598e-001 4.910782e-001 
-4.499737e+000 2.253105e+001 -6.062078e+000 7.023256e+000 3.533428e+000 2.792623e-001 -2.874740e+000 -5.948632e+000 2.922128e+000 -2.184717e+000 -1.695842e-001 -4.590592e+000 -4.806980e+000 -4.291279e-002 1.986036e-001 3.901533e-001 -2.213071e+000 -6.282726e-001 6.066847e-001 -1.478589e+000 -1.264847e+000 -2.046269e+000 -1.142176e+000 -1.212217e+000 -9.406691e-001 -1.737573e+000 -1.518857e+000 9.696143e-001 7.508894e-001 2.603867e-002 4.218025e-001 5.817506e-001 -3.985635e-001 -9.882966e-001 8.764039e-001 6.226412e-001 
-3.360360e-001 1.698628e+001 -1.679850e+000 3.835239e+000 3.864207e+000 1.526673e+000 -3.831552e+000 -4.650785e+000 7.587645e-001 -2.235981e-001 -2.001780e+000 -4.248057e+000 -4.203932e+000 -5.465615e-001 2.891882e-001 -3.647724e-001 -1.294514e+000 -1.301092e+000 3.549363e-002 -7.955961e-001 -1.787193e+000 -1.644354e+000 -1.421905e+000 -1.030791e+000 -1.305151e+000 -2.050234e+000 -9.866690e-001 6.880010e-001 5.633491e-001 2.201769e-003 4.175252e-001 4.672655e-001 -4.831554e-001 -4.392765e-001 5.499475e-001 3.533454e-001 
8.061165e+000 1.366930e+001 1.129462e+000 1.621625e+000 3.711728e+000 1.665438e+000 -2.483682e+000 -3.055762e+000 -2.559231e-001 3.193714e-001 -1.163673e+000 -2.585719e+000 -1.781766e+000 2.564296e-001 4.558456e-001 -7.112998e-001 -1.150518e+000 -6.451830e-001 -3.288886e-002 -5.441149e-001 -1.245877e+000 -1.170794e+000 -6.644394e-001 -2.689078e-001 -6.291707e-001 -1.212758e+000 -6.218943e-001 2.505487e-001 2.398047e-001 -1.789874e-001 1.096558e-001 8.208603e-001 4.268216e-001 -1.461037e-001 1.391557e-001 1.479922e-001 
1.102673e+001 1.287016e+001 4.696745e-001 1.327775e+000 3.601895e+000 1.252995e+000 -2.240763e+000 -2.384344e+000 -1.689519e-001 5.879454e-001 -2.479306e-001 -1.768513e+000 -1.535972e+000 4.306529e-001 7.960802e-001 -4.164143e-001 -5.895079e-001 -3.367451e-001 -4.660012e-001 -5.007110e-001 -5.049395e-001 -1.008776e+000 -1.156058e+000 -3.622244e-001 -1.529228e-001 -9.288532e-001 -6.551827e-001 1.570611e-001 4.011957e-002 -9.896200e-002 4.551260e-001 7.494560e-001 2.272247e-001 -2.618362e-003 3.619940e-001 2.936616e-001 
-4.453748e+000 2.321266e+001 -7.474369e+000 6.085159e+000 4.268062e+000 -5.597428e-002 -3.697152e+000 -6.107567e+000 2.472412e+000 -1.932473e+000 -2.453683e-001 -4.001622e+000 -5.206248e+000 -8.350885e-001 1.055575e+000 -3.675236e-001 -1.072271e+000 -1.141884e+000 -2.563825e+000 -4.199912e-001 -4.976810e-001 -8.774381e-001 -1.537493e+000 -2.198184e+000 -5.443635e-001 -2.164377e+000 -5.467099e-001 4.557316e-001 -3.613396e-001 -2.582868e-002 5.686099e-001 6.546371e-001 -8.369217e-001 8.843070e-002 9.035157e-001 1.834164e-001 
-4.439285e+000 2.093106e+001 -3.932359e+000 3.313299e+000 5.079223e+000 3.809927e-001 -2.053605e+000 -3.405429e+000 -2.922021e-001 -5.131845e-001 -9.599993e-001 -3.340464e+000 -4.669245e+000 -2.053519e+000 2.033472e-001 -8.232365e-002 1.005675e-001 -7.120724e-001 -1.549557e+000 -1.403623e+000 -9.816896e-001 -4.438617e-001 -1.750460e+000 -2.087535e+000 -1.078214e+000 -1.730656e+000 -5.801226e-001 8.608243e-001 -2.660505e-001 2.012612e-001 1.043939e+000 6.273786e-002 -7.636334e-001 -1.138951e-001 4.423534e-001 -7.126363e-002 
-7.033314e+000 2.017843e+001 9.900719e-001 3.353942e+000 2.842093e+000 4.995151e-001 2.192508e-001 -1.958512e+000 -1.535092e+000 -5.548271e-001 -7.815367e-001 -3.796511e+000 -4.599524e+000 -2.161901e+000 6.302452e-002 1.887025e-001 -2.516723e-001 -6.990285e-001 -3.090227e-001 -8.553572e-001 -2.020481e+000 -1.896833e+000 -1.783049e+000 -1.588899e+000 -8.925154e-001 -1.613213e+000 -6.105698e-001 9.911232e-001 4.664998e-001 6.499068e-001 1.180251e+000 2.427815e-001 -8.561985e-001 -7.753202e-001 2.708760e-001 5.368317e-001 
-9.597540e+000 2.277564e+001 -4.988715e-001 4.118637e+000 2.502821e+000 6.138654e-001 6.859173e-001 -2.740234e+000 -5.565615e-001 -1.434974e+000 5.151127e-001 -4.313621e+000 -5.555746e+000 -1.790826e+000 4.491768e-001 4.494909e-001 -3.690334e-001 -8.865113e-001 2.061709e-001 -6.001042e-001 -2.825929e+000 -1.970412e+000 -1.422973e+000 -1.384917e+000 -1.262253e+000 -2.420957e+000 -1.643181e-001 1.812353e+000 2.140126e-001 1.203326e-001 1.518169e+000 6.717967e-001 -9.578274e-001 -1.399297e+000 1.624557e-001 1.252908e+000 
-8.992679e+000 2.252463e+001 9.992930e-003 3.559082e+000 2.779599e+000 6.742422e-001 -4.513839e-001 -2.215998e+000 -8.062284e-001 -1.342204e+000 8.388794e-001 -4.179594e+000 -5.801241e+000 -9.520085e-001 8.325421e-001 -6.101420e-001 -6.615051e-001 9.292528e-003 -1.049357e-001 -1.189684e+000 -2.456630e+000 -1.464700e+000 -1.558683e+000 -1.621631e+000 -7.451119e-001 -1.932114e+000 -6.799269e-001 1.449541e+000 1.527710e-001 3.092533e-001 1.273684e+000 5.607337e-001 -7.613521e-001 -9.722812e-001 3.551691e-001 7.644534e-001 
-7.821079e+000 2.094055e+001 4.358214e-001 3.022289e+000 2.998107e+000 1.295510e-001 -4.193686e-001 -1.674625e+000 -1.634121e+000 -1.384817e+000 2.624959e-001 -3.485562e+000 -5.639667e+000 -1.657491e+000 7.547653e-001 -5.358755e-001 -8.356886e-001 -2.007523e-001 -5.978395e-003 -1.133023e+000 -2.522356e+000 -2.051214e+000 -1.528188e+000 -1.171153e+000 -1.007438e+000 -1.917812e+000 -8.165039e-001 1.346524e+000 2.752318e-001 -1.405664e-001 1.252261e+000 1.028556e+000 -8.854353e-001 -1.095096e+000 4.190583e-001 7.326650e-001 
-7.694943e+000 2.110807e+001 4.896424e-001 2.839308e+000 2.526641e+000 9.882170e-001 -2.473649e-001 -1.936717e+000 -1.357800e+000 -1.220089e+000 -1.522691e-001 -3.673572e+000 -4.983323e+000 -1.816835e+000 2.058649e-001 -1.083774e-001 -6.399365e-001 -3.619167e-001 1.475684e-001 -1.078207e+000 -2.220754e+000 -2.020443e+000 -1.772990e+000 -1.406039e+000 -8.856375e-001 -1.633257e+000 -7.455037e-001 1.014390e+000 3.533135e-001 1.709830e-001 1.317972e+000 7.817549e-001 -9.009602e-001 -1.048869e+000 3.228624e-001 7.460068e-001 
-8.917175e+000 2.366315e+001 -1.826890e+000 4.102864e+000 1.954577e+000 7.150709e-001 1.373188e-001 -2.657848e+000 -4.673317e-001 -2.273741e+000 6.276176e-001 -4.111873e+000 -4.879327e+000 -1.341033e+000 -8.247600e-002 -2.373907e-001 -8.704744e-001 -5.165502e-001 5.696799e-002 -5.289283e-001 -2.713408e+000 -2.050385e+000 -1.718285e+000 -1.497315e+000 -3.318989e-001 -1.747132e+000 -9.465528e-001 9.901398e-001 -7.614602e-002 1.523761e-001 1.468283e+000 7.423227e-001 -9.181904e-001 -9.916931e-001 4.916300e-001 8.202592e-001 
-5.602282e+000 2.333476e+001 -3.562791e+000 3.928952e+000 3.647872e+000 9.469671e-001 -2.812967e+000 -4.158224e+000 1.089095e+000 -1.241494e+000 -3.986072e-001 -3.784815e+000 -3.474286e+000 -1.058895e+000 -3.537613e-001 -5.052775e-001 -7.619191e-001 -6.876348e-001 -8.945669e-001 -1.209050e+000 -1.814066e+000 -1.506503e+000 -1.201336e+000 -1.354644e+000 -8.521176e-001 -1.388229e+000 -1.046953e+000 6.876168e-001 -2.790903e-002 3.736569e-001 1.153383e+000 1.486540e-001 -4.492300e-001 -8.230612e-002 5.738496e-001 5.368081e-001 
-3.543650e+000 2.146269e+001 -4.009084e+000 4.314175e+000 5.008790e+000 8.017974e-001 -5.110491e+000 -4.682435e+000 1.775301e+000 -8.331930e-001 -1.126089e+000 -3.922050e+000 -4.001657e+000 -9.611606e-001 4.860516e-001 5.063973e-001 -1.171066e+000 -1.671947e+000 -8.378990e-001 -6.839123e-001 -8.389637e-001 -1.552411e+000 -1.161888e+000 -1.505602e+000 -1.131268e+000 -1.364505e+000 -1.024755e+000 6.069046e-001 -2.762503e-001 4.956714e-001 1.461701e+000 -4.559494e-001 -7.938729e-001 2.094911e-001 6.939133e-001 6.705353e-001 
-2.165533e+000 2.044040e+001 -3.273553e+000 4.602336e+000 4.869444e+000 8.787275e-001 -4.823025e+000 -4.299095e+000 1.458126e+000 -9.546403e-001 -9.934187e-001 -2.915663e+000 -4.065622e+000 -5.967433e-001 1.033584e+000 -3.779540e-001 -1.286765e+000 -1.065543e+000 -6.523908e-001 -7.284254e-001 -1.154456e+000 -1.135798e+000 -1.167305e+000 -1.396703e+000 -4.998433e-001 -1.248132e+000 -1.211293e+000 4.546352e-001 2.528039e-002 1.130885e-001 8.702215e-001 2.330203e-001 -2.407839e-001 2.940739e-002 5.863718e-001 7.216132e-001 
-3.698959e+000 2.176649e+001 -4.751982e+000 5.481566e+000 4.524450e+000 6.565714e-001 -4.007173e+000 -5.294150e+000 2.203128e+000 -1.011236e+000 -1.066901e+000 -3.555986e+000 -3.925753e+000 -5.349354e-001 5.959151e-001 1.486264e-001 -1.247076e+000 -1.151341e+000 -2.634229e-001 -7.881653e-001 -1.531551e+000 -1.490898e+000 -8.592567e-001 -1.513578e+000 -3.402518e-001 -1.344713e+000 -1.761793e+000 8.002533e-001 3.723226e-001 1.283226e-001 9.328971e-001 3.171492e-001 -4.752336e-001 -3.699980e-001 9.744556e-001 5.173223e-001 
-1.330588e+000 1.932258e+001 -3.679569e+000 4.835142e+000 4.278397e+000 9.585117e-001 -4.457608e+000 -4.470065e+000 1.494065e+000 -9.011435e-001 -1.410475e+000 -3.246006e+000 -3.958035e+000 -4.539518e-001 4.930416e-001 -3.610948e-001 -1.339343e+000 -1.084836e+000 -1.404674e-001 -5.465819e-001 -1.600764e+000 -1.637908e+000 -1.107625e+000 -1.382206e+000 -5.263633e-001 -1.311903e+000 -1.724551e+000 7.584778e-001 5.077389e-001 1.182655e-001 7.927849e-001 3.122861e-001 -4.400390e-001 -3.372859e-001 8.129985e-001 6.771603e-001 
-3.361360e-001 1.827026e+001 -2.717015e+000 4.547240e+000 4.301553e+000 1.101056e+000 -4.309671e+000 -4.182328e+000 1.430706e+000 -7.412379e-001 -1.685222e+000 -3.277208e+000 -3.935951e+000 -3.710133e-001 7.442985e-001 -4.038728e-001 -1.309118e+000 -1.161407e+000 -1.004860e-001 -4.515118e-001 -1.733227e+000 -1.656794e+000 -9.299639e-001 -1.297857e+000 -6.930452e-001 -1.340748e+000 -1.456628e+000 6.766725e-001 5.068669e-001 8.435438e-002 6.691947e-001 4.056072e-001 -2.609130e-001 -3.363130e-001 6.476871e-001 6.099611e-001 
-4.593816e+000 2.322113e+001 -6.589424e+000 7.325100e+000 3.756942e+000 -2.196458e-001 -2.077823e+000 -6.967668e+000 3.953200e+000 -2.340968e+000 -4.348564e-001 -4.195857e+000 -4.344614e+000 8.144210e-001 -1.027935e+000 1.354025e+000 -2.477692e+000 -9.057756e-001 4.095375e-001 -1.447385e+000 -5.617729e-001 -2.977098e+000 2.244327e-002 -1.631022e+000 -7.398034e-001 -9.110650e-001 -2.438860e+000 1.367071e+000 3.258659e-002 6.174380e-001 5.382223e-001 1.016230e-001 1.749393e-001 -1.298560e+000 1.583426e+000 4.258707e-001 
-6.443836e-001 1.822793e+001 -2.670438e+000 4.748632e+000 4.170287e+000 5.239291e-001 -4.061630e+000 -4.013167e+000 8.126895e-001 -4.502819e-001 -1.262964e+000 -3.927563e+000 -4.011497e+000 -2.913949e-001 4.330831e-001 -4.039855e-001 -1.532808e+000 -1.127256e+000 1.687562e-001 -7.869838e-001 -2.172436e+000 -1.557130e+000 -8.752626e-001 -1.409228e+000 -6.368343e-001 -1.388387e+000 -1.735867e+000 8.508949e-001 5.565712e-001 -2.865778e-001 6.680783e-001 7.243290e-001 -3.290870e-001 -4.335712e-001 7.009366e-001 4.887364e-001 
-8.887951e-001 1.851885e+001 -3.845157e+000 5.315205e+000 4.103222e+000 3.910193e-001 -4.308531e+000 -4.507953e+000 9.429644e-001 -1.019717e+000 -1.075242e+000 -3.448222e+000 -4.597122e+000 -4.540256e-001 4.794624e-001 -7.546873e-001 -1.653521e+000 -8.452549e-001 1.472903e-001 -1.266501e+000 -2.178269e+000 -1.706925e+000 -1.211966e+000 -1.002353e+000 -6.651748e-001 -1.763165e+000 -1.703855e+000 7.755920e-001 5.317469e-001 -1.770906e-001 7.678509e-001 7.215942e-001 -4.403482e-001 -5.716137e-001 6.663510e-001 6.103653e-001 
-3.679787e+000 2.191354e+001 -6.206071e+000 7.128072e+000 3.136641e+000 6.641018e-001 -3.814665e+000 -5.813610e+000 2.941305e+000 -2.673495e+000 1.650691e-001 -4.201670e+000 -4.510416e+000 9.745317e-002 -1.270972e-003 -2.401853e-001 -1.973804e+000 -7.441046e-002 -4.461239e-001 -1.164003e+000 -1.965615e+000 -1.748738e+000 -9.257790e-001 -1.305413e+000 -1.726431e-001 -2.029939e+000 -1.723770e+000 7.395649e-001 7.663363e-001 2.073539e-002 6.112008e-001 6.385347e-001 -6.911566e-001 -2.796831e-001 6.972606e-001 6.757007e-001 
-3.014819e+000 2.099214e+001 -5.139700e+000 6.923773e+000 2.909637e+000 9.116818e-001 -4.844277e+000 -5.228481e+000 2.771075e+000 -2.066375e+000 2.034012e-001 -4.287390e+000 -4.397408e+000 -4.740439e-001 5.868531e-001 -1.006999e-001 -2.090787e+000 -1.072731e-001 -4.048556e-001 -1.082799e+000 -1.860466e+000 -1.480914e+000 -1.582500e+000 -8.359775e-001 -2.589565e-001 -2.097166e+000 -1.622833e+000 6.798468e-001 5.703634e-001 4.232175e-001 6.060509e-001 6.678395e-001 -1.021415e+000 -3.048666e-001 8.402960e-001 7.876366e-001 
-3.063301e+000 2.014729e+001 -4.026737e+000 6.432203e+000 3.532523e+000 5.665992e-001 -5.272231e+000 -4.708895e+000 1.897368e+000 -1.258555e+000 -4.049036e-001 -4.115804e+000 -4.564018e+000 -2.701513e-001 7.436786e-001 -3.849516e-001 -1.903311e+000 -5.605065e-001 8.541659e-002 -9.551430e-001 -1.873871e+000 -1.862617e+000 -1.310195e+000 -1.019744e+000 -2.000485e-001 -1.724288e+000 -2.050181e+000 6.437892e-001 8.116386e-001 3.123266e-001 1.013664e+000 4.427671e-001 -1.134806e+000 -5.801052e-001 1.125059e+000 8.674505e-001 
-1.771874e+000 1.916629e+001 -3.482377e+000 6.140584e+000 3.729091e+000 1.615872e-001 -4.482205e+000 -4.847561e+000 1.588144e+000 -7.782336e-001 -8.802262e-001 -3.670834e+000 -4.721534e+000 -7.353545e-002 5.269699e-001 -4.492320e-001 -1.309086e+000 -8.796758e-001 4.399874e-001 -1.215971e+000 -1.866356e+000 -1.588981e+000 -1.490355e+000 -7.447838e-001 -6.701748e-001 -1.652868e+000 -1.523249e+000 4.427437e-001 9.450086e-001 2.828277e-001 7.765953e-001 5.479276e-001 -8.766670e-001 -5.534434e-001 9.283806e-001 6.763387e-001 
2.996917e-001 1.758418e+001 -1.910482e+000 4.679328e+000 4.373623e+000 4.095221e-001 -4.091664e+000 -3.913320e+000 9.974151e-001 -3.030550e-001 -1.270731e+000 -3.375652e+000 -4.170665e+000 -2.551502e-001 7.879244e-001 -4.150501e-001 -1.046736e+000 -6.562614e-001 4.127330e-001 -8.805461e-001 -1.875832e+000 -1.480901e+000 -1.400693e+000 -8.334467e-001 -5.697175e-001 -1.685678e+000 -1.244474e+000 7.864976e-001 7.880408e-001 1.477748e-001 8.542997e-001 6.197598e-001 -5.949388e-001 -4.683630e-001 5.392879e-001 5.735351e-001 
-4.596600e+000 2.298459e+001 -6.453287e+000 8.325173e+000 3.008428e+000 -5.806660e-001 -2.810151e+000 -6.654995e+000 4.357301e+000 -2.997735e+000 2.488962e-001 -3.880415e+000 -5.391765e+000 6.487901e-001 -8.023643e-001 1.315544e+000 -2.287118e+000 -2.217332e-001 4.927318e-001 -1.921252e+000 -9.509578e-001 -2.403320e+000 -7.057616e-001 -1.138835e+000 -9.075617e-001 -1.477994e+000 -2.014214e+000 1.573643e+000 3.497719e-001 4.609557e-001 7.237194e-001 1.199517e-001 3.233368e-002 -1.231182e+000 1.279218e+000 -2.497319e-002 
-3.228904e-001 1.792421e+001 -2.963379e+000 5.185533e+000 3.652664e+000 -1.615428e-001 -4.217427e+000 -3.862586e+000 1.203931e+000 -1.209511e+000 -1.541428e+000 -3.542041e+000 -4.757671e+000 -3.573123e-001 5.425815e-001 -7.733184e-001 -1.370975e+000 -7.872341e-001 4.441299e-001 -1.222360e+000 -2.024390e+000 -1.865811e+000 -1.634005e+000 -7.454800e-001 -9.322752e-001 -1.937843e+000 -1.445621e+000 6.955614e-001 1.095683e+000 -1.490259e-001 5.184361e-001 7.210457e-001 -5.806474e-001 -5.071983e-001 3.597963e-001 3.542339e-001 
-1.956868e+000 1.971778e+001 -4.233542e+000 5.585221e+000 4.191380e+000 3.883261e-002 -3.876079e+000 -4.192705e+000 1.242901e+000 -1.177442e+000 -9.076240e-001 -3.887782e+000 -4.839612e+000 -2.913492e-001 5.186727e-001 -3.059740e-001 -1.698651e+000 -8.005575e-001 7.665139e-001 -1.434039e+000 -1.686645e+000 -1.527723e+000 -1.745180e+000 -8.168844e-001 -9.801400e-001 -1.882642e+000 -1.364194e+000 8.152780e-001 1.093151e+000 -2.657113e-001 4.443658e-001 8.777935e-001 -6.329781e-001 -6.835058e-001 6.231836e-001 4.701710e-001 
-4.472855e+000 2.211973e+001 -5.710304e+000 6.817776e+000 2.940145e+000 9.968049e-001 -3.027930e+000 -6.124187e+000 2.769241e+000 -1.964469e+000 -5.906088e-001 -4.806120e+000 -4.197138e+000 -4.433160e-001 -6.643290e-002 6.697638e-001 -2.329573e+000 -5.997142e-001 1.522577e-002 -1.020095e+000 -1.741355e+000 -1.832343e+000 -9.703327e-001 -1.362783e+000 -9.482041e-001 -2.049903e+000 -1.262444e+000 7.519062e-001 7.558568e-001 1.122592e-001 3.028013e-001 5.246009e-001 -4.566781e-001 -7.275373e-001 7.283779e-001 6.516424e-001 
-2.215775e+000 1.924842e+001 -3.470956e+000 5.363335e+000 3.429840e+000 1.911762e+000 -3.824773e+000 -4.960156e+000 1.552762e+000 -8.661561e-001 -1.316288e+000 -4.457640e+000 -4.365325e+000 -2.446802e-001 8.845702e-002 -4.997828e-002 -1.204344e+000 -1.234289e+000 -1.048448e-001 -8.804930e-001 -1.481858e+000 -1.735459e+000 -1.339778e+000 -1.125027e+000 -1.195958e+000 -1.991049e+000 -1.059768e+000 8.670279e-001 4.604175e-001 6.465988e-002 4.545208e-001 3.995838e-001 -4.124577e-001 -4.431420e-001 6.685038e-001 2.054631e-001 
