-12.11466 7.365426 -8.876543 0.1020858 -1.7966820000000001 0.8488413 -0.3795025 -1.6137569999999999 2.1353450000000005 -3.4470169999999998 -1.5197900000000002 -0.38647840000000006 0.8883479999999999 -0.8200485000000002 0.5283787000000001 -0.7175555 -0.5213285 0.6806264 0.3751719 0.5939128 -0.8154649000000002 1.728294 0.6455547 0.2334733 
-4.718276 6.244657 -8.990842 5.268582000000001 -4.284694000000001 2.492212 -0.08425203000000002 -1.8274329999999996 2.095616 -2.329591 -0.6142127999999999 -1.2848559999999998 0.915164 -1.196969 1.3811490000000002 0.31187349999999997 0.47897880000000004 0.9406492000000001 0.4086048 1.4603280000000003 -1.2401 1.019648 5.47722E-4 0.7378656 
0.8614261 10.68038 -5.499754000000001 3.3733040000000005 -3.8387570000000006 -3.1755600000000004 -2.921954 -3.912775 1.3427469999999997 -1.475515 -2.238459 0.07615212 -0.9211121000000001 -2.203694 -1.199156 -0.35439670000000006 -0.1636891 0.05727398 -0.009027673 -0.6124104 -0.4807617 0.2102165 -0.16425939999999997 -0.3331496 
4.02108 16.96072 -10.303960000000002 5.340861 -4.159216999999999 -6.8832840000000015 -2.280327 -4.131985 4.114539 -2.1389530000000003 -2.690602 0.3074083 -0.5545064000000001 -2.8762289999999995 -1.8081130000000003 0.32271619999999995 -1.0058360000000002 0.03598526 -0.0024968679999999997 -1.170584 -0.36282529999999996 -0.8312518999999999 -0.2651839 -0.3518406 
9.558577999999999 14.389080000000003 -7.213867 0.3698827 -4.17476 -7.855743000000002 -3.4298709999999994 -1.7435310000000004 2.7819369999999997 0.8497079999999999 -3.684974 -0.38753880000000007 -0.5174443000000001 -2.5865240000000003 -0.7722545 -0.8898634000000001 -0.2245575 0.7274475999999999 -1.000557 -1.3014530000000002 -0.6452855 -0.7356394 -0.3183461 -0.08626354000000001 
12.685720000000002 14.966319999999998 -9.383102 -0.6220293 -3.340389000000001 -7.028578000000001 -2.6909950000000005 -1.5028609999999998 2.494479 1.6357060000000003 -2.065383 -0.5721928 -1.387085 -1.8715189999999997 -0.3017813999999999 -0.8301739999999997 0.5853778 0.8001392000000002 -1.189699 -0.8491475 -0.7991418 -0.8338925 0.04928764000000001 -0.2964513 
11.90965 16.68064 -11.634429999999998 1.197376 -3.745342999999999 -5.981613000000001 -1.9259039999999996 -0.7229438000000001 4.011251000000001 0.5992532 -2.577601 -1.002311 -0.5548032000000002 -1.3548589999999998 -1.013996 -0.11904800000000001 0.7309663999999999 0.9960598000000002 -0.737729 -0.4011725 0.35256070000000006 -0.9751838 -0.2386059 -0.043885679999999996 
13.51263 14.107079999999998 -9.632091 -1.442976 -3.394938 -4.868719 -2.4495 -0.8247852 3.534179000000001 0.1412433 -3.1951399999999994 -0.5978115 -0.47605349999999996 -1.6372350000000002 -0.8778258 -0.37571790000000005 0.26545219999999997 0.4404645 -0.8514646 -0.2310515 0.6591519999999998 -0.8902042000000001 -0.9433670999999999 0.09876624 
13.51871 14.18884 -10.47856 -1.562488 -4.120061 -4.672247 -2.390451 -1.4905030000000001 2.965007 -0.321239 -3.119107 -1.027495 -1.01286 -1.4353809999999998 -1.0826329999999997 -0.5035468 0.07482821 -0.21202649999999995 -0.7145884000000001 -0.0022536080000000003 0.23502479999999998 -0.7919942999999999 -0.6923813 -0.2743927 
15.2144 13.918530000000002 -9.914485999999998 -1.6315539999999997 -3.575554 -4.864064 -1.3402670000000003 -1.3843840000000003 2.669608 0.6425222 -3.686128 -0.9398872999999999 -1.060199 -2.084337 -0.5205114000000001 -0.6220909 0.04705002 0.1171071 -0.6639005 0.3325069 0.2903128 -0.6698772000000001 -0.5726748 -0.4522295 
15.266369999999998 13.976349999999998 -10.59504 -1.155212 -3.5965570000000002 -4.438396 -1.034865 -1.5820989999999997 2.6879169999999997 0.5512515000000001 -3.673417 -1.078606 -1.065493 -1.995284 -0.6866887999999999 -0.5459861 -0.08456642000000002 0.04322382000000001 -0.49422299999999997 0.2118179 0.49085320000000005 -0.6096733 -0.9053706999999999 -0.2798615 
15.7898 12.513059999999998 -9.73881 -1.4871789999999998 -4.241407 -3.7535689999999997 -1.6631149999999997 -1.7350340000000002 2.590298 -0.2271029 -3.433505 -1.05183 -0.7317806 -1.798294 -0.8043966000000002 -0.4751934000000001 -0.5448854 0.18867750000000003 -0.765986 -0.08744985 0.9181204000000001 -1.01317 -1.05309 -0.04087403 
11.91354 18.24947 -14.58828 1.6500419999999996 -6.198311 -3.2936419999999993 -0.5556662 -3.424356 4.407268000000001 -1.9870660000000002 -2.327595 -1.3557369999999997 -0.9839184999999999 -1.133374 -1.352368 -0.012586440000000003 -1.055375 0.5512037 -0.7043171 -0.4585444 1.358683 -1.3837709999999999 -0.6040992 -0.304561 
14.056380000000003 15.935739999999997 -13.290089999999996 0.3843285 -6.102767999999999 -3.0718439999999996 -1.6985849999999998 -2.5171640000000006 3.376018000000001 -1.652889 -2.8049530000000003 -1.677182 -0.7149804 -1.1187439999999997 -1.261732 -0.1530215 -1.221532 0.05836488 -0.7070699 -0.27562249999999994 1.0846669999999998 -1.3338990000000002 -0.4723084000000001 -0.5624463999999999 
15.485150000000003 15.034409999999998 -12.934699999999996 -0.3747308999999999 -5.077570000000001 -2.9568529999999997 -1.4039730000000001 -1.9664920000000001 3.1675229999999996 -1.4961269999999998 -3.222596 -1.6006029999999998 -0.5189479 -1.111321 -1.284123 0.014574210000000002 -1.210197 -0.2465955 -0.3117524 -0.020244750000000002 0.9189008000000001 -0.8507756999999999 -0.3152313 -0.7478436999999999 
19.09334 11.062979999999998 -9.241003 -2.644131 -3.180211 -3.351343 -1.007423 -0.9391409 1.9787149999999998 -0.316132 -4.041747999999999 -1.7767060000000003 -0.33258309999999996 -0.8014561999999998 -0.7002493000000001 -0.9163607999999999 -0.6298799 -0.5068796 -0.4642221000000001 0.4024945999999999 0.4326021 -0.2966967 -0.5322093 -0.6076235 
20.04293 5.841779000000001 -3.7703209999999996 -3.150169 -1.950725 -0.7648269 0.04138318 0.7522209000000001 1.355017 -0.5514903000000001 -2.074277 -0.9633499 0.3992205 0.2931918 -0.5222598 -0.5500791 0.03894809 -0.0641408 -0.21918149999999997 -0.008275037 0.2346359 0.24069809999999997 -0.1929021 -0.44764740000000003 
-7.728662999999999 8.012224000000002 -10.693889999999998 0.3667654 -0.7252384999999999 2.2904389999999997 -1.0077300000000002 -1.6772349999999998 2.597377 -1.7654879999999997 -0.6525761 -0.9520016 0.09803034 -1.8327019999999998 0.1190966 -0.5766526 -0.04924908 0.8664218999999999 0.5562595 0.7004896 -0.9678491000000002 1.555168 0.08808351000000002 -0.38182930000000004 
-1.6436650000000002 6.504587999999999 -9.068495999999998 3.9065660000000006 -3.9336890000000007 1.6871290000000003 -1.525448 -2.081712 2.377373 -1.564586 -1.080456 -1.4350260000000001 0.2260472 -1.6216989999999998 0.5257604000000001 -0.13136060000000002 0.1530138 0.8957104000000002 0.5432525 0.4989732 -1.209246 1.145181 0.1665015 -0.09478054999999999 
3.895524000000001 11.13499 -5.926157 3.5188689999999996 -3.375598 -3.563544 -3.545116 -3.429116 1.320817 -1.200994 -2.5675069999999995 -0.3718434 -0.2999725 -2.097377 -1.178173 -0.9704986 -0.782407 0.3780714 0.5023923999999999 -0.4328192 -0.7962819999999999 -0.2690214 -0.5680488 0.2611638 
6.459013 15.25649 -8.990196 3.5800370000000004 -3.479651 -6.432715000000001 -3.178265 -3.0994099999999998 3.283427 -0.4572376 -3.622425 0.3093709 -0.9261128999999999 -2.799948 -0.769422 -0.4257673999999999 -0.6450046 -0.32626400000000005 0.1261392 -0.6376102 -0.9214877 -0.5083875999999999 -0.6833527999999999 0.2189097 
7.100186 19.20822 -10.692499999999999 1.5439690000000001 -3.89922 -8.023626 -1.227425 -2.884815 3.322616 1.8792670000000002 -2.9946030000000006 0.2574245 -0.9915330000000002 -1.901999 0.08412527000000002 -1.146905 0.3328581 0.7717487 -1.057209 -0.7512922 -0.8596247000000001 -0.888534 -0.11046639999999999 -0.03371412000000001 
12.714299999999998 14.71186 -10.316180000000001 -0.34032319999999994 -3.159616 -6.811411999999999 -2.396017 -1.141972 2.842969 1.541527 -2.199112 -0.48134839999999995 -1.1849550000000002 -1.8084109999999998 -0.5224374000000002 -0.6722675999999999 1.020818 0.9128553999999999 -1.195343 -0.7126719 -0.49647469999999994 -0.7269462 -0.09594641000000001 -0.2595684 
12.73787 14.636529999999997 -10.19693 -0.22201880000000002 -3.416269 -5.696616 -2.178969 -0.397821 3.558866000000001 0.4700975 -2.8227769999999994 -0.6100149 -0.3223726 -1.5923890000000003 -1.024332 -0.11962700000000001 0.8259869999999998 0.8669073999999999 -0.8059865000000002 -0.3211754 0.48354560000000013 -0.7448702999999999 -0.47503010000000007 0.01365758 
13.19395 14.577079999999999 -9.912455 -1.0849010000000001 -3.465927 -4.908586 -2.3455100000000004 -1.102601 3.7525769999999996 0.4730954 -3.149646 -0.3297431 -0.4108226 -1.512501 -0.6029717 -0.2559765 0.39850880000000005 0.2851951 -0.9014756000000002 -0.12151330000000002 0.5650907 -0.8320115999999997 -0.9272058999999999 -0.02091946 
13.62465 13.855490000000001 -10.39665 -1.891541 -3.8680920000000003 -5.21425 -1.9684260000000005 -1.3831190000000002 2.8172570000000006 0.5195867 -3.2405049999999997 -0.8439175 -0.8323437 -1.679299 -0.5513748 -0.4110763 0.04224771 0.026003560000000002 -0.7625840000000002 0.004763675000000001 0.3253498000000001 -0.7441388 -0.8125 -0.324097 
14.699839999999998 13.631100000000002 -10.677459999999998 -1.668227 -3.631505 -5.009106 -1.2101880000000003 -1.5978030000000003 2.7207970000000006 0.8543766999999998 -3.683889999999999 -0.6955532 -0.6708476 -1.7709310000000005 -0.3320437 -0.5544851 -0.03909813 0.10781660000000001 -0.5703151000000001 0.1416011 0.2757129 -0.6230928000000001 -0.8012951 -0.3445829 
13.24047 16.05795 -12.76171 0.008056821 -4.135526 -4.592126 -0.6542832 -1.873744 3.604986 0.3547737 -3.5024799999999994 -0.5042318999999998 -0.7305403999999999 -1.4719770000000003 -0.5184874 -0.34508500000000003 0.001048468 0.06764714 -0.4206488999999999 0.11783339999999999 0.6512039 -0.7308466 -1.073643 -0.1297598 
14.636669999999999 14.19597 -11.366020000000002 -1.288746 -4.694831999999999 -3.9583000000000004 -1.1059789999999998 -1.530744 3.2358860000000003 -0.20470800000000006 -3.2817000000000003 -0.9421019 -1.147791 -1.631038 -0.8853523 -0.6322855 -0.21294119999999997 0.3714304 -0.524566 -0.09454687 0.7413854 -1.016338 -1.138444 -0.0013584340000000002 
15.24217 14.215730000000004 -10.872860000000001 -1.598071 -4.866956000000001 -4.1722 -0.9966217000000002 -2.1271400000000003 2.6641100000000004 -0.1228511 -3.6893029999999998 -0.9102965000000001 -1.087931 -1.266866 -0.8036841 -1.038214 -0.10877570000000002 -0.06344806000000001 -0.5411522 -0.1215826 0.4276170000000001 -0.7107962 -1.3377750000000002 0.1329718 
16.20439 14.08587 -11.14647 -1.4332969999999998 -4.794681 -4.278391 -1.2715879999999997 -1.9048630000000002 2.6292140000000006 -0.3890927 -3.668658 -0.8803443 -0.7605565 -1.21122 -0.5683686999999998 -0.8155453999999998 -0.5621733 -0.013927670000000001 -0.4964642000000001 -0.09392833 0.6214032 -0.6842236 -1.0975599999999999 -0.08258716 
17.150010000000005 13.610330000000001 -11.571330000000001 -1.235451 -4.621142 -3.3865340000000006 -1.55682 -1.708883 2.557679 -0.9484043 -3.576166 -1.6458189999999997 -0.1967852 -0.7157039999999999 -1.029651 -0.4226597 -1.0113140000000003 -0.4152239999999999 -0.3904687 0.026665749999999995 0.5828984 -0.6410064000000001 -0.4290718 -0.5590246 
