1.538225e+001 1.819612e+001 -8.500156e+000 5.508397e+000 -2.054333e+000 2.599542e+000 -7.298286e+000 -1.524539e+000 -7.240644e-001 -3.824548e+000 -2.673901e+000 -1.520124e+000 -2.293520e+000 -1.461706e+000 2.231206e+000 -5.204420e-001 -2.207976e+000 -2.211974e+000 1.805293e+000 -2.286589e+000 -3.189714e+000 -3.557598e-001 -1.355369e+000 -1.096689e+000 -9.669955e-002 -3.586970e-001 -7.379272e-003 -7.706273e-002 3.604528e-002 1.487440e+000 7.628950e-001 -3.476007e-001 -3.496843e-001 1.819296e-001 -7.337285e-001 4.660362e-001 
1.456802e+001 1.732314e+001 -8.162069e+000 5.721791e+000 -1.557002e+000 1.970394e+000 -8.167995e+000 -1.638487e+000 -1.254888e+000 -3.646035e+000 -2.537516e+000 -2.011935e+000 -2.371186e+000 -2.160166e+000 2.592043e+000 -7.296102e-001 -2.643697e+000 -1.791594e+000 1.195900e+000 -2.469225e+000 -2.750271e+000 -7.912517e-001 -1.526636e+000 -9.454338e-001 -3.011594e-001 -7.911393e-001 -2.418084e-002 2.348253e-001 8.534304e-002 2.014596e+000 3.086851e-001 -5.698530e-001 -6.487125e-001 -2.059515e-001 -2.670888e-001 6.772060e-001 
1.508847e+001 1.743431e+001 -7.656517e+000 5.544802e+000 -1.490048e+000 2.047164e+000 -7.335896e+000 -2.012818e+000 -7.725211e-001 -3.477977e+000 -1.267718e+000 -1.855808e+000 -2.513569e+000 -2.304285e+000 2.884772e+000 -3.437427e-001 -2.911302e+000 -1.293676e+000 9.960678e-001 -1.543875e+000 -2.669465e+000 -5.424508e-001 -1.505856e+000 -7.161169e-001 1.593285e-001 -8.355440e-001 4.376463e-001 -5.563198e-002 1.619950e-001 1.821586e+000 4.160589e-001 -3.333508e-001 -2.862182e-001 -4.772091e-001 -2.411660e-001 1.513282e-001 
1.542733e+001 1.555319e+001 -6.730347e+000 3.580426e+000 -3.792400e-001 4.400194e-001 -7.749465e+000 -2.472478e+000 -1.415103e+000 -4.264897e+000 -1.412433e+000 -2.341021e+000 -2.899555e+000 -2.097152e+000 1.765628e+000 -9.973295e-001 -3.349539e+000 -1.446283e+000 9.374783e-002 -1.803350e+000 -2.905644e+000 -8.476134e-001 -1.479830e+000 -6.668039e-001 -3.142858e-001 -1.078508e+000 3.729971e-001 -3.857571e-001 1.839214e-002 1.427866e+000 2.378468e-001 -4.299528e-001 -3.996488e-001 -4.116224e-001 -4.875009e-001 3.287087e-001 
1.518463e+001 1.723865e+001 -7.484321e+000 4.552380e+000 -7.801727e-001 1.851795e+000 -6.954352e+000 -1.964301e+000 -2.042821e+000 -3.691136e+000 -7.583739e-001 -1.487797e+000 -2.650279e+000 -2.103997e+000 1.740184e+000 -1.114907e+000 -2.531350e+000 -1.445347e+000 9.293312e-001 -1.233086e+000 -2.944996e+000 -8.631333e-001 -6.995322e-001 -6.402419e-001 -7.277417e-002 -4.441855e-002 6.254369e-001 -6.443065e-001 7.737042e-002 1.465685e+000 3.437835e-001 5.971925e-001 -8.806199e-001 -7.542896e-001 -6.873212e-001 3.798594e-001 
1.610157e+001 1.679769e+001 -5.613354e+000 5.171841e+000 -1.471394e-001 4.001159e+000 -7.494282e+000 -1.307048e+000 -1.682399e+000 -3.372189e+000 5.889727e-001 -7.205541e-001 -2.062528e+000 -2.647863e+000 2.579506e+000 -5.188244e-001 -1.602110e+000 -7.726064e-001 5.007133e-001 -6.680605e-001 -2.477746e+000 3.031642e-001 -4.606002e-001 -9.747673e-001 9.324039e-002 6.782620e-001 1.346064e+000 -2.700831e-001 -5.796377e-002 1.411445e+000 2.695873e-001 1.829052e-001 -4.423020e-001 -9.069432e-001 1.727040e-001 2.433794e-001 
1.903990e+001 1.687388e+001 -4.708083e+000 4.514243e+000 7.849490e-001 1.840071e+000 -5.360562e+000 -8.548624e-001 6.809273e-001 -2.532106e+000 -6.610606e-002 -4.696446e-001 -1.432857e+000 -1.184376e+000 2.056586e+000 3.436675e-001 -1.693532e+000 -4.446017e-001 1.355726e+000 -8.535097e-001 -1.896167e+000 9.030353e-001 -6.761680e-001 -8.642163e-001 -3.104104e-001 -5.385599e-001 8.970614e-001 4.652220e-001 2.554213e-001 8.344699e-001 3.780890e-001 -4.680594e-001 -1.407373e-001 2.676145e-001 -5.321464e-002 9.920651e-002 
1.599647e+001 1.624289e+001 -6.836559e+000 4.792757e+000 -4.286035e-001 1.283969e+000 -7.264142e+000 -2.717122e+000 -4.583024e-001 -4.373360e+000 -2.618906e+000 -1.425897e+000 -1.830886e+000 -1.075497e+000 2.087715e+000 -5.883878e-001 -3.275143e+000 -2.348449e+000 1.107572e+000 -1.698776e+000 -2.882357e+000 -7.950657e-002 -1.416614e+000 -1.038822e+000 -1.803541e-001 -6.252192e-001 -1.275821e-001 -1.439249e-001 1.413124e-001 1.401784e+000 7.487270e-001 -5.773051e-001 -1.646701e-001 -6.745958e-002 -2.438420e-001 8.063129e-001 
1.368039e+001 1.739366e+001 -8.654291e+000 6.464013e+000 -1.198786e+000 3.272734e+000 -8.371735e+000 -2.521983e+000 -2.541745e+000 -4.009992e+000 -1.461090e+000 -8.245342e-001 -1.500306e+000 -3.027057e+000 1.930535e+000 -1.705729e+000 -2.666483e+000 -1.048963e+000 2.165583e+000 -2.576807e+000 -2.931336e+000 -1.665102e+000 -1.756589e+000 -9.892710e-001 5.528331e-001 -2.124693e-001 3.018423e-001 -3.790000e-001 -5.307608e-001 1.710599e+000 2.263483e-001 -1.023590e-001 -1.730564e-001 1.110524e-002 -6.209427e-001 1.260736e-001 
1.477354e+001 1.640059e+001 -7.240143e+000 5.319046e+000 -2.433267e-001 2.050996e+000 -6.929282e+000 -2.864883e+000 -1.440619e+000 -4.234385e+000 -7.921259e-001 -1.178560e+000 -2.178603e+000 -2.100866e+000 1.865599e+000 -7.972420e-001 -3.214795e+000 -1.133520e+000 1.276300e+000 -1.202674e+000 -2.729795e+000 -7.645474e-001 -1.627192e+000 -6.588239e-001 1.972390e-001 -7.422780e-001 4.240887e-001 1.830350e-002 1.699339e-001 1.826363e+000 3.339615e-001 -4.703971e-001 -3.269286e-001 -5.454537e-001 -2.544288e-001 3.402534e-001 
1.478232e+001 1.794169e+001 -8.232541e+000 5.855625e+000 -1.499928e+000 2.187376e+000 -8.183767e+000 -9.810068e-001 -1.225232e+000 -3.199720e+000 -1.097114e+000 -2.180444e+000 -2.685038e+000 -2.264808e+000 2.771487e+000 -1.091133e+000 -1.953951e+000 -1.370064e+000 7.182012e-001 -2.019128e+000 -2.258161e+000 -6.585802e-001 -9.337452e-001 -4.194235e-001 -1.895160e-001 -4.549613e-001 5.636476e-001 1.174095e-001 5.059504e-002 1.588099e+000 1.251188e-002 1.248837e-003 -6.795678e-001 2.371365e-002 -6.025991e-001 5.015545e-001 
1.462116e+001 1.725554e+001 -7.860128e+000 4.703797e+000 -1.129774e+000 1.853199e+000 -8.363125e+000 -1.723625e+000 -2.352832e+000 -3.599899e+000 -9.937244e-001 -2.411925e+000 -3.308466e+000 -2.600756e+000 1.892094e+000 -1.007195e+000 -2.089303e+000 -1.658340e+000 4.033139e-001 -1.524018e+000 -3.030206e+000 -9.800721e-001 -1.026698e+000 -1.295397e+000 -2.325841e-001 6.162552e-002 5.113031e-001 -6.084362e-001 -1.781734e-001 1.477281e+000 2.780377e-001 8.347853e-001 -1.105624e+000 -8.360008e-001 -6.426441e-001 2.277292e-001 
