1.547469e+001 9.610732e+000 7.893728e-001 2.207931e+000 -2.458668e+000 2.201076e+000 -1.164891e+000 4.707132e-001 5.650207e-001 -1.027721e+000 -9.339965e-001 4.331271e-001 
1.446284e+001 9.839907e+000 -2.110715e-001 3.547942e+000 -2.309844e+000 2.893945e+000 -9.631403e-001 -9.375520e-002 3.128576e-001 -4.796338e-001 -1.190842e+000 5.017341e-001 
1.407187e+001 8.620568e+000 4.512631e-001 4.117246e+000 -1.527562e+000 2.353208e+000 -9.109730e-001 8.237647e-002 2.303046e-001 -7.843050e-001 -9.304551e-001 4.154363e-001 
1.444976e+001 8.749556e+000 5.317285e-001 4.081264e+000 -1.920583e+000 2.686665e+000 -1.011310e+000 -1.902647e-001 4.791074e-001 -6.491400e-001 -8.324073e-001 4.728107e-001 
1.477020e+001 8.908878e+000 -3.719795e-002 3.882850e+000 -2.630157e+000 2.858274e+000 -1.215959e+000 3.785715e-001 6.677329e-001 -3.696564e-001 -6.078188e-001 4.409540e-001 
1.618705e+001 9.072587e+000 -4.537578e-001 3.137136e+000 -2.751732e+000 2.209889e+000 -1.350420e+000 1.263271e+000 4.550458e-001 -3.213600e-001 -5.253855e-002 5.770077e-001 
1.696357e+001 1.004905e+001 -1.907605e+000 3.036029e+000 -3.547774e+000 1.825822e+000 -6.055701e-001 9.905685e-001 5.946379e-001 -9.879232e-003 -6.674638e-001 8.865549e-001 
1.722047e+001 1.071195e+001 -2.561398e+000 2.355703e+000 -3.909631e+000 1.789837e+000 -5.848064e-001 6.039041e-001 5.224858e-001 -3.584285e-001 -4.137163e-001 8.265721e-001 
1.876390e+001 1.032138e+001 -3.570928e+000 2.180704e+000 -4.024959e+000 1.783120e+000 -1.425196e+000 1.195820e+000 1.622197e-001 -5.373050e-001 -3.635780e-001 7.800305e-001 
1.873943e+001 1.112167e+001 -5.045830e+000 2.125604e+000 -3.394568e+000 1.480251e+000 -1.695598e+000 1.738533e+000 -4.000987e-001 -5.592223e-001 -3.498077e-001 5.142748e-001 
1.885645e+001 1.129794e+001 -4.993543e+000 1.259394e+000 -2.668315e+000 3.608774e-001 -1.499737e+000 1.710444e+000 -6.217193e-001 -7.995850e-001 -4.866059e-002 3.998232e-001 
1.915838e+001 1.113387e+001 -5.016335e+000 7.400535e-001 -2.982875e+000 8.680301e-001 -1.766655e+000 1.604706e+000 -5.315732e-001 -5.551830e-001 7.415328e-003 2.822814e-001 
1.975819e+001 1.014272e+001 -4.578888e+000 1.967670e-002 -2.588092e+000 6.831037e-001 -1.198927e+000 1.678919e+000 -3.744967e-001 -8.445657e-001 1.180684e-001 2.443137e-001 
1.923027e+001 1.058563e+001 -4.780190e+000 -1.454122e-002 -2.613399e+000 8.867588e-001 -9.664711e-001 1.909823e+000 -3.895684e-001 -9.116251e-001 1.480596e-001 2.983536e-001 
1.962440e+001 1.066865e+001 -3.794353e+000 -2.931166e-001 -2.901515e+000 7.865020e-001 -6.333618e-001 1.421498e+000 -1.095735e-001 -1.310935e+000 3.833836e-001 4.563381e-001 
1.899337e+001 1.102481e+001 -4.249224e+000 4.350036e-001 -3.066384e+000 1.343915e+000 -7.743076e-001 2.064493e+000 -4.158519e-001 -1.165963e+000 2.633012e-001 5.899659e-001 
1.910997e+001 1.076595e+001 -3.704704e+000 3.071510e-001 -3.291622e+000 1.130045e+000 -7.376050e-001 1.776468e+000 -3.671831e-001 -1.046999e+000 2.217543e-001 7.619521e-001 
1.878774e+001 1.023698e+001 -4.282933e+000 6.801191e-001 -3.461036e+000 1.741061e+000 -9.459773e-001 2.128188e+000 -5.237742e-001 -9.887896e-001 -2.958153e-003 5.948895e-001 
1.928660e+001 9.961527e+000 -3.762546e+000 -9.046200e-002 -3.162565e+000 1.189907e+000 -1.030560e+000 1.697248e+000 -4.827450e-001 -1.298354e+000 5.015700e-002 4.129475e-001 
1.860727e+001 1.009463e+001 -4.245181e+000 -1.683827e-001 -2.811950e+000 1.095316e+000 -7.547644e-001 1.463170e+000 -3.513148e-001 -1.098604e+000 -2.192091e-001 3.719106e-001 
2.055551e+001 7.639223e+000 -1.205908e+000 -9.029377e-001 -1.140269e+000 3.643110e-001 6.544556e-001 7.035255e-001 2.657853e-001 -8.660856e-001 -1.916818e-001 2.808728e-001 
1.528915e+001 9.116490e+000 1.036465e+000 2.352218e+000 -2.127739e+000 2.059796e+000 -1.088463e+000 2.824437e-001 7.054272e-001 -7.545918e-001 -6.207765e-001 4.481899e-001 
1.416027e+001 9.153034e+000 6.817418e-001 3.804611e+000 -2.031729e+000 2.173041e+000 -1.001006e+000 -1.292854e-001 6.177933e-001 -5.326217e-001 -8.382926e-001 8.583263e-001 
1.406694e+001 9.042532e+000 6.321683e-001 3.931612e+000 -2.045800e+000 1.996364e+000 -1.087798e+000 3.723562e-001 5.994326e-001 -5.467553e-001 -7.196680e-001 7.800894e-001 
1.466279e+001 9.075128e+000 3.222947e-001 4.135681e+000 -2.387426e+000 2.185869e+000 -1.480233e+000 1.011464e-001 9.663749e-001 -1.989205e-001 -7.628593e-001 5.202981e-001 
1.543015e+001 8.531976e+000 3.514609e-001 3.773178e+000 -2.007194e+000 2.045616e+000 -1.508216e+000 5.760986e-002 1.144392e+000 -4.564439e-001 -4.280069e-001 5.786642e-001 
1.555286e+001 9.451390e+000 -2.472484e-001 3.866613e+000 -2.906251e+000 2.345586e+000 -2.043242e+000 1.065608e+000 3.046763e-001 -1.279577e-001 -3.206473e-001 3.459675e-001 
1.675591e+001 1.008211e+001 -1.440293e+000 3.292010e+000 -3.730373e+000 1.767662e+000 -7.080462e-001 8.555839e-001 3.402762e-001 -3.421836e-002 -7.873119e-001 6.968707e-001 
1.718792e+001 1.079925e+001 -2.347223e+000 2.553038e+000 -3.675613e+000 1.673109e+000 -7.117221e-001 3.826551e-001 2.498129e-001 -6.763381e-001 -4.964501e-001 9.597409e-001 
1.853825e+001 1.082239e+001 -3.355424e+000 2.616316e+000 -4.263245e+000 2.077506e+000 -1.692636e+000 1.017528e+000 -1.518361e-001 -4.993335e-001 -4.942170e-001 8.057956e-001 
1.975424e+001 1.039448e+001 -4.141382e+000 1.285741e+000 -2.843793e+000 6.332840e-001 -1.248841e+000 1.114330e+000 -7.235739e-002 -1.008545e+000 -2.143565e-001 3.707132e-001 
1.872615e+001 1.151440e+001 -5.113103e+000 1.445935e+000 -2.793669e+000 3.555007e-001 -1.725291e+000 1.658440e+000 -7.198157e-001 -7.123549e-001 -5.814998e-002 4.188142e-001 
1.992671e+001 1.007358e+001 -4.020722e+000 -2.680835e-001 -2.106260e+000 8.931083e-003 -1.059904e+000 1.061124e+000 -1.124835e-001 -1.033853e+000 1.542543e-001 1.965151e-001 
1.913529e+001 1.075060e+001 -5.160392e+000 5.982083e-001 -3.161459e+000 1.258829e+000 -1.700621e+000 2.079909e+000 -7.053194e-001 -6.665957e-001 -4.718302e-002 3.064311e-001 
1.960154e+001 1.056443e+001 -4.259669e+000 -3.108469e-001 -2.404811e+000 5.906627e-001 -9.745813e-001 1.524236e+000 -3.142595e-001 -1.020315e+000 1.347388e-001 2.463460e-001 
1.947581e+001 1.064890e+001 -4.134347e+000 -1.237518e-001 -2.878988e+000 9.308975e-001 -7.918753e-001 1.577507e+000 -1.887836e-001 -1.292578e+000 3.165508e-001 4.023880e-001 
1.893211e+001 1.121093e+001 -4.556472e+000 6.790031e-001 -3.332933e+000 1.363732e+000 -9.863992e-001 2.069568e+000 -4.933949e-001 -1.085259e+000 1.776411e-001 6.979331e-001 
1.954102e+001 9.895983e+000 -3.047784e+000 -4.570305e-001 -2.664788e+000 6.319358e-001 -2.333088e-001 1.415892e+000 4.241056e-002 -1.251203e+000 3.878378e-001 6.868433e-001 
1.927320e+001 1.012694e+001 -3.674693e+000 4.017700e-001 -3.162063e+000 1.382721e+000 -6.808108e-001 1.896963e+000 -3.245094e-001 -1.085796e+000 1.714109e-001 6.425854e-001 
1.947945e+001 1.014615e+001 -3.677803e+000 1.316488e-001 -3.009622e+000 1.380385e+000 -8.643164e-001 1.820344e+000 -4.446385e-001 -1.307922e+000 2.823899e-002 3.998616e-001 
1.881272e+001 1.061027e+001 -4.019975e+000 9.463683e-002 -2.891729e+000 1.249630e+000 -7.483413e-001 1.568615e+000 -3.558834e-001 -1.091364e+000 -2.039731e-001 4.824499e-001 
