13.1139815 10.59264625 -3.0272290250000005 1.962169575 -0.6021589875 1.05781347375 -1.1626907499999999 0.022558301249999996 0.21496866249999994 -0.6358840875 -0.230840418875 0.3887045375 
12.008557125 10.39537175 -2.2836466374999995 2.0684911249999995 -0.734918425 1.01293627375 -0.8441415 -0.0030389287500000115 0.2064326625 -0.48903256249999993 -0.23688954125 0.413195985 
11.673023875 10.07047925 -1.9747805250000001 2.3672426250000003 -0.8522768999999999 1.1836519375 -0.9452727250000001 0.20841118375 -0.03677902499999999 -0.35529964999999997 -0.48128006250000005 0.36555648625000003 
11.699097125 9.716957125 -1.6593877125 2.3926205375 -0.8298188437499999 1.0967622 -0.7919926100000001 0.13576664 0.3203741875 -0.29403302625 -0.41486745375 0.27790035 
11.855444499999999 9.81930225 -1.79494303125 2.2672751125 -1.076894875 1.04985153625 -0.8379876525 0.20448315875 0.4907843499999999 -0.30119776249999997 -0.22061250000000004 0.34004857625 
12.255903125000001 9.970093499999999 -1.9093734125000001 2.03681625 -1.1398966725 0.820178775 -0.9053290249999999 0.39706368875000003 0.46729239999999994 -0.241794575 -0.22852329374999997 0.331921335 
12.88554375 10.125388 -2.5776338250000004 1.6581780875 -1.3204955624999999 0.6239697124999999 -0.7808938401249998 0.25935387249999997 0.41193066250000004 -0.2909100165 -0.16271495375 0.26632067125 
13.498637249999998 10.414337875000001 -3.4213894750000002 1.7742911875 -1.8062552749999998 0.9030756874999999 -0.8775067949999998 0.15372926125000003 0.382367653125 -0.45312081249999997 -0.3682579375 0.24680319499999998 
14.426843625 10.210959 -4.0893434875 1.9125316375 -1.7347760625 0.8506874125 -0.9952629875 0.068683535 0.5721402624999999 -0.54530575 -0.28426057625 0.24657264999999995 
15.630756375 10.249021999999998 -4.54247835 1.55249503875 -1.5385613999999999 0.2610276555 -0.9177057325 0.044160412499999996 -0.055040750000000006 -0.34770502125 -0.1080466125 0.01284381250000001 
15.708947375000001 11.041229999999999 -5.716658625000001 1.4061610275 -1.5920278625 0.29147809875 -1.02933225 -0.024307640000000075 -0.19663973749999997 -0.47134883125 -0.181447420375 0.06918364624999998 
16.600545 10.472547375 -5.667788874999999 0.6471406875000001 -1.2634339375 -0.09139861124999997 -0.93407225 -0.1873435492875 -0.08015461999999995 -0.911207125 -0.174339729 0.13817141624999998 
17.01476625 10.692505125 -6.1842335 0.88685455 -1.3886966949999997 0.1482790375 -1.0312921625 0.226238397625 -0.2249904625 -0.8064162162499999 -0.2201899 0.170045435 
17.31783875 10.384236249999999 -5.776628875 0.45063342250000005 -0.8779296624999999 -0.03289534625000001 -0.8143739624999999 0.12376620000000002 -0.09333207375000001 -0.864713555 -0.2916449475 0.10987665875000002 
17.431662499999998 10.437796 -5.733431124999999 0.62626945 -1.02690529375 0.061901312500000014 -0.7903949375000001 -0.08995124125000006 -0.01277772124999998 -0.7478065924999999 -0.30761720374999996 0.18464519125 
17.3560325 10.4708095 -5.709130249999999 0.568089895 -0.9697544625 -0.021991375000000035 -0.7558907925 -0.14487359999999982 0.025411299999999977 -0.9268550500000001 -0.11261767660000001 0.036359687500000015 
17.437806249999998 10.428225874999999 -5.48908325 0.5065308675 -1.059233575 0.06190969625000001 -0.9710128250000001 0.14371287 0.010402354999999988 -0.8415264874999999 -0.323110252125 0.207083325 
17.311284999999998 10.29516725 -5.694215874999999 0.37638720000000003 -0.8987096625 -0.19885325 -0.8077246125 0.03900869737500001 0.16050811250000002 -0.9553090625 -0.292018534625 0.1787631925 
17.02850375 10.65113 -6.041495875 0.7335751375 -1.2198697374999998 -0.0290746375 -0.7880896625 0.06588287500000001 0.2657343000000001 -1.1029480999999999 -0.051254220375000006 0.03445745875 
16.98845 10.767154999999999 -5.983192125 0.8020128874999999 -1.2648062875000001 0.24671851250000001 -0.90992937125 0.24725749924999998 0.13700672499999997 -0.905003675 -0.13835277375 0.0961871 
18.19985375 8.631203625 -3.6204275000000004 -0.144548925 -0.043734533749999985 0.007134644999999981 -0.4967470875 0.11337882500000002 0.28821681250000003 -0.7994195500000001 -0.23180879875 0.19713014500000003 
13.459338499999998 10.099059 -2.740499875 1.7063292625 -0.17075536250000004 0.8543536125 -1.079824625 -0.063297625 0.35756144999999995 -0.5703180287499999 -0.256731525 0.30035520000000004 
12.001247874999999 10.9288895 -2.6289496375000003 2.2534516 -0.9105897537500001 1.0445816325 -1.0910887875 0.192458625 0.44109836999999996 -0.44937358750000006 -0.31630459625 0.49985505 
11.62385175 10.42206225 -2.0778055349999995 2.2956423750000003 -1.2748225125000001 1.1762839 -1.0058029625 0.3837495 0.24848545000000005 -0.318119455 -0.46057293 0.403813535 
11.86265375 9.771504499999999 -1.7873997624999998 2.3322331375000003 -0.9851431500000001 0.9740516374999999 -0.7243848875000001 0.28897407250000007 0.3947116875 -0.36092955 -0.440180035 0.2249142875 
11.966611625 9.397305000000001 -1.7330534625 2.2197608000000004 -0.9364346124999999 0.980303445 -0.7559857625 0.26235248 0.6428505875000001 -0.2701254125 -0.43808231625000005 0.2899867425 
12.064103625 9.761996125000001 -1.84220218 2.16321925 -1.0587552875 0.8669703999999999 -0.8488022124999999 0.449772077875 0.55044193375 -0.39396433625000005 -0.34071029375 0.23263783375000002 
12.555083250000001 10.453819875 -2.98662245 2.060701275 -1.4621421875 0.9106469500000001 -0.774300475 0.13740288750000001 0.504532395 -0.33998622125 -0.23197197499999997 0.25713553775 
13.76377625 9.829177125 -3.0330863875 1.3844024 -1.44089625 0.70439515 -0.8840900625 0.014028472499999993 0.3826312475000001 -0.46745938000000004 -0.38020772125 0.4178901375 
14.635937250000001 9.9882475 -3.9279172 1.74732105 -1.6511031864999999 0.8316455125 -1.08698486 0.1370086445 0.560464275 -0.45140371125 -0.35606782503749995 0.3520765512499999 
15.709527125 10.285879875000001 -4.407067025 1.590083725 -1.4999878750000002 0.119289675 -0.8211671312500002 -0.08336734374999996 0.12036474999999998 -0.5293318725 -0.022791902249999992 0.011087012499999993 
15.828542624999999 11.054501624999999 -5.412829690000001 1.4090436725 -1.5351188 0.2353901 -1.0438798375 -0.08785385125000003 -0.07563230000000004 -0.53649318375 -0.09604871375 0.08536994499999997 
16.214945 11.030116750000001 -5.9944641249999995 1.0853623875 -1.4273162375 0.10587443162500002 -0.9364495374999999 -0.20129785500000008 0.008929962499999994 -0.9900122374999999 -0.10599242749999999 0.11129904875000002 
16.8971825 10.558800625000002 -6.2331725 0.810347565 -1.41701550825 0.10369493750000003 -1.0482787500000001 0.17153181749999996 -0.22905386125 -0.8555190125000001 -0.254268815 0.20048122000000002 
17.19341875 10.592285125 -5.87763525 0.523841925 -1.08223925 0.07787896374999999 -1.002603648625 0.13257198874999998 -0.147400005 -0.8205017625000001 -0.34476511249999997 0.15232181250000001 
17.1042175 10.7404755 -5.988636499999999 0.6211509000000001 -1.18677435 0.039958701250000034 -0.8328963500000001 -0.13132661875000004 0.06148132624999999 -0.8230867499999999 -0.22770890625 0.139057725 
17.3734975 10.556776 -5.6100855 0.6326656625 -1.0374109375 0.01713277499999999 -0.93276448125 -0.04364311249999997 -0.1800190475 -0.7619275 -0.2380121325 0.10809704999999999 
17.189024999999997 10.633991875 -5.712191375 0.778043075 -1.1475190125 0.28440722125 -1.0589787 0.14821052499999998 -0.017865829999999992 -0.8823023675 -0.36975121750000006 0.2053971 
17.20009125 10.484853375000002 -5.740267125 0.59108055 -0.942970125 0.00480845237500005 -0.825924954375 0.11826664625000001 0.1863379125 -1.0382445375 -0.25955218999999996 0.18592137 
17.218503750000004 10.512039375 -5.826081874999999 0.7114695875 -1.1126981 0.015280300000000024 -0.808403913375 0.1819524975 0.12889786250000004 -1.005825725 -0.10614306874999999 0.04133498775 
17.0423525 10.859900125 -5.857148875000001 0.7519333787499999 -1.2604313125 0.09577107500000001 -0.9414910125 0.17535207125000005 0.09565634874999993 -0.9666466875000002 -0.1620896675 0.1098044775 
