7.511290e+000 8.840273e+000 -1.407769e+000 2.742849e+000 -4.003478e-001 1.747077e+000 -1.704016e+000 7.626193e-001 2.639003e-002 -7.058788e-001 -6.071441e-001 4.672451e-001 
8.408901e+000 8.461174e+000 -1.247244e+000 2.902444e+000 -1.008557e+000 9.610247e-001 -2.064100e+000 7.610469e-001 5.384785e-002 2.324907e-001 -4.461874e-001 7.024234e-001 
1.280118e+001 9.438132e+000 -2.634448e+000 3.491274e+000 -7.316106e-001 8.438219e-001 -1.234805e+000 9.186684e-001 -2.684291e-001 -8.255402e-001 -1.497950e+000 3.119902e-001 
1.426447e+001 9.934116e+000 -3.005951e+000 3.028454e+000 -7.385563e-001 1.080225e+000 -1.705780e+000 7.544640e-001 -4.259562e-001 -7.910474e-001 -1.590188e+000 -6.689345e-002 
1.468740e+001 9.761938e+000 -3.487991e+000 3.198129e+000 -7.464894e-001 4.666961e-001 -1.383784e+000 5.006454e-001 1.389287e-001 -5.240852e-001 -1.443434e+000 3.913683e-001 
1.213756e+001 9.284124e+000 -2.961961e+000 2.727881e+000 -1.141283e-001 3.690042e-001 -1.238528e+000 6.633729e-001 3.354428e-001 -6.298196e-001 -1.145663e+000 1.604995e-001 
7.937734e+000 9.092234e+000 -1.666212e+000 1.778299e+000 -8.675913e-001 1.496681e+000 -1.368461e+000 1.314181e+000 -2.073345e-003 -5.509039e-001 -7.484969e-001 1.088811e-001 
9.385088e+000 7.793231e+000 -1.913909e+000 3.093684e+000 -5.541201e-001 1.056298e+000 -1.599878e+000 6.299723e-001 -3.480145e-002 -2.585354e-001 -1.045592e+000 2.343595e-001 
1.276674e+001 9.575967e+000 -3.140244e+000 3.718142e+000 -8.568156e-001 9.073450e-001 -1.815151e+000 5.186791e-001 -6.014035e-001 -6.893862e-001 -1.553485e+000 1.780466e-001 
1.459618e+001 9.385455e+000 -3.164173e+000 2.538375e+000 -9.012887e-001 3.938807e-001 -1.331727e+000 4.373810e-001 -3.196845e-001 -8.982982e-001 -1.568668e+000 3.481561e-003 
