1.114154e+001 1.259758e+001 -6.069484e+000 2.088429e+000 -7.161813e+000 -1.611038e+000 -5.447588e+000 -4.671264e-001 1.970260e+000 1.824187e-002 -2.751106e+000 -1.595050e+000 -1.599398e+000 -2.886289e+000 -5.997982e-001 -1.936881e+000 -1.811634e+000 2.581666e-001 8.998955e-001 -1.690591e-001 1.439392e+000 -7.062207e-001 -3.148042e-002 1.740324e+000 1.666271e+000 1.242397e+000 1.374738e+000 2.418512e+000 -9.733846e-002 4.981279e-001 1.473392e+000 -5.371362e-001 -1.234849e+000 -5.426861e-001 -1.210720e+000 -7.803535e-001 
1.082069e+001 1.369475e+001 -5.724085e+000 2.045707e+000 -7.971412e+000 -1.429883e+000 -5.296899e+000 1.495221e+000 2.021959e+000 -1.471844e+000 -2.798634e+000 -2.018789e+000 -5.287186e-001 -2.707790e+000 -9.862855e-001 -1.450110e+000 -1.360803e+000 -1.641488e-001 6.007174e-001 -5.877933e-001 1.128223e+000 -1.605054e-001 2.172758e-001 1.412023e+000 1.195551e+000 1.458825e+000 1.042792e+000 1.832141e+000 4.978854e-001 6.948680e-001 9.303609e-001 -8.663235e-001 -7.206047e-001 -1.313169e-001 -1.345523e+000 -1.730362e+000 
9.654059e+000 1.290606e+001 -5.983817e+000 2.464266e+000 -6.312608e+000 -1.689486e+000 -6.003638e+000 -1.190709e-001 2.013094e+000 -2.332501e+000 -2.398292e+000 -2.154527e+000 -4.108439e-001 -2.437151e+000 -1.783103e+000 -2.007791e+000 -1.558674e+000 -5.741039e-001 2.464549e-002 3.893836e-001 1.352805e+000 -5.668682e-001 -1.159130e+000 1.589645e+000 1.367575e+000 1.197577e+000 1.143700e+000 1.862708e+000 6.029750e-001 2.729229e-001 4.908601e-001 -1.113003e+000 -4.304489e-001 -3.609237e-001 -6.652825e-001 -1.347664e+000 
6.091224e+000 1.325609e+001 -5.517841e+000 2.091364e+000 -7.306618e+000 4.427086e-003 -4.706402e+000 2.485191e+000 3.467472e+000 -1.169290e+000 -3.693541e+000 -2.827277e+000 -2.346973e+000 -3.928136e+000 -1.185809e+000 -9.967550e-001 -1.208713e+000 -1.736627e+000 -3.698740e-001 -1.045711e+000 6.834840e-001 -2.270970e-001 1.054736e-001 1.102973e+000 7.854971e-001 1.977273e-001 6.374187e-002 1.094659e+000 -3.186693e-002 6.979932e-001 8.429784e-001 -4.891461e-001 -1.347275e+000 -6.735419e-001 -9.043455e-001 -1.124347e+000 
5.091216e+000 1.270981e+001 -5.775944e+000 3.014948e+000 -5.193486e+000 -6.596634e-001 -5.011467e+000 1.816896e+000 2.575919e+000 -1.033012e+000 -4.084305e+000 -2.508077e+000 -2.637304e-001 -2.469007e+000 -7.190725e-001 -6.339462e-001 -1.693142e+000 -1.610192e+000 -6.205187e-001 -1.584049e+000 2.705310e-001 -5.831594e-001 1.256640e-001 8.906904e-001 3.921320e-001 4.840948e-001 8.242518e-001 9.123117e-001 -4.337383e-001 -1.936582e-001 8.067471e-001 -6.079636e-002 -8.260908e-001 -5.219904e-001 -1.219288e+000 -1.308019e+000 
3.824620e+000 1.372864e+001 -6.705024e+000 3.107405e+000 -5.116989e+000 -4.634225e-001 -4.681511e+000 2.405523e+000 2.588369e+000 -2.158985e-001 -3.819628e+000 -2.367685e+000 6.078008e-001 -1.626850e+000 4.644608e-001 -1.673278e+000 -4.221474e-001 -4.615431e-001 -2.682074e-001 -1.055792e+000 8.645634e-001 -7.006832e-001 -8.052556e-001 2.200962e-001 4.442344e-001 1.246797e+000 5.952154e-001 1.192678e+000 -8.129894e-001 3.773190e-001 1.515728e+000 4.961329e-001 -5.952815e-001 -3.812915e-001 -1.168104e+000 -1.206940e+000 
3.648043e+000 1.360715e+001 -7.453365e+000 3.554202e+000 -6.206787e+000 -3.991409e-001 -4.821120e+000 1.862702e+000 3.061757e+000 -1.604063e-001 -3.808312e+000 -2.843253e+000 -3.197890e-001 -2.749720e+000 -1.677865e-001 -8.991370e-001 -8.126157e-001 -1.233086e+000 -1.768855e-002 -1.135108e+000 1.343835e+000 -1.313722e+000 -2.100641e+000 -3.487765e-001 8.286797e-001 9.513913e-001 -5.489269e-001 1.052000e+000 -4.579931e-001 1.081089e+000 1.112917e+000 3.966371e-001 -1.116516e+000 3.051353e-002 -8.242769e-001 -1.276724e+000 
2.510018e+000 1.521879e+001 -5.689928e+000 2.785294e+000 -6.373752e+000 -8.674499e-001 -5.243577e+000 2.271461e+000 3.034233e+000 -1.465312e-001 -5.022105e+000 -3.720452e+000 2.499530e-001 -1.278077e+000 1.107550e+000 -1.271966e+000 -2.003349e+000 -2.378895e+000 -5.359134e-002 -5.449430e-001 1.281897e+000 -1.489312e+000 -1.404075e+000 -9.409926e-003 9.875083e-001 1.087009e+000 1.292499e-001 6.880355e-001 -7.122835e-001 7.817007e-001 6.319449e-001 5.504525e-001 -1.005824e+000 2.500433e-001 -1.103907e+000 -1.607694e+000 
2.148935e+000 1.299990e+001 -7.902473e+000 1.178618e+000 -5.758841e+000 1.831608e-001 -4.041322e+000 1.121348e+000 3.072897e+000 -7.652736e-001 -3.210201e+000 -2.760359e+000 -2.428015e-001 -9.580400e-001 -9.242155e-002 -8.835758e-001 -6.104413e-001 -1.234426e+000 -1.152028e+000 -1.382670e+000 4.176026e-001 -4.883655e-001 -1.126975e+000 -1.066491e+000 1.071665e-001 3.318456e-001 1.597316e-001 2.190401e-001 -7.949508e-001 6.105394e-001 1.106760e+000 5.126356e-001 -4.575125e-001 4.046912e-001 -8.774162e-001 -1.231188e+000 
1.756042e+000 1.357745e+001 -8.069979e+000 2.308743e+000 -6.235365e+000 2.238660e-001 -3.714297e+000 2.052388e+000 2.963288e+000 -9.887818e-001 -2.400835e+000 -2.137121e+000 1.131108e+000 -1.408862e+000 2.679332e-001 -1.737907e+000 -8.910539e-001 -8.036146e-001 -4.010288e-001 -1.433019e+000 6.978526e-002 -1.049305e+000 -1.139253e+000 5.451308e-001 9.918293e-002 2.192768e-001 -2.209684e-001 1.194366e+000 -5.280669e-001 6.432948e-003 1.332220e+000 3.383641e-001 -3.559760e-001 7.612828e-002 -7.380197e-001 -7.421786e-001 
4.010512e-001 1.469781e+001 -7.221512e+000 2.682729e+000 -5.234874e+000 1.032931e+000 -3.718781e+000 1.281375e+000 2.897602e+000 -1.744226e+000 -3.405812e+000 -2.294345e+000 1.589421e+000 -6.767551e-001 1.357721e+000 -1.124973e+000 -1.419394e+000 -1.710233e+000 -1.173672e+000 -1.530097e+000 -1.616231e-001 -7.776476e-001 -4.206206e-001 1.023784e+000 4.435814e-001 6.373133e-001 2.815161e-001 6.931088e-001 -1.240732e+000 -1.331025e-001 1.482590e+000 2.393749e-001 -5.588737e-001 -1.020319e-001 -3.166947e-001 -9.887935e-001 
8.153243e+000 1.364778e+001 -6.500271e+000 3.459019e+000 -6.780371e+000 -1.531523e+000 -5.047489e+000 1.826588e+000 2.482877e+000 5.523726e-001 -2.645235e+000 -1.326607e+000 -3.029275e-001 -9.754637e-001 6.978271e-001 2.995946e-001 -1.528384e+000 -7.244997e-001 2.675531e-001 -9.287211e-001 1.270778e+000 -1.302952e+000 -8.245591e-001 1.045824e-001 6.849540e-001 2.543827e-001 9.432946e-003 4.364907e-001 -5.998793e-001 -8.541205e-002 1.198279e+000 -1.200689e-001 -4.168621e-001 2.385898e-001 -8.592132e-001 -3.195656e-001 
1.061656e+001 1.108280e+001 -5.875564e+000 3.082254e+000 -7.701139e+000 -2.519203e+000 -6.218251e+000 -3.615929e-001 1.836830e+000 7.909850e-001 -2.997462e+000 -1.398112e+000 -1.124847e+000 -2.303337e+000 -4.664919e-001 -9.277368e-001 -1.027309e+000 -1.234048e-001 -1.839102e-001 -6.969653e-001 1.620927e+000 -6.493700e-002 -1.438787e-002 1.081432e+000 2.100794e+000 1.105519e+000 1.197080e+000 2.245701e+000 8.584967e-002 9.461425e-002 1.215148e+000 -6.371825e-001 -6.813136e-001 7.998070e-002 -1.583727e+000 -1.252191e+000 
1.154930e+001 1.264441e+001 -5.680271e+000 1.687714e+000 -8.067611e+000 -2.347896e+000 -5.945780e+000 -9.560716e-003 1.584099e+000 -6.002152e-001 -3.361090e+000 -1.619456e+000 -3.362065e-001 -1.698241e+000 -1.128833e+000 -7.604778e-001 -8.801080e-001 -3.745315e-001 -2.556780e-001 -1.545093e+000 1.097159e+000 -1.681070e-001 8.267127e-002 1.417544e+000 1.267764e+000 6.300403e-001 8.004780e-001 2.031118e+000 2.531922e-001 8.908573e-002 9.890521e-001 -4.533601e-001 -6.623278e-001 -2.592941e-001 -1.134829e+000 -1.195721e+000 
1.116359e+001 1.288782e+001 -6.325804e+000 1.045949e+000 -8.051573e+000 -1.388548e+000 -5.762912e+000 9.338460e-001 3.087124e+000 -1.270341e+000 -5.007403e+000 -2.381808e+000 -1.364313e-001 -8.555347e-001 -7.103516e-001 -1.697926e+000 -1.493441e+000 -2.342335e-001 4.190202e-002 -1.522501e+000 8.833367e-001 9.308176e-002 8.535223e-002 1.152127e+000 1.411785e+000 1.101797e+000 1.229178e+000 9.708003e-001 -3.956894e-001 8.390724e-001 1.325445e+000 -4.307391e-001 -9.278185e-001 -3.493960e-001 -1.089701e+000 -1.622285e+000 
7.667563e+000 1.082326e+001 -4.843015e+000 7.192790e-001 -5.621470e+000 2.464783e-001 -3.794517e+000 1.820578e+000 3.519740e+000 -1.959291e+000 -4.998703e+000 -3.484491e+000 -5.497525e-001 -1.255232e+000 -1.148834e+000 -1.648946e+000 -1.805177e+000 -9.934785e-001 -6.330442e-002 -1.174024e+000 -3.782950e-001 -6.227422e-001 -2.600466e-001 9.240048e-001 4.929661e-001 4.545273e-001 8.368576e-001 6.576089e-001 -6.538540e-001 3.202646e-001 1.047989e+000 -5.830800e-001 -7.417095e-001 -1.220100e-001 -1.045806e+000 -1.497538e+000 
6.781856e+000 1.395656e+001 -6.860859e+000 3.161357e+000 -5.959933e+000 -2.245260e-001 -6.348392e+000 1.056771e+000 6.931738e-001 -8.755642e-001 -4.210351e+000 -2.006065e+000 1.471527e-001 -1.870811e+000 -8.704846e-001 -2.160649e+000 -1.641957e+000 -5.674665e-001 -7.535545e-001 -2.395950e+000 3.253068e-002 -7.156791e-001 3.109261e-001 4.046878e-001 6.674479e-001 6.184272e-001 6.072774e-001 1.102061e+000 -4.913437e-001 -2.950121e-001 1.124954e+000 -3.614900e-001 -9.750827e-001 -7.425328e-002 -1.016031e+000 -1.070236e+000 
6.718096e+000 1.325742e+001 -5.978708e+000 3.100623e+000 -5.782225e+000 -9.819203e-001 -5.067589e+000 2.219092e+000 2.417554e+000 -1.306312e+000 -4.402917e+000 -2.266892e+000 2.831190e-001 -1.405513e+000 -9.303103e-002 -1.565079e+000 -1.057876e+000 -1.206866e+000 -1.039038e+000 -2.548301e+000 -2.280020e-001 -3.713386e-001 7.343967e-001 1.635482e+000 5.836350e-001 8.056050e-001 8.648760e-001 1.472281e+000 -1.024454e+000 -4.112274e-001 8.654861e-001 -3.806238e-001 -1.085461e+000 -4.747717e-002 -5.213885e-001 -1.137160e+000 
5.637449e+000 1.418181e+001 -8.181447e+000 2.273445e+000 -7.866643e+000 -6.567727e-001 -5.389217e+000 2.727978e+000 2.838707e+000 -1.163445e+000 -4.355622e+000 -2.545991e+000 1.390604e+000 -1.045214e+000 1.831438e+000 -4.341982e-001 -8.563940e-001 -1.026371e+000 3.797007e-001 -2.819572e+000 -4.725631e-001 -5.376587e-001 4.303900e-001 8.924573e-001 2.577069e-001 4.995049e-001 2.846370e-001 9.598930e-001 -1.011514e+000 7.005432e-001 8.314433e-001 -2.450744e-001 -8.494645e-001 5.745789e-001 -6.652922e-001 -1.599463e+000 
4.566730e+000 1.395986e+001 -7.075221e+000 4.016488e+000 -5.040998e+000 3.044409e-001 -6.098325e+000 1.741237e+000 1.765705e+000 -9.337683e-001 -4.624536e+000 -3.216459e+000 2.696629e-001 -2.499630e+000 -3.501242e-002 -1.624241e+000 -8.072197e-001 -1.008616e+000 -5.275784e-001 -1.967304e+000 -2.641778e-001 -6.756177e-001 -6.933987e-002 6.774878e-001 -2.228353e-001 1.099562e+000 6.248776e-001 7.216952e-001 -1.217662e+000 5.583342e-001 5.743808e-001 1.684590e-001 -9.047298e-001 -3.309906e-002 -8.664000e-001 -1.199429e+000 
5.874781e+000 1.355764e+001 -7.066793e+000 8.322430e-001 -5.292782e+000 7.108197e-001 -4.249246e+000 2.049722e+000 1.683033e+000 -1.178605e+000 -4.450634e+000 -2.238203e+000 -2.606024e-001 -1.390301e+000 -4.653089e-001 -1.326508e+000 -1.197828e+000 -9.513161e-001 -3.392587e-001 -1.152678e+000 -2.564601e-003 -1.106096e+000 -5.624604e-001 2.297956e-001 -8.791851e-003 -3.667644e-001 8.267620e-001 6.095634e-001 -8.221175e-001 5.492155e-002 1.560356e+000 2.599106e-001 -9.804084e-001 -5.505946e-001 -6.509838e-001 -8.937135e-001 
5.292467e+000 1.259166e+001 -6.529592e+000 1.901865e-001 -5.350375e+000 3.098377e-001 -3.617298e+000 1.710511e+000 2.627592e+000 -5.984155e-001 -4.335309e+000 -2.484405e+000 5.711913e-001 -9.967675e-001 -6.904017e-001 -1.040761e+000 -1.762732e+000 -6.831771e-001 -5.040765e-001 -6.988796e-001 5.218633e-001 -6.135452e-001 -5.688987e-001 -4.671831e-001 -4.154377e-002 1.979101e-001 6.348932e-001 5.216029e-001 -6.758218e-001 -1.107916e-003 1.122058e+000 3.765269e-003 3.902365e-002 -1.884924e-001 -1.002144e+000 -1.198184e+000 
4.833286e+000 1.371948e+001 -6.270209e+000 2.478841e+000 -6.734139e+000 -1.123472e+000 -4.684386e+000 7.114132e-001 2.126033e+000 -8.348447e-003 -3.294687e+000 -2.200772e+000 8.943660e-001 -6.822681e-001 4.456549e-001 -1.508691e+000 -1.469211e+000 -1.309118e+000 -1.188922e+000 -1.533617e+000 7.604726e-001 -4.715791e-001 -1.082118e+000 -1.629567e-001 7.703450e-001 9.421506e-001 5.222682e-001 8.071258e-001 -1.269172e+000 5.272131e-002 1.117824e+000 -8.792948e-002 -7.338824e-001 7.807914e-002 -1.118631e+000 -1.317754e+000 
