1.280230e+001 1.596998e+001 -5.931826e+000 3.415102e+000 -8.506396e-001 -7.606627e-001 -2.898259e+000 1.095405e+000 -3.498244e-001 -3.208199e+000 -1.873482e+000 -3.798553e-001 -2.430277e-001 6.978117e-001 1.553777e+000 -1.344360e+000 -9.605467e-001 7.021893e-001 7.715033e-002 -7.963431e-001 3.873243e-001 4.974424e-001 -7.478668e-001 1.107877e+000 
9.360559e+000 1.335338e+001 -4.333848e+000 5.105918e+000 -2.195611e+000 1.533544e+000 -3.166678e+000 1.814976e+000 3.631395e-001 -2.987338e+000 -1.542337e+000 -7.181682e-001 -7.737745e-002 -2.654572e-001 6.629401e-001 -5.761113e-001 -1.154930e-001 3.682077e-001 2.336802e-001 -5.245170e-001 3.778309e-001 -1.316002e-001 -4.677564e-001 5.608166e-001 
1.029359e+001 9.919076e+000 -6.390501e+000 4.120983e+000 -4.555857e+000 2.060052e+000 -3.462559e+000 2.329676e+000 1.443315e+000 -2.368977e+000 -1.578952e+000 -5.406531e-001 7.590347e-002 8.105191e-001 2.585278e-001 1.039194e-001 -1.826419e-001 3.714320e-001 1.237923e-001 4.400485e-001 6.806584e-001 5.030952e-001 3.759124e-001 5.154799e-001 
1.024014e+001 9.669097e+000 -6.037775e+000 3.868355e+000 -4.492956e+000 2.063841e+000 -2.860153e+000 2.644883e+000 1.403179e+000 -8.217586e-001 -1.129937e+000 -2.350117e-001 -9.960364e-002 1.380016e+000 4.539774e-001 5.002507e-001 -9.276688e-001 -4.726827e-002 1.444115e-001 2.923470e-001 3.529892e-001 -1.259246e-002 1.576239e-001 8.511631e-002 
1.209697e+001 1.047190e+001 -4.498771e+000 4.291064e+000 -3.860394e+000 2.206930e+000 -2.306259e+000 1.977640e+000 -8.864663e-002 -1.646002e+000 -9.635363e-001 -2.701749e-001 -5.495934e-002 1.487157e-001 1.183614e+000 4.565079e-001 5.542416e-002 3.834168e-001 9.300908e-001 2.598291e-001 3.326401e-001 -3.511255e-001 -9.543206e-002 3.856819e-001 
1.248173e+001 1.030917e+001 -5.287577e+000 6.085291e+000 -2.738109e+000 2.325250e+000 -3.385287e+000 8.635321e-001 -1.022660e+000 -2.216161e+000 -2.521106e-001 1.100871e+000 1.459657e-002 -5.447232e-001 1.887527e-001 1.551379e-001 -6.412015e-001 1.043728e-001 3.007835e-001 -2.873190e-001 1.363482e-001 -1.575374e-001 7.688022e-002 3.665725e-001 
1.187127e+001 8.410210e+000 -6.085385e+000 4.865654e+000 -4.453009e+000 2.361763e+000 -2.948615e+000 9.071909e-001 5.383840e-001 -1.564701e+000 -7.739247e-001 8.776480e-001 2.910589e-001 1.411824e-001 8.649737e-001 -1.018369e+000 -5.882629e-001 2.994990e-001 7.101468e-001 2.012640e-001 3.098928e-001 -2.457065e-001 -1.432980e-001 -2.588714e-001 
9.642451e+000 1.067615e+001 -4.870630e+000 5.877184e+000 -3.099477e+000 2.985036e+000 -2.792159e+000 1.203034e+000 7.270115e-001 -2.131689e+000 1.366741e-001 8.443555e-002 8.572589e-001 -2.641819e-001 4.698481e-001 -1.009677e+000 -3.481190e-001 -2.481467e-001 -1.389854e-001 1.892670e-002 2.837636e-001 -1.585571e-001 -4.766962e-001 7.670129e-002 
1.166293e+001 1.310164e+001 -2.562752e+000 4.698419e+000 -1.847141e-001 3.069880e+000 -2.259446e+000 -6.591523e-001 8.613540e-001 -2.855564e+000 -7.860292e-001 -1.525132e+000 -2.593924e-001 -7.849405e-001 -5.186139e-001 -6.243686e-002 -6.916276e-001 -1.778071e-001 -4.156779e-001 -5.620324e-001 -3.487499e-001 1.572143e-001 -6.955020e-001 -1.095211e-001 
1.209508e+001 1.758387e+001 -7.348039e+000 5.840695e+000 -1.563619e+000 4.536235e+000 -2.845616e+000 -2.648866e+000 2.271765e+000 -3.791376e+000 3.355415e-001 -2.493099e+000 -1.326417e-001 -1.406888e-001 -3.782079e-001 7.737740e-001 -3.180614e-001 1.298698e-001 -9.862879e-001 -9.060695e-001 -1.084412e+000 -7.650520e-001 -5.573753e-001 -1.903363e-001 
1.545821e+001 1.472940e+001 -6.273483e+000 4.280940e+000 -5.987251e-001 3.043287e+000 -3.675459e+000 -2.026019e+000 8.675784e-001 -2.440532e+000 8.450917e-002 -1.521672e+000 1.530210e-001 -4.868831e-001 -2.961891e-001 5.403768e-001 -6.411615e-001 -3.606640e-001 -5.436589e-001 -1.032464e+000 -1.019256e+000 -1.248070e-001 -9.100783e-001 -1.187273e-001 
1.696268e+001 1.484986e+001 -7.388369e+000 4.490390e+000 2.859020e-001 2.748955e+000 -4.079543e+000 -1.478993e+000 -1.244506e-001 -2.949682e+000 2.539074e-001 -9.282629e-001 4.577631e-001 -9.216693e-001 3.036016e-001 2.048846e-001 -9.613209e-001 -5.458090e-001 -4.421446e-001 -7.589019e-001 -1.041921e+000 7.247140e-001 -1.251217e+000 -1.636257e-001 
1.677242e+001 1.347354e+001 -6.238966e+000 4.944191e+000 2.035207e+000 1.585531e+000 -4.138648e+000 -1.741776e+000 -3.987383e-001 -1.770154e+000 1.743013e-001 -8.148871e-001 4.087781e-001 -1.553803e+000 8.201885e-002 8.420334e-001 -1.266362e+000 -1.055894e+000 -4.797229e-002 -5.524890e-001 -9.216055e-001 5.759974e-001 -1.527403e+000 -5.132698e-001 
1.753005e+001 1.273192e+001 -5.387340e+000 3.670940e+000 1.393339e+000 1.043425e+000 -4.385117e+000 -9.387772e-001 -8.784576e-001 -2.055119e+000 -1.004026e-002 -8.944868e-001 -4.210897e-002 -1.563226e+000 7.579225e-001 5.607830e-001 -1.294614e+000 -1.098493e+000 -4.516656e-001 -4.722770e-001 -7.054498e-001 5.520298e-001 -1.231595e+000 -4.894527e-001 
1.734432e+001 1.213934e+001 -4.631705e+000 4.226612e+000 2.443938e+000 1.079617e+000 -4.652866e+000 -6.034089e-001 -6.483423e-001 -1.680839e+000 9.984409e-002 -4.742175e-001 -5.302819e-001 -1.581851e+000 9.657100e-001 4.561063e-001 -1.343757e+000 -1.168144e+000 -1.886661e-001 -5.930494e-001 -7.825271e-001 5.361314e-004 -1.155085e+000 -5.372593e-001 
1.697076e+001 1.309698e+001 -5.387084e+000 4.139135e+000 1.601372e+000 8.930648e-001 -4.323789e+000 -9.372597e-001 -2.400974e-001 -1.626892e+000 -2.408885e-001 -7.286866e-001 -1.142164e+000 -1.300899e+000 1.142414e+000 8.082750e-001 -1.330238e+000 -1.535819e+000 1.784626e-002 -6.660383e-001 -7.178904e-001 2.347376e-002 -8.988713e-001 -8.084822e-001 
1.517346e+001 1.433501e+001 -5.287833e+000 4.538166e+000 1.276370e+000 1.510216e+000 -4.039822e+000 -9.215696e-001 -1.105341e+000 -2.225199e+000 -2.274403e-001 2.666281e-004 -5.921360e-001 -1.773072e+000 1.366982e+000 7.787023e-001 -1.387190e+000 -1.410935e+000 5.584477e-001 -2.975505e-001 -1.424064e+000 -3.640128e-001 -5.297394e-001 -1.745784e-001 
1.200151e+001 1.651612e+001 -5.029405e+000 5.862540e+000 1.221785e+000 2.108386e+000 -3.542782e+000 -1.995679e+000 -1.080431e+000 -1.090106e+000 4.494964e-001 -8.653336e-001 -2.056041e+000 -1.939797e+000 1.978036e+000 9.952923e-001 -1.323696e+000 -1.001948e+000 4.806415e-001 -3.817517e-001 -1.268301e+000 -1.240055e+000 -1.122432e+000 3.752705e-001 
2.013395e+001 1.099003e+001 -1.934293e+000 3.409169e-001 2.454815e+000 -2.761786e-001 -2.088388e+000 -1.024466e+000 -6.173233e-001 -1.712233e+000 -9.286748e-001 2.836725e-001 -6.552885e-001 -5.700665e-001 1.209760e+000 3.280089e-001 -1.548906e+000 -7.973511e-001 3.207560e-001 -2.038937e-001 -6.262700e-001 -5.697157e-001 -1.772998e-001 3.862456e-001 
1.587081e+001 1.385741e+001 -3.335696e+000 1.358683e+000 1.136831e+000 -1.630967e+000 -1.704667e+000 1.166500e+000 2.505209e-001 -3.108225e+000 -1.718197e+000 1.424691e-001 -1.455298e-001 6.390088e-001 1.081013e+000 -1.235622e+000 -1.323011e+000 2.996858e-001 -2.308832e-001 -8.973570e-001 5.180466e-001 3.182101e-001 -6.292684e-001 1.123118e+000 
1.043980e+001 1.485312e+001 -4.435107e+000 5.164412e+000 -8.897178e-001 1.103003e+000 -3.471528e+000 7.691074e-001 -2.165747e-002 -2.693108e+000 -1.306534e+000 -3.752189e-001 -2.407566e-001 2.597408e-001 8.140630e-001 -6.583817e-001 -8.888355e-001 5.899753e-001 2.810012e-001 -4.868020e-001 4.556228e-001 -8.305720e-002 -8.170615e-001 6.573861e-001 
1.064507e+001 1.140407e+001 -5.330092e+000 5.311397e+000 -3.380221e+000 2.669553e+000 -3.333486e+000 1.277114e+000 6.179838e-001 -2.544625e+000 -1.334579e+000 -3.107707e-001 2.840381e-001 -1.289522e-002 2.425865e-001 -7.971873e-001 -2.150999e-001 6.723167e-003 -6.329042e-002 -3.314939e-001 2.603382e-001 -5.357866e-002 -5.338909e-002 4.096497e-001 
1.165208e+001 1.155451e+001 -4.761596e+000 4.358649e+000 -4.574061e+000 1.802768e+000 -2.334493e+000 2.467144e+000 1.756573e+000 -1.889050e+000 -1.820617e+000 -1.272883e+000 -4.281737e-001 1.032272e+000 -4.071980e-001 2.538988e-001 -8.170706e-001 1.728171e-001 1.449011e-001 -2.359803e-001 4.489923e-001 2.745278e-003 -1.895979e-001 3.715137e-002 
1.194470e+001 1.125398e+001 -4.529361e+000 5.976739e+000 -3.592272e+000 2.824467e+000 -2.382501e+000 2.384862e+000 1.562980e-001 -1.542167e+000 -1.843766e+000 -9.080389e-001 2.220503e-001 3.981578e-001 7.887150e-001 1.469756e-001 -3.087195e-001 -2.898685e-001 2.100175e-001 -8.261694e-001 1.244640e-001 -5.552903e-001 5.573488e-002 2.214633e-001 
1.179750e+001 9.109476e+000 -5.959847e+000 5.682754e+000 -2.981830e+000 2.751250e+000 -2.742072e+000 1.893859e+000 -3.846578e-001 -1.823765e+000 -5.686186e-001 8.253147e-001 -7.381652e-001 -6.798675e-001 -2.563550e-001 1.971514e-001 -8.127759e-001 2.439609e-001 -5.871962e-002 -3.050738e-001 -4.978495e-002 -2.381480e-001 -1.455983e-001 1.209061e-001 
1.104949e+001 8.636399e+000 -6.726579e+000 5.481706e+000 -4.239902e+000 3.372403e+000 -2.069999e+000 2.348373e+000 5.505895e-001 -1.128575e+000 -5.104985e-001 8.444012e-001 -4.409267e-001 -6.527806e-001 1.590676e-001 -1.030753e+000 -5.833501e-001 3.522342e-001 2.392717e-001 -3.919467e-001 6.736772e-002 -1.254000e-001 2.781405e-001 1.252783e-001 
9.796501e+000 9.494958e+000 -6.336364e+000 4.683830e+000 -3.520971e+000 3.538113e+000 -2.503589e+000 1.757752e+000 8.984513e-001 -2.239821e+000 -5.596709e-001 -1.823809e-002 -4.478132e-002 -4.027355e-001 6.922974e-001 -8.350766e-001 -9.561331e-002 2.817732e-001 3.160620e-001 1.359013e-001 8.857869e-001 -2.372033e-001 -3.957882e-001 3.993983e-001 
9.672574e+000 1.415287e+001 -3.581204e+000 6.509049e+000 -2.382876e+000 4.046441e+000 -2.943972e+000 3.511118e-001 5.360781e-001 -2.534084e+000 3.891322e-001 -1.600434e+000 -4.183225e-001 -1.644976e+000 -6.084803e-002 -1.003495e+000 -3.346731e-001 1.417871e-001 -2.336851e-002 -3.173477e-001 -4.261575e-001 5.181357e-001 -3.706722e-001 1.380842e-001 
1.399330e+001 1.431783e+001 -4.283331e+000 3.344337e+000 1.152020e-001 2.938418e+000 -2.312572e+000 -1.975636e+000 1.445216e+000 -3.353012e+000 -6.766972e-001 -1.197789e+000 -8.122542e-001 5.310004e-001 -9.970909e-001 1.577019e-001 -4.436903e-001 1.587928e-001 -2.383792e-001 -1.396688e+000 -6.593437e-001 -9.560756e-001 -3.405545e-001 -5.080831e-001 
1.490606e+001 1.514392e+001 -6.939733e+000 5.045573e+000 -7.830081e-001 3.061632e+000 -3.669936e+000 -2.003290e+000 8.988350e-001 -2.886439e+000 2.605864e-001 -1.633300e+000 8.196880e-002 -3.701636e-001 -3.986607e-001 3.637556e-001 -9.030329e-001 -2.076134e-001 -3.579550e-001 -1.028945e+000 -9.185916e-001 -2.266960e-001 -8.418742e-001 -2.538345e-001 
1.668751e+001 1.476456e+001 -6.652790e+000 4.440956e+000 2.406571e-001 2.798879e+000 -4.160254e+000 -1.595413e+000 -3.610353e-002 -2.744142e+000 -2.138641e-002 -1.132705e+000 7.562882e-001 -6.545777e-001 3.357726e-001 1.409315e-001 -1.255516e+000 -7.475407e-001 -3.800583e-001 -4.827412e-001 -6.724846e-001 7.462293e-001 -1.454930e+000 -3.376499e-001 
1.532841e+001 1.531713e+001 -8.190550e+000 6.073714e+000 5.353175e-001 3.220680e+000 -4.481665e+000 -1.298386e+000 -7.404838e-001 -2.752181e+000 5.228487e-001 -1.473071e+000 1.378299e+000 -1.658026e+000 5.647907e-001 3.461546e-001 -1.270746e+000 -7.118165e-001 -4.308765e-001 -3.468031e-001 -1.434930e+000 8.603189e-001 -1.735785e+000 4.047229e-002 
1.665190e+001 1.287310e+001 -5.857108e+000 4.850950e+000 2.037706e+000 1.402374e+000 -4.273084e+000 -1.167225e+000 -1.224853e+000 -1.946698e+000 3.508744e-001 -9.309774e-001 3.510879e-001 -1.743660e+000 5.257135e-001 7.482608e-001 -1.313544e+000 -9.513067e-001 -2.788625e-001 -4.298831e-001 -7.817804e-001 3.040089e-001 -1.885385e+000 -4.806046e-001 
1.618264e+001 1.403722e+001 -6.528336e+000 5.234895e+000 1.551899e+000 1.727669e+000 -5.181548e+000 9.532076e-002 -1.343856e+000 -1.256119e+000 -1.204606e-001 -6.969943e-001 -1.495821e-001 -1.792809e+000 8.543320e-001 2.919744e-001 -1.090528e+000 -1.361649e+000 4.918189e-001 -1.038609e+000 -6.612991e-001 -7.590236e-002 -1.290160e+000 -4.173874e-001 
1.735777e+001 1.291800e+001 -5.518181e+000 3.577277e+000 1.793362e+000 7.054428e-001 -3.802756e+000 -7.099278e-001 -7.665952e-001 -1.972521e+000 -4.946974e-001 -5.028583e-001 -6.649375e-001 -1.384384e+000 5.252771e-001 5.121187e-001 -1.338747e+000 -1.067906e+000 5.308147e-001 -4.893243e-001 -8.434759e-001 -2.266731e-001 -1.264596e+000 -6.138715e-001 
1.433627e+001 1.540691e+001 -6.974688e+000 6.293598e+000 8.735934e-001 2.351317e+000 -4.841119e+000 -8.379917e-001 -1.602360e+000 -1.738035e+000 -1.554251e-001 -6.122749e-002 -4.492325e-001 -1.940173e+000 9.533738e-001 7.048639e-001 -1.106736e+000 -1.046003e+000 5.880761e-001 -3.955079e-001 -1.592109e+000 -3.332045e-001 -1.106555e+000 -4.288068e-001 
1.328742e+001 1.560091e+001 -4.371549e+000 3.902031e+000 1.154507e+000 1.819380e+000 -2.005878e+000 -1.504218e+000 -1.449926e+000 -2.132602e+000 -1.797907e-001 -1.156122e+000 -1.264687e+000 -1.036183e+000 1.678575e+000 6.674957e-001 -1.737992e+000 -1.033397e+000 4.535045e-001 6.492997e-003 -1.366476e+000 -1.090569e+000 -1.367512e+000 2.811637e-001 
