1.137023e+001 1.805408e+001 -5.855607e+000 5.192120e+000 -3.244902e+000 2.779548e+000 -3.886920e+000 -6.135852e-001 1.518444e-001 -4.248398e+000 -1.676069e+000 -7.736616e-001 -1.103784e+000 -2.078899e+000 1.587243e-002 -1.333594e+000 -2.823905e+000 4.478366e-002 1.919737e+000 -7.758302e-001 -4.305755e-001 -1.428087e+000 -1.414184e+000 3.022122e-001 -3.865668e-001 -2.063162e+000 -8.946291e-001 -4.679050e-001 -4.930378e-001 3.434012e-001 -7.264608e-002 5.526128e-001 -4.648769e-001 3.955270e-002 5.631210e-002 3.468971e-001 
8.522130e+000 1.681245e+001 -3.078842e+000 5.362615e+000 -2.275464e+000 2.961379e+000 -4.298995e+000 -7.924885e-001 9.643799e-001 -2.341614e+000 -1.374425e+000 -1.154389e+000 -2.801287e-001 -1.697308e+000 2.610917e-001 -5.571703e-001 -1.489374e+000 6.354827e-001 1.269458e+000 -2.151721e-001 -7.509242e-001 -9.788082e-001 -5.888646e-001 -2.872225e-001 -5.722954e-001 -1.562656e+000 -5.468538e-001 -3.421517e-001 -2.133165e-001 4.049055e-001 -2.661054e-001 5.672989e-002 -4.484394e-001 -1.858285e-001 -3.785978e-001 1.778109e-001 
9.523088e+000 1.353288e+001 -3.691298e+000 4.862416e+000 -3.737897e+000 3.027932e+000 -4.876113e+000 -2.493730e-001 8.609942e-001 -1.973812e+000 -1.182505e+000 -7.935952e-001 4.267397e-001 -7.468023e-001 4.810573e-001 -3.607872e-001 -1.134273e+000 -1.923069e-001 9.317894e-001 6.399653e-002 -7.172373e-001 -1.103815e+000 -6.046051e-001 -1.071626e+000 -8.718477e-001 -3.646893e-001 1.779804e-001 -4.574472e-001 -2.583451e-001 8.329789e-001 3.824616e-001 1.908194e-001 -1.108559e+000 -1.834479e-001 1.517389e-001 4.994039e-001 
1.067401e+001 1.015787e+001 -5.496938e+000 5.871561e+000 -5.544394e+000 2.586588e+000 -6.484666e+000 -1.207447e+000 -1.839689e+000 -2.248318e+000 -2.595713e+000 -7.222353e-001 -1.274085e-001 -2.856736e-001 -1.307017e-001 1.283097e-001 -5.138664e-001 -1.091345e-001 1.098287e+000 -2.547583e-001 -1.474773e-001 -1.429603e+000 -4.304351e-001 -7.922107e-001 -7.903469e-001 -1.185831e+000 8.916035e-001 -2.826070e-001 -5.486602e-002 1.901079e-001 3.534142e-001 4.939930e-001 -5.617604e-001 -9.944454e-002 2.073448e-001 -8.146152e-003 
1.182924e+001 8.418777e+000 -6.896832e+000 5.299142e+000 -6.672842e+000 2.813549e+000 -6.879211e+000 -2.055780e+000 -1.430729e+000 -3.333088e+000 -2.036855e+000 -1.792201e+000 1.938408e-001 -1.254636e+000 1.006479e+000 -2.540927e-001 6.948604e-001 1.632757e+000 1.909208e+000 7.975382e-002 -6.417024e-001 -1.723910e-001 -3.777537e-002 1.771502e-001 -4.084012e-001 1.021752e-001 -7.625423e-002 -7.276001e-001 -4.143641e-001 1.092334e-001 5.313375e-001 5.592036e-001 -3.151123e-001 -2.462043e-001 -4.789149e-002 1.256941e-001 
1.165296e+001 8.615270e+000 -6.480054e+000 4.776744e+000 -6.682225e+000 2.869416e+000 -6.882380e+000 -3.756604e-001 -2.534044e+000 -3.766811e+000 -3.515702e+000 -1.065303e+000 4.029145e-001 -1.084067e+000 -2.693314e-002 -1.514681e+000 -1.544309e-001 1.284411e-001 1.860813e+000 1.436914e-001 -7.013605e-001 -1.447566e+000 -4.256894e-001 4.735827e-002 -4.017704e-001 -1.142994e+000 -8.743682e-001 5.784463e-002 -9.570574e-002 2.490078e-001 -7.896696e-002 1.131467e-001 -3.243235e-001 1.637835e-001 -7.674241e-002 1.570989e-001 
1.153112e+001 8.816121e+000 -5.688676e+000 5.841932e+000 -6.369025e+000 3.577731e+000 -6.497593e+000 4.034965e-001 -1.178703e+000 -2.738959e+000 -2.449984e+000 -3.959575e-001 3.388469e-001 -5.618570e-001 2.292186e-001 -1.176889e+000 5.284096e-002 3.060868e-001 1.936188e+000 6.516803e-001 -1.973195e-001 -1.155694e+000 5.299787e-002 -3.828552e-001 -2.051356e-001 -6.475759e-001 -6.237230e-001 -3.974780e-001 -3.262357e-001 3.955794e-001 5.295530e-001 7.387796e-002 -4.742993e-001 -5.199579e-002 1.538777e-001 2.688647e-001 
1.079467e+001 9.339595e+000 -5.350427e+000 4.738811e+000 -6.315679e+000 3.274127e+000 -6.261271e+000 -9.502659e-001 -2.132100e+000 -2.579547e+000 -2.038603e+000 -6.175006e-001 3.868059e-001 -8.416879e-001 1.056851e+000 -5.306718e-001 -4.273243e-001 3.903425e-001 2.389060e+000 1.274093e+000 -5.284930e-001 -1.495341e+000 -2.335103e-001 -2.495691e-001 -4.808476e-001 -1.240969e+000 -8.897198e-001 -2.762432e-001 -2.212611e-002 3.131492e-002 -3.822977e-001 -6.685681e-001 -6.926590e-001 3.025054e-001 8.380254e-002 2.960842e-001 
1.299392e+001 9.109554e+000 -2.685444e+000 3.731546e+000 -2.390551e+000 2.522144e+000 -2.190491e+000 -4.094718e-001 5.830389e-001 -2.964292e+000 -1.271653e+000 -6.180993e-001 -4.131537e-001 -9.066587e-001 -1.836694e-001 -8.843803e-001 -9.195001e-001 3.383817e-001 1.261357e+000 8.051776e-001 -9.925615e-001 -7.928584e-001 3.398267e-001 2.227281e-001 9.926658e-002 -5.923290e-001 -4.214489e-001 2.250271e-001 5.351613e-001 6.428701e-001 2.330288e-001 -1.310044e-001 -1.113694e-001 1.672704e-001 -3.473322e-001 3.630874e-001 
1.950662e+001 1.474101e+001 -3.014549e+000 1.137295e+000 1.516266e-001 -1.055575e-001 -2.372866e+000 2.004515e-001 5.838843e-001 -5.039830e+000 -2.072800e+000 5.844351e-001 -3.346784e-001 -5.945281e-001 -2.328383e-001 -5.273229e-001 -1.738518e+000 4.426008e-001 1.356831e+000 -8.635272e-001 -9.554350e-001 -6.491835e-001 -1.173666e-001 6.635700e-001 -4.649771e-001 -1.405703e+000 -4.654256e-001 -3.722361e-002 -2.734792e-001 -1.638823e-001 3.564767e-001 6.355934e-001 -7.119792e-002 -2.342475e-001 4.025807e-001 4.322825e-001 
9.497771e+000 1.862786e+001 -6.431630e+000 5.126803e+000 -4.284880e+000 3.831399e+000 -3.586856e+000 1.305899e-001 9.887594e-001 -3.669132e+000 -2.285901e+000 -1.192220e+000 3.855659e-001 -1.926941e+000 3.603868e-001 -1.619769e+000 -2.633080e+000 2.820690e-001 1.195368e+000 -1.371725e+000 -5.082690e-001 -8.901199e-001 -1.120917e+000 4.148604e-002 -4.037957e-001 -1.578173e+000 -6.363131e-001 -3.558407e-001 -4.211266e-001 5.084755e-001 -1.169870e-001 1.752215e-001 -8.932205e-001 -3.832035e-002 2.166378e-001 5.430681e-001 
8.815501e+000 1.562884e+001 -4.979458e+000 3.760179e+000 -3.499170e+000 3.363877e+000 -3.486510e+000 9.067474e-001 1.587483e+000 -2.142027e+000 -1.969422e+000 -1.470090e+000 7.729463e-002 -1.512365e+000 -6.947684e-002 -1.105023e+000 -2.008659e+000 -4.616629e-002 1.650445e+000 5.998155e-002 -6.969468e-001 -1.280685e+000 -4.358852e-001 -1.933900e-001 -4.206042e-001 -1.462685e+000 -8.737680e-001 -5.417565e-001 1.918998e-002 6.691379e-001 -3.363938e-001 -1.166275e-001 -7.242127e-001 -1.250126e-001 7.210135e-003 4.300136e-001 
9.654382e+000 1.215360e+001 -6.517679e+000 4.439342e+000 -5.606758e+000 3.905570e+000 -4.604311e+000 8.780154e-001 1.848580e-001 -1.337762e+000 -9.862015e-001 -2.371856e-001 -8.372904e-002 1.320262e-002 5.273592e-001 -9.619308e-001 -1.159903e+000 -7.681043e-002 2.085245e+000 2.314660e-001 -4.575145e-001 -1.799609e+000 -5.335051e-001 -1.018126e+000 -1.525722e-001 -1.150264e+000 -1.197520e-001 -6.270229e-001 3.895304e-001 2.113115e-001 -2.781859e-001 1.241438e-001 -7.456245e-001 -3.271425e-001 -7.047396e-001 -1.526368e-001 
1.159247e+001 8.984461e+000 -5.639681e+000 5.348897e+000 -5.989452e+000 4.003134e+000 -4.941402e+000 -7.968948e-001 -1.799449e+000 -2.805220e+000 -2.234902e+000 -1.193165e+000 2.915336e-001 -3.878809e-001 -5.971346e-001 -1.720354e+000 -1.500448e+000 8.674829e-001 2.537575e+000 4.796822e-001 8.629280e-002 -8.000758e-001 -1.053248e+000 -1.279777e+000 -1.007608e+000 -6.489313e-001 3.949934e-001 -1.500747e-001 4.437523e-001 2.764983e-001 -6.075441e-001 -3.172963e-001 -8.194938e-001 -4.387002e-001 2.792890e-001 3.134326e-001 
1.090617e+001 8.470431e+000 -8.307174e+000 4.712349e+000 -8.179161e+000 3.611425e+000 -5.807899e+000 5.054055e-001 -1.159625e+000 -2.774589e+000 -2.753707e+000 -1.670697e+000 -5.992877e-002 -1.013367e+000 9.187438e-001 -1.874161e+000 1.682660e-001 3.641422e-001 1.699141e+000 -2.806207e-003 -1.848133e-001 -6.259485e-001 -4.076031e-001 -8.849445e-001 -1.169900e+000 -7.297919e-001 -9.116485e-001 -6.427900e-001 -3.671244e-001 7.427957e-001 4.302398e-001 9.543617e-002 -1.483987e+000 -2.054536e-001 2.219661e-001 5.627578e-001 
9.705311e+000 7.177022e+000 -8.478312e+000 3.377459e+000 -8.736402e+000 3.027736e+000 -6.580982e+000 9.757065e-001 -1.339905e+000 -2.001116e+000 -2.203623e+000 2.544285e-001 7.576673e-001 -1.321526e-001 5.120753e-001 -5.231126e-001 3.124784e-001 2.507269e-001 1.360220e+000 -4.625016e-001 -4.198287e-001 -8.091601e-001 -1.515865e-001 -4.664508e-001 -1.500637e-001 -6.573794e-001 -5.401611e-001 -3.454974e-001 1.839145e-001 6.536228e-001 5.521958e-001 -1.227828e-001 -6.245701e-001 -3.987036e-001 -2.679628e-002 2.821820e-001 
1.048938e+001 8.160523e+000 -7.656453e+000 4.929746e+000 -7.201378e+000 4.862207e+000 -5.613730e+000 1.369500e+000 -1.380912e+000 -2.347896e+000 -2.104556e+000 1.845317e-001 9.582988e-001 5.852005e-002 9.929779e-001 -1.243816e+000 -1.058227e+000 -1.582091e-002 1.126604e+000 -4.687279e-001 -7.798727e-001 -1.224674e+000 2.956783e-001 7.563709e-002 5.298720e-001 -4.863994e-001 -7.901793e-001 -2.516058e-001 8.061722e-001 7.403532e-001 1.303182e-001 -3.968102e-001 -2.916056e-001 2.368304e-001 -1.969766e-001 2.606522e-001 
1.021539e+001 9.162620e+000 -7.775009e+000 4.101507e+000 -6.139665e+000 4.911020e+000 -5.052935e+000 6.786689e-001 -1.215722e+000 -1.054897e+000 -1.775194e+000 -2.471815e-001 1.194296e-001 2.491342e-002 1.092966e+000 -9.301827e-001 -1.487077e+000 -1.303130e+000 6.733305e-001 -3.382358e-001 -1.184821e+000 -1.803081e+000 2.119592e-001 -6.903254e-002 -7.655725e-002 -1.219659e+000 -6.048091e-001 -9.100408e-002 9.779569e-001 7.663147e-001 2.212800e-001 7.377121e-002 1.048168e-001 1.022290e-002 -7.340000e-002 1.111173e-001 
