1.329455e+000 1.831322e+001 -2.127203e+000 3.924827e+000 9.982367e-001 1.297774e+000 -3.644648e+000 1.590501e+000 2.137436e+000 -1.245951e+000 -1.617486e+000 1.241462e-001 -2.040588e+000 -1.413710e+000 1.395632e+000 -8.516207e-001 -1.149156e+000 -2.140056e-001 1.443909e+000 -3.163448e-001 1.704199e-001 -7.552426e-001 -3.546664e-001 -1.281236e-001 -1.691217e-002 -3.689990e-001 -2.585879e-001 1.972121e-001 -1.485542e-001 -1.955145e-001 -1.192622e+000 -3.610791e-002 -8.464864e-002 2.616174e-001 -4.078552e-001 1.014982e-001 
-7.722148e-001 1.961449e+001 -2.520131e+000 1.523850e+000 -3.262305e-001 1.370395e+000 -3.809618e+000 1.853919e+000 1.650725e+000 -1.338504e+000 -1.303269e+000 1.270061e+000 -6.615073e-001 -7.555524e-001 1.654251e+000 -7.484389e-001 -6.552401e-001 -2.770787e-001 1.588079e+000 7.361736e-002 7.310031e-002 -1.484422e+000 -9.782308e-001 -1.270312e-001 1.027378e-001 -6.337254e-001 -8.685003e-001 -6.133266e-003 -1.096335e+000 1.228936e-001 -1.890507e-001 7.368122e-001 -4.666556e-002 -3.476982e-001 -4.486827e-001 2.370718e-001 
-7.260270e-001 1.878562e+001 -2.541670e+000 2.438198e+000 7.736406e-001 1.356036e+000 -4.888099e+000 2.375835e-001 6.131515e-001 -2.243729e+000 -1.543865e+000 5.799607e-001 -1.287844e+000 -1.628235e+000 9.138244e-001 -2.102622e-001 -8.158541e-001 -1.041123e+000 1.802536e+000 -8.948419e-002 -3.552193e-001 -9.770420e-001 1.179483e-002 3.166518e-001 5.588277e-001 1.241759e-001 -9.303106e-001 -3.322689e-001 -4.608591e-001 3.755135e-002 1.060700e-001 8.666967e-001 4.822388e-001 6.944486e-002 -4.475082e-001 2.849415e-002 
-3.147650e-001 1.857425e+001 -3.922734e+000 2.428851e+000 -1.534355e+000 9.351657e-001 -3.966718e+000 1.291976e-001 8.471109e-001 -2.277930e+000 -1.874045e+000 -1.254949e-002 -5.714240e-001 -8.988013e-001 2.181463e+000 -3.610571e-001 -1.303302e+000 -8.784729e-001 1.553211e+000 -6.247886e-002 -3.155531e-001 -5.164091e-001 -1.790174e-001 -3.123400e-001 7.689467e-001 4.268789e-001 -6.104695e-001 -4.894232e-001 -5.961815e-001 1.303993e-001 1.496427e-001 8.512838e-001 5.613949e-001 -1.943333e-001 -7.852014e-001 3.426591e-001 
3.734876e+000 1.374731e+001 -5.027797e+000 6.294748e+000 -2.837384e+000 -4.828000e-003 -4.009054e+000 -1.088878e+000 7.232315e-001 -2.402004e+000 -3.745364e+000 -1.402490e+000 6.882773e-001 -1.974164e-002 1.019726e+000 6.474200e-001 -2.196913e-001 -5.765751e-001 1.215605e+000 -3.069843e-001 -2.210666e-001 -2.050692e-001 -3.128806e-001 -2.270615e-001 2.142126e-002 -3.950948e-001 -5.494619e-001 -5.731097e-001 -6.792340e-001 4.149191e-002 -2.059478e-001 6.900795e-001 4.422968e-001 -1.323964e-001 -7.521369e-001 1.692522e-001 
9.277229e+000 9.528046e+000 -7.851785e+000 1.164839e+001 -4.876767e+000 2.273710e+000 -2.613226e+000 -4.483975e-001 7.183733e-001 -1.226722e+000 -1.815110e+000 -1.169452e+000 -5.889185e-001 -5.803442e-001 3.077890e-001 2.285235e-001 6.694955e-001 -9.450485e-001 5.702306e-001 -6.461239e-002 6.063617e-001 -1.136640e+000 -4.784828e-001 -5.981046e-001 -9.480034e-002 -2.983509e-001 -3.053159e-001 -6.544519e-001 -1.136073e+000 1.382970e-001 -8.803903e-001 3.427941e-001 4.752752e-001 1.431718e-001 -7.418740e-001 -1.173438e-002 
1.012847e+001 1.105584e+001 -9.532546e+000 1.283053e+001 -4.157405e+000 2.352688e+000 -1.682991e+000 -2.078887e+000 2.660805e+000 -2.905855e+000 -3.257244e-001 -2.498616e+000 -8.456969e-002 -5.442501e-001 6.052903e-002 6.227731e-001 -7.347496e-001 6.709332e-001 -5.705988e-002 6.813003e-001 -3.494372e-001 -5.798747e-001 -2.820269e-001 -5.465650e-001 4.956947e-001 -3.864070e-002 -1.403528e-001 -9.793717e-001 -1.140057e-001 -4.190535e-001 -6.392345e-001 1.250867e-001 -4.205948e-001 5.416265e-001 -5.497525e-001 9.353165e-002 
9.639083e+000 1.577585e+001 -1.083070e+001 1.146198e+001 -2.769832e+000 2.640038e+000 -1.863051e+000 -2.269434e+000 2.402272e+000 -2.545089e+000 1.522155e+000 -2.174812e+000 3.736120e-001 -1.930028e+000 -4.239921e-002 5.654880e-001 -1.002541e+000 -1.883499e-001 -4.320337e-001 9.223222e-001 -5.787570e-001 -8.150726e-001 1.251823e-001 4.448700e-001 1.574578e-001 -3.727532e-001 1.182219e-001 -6.774765e-001 -1.036580e+000 -8.704914e-001 6.877986e-002 1.037544e-001 -2.689239e-001 3.153289e-001 -7.959355e-001 -6.424480e-001 
1.120502e+001 1.740523e+001 -9.705917e+000 8.468763e+000 9.733567e-001 3.682722e+000 -2.144644e+000 -1.893345e+000 1.456316e+000 -2.513346e+000 -9.668470e-001 -1.946644e+000 -1.004066e+000 -2.949219e+000 2.254098e-001 1.237396e+000 -7.213568e-001 -7.125072e-001 3.162779e-003 8.751675e-001 -3.457443e-001 1.691390e-001 2.095327e-001 4.070887e-001 1.265564e-001 -1.215428e-001 2.230369e-001 -8.779069e-001 -1.242205e+000 -5.949696e-001 -2.781977e-001 3.973205e-002 5.345043e-001 -1.029179e-001 -4.572076e-001 -7.275807e-001 
9.331832e+000 2.048804e+001 -1.013189e+001 6.845304e+000 3.470444e+000 4.102479e+000 -3.905912e+000 -1.863678e+000 1.701524e+000 -4.545425e+000 -1.239696e+000 -2.248150e+000 -1.270866e+000 -2.756752e+000 6.735703e-001 1.885397e+000 -1.402353e+000 -1.227678e+000 2.303057e-001 1.272754e-001 5.032987e-002 6.531223e-001 7.830018e-002 -3.315814e-001 8.259007e-002 8.064959e-001 8.234823e-002 -5.471786e-001 -9.259341e-001 -1.143649e+000 -2.432901e-001 1.110972e-001 5.245747e-001 -1.024899e-002 -6.870293e-001 -4.063123e-001 
1.253779e+001 1.815445e+001 -7.473813e+000 5.510531e+000 4.535233e+000 3.529971e+000 -5.464578e+000 -2.202106e+000 1.328472e+000 -4.226182e+000 -9.694506e-001 -2.561607e-001 -1.909453e+000 -2.039719e+000 5.003715e-001 1.667940e+000 -1.184082e+000 -1.237418e+000 1.083270e+000 5.780360e-002 2.290066e-001 1.556997e-001 -1.034016e+000 -5.202523e-001 -2.875459e-001 4.841622e-001 1.754774e-001 1.116484e-001 -4.354726e-001 -7.230588e-001 -4.487101e-001 -7.251741e-001 1.677594e-001 -5.328673e-001 -6.557924e-001 -3.351179e-001 
1.384109e+001 1.931266e+001 -7.960771e+000 6.370246e+000 3.185373e+000 4.630677e+000 -6.926864e+000 -2.605799e+000 1.917817e+000 -5.245991e+000 -4.721524e-001 2.637427e-003 -2.009003e+000 -1.991534e+000 1.597401e+000 1.833379e+000 -1.564148e+000 -1.311094e+000 7.326283e-001 1.657787e-002 -6.489176e-001 2.388213e-001 -6.948033e-001 -2.984945e-001 3.248432e-001 1.154461e-001 1.334234e-001 -2.382735e-001 -2.488503e-001 -6.250489e-001 -6.494753e-001 -3.943118e-001 -1.670850e-001 -3.116621e-001 -1.364213e-001 1.073007e-002 
1.422994e+001 1.894044e+001 -8.206707e+000 6.371005e+000 3.315403e+000 4.107601e+000 -7.612761e+000 -1.874496e+000 1.505280e+000 -4.178980e+000 -8.078694e-001 9.246004e-001 -2.689452e+000 -1.339252e+000 1.471234e+000 1.234680e+000 -1.091667e+000 -1.997966e+000 1.626168e+000 -2.460622e-001 -2.792858e-001 -1.934380e-001 -2.316204e-001 -3.474914e-001 -7.486398e-002 2.966839e-001 -2.970295e-001 -2.497560e-002 -5.079222e-001 -4.171947e-001 -7.575320e-001 1.467303e-002 -2.334416e-002 -8.159161e-001 -7.717933e-001 -1.401118e-001 
1.465023e+001 1.826348e+001 -7.496230e+000 6.662410e+000 3.384212e+000 4.543454e+000 -7.335214e+000 -2.776257e+000 1.835531e+000 -5.104511e+000 -3.508991e-001 2.205788e-001 -2.361809e+000 -1.539751e+000 1.473233e+000 2.055089e+000 -1.855097e+000 -1.202265e+000 1.054963e+000 -8.145931e-001 -6.737246e-001 -2.636676e-001 5.927590e-002 -8.578488e-002 8.254487e-001 -2.375768e-002 -4.033226e-001 1.808865e-001 -1.167276e+000 -6.796162e-001 -6.394932e-001 -6.911202e-002 2.187389e-001 -5.259486e-001 -3.778764e-001 2.032810e-001 
1.324392e+001 2.008083e+001 -9.009109e+000 8.537871e+000 2.615656e+000 5.091670e+000 -7.300462e+000 -2.693807e+000 1.724289e+000 -4.884565e+000 -1.044283e+000 -1.997233e-001 -2.044985e+000 -1.237990e+000 2.247377e+000 2.310472e+000 -1.778024e+000 -2.278839e+000 1.038590e+000 -9.508187e-001 -3.609666e-001 2.441750e-001 -2.142288e-001 -1.406776e-001 9.808293e-001 1.904502e-001 -7.411010e-001 -8.708442e-002 -8.861123e-001 -3.127446e-001 -8.378074e-001 4.183352e-002 -6.357146e-002 -1.234048e-001 -2.256655e-001 3.008245e-001 
1.365207e+001 1.793949e+001 -7.673306e+000 6.780958e+000 3.557197e+000 4.278382e+000 -6.881351e+000 -2.543151e+000 2.452481e+000 -5.252108e+000 -1.365844e+000 8.323783e-002 -2.702067e+000 -8.482204e-001 2.451698e+000 2.277371e+000 -2.104655e+000 -2.402863e+000 1.197879e+000 -4.992446e-001 -2.225593e-001 3.905839e-001 -8.768996e-001 -1.714977e-001 1.075716e+000 5.294661e-001 -4.955740e-001 8.164682e-002 -7.640017e-001 -1.046338e+000 -6.158936e-001 -3.748914e-001 -9.448642e-002 -3.493682e-001 1.776254e-001 2.627903e-001 
1.218719e+001 1.926540e+001 -8.196899e+000 7.646977e+000 2.308203e+000 3.864471e+000 -7.563187e+000 -2.370570e+000 1.528281e+000 -4.786899e+000 -1.321247e+000 -2.868300e-001 -1.999535e+000 -1.377919e+000 2.164337e+000 2.002089e+000 -2.026400e+000 -2.583305e+000 1.484018e+000 -1.429664e-001 -3.001364e-002 4.882005e-002 -4.857108e-001 -9.841699e-001 9.908067e-001 2.292843e-002 -3.794231e-001 3.120041e-001 -7.898010e-001 -2.560582e-001 -7.942500e-001 2.010708e-001 -2.578970e-001 -2.985895e-001 -5.157721e-001 4.412586e-001 
1.311643e+001 1.865159e+001 -7.351633e+000 6.836373e+000 2.926942e+000 4.097888e+000 -6.646372e+000 -2.971332e+000 2.272172e+000 -5.281651e+000 -1.027680e+000 -3.571134e-001 -2.400518e+000 -2.105961e+000 2.134275e+000 2.682319e+000 -2.829541e+000 -1.131711e+000 1.255402e+000 -1.553221e-001 -1.312452e-001 3.675863e-001 -1.015516e+000 -1.067547e+000 1.205467e+000 -3.818458e-001 -1.459700e-001 6.147968e-001 -4.904715e-001 -6.050378e-001 -2.779046e-001 1.703544e-001 -6.218352e-001 -3.836407e-001 -4.830158e-001 -1.508425e-001 
1.325017e+001 1.878827e+001 -7.767913e+000 7.384999e+000 1.252769e+000 4.536128e+000 -8.347946e+000 -2.087809e+000 1.685932e+000 -4.620185e+000 -9.705803e-001 3.223393e-001 -2.626222e+000 -2.056317e+000 2.474410e+000 1.431427e+000 -2.956488e+000 -1.612213e+000 2.214812e+000 -4.831138e-001 1.667526e-002 1.281661e-001 -1.062168e+000 -8.253803e-001 1.605082e+000 -3.578245e-001 -5.914787e-001 1.102642e+000 -6.739391e-001 -6.180212e-001 -1.397358e-001 2.557821e-001 -1.473824e+000 -4.805938e-002 -6.743044e-002 -3.264432e-002 
1.473707e+001 1.612937e+001 -5.202317e+000 5.718385e+000 3.376735e+000 2.463481e+000 -6.671727e+000 -3.386004e+000 1.762184e+000 -4.201851e+000 -1.021098e+000 1.279398e-001 -2.904504e+000 -1.408307e+000 2.174238e+000 1.737726e+000 -2.603076e+000 -1.649117e+000 1.661773e+000 -2.113074e-002 -4.644616e-001 -6.112291e-002 -9.719511e-001 -2.543684e-001 8.815085e-001 9.726989e-002 -3.936906e-001 3.633619e-001 -4.236013e-001 -1.197670e+000 -1.000751e-001 8.340667e-003 -5.736968e-001 -1.800532e-001 -1.022844e-001 3.738046e-001 
1.375250e+001 1.618912e+001 -4.875683e+000 5.659158e+000 3.972736e+000 2.539067e+000 -7.293575e+000 -3.106050e+000 2.194249e+000 -4.108505e+000 -2.822842e-001 -2.377380e-001 -3.592521e+000 -1.975896e+000 1.883488e+000 1.647799e+000 -2.158229e+000 -9.429034e-001 1.311236e+000 1.183758e-001 -4.810574e-001 -4.712507e-001 -7.727874e-001 5.593803e-002 5.249385e-001 -1.303990e-001 -2.482130e-001 2.109917e-002 1.040643e-001 -3.653225e-001 -1.217484e-001 -4.872100e-002 -6.858808e-001 -6.906059e-001 -5.956601e-001 1.730527e-001 
1.945980e+001 9.977933e+000 -7.139600e-001 1.582414e+000 3.707858e+000 6.436093e-001 -1.873475e+000 -6.104038e-001 -5.749651e-001 -1.879575e+000 -1.109101e+000 -5.344248e-001 -1.181038e+000 -1.268556e+000 1.060506e+000 1.443027e+000 -1.123016e+000 -6.665933e-001 8.469837e-001 1.499383e-001 -6.001746e-001 -9.145772e-001 -2.948233e-001 2.503911e-001 1.854047e-001 2.213990e-001 -7.559347e-002 -1.132340e-002 2.329069e-001 -1.337162e-001 -4.252758e-001 -2.171950e-001 2.185483e-001 -2.222652e-001 -4.806520e-001 2.540053e-001 
1.270467e+000 1.881647e+001 -2.077728e+000 4.687879e+000 1.009229e+000 2.121785e+000 -3.299169e+000 1.414451e+000 1.688781e+000 -2.260892e+000 -1.701452e+000 5.850706e-001 -8.442913e-001 -1.313653e+000 1.480508e+000 -3.015972e-001 -1.395098e+000 -7.951127e-001 1.036964e+000 -2.052423e-001 1.750792e-001 -1.102847e+000 -5.383549e-001 -7.925943e-002 -1.486997e-001 -3.332131e-001 -6.358838e-001 -2.106645e-001 -4.095969e-002 5.337853e-001 -1.824173e-001 9.206037e-002 2.980274e-001 3.338967e-001 -9.057637e-001 -1.732869e-002 
-3.679425e-001 1.970131e+001 -2.508611e+000 2.432925e+000 3.960788e-001 2.235506e+000 -2.928264e+000 2.453210e+000 2.131622e+000 -9.672209e-001 -1.791175e+000 6.796571e-001 -1.624300e+000 -1.554399e+000 1.426386e+000 -6.885955e-001 -1.108511e+000 -5.801646e-001 1.117792e+000 -1.575217e-001 4.180018e-001 -1.052446e+000 -4.046851e-001 3.614349e-002 3.465953e-001 -3.737562e-001 -6.882660e-001 4.603015e-002 -9.363829e-001 3.166596e-001 -3.361489e-002 1.198159e-001 -1.022742e-002 -3.226826e-001 -5.952994e-001 3.455823e-001 
-5.031089e-001 1.967379e+001 -2.417633e+000 3.091256e+000 9.149914e-001 2.250048e+000 -4.135043e+000 1.325342e+000 1.456624e+000 -1.522186e+000 -1.636968e+000 6.510202e-002 -1.391489e+000 -8.976774e-001 1.293784e+000 -7.692112e-001 -8.040552e-001 -9.770303e-001 1.720846e+000 -3.528458e-001 -5.849063e-001 -1.312944e+000 -1.561383e-001 2.243801e-001 5.076060e-001 7.138319e-002 -5.864853e-001 8.413061e-001 -1.169457e-001 -4.251144e-001 -5.605106e-001 1.758698e-001 -3.987987e-001 -1.009671e-001 -1.266720e-001 6.318301e-001 
-8.743550e-001 1.784755e+001 -3.154737e+000 3.736271e+000 4.422403e-001 1.372568e+000 -3.821390e+000 9.290865e-001 1.596674e+000 -1.549327e+000 -7.531202e-001 4.010391e-001 -7.008748e-001 -1.134147e+000 1.555114e+000 -3.734598e-001 -1.666563e+000 -9.341880e-001 1.404440e+000 -1.673604e-001 -1.524354e-001 -3.548950e-001 -5.472180e-001 2.176169e-001 8.639486e-001 2.768750e-002 -7.539181e-001 -5.161747e-001 -8.485687e-001 1.084625e-001 -1.105846e-001 2.249246e-001 -1.381025e-001 -1.142294e-001 -2.367741e-001 2.951218e-001 
5.905764e+000 1.468234e+001 -5.015211e+000 5.375359e+000 -1.870072e+000 1.316084e+000 -2.421676e+000 -7.680988e-001 9.268728e-001 -1.940720e+000 -2.787659e+000 -1.404458e+000 -4.473347e-001 -1.222769e+000 1.079462e-001 -1.557967e-002 -1.085092e+000 -8.251187e-001 1.560526e+000 8.883894e-001 7.259251e-001 -2.310102e-001 -1.181783e+000 -5.280917e-001 6.222037e-001 3.380677e-001 -1.830732e-001 -2.975812e-001 -6.847829e-002 5.553344e-001 -1.224976e-001 2.082417e-001 2.169479e-001 7.460811e-002 -3.648682e-001 3.098809e-001 
1.123930e+001 1.161363e+001 -7.628747e+000 1.108916e+001 -5.670855e+000 2.048591e+000 -2.607874e+000 -4.978610e-001 1.490113e-001 -1.610423e+000 -1.588622e+000 -7.313303e-001 -4.788562e-001 -6.361102e-001 2.916872e-001 -1.145781e-001 3.179357e-001 -9.353208e-001 9.629613e-001 1.157157e-001 8.256755e-001 -9.245282e-001 -3.643648e-001 -7.848792e-001 -1.297018e-001 -3.288439e-001 -3.582098e-001 -6.862366e-001 -8.961592e-001 3.848927e-001 -6.521814e-001 5.389478e-001 5.662913e-001 9.884954e-002 -5.920693e-001 2.843977e-001 
1.179894e+001 1.021416e+001 -7.280888e+000 1.152149e+001 -3.967413e+000 1.165241e+000 -1.258629e+000 -1.836665e+000 2.605963e+000 -2.022029e+000 3.686600e-001 -8.389522e-001 2.809868e-001 3.055540e-002 5.920638e-003 7.683454e-001 -4.283672e-001 7.691703e-001 1.295976e-001 3.557525e-001 -3.660546e-001 -7.237067e-001 -4.871207e-001 -7.914517e-001 -2.297186e-002 -4.445721e-001 -9.275575e-001 -1.391404e+000 -1.826582e-001 -7.082984e-002 -7.210195e-002 3.425618e-001 -1.412987e-001 2.822273e-001 -7.748712e-001 -2.856996e-001 
9.444692e+000 1.627735e+001 -1.013336e+001 1.307829e+001 -1.801148e+000 2.958400e+000 -2.028346e+000 -2.333954e+000 2.296929e+000 -3.160411e+000 1.144267e+000 -2.475299e+000 2.312321e-001 -2.283984e+000 -9.196335e-003 1.157379e+000 -4.354953e-001 1.839469e-001 -6.665879e-001 1.027727e+000 -5.357576e-001 -5.340825e-001 -3.067082e-001 -1.394574e-001 -5.181586e-001 -7.233711e-001 7.926094e-002 -4.935859e-001 -4.974600e-001 -5.635777e-001 4.472113e-001 8.597123e-002 -2.321814e-001 1.827440e-001 -4.734863e-001 -2.916730e-001 
1.064882e+001 1.824975e+001 -9.351945e+000 1.012901e+001 1.387972e+000 3.946319e+000 -2.980088e+000 -2.612970e+000 1.343927e+000 -2.077271e+000 5.670749e-002 -1.779860e+000 -8.943627e-001 -3.692193e+000 1.153897e-001 1.217364e+000 -2.365141e-001 -6.042535e-001 5.010554e-002 9.792071e-001 -4.196807e-001 -1.849509e-002 -2.188376e-001 1.750524e-001 -3.661497e-001 -2.069455e-001 7.130524e-001 -1.230131e-001 -8.188760e-001 -6.864829e-001 -5.394587e-001 -6.511233e-001 4.210010e-003 -2.956802e-001 -9.966412e-002 -4.856688e-001 
8.773015e+000 2.093205e+001 -9.406529e+000 8.158798e+000 3.878673e+000 3.759603e+000 -5.306046e+000 -2.884401e+000 1.522756e+000 -3.432083e+000 4.520960e-001 -1.222837e+000 -1.089731e+000 -3.246452e+000 1.826655e-003 1.814986e+000 -1.013913e+000 -7.130122e-001 3.711663e-001 2.338631e-001 -2.486765e-001 3.716191e-001 -3.174031e-001 -4.310650e-001 -9.156106e-002 7.971438e-001 1.100895e-001 -5.754406e-001 -9.188915e-001 -1.244900e+000 -2.965644e-001 -8.659759e-002 4.368447e-001 1.007833e-002 -5.545528e-001 -5.522549e-001 
1.128039e+001 1.963172e+001 -8.568726e+000 7.071139e+000 3.950749e+000 4.501778e+000 -6.162217e+000 -2.221887e+000 1.220576e+000 -4.257651e+000 -8.130092e-001 -6.509672e-001 -1.696033e+000 -2.461999e+000 8.690268e-001 1.844252e+000 -5.543820e-001 -1.326345e+000 6.811387e-001 -5.370115e-001 -2.888132e-001 2.506234e-001 -9.052979e-001 5.572780e-002 -6.831514e-002 8.458486e-001 1.189939e-001 3.973193e-002 -6.140349e-001 -8.994412e-001 -3.077706e-001 -7.733519e-001 3.780795e-001 -6.849180e-001 -6.020460e-001 -3.413244e-001 
1.288236e+001 1.825264e+001 -7.855014e+000 7.096382e+000 4.328920e+000 5.368938e+000 -6.762401e+000 -2.892873e+000 1.620453e+000 -5.492388e+000 -7.789599e-001 -2.051303e-001 -2.066253e+000 -1.705224e+000 2.165399e+000 2.586236e+000 -1.096848e+000 -1.261260e+000 5.370326e-001 -2.994726e-001 -1.041730e+000 -2.847136e-002 -8.066666e-001 -5.140425e-001 1.528142e-001 1.832243e-001 3.094976e-001 -4.879110e-002 -7.185661e-002 -5.608151e-001 -7.820830e-001 -4.760687e-001 -3.043180e-001 -5.456568e-001 -4.104837e-001 -1.135703e-001 
1.302388e+001 1.889542e+001 -8.733712e+000 7.577028e+000 3.711094e+000 5.338510e+000 -7.689766e+000 -1.657332e+000 1.008608e+000 -4.107104e+000 -9.453628e-001 7.430690e-001 -3.139061e+000 -1.854392e+000 1.538030e+000 1.547511e+000 -2.304932e-001 -1.590524e+000 2.182452e+000 -4.392051e-001 -3.892614e-001 -8.850798e-001 -7.020215e-001 -9.986184e-001 -1.861231e-001 4.327042e-001 3.075420e-001 5.528954e-001 -1.357808e-001 -4.136384e-001 -1.027185e+000 -2.508452e-001 -2.451358e-001 -8.623005e-001 -6.886075e-001 7.849089e-003 
1.415893e+001 1.936049e+001 -8.357189e+000 7.379918e+000 2.628178e+000 5.176683e+000 -7.585219e+000 -2.188938e+000 1.872512e+000 -5.130551e+000 -8.301117e-001 -3.235634e-001 -2.650114e+000 -1.706555e+000 2.007948e+000 2.461259e+000 -1.291828e+000 -1.140892e+000 1.239961e+000 -9.112432e-001 -6.137330e-001 -5.954265e-001 -3.307203e-001 -6.105812e-001 6.756033e-001 2.176228e-001 -7.249610e-002 5.057708e-001 -1.180178e+000 -7.374018e-001 -8.912545e-001 -1.274957e-002 1.727106e-001 -4.793841e-001 -4.741654e-001 2.048598e-001 
1.316875e+001 1.998005e+001 -9.343041e+000 8.308912e+000 2.378717e+000 4.999287e+000 -7.015929e+000 -2.213062e+000 2.316575e+000 -4.713395e+000 -7.678110e-001 -3.417647e-001 -2.071190e+000 -1.806333e+000 1.872364e+000 1.571379e+000 -1.794824e+000 -2.084159e+000 1.971710e+000 -3.356943e-001 -4.425930e-002 -3.592409e-001 -9.387087e-001 -6.890811e-001 9.929376e-001 5.342412e-001 -3.191869e-001 2.775356e-001 -9.205456e-001 -3.554634e-001 -9.674211e-001 3.222503e-002 -3.348052e-001 -3.878845e-001 -6.220777e-001 6.638835e-002 
1.458502e+001 1.731498e+001 -6.816801e+000 6.160451e+000 4.133388e+000 3.741790e+000 -6.556028e+000 -3.039601e+000 2.035836e+000 -5.578578e+000 -1.385865e+000 2.523096e-001 -2.749619e+000 -9.418688e-001 1.878551e+000 2.060347e+000 -1.990787e+000 -1.802731e+000 1.846289e+000 3.200416e-002 -3.202327e-001 -1.183541e-001 -1.391641e+000 -6.890120e-001 5.985315e-001 2.685204e-001 -3.643241e-001 3.874757e-001 -2.056461e-001 -4.285185e-001 -9.391829e-002 -9.382587e-002 -1.982679e-001 -8.742994e-001 -4.383025e-001 -5.132775e-002 
1.247119e+001 1.860230e+001 -8.199156e+000 6.663718e+000 2.341460e+000 3.569698e+000 -7.254542e+000 -2.464823e+000 1.796356e+000 -4.661988e+000 -1.233183e+000 -2.328330e-001 -2.186291e+000 -1.499449e+000 1.952359e+000 2.273477e+000 -1.903733e+000 -2.195756e+000 1.497675e+000 -1.351591e-001 -4.558905e-001 -2.829149e-002 -4.684472e-001 -6.654430e-001 1.080608e+000 -5.516123e-002 -7.085011e-001 1.372772e-001 -6.323733e-001 -1.785978e-002 -6.495578e-001 6.984615e-002 -5.075086e-001 -6.692737e-001 -6.449070e-001 4.730855e-001 
1.304895e+001 1.732959e+001 -6.432542e+000 7.038059e+000 4.037322e+000 3.927153e+000 -6.670966e+000 -3.404007e+000 2.019378e+000 -5.101730e+000 -9.457151e-001 -1.436252e-001 -2.638089e+000 -2.441216e+000 1.741247e+000 2.733431e+000 -2.512639e+000 -9.182030e-001 1.588208e+000 -5.186121e-002 -4.443626e-001 1.425469e-001 -9.899658e-001 -9.960386e-001 9.169336e-001 -3.918079e-001 -2.071424e-001 8.157912e-001 1.434608e-001 -4.224866e-002 -1.431687e-001 -1.349809e-001 -8.354119e-001 -9.623547e-001 -6.626710e-001 -1.971191e-002 
1.355649e+001 1.741938e+001 -6.851088e+000 7.065291e+000 2.381816e+000 3.867433e+000 -7.878233e+000 -2.283917e+000 2.275884e+000 -4.652680e+000 -1.069914e+000 -1.957970e-001 -3.134528e+000 -2.179790e+000 2.335548e+000 1.828479e+000 -2.733202e+000 -1.263460e+000 2.010863e+000 -3.204283e-001 -6.310783e-002 1.640218e-001 -1.188531e+000 -6.240048e-001 1.901849e+000 -1.704900e-001 -5.558452e-001 7.614026e-001 -7.421678e-001 -7.512246e-001 2.102363e-001 3.863481e-001 -1.150204e+000 -2.545741e-001 -3.085046e-001 -3.418272e-001 
1.482499e+001 1.577498e+001 -5.003133e+000 5.365022e+000 3.289562e+000 1.947960e+000 -6.810853e+000 -2.920501e+000 2.505706e+000 -3.854858e+000 -1.197387e+000 -4.871322e-001 -3.932649e+000 -1.994125e+000 2.240339e+000 2.119014e+000 -1.977632e+000 -1.101393e+000 1.623673e+000 -4.438958e-001 -7.618932e-001 -1.714967e-001 -8.725344e-001 -2.395516e-002 7.115159e-001 -3.500066e-001 -5.410069e-001 6.801898e-001 2.126403e-001 -5.200580e-001 1.978252e-001 -3.677242e-001 -1.191174e+000 -6.794002e-001 -2.965631e-001 3.503066e-001 
