-1.440357e+001 2.272424e+001 5.374336e+000 1.544529e+000 5.993528e-001 -8.569125e-001 -1.339173e+000 -3.454757e+000 -3.990548e+000 -4.077383e+000 -1.884367e+000 -3.162960e-001 7.405981e-002 -1.798316e+000 -2.749809e+000 -2.652881e+000 -1.272934e+000 -2.700020e-001 -1.000468e+000 -1.857574e+000 -1.739269e+000 -1.113184e+000 -1.229564e+000 -4.969103e-001 3.676271e-001 -7.401533e-001 -1.263297e+000 -1.640512e-001 5.084385e-001 1.228132e-001 3.004019e-001 3.583425e-001 -1.872888e-003 -5.463639e-002 -4.991502e-001 -7.232614e-001 
-1.515794e+001 2.224828e+001 5.282701e+000 9.765806e-001 6.974046e-001 -1.131691e-001 -6.099647e-001 -2.207973e+000 -3.413097e+000 -4.216576e+000 -1.432754e+000 2.173918e-001 2.791199e-001 -1.192552e+000 -2.128808e+000 -2.704432e+000 -1.418101e+000 -8.812697e-002 -1.134616e+000 -2.249739e+000 -1.890281e+000 -6.101446e-001 -7.097813e-001 -1.035366e+000 7.441586e-002 -1.934465e-001 -1.321637e+000 -1.062097e+000 1.058405e-001 5.450772e-001 4.413767e-001 5.401645e-001 5.676104e-001 2.863615e-001 8.441857e-002 7.907450e-002 
-1.962318e+001 2.489118e+001 4.233078e+000 1.165901e+000 1.865232e+000 -1.157272e+000 -8.747920e-001 -3.202332e+000 -1.913136e+000 -4.230813e+000 -1.462794e+000 -1.712040e+000 4.759558e-001 -1.396632e+000 -2.346748e+000 -3.333425e+000 -1.919704e+000 2.324583e-001 -1.522568e+000 -2.744142e+000 -2.654841e+000 -3.318880e-002 -6.797877e-001 -1.508601e+000 -1.204342e-001 -2.809197e-001 -1.252795e+000 -1.221061e+000 -3.962910e-001 -9.906914e-002 6.273877e-002 4.777707e-001 5.692162e-001 7.736191e-001 4.937218e-001 4.526772e-001 
-1.993093e+001 2.444152e+001 5.388578e+000 1.941269e+000 1.358419e+000 -1.098150e+000 -8.867402e-001 -3.870587e+000 -1.904306e+000 -2.785183e+000 -1.409184e+000 -1.575259e+000 -5.535695e-002 -1.206016e+000 -2.459599e+000 -3.617909e+000 -1.906748e+000 2.507659e-001 -1.550793e+000 -2.611139e+000 -2.243092e+000 -1.001153e-001 -3.426718e-001 -1.346403e+000 -9.341776e-001 -5.031505e-001 -9.696235e-001 -7.562216e-001 -3.721734e-001 -3.864958e-001 -9.814139e-002 1.305885e-001 6.606850e-001 8.832761e-001 2.446259e-001 5.005648e-001 
-1.788320e+001 2.207909e+001 6.855289e+000 2.849511e+000 2.238294e+000 -4.414272e-001 -2.098890e+000 -3.346714e+000 -2.088155e+000 -2.173099e+000 -1.349878e+000 -7.672974e-001 5.978310e-001 -7.187832e-001 -2.063369e+000 -2.754021e+000 -1.676761e+000 -6.015170e-001 -1.326197e+000 -2.208520e+000 -1.663784e+000 -4.547505e-001 -3.712022e-001 -8.549900e-001 -6.169971e-001 -4.997569e-001 -8.557573e-001 -9.480826e-001 -3.673960e-001 -9.302008e-002 2.327695e-001 5.921049e-001 2.930600e-001 1.081559e-001 6.306840e-001 6.164460e-001 
-1.100099e+001 2.143155e+001 1.172984e+000 1.587108e+000 5.780872e+000 1.222125e+000 -3.583247e+000 -3.980613e+000 -5.810127e-001 -1.017244e+000 -2.265209e+000 -9.125024e-001 9.096632e-001 -5.642732e-001 -1.567666e+000 -9.175124e-001 -5.366609e-001 -2.198095e+000 -2.532115e+000 -1.461203e+000 -1.067590e+000 -7.786914e-001 -5.414069e-001 -5.028147e-001 -5.117432e-001 -7.107708e-001 -4.606941e-001 -3.105739e-001 -5.522812e-001 -5.994484e-001 2.145494e-001 6.807129e-001 3.897629e-001 3.941005e-001 2.537914e-001 -8.205730e-002 
-2.921493e+000 1.977438e+001 -4.421609e+000 2.632948e+000 6.234797e+000 5.790370e-001 -3.045514e+000 -4.507649e+000 -4.818061e-001 5.245753e-001 -1.840670e+000 -1.323615e+000 1.018829e-001 -5.798310e-001 -1.332050e+000 -1.505424e+000 -8.429280e-001 -1.836561e+000 -2.318006e+000 -1.172497e+000 -9.519639e-001 -6.738474e-001 -5.264237e-001 -1.246396e+000 -5.882514e-001 -2.782193e-001 -8.942134e-001 -3.023566e-001 -2.098247e-002 -3.956149e-001 3.637578e-001 8.413095e-001 2.731968e-001 8.576143e-002 4.911628e-001 6.204174e-001 
-1.595794e+000 1.964493e+001 -6.881117e+000 3.464906e+000 6.199756e+000 -9.669098e-002 -2.730856e+000 -5.672055e+000 -1.338721e+000 5.602628e-001 -2.556523e+000 -2.794426e+000 -1.474183e+000 -6.633128e-001 -1.184547e+000 -2.370948e+000 -1.102783e+000 -1.537728e+000 -2.273487e+000 -1.437537e+000 -1.364875e+000 -9.201745e-001 -7.112048e-001 -1.758267e+000 -6.182381e-001 -2.352030e-001 -1.162892e+000 -2.979127e-001 3.429993e-001 -4.463509e-001 -2.030069e-001 6.787656e-001 5.686194e-001 9.056874e-002 4.884119e-001 8.690010e-001 
1.558888e-001 2.223426e+001 -7.667371e+000 4.330176e+000 5.595873e+000 -6.223482e-001 -2.781843e+000 -6.557622e+000 2.632319e-001 6.840477e-001 -4.189436e+000 -2.880207e+000 -3.120281e+000 -1.907763e+000 5.288431e-001 -1.372987e+000 -1.296605e+000 -1.464588e+000 -1.838775e+000 -1.460551e+000 -1.700514e+000 -1.444768e+000 -1.295276e+000 -1.500944e+000 7.844961e-002 9.032234e-002 -7.179427e-001 -2.387476e-001 -1.413483e-001 -2.862615e-002 1.589321e-001 5.019358e-001 -5.441582e-004 -4.980304e-001 1.751253e-001 6.263858e-001 
2.413903e+000 2.225795e+001 -8.303228e+000 5.212074e+000 5.603178e+000 -1.103543e+000 -2.759782e+000 -6.183712e+000 -2.630030e-001 -2.380921e-001 -4.154004e+000 -3.897666e+000 -3.929105e+000 -1.078216e+000 1.232909e+000 -6.183541e-001 -1.406836e-001 -1.600570e+000 -2.568045e+000 -1.594103e+000 -1.938841e+000 -1.515436e+000 -1.729724e+000 -1.684769e+000 3.474488e-001 -1.683828e-001 -5.413734e-001 7.800857e-001 4.059881e-001 -4.876969e-001 2.536035e-001 7.953567e-001 -6.622374e-001 -1.018637e+000 3.433298e-001 2.507465e-001 
6.915199e+000 1.833984e+001 -4.091611e+000 3.227961e+000 4.711373e+000 -1.231452e+000 -4.589098e+000 -5.539019e+000 -1.355963e+000 -7.072789e-001 -3.483192e+000 -3.824734e+000 -3.665969e+000 -1.252631e+000 1.300003e+000 -1.434579e-002 -1.179429e+000 -1.797566e+000 -1.916866e+000 -1.484176e+000 -1.969778e+000 -1.756858e+000 -1.676039e+000 -1.713897e+000 -2.094201e-001 -2.966298e-001 -4.554569e-001 1.288527e+000 6.501281e-001 -6.416395e-001 4.049772e-001 3.703197e-001 -7.646443e-001 -5.596438e-001 2.756877e-002 6.349054e-002 
4.696830e+000 2.310103e+001 -6.499156e+000 4.279615e+000 4.087282e+000 -2.309980e+000 -3.414564e+000 -5.457065e+000 -7.068874e-001 -5.352742e-001 -3.657984e+000 -3.480174e+000 -3.659053e+000 -5.487919e-001 2.093731e+000 -1.796531e-001 -1.090378e+000 -1.828723e+000 -1.456796e+000 -1.384866e+000 -2.147963e+000 -1.177104e+000 -1.521754e+000 -1.754066e+000 1.187202e-001 -3.168997e-001 -4.442280e-001 1.299318e+000 8.697086e-001 -2.575576e-001 1.228140e-001 4.407517e-001 -5.304886e-001 -6.143762e-001 3.345355e-001 3.829446e-002 
8.235640e+000 1.826753e+001 -3.627070e+000 2.435174e+000 3.853188e+000 -1.801945e+000 -4.936526e+000 -5.118571e+000 -1.042260e+000 -5.586105e-001 -3.562289e+000 -4.420266e+000 -3.718455e+000 -8.392492e-001 1.356021e+000 -4.182557e-002 -1.498615e+000 -1.936748e+000 -1.434354e+000 -1.575722e+000 -2.404732e+000 -1.461700e+000 -1.422869e+000 -1.888423e+000 -2.552589e-001 -3.346275e-001 -6.064109e-001 1.350323e+000 1.011958e+000 -5.772572e-001 -1.429489e-002 2.139344e-001 -6.059651e-001 -5.602267e-001 8.678588e-002 3.126500e-001 
6.404576e+000 2.173680e+001 -6.170788e+000 3.830243e+000 3.935342e+000 -2.327005e+000 -4.392371e+000 -5.370313e+000 -9.926837e-002 -3.499349e-001 -3.546311e+000 -3.333188e+000 -4.059370e+000 -8.912699e-001 2.335801e+000 -5.216808e-001 -1.298079e+000 -1.327251e+000 -1.574649e+000 -1.512404e+000 -1.648538e+000 -7.489578e-001 -1.510251e+000 -1.880025e+000 2.416796e-001 -5.369991e-001 -3.493302e-001 2.155015e+000 7.830926e-001 -9.466301e-001 3.545366e-001 4.793103e-001 -8.186326e-001 -3.846462e-001 2.948050e-001 -2.879243e-001 
8.504163e+000 1.920284e+001 -4.777156e+000 3.029681e+000 3.723093e+000 -2.498134e+000 -5.152808e+000 -4.931119e+000 -4.042123e-001 -6.903972e-001 -3.359111e+000 -3.690667e+000 -3.881152e+000 -7.275844e-001 1.328198e+000 -8.443473e-001 -1.306848e+000 -1.476896e+000 -1.872412e+000 -1.720432e+000 -1.554980e+000 -8.609219e-001 -1.569433e+000 -1.536947e+000 1.191571e-002 -9.167833e-001 -5.001462e-001 1.846411e+000 8.587661e-001 -4.740059e-001 3.460781e-001 -2.974689e-002 -1.147639e+000 -5.191501e-001 4.547750e-001 2.258967e-001 
5.779210e+000 2.360862e+001 -7.996018e+000 5.142583e+000 3.200758e+000 -3.035184e+000 -3.565972e+000 -6.006279e+000 5.178282e-001 -6.949732e-001 -3.731297e+000 -2.888023e+000 -4.066180e+000 -4.988222e-001 1.650339e+000 -1.508703e+000 -1.064367e+000 -1.563488e+000 -1.693650e+000 -1.220964e+000 -1.565682e+000 -5.280037e-001 -1.612268e+000 -1.443046e+000 5.081260e-001 -1.173073e+000 -4.094225e-001 1.963294e+000 7.710190e-001 -3.086421e-001 2.718965e-001 2.484035e-001 -1.205389e+000 -8.981551e-001 7.160912e-001 1.648584e-002 
7.594739e+000 2.176609e+001 -7.349138e+000 5.038018e+000 2.903135e+000 -2.710122e+000 -4.152018e+000 -5.740255e+000 3.199537e-001 -8.756819e-001 -3.241602e+000 -2.891191e+000 -4.238645e+000 -7.927429e-001 1.562736e+000 -1.216026e+000 -1.338212e+000 -1.148506e+000 -1.885035e+000 -1.654963e+000 -1.027279e+000 -5.685316e-001 -1.604431e+000 -1.230699e+000 2.613644e-001 -1.009497e+000 -4.645820e-001 2.006912e+000 8.823868e-001 -3.825242e-001 5.324717e-001 7.699228e-002 -1.501994e+000 -8.722902e-001 6.021417e-001 4.804652e-001 
1.040623e+001 1.767087e+001 -3.885243e+000 2.689322e+000 3.644353e+000 -2.473297e+000 -5.503126e+000 -4.488506e+000 -4.890884e-001 -1.039234e+000 -2.866814e+000 -3.132704e+000 -3.856636e+000 -1.065372e+000 1.350433e+000 -1.126228e+000 -1.824259e+000 -1.018950e+000 -1.871879e+000 -1.705339e+000 -6.858188e-001 -8.925689e-001 -1.612201e+000 -1.019300e+000 4.497005e-002 -8.329958e-001 -4.647569e-001 1.682519e+000 9.397772e-001 -1.747543e-001 8.576691e-001 -8.990871e-002 -1.994867e+000 -9.995077e-001 7.273678e-001 6.790454e-001 
5.960303e+000 2.377245e+001 -7.785405e+000 5.217953e+000 3.174437e+000 -2.131302e+000 -4.524450e+000 -5.349922e+000 1.205875e+000 -1.584072e+000 -2.493551e+000 -2.415515e+000 -3.703884e+000 -1.120608e+000 1.989658e+000 -6.505968e-001 -1.986735e+000 -5.318037e-001 -1.621075e+000 -1.643082e+000 6.484257e-002 -7.471862e-001 -1.543639e+000 -1.066582e+000 5.075744e-001 -4.500953e-001 -3.572873e-001 2.071625e+000 8.647434e-001 -4.905749e-001 1.313516e+000 1.587243e-001 -2.126277e+000 -8.788299e-001 7.741460e-001 3.663961e-001 
1.009104e+001 1.746349e+001 -4.076632e+000 2.004573e+000 3.894290e+000 -2.475429e+000 -6.061598e+000 -4.618077e+000 -9.651029e-001 -1.429298e+000 -2.690935e+000 -3.138622e+000 -4.059157e+000 -1.636141e+000 9.537810e-001 -9.651933e-001 -1.914079e+000 -1.329881e+000 -2.238960e+000 -1.807248e+000 -3.262124e-001 -1.019138e+000 -2.118525e+000 -1.284136e+000 -1.900165e-002 -5.009936e-001 -2.168034e-001 1.431433e+000 5.702578e-001 -4.244574e-001 9.391060e-001 1.053545e-001 -2.019460e+000 -1.104196e+000 4.922858e-001 3.775600e-001 
3.390983e+000 2.659053e+001 -9.946274e+000 5.328797e+000 3.148754e+000 -2.375351e+000 -4.816686e+000 -6.673297e+000 1.864399e+000 -3.411036e+000 -7.684238e-001 -3.647709e+000 -3.326922e+000 -1.108530e+000 1.082778e-001 7.437675e-001 -2.221529e+000 -1.020102e+000 -2.243731e+000 -1.511884e+000 1.158636e-001 -7.585091e-001 -1.821277e+000 -1.895319e+000 9.288163e-001 -5.888382e-001 1.866938e-002 1.369305e+000 6.342390e-001 1.113679e-002 9.683148e-001 3.583908e-001 -2.385953e+000 -7.500595e-001 6.272279e-001 2.370065e-001 
8.360167e+000 2.082551e+001 -2.899268e+000 2.799897e+000 5.538087e+000 -1.628855e-001 -3.824948e+000 -3.281770e+000 -8.202526e-001 -6.047895e-001 -7.558106e-001 -1.221176e+000 -1.863823e+000 -4.861685e-001 9.745614e-001 5.469506e-001 -1.581740e-002 -8.171331e-001 -1.547224e+000 -8.089435e-001 5.408699e-001 1.925621e-001 -1.220487e+000 -8.937869e-001 1.788030e-001 -1.664187e-001 -7.430429e-002 6.674668e-001 1.345787e-001 -3.029803e-001 5.221418e-001 3.933751e-001 -9.049306e-001 -5.641697e-001 4.528131e-001 9.086395e-002 
-1.487278e+001 2.278219e+001 5.542684e+000 1.521764e+000 4.874599e-001 -8.922688e-001 -1.318865e+000 -3.370910e+000 -3.875304e+000 -4.025204e+000 -1.969770e+000 -2.677493e-001 2.888514e-001 -1.762299e+000 -2.961275e+000 -2.659818e+000 -1.164132e+000 -1.399242e-001 -1.083315e+000 -1.905922e+000 -1.722207e+000 -9.642099e-001 -1.211165e+000 -4.872054e-001 2.390093e-001 -5.980183e-001 -1.168695e+000 -2.263986e-001 4.028801e-001 1.559166e-001 2.900430e-001 5.164087e-001 3.255104e-002 -2.028289e-001 -4.996519e-001 -6.436607e-001 
-1.533143e+001 2.219207e+001 5.335723e+000 8.144215e-001 7.465473e-001 -2.229393e-001 -6.729486e-001 -2.377992e+000 -3.242093e+000 -4.236829e+000 -1.506865e+000 9.862986e-002 3.189392e-001 -1.171361e+000 -2.075503e+000 -2.749260e+000 -1.482194e+000 -1.732776e-001 -1.064819e+000 -2.146018e+000 -1.907069e+000 -7.725383e-001 -6.880493e-001 -9.744070e-001 3.952244e-002 -1.761159e-001 -1.331869e+000 -1.133957e+000 6.054121e-002 6.106230e-001 4.857675e-001 4.999315e-001 4.858160e-001 2.877649e-001 1.459945e-001 1.039513e-001 
-1.999528e+001 2.500327e+001 4.378886e+000 1.178859e+000 2.008300e+000 -1.299504e+000 -1.026741e+000 -3.130122e+000 -1.724398e+000 -4.139438e+000 -1.636473e+000 -1.339680e+000 1.152702e-001 -9.926284e-001 -2.359950e+000 -3.441682e+000 -1.812520e+000 2.924738e-001 -1.362203e+000 -2.772306e+000 -2.493545e+000 -3.699919e-001 -4.829711e-001 -1.562755e+000 1.535146e-001 -3.979526e-001 -1.132909e+000 -1.455300e+000 -3.826490e-001 7.515541e-002 9.247224e-002 5.123243e-001 6.056957e-001 5.840396e-001 6.594483e-001 4.090329e-001 
-2.059611e+001 2.402758e+001 5.502319e+000 1.837992e+000 1.547669e+000 -1.137437e+000 -1.468534e+000 -4.286896e+000 -2.318842e+000 -2.787674e+000 -1.227651e+000 -1.364775e+000 -1.782319e-001 -1.546103e+000 -2.576038e+000 -3.982933e+000 -1.984141e+000 2.855409e-001 -1.418449e+000 -2.717355e+000 -2.391951e+000 -2.827596e-001 -5.900189e-001 -1.588776e+000 -8.775113e-001 -5.121024e-001 -9.368949e-001 -7.631366e-001 -4.399666e-001 -5.168018e-001 -2.409132e-001 3.389126e-001 4.098990e-001 1.008958e+000 3.831577e-001 3.549127e-001 
-1.873835e+001 2.234497e+001 7.120163e+000 3.047009e+000 2.501181e+000 -6.590681e-001 -2.138419e+000 -3.395885e+000 -2.019613e+000 -2.119871e+000 -9.916724e-001 -7.933740e-001 4.699191e-001 -1.000978e+000 -1.982465e+000 -2.625473e+000 -1.493017e+000 -5.505416e-001 -1.346869e+000 -2.171847e+000 -1.630768e+000 -5.005871e-001 -2.771716e-001 -8.743871e-001 -6.679031e-001 -4.500655e-001 -8.600838e-001 -8.872956e-001 -4.560516e-001 -2.175986e-001 3.650252e-001 7.692823e-001 2.813497e-001 2.906816e-002 5.380438e-001 6.539234e-001 
-1.086461e+001 2.100012e+001 1.207226e+000 1.601508e+000 5.622336e+000 1.095065e+000 -3.503228e+000 -4.076061e+000 -6.539649e-001 -1.268872e+000 -2.178123e+000 -9.280135e-001 8.020174e-001 -6.226238e-001 -1.637365e+000 -9.620416e-001 -5.397463e-001 -2.241526e+000 -2.478837e+000 -1.513696e+000 -1.086041e+000 -8.659163e-001 -5.348449e-001 -5.381703e-001 -5.308077e-001 -6.860334e-001 -5.085983e-001 -3.226644e-001 -6.244843e-001 -6.463048e-001 1.812449e-001 6.685327e-001 4.145004e-001 3.540403e-001 3.171428e-001 -6.889695e-002 
-3.269071e+000 1.997389e+001 -4.522427e+000 2.623884e+000 6.137026e+000 4.874189e-001 -3.043210e+000 -4.586701e+000 -5.401637e-001 5.078992e-001 -1.885617e+000 -1.426747e+000 1.719220e-002 -5.346722e-001 -1.359222e+000 -1.643210e+000 -9.271905e-001 -1.832590e+000 -2.312968e+000 -1.254095e+000 -1.036983e+000 -6.973909e-001 -5.595197e-001 -1.269315e+000 -5.964777e-001 -3.415386e-001 -9.660764e-001 -2.705343e-001 -3.504681e-002 -4.106090e-001 3.198532e-001 8.282890e-001 3.014903e-001 7.120063e-002 4.643864e-001 6.197860e-001 
-1.729664e+000 1.945785e+001 -6.603647e+000 3.467468e+000 5.989517e+000 -2.464718e-001 -2.765948e+000 -5.468709e+000 -1.405403e+000 3.578376e-001 -2.557270e+000 -2.804863e+000 -1.298111e+000 -7.471406e-001 -1.379918e+000 -2.264305e+000 -1.103580e+000 -1.418642e+000 -2.363018e+000 -1.595050e+000 -1.258232e+000 -8.067820e-001 -8.240875e-001 -1.755978e+000 -7.237849e-001 -1.246363e-001 -1.117611e+000 -3.679124e-001 3.037523e-001 -4.638541e-001 -1.447227e-001 7.171440e-001 4.833466e-001 4.723123e-002 5.144970e-001 9.470348e-001 
-8.685795e-001 2.318904e+001 -8.485261e+000 4.462827e+000 5.625203e+000 -1.070516e+000 -2.438176e+000 -7.031664e+000 6.210694e-001 2.830967e-001 -3.956776e+000 -3.072871e+000 -3.282034e+000 -1.839473e+000 2.840671e-001 -1.286036e+000 -1.432014e+000 -1.579245e+000 -1.914030e+000 -1.401427e+000 -1.824327e+000 -1.406918e+000 -1.477102e+000 -1.488869e+000 2.492154e-003 1.302107e-001 -8.206489e-001 -3.442655e-001 -1.338582e-001 -1.226561e-001 2.061599e-001 4.923746e-001 -9.923166e-002 -4.637499e-001 1.562634e-001 6.791342e-001 
2.600561e+000 2.137565e+001 -7.793371e+000 4.713215e+000 5.696883e+000 -1.127229e+000 -3.183962e+000 -6.061829e+000 -3.484480e-001 -3.719889e-001 -4.134781e+000 -4.055537e+000 -3.920611e+000 -1.167038e+000 1.109232e+000 -6.863540e-001 -3.345344e-001 -1.646070e+000 -2.535187e+000 -1.695959e+000 -1.944687e+000 -1.553256e+000 -1.755997e+000 -1.816839e+000 3.442442e-001 -1.786353e-001 -6.367005e-001 8.448431e-001 3.997799e-001 -7.240003e-001 3.197084e-001 7.839936e-001 -7.022527e-001 -9.225227e-001 3.228179e-001 1.966153e-001 
6.350771e+000 1.896192e+001 -4.407746e+000 3.298355e+000 4.692238e+000 -1.191527e+000 -4.495104e+000 -5.562319e+000 -1.024396e+000 -6.907606e-001 -3.579601e+000 -3.570223e+000 -3.656507e+000 -1.329724e+000 1.516377e+000 2.867736e-002 -1.211805e+000 -1.680042e+000 -1.831020e+000 -1.583986e+000 -1.961134e+000 -1.557400e+000 -1.646752e+000 -1.695765e+000 -4.397123e-002 -3.448631e-001 -5.436430e-001 1.408302e+000 6.806978e-001 -7.229956e-001 4.928314e-001 4.571938e-001 -8.627209e-001 -5.050987e-001 1.519413e-001 -7.062913e-002 
4.388962e+000 2.314838e+001 -6.448770e+000 4.241139e+000 4.008964e+000 -2.378831e+000 -3.343851e+000 -5.511852e+000 -6.294916e-001 -4.511310e-001 -3.641776e+000 -3.525152e+000 -3.604487e+000 -5.450658e-001 2.028707e+000 -2.619133e-001 -9.590062e-001 -1.859303e+000 -1.486043e+000 -1.380867e+000 -2.150443e+000 -1.242627e+000 -1.463347e+000 -1.698366e+000 9.479481e-002 -4.241986e-001 -4.297158e-001 1.378908e+000 8.578370e-001 -3.129141e-001 1.159693e-001 4.537856e-001 -5.476191e-001 -5.894524e-001 3.756289e-001 1.719810e-002 
7.644090e+000 1.865446e+001 -3.854144e+000 2.553649e+000 3.855088e+000 -1.874751e+000 -4.828782e+000 -5.091010e+000 -1.011857e+000 -6.345954e-001 -3.576972e+000 -4.268415e+000 -3.593469e+000 -7.776818e-001 1.369185e+000 -5.057437e-002 -1.435766e+000 -1.954135e+000 -1.462295e+000 -1.548835e+000 -2.375074e+000 -1.373997e+000 -1.342307e+000 -1.872133e+000 -2.570280e-001 -3.830134e-001 -6.544756e-001 1.384190e+000 1.060875e+000 -5.543803e-001 1.809381e-002 2.572793e-001 -5.983897e-001 -5.599556e-001 7.545728e-002 2.461111e-001 
6.286925e+000 2.149128e+001 -5.918064e+000 3.706858e+000 4.074117e+000 -2.544141e+000 -4.384420e+000 -5.171870e+000 -3.480125e-001 -3.734117e-001 -3.641573e+000 -3.263912e+000 -3.788088e+000 -8.519304e-001 2.282256e+000 -4.194431e-001 -1.412767e+000 -1.248019e+000 -1.664285e+000 -1.576192e+000 -1.404938e+000 -7.740877e-001 -1.427097e+000 -1.865397e+000 5.842219e-002 -4.479591e-001 -4.412360e-001 2.137077e+000 8.771888e-001 -9.806889e-001 4.926441e-001 5.017049e-001 -8.262498e-001 -3.427244e-001 1.335553e-001 -2.845742e-001 
8.085440e+000 1.937613e+001 -4.879727e+000 3.152725e+000 3.657528e+000 -2.558403e+000 -5.062029e+000 -4.953554e+000 -4.080471e-001 -6.481141e-001 -3.343903e+000 -3.641536e+000 -3.842122e+000 -7.643682e-001 1.323433e+000 -7.744025e-001 -1.187986e+000 -1.451933e+000 -1.962265e+000 -1.767206e+000 -1.512904e+000 -8.330755e-001 -1.530246e+000 -1.507173e+000 -5.122190e-003 -9.784405e-001 -5.282878e-001 1.875564e+000 9.162723e-001 -4.481665e-001 3.679205e-001 -3.476947e-002 -1.192185e+000 -5.192405e-001 5.115310e-001 2.483546e-001 
4.856860e+000 2.428578e+001 -8.592319e+000 5.430110e+000 3.232779e+000 -3.279153e+000 -3.146515e+000 -6.336414e+000 5.667530e-001 -7.691695e-001 -3.826855e+000 -2.776789e+000 -4.263932e+000 -4.510191e-001 1.736189e+000 -1.553110e+000 -9.405412e-001 -1.642756e+000 -1.736538e+000 -1.247891e+000 -1.705158e+000 -3.989911e-001 -1.617477e+000 -1.496607e+000 5.546814e-001 -1.298281e+000 -3.656435e-001 1.942167e+000 7.656340e-001 -1.845213e-001 2.145064e-001 2.130587e-001 -1.236625e+000 -9.312767e-001 7.883379e-001 -1.753974e-002 
7.390349e+000 2.161962e+001 -7.353972e+000 4.987010e+000 2.940668e+000 -2.661386e+000 -4.089190e+000 -5.752552e+000 1.937834e-001 -8.721696e-001 -3.217936e+000 -2.916066e+000 -4.190008e+000 -7.553239e-001 1.540910e+000 -1.251263e+000 -1.331422e+000 -1.132019e+000 -1.855085e+000 -1.686983e+000 -9.962250e-001 -5.932752e-001 -1.631018e+000 -1.241857e+000 2.680668e-001 -9.772854e-001 -4.622958e-001 1.979562e+000 9.005466e-001 -4.307424e-001 5.894529e-001 6.045719e-002 -1.496480e+000 -8.473750e-001 5.458426e-001 5.034915e-001 
1.007825e+001 1.765936e+001 -4.039437e+000 2.678315e+000 3.630869e+000 -2.516011e+000 -5.549401e+000 -4.623923e+000 -6.042302e-001 -1.068793e+000 -2.820297e+000 -3.110379e+000 -3.860828e+000 -1.124003e+000 1.212490e+000 -1.210506e+000 -1.828048e+000 -1.022745e+000 -1.838648e+000 -1.715587e+000 -7.532698e-001 -9.829780e-001 -1.717540e+000 -1.019211e+000 1.049903e-001 -8.378288e-001 -4.783853e-001 1.646751e+000 8.588007e-001 -2.172678e-001 8.606490e-001 -5.638381e-002 -1.967197e+000 -1.010827e+000 7.008649e-001 6.626160e-001 
5.799559e+000 2.364426e+001 -7.803979e+000 5.252944e+000 3.229607e+000 -2.129955e+000 -4.514024e+000 -5.323914e+000 1.136705e+000 -1.484473e+000 -2.646198e+000 -2.324990e+000 -3.788777e+000 -1.026148e+000 1.968846e+000 -6.027511e-001 -1.946500e+000 -6.131896e-001 -1.672583e+000 -1.557655e+000 5.134562e-002 -6.620829e-001 -1.620359e+000 -1.068365e+000 4.446090e-001 -4.211712e-001 -2.856107e-001 2.021259e+000 8.916479e-001 -4.868441e-001 1.293594e+000 1.654370e-001 -2.089862e+000 -8.804858e-001 7.256521e-001 3.542574e-001 
9.737649e+000 1.745184e+001 -4.274133e+000 1.938638e+000 3.843474e+000 -2.426461e+000 -6.054519e+000 -4.739505e+000 -1.033820e+000 -1.520653e+000 -2.835025e+000 -3.133890e+000 -3.990790e+000 -1.632185e+000 9.068372e-001 -1.033074e+000 -2.005408e+000 -1.434813e+000 -2.281482e+000 -1.785598e+000 -3.473372e-001 -1.044104e+000 -2.138573e+000 -1.339612e+000 -6.784301e-002 -5.251500e-001 -2.471966e-001 1.384159e+000 5.602035e-001 -3.910520e-001 9.171350e-001 9.953784e-002 -1.997978e+000 -1.147194e+000 4.638042e-001 3.927349e-001 
