2.574921e+000 1.139003e+001 -5.255968e+000 7.220923e+000 -3.073633e+000 5.466877e+000 -4.243065e+000 -1.495350e+000 4.985274e-001 -1.625270e+000 -3.800548e-001 -3.199221e+000 2.033447e+000 -1.367232e+000 7.763688e-001 5.091626e-002 -3.405288e-001 -9.656139e-001 -2.215225e+000 6.769288e-002 -8.252257e-001 -3.971533e-001 -1.472186e+000 -7.463627e-001 -1.291206e+000 -9.682256e-001 -3.663756e-001 -4.236386e-001 7.160313e-001 -5.859628e-001 -1.115763e-001 6.971309e-002 5.930410e-002 3.548526e-001 4.913754e-001 2.625261e-002 
3.979977e+000 1.067264e+001 -6.706028e+000 1.087181e+001 -3.497707e+000 7.448641e+000 -3.602214e+000 -1.975765e+000 -1.603727e-001 -4.337635e+000 -2.205458e+000 -5.194752e+000 1.328798e+000 -1.322703e+000 2.142486e+000 -9.114787e-001 -1.087682e-001 -1.352084e+000 -3.785770e+000 -1.683002e+000 -1.491703e+000 4.684953e-001 -1.998823e+000 -3.051353e-001 -1.481569e+000 -9.004558e-002 -3.547429e-001 -1.103313e-001 1.031859e+000 -1.058067e+000 2.524768e-001 -2.172604e-001 1.059742e+000 -8.719915e-002 4.282185e-001 -3.679704e-001 
4.912713e+000 8.878359e+000 -7.503348e+000 8.907733e+000 -3.123134e+000 6.658397e+000 -3.169859e+000 -9.770779e-001 1.215779e+000 -1.515803e+000 -2.623948e+000 -4.298184e+000 6.747017e-001 -1.853904e+000 -2.362921e-001 -1.161785e+000 -5.807953e-001 -1.381360e+000 -2.023421e+000 -4.211736e-001 -2.728226e-001 -2.722481e-001 9.271976e-003 -9.645345e-001 -2.439032e-001 -8.150967e-001 2.661575e-002 3.501638e-002 3.251545e-003 -2.625264e-001 -1.300488e+000 4.633481e-002 2.099350e-001 6.910597e-001 -2.394326e-001 1.493663e-001 
5.113743e+000 9.045548e+000 -8.700736e+000 7.252424e+000 -2.731290e+000 6.768635e+000 -2.735487e+000 -2.104793e+000 5.294716e-001 1.096531e-001 -1.675243e+000 -2.529767e+000 5.909991e-001 -2.250628e+000 -3.078589e+000 -1.918970e+000 -7.887196e-002 -9.520846e-001 -2.837167e+000 -1.048893e+000 4.475893e-002 -1.368935e+000 -1.185349e+000 -1.849955e+000 -3.890479e-001 -1.574481e+000 2.197349e-001 7.188088e-001 4.213923e-001 -5.201147e-002 -7.519212e-001 2.753770e-001 7.990170e-002 1.073774e+000 -1.626348e-001 2.192023e-001 
4.031392e+000 1.203059e+001 -8.968162e+000 7.300458e+000 -1.983525e+000 6.770203e+000 -3.020232e+000 -3.882620e+000 9.487316e-001 -1.936612e+000 -1.740493e+000 -5.066651e+000 9.766681e-001 -1.697583e+000 -2.776318e+000 -9.003737e-001 -4.064436e-001 -6.227947e-001 -3.504494e+000 -1.004161e+000 6.609713e-002 -2.032632e+000 -2.465781e+000 -2.134423e+000 -5.097063e-001 -1.826119e+000 -1.143233e-001 1.000428e+000 1.377381e+000 1.216950e-001 -7.613121e-001 3.479725e-001 4.300268e-002 3.894637e-001 -6.700899e-001 1.260576e-001 
2.755025e+000 1.431041e+001 -9.671730e+000 6.767577e+000 -3.085835e-001 5.795128e+000 -3.237999e+000 -4.911752e+000 1.795394e+000 -3.160778e+000 -1.896305e+000 -5.162677e+000 4.002990e-001 -1.335436e+000 -1.808615e+000 -6.685387e-001 -2.197333e+000 -1.552287e+000 -4.798128e+000 -1.382128e+000 -7.251293e-001 -1.450141e+000 -7.120304e-001 -7.363300e-001 -1.309482e-001 -2.096825e+000 -2.916429e-001 -6.720763e-002 6.852227e-001 -1.352912e-001 -1.166326e+000 1.968332e-001 -4.483229e-003 9.858480e-001 -9.848766e-002 3.384727e-002 
2.433804e+000 1.563741e+001 -8.710743e+000 4.275194e+000 1.816758e+000 6.511032e+000 -2.963053e+000 -4.624570e+000 1.073749e+000 -2.434932e+000 -2.754509e+000 -4.921319e+000 1.046589e-001 -2.464049e+000 -2.705588e+000 -7.535488e-001 -1.685137e+000 -1.989336e+000 -4.018963e+000 -8.811911e-001 -1.094058e+000 -1.497225e+000 1.187245e-001 -1.020957e+000 -5.974756e-001 -1.624466e+000 -8.865139e-001 3.999722e-002 2.860808e-001 -4.300314e-001 -6.764517e-001 -2.863180e-002 1.741503e-001 9.832040e-001 -3.468627e-001 -4.687006e-002 
2.173889e+000 1.695532e+001 -8.411663e+000 3.484211e+000 1.586891e+000 6.870652e+000 -3.869220e+000 -6.649621e+000 1.379870e+000 -1.888830e+000 -4.257420e+000 -4.728567e+000 1.702060e+000 -3.158059e+000 -2.628460e+000 1.145228e+000 -1.400520e+000 -2.071710e+000 -3.598574e+000 -1.102524e+000 -1.570327e+000 -2.330468e+000 -5.737385e-001 -2.027630e+000 -1.371610e+000 -1.663179e+000 -7.748470e-001 3.730075e-001 6.381194e-001 -1.402397e-001 6.071336e-002 -3.598438e-002 -2.005524e-002 1.261047e+000 -2.383972e-001 -4.799673e-001 
1.307153e+000 1.871178e+001 -9.403211e+000 4.598611e+000 2.787739e+000 6.608593e+000 -2.947425e+000 -7.232394e+000 1.579078e+000 -2.157245e+000 -4.596118e+000 -4.414948e+000 2.807081e+000 -3.450661e+000 -2.136713e+000 2.719674e+000 -1.350309e+000 -1.792458e+000 -3.820238e+000 -1.847453e+000 -1.630338e+000 -1.862483e+000 2.395129e-001 -1.803888e+000 -1.233110e+000 -7.019500e-001 -6.170191e-001 -9.201522e-002 8.698399e-001 -2.326029e-001 -6.401788e-001 3.125358e-001 3.147507e-001 1.177004e+000 -6.041612e-002 1.267443e-001 
3.192629e+000 1.547052e+001 -8.038127e+000 2.222791e+000 3.971447e+000 5.957465e+000 -3.681441e+000 -5.281983e+000 -1.170434e-001 -1.737841e+000 -4.325793e+000 -3.961695e+000 1.757297e+000 -3.363064e+000 -2.116321e+000 1.857850e+000 -1.325278e+000 -1.440363e+000 -3.423371e+000 -2.388365e+000 -1.046898e+000 -1.299918e+000 -5.832492e-001 -1.771683e+000 -7.993392e-001 -7.501209e-001 -1.218130e+000 2.314262e-001 9.481464e-001 -4.712428e-001 -5.829857e-001 2.304036e-001 4.862871e-001 1.018220e+000 1.635296e-001 4.860303e-001 
8.109644e-001 1.884649e+001 -1.062904e+001 4.851575e+000 2.932191e+000 6.996676e+000 -3.437056e+000 -7.296109e+000 1.676477e+000 -2.521138e+000 -2.460642e+000 -4.485645e+000 2.820440e+000 -5.139021e+000 -3.491688e+000 1.617063e+000 -2.646172e+000 -8.591927e-001 -3.783084e+000 -3.511622e-001 -1.765058e+000 -8.194570e-001 2.349263e-001 -2.637328e+000 3.241501e-001 -7.907425e-001 -5.528649e-001 -1.328747e+000 1.315884e+000 -2.462448e-001 -1.524496e+000 1.086033e+000 3.712758e-001 7.120571e-001 -1.120828e+000 9.614827e-001 
2.984968e+000 1.531693e+001 -9.391429e+000 2.628212e+000 3.904925e+000 6.370248e+000 -2.839473e+000 -5.754713e+000 5.880077e-001 -1.263276e+000 -4.165635e+000 -3.450903e+000 8.873652e-002 -3.936245e+000 -2.812281e+000 3.694688e-001 -1.860880e+000 -3.033934e+000 -3.742275e+000 -1.322993e+000 -1.197380e+000 -6.788767e-001 -1.621422e-001 -2.121934e+000 -6.536260e-002 -4.969289e-001 -1.665580e+000 -4.566793e-003 4.274790e-001 -6.876022e-001 -7.775146e-001 1.009191e-001 7.916179e-001 4.752356e-001 -6.869043e-001 5.900544e-002 
1.754400e+000 1.624851e+001 -9.865812e+000 3.203317e+000 3.189509e+000 7.185939e+000 -2.020641e+000 -5.561317e+000 1.153546e+000 -1.337480e+000 -4.376424e+000 -4.327249e+000 5.181095e-001 -5.394264e+000 -3.348164e+000 1.432917e+000 -2.155129e+000 -3.234554e+000 -3.460102e+000 -8.306239e-001 -1.138055e+000 -5.116042e-001 4.333074e-001 -2.104528e+000 -3.611273e-001 2.173604e-001 -9.890741e-001 -3.133474e-001 1.028730e+000 -6.477139e-001 -1.687944e+000 -1.895326e-001 5.972748e-001 1.575068e-001 -1.385633e+000 5.399693e-001 
2.787981e+000 1.806516e+001 -9.286446e+000 4.972205e+000 2.478499e+000 6.600795e+000 -3.190830e+000 -8.016833e+000 1.267726e+000 -1.812125e+000 -3.753628e+000 -3.155913e+000 1.897590e+000 -5.199548e+000 -2.611401e+000 2.165962e+000 -1.419933e+000 -2.242753e+000 -3.684798e+000 -1.199527e+000 -1.359892e+000 -8.409884e-001 4.799511e-001 -1.954151e+000 -9.820917e-001 -5.414714e-001 -8.838003e-001 -2.112702e-001 1.323154e+000 -3.219931e-001 -1.214112e+000 1.696293e-001 5.004824e-001 9.869734e-001 -5.670200e-001 8.325888e-001 
1.831808e+000 1.970454e+001 -9.634286e+000 5.498009e+000 3.161380e+000 5.991375e+000 -2.779158e+000 -7.924675e+000 8.329056e-001 -2.163093e+000 -3.198760e+000 -3.019059e+000 1.439893e+000 -5.326094e+000 -2.744908e+000 1.839749e+000 -1.558512e+000 -1.037113e+000 -3.772947e+000 -1.442759e+000 -4.708123e-001 -1.225264e+000 1.466861e-001 -2.548827e+000 -7.815808e-001 3.367249e-001 -9.989645e-001 1.598201e-001 1.331945e+000 -5.174021e-001 -9.533742e-001 2.413738e-001 2.445951e-001 1.341812e-001 -5.785640e-001 7.948119e-001 
4.093867e+000 1.837615e+001 -9.730325e+000 4.362590e+000 2.729761e+000 4.882017e+000 -2.501278e+000 -6.738148e+000 3.417108e-001 -5.978734e-001 -3.704966e+000 -3.078868e+000 9.613253e-001 -4.805221e+000 -3.321795e+000 1.084177e+000 -1.733438e+000 -2.065687e+000 -3.460781e+000 -1.490013e+000 -1.910249e-001 -6.869813e-001 -4.761006e-001 -1.871655e+000 -1.464447e-001 4.226257e-001 -8.507148e-001 -5.533562e-003 1.096512e+000 -6.339160e-001 -1.509218e+000 -1.474744e-001 2.796480e-001 -8.288155e-003 -9.011377e-002 8.538178e-001 
5.005240e+000 1.789595e+001 -7.379809e+000 3.543901e+000 3.447310e+000 5.514040e+000 -3.327481e+000 -8.322110e+000 -2.592113e-001 6.861160e-001 -4.654853e+000 -3.365827e+000 1.677561e+000 -4.302395e+000 -3.437735e+000 1.916679e+000 -4.703150e-002 -2.295448e+000 -3.062368e+000 -1.199925e+000 -2.419917e-001 -1.611781e+000 -1.034289e+000 -1.345188e+000 -6.196348e-001 2.375468e-001 -9.266884e-001 5.621386e-001 9.281390e-001 -2.100601e-001 -6.420084e-002 -7.222629e-001 6.557358e-002 3.265028e-001 -2.436586e-001 3.317653e-001 
6.153702e+000 1.709556e+001 -7.545922e+000 3.340516e+000 3.447008e+000 4.186148e+000 -2.979264e+000 -7.910629e+000 -5.453926e-001 5.890522e-001 -4.687202e+000 -2.522576e+000 1.173296e+000 -3.912707e+000 -2.697542e+000 1.565469e+000 3.014938e-001 -2.679336e+000 -3.458041e+000 -6.097253e-001 -2.413859e-001 -1.608096e+000 -6.257276e-001 -9.504547e-001 -7.275443e-001 2.450780e-001 -6.169581e-001 3.241415e-001 1.045798e+000 3.460430e-003 -4.265112e-001 -8.255496e-001 -2.355111e-002 3.837859e-001 7.380949e-002 2.195413e-001 
5.839089e+000 1.472403e+001 -8.209662e+000 2.695259e+000 3.356230e+000 3.301712e+000 -3.695303e+000 -7.803513e+000 -8.881028e-001 -3.656674e-001 -4.793244e+000 -2.231431e+000 4.857467e-001 -4.668696e+000 -2.301809e+000 1.611962e+000 -7.101215e-001 -1.687433e+000 -2.417526e+000 -9.376305e-001 -8.963740e-002 -1.829917e+000 -9.565825e-001 -1.230392e+000 -4.336551e-001 1.277720e+000 -6.724868e-001 2.583769e-001 1.619739e+000 -2.730261e-001 -8.387745e-001 -2.668225e-001 1.770959e-001 -4.309890e-001 -4.789875e-001 3.650223e-001 
6.035917e+000 1.735545e+001 -7.467337e+000 3.465530e+000 3.127212e+000 4.472514e+000 -3.229163e+000 -5.381525e+000 -9.480379e-001 -2.833231e-001 -3.339820e+000 -3.569831e+000 7.060276e-001 -4.085932e+000 -2.228099e+000 1.571258e+000 -1.145338e+000 -2.351785e+000 -2.868636e+000 -1.199935e+000 2.285328e-001 -9.315281e-001 -6.141187e-001 -1.091131e+000 -7.389046e-001 1.198270e+000 -5.983409e-001 1.220487e-001 1.948643e+000 -4.263313e-001 -1.317835e+000 -4.093404e-001 4.337385e-001 -5.274134e-001 -7.967268e-001 5.597568e-001 
6.479066e+000 1.663986e+001 -5.883079e+000 3.341245e+000 3.463825e+000 5.011168e+000 -3.215630e+000 -6.646899e+000 -1.037243e+000 4.364030e-001 -3.862477e+000 -3.683057e+000 1.003383e+000 -4.288622e+000 -2.769181e+000 1.972559e+000 -2.164479e-001 -1.453354e+000 -3.983410e+000 -1.945131e+000 9.102549e-001 -2.107491e-001 -1.115067e+000 -1.545830e+000 -3.602915e-001 2.426723e-001 -2.009502e-001 7.565790e-001 1.930347e+000 -4.406677e-001 -1.377096e+000 1.003164e-001 -1.357414e-001 -5.611015e-001 -9.124908e-001 -4.596321e-003 
1.122635e+001 1.199963e+001 -3.508132e+000 2.393979e+000 5.656096e+000 4.480843e+000 -1.367011e+000 -3.076677e+000 -7.294456e-001 -1.435330e+000 -2.894242e+000 -1.185682e+000 9.343655e-001 -2.176270e+000 -1.730364e+000 8.620087e-001 2.497771e-001 -6.542522e-001 -2.169694e+000 -1.097775e+000 9.724595e-001 1.205723e-002 -1.602699e+000 -1.780738e+000 -4.447607e-002 -9.961440e-002 1.548823e-001 1.261099e+000 8.619438e-001 4.358694e-001 -2.322067e-001 -2.534082e-001 -1.352458e-001 -5.724253e-001 -5.292663e-001 -8.854769e-001 
2.696430e+000 1.110778e+001 -3.947535e+000 8.495630e+000 -1.486977e+000 6.187676e+000 -3.965290e+000 -3.084629e-001 1.021764e+000 -1.954712e+000 -2.299217e+000 -5.268303e+000 3.941619e-001 -2.223362e+000 5.915404e-001 1.280078e-001 1.356221e-002 -1.740106e+000 -2.950072e+000 -5.415919e-001 -4.888348e-001 -8.724184e-002 -1.371161e+000 -4.927159e-001 -1.448862e+000 -7.293978e-001 -2.304138e-001 -5.545493e-002 1.013285e+000 -3.923282e-001 -3.037342e-002 -7.169786e-002 5.069939e-001 2.047477e-001 5.267323e-001 -1.749968e-002 
5.241973e+000 1.038553e+001 -5.711440e+000 1.014232e+001 -4.026591e+000 5.767656e+000 -5.117346e+000 -2.129396e+000 4.987019e-001 -3.027526e+000 -2.140875e+000 -4.742794e+000 6.482912e-001 -1.832996e+000 1.043987e+000 -1.115214e+000 -1.244452e-001 -1.018968e+000 -2.742056e+000 -1.127111e+000 -7.559310e-001 1.194571e-001 -2.026813e+000 -3.272987e-001 -7.933382e-001 -1.166264e-001 -4.776257e-001 7.120532e-003 6.506613e-001 -1.088876e+000 -4.792118e-002 1.155229e-001 8.730659e-001 6.829039e-002 3.134652e-001 -1.742354e-001 
5.013104e+000 8.655286e+000 -7.086128e+000 9.469637e+000 -3.326105e+000 5.895784e+000 -4.536921e+000 -2.934404e+000 8.511614e-002 -2.136940e+000 -2.534257e+000 -3.748672e+000 1.027143e+000 -1.347218e+000 1.885909e-001 -5.059061e-001 -4.179724e-002 -7.413110e-001 -1.928550e+000 -6.516021e-001 -1.004913e+000 -1.062338e+000 -8.040685e-001 -1.510403e+000 -6.026686e-001 -9.590249e-001 4.742544e-002 2.647118e-001 3.393741e-001 1.408252e-001 -9.764698e-001 2.998501e-001 5.176780e-001 9.633798e-001 1.118279e-001 3.034463e-001 
5.587372e+000 9.156706e+000 -7.663086e+000 7.490467e+000 -1.895504e+000 7.031156e+000 -2.268012e+000 -2.542492e+000 1.404344e-001 -1.060608e+000 -2.299653e+000 -3.226678e+000 1.554855e-001 -2.009930e+000 -2.599381e+000 -1.456384e+000 2.627362e-001 -5.370327e-001 -2.752462e+000 -8.320151e-001 2.412297e-002 -1.253509e+000 -7.448658e-001 -1.340833e+000 -8.333718e-002 -1.025387e+000 9.183939e-002 7.049157e-001 1.386857e-001 -1.908639e-001 -9.391055e-001 8.394582e-003 -5.069640e-002 1.010338e+000 -9.704724e-002 1.692041e-001 
4.877320e+000 1.361047e+001 -8.164235e+000 7.970294e+000 -1.614351e+000 6.954887e+000 -3.349987e+000 -4.355919e+000 4.430533e-001 -2.469882e+000 -1.681994e+000 -4.770867e+000 1.442690e+000 -1.173028e+000 -2.472262e+000 -9.345981e-001 -7.595913e-001 -1.275564e+000 -4.294981e+000 -1.379279e+000 3.183787e-001 -1.493945e+000 -1.619042e+000 -1.389199e+000 -2.115113e-001 -1.716957e+000 -5.270041e-001 4.854780e-001 7.304886e-001 -3.479847e-001 -1.026640e+000 5.043004e-001 3.978465e-001 1.114662e+000 -1.275939e-001 6.034618e-001 
3.052135e+000 1.582557e+001 -9.160895e+000 7.926350e+000 2.601319e-001 6.189496e+000 -3.368794e+000 -5.034476e+000 1.518833e+000 -3.447122e+000 -1.731587e+000 -5.966663e+000 -3.139995e-002 -2.253726e+000 -1.966357e+000 -4.861251e-001 -1.066672e+000 -2.896564e-001 -4.049503e+000 -8.412872e-001 -1.350862e+000 -2.052077e+000 -1.404823e+000 -1.140438e+000 1.576772e-001 -2.024104e+000 2.598176e-001 1.095406e-001 9.727673e-001 1.128256e-001 -1.161172e+000 1.757327e-001 -4.351758e-001 8.024661e-001 -4.926813e-001 -2.274646e-002 
3.373247e+000 1.666235e+001 -8.051879e+000 4.741931e+000 1.462296e+000 5.866088e+000 -3.904476e+000 -5.528478e+000 2.115077e-001 -2.778332e+000 -2.806345e+000 -4.958112e+000 5.829057e-001 -2.185899e+000 -2.441357e+000 8.084247e-002 -1.122719e+000 -1.428121e+000 -3.694956e+000 -1.349336e+000 -1.470415e+000 -1.991493e+000 -3.981297e-001 -1.253769e+000 -9.983442e-001 -1.610599e+000 -4.964426e-001 3.263945e-001 8.462983e-001 -4.015555e-001 -7.534568e-001 -5.737809e-002 1.608530e-001 1.287806e+000 -2.080593e-001 6.104070e-002 
2.389644e+000 1.594064e+001 -7.351445e+000 3.519313e+000 3.203136e+000 7.457702e+000 -3.278602e+000 -5.355187e+000 1.514333e+000 -1.360828e+000 -4.723994e+000 -5.056036e+000 1.222842e+000 -3.145051e+000 -2.529609e+000 1.932594e+000 -1.004483e+000 -1.841752e+000 -3.720781e+000 -1.886570e+000 -1.450392e+000 -2.030563e+000 -8.276042e-002 -1.025529e+000 -6.821685e-001 -9.541112e-001 -7.631257e-001 6.073285e-001 2.924297e-001 -4.953696e-001 -2.454409e-001 -4.202171e-001 -8.338100e-002 1.264866e+000 1.597112e-001 -1.650142e-001 
1.129102e+000 1.662439e+001 -9.982946e+000 3.266909e+000 2.922260e+000 6.656618e+000 -2.545130e+000 -5.529610e+000 2.234473e+000 -3.905141e-001 -4.644861e+000 -4.589604e+000 1.771336e+000 -4.611015e+000 -3.616113e+000 1.390721e+000 -1.983036e+000 -2.490025e+000 -3.874364e+000 -1.876985e+000 -1.455940e+000 -1.668907e+000 1.495261e-001 -1.519940e+000 -1.217864e+000 -4.296941e-001 -7.205162e-001 -9.681118e-002 6.988314e-001 -4.397597e-001 -7.197809e-001 -1.573064e-001 1.437505e-001 8.137633e-001 -6.309968e-001 -4.336092e-002 
4.018405e+000 1.570127e+001 -7.546195e+000 1.789217e+000 3.828484e+000 5.390425e+000 -3.911956e+000 -5.176206e+000 4.409489e-001 -1.104926e+000 -4.314317e+000 -3.880137e+000 9.696611e-001 -4.237415e+000 -3.070692e+000 9.680461e-001 -1.563936e+000 -1.251285e+000 -3.273982e+000 -2.131997e+000 -6.557892e-001 -1.371631e+000 -7.429896e-001 -1.942178e+000 -1.203623e+000 -9.775955e-001 -1.209833e+000 4.848571e-001 1.023876e+000 -2.669939e-001 -8.528289e-001 -2.000737e-001 3.267501e-001 5.265061e-001 1.729235e-001 4.982688e-001 
1.669907e+000 1.738218e+001 -8.934548e+000 3.945782e+000 3.943149e+000 6.663136e+000 -3.921785e+000 -6.476451e+000 3.960768e-001 -1.697035e+000 -3.938744e+000 -4.241349e+000 1.733143e+000 -4.281299e+000 -2.419431e+000 1.992756e+000 -1.062320e+000 -1.398385e+000 -3.283580e+000 -1.784567e+000 -1.836756e+000 -1.051534e+000 -2.635236e-001 -2.570815e+000 -8.391455e-001 -1.039042e+000 -1.290346e+000 -2.073045e-001 1.616603e+000 3.396155e-001 -1.098053e+000 5.883091e-001 7.242980e-001 1.335810e-001 -5.680570e-001 6.869727e-001 
4.068225e+000 1.635880e+001 -7.960205e+000 3.368525e+000 3.982277e+000 4.908561e+000 -4.746127e+000 -7.055604e+000 -8.798448e-001 -1.848162e+000 -3.998737e+000 -3.579743e+000 4.804468e-001 -3.913329e+000 -2.706749e+000 1.320518e+000 -8.162986e-001 -2.132774e+000 -3.529381e+000 -1.914192e+000 -2.068180e+000 -1.893501e+000 -9.562921e-001 -2.414667e+000 -4.418936e-001 -5.334822e-001 -1.442582e+000 8.490914e-002 5.779321e-001 -2.821084e-001 -5.217339e-001 2.466221e-001 8.857251e-001 2.782414e-001 -1.001576e+000 -4.120818e-002 
3.214798e+000 1.761550e+001 -8.329891e+000 3.619429e+000 2.728554e+000 5.581017e+000 -4.265286e+000 -7.365495e+000 -1.692247e-001 -1.992127e+000 -4.060519e+000 -4.056757e+000 8.896559e-001 -4.420722e+000 -2.676954e+000 2.257017e+000 -1.235666e+000 -2.822693e+000 -3.675463e+000 -1.689961e+000 -1.707743e+000 -1.142052e+000 -1.716422e-001 -2.513630e+000 -8.582963e-001 -3.200215e-001 -1.504988e+000 -3.234415e-001 1.117934e+000 -4.132137e-001 -9.538139e-001 2.325070e-001 9.999219e-001 5.654447e-001 -1.172757e+000 7.431230e-001 
3.323063e+000 1.665916e+001 -8.208559e+000 4.239497e+000 3.455946e+000 6.271177e+000 -3.620212e+000 -7.790147e+000 6.823453e-002 -1.168572e+000 -4.153011e+000 -2.856006e+000 6.916175e-001 -5.277988e+000 -2.697721e+000 2.052201e+000 -9.359684e-001 -1.858725e+000 -3.578068e+000 -2.062183e+000 -1.458449e+000 -1.139464e+000 2.864864e-001 -1.528865e+000 -8.262978e-001 -5.026144e-001 -1.265887e+000 3.885662e-002 9.914000e-001 -4.645656e-001 -5.576830e-001 5.442770e-002 3.378624e-001 5.091856e-001 -7.536345e-001 3.517277e-001 
1.918484e+000 2.043798e+001 -1.032985e+001 5.584586e+000 2.232954e+000 5.583072e+000 -2.336569e+000 -8.408071e+000 1.248759e+000 -2.653973e+000 -3.157433e+000 -3.226201e+000 1.953389e+000 -4.636990e+000 -2.212375e+000 2.471470e+000 -1.282166e+000 -7.694119e-001 -3.960559e+000 -1.094212e+000 -9.432526e-001 -9.280367e-001 2.355030e-002 -2.742226e+000 -4.448981e-001 3.000562e-001 -5.424226e-001 2.700042e-001 1.258204e+000 -4.333231e-001 -1.001714e+000 7.490295e-001 3.305243e-001 3.095030e-001 -6.637118e-001 9.601296e-001 
3.666578e+000 1.967027e+001 -1.026597e+001 5.936935e+000 2.162510e+000 5.258323e+000 -2.594126e+000 -7.707257e+000 1.065870e+000 -1.181265e+000 -3.366544e+000 -2.963034e+000 1.628794e+000 -4.812138e+000 -2.441952e+000 1.753391e+000 -1.790406e+000 -1.245558e+000 -3.736148e+000 -1.271196e+000 -6.571465e-001 -5.063303e-001 -5.228845e-001 -1.966337e+000 -2.578122e-001 1.845295e-001 -8.328839e-001 7.783858e-002 1.288232e+000 -3.615726e-001 -1.248922e+000 2.303484e-001 3.686943e-002 1.909620e-001 6.722271e-002 7.632371e-001 
5.154580e+000 1.792467e+001 -7.817114e+000 3.202074e+000 2.491573e+000 5.171232e+000 -3.240283e+000 -8.125411e+000 -2.657365e-002 6.651851e-001 -5.020261e+000 -3.629983e+000 1.452370e+000 -4.451931e+000 -3.624165e+000 1.577588e+000 -4.458824e-001 -2.469615e+000 -3.570654e+000 -1.030067e+000 -2.164239e-003 -2.000568e+000 -6.117558e-001 -1.445062e+000 -1.157516e+000 5.677364e-001 -9.791774e-001 5.122304e-001 9.379700e-001 -4.490344e-001 -2.402061e-001 -1.060821e+000 6.178368e-002 3.964691e-001 -2.655653e-001 5.866531e-001 
5.686509e+000 1.698544e+001 -7.596807e+000 3.677265e+000 3.953731e+000 5.030118e+000 -2.707252e+000 -7.677573e+000 -2.579374e-001 1.045858e-001 -5.284969e+000 -3.044265e+000 8.520593e-001 -3.767576e+000 -2.549069e+000 1.910676e+000 5.256708e-001 -2.760372e+000 -3.703072e+000 -9.946463e-001 -2.867797e-001 -1.665831e+000 -4.098617e-001 -6.348044e-001 -1.039886e+000 7.647951e-002 -8.364544e-001 2.119258e-001 1.454684e+000 3.621113e-001 -2.055478e-001 -7.490361e-001 -2.944631e-001 -1.021471e-001 -3.191819e-001 -4.224376e-002 
6.530450e+000 1.526292e+001 -7.797810e+000 2.478157e+000 2.587406e+000 3.227168e+000 -3.718280e+000 -7.439198e+000 -5.826468e-001 -2.549472e-001 -4.815524e+000 -2.628457e+000 2.583538e-001 -4.730590e+000 -2.135193e+000 1.837133e+000 -4.594668e-001 -1.811442e+000 -2.395257e+000 -1.062880e+000 -5.463478e-001 -1.399434e+000 -1.011421e+000 -1.254263e+000 -2.692823e-001 7.855170e-001 -6.109216e-001 2.281543e-001 1.732267e+000 -5.358315e-002 -1.003278e+000 -1.793544e-001 1.096447e-001 -3.702313e-001 -2.994296e-001 4.268010e-001 
4.771845e+000 1.765867e+001 -7.773767e+000 4.052159e+000 3.390452e+000 4.858840e+000 -3.801243e+000 -5.843052e+000 -8.153087e-001 -3.019873e-001 -3.029269e+000 -3.129031e+000 9.496601e-001 -4.468686e+000 -2.293945e+000 1.729893e+000 -6.084873e-001 -1.740137e+000 -2.343803e+000 -1.347557e+000 2.459512e-001 -7.410667e-001 -8.288385e-001 -8.739838e-001 -4.283633e-001 1.402659e+000 -6.147260e-001 2.604780e-001 1.926105e+000 -3.462609e-001 -1.049177e+000 -3.494195e-001 5.011340e-001 -6.500723e-001 -7.491614e-001 5.763800e-001 
