1.360225e+001 1.309951e+001 -6.067761e+000 4.496664e+000 -1.655825e+000 2.015120e+000 -2.835197e+000 1.408845e+000 1.747984e-001 -3.497756e+000 -1.168768e+000 6.916711e-001 6.673908e-001 -7.214712e-001 1.143189e+000 2.380310e-001 -1.457216e+000 -1.723337e+000 6.193407e-001 2.850424e-001 -5.432233e-001 -8.041673e-001 3.293390e-001 1.053614e-001 
1.140595e+001 1.453655e+001 -6.705457e+000 5.355950e+000 -2.003608e+000 3.032955e+000 -3.119327e+000 1.222520e+000 6.740453e-001 -3.544641e+000 -1.269999e+000 -4.256941e-002 1.136029e+000 -1.453116e+000 1.216610e+000 -6.792164e-002 -1.531164e+000 -1.340915e+000 5.342887e-001 7.906158e-001 -5.906410e-001 -3.712277e-001 2.668052e-001 1.757045e-001 
1.136391e+001 1.387586e+001 -5.514965e+000 5.623507e+000 -1.361076e+000 2.170765e+000 -3.727074e+000 1.354894e+000 -3.016453e-001 -2.391828e+000 -1.564867e+000 -3.932650e-001 5.016011e-001 -7.949118e-001 1.134632e+000 4.308310e-001 -1.330163e+000 -6.925888e-001 9.446988e-001 5.592939e-001 -2.094302e-001 -9.089010e-001 -1.460083e-001 -2.634532e-001 
1.097439e+001 1.365170e+001 -4.436812e+000 4.843662e+000 -1.058164e+000 1.748077e+000 -2.686975e+000 1.395615e+000 3.242724e-001 -2.576568e+000 -1.621794e+000 2.672418e-001 6.508968e-002 -7.373835e-001 1.296805e+000 4.706627e-001 -1.751742e+000 -1.672989e+000 2.093493e-001 1.956980e-001 1.487490e-002 -6.291117e-001 2.177054e-001 5.112645e-001 
9.879056e+000 1.315000e+001 -5.741421e+000 4.216180e+000 -7.769983e-001 1.693169e+000 -2.482052e+000 1.936543e+000 9.744229e-001 -2.651214e+000 -1.195326e+000 9.611781e-001 1.275957e+000 -6.260922e-001 9.151859e-001 -1.983654e-001 -1.946169e+000 -1.837731e+000 2.462313e-001 2.413081e-001 -2.415543e-001 -4.041929e-001 2.629092e-001 7.867435e-002 
9.216824e+000 1.520228e+001 -6.123251e+000 5.296730e+000 -1.128333e+000 2.315169e+000 -2.416464e+000 4.442306e-001 6.290773e-001 -2.774174e+000 -1.135883e+000 1.432501e-001 5.399750e-001 -1.484897e+000 1.494637e+000 1.030494e-001 -1.172998e+000 -1.508793e+000 5.558286e-001 6.436127e-001 -4.235126e-001 -4.872112e-001 -1.272881e-001 -4.650946e-003 
9.689930e+000 1.478883e+001 -4.939737e+000 3.923826e+000 -1.927210e-001 2.369350e+000 -2.877754e+000 6.247157e-001 6.245149e-001 -3.528634e+000 -1.141287e+000 -1.077441e-001 7.437592e-001 -5.981647e-001 1.122552e+000 4.216721e-001 -1.278820e+000 -1.449664e+000 5.113448e-001 6.027555e-001 -5.907221e-001 -3.087937e-002 -4.013064e-001 1.908729e-001 
1.173868e+001 1.285634e+001 -3.389686e+000 4.451942e+000 -3.563538e-001 1.984140e+000 -1.920939e+000 3.480514e-001 1.956834e+000 -3.343871e+000 -1.348342e+000 3.277770e-001 1.474020e-001 -2.985034e-001 5.405542e-001 1.689652e-001 -1.114410e+000 -8.943855e-001 4.567703e-001 1.915342e-001 -1.411358e+000 -6.846649e-001 -1.647674e-002 6.551586e-002 
1.286230e+001 1.266822e+001 -6.224411e+000 4.788512e+000 -1.841703e+000 2.383094e+000 -2.115361e+000 2.402387e+000 9.412486e-001 -2.993488e+000 -1.316264e+000 4.481594e-001 4.302744e-001 -7.395753e-001 8.122092e-001 -2.066200e-001 -1.399822e+000 -1.731974e+000 7.062589e-001 5.941923e-002 -9.100541e-001 -8.590707e-001 3.741727e-001 3.671059e-001 
1.108196e+001 1.441693e+001 -6.883504e+000 5.244989e+000 -2.392707e+000 2.772700e+000 -3.236997e+000 2.225141e+000 8.342153e-001 -2.931416e+000 -8.367075e-001 -3.419924e-001 1.041180e+000 -1.490526e+000 1.169429e+000 -3.306051e-001 -1.548690e+000 -1.442577e+000 5.534083e-001 5.106487e-001 -3.681324e-001 -3.299473e-001 3.808973e-001 1.103139e-001 
1.236261e+001 1.374774e+001 -4.636035e+000 4.475676e+000 -4.807894e-001 2.263212e+000 -2.716511e+000 1.115918e+000 4.011461e-001 -1.968032e+000 -4.988458e-001 -4.228166e-001 1.018379e-001 -1.123086e+000 7.476397e-001 3.809708e-001 -1.930340e+000 -1.350502e+000 5.834843e-001 4.940337e-001 -1.526052e-001 -4.833885e-001 -2.022526e-001 -3.724858e-001 
1.053435e+001 1.380390e+001 -4.669594e+000 5.192538e+000 -1.175550e+000 1.871443e+000 -3.088978e+000 1.907883e+000 4.405886e-001 -2.559005e+000 -1.397444e+000 6.318995e-001 1.238415e-003 -1.372011e+000 7.359793e-001 4.116305e-001 -1.658860e+000 -1.482768e+000 6.949591e-001 2.963664e-001 9.519416e-002 -6.611663e-001 1.579863e-001 2.657662e-001 
1.102650e+001 1.318854e+001 -4.618532e+000 3.432071e+000 -9.364311e-001 1.210726e+000 -2.846320e+000 1.269794e+000 6.751106e-001 -2.360147e+000 -1.593010e+000 8.066020e-001 6.576434e-001 -6.067568e-001 1.273884e+000 -2.021846e-001 -1.729278e+000 -1.539114e+000 3.857696e-001 4.843013e-001 2.602045e-001 -3.353270e-001 3.730985e-001 1.366123e-001 
8.673118e+000 1.455697e+001 -5.651894e+000 5.845154e+000 -9.291181e-001 2.162385e+000 -3.163992e+000 1.224341e+000 5.133349e-001 -2.321520e+000 -8.910077e-001 9.707530e-001 4.457623e-001 -1.469930e+000 8.090658e-001 -3.209978e-001 -9.314278e-001 -1.995129e+000 1.052243e+000 -2.722721e-001 -6.347795e-003 -1.065838e+000 3.409890e-001 -1.708289e-002 
8.684915e+000 1.396486e+001 -5.234255e+000 5.393662e+000 -2.489327e-001 1.394153e+000 -3.002358e+000 -2.299675e-001 9.237227e-001 -3.966418e+000 -3.425445e-001 1.931090e-001 6.302113e-001 -5.066377e-001 5.953144e-001 6.136308e-001 -1.439341e+000 -5.576012e-001 4.942721e-001 4.645071e-001 -7.581488e-001 -3.833850e-001 -8.416047e-002 2.815112e-001 
