9.853868e+000 1.519438e+001 -9.309282e+000 2.269941e-001 -1.492958e+000 2.405693e+000 -4.903269e+000 -2.551170e+000 -2.920019e+000 -3.057575e+000 -2.691696e+000 -7.951242e-001 4.670341e-002 -1.492689e+000 -2.594183e+000 -4.856523e-001 -1.593184e+000 -1.276555e+000 5.093279e-001 -1.286732e+000 1.207439e+000 1.489976e-001 2.932675e+000 1.310894e+000 2.370576e+000 2.745690e+000 9.377794e-001 1.643140e+000 -2.344973e-001 7.911162e-001 -5.099842e-001 -1.204085e-001 4.404495e-002 -3.312649e-001 -4.263535e-001 7.051042e-001 
1.033446e+001 1.502361e+001 -7.663396e+000 1.002316e+000 -1.866912e+000 2.644043e+000 -5.931393e+000 -2.836458e+000 -5.194061e+000 -2.582932e+000 -2.764886e+000 5.206797e-004 1.025779e-001 -1.610239e+000 -3.019886e+000 -2.163221e+000 -1.005986e+000 -1.756382e+000 1.480306e-001 -1.398398e+000 5.661643e-001 -2.242670e-001 1.416546e+000 1.312819e+000 1.882097e+000 1.695455e+000 9.093678e-001 1.271075e+000 -2.118845e-001 6.800498e-002 -6.673172e-001 -1.085904e+000 -1.679044e-002 -3.904514e-001 3.525196e-001 9.324457e-001 
1.089541e+001 1.525915e+001 -7.757633e+000 1.419222e-001 -2.101099e+000 1.885041e+000 -5.712717e+000 -2.735910e+000 -4.709482e+000 -2.424524e+000 -2.545735e+000 -1.878777e-001 -7.942817e-001 -1.132383e+000 -2.866762e+000 -2.562804e+000 -5.734421e-001 -1.766019e+000 -8.856968e-001 -9.644774e-001 2.113306e-001 -3.313780e-001 1.915436e+000 1.592229e+000 2.036867e+000 1.283684e+000 1.287472e+000 9.686971e-001 -2.922112e-001 1.147933e-001 -4.640914e-001 -5.924959e-001 -5.678841e-001 -3.666815e-001 -1.742096e-001 6.530810e-001 
1.049418e+001 1.612390e+001 -7.653024e+000 1.305441e-001 -1.396244e+000 2.762405e+000 -5.377423e+000 -1.615796e+000 -3.678847e+000 -1.791624e+000 -2.737043e+000 -1.049459e+000 -7.998842e-001 -7.363432e-001 -3.103591e+000 -1.022677e+000 -1.014141e+000 -1.582924e+000 1.657972e-002 -1.523706e+000 9.215350e-001 2.023684e-002 1.764845e+000 1.049729e+000 1.804080e+000 1.230137e+000 1.296638e+000 6.451799e-001 -1.173262e-001 5.104724e-002 -2.242183e-002 -1.651136e-001 -5.110181e-001 -5.380637e-001 -5.482079e-001 5.772351e-001 
8.172603e+000 1.350640e+001 -9.321140e+000 -2.685132e-001 -1.737901e+000 3.516196e+000 -4.940291e+000 -2.183953e+000 -4.208869e+000 -1.906507e+000 -3.892544e+000 -1.254902e+000 -9.394376e-001 -2.374729e+000 -4.820291e+000 -2.288618e+000 -4.702054e-001 -6.364649e-001 -7.042750e-002 -2.162083e+000 3.254831e-001 -3.544195e-001 2.127871e+000 8.915736e-001 1.524119e+000 6.510647e-001 8.744946e-001 8.288282e-001 -4.976790e-001 5.712992e-001 -9.113040e-003 -8.527464e-001 -6.216351e-001 -8.069062e-001 -1.818588e-001 7.488394e-001 
8.730833e+000 1.362468e+001 -8.430025e+000 2.839665e-001 -1.597460e+000 3.332041e+000 -4.295728e+000 -2.353059e+000 -3.717753e+000 -3.029100e+000 -3.021844e+000 -1.217726e+000 5.322540e-001 -9.581733e-001 -3.321342e+000 -1.384759e+000 -1.162140e+000 -1.437228e+000 -9.700545e-001 -2.234672e+000 6.649349e-001 -9.290471e-002 2.694663e+000 1.502357e+000 1.808561e+000 1.198523e+000 2.818432e-001 1.061597e+000 -8.875575e-001 5.378875e-001 -5.966889e-003 -2.658196e-001 -7.472509e-001 -7.061788e-001 -2.281760e-001 2.680653e-001 
8.860816e+000 1.473263e+001 -9.433498e+000 -3.998869e-002 -3.057304e+000 2.430353e+000 -6.240556e+000 -2.704224e+000 -4.415886e+000 -2.396150e+000 -2.973445e+000 -5.847433e-002 2.012356e-001 -1.003828e+000 -3.104608e+000 -1.747434e+000 -1.037462e+000 -2.584902e+000 -5.892111e-001 -2.948678e+000 -4.366777e-001 -7.588643e-002 2.054455e+000 1.409939e+000 2.193481e+000 9.225944e-001 8.131076e-001 5.631918e-001 -5.196166e-001 4.427640e-002 -2.078182e-001 -7.642721e-001 -8.906542e-001 -3.384501e-001 -7.296604e-001 8.689626e-001 
1.693158e+001 1.178184e+001 -2.537165e+000 -7.812713e-001 1.634256e+000 9.299461e-001 -1.878739e+000 -2.507297e+000 -8.472849e-001 -8.003984e-001 -3.598493e-001 7.052727e-001 1.130970e+000 -9.605232e-002 -1.741783e+000 -6.219987e-001 -2.364037e-001 -5.592797e-001 -1.265843e-001 -9.413719e-001 -5.243503e-001 1.003876e-001 7.355079e-001 1.140886e+000 5.120301e-001 2.880413e-001 2.932472e-001 2.448538e-001 -4.474168e-002 -3.252687e-001 -3.016677e-001 -7.018651e-001 -7.792125e-001 -3.082687e-001 -1.251620e-001 5.066989e-001 
9.487094e+000 1.455617e+001 -8.487071e+000 2.705174e-001 -1.054567e+000 2.111796e+000 -3.297069e+000 -1.998252e+000 -2.726520e+000 -3.543409e+000 -2.405147e+000 -1.037817e+000 -9.153475e-002 -2.087742e+000 -2.867325e+000 -9.423191e-001 -1.151848e+000 -5.367783e-001 3.325700e-001 -1.225371e+000 4.667678e-001 2.006194e-001 2.230330e+000 8.817246e-001 1.266041e+000 2.064644e+000 6.031610e-001 8.789707e-001 -1.460756e-001 8.268026e-001 -3.185345e-001 -4.564804e-001 -1.014146e-001 -5.485909e-001 -2.428201e-001 4.694779e-001 
9.905780e+000 1.411087e+001 -8.820886e+000 -2.765110e-001 -2.147465e+000 2.704024e+000 -5.510696e+000 -2.433086e+000 -4.134773e+000 -2.628068e+000 -3.371443e+000 -7.701688e-001 -8.589777e-001 -2.560469e+000 -3.527540e+000 -1.737355e+000 -1.251134e+000 -1.298478e+000 1.939668e-001 -1.847170e+000 3.859484e-001 -6.678673e-001 1.391655e+000 1.115730e+000 1.428712e+000 1.246262e+000 2.957246e-001 1.023694e+000 -2.128772e-001 1.713515e-001 -5.391815e-001 -6.977187e-001 -1.427022e-001 -9.442784e-001 1.171671e-002 6.450933e-001 
9.359387e+000 1.504656e+001 -8.987250e+000 5.666145e-001 -2.003065e+000 2.817825e+000 -5.892146e+000 -1.682649e+000 -4.455537e+000 -2.338788e+000 -3.184028e+000 -3.059911e-001 -5.914437e-001 -1.292062e+000 -3.223394e+000 -2.166051e+000 -1.014053e+000 -2.156735e+000 -8.833420e-001 -1.084047e+000 4.888006e-001 -4.786594e-001 1.568224e+000 1.316193e+000 2.012709e+000 8.935066e-001 1.358968e+000 1.043374e+000 -3.787961e-001 -1.429795e-001 -2.702233e-001 -9.398303e-001 -2.526669e-001 -9.722261e-001 -3.819001e-001 5.455658e-001 
9.726479e+000 1.557145e+001 -8.328392e+000 -2.442941e-001 -2.176535e+000 1.787076e+000 -6.380747e+000 -2.174409e+000 -3.936257e+000 -2.157997e+000 -2.662683e+000 -4.316790e-001 -4.247736e-001 -1.672209e+000 -3.592187e+000 -1.585202e+000 -1.044297e+000 -1.859660e+000 -3.220281e-001 -2.188715e+000 5.335026e-001 -4.101745e-001 1.449362e+000 1.405445e+000 1.754990e+000 1.247517e+000 1.070258e+000 9.834193e-001 -4.083892e-001 -6.657417e-002 -3.178164e-001 -8.746193e-001 -4.443990e-001 -7.681863e-001 -4.660553e-001 9.874088e-001 
1.018876e+001 1.420356e+001 -7.468726e+000 -1.410350e+000 -1.113344e+000 1.690382e+000 -5.271740e+000 -2.719357e+000 -3.899404e+000 -2.540870e+000 -3.003415e+000 -4.095749e-001 6.023777e-002 -1.175116e+000 -3.830881e+000 -1.883103e+000 -7.877908e-001 -1.247380e+000 -6.004069e-001 -2.098671e+000 3.444696e-001 -2.644718e-001 1.982148e+000 1.359388e+000 1.912511e+000 1.472924e+000 1.011484e+000 8.722996e-001 -5.867640e-001 3.857138e-001 -5.250140e-001 -5.092063e-001 -5.928020e-001 -6.244392e-001 -2.470471e-001 8.368256e-001 
7.227827e+000 1.325143e+001 -9.230150e+000 1.743714e+000 -1.832348e+000 4.221493e+000 -4.618169e+000 -1.631350e+000 -4.444448e+000 -2.956347e+000 -3.834196e+000 -1.377272e+000 2.844449e-002 -1.429156e+000 -3.606194e+000 -1.203510e+000 -6.445701e-001 -1.212081e+000 -6.184222e-001 -2.550534e+000 7.698234e-001 -6.178649e-001 2.259435e+000 1.070589e+000 1.724870e+000 9.403534e-001 4.747187e-001 1.223879e+000 -9.408448e-001 5.204467e-001 5.954632e-002 -6.384044e-001 -6.494740e-001 -7.651046e-001 -2.681763e-002 4.055492e-001 
8.935709e+000 1.287483e+001 -9.391454e+000 -7.484608e-001 -2.133354e+000 1.555571e+000 -4.802901e+000 -2.857295e+000 -4.115793e+000 -2.965727e+000 -2.679736e+000 -6.545443e-001 1.115817e-001 -1.851213e+000 -3.665280e+000 -2.108981e+000 -9.674512e-001 -1.644424e+000 -2.620614e-001 -1.909542e+000 -1.484417e-001 1.704615e-001 1.838747e+000 1.464721e+000 2.177039e+000 1.433830e+000 9.929762e-001 1.336644e+000 -5.279308e-001 5.907120e-001 -3.011391e-001 -7.387908e-001 -7.923350e-001 -3.189228e-001 -4.939248e-001 8.860942e-001 
