-4.692368e+000 1.622859e+001 -7.244054e+000 -6.066262e-001 1.105629e+000 1.449077e+000 -7.156652e-001 -1.371325e+000 7.984333e-001 -3.606883e+000 -5.883716e-001 1.175850e+000 2.203491e+000 -1.269276e+000 -5.147535e-001 -1.240503e+000 -1.757934e+000 -5.102114e-001 2.155860e-001 6.779729e-001 -1.590561e+000 -2.563586e-001 -2.083865e-001 5.112705e-002 
-5.226920e+000 1.456366e+001 -7.256121e+000 -9.854541e-001 4.260811e-002 1.139987e+000 -1.403294e+000 -8.570597e-001 1.526795e+000 -3.270455e+000 -6.275291e-001 6.751202e-001 1.158033e+000 -1.470222e+000 -3.191417e-001 -7.088485e-001 -1.197628e+000 -8.286354e-001 -5.547509e-002 8.018619e-002 -1.256016e+000 -2.831258e-001 -6.330798e-002 1.395867e-001 
-2.766640e+000 1.348291e+001 -4.494375e+000 -1.030091e+000 -1.920782e-001 1.919874e+000 -2.191147e+000 -6.013010e-001 -9.041721e-001 -1.607658e+000 -1.860512e+000 3.457730e-001 9.130164e-001 -4.580908e-001 2.545241e-001 -3.205062e-001 -9.976805e-001 -1.460128e+000 4.229443e-001 -9.514617e-002 -7.129400e-001 -6.009298e-001 -1.567363e-002 1.893696e-002 
2.446223e+000 7.830635e+000 -4.167003e+000 2.107101e+000 -1.153578e+000 2.294920e+000 -1.738842e+000 1.694437e+000 -2.702160e+000 -1.672132e+000 -2.544716e+000 -1.412328e-001 2.834741e-001 5.123330e-001 -2.720522e-001 2.952867e-001 -4.917704e-001 -4.720971e-001 -5.372505e-001 -4.800394e-001 -2.968010e-001 -7.897582e-001 -5.827912e-001 6.495310e-002 
8.163765e+000 4.435659e+000 -4.349737e+000 3.502473e+000 -2.789160e+000 1.752217e+000 -3.167224e+000 1.063021e+000 -3.441968e+000 -4.325308e-001 -1.897635e+000 1.098961e+000 -2.084181e-001 5.577449e-001 -9.072564e-001 3.597898e-001 -7.141532e-001 6.590009e-001 -4.016769e-001 2.003997e-001 -6.771768e-001 -5.805054e-001 -8.096853e-001 4.224187e-001 
9.013369e+000 4.892433e+000 -4.434119e+000 4.467099e+000 -2.741880e+000 1.467224e+000 -2.957086e+000 1.540456e+000 -3.163127e+000 -5.696134e-001 -1.290676e+000 1.008859e+000 -7.865355e-001 5.565331e-001 -1.731176e+000 -4.739864e-001 -1.615701e+000 -3.671163e-002 -2.046015e-001 1.440485e-001 -5.148537e-001 -2.756945e-001 -2.974410e-001 6.865709e-001 
8.017400e+000 7.465434e+000 -5.942239e+000 3.165507e+000 9.932571e-002 2.957089e+000 -2.854415e+000 -4.415819e-001 -3.456530e+000 -1.507305e+000 -1.190258e+000 9.697504e-001 -1.881428e+000 -3.388472e-001 -2.214230e+000 -4.970751e-001 -1.432734e+000 -6.189620e-001 -3.261115e-001 8.621592e-001 -1.541034e-002 -7.960818e-001 -6.304577e-002 7.400207e-001 
9.851101e+000 1.082845e+001 -6.808064e+000 2.817676e+000 6.893453e-001 4.788252e+000 -2.637287e+000 -1.655230e+000 -2.246072e+000 -1.776819e+000 -2.126712e+000 6.950357e-002 -1.302984e+000 -4.621219e-001 -2.042951e+000 -1.285388e+000 -5.941836e-001 -1.232868e+000 -8.100969e-001 1.026013e+000 -1.856803e-001 -5.795236e-001 1.621686e-001 5.417228e-001 
1.156053e+001 9.977618e+000 -8.179290e+000 2.441840e+000 1.589668e+000 4.222505e+000 -3.096569e+000 -2.352380e+000 -3.305687e+000 -3.977071e-001 -3.096536e+000 -5.825327e-001 -3.818926e-001 -1.369439e+000 -2.444872e+000 -1.217725e+000 -4.543831e-001 -1.646500e+000 -7.046387e-001 8.056066e-001 1.359898e-001 -5.662336e-001 -7.754553e-001 9.997311e-001 
1.258919e+001 1.048496e+001 -7.909087e+000 3.409336e+000 1.704532e+000 5.040988e+000 -3.943255e+000 -1.244204e+000 -3.006412e+000 2.782808e-001 -2.444957e+000 -8.072554e-001 -4.317979e-001 -1.750716e+000 -1.759499e+000 -5.628651e-001 1.346703e-002 -8.743672e-001 -8.479507e-001 5.152527e-001 -3.618940e-001 -7.162112e-001 -5.066069e-001 6.434236e-001 
1.166463e+001 1.020770e+001 -9.347182e+000 4.876546e+000 1.131435e+000 6.118281e+000 -4.542081e+000 -1.425633e+000 -2.787671e+000 -1.137323e+000 -1.255685e+000 -2.287153e+000 -4.964435e-002 -2.253088e+000 -5.300911e-001 -4.640919e-001 1.323275e-001 -5.924576e-001 -1.218419e+000 1.533945e-001 -5.527378e-001 -5.457818e-001 -3.854765e-001 4.902932e-001 
1.318873e+001 8.989949e+000 -8.532293e+000 3.985604e+000 1.039308e+000 5.535818e+000 -3.654961e+000 -1.643589e+000 -2.139097e+000 -1.927416e+000 -1.974665e-001 -3.278416e+000 3.181278e-001 -2.835222e+000 -8.460945e-001 -9.304409e-001 -1.738690e-001 -1.589900e-001 -1.592411e+000 7.832069e-001 -1.071723e+000 2.296678e-001 -4.765590e-001 7.519520e-001 
1.194135e+001 1.048628e+001 -1.033332e+001 4.841138e+000 6.224144e-001 5.916172e+000 -3.675724e+000 -1.815832e+000 -1.595119e+000 -2.512472e+000 -5.430993e-001 -2.987036e+000 -1.456784e-001 -2.323391e+000 -9.546053e-001 -6.253937e-001 -4.028261e-001 -4.084242e-001 -1.698203e+000 1.504167e+000 -1.554767e+000 4.678379e-001 -3.398641e-001 4.856677e-001 
1.408277e+001 8.491101e+000 -8.354661e+000 2.589852e+000 8.845914e-001 5.295711e+000 -4.127488e+000 -1.518534e+000 -2.106243e+000 -2.342787e+000 -2.015609e+000 -1.929713e+000 -9.550249e-001 -1.417940e+000 -1.581493e+000 1.457690e-002 -1.114336e+000 -2.291982e-001 -1.724788e+000 1.142693e+000 -1.211164e+000 -2.750673e-002 -4.422631e-001 2.579025e-001 
1.473330e+001 9.692144e+000 -8.059999e+000 3.407219e+000 7.816978e-001 5.389584e+000 -3.278158e+000 -2.286203e+000 -1.789131e+000 -1.682056e+000 -1.726584e+000 -1.215295e+000 -7.559557e-001 -1.047425e+000 -1.633498e+000 1.209239e-001 -1.024296e+000 -4.360614e-001 -1.540353e+000 9.943696e-001 -1.057659e+000 2.630692e-001 -5.056579e-001 3.442939e-001 
1.266175e+001 1.118836e+001 -1.070574e+001 3.529837e+000 -7.745042e-001 4.596842e+000 -3.788537e+000 -2.932013e+000 -1.678904e+000 -3.093831e+000 -6.669162e-001 -2.934578e+000 -4.470724e-001 -2.278743e+000 -8.911586e-001 -1.297111e+000 -1.232194e-001 -5.506734e-001 -1.593811e+000 6.319406e-001 -1.260611e+000 -3.437164e-001 -8.257113e-001 3.296622e-001 
1.472211e+001 9.913932e+000 -8.347661e+000 3.159772e+000 9.121355e-001 4.983074e+000 -3.376326e+000 -1.721786e+000 -2.141393e+000 -1.113680e+000 -1.091476e+000 -1.334962e+000 -1.171393e+000 -1.051280e+000 -1.741171e+000 -4.618217e-001 -1.283077e-001 -2.759038e-001 -1.475322e+000 4.515837e-001 -7.570961e-001 -5.202635e-001 -5.911719e-002 4.590665e-001 
1.419932e+001 8.505232e+000 -8.278700e+000 2.180000e+000 2.085091e+000 4.017279e+000 -3.561787e+000 -2.450154e+000 -3.472408e+000 -7.529935e-001 -1.431717e+000 -1.271362e+000 -1.196149e+000 -9.201990e-001 -2.320052e+000 -2.145210e-001 -4.591022e-001 -1.200128e-001 -1.476414e+000 -1.942742e-002 -6.219272e-001 -8.853145e-001 2.504345e-001 1.915272e-001 
1.492156e+001 8.710727e+000 -6.286625e+000 2.309718e+000 2.551603e+000 4.674821e+000 -2.761506e+000 -2.286439e+000 -1.467116e+000 -7.599669e-001 -3.963528e-001 -1.171205e+000 4.939701e-001 -8.430853e-001 -4.166481e-001 1.071411e-001 3.535285e-001 2.730907e-001 -1.372893e+000 1.016489e-001 -4.386324e-001 -1.090523e+000 -3.026778e-002 2.920953e-001 
-2.851433e+000 1.452847e+001 -4.664198e+000 8.922590e-002 1.585623e+000 1.326402e+000 -2.292553e+000 -2.034381e+000 -7.323360e-001 -3.066404e+000 -1.730867e+000 9.967557e-002 5.959910e-001 -8.621449e-001 9.577097e-001 1.233845e+000 -6.040681e-001 -8.211830e-001 4.219709e-003 6.525937e-001 -9.460990e-001 -5.502285e-001 -1.609121e-001 -4.732076e-001 
-5.444478e+000 1.486800e+001 -7.363984e+000 -6.638601e-001 7.585160e-001 5.260748e-001 -2.681018e+000 -1.994383e+000 2.561447e-001 -3.687021e+000 -1.502983e+000 -3.653142e-002 1.023056e+000 -1.457181e+000 6.311380e-001 6.326212e-001 -3.660605e-001 -2.769013e-001 1.953642e-001 5.535492e-002 -1.270534e+000 -3.158694e-001 -3.114777e-001 -4.255249e-001 
-3.391092e+000 1.207771e+001 -6.648540e+000 -2.115400e+000 -1.080681e-001 9.802122e-001 -3.096232e+000 -4.796880e-001 -6.492751e-001 -1.884681e+000 -1.581389e+000 9.421358e-001 1.981949e-001 -8.269921e-001 -2.059730e-001 -4.122397e-001 -4.284647e-001 -7.404176e-001 9.801777e-001 4.849523e-002 -8.574749e-001 -9.454951e-001 -1.075340e-001 -1.935583e-001 
1.790414e+000 8.718806e+000 -5.240151e+000 -3.763522e-001 -1.169885e+000 1.203494e+000 -2.903618e+000 3.135168e-001 -3.259855e+000 -1.736970e+000 -1.770147e+000 8.867560e-001 1.728838e-001 -3.988506e-001 -9.032575e-001 2.350149e-001 -1.615432e-001 1.550157e-001 5.102738e-001 -1.790167e-003 -4.644421e-001 -1.063113e+000 -4.011858e-001 1.631500e-001 
8.277629e+000 4.408322e+000 -4.960324e+000 2.745806e+000 -2.807144e+000 2.393565e+000 -2.955515e+000 8.473640e-001 -4.630541e+000 -8.782235e-001 -2.212454e+000 4.221533e-001 -7.554168e-001 5.706719e-001 -4.883519e-001 1.031942e+000 1.175723e-001 1.549740e+000 3.274513e-001 -1.592201e-002 -8.424383e-001 -8.719614e-001 -1.252875e+000 -2.383446e-002 
8.851112e+000 4.853909e+000 -4.463189e+000 4.253596e+000 -2.440072e+000 2.473678e+000 -2.493912e+000 8.729380e-001 -4.450952e+000 -1.788110e+000 -1.966619e+000 5.451091e-001 -8.856508e-001 9.720795e-001 -9.509714e-001 4.816488e-001 -9.357970e-001 6.485354e-001 6.849227e-003 -1.874828e-001 -1.205351e+000 -9.510530e-001 -1.082113e+000 3.137522e-001 
7.727275e+000 6.589441e+000 -5.856107e+000 3.147802e+000 -3.516402e-001 2.627936e+000 -2.366452e+000 -4.054250e-002 -4.100246e+000 -2.499945e+000 -2.090137e+000 1.114303e-001 -1.805211e+000 -3.300790e-001 -1.706920e+000 -1.928055e-001 -8.446193e-001 -5.595357e-001 -3.925725e-001 2.663422e-001 -6.367560e-001 -1.297668e+000 -5.415858e-001 2.810402e-001 
8.420972e+000 9.127636e+000 -6.074830e+000 3.587526e+000 1.643663e+000 4.793069e+000 -2.626939e+000 -1.718680e+000 -2.088007e+000 -1.368626e+000 -1.977487e+000 1.125557e-001 -2.247567e+000 -1.116904e+000 -2.212549e+000 -8.148670e-001 -1.573520e-001 -8.468744e-001 -6.565276e-001 7.538756e-001 -2.677812e-001 -4.724659e-001 3.072825e-001 6.648768e-001 
1.108695e+001 8.620623e+000 -6.559053e+000 2.478796e+000 2.668984e+000 4.681175e+000 -3.090411e+000 -2.246332e+000 -2.581231e+000 3.035645e-002 -2.641407e+000 -7.075647e-001 -1.328332e+000 -1.615003e+000 -2.599871e+000 -6.346759e-001 2.664786e-001 -1.081190e+000 -9.890889e-001 2.963920e-001 -1.236914e-001 -5.005340e-001 1.401848e-001 1.324043e+000 
1.160083e+001 9.534755e+000 -8.669152e+000 3.386608e+000 1.601157e+000 5.050170e+000 -3.928365e+000 -1.659134e+000 -3.093899e+000 -3.405515e-003 -2.800217e+000 -1.187396e+000 -1.118927e+000 -1.976820e+000 -1.876605e+000 -4.172385e-001 2.564337e-001 -9.473033e-001 -1.220650e+000 1.987323e-001 -5.018819e-001 -5.850334e-001 -2.873714e-001 1.011300e+000 
1.246933e+001 1.003494e+001 -8.893642e+000 3.685133e+000 7.951294e-001 5.146202e+000 -4.374362e+000 -1.766430e+000 -2.767344e+000 -7.888513e-001 -1.776561e+000 -2.322773e+000 -2.841013e-001 -2.278628e+000 -8.813416e-001 -5.326021e-001 7.369920e-002 -8.093870e-001 -1.198142e+000 5.525682e-002 -4.132932e-001 -8.773666e-001 -5.284483e-001 3.303634e-001 
1.214917e+001 1.145783e+001 -1.033631e+001 5.386459e+000 -8.115423e-002 6.379017e+000 -4.302270e+000 -1.067125e+000 -1.843397e+000 -2.428040e+000 2.950729e-001 -3.750155e+000 1.345216e+000 -3.410627e+000 7.045265e-002 -1.058909e+000 -1.441862e-001 -1.231403e-001 -1.752756e+000 8.882742e-001 -1.221496e+000 3.944897e-001 -5.365218e-001 7.600649e-001 
1.234546e+001 9.956992e+000 -9.285237e+000 4.748202e+000 1.073841e+000 5.777196e+000 -4.144566e+000 -2.439840e+000 -1.214529e+000 -2.233071e+000 1.687737e-001 -2.422119e+000 6.342013e-002 -2.832665e+000 -1.160563e+000 -6.464347e-001 -8.840025e-002 -4.536450e-001 -1.269350e+000 1.173880e+000 -1.566121e+000 3.812706e-001 8.495600e-002 4.087432e-001 
1.353375e+001 8.388888e+000 -8.368208e+000 3.937385e+000 1.176318e+000 5.606303e+000 -4.599749e+000 -1.686469e+000 -2.028896e+000 -1.286243e+000 -1.552035e+000 -1.668653e+000 -1.471364e+000 -1.693129e+000 -1.871426e+000 4.805158e-001 -6.096808e-001 -4.356924e-002 -2.102001e+000 1.006605e+000 -1.461368e+000 4.594884e-001 2.546149e-001 8.407318e-001 
1.441376e+001 8.741542e+000 -7.997487e+000 2.810678e+000 1.109372e+000 4.763154e+000 -4.328003e+000 -2.587203e+000 -1.814476e+000 -1.770094e+000 -1.079432e+000 -1.260764e+000 -1.182469e+000 -1.917964e+000 -2.019053e+000 -2.335252e-001 -7.913356e-001 -2.760421e-001 -1.606337e+000 8.404975e-001 -1.176339e+000 1.479124e-001 -2.627245e-001 5.306351e-001 
1.373133e+001 9.323719e+000 -9.146813e+000 3.221062e+000 8.983856e-001 4.009013e+000 -3.521098e+000 -2.988201e+000 -1.827175e+000 -2.081774e+000 -4.381794e-001 -2.369280e+000 -4.210444e-001 -2.417940e+000 -1.431046e+000 -1.064928e+000 -2.864866e-001 -4.904354e-001 -1.639629e+000 4.834945e-001 -8.597498e-001 -1.113104e-001 -1.118994e-001 5.389976e-001 
1.428153e+001 1.036457e+001 -9.218116e+000 3.648922e+000 1.229618e-001 5.223034e+000 -3.785240e+000 -1.660940e+000 -2.021718e+000 -8.690314e-001 -1.225258e+000 -1.490511e+000 -1.194882e+000 -1.226640e+000 -1.679392e+000 -5.664903e-002 -8.622822e-002 -3.105063e-001 -1.690020e+000 5.072461e-001 -1.018933e+000 -4.083505e-001 1.546172e-001 6.087504e-001 
1.510811e+001 8.355475e+000 -7.741736e+000 2.339604e+000 2.010447e+000 4.451098e+000 -3.015263e+000 -1.958952e+000 -2.894672e+000 -7.677002e-001 -1.621164e+000 -9.294162e-001 -1.291837e+000 -6.549846e-001 -2.216517e+000 -1.371195e-001 -2.547237e-001 -3.624628e-001 -1.369805e+000 1.014637e-002 -3.738751e-001 -8.830170e-001 3.174546e-001 2.847397e-001 
