3.057782e+000 1.267679e+001 -4.240469e+000 8.605158e+000 3.539024e+000 3.872884e+000 -1.888932e+000 -3.238720e+000 7.103436e-001 3.114743e-001 2.587370e-001 -1.350225e+000 1.529065e-001 -1.230943e+000 -3.285790e-001 -9.954980e-002 1.273561e-001 -2.890247e-001 -1.222494e+000 -2.212683e-001 -1.027806e+000 -3.858292e-001 -6.891277e-001 -6.973643e-001 
2.972302e+000 1.021355e+001 -7.489143e+000 9.643650e+000 3.768436e+000 5.001675e+000 -3.646173e-001 -2.693212e+000 1.588996e+000 -1.763210e-001 2.408620e-001 -1.396412e+000 7.881338e-001 -1.344698e+000 -1.659789e-001 -2.022733e-001 -3.250136e-001 -4.785043e-001 -1.489804e+000 2.706022e-001 -2.770445e-001 2.341401e-001 -9.846755e-001 -3.144924e-001 
3.121612e+000 8.746801e+000 -7.536560e+000 8.725059e+000 2.151775e+000 4.189961e+000 1.406803e-001 -1.266905e+000 2.161531e+000 7.078864e-001 4.395938e-001 -1.736506e+000 2.864709e-001 -6.839894e-001 -3.383821e-001 -7.876585e-002 3.342785e-001 -2.435468e-001 -1.252226e+000 -1.027690e-001 -8.163341e-001 -5.869480e-001 -5.811978e-001 -5.056310e-002 
2.353958e+000 8.170286e+000 -1.105307e+001 7.533261e+000 -4.070552e-002 4.493021e+000 6.103178e-001 -1.009356e+000 3.038341e+000 8.921705e-001 1.056711e+000 -2.495644e+000 8.116377e-001 -1.013476e+000 3.931555e-001 -5.925533e-001 2.409856e-001 -8.597696e-002 -1.820454e+000 6.341613e-001 -5.843756e-001 -8.975925e-002 -5.365628e-001 1.409006e-001 
1.389285e+000 7.205886e+000 -1.178229e+001 8.300714e+000 -8.225129e-003 5.106622e+000 1.111534e+000 -1.239680e+000 3.243446e+000 8.199508e-001 1.510502e+000 -3.139669e+000 1.128587e+000 -1.298983e+000 -3.624044e-001 -9.686541e-001 -2.876133e-001 -1.033036e-001 -1.684567e+000 7.279913e-001 -1.382339e+000 7.071009e-001 -5.517246e-001 2.292079e-001 
1.893276e+000 4.408315e+000 -1.100613e+001 8.049830e+000 7.323466e-003 5.084299e+000 1.034162e+000 -1.347427e+000 9.089709e-001 2.591979e-001 1.227425e+000 -1.385116e+000 5.231081e-001 -1.095300e+000 7.154223e-001 2.739445e-002 -1.232701e-001 -2.168938e-001 -1.595632e+000 -9.497523e-002 -1.322686e+000 -1.552104e-001 -6.584865e-001 1.071136e-001 
2.821164e+000 4.249400e+000 -1.277053e+001 7.077815e+000 -1.403517e+000 4.489069e+000 5.744611e-001 -1.712725e+000 1.171782e+000 4.170900e-001 8.331105e-001 -2.403616e+000 2.911890e-001 -1.868092e+000 5.485850e-001 -5.405331e-001 -9.225506e-002 6.543354e-002 -1.652947e+000 2.818162e-001 -7.199084e-001 8.164105e-001 -5.980042e-001 9.545779e-002 
3.012945e+000 7.026433e+000 -1.110325e+001 8.023070e+000 -1.194678e+000 5.292490e+000 2.196704e+000 -1.402301e+000 6.683919e-001 -1.501404e-001 1.592344e+000 -1.484198e+000 2.424263e-001 -2.437186e+000 -3.025158e-002 -5.342937e-001 2.759073e-001 5.613183e-001 -1.041824e+000 2.712757e-001 -9.761917e-001 5.630555e-001 -6.999608e-001 4.998341e-001 
3.071908e+000 8.412136e+000 -7.929266e+000 8.484306e+000 1.934880e-001 4.886993e+000 2.133214e+000 -1.944999e+000 -4.922606e-001 -1.186226e-001 1.885973e-001 -1.097540e+000 4.650796e-001 -1.858205e+000 -1.055820e-001 -1.518169e-001 9.322188e-001 5.570932e-001 -5.838009e-001 -3.607137e-002 -9.175917e-001 1.031461e-002 -3.663644e-001 9.213415e-002 
3.512628e-001 1.249952e+001 -5.725573e+000 6.617405e+000 6.862673e-002 4.168689e+000 1.656745e+000 -2.078750e+000 2.053224e-001 -5.176058e-001 2.103139e-001 -6.769045e-001 4.032807e-001 -1.664768e+000 -1.331176e-001 -4.934925e-001 4.684920e-001 9.203048e-002 -7.438446e-001 8.943551e-002 -2.972355e-001 -3.198160e-001 -4.676107e-001 2.543684e-001 
-3.405395e+000 1.593005e+001 -1.583695e+000 3.532660e+000 -2.786852e-001 2.883082e+000 2.418549e+000 -2.108151e+000 4.361428e-001 -4.688117e-001 -9.257148e-001 -1.503463e+000 -2.303543e-001 -5.225190e-001 3.639542e-001 2.927952e-001 -6.431384e-001 -6.760334e-001 -2.118356e-001 1.870853e-001 -5.240244e-001 -5.054986e-001 -5.499174e-001 -2.150686e-001 
-3.388444e+000 1.868084e+001 1.260733e+000 1.920359e+000 5.526124e-001 -8.188417e-002 -9.760231e-003 -2.012701e+000 4.814847e-001 7.169275e-001 -1.997685e+000 -2.299201e+000 -5.824672e-001 -3.621209e-001 8.593733e-001 6.567038e-001 -1.818011e-001 -2.934893e-001 -4.344613e-001 -4.783306e-001 -2.387176e-001 -5.872356e-001 -9.996694e-001 -6.457770e-001 
-1.269538e+000 1.948861e+001 1.905887e+000 2.287352e+000 1.224953e+000 -8.954317e-001 -1.680394e+000 -2.807805e+000 1.209617e-002 1.368759e+000 -1.336611e+000 -2.730663e+000 -7.053662e-001 -4.537972e-001 7.018478e-002 9.382991e-001 8.272047e-001 2.677257e-001 -5.841928e-001 -1.195881e+000 -8.136162e-001 -2.549813e-001 -5.131040e-001 -7.855653e-001 
1.836260e+000 1.769215e+001 3.283568e+000 1.763337e+000 1.466890e+000 -5.852622e-001 -2.768532e+000 -3.051563e+000 2.425736e-001 1.680604e+000 -8.656735e-001 -2.025881e+000 -6.426184e-001 -6.875347e-001 -6.318574e-001 4.742148e-001 8.027090e-001 1.277704e-001 -3.257969e-001 -5.098776e-001 -6.376100e-001 -7.448666e-001 -8.537290e-001 -5.924065e-001 
-9.124810e-001 2.028172e+001 1.320234e+000 3.070996e+000 2.072357e+000 -4.684831e-001 -2.082634e+000 -3.684216e+000 -1.074850e-001 1.218369e+000 -7.909276e-001 -2.027740e+000 -7.249243e-001 -1.775898e-001 1.263285e-001 1.874610e-001 5.892586e-001 1.046202e-001 -1.002856e+000 -1.502920e+000 -5.152735e-001 4.473295e-001 -2.359677e-001 -6.767892e-001 
-3.748949e-001 1.977761e+001 1.432324e+000 2.607389e+000 2.743070e+000 -3.940674e-001 -3.072017e+000 -3.683205e+000 1.877931e-001 1.341407e+000 -1.027505e+000 -1.969319e+000 -3.891136e-001 1.917567e-001 2.293536e-001 7.434293e-002 1.049258e-001 -1.952072e-001 -1.124064e+000 -1.496348e+000 -1.188607e-001 7.778751e-001 -2.317493e-001 -5.731391e-001 
-7.362146e-001 1.958985e+001 2.855176e+000 2.317888e+000 1.916571e+000 -4.275676e-001 -2.920069e+000 -3.256418e+000 6.430613e-002 4.536289e-001 -8.660232e-001 -1.245986e+000 -5.267807e-001 -4.278137e-003 2.478017e-001 3.884911e-001 2.769411e-001 -8.665379e-001 -1.350161e+000 -1.003783e+000 -1.800030e-001 5.343948e-001 2.259495e-001 -1.175863e-001 
-8.784055e-001 2.059645e+001 1.995243e+000 2.467910e+000 1.951649e+000 -5.053103e-001 -3.630203e+000 -3.082423e+000 4.890270e-001 -1.568438e-001 -3.384769e-001 -1.247234e+000 -7.334195e-001 -7.145650e-002 1.225089e-001 5.327058e-001 5.065651e-001 -1.180204e+000 -1.470644e+000 -7.451245e-001 -3.601484e-002 6.070181e-001 7.303682e-002 -3.279089e-001 
1.719124e+000 1.810208e+001 2.300934e+000 2.534507e+000 2.379809e+000 -7.567082e-001 -3.945942e+000 -3.037114e+000 3.577552e-001 7.882602e-002 -1.064366e+000 -7.675259e-001 4.103219e-001 -1.286623e-001 -9.465145e-001 3.821898e-001 5.727953e-001 -8.533768e-001 -1.069862e+000 -9.846208e-001 -4.839077e-002 8.320956e-001 -1.842265e-002 -3.823523e-001 
1.929932e-001 2.115628e+001 -5.206028e-001 4.183865e+000 1.196332e+000 -5.636026e-001 -3.502403e+000 -3.293179e+000 6.845250e-001 -6.513296e-001 -5.681307e-001 -1.380299e+000 7.723718e-001 -1.327302e-002 -1.079539e+000 8.944205e-001 1.751922e-001 -1.111623e+000 -7.378196e-001 -1.004736e+000 1.222101e-002 1.172879e+000 -1.089524e-001 -6.325407e-001 
3.728429e+000 1.780684e+001 1.710713e+000 2.044212e+000 2.034323e+000 -6.641287e-001 -2.980734e+000 -2.787849e+000 -6.058630e-001 -2.023187e-001 -9.213561e-001 -9.108244e-001 -8.017940e-002 1.537016e-002 -7.162511e-002 4.702407e-001 2.784172e-001 -9.391009e-001 -1.068868e+000 -4.911794e-001 4.265250e-001 7.325287e-001 -4.098598e-001 -6.857773e-001 
1.019755e+001 1.143098e+001 1.921083e+000 2.835438e+000 3.242213e+000 8.413598e-001 -2.287619e+000 -2.978958e+000 -4.795037e-001 6.856382e-001 -3.819438e-001 -1.018237e+000 -4.910020e-001 -9.869854e-002 -1.079861e-001 2.443309e-001 4.795979e-001 -3.154507e-001 -7.511603e-001 -2.169235e-001 3.625865e-002 -2.157561e-001 -2.970353e-001 -1.463531e-001 
2.690192e+000 1.286175e+001 -5.215695e+000 9.264868e+000 3.149382e+000 4.030426e+000 -1.399664e+000 -3.142496e+000 7.316967e-001 1.289819e-001 6.802728e-001 -1.426852e+000 3.946144e-001 -1.446481e+000 -2.727491e-001 -2.447687e-001 1.521023e-001 -3.407252e-001 -1.284129e+000 -1.491237e-001 -1.099953e+000 -9.924079e-002 -8.224171e-001 -4.910582e-001 
2.984754e+000 9.321051e+000 -7.075385e+000 9.151848e+000 3.768087e+000 4.936153e+000 -2.034906e-001 -2.588629e+000 1.584198e+000 2.230488e-003 -4.390740e-002 -1.113346e+000 5.048611e-001 -9.179956e-001 -2.914480e-001 -9.505354e-002 -3.299116e-002 -6.605740e-001 -1.375461e+000 1.755033e-001 1.367658e-002 -5.626753e-002 -7.987700e-001 -2.754371e-001 
2.921614e+000 8.824250e+000 -7.918218e+000 8.636854e+000 1.768756e+000 4.203488e+000 4.483824e-001 -1.085842e+000 2.269940e+000 5.810927e-001 4.092650e-001 -1.848847e+000 2.982023e-001 -6.750190e-001 -4.962607e-001 -2.476820e-001 4.347867e-001 2.120603e-001 -1.196139e+000 -1.672414e-001 -1.112661e+000 -7.195286e-001 -5.386640e-001 4.385692e-003 
2.810555e+000 7.423516e+000 -1.045231e+001 6.962364e+000 2.575819e-001 4.283693e+000 8.414076e-001 -9.173837e-001 2.887003e+000 1.259680e+000 7.416245e-001 -2.182322e+000 6.683451e-002 -6.549279e-001 6.646670e-002 -6.388759e-001 -1.274542e-001 -2.823370e-001 -1.361378e+000 6.176733e-001 -3.321061e-001 -6.126494e-002 -3.453802e-001 -2.816554e-002 
1.879517e+000 5.631328e+000 -1.116552e+001 7.553036e+000 1.327497e-001 5.085617e+000 1.078848e+000 -1.071299e+000 2.358379e+000 1.056857e+000 8.747878e-001 -2.207087e+000 7.582868e-001 -8.387410e-001 -5.911708e-002 -4.820315e-001 -1.372893e-001 -4.170887e-001 -1.467887e+000 1.474630e-001 -1.035507e+000 1.529699e-001 -4.220378e-001 7.311362e-002 
1.618975e+000 4.213316e+000 -1.108311e+001 8.516275e+000 1.193289e-001 5.296805e+000 1.034340e+000 -1.716858e+000 8.747109e-001 3.624962e-002 1.352191e+000 -1.568850e+000 7.507309e-001 -1.318946e+000 8.457833e-001 -7.145856e-002 -1.065127e-001 -8.686271e-002 -1.710980e+000 -2.712203e-001 -1.503641e+000 1.077341e-001 -6.615338e-001 2.040344e-001 
2.831540e+000 4.970338e+000 -1.309187e+001 7.008841e+000 -1.767732e+000 4.447853e+000 8.950679e-001 -1.753156e+000 1.351410e+000 2.050694e-001 9.019883e-001 -2.623831e+000 1.979608e-001 -1.945284e+000 7.193210e-001 -5.032222e-001 2.477847e-001 4.301071e-001 -1.491709e+000 6.590358e-001 -6.163767e-001 9.094940e-001 -6.927980e-001 5.731960e-002 
3.181101e+000 7.230641e+000 -1.057028e+001 8.295284e+000 -8.516765e-001 5.466652e+000 2.490701e+000 -1.312003e+000 3.248814e-001 -4.264744e-001 1.486980e+000 -1.397047e+000 3.181286e-001 -2.578163e+000 -1.125066e-001 -4.100162e-001 2.635287e-001 7.193934e-001 -9.624084e-001 4.262606e-001 -1.092384e+000 5.936958e-001 -6.840064e-001 5.295774e-001 
2.633296e+000 9.587782e+000 -7.455615e+000 8.125771e+000 1.086733e-002 4.588125e+000 1.794738e+000 -1.862319e+000 -2.592929e-001 1.197155e-001 2.092516e-001 -1.160279e+000 3.869528e-001 -1.742356e+000 -6.906987e-002 -2.774743e-001 1.005843e+000 4.200964e-001 -6.691289e-001 -1.115152e-001 -9.722725e-001 -1.334702e-001 -2.599989e-001 1.512939e-001 
-5.748265e-001 1.312066e+001 -5.192345e+000 5.900881e+000 3.087988e-001 4.018196e+000 1.624043e+000 -2.179593e+000 2.224975e-001 -8.142740e-001 3.456151e-001 -8.498219e-001 5.233912e-001 -1.527422e+000 -1.105937e-001 -4.029236e-001 2.667641e-001 -2.680046e-002 -7.203117e-001 2.651131e-001 -3.777054e-001 -2.687127e-001 -5.567265e-001 2.059620e-001 
-3.640624e+000 1.602919e+001 -9.336101e-001 2.858909e+000 1.997419e-001 2.196547e+000 2.350036e+000 -1.806969e+000 5.126775e-001 5.335048e-002 -1.145840e+000 -1.461551e+000 -4.283410e-001 -4.162142e-001 5.337152e-001 5.454287e-002 -8.782745e-001 -7.497179e-001 -1.224602e-002 3.844097e-002 -4.362338e-001 -5.547912e-001 -5.758597e-001 -4.620519e-001 
-3.497995e+000 1.962608e+001 1.013516e+000 2.045693e+000 6.154379e-001 -2.406907e-001 -4.046322e-001 -2.361982e+000 6.147438e-001 9.410428e-001 -1.999290e+000 -2.677879e+000 -3.528361e-001 -3.868253e-001 5.868442e-001 8.929377e-001 1.254283e-001 -3.135334e-001 -5.891257e-001 -5.953429e-001 -2.595324e-001 -4.554010e-001 -1.032822e+000 -7.814885e-001 
-2.651887e+000 2.126144e+001 9.143826e-001 3.027722e+000 9.379056e-001 -1.052161e+000 -1.612812e+000 -3.167097e+000 3.299762e-001 1.224911e+000 -8.209880e-001 -2.861519e+000 -3.585387e-001 -9.696639e-001 -1.268616e-002 9.462771e-001 7.800496e-001 2.871120e-001 -6.416439e-001 -1.006828e+000 -8.035565e-001 -3.831867e-001 -5.728672e-001 -7.416561e-001 
-1.950815e+000 2.193032e+001 8.353802e-001 3.174866e+000 9.905813e-001 -6.779226e-001 -2.283547e+000 -3.695887e+000 7.473502e-001 1.539595e+000 -7.502734e-001 -2.400197e+000 -9.402263e-002 -1.111877e+000 -5.387618e-001 3.867044e-001 1.029279e+000 9.701983e-002 -7.129041e-001 -3.115034e-001 -7.613212e-001 -3.941064e-001 -1.153857e+000 -4.270524e-001 
1.155161e+000 1.784003e+001 2.783914e+000 2.260969e+000 2.305940e+000 -1.057379e-001 -2.491167e+000 -3.312672e+000 -4.005396e-001 1.175868e+000 -8.429217e-001 -2.018975e+000 -6.741490e-001 1.639733e-001 1.359046e-001 8.392030e-002 3.744115e-001 1.305587e-001 -1.031038e+000 -1.596689e+000 -3.792442e-001 5.577207e-001 -2.182950e-001 -7.633623e-001 
-2.799381e+000 2.260102e+001 -2.691928e-001 3.489455e+000 2.452601e+000 -5.889224e-001 -2.798687e+000 -4.217660e+000 1.034576e+000 4.555266e-001 -4.535184e-001 -2.205686e+000 -1.754748e-001 -1.347529e-001 6.549069e-001 -9.569046e-002 5.888864e-004 1.964079e-002 -1.520094e+000 -1.225497e+000 -2.800451e-001 1.083276e+000 -5.185291e-001 -2.277226e-001 
8.253382e-001 1.790468e+001 3.714747e+000 1.967510e+000 1.778002e+000 -3.502072e-001 -3.009236e+000 -2.991854e+000 -1.676719e-001 3.471973e-001 -7.167102e-001 -1.139204e+000 -6.056629e-001 7.527444e-003 2.296545e-001 4.516668e-001 2.772932e-001 -9.094421e-001 -1.446994e+000 -9.245674e-001 -1.133467e-001 4.484032e-001 2.921751e-001 -4.632249e-002 
-6.415409e-001 2.037148e+001 1.824677e+000 2.416318e+000 2.073144e+000 -5.280848e-001 -3.707518e+000 -2.930132e+000 4.752649e-001 7.644083e-003 -4.246142e-001 -1.093246e+000 -7.066534e-001 -1.630474e-001 6.990109e-002 4.599884e-001 4.110380e-001 -1.094562e+000 -1.474598e+000 -8.104559e-001 1.300915e-002 6.677798e-001 -1.925924e-002 -3.183635e-001 
-8.919787e-001 2.087119e+001 3.171220e-001 3.746761e+000 1.752376e+000 -4.466791e-001 -3.770122e+000 -3.419391e+000 9.216168e-001 -4.335183e-001 -5.708799e-001 -1.227407e+000 8.385488e-001 -4.014874e-001 -1.023397e+000 4.644453e-001 5.961044e-001 -9.918930e-001 -8.777896e-001 -1.086560e+000 -2.073555e-001 1.120930e+000 -2.029487e-001 -3.146327e-001 
3.279518e+000 1.761911e+001 1.786775e+000 2.458421e+000 2.013969e+000 -8.543002e-001 -3.307118e+000 -2.730575e+000 -5.069458e-003 -1.610221e-001 -1.154619e+000 -9.152664e-001 5.196490e-001 -3.955924e-003 -8.529500e-001 6.382055e-001 3.618471e-001 -1.081118e+000 -9.099743e-001 -8.807118e-001 1.273425e-001 9.816777e-001 -1.520738e-001 -6.545826e-001 
