5.222045e-001 2.026193e+001 1.963340e+000 2.568105e+000 -2.530965e-001 -1.300544e+000 -2.563511e+000 -3.328810e+000 -1.750383e+000 -2.370589e+000 -3.298010e+000 -4.013254e+000 -1.469488e+000 5.355638e-002 -6.927494e-001 4.547961e-001 4.947905e-001 -1.365342e+000 -2.301285e+000 -2.385770e+000 -1.248336e+000 -6.327322e-001 -1.689395e+000 -1.302594e+000 -1.184533e-001 -9.836697e-001 -7.291142e-001 1.381027e+000 1.595299e+000 5.542795e-001 1.165595e-001 -2.157036e-001 -5.001378e-001 -4.091149e-001 -2.536578e-001 -1.535045e-001 
-7.262763e-002 2.053625e+001 1.245770e+000 3.735632e+000 2.461562e-001 -1.173633e+000 -2.166838e+000 -3.250301e+000 -1.894970e+000 -2.154820e+000 -2.944937e+000 -4.088730e+000 -1.257292e+000 3.643684e-001 -2.843606e-001 1.338417e+000 8.828900e-001 -1.736307e+000 -2.427672e+000 -2.511243e+000 -1.300367e+000 -4.081086e-001 -1.426862e+000 -1.217655e+000 -3.617922e-002 -6.893206e-001 -6.796220e-001 1.236144e+000 1.331038e+000 4.916298e-001 4.586545e-001 -1.914759e-001 -3.495317e-001 4.809007e-002 -1.763386e-001 -2.400939e-001 
2.230715e-001 1.964149e+001 1.497098e+000 2.034401e+000 -2.100832e-001 -1.282430e+000 -2.036487e+000 -3.895999e+000 -2.346394e+000 -1.987800e+000 -3.959994e+000 -4.779954e+000 -1.393359e+000 -1.200263e-002 -1.348268e+000 4.929684e-001 1.202082e+000 -1.443791e+000 -2.723133e+000 -2.461357e+000 -1.573602e+000 -1.536757e+000 -2.266650e+000 -1.449954e+000 -1.210957e-001 -5.001230e-001 -6.449143e-001 8.480721e-001 1.299408e+000 2.459169e-001 8.538415e-002 -9.295818e-002 -5.413170e-001 -2.003166e-001 -3.010632e-002 -1.655581e-001 
-2.510975e+000 2.265751e+001 -3.825920e-001 3.815021e+000 1.845381e-001 -2.533377e+000 -2.676469e+000 -3.967405e+000 -1.928980e+000 -2.438517e+000 -2.880083e+000 -4.361153e+000 -1.642334e+000 -2.114241e-001 -1.296562e+000 4.316977e-001 7.313307e-001 -1.987139e+000 -2.754170e+000 -2.265765e+000 -1.180980e+000 -1.230875e+000 -2.156680e+000 -1.287085e+000 -2.380038e-001 -7.417944e-001 -8.154026e-001 5.003814e-001 1.177304e+000 4.159133e-001 3.380038e-001 1.758592e-002 -6.973150e-001 6.012316e-002 7.144053e-002 -6.216123e-001 
1.349899e+000 1.819116e+001 2.643121e+000 2.188571e+000 7.075453e-001 -2.079493e+000 -3.037800e+000 -3.678107e+000 -2.449169e+000 -1.410360e+000 -2.845123e+000 -4.081895e+000 -1.743043e+000 -2.125445e-001 -8.482514e-001 1.404438e-001 5.966121e-001 -1.492865e+000 -2.729131e+000 -2.245606e+000 -1.353450e+000 -1.267765e+000 -1.779418e+000 -1.339625e+000 -3.158961e-001 -4.533956e-001 -8.599731e-001 3.066762e-001 1.206431e+000 5.107916e-001 2.674695e-001 7.077829e-002 -5.235962e-001 -5.306138e-002 2.540035e-001 -2.447288e-001 
2.257081e+000 2.071872e+001 2.625019e+000 2.891222e+000 1.121663e+000 -1.716819e+000 -1.981690e+000 -2.350750e+000 -1.558965e+000 -1.152876e+000 -1.815997e+000 -1.997114e+000 -6.986519e-001 3.516201e-001 4.237131e-001 6.512109e-001 2.975575e-001 -9.775903e-001 -1.487311e+000 -1.105181e+000 -4.474384e-001 -1.907181e-001 -1.187681e+000 -8.782974e-001 4.538211e-001 -6.063421e-002 -3.277128e-001 9.604729e-001 1.070123e+000 7.568395e-001 7.913009e-001 7.697957e-002 -3.161604e-001 2.020307e-001 8.172538e-002 -4.048494e-001 
-5.663668e-001 2.211651e+001 1.373994e+000 3.888817e+000 -2.626206e-001 -1.074329e+000 -2.570375e+000 -3.233675e+000 -1.408529e+000 -2.379622e+000 -2.151959e+000 -3.399329e+000 -1.299900e+000 4.190637e-001 -4.749591e-001 3.135233e-001 4.019372e-001 -8.233019e-001 -1.903448e+000 -2.206329e+000 -6.523447e-001 -2.209046e-001 -1.881327e+000 -1.199172e+000 4.949904e-001 -9.104237e-001 -7.097704e-001 1.596004e+000 1.693868e+000 4.914313e-001 2.747717e-001 -5.345426e-002 -6.189760e-001 -2.586886e-001 -4.922434e-002 -2.614846e-001 
-9.710778e-001 2.040704e+001 9.105331e-001 3.655462e+000 2.284788e-001 -1.042425e+000 -2.497131e+000 -3.662231e+000 -2.237597e+000 -2.775193e+000 -3.587984e+000 -4.277652e+000 -1.296906e+000 -6.401242e-002 -3.698683e-001 1.263457e+000 5.188219e-001 -2.018416e+000 -2.843336e+000 -2.800025e+000 -1.549949e+000 -5.012144e-001 -1.531518e+000 -1.338058e+000 -1.409752e-001 -9.007559e-001 -8.355363e-001 1.057241e+000 1.179557e+000 3.958522e-001 3.129807e-001 -2.334102e-001 -4.023351e-001 2.612136e-002 -3.365844e-001 -2.896672e-001 
-1.409143e+000 2.239253e+001 1.435767e-001 3.271711e+000 -4.501398e-001 -5.912057e-001 -1.097045e+000 -3.892529e+000 -1.849167e+000 -1.967818e+000 -3.337906e+000 -4.954526e+000 -9.066553e-001 6.803806e-001 -1.093370e+000 8.354130e-001 1.476461e+000 -9.508588e-001 -2.279244e+000 -2.527684e+000 -1.248547e+000 -1.238896e+000 -2.407946e+000 -1.187645e+000 4.004817e-001 -2.196260e-001 -5.219849e-001 1.115713e+000 1.509557e+000 5.929394e-002 -4.111095e-002 2.137741e-001 -3.305072e-001 -2.433373e-001 -2.144796e-002 1.357253e-001 
-1.235626e+000 2.116262e+001 8.386355e-001 2.648709e+000 5.979229e-002 -2.472880e+000 -2.752307e+000 -3.886236e+000 -2.236234e+000 -2.087962e+000 -3.401167e+000 -4.083678e+000 -1.449271e+000 -3.525421e-001 -1.410641e+000 2.180383e-001 5.883878e-001 -1.925040e+000 -2.773463e+000 -2.115597e+000 -1.140604e+000 -1.405772e+000 -2.158762e+000 -1.307258e+000 -2.831881e-001 -7.087480e-001 -8.888903e-001 3.913950e-001 1.213496e+000 5.159900e-001 2.315828e-001 2.381241e-002 -5.473812e-001 -1.239010e-001 2.087386e-002 -5.660446e-001 
-3.489816e+000 2.284292e+001 -9.554557e-002 4.116799e+000 1.876491e-001 -2.108026e+000 -2.578172e+000 -4.427298e+000 -1.865748e+000 -1.606746e+000 -2.376339e+000 -4.983904e+000 -1.749865e+000 4.109718e-001 -1.373416e+000 5.597316e-001 1.176743e+000 -1.852653e+000 -2.808520e+000 -2.481569e+000 -1.218686e+000 -1.158060e+000 -1.886628e+000 -1.114036e+000 -2.396961e-001 -7.730162e-001 -9.249376e-001 5.767060e-001 1.415445e+000 3.700465e-001 3.892285e-001 -6.668631e-002 -8.036893e-001 9.519085e-002 3.534027e-001 -1.353368e-001 
