1.316687 16.49117 -5.800061 0.2760433 -0.939685 -1.411685 -1.6480549999999998 -1.415044 0.6922749 -1.572279 -0.1814505 0.5826048 1.460746 1.182532 0.4550492 0.30747340000000006 -0.9051909 -1.169891 -0.8420614999999999 -0.7244684 -0.790725 -0.8468426000000002 0.41093499999999994 0.7665832000000001 
1.2542980000000001 19.27231 -6.879084 2.40893 0.6857843 -0.7318892999999999 -1.4502249999999999 -2.468778 0.9230042000000002 -3.574852 -0.4231112000000001 -0.20086540000000003 0.8161709999999999 -0.10337700000000002 0.3433765 1.173933 -0.9503522000000001 -0.6085437000000001 -0.5154391 0.22525940000000005 -0.028929829999999997 0.5152612 0.9064587 0.6640033 
6.322425000000001 15.891459999999999 -5.442149 4.070432 2.2474069999999995 0.9240405000000002 -1.507777 -3.217367 0.025760420000000003 -3.8250439999999992 -2.698802 0.7633452 -0.24405469999999999 -0.7390898000000001 0.1706803 0.9636607 -0.9676270000000001 -1.6623400000000002 1.092435 0.8595086 -0.5447064 0.6329172 1.140229 0.08457026 
9.555569 16.51733 -6.672396 5.379247 0.947629 1.7208500000000002 -1.671429 -3.1397970000000006 0.6174312999999999 -4.355507 -2.719158 -0.11059470000000002 -0.40321320000000005 -1.078539 0.7420068 2.188216 -0.8346085 -1.268961 1.2676929999999997 0.4816759 -1.0900669999999997 0.5312719 1.244823 -0.337234 
10.463570000000002 17.57423 -8.273410999999998 6.3817889999999995 -0.05652716000000001 1.006304 -2.40488 -3.9288409999999994 1.2614979999999998 -4.712198999999999 -1.6631839999999998 0.27477140000000005 0.3240695 -0.07509037 -0.09965323000000001 1.7530090000000003 -1.217537 -0.9162498 0.9533820999999999 -0.17630680000000004 -0.3689795 0.30215410000000004 1.232839 -0.011332850000000002 
14.55476 13.591350000000002 -6.101626000000001 2.7562150000000005 0.41597259999999997 0.07141656 -2.3129519999999997 -2.377462 0.6485295999999999 -3.768912 -2.061306 1.051146 0.7944016 0.7013705999999998 0.4354521 1.137611 -1.085758 -1.1222390000000002 1.143986 -0.5524189 -1.044129 0.2988990999999999 0.5996183999999999 0.3894017 
11.991429999999998 17.83556 -9.280995000000003 5.158383 -1.530411 1.268836 -2.555757 -3.733082 1.9712689999999997 -5.065462 -0.8227858999999997 0.6705158 1.28278 0.27199710000000005 -0.5528174 1.8233370000000002 -2.367557 -0.4546975 1.663264 -0.5694982 -0.1812646 -0.6806881999999999 1.17039 0.00646518 
15.71006 12.212779999999999 -4.986674999999999 1.960402 0.9480592999999999 0.09254611 -2.132182 -1.7226390000000005 0.3341167 -3.282291999999999 -1.8275000000000001 1.100824 1.009825 -0.17901680000000003 -0.3275903 0.46441670000000007 -1.5349400000000002 -0.4523469000000001 1.780258 -0.08211131 -0.5401615 0.20201650000000002 0.41332030000000003 0.5365086999999998 
3.9668759999999996 11.441959999999998 -5.528511000000001 -0.1191069 0.9651866 0.06266198 -1.017748 -0.9531428999999998 0.3705683 -2.025717 -1.809348 0.06930292 0.2425876 0.2886321 0.3024913 0.05911539 -0.7790210000000001 -0.6367263 0.35332909999999995 -0.1660686 -0.4829317 -0.1466253 0.34743179999999996 0.8678562999999999 
1.7633049999999995 15.598829999999996 -6.898409 0.174088 0.8693103000000002 -0.08462190999999998 -0.9415234999999998 -1.09417 0.2343454 -2.9468369999999995 -1.342926 0.7095146000000001 0.7566786 0.5618433 0.4312489 0.654454 -0.349338 -1.08777 -0.6201529 -0.3480729 -0.12541669999999996 0.2110805 1.278785 1.168894 
6.309798999999999 15.140159999999998 -4.917468 2.7936559999999995 2.566545 -0.16524549999999996 -2.4831560000000006 -2.513678 0.3016024 -3.11495 -2.768269 0.3947619 0.2302564 -0.011715749999999999 0.18805969999999997 0.8494634999999999 -0.34068489999999996 -1.759971 -0.40647350000000004 0.172345 0.14547810000000003 0.8289692999999999 1.293327 1.170605 
9.258775 16.5027 -6.272843000000001 5.345360999999999 1.4611979999999998 0.5011421 -2.506129 -4.268953 -0.3390274 -3.930149 -1.509653 0.7753404 -0.08957307000000002 -0.36956409999999995 -0.22036379999999994 0.7792494000000001 -1.110634 -0.8619082000000001 0.8916529000000002 0.42649010000000004 -0.018227290000000004 0.19804930000000004 1.287406 0.2257084 
13.52311 14.022099999999998 -5.152588000000001 2.6828989999999995 1.4978929999999997 0.09527439000000001 -2.109284 -3.039233 -0.3146301 -3.6666999999999996 -2.381119 1.4101789999999998 0.4779676999999999 -0.2336228 0.001534937 0.4816247000000001 -1.1370950000000002 -1.40817 1.272106 0.5253018000000002 -0.45462570000000013 0.7048638 0.7149357 0.3521714 
11.14405 17.09586 -8.252049 5.145817999999999 -0.6965854 -0.05939702000000001 -2.9779249999999995 -3.806103 1.077697 -4.766722000000001 -1.128925 1.3917970000000002 0.9600511999999999 0.8107422 -0.19816370000000003 1.1296800000000002 -1.7251289999999995 -0.9769749 0.9869294000000001 -0.5025700999999999 -0.29443369999999996 -0.08889928999999999 1.077165 0.2661205 
13.82942 14.71857 -6.966012 2.7241229999999996 -0.45996220000000004 0.0020692549999999994 -2.8288550000000003 -3.26182 0.8966488999999999 -3.797691 -1.9112969999999998 1.4131470000000002 0.7896276000000001 0.2626523 0.20987280000000003 1.256509 -1.434163 -1.1015999999999997 1.4000970000000001 -0.6648606 -1.018599 0.2575652 0.7327031 0.7024274999999999 
