9.469201e+000 8.732120e+000 -1.498680e+000 2.630448e+000 -7.290019e-001 5.460993e-001 -2.514144e+000 1.421336e+000 -3.162514e-001 -8.487842e-001 -4.690232e-001 6.133881e-002 
9.383290e+000 8.915874e+000 -1.480007e+000 2.869694e+000 -7.049235e-001 8.107084e-001 -2.691924e+000 1.645424e+000 2.134107e-002 1.409856e-002 -1.124053e-001 2.715060e-001 
1.039197e+001 8.529072e+000 -1.541372e+000 3.159511e+000 -1.579627e+000 1.737776e+000 -2.942679e+000 1.615395e+000 2.113920e-001 1.498596e-001 -2.133121e-001 5.649013e-001 
1.125556e+001 7.833620e+000 -9.481491e-001 3.110308e+000 -9.346814e-001 1.449455e+000 -2.626999e+000 1.655429e+000 3.439764e-001 -5.089619e-001 -1.185992e-001 7.617359e-001 
1.059169e+001 1.002191e+001 -1.354442e+000 3.378632e+000 -6.315147e-001 1.141208e+000 -2.633031e+000 1.900215e+000 -4.102907e-001 -6.654331e-001 -7.925390e-001 -4.484644e-002 
1.007294e+001 1.113226e+001 -2.000964e+000 3.146837e+000 -1.711973e-002 9.001815e-001 -2.723438e+000 1.600525e+000 -5.707454e-001 -3.364073e-001 -9.565164e-002 -1.494466e-001 
1.111572e+001 1.121592e+001 -2.216159e+000 3.812747e+000 3.199480e-001 9.068000e-001 -2.660424e+000 9.378480e-001 -3.624350e-001 -7.526341e-001 -6.356413e-001 -2.008428e-001 
1.252136e+001 1.088154e+001 -2.496899e+000 4.685545e+000 5.482674e-001 2.486271e-001 -2.565380e+000 -1.153697e-001 -1.066329e-001 -9.463129e-001 7.895112e-002 -2.834372e-001 
1.353683e+001 1.061141e+001 -2.462395e+000 4.308870e+000 8.030369e-001 2.316591e-001 -2.038791e+000 -8.912842e-002 -2.705230e-002 -9.054723e-001 -3.200588e-001 -3.194428e-001 
1.430928e+001 1.056162e+001 -3.038763e+000 4.622678e+000 4.447333e-001 -7.892918e-002 -2.286247e+000 -6.086938e-002 3.336450e-002 -4.087495e-001 -1.206730e-001 -3.156361e-002 
1.368930e+001 1.023604e+001 -3.382551e+000 4.736305e+000 4.541310e-001 4.113719e-001 -2.468828e+000 -4.742753e-001 5.270179e-002 -5.856581e-001 -1.724183e-001 -4.480189e-002 
1.404939e+001 1.055000e+001 -2.918757e+000 3.962981e+000 2.471943e-001 2.892174e-001 -2.357641e+000 -5.912601e-002 1.621589e-001 -4.030152e-001 -3.906840e-001 3.902361e-003 
1.320514e+001 1.091128e+001 -3.359144e+000 4.376442e+000 4.695091e-001 5.079204e-001 -2.333875e+000 -2.979919e-001 1.628619e-001 -4.419258e-001 -1.401815e-001 -5.346273e-002 
1.234723e+001 1.157567e+001 -2.941748e+000 4.003607e+000 5.637911e-001 6.336191e-001 -2.285168e+000 -5.643351e-002 -2.705585e-001 -4.467440e-001 -3.652108e-001 -2.177799e-002 
1.236925e+001 1.136587e+001 -3.103270e+000 3.337940e+000 6.424701e-001 5.691739e-001 -2.017657e+000 9.649482e-002 -1.360639e-001 -7.407046e-001 -6.123353e-001 -1.175499e-001 
1.277455e+001 1.092266e+001 -2.024560e+000 2.730015e+000 1.082576e+000 -1.323966e-001 -2.009790e+000 -4.954232e-001 1.823791e-001 -6.414705e-001 -4.323697e-001 1.274808e-001 
1.189083e+001 1.158955e+001 -2.274971e+000 3.593493e+000 6.313746e-001 3.798425e-001 -2.339142e+000 -4.511804e-001 -1.885216e-001 -2.658277e-001 -3.049045e-001 2.515588e-001 
1.306009e+001 1.020068e+001 -2.297254e+000 2.709445e+000 1.736897e+000 -5.233995e-001 -1.778307e+000 2.245376e-002 -1.368892e-001 -1.736751e-001 5.527369e-002 1.275086e-001 
1.237508e+001 1.119002e+001 -2.907979e+000 3.906853e+000 5.084913e-001 1.011645e-001 -2.408066e+000 1.613779e-001 -1.995978e-001 -5.269316e-002 -3.794760e-001 2.671261e-001 
1.263857e+001 1.116748e+001 -3.097883e+000 3.412382e+000 8.868461e-001 -2.721124e-001 -1.940841e+000 -2.722187e-001 2.088667e-001 6.068392e-002 -2.773643e-002 3.158522e-001 
1.305516e+001 1.171116e+001 -3.244312e+000 4.019625e+000 1.114810e-001 7.861803e-001 -2.348297e+000 -3.378391e-001 1.162476e-001 2.818536e-001 1.800167e-002 6.678637e-001 
1.343535e+001 1.178888e+001 -3.648934e+000 3.774051e+000 -5.270754e-002 8.952357e-001 -2.442180e+000 -3.259313e-001 2.434174e-001 4.262247e-001 -3.119103e-001 6.372060e-001 
1.575484e+001 8.567595e+000 -8.732120e-001 1.288337e+000 1.172002e+000 -3.864498e-001 -1.414752e+000 -1.009294e+000 6.010719e-001 -1.086774e-002 -3.880981e-001 6.871513e-001 
1.029450e+001 8.307549e+000 -7.645958e-001 2.095911e+000 2.581446e-001 9.214904e-002 -1.937035e+000 7.448021e-001 -1.126182e-001 -7.103385e-001 3.234726e-001 2.584690e-001 
1.092288e+001 9.092794e+000 -1.827656e+000 3.374881e+000 -1.902815e-001 3.694823e-001 -2.165941e+000 2.200516e+000 -4.184430e-001 -9.063911e-001 -2.939105e-001 3.910475e-002 
1.050799e+001 7.997713e+000 -1.721608e+000 3.411462e+000 -1.146980e+000 2.022003e+000 -2.683501e+000 1.472142e+000 -4.489031e-001 -8.149937e-001 -9.558614e-001 2.300603e-001 
1.064786e+001 8.788147e+000 -6.345603e-001 3.154187e+000 -1.730731e+000 1.962311e+000 -2.971835e+000 1.206002e+000 -5.165920e-001 -1.111133e+000 -9.097706e-001 4.207066e-001 
1.062325e+001 9.346964e+000 -8.301364e-001 3.120539e+000 -7.064228e-001 6.692565e-001 -2.918393e+000 1.260578e+000 -4.670696e-001 -5.618398e-001 -3.410807e-001 6.171518e-002 
1.044987e+001 1.135146e+001 -1.398511e+000 2.461309e+000 -5.237790e-001 8.428192e-001 -2.664916e+000 1.195676e+000 -5.927860e-001 -6.504165e-001 -5.721293e-001 -1.381205e-001 
1.158540e+001 1.027178e+001 -1.832580e+000 2.497129e+000 3.954261e-001 -1.822192e-001 -2.620062e+000 9.164429e-001 -1.439791e-001 -6.364624e-001 -2.998202e-001 -3.670048e-001 
1.240499e+001 1.081824e+001 -2.284009e+000 4.248218e+000 2.510108e-001 -9.553137e-003 -2.453013e+000 1.221769e-001 4.422013e-003 -8.950361e-001 6.276144e-002 -1.875364e-001 
1.277967e+001 1.115616e+001 -2.798132e+000 4.541809e+000 1.375140e-001 5.805830e-001 -2.437403e+000 9.133403e-002 -5.547101e-002 -9.678308e-001 -1.397397e-001 -2.622494e-001 
1.387522e+001 1.065414e+001 -3.157294e+000 4.392188e+000 4.693217e-001 4.253585e-001 -2.381787e+000 7.875547e-002 -1.417524e-001 -9.000829e-001 -2.333983e-001 -3.522191e-001 
1.390022e+001 1.004968e+001 -3.084968e+000 4.725092e+000 9.023008e-001 4.881548e-001 -2.377569e+000 -5.700192e-001 -1.464475e-001 -4.531073e-001 -1.385680e-001 1.808885e-001 
1.387054e+001 1.039280e+001 -2.874075e+000 4.436307e+000 3.907259e-001 3.565862e-001 -2.570544e+000 -4.741335e-001 -1.759496e-001 -1.931590e-001 -2.401212e-001 3.153926e-001 
1.381308e+001 1.038577e+001 -3.256771e+000 4.232667e+000 3.016795e-001 6.249856e-002 -2.443439e+000 -1.856428e-001 -1.121460e-001 -2.546308e-001 -5.406312e-001 -1.398597e-002 
1.258043e+001 1.109273e+001 -3.249758e+000 4.675106e+000 8.703446e-001 3.244150e-001 -2.424069e+000 -3.412187e-001 -3.363487e-001 -4.190814e-001 -3.434205e-001 1.172533e-003 
1.263431e+001 1.138976e+001 -2.925638e+000 3.579611e+000 6.708232e-001 6.121155e-001 -2.291878e+000 -4.314217e-002 -2.527928e-001 -4.423450e-001 -2.929894e-001 2.656294e-002 
1.193286e+001 1.187158e+001 -2.977169e+000 3.616912e+000 7.794878e-001 1.420382e-001 -2.384708e+000 -6.927677e-002 -3.234369e-001 -4.307305e-001 -3.035386e-001 5.638629e-002 
1.256369e+001 1.089167e+001 -2.017188e+000 3.257076e+000 1.327177e+000 -4.123608e-001 -1.709627e+000 -8.968543e-001 -2.027813e-002 -7.224514e-001 -7.695820e-002 2.670600e-001 
1.258534e+001 1.118344e+001 -3.021672e+000 3.129441e+000 1.210722e+000 -1.370010e-001 -1.685291e+000 2.346439e-002 4.773449e-002 -1.337337e-001 -1.634901e-001 -7.830566e-002 
1.272711e+001 1.048353e+001 -2.321435e+000 3.567830e+000 1.378905e+000 -3.487704e-001 -2.040800e+000 -4.223693e-001 1.996837e-003 -1.346045e-001 1.538892e-001 4.588741e-001 
1.263973e+001 1.098909e+001 -2.993812e+000 3.259504e+000 1.003246e+000 -8.336053e-002 -2.004540e+000 -3.749958e-001 1.177092e-001 1.589684e-001 5.167112e-002 4.631151e-001 
1.360940e+001 1.128625e+001 -3.160644e+000 3.453107e+000 4.623855e-001 2.285326e-001 -1.661385e+000 -3.684117e-001 2.638622e-001 5.603960e-002 -5.205865e-002 4.471636e-001 
1.340858e+001 1.117411e+001 -3.058935e+000 3.554594e+000 4.323415e-001 4.778919e-001 -2.431479e+000 -5.643300e-001 2.912721e-001 3.876054e-001 -2.205545e-001 5.974758e-001 
