-1.515249e+001 -5.996844e+000 -1.257111e+000 6.872039e+000 -3.946612e+000 4.888941e+000 2.700090e-001 2.178725e+000 2.783358e+000 1.232145e+000 4.216540e-001 2.789092e-001 -9.414410e-001 9.034536e-001 -6.126647e-001 -3.978986e-001 1.155284e+000 8.946237e-001 1.197547e-001 5.892861e-001 -2.039068e-001 4.343677e-002 7.785455e-001 4.840504e-001 
-1.283083e+001 -6.476256e+000 -1.794410e+000 6.364725e+000 -3.165231e+000 5.499253e+000 9.024504e-001 3.380432e+000 2.583686e+000 2.139002e+000 1.123079e-001 8.677984e-001 -7.683831e-001 -4.002115e-001 -1.021200e+000 -1.000096e-001 -6.313282e-002 5.301299e-001 2.493422e-001 1.427914e+000 9.392176e-001 1.052535e+000 1.061853e+000 3.206207e-001 
-1.338030e+001 -7.584787e+000 -2.531234e+000 6.522585e+000 -3.715674e+000 5.394978e+000 3.219164e-001 2.596892e+000 2.132863e+000 1.587036e+000 -1.131265e-001 9.672798e-001 -7.578357e-001 -3.658256e-001 6.020481e-002 1.130763e+000 9.776935e-001 1.059820e+000 3.129653e-001 8.944031e-001 5.130930e-001 3.739124e-001 1.841041e-001 -2.573619e-001 
-1.256362e+001 -7.262422e+000 -3.050578e+000 6.019222e+000 -3.547824e+000 5.430698e+000 -8.917414e-001 2.686326e+000 9.977208e-001 9.806053e-001 -8.496423e-001 9.779300e-001 -1.659858e-001 -2.812411e-001 1.618564e-001 7.900080e-001 1.772647e+000 6.121693e-001 2.359830e-001 1.632064e-001 -2.875745e-003 -4.448048e-001 -9.462284e-002 -8.338658e-002 
-1.149057e+001 -6.654203e+000 -3.414948e+000 6.038350e+000 -2.150498e+000 4.419069e+000 -1.028992e+000 3.060155e+000 1.115282e+000 1.241408e+000 2.808636e-001 1.889655e+000 2.322624e-001 5.345708e-001 1.128941e-001 2.575200e-001 6.466379e-001 3.733172e-001 6.535121e-002 4.572620e-001 4.136129e-001 2.128332e-001 9.630792e-002 -2.996244e-001 
-8.867525e+000 -5.859347e+000 -3.924644e+000 5.349543e+000 -1.333956e+000 4.481534e+000 -5.686523e-001 2.833493e+000 1.045339e+000 9.085054e-001 -1.025812e+000 1.910236e+000 -7.102405e-001 8.149658e-001 -8.086127e-001 4.267987e-001 2.013872e-001 -1.100594e-001 1.866527e-001 4.766567e-001 1.427694e-001 7.391688e-001 -1.599935e-001 -1.270474e-001 
-9.334989e+000 -6.965765e+000 -4.451790e+000 6.375366e+000 -1.011530e+000 5.142737e+000 -3.111862e-001 1.897859e+000 6.312255e-001 3.969604e-001 -9.119864e-001 2.184858e+000 -4.718790e-001 9.619495e-001 -1.102925e+000 4.803758e-001 4.696345e-001 8.342197e-001 2.778380e-001 9.121493e-002 -1.550702e-001 2.844762e-001 -2.750853e-001 1.413551e-001 
-9.146293e+000 -6.181204e+000 -4.290159e+000 6.198012e+000 -7.186879e-001 4.994579e+000 -1.345351e+000 2.030640e+000 2.629159e-001 -3.300869e-001 -1.079692e+000 1.461023e+000 -5.362279e-001 3.133454e-001 -1.408873e+000 1.034223e+000 4.196387e-001 5.354295e-001 -4.217728e-001 6.641689e-001 5.633212e-001 4.054413e-001 -1.248324e-002 4.982812e-002 
-7.924298e+000 -4.007269e+000 -3.343454e+000 6.260117e+000 -1.830125e+000 4.554400e+000 -1.082507e+000 1.530569e+000 -5.821394e-001 -2.676260e-001 -1.196994e+000 4.814468e-002 -6.939885e-001 1.117104e-001 -1.151067e+000 1.052964e+000 4.392447e-001 4.677492e-001 -6.842941e-001 -8.047731e-002 1.335662e-001 -1.526806e-001 -3.478190e-001 -1.218320e-001 
-8.143057e+000 -4.086027e+000 -2.691867e+000 6.481631e+000 -1.758827e+000 4.734736e+000 -1.030613e+000 1.978288e+000 -1.115044e+000 -1.899091e-001 -8.311158e-001 1.479493e-001 -1.424135e-001 4.895372e-003 -6.075104e-001 7.126055e-001 3.208789e-001 5.820180e-001 1.471464e-001 2.202586e-001 -3.079754e-001 3.361956e-001 -1.136694e-001 -3.408394e-001 
-7.979957e+000 -2.897240e+000 -3.728595e+000 5.753736e+000 -1.804691e+000 5.273157e+000 -2.463409e+000 1.686873e+000 -7.628215e-001 -4.303586e-001 -9.807531e-001 -1.144188e-002 7.919175e-001 -2.399240e-001 7.729168e-002 8.249662e-001 9.066516e-001 -5.417170e-001 2.430293e-001 -6.553848e-001 -2.116196e-001 -3.184696e-001 -5.908469e-001 -8.706882e-001 
-8.715309e+000 -3.392157e+000 -3.385669e+000 4.780342e+000 -2.962621e+000 4.969810e+000 -1.902735e+000 1.455244e+000 -5.820632e-001 2.851501e-001 -7.004109e-001 -2.726171e-001 6.903125e-001 7.755080e-001 1.807829e-001 9.095699e-001 9.451910e-001 -1.565273e-001 -2.700721e-002 3.217584e-002 4.474914e-001 1.214933e-001 -5.541338e-002 1.749310e-002 
-6.604234e+000 -7.448220e-001 -4.661780e+000 4.440243e+000 -2.939198e+000 5.796202e+000 -5.312389e-001 1.901184e+000 -9.605214e-001 -2.170615e-002 -8.654074e-001 -1.333022e+000 7.283508e-001 1.281525e-001 6.943106e-001 8.074741e-001 4.866182e-001 -6.997808e-001 5.954245e-001 2.258565e-001 1.236306e+000 6.074097e-002 -2.011002e-001 -2.712524e-001 
-3.825010e+000 1.237691e+000 -5.361720e+000 4.094640e+000 -3.581476e+000 4.360389e+000 -9.020305e-001 2.227589e+000 6.334970e-002 -1.047228e+000 -1.361538e+000 -1.284971e+000 3.260783e-001 -4.384942e-001 6.210677e-001 3.731227e-001 5.139182e-001 -5.960988e-001 3.563861e-002 6.517469e-001 3.594556e-001 -5.200133e-001 -3.746009e-001 -1.426922e-001 
1.434078e+000 4.925341e+000 -9.348970e+000 4.790447e+000 -4.727686e+000 2.492016e+000 -4.062189e-001 -1.228769e-001 1.153115e+000 -2.917756e+000 -3.011814e+000 -2.202356e+000 -1.059320e+000 -1.207986e+000 -6.684265e-001 -5.872047e-001 -1.664831e-001 -8.914959e-001 4.223654e-002 8.743529e-001 4.280477e-002 -3.038210e-001 1.515909e-001 -1.895262e-001 
7.520029e+000 7.915511e+000 -1.133156e+001 4.153892e+000 -4.175406e+000 1.176242e+000 -1.581518e+000 -7.450418e-001 6.504699e-001 -3.060997e+000 -5.088271e+000 -3.843688e+000 -1.933296e+000 -1.202991e+000 -5.559446e-001 1.961287e-001 -1.477382e+000 -1.035980e+000 9.519114e-001 1.005488e-001 4.880867e-001 -1.110018e+000 8.771604e-001 -1.251414e+000 
9.713739e+000 8.990113e+000 -8.964373e+000 3.693919e+000 -4.027812e+000 7.985368e-001 -3.024438e+000 -9.890483e-001 -2.252142e-001 -2.031621e+000 -4.607047e+000 -3.152820e+000 -9.694080e-001 -1.012744e+000 -2.043076e-002 1.244042e-001 -7.848067e-001 -9.201613e-001 6.906869e-001 4.526730e-001 2.223212e-001 -5.639313e-001 9.134308e-001 -9.967803e-001 
1.128390e+001 8.639534e+000 -7.715859e+000 3.010995e+000 -6.410260e+000 1.162821e-002 -4.088990e+000 9.554468e-002 -1.705855e+000 -2.138640e+000 -3.826031e+000 -2.948143e+000 -1.854950e+000 -1.172703e+000 -9.565376e-001 2.106938e+000 -2.631698e-001 -1.170154e+000 5.473851e-001 -5.395299e-001 1.036238e-001 -2.462633e-001 1.359188e+000 -4.232518e-001 
1.059375e+001 1.003533e+001 -7.021599e+000 2.786116e+000 -7.088190e+000 -2.247303e-001 -3.514828e+000 -6.482381e-002 -1.888393e+000 -3.135514e+000 -3.158705e+000 -2.411283e+000 -2.194877e+000 -7.969254e-001 1.149824e+000 1.734060e+000 3.563555e-001 -1.478580e+000 1.364657e+000 -5.676308e-002 -2.168770e-001 -2.782297e-001 1.323823e+000 -9.559095e-002 
1.028384e+001 1.012038e+001 -5.973309e+000 2.662823e+000 -5.959012e+000 -1.952257e-001 -4.400188e+000 -1.410933e+000 -2.290972e+000 -3.000535e+000 -2.013950e+000 -1.255620e+000 -1.857177e+000 -7.547835e-001 1.093353e+000 1.773275e+000 3.312733e-002 -5.502692e-001 1.772792e+000 6.934750e-001 -4.315554e-001 1.804428e-001 7.700207e-001 -2.983059e-001 
1.024091e+001 9.628850e+000 -5.099431e+000 2.833140e+000 -6.743722e+000 -8.643549e-001 -3.197860e+000 -2.521051e+000 -3.257955e+000 -1.189739e+000 -1.533168e+000 -2.094262e+000 -5.493386e-001 -3.761526e-001 1.393154e+000 1.230323e+000 1.310061e+000 5.066988e-001 1.166662e+000 1.471129e+000 7.243942e-001 -7.906611e-001 8.361937e-001 -1.435560e-001 
1.295998e+001 7.763348e+000 5.175045e-001 1.722072e+000 -2.969128e+000 -1.166050e+000 -8.530680e-002 -1.955803e+000 -1.896420e+000 -1.154343e+000 -4.364738e-001 -9.290001e-001 -3.605289e-001 -2.203806e-001 8.803468e-002 6.054146e-001 1.912929e-001 3.255758e-001 5.668987e-001 8.101201e-001 -5.039257e-002 -5.636115e-001 1.989281e-001 -1.656182e-001 
-1.733229e+001 -7.150695e+000 -3.510915e+000 6.457243e+000 -4.517445e+000 6.145008e+000 2.282649e+000 4.489550e+000 4.305741e+000 1.387856e+000 8.770296e-001 -4.790466e-001 -1.390197e+000 -1.051375e+000 -4.047645e-001 -3.719045e-001 2.456297e+000 8.026335e-001 3.713890e-001 -5.401954e-001 -8.237026e-001 -8.381464e-001 1.792976e-002 -3.530615e-001 
-1.434288e+001 -6.757873e+000 -2.619935e+000 6.975043e+000 -3.146074e+000 5.928547e+000 1.542382e+000 3.768002e+000 2.637028e+000 1.990231e+000 7.136046e-001 7.863361e-001 -9.323855e-001 -1.033738e+000 -1.550203e-001 5.947004e-001 1.137721e+000 6.545284e-001 -8.368587e-004 -1.411745e-001 -5.233061e-001 -4.826667e-001 1.284949e-001 -3.153677e-001 
-1.354887e+001 -6.967087e+000 -1.968588e+000 6.592519e+000 -3.910724e+000 4.861949e+000 -2.430883e-001 1.946654e+000 1.655439e+000 1.405537e+000 -2.038534e-001 1.637944e+000 2.077572e-001 3.538480e-001 5.885716e-001 1.388013e+000 1.095824e+000 8.788766e-001 -7.325880e-002 3.494657e-001 2.119666e-002 1.225159e-002 -5.489915e-002 -5.187088e-001 
-1.240332e+001 -6.614087e+000 -2.855229e+000 6.097809e+000 -3.207077e+000 4.955224e+000 -1.346585e+000 2.032331e+000 7.372596e-001 7.649561e-001 -7.308056e-001 1.319738e+000 7.774774e-001 3.280327e-001 3.205918e-001 5.805431e-001 1.247663e+000 1.132715e-001 -3.041167e-002 5.408440e-002 3.596149e-001 2.188341e-001 2.961135e-001 9.128221e-002 
-1.154951e+001 -6.660816e+000 -3.657032e+000 5.607142e+000 -2.246098e+000 4.021905e+000 -1.216952e+000 2.947052e+000 1.289427e+000 1.497356e+000 5.065187e-001 2.031928e+000 3.481263e-001 4.856337e-001 3.599337e-001 6.646363e-001 9.522678e-001 4.314723e-001 -6.954065e-002 3.605395e-001 5.569218e-001 4.166234e-001 2.931933e-001 -1.837208e-001 
-9.072204e+000 -5.992730e+000 -4.059488e+000 5.421661e+000 -1.519945e+000 4.407715e+000 -7.914691e-001 2.766806e+000 8.804719e-001 7.611399e-001 -8.211076e-001 2.294916e+000 -3.144403e-001 1.110802e+000 -6.465929e-001 3.803629e-001 5.406718e-002 -2.945033e-001 -7.169218e-002 2.019297e-001 -2.907542e-003 6.224560e-001 -2.331059e-001 -1.626534e-001 
-9.490282e+000 -6.425337e+000 -4.202146e+000 6.227226e+000 -7.242191e-001 5.097644e+000 -5.229376e-001 2.089935e+000 5.613386e-001 3.057271e-001 -1.035236e+000 1.870572e+000 -5.578126e-001 7.993093e-001 -8.516218e-001 6.383487e-001 5.741013e-001 4.598365e-001 3.241382e-001 2.470940e-001 -2.913148e-002 2.191378e-001 -4.655427e-001 6.865761e-002 
-8.931629e+000 -5.417569e+000 -4.395294e+000 6.052399e+000 -5.062809e-001 4.895282e+000 -1.467267e+000 2.006220e+000 4.932664e-001 -2.176198e-001 -1.466136e+000 1.027930e+000 -9.001571e-001 -1.651932e-002 -1.081313e+000 1.318819e+000 4.644988e-001 6.189202e-001 -3.499559e-001 3.790425e-001 4.080032e-001 3.453606e-001 -1.323055e-001 -1.412582e-001 
-8.286296e+000 -3.694880e+000 -3.337816e+000 5.982735e+000 -1.113185e+000 5.007865e+000 -9.797382e-001 1.449656e+000 -5.412276e-001 -6.174677e-001 -1.310342e+000 1.832805e-001 -2.821499e-001 2.145212e-001 -1.129096e+000 1.093177e+000 1.886604e-001 -7.650340e-003 -1.076898e+000 -2.025022e-001 3.893983e-001 -2.635271e-001 2.424942e-002 7.827697e-002 
-7.787504e+000 -3.597763e+000 -2.842719e+000 5.688360e+000 -2.053679e+000 4.290451e+000 -1.291191e+000 2.239130e+000 -3.742056e-001 2.093167e-001 -9.312257e-001 1.904204e-001 -6.297406e-001 -2.219358e-001 -5.137263e-001 9.580914e-001 5.433502e-001 8.264527e-001 3.960316e-002 -2.292782e-002 -4.595598e-001 -1.999384e-002 -2.070065e-001 -4.986945e-001 
-7.510295e+000 -2.347834e+000 -3.265042e+000 5.464898e+000 -2.072371e+000 5.110159e+000 -2.256689e+000 1.664026e+000 -6.820653e-001 1.816157e-001 -7.585935e-001 -1.153713e-001 4.254610e-001 -6.875503e-001 1.031692e-001 1.080597e+000 1.072661e+000 -2.466239e-001 1.446934e-001 -8.123503e-001 -4.683852e-001 -5.432646e-001 -5.020300e-001 -7.201417e-001 
-8.069008e+000 -2.872914e+000 -3.317763e+000 4.490705e+000 -3.121393e+000 5.152453e+000 -1.590444e+000 2.123643e+000 -5.196341e-002 2.554957e-001 -7.176871e-001 -6.452408e-001 -9.354596e-002 3.502639e-001 1.024287e-001 1.166878e+000 9.133462e-001 5.401168e-002 1.719444e-002 6.011075e-002 2.360567e-001 -1.170650e-001 -3.716756e-001 -1.556347e-001 
-6.391788e+000 -7.330403e-001 -4.705384e+000 3.714693e+000 -3.076271e+000 5.803551e+000 -9.929121e-001 2.214212e+000 -1.048386e+000 2.560280e-001 -5.493081e-001 -1.011761e+000 2.977750e-001 1.615809e-003 6.608373e-001 7.039664e-001 1.436215e-001 -7.903350e-001 6.356340e-001 1.413314e-001 1.143035e+000 1.940185e-001 -3.408161e-001 -3.433559e-001 
-4.303040e+000 2.055735e+000 -5.983438e+000 4.482691e+000 -4.085020e+000 5.291456e+000 -9.683732e-001 2.480416e+000 1.921227e-001 -1.197193e+000 -1.266154e+000 -1.399730e+000 6.541980e-001 -9.257678e-001 1.074832e+000 -1.553030e-001 8.033386e-001 -1.358837e+000 4.897042e-001 6.722055e-001 8.667041e-001 -3.196806e-001 1.229328e-001 -3.010369e-001 
1.788688e+000 5.029547e+000 -9.133232e+000 4.322525e+000 -4.974085e+000 3.514401e+000 -6.320404e-001 6.171345e-001 9.286193e-001 -2.656289e+000 -3.260881e+000 -2.227951e+000 -8.237599e-001 -1.590362e+000 -3.712543e-001 -1.259404e+000 4.161584e-001 -1.256190e+000 3.523814e-001 9.360663e-001 3.590492e-001 -4.239611e-001 2.750637e-001 -1.401461e-001 
8.161556e+000 7.482306e+000 -1.082893e+001 3.635523e+000 -4.215924e+000 1.649528e+000 -1.676091e+000 -7.177459e-001 6.963013e-001 -3.140598e+000 -4.986858e+000 -3.621607e+000 -1.693739e+000 -1.397338e+000 -3.683937e-001 9.108771e-002 -1.408972e+000 -9.906315e-001 8.498021e-001 2.707236e-001 3.210702e-001 -8.320712e-001 8.172852e-001 -1.117914e+000 
1.008212e+001 8.750827e+000 -8.610316e+000 3.292828e+000 -3.907852e+000 9.828622e-001 -2.503850e+000 -1.197394e+000 -1.035665e-001 -1.893595e+000 -4.172732e+000 -3.022353e+000 -1.156221e+000 -7.170162e-001 1.616267e-001 1.792627e-001 -5.609284e-001 -9.440420e-001 5.725880e-001 5.551285e-001 4.235133e-001 -2.635852e-001 6.481191e-001 -1.028220e+000 
1.159689e+001 8.049965e+000 -6.804325e+000 2.034499e+000 -5.767670e+000 -3.461161e-001 -3.364251e+000 -2.358789e-001 -9.482319e-001 -2.525742e+000 -3.364701e+000 -3.030342e+000 -1.570580e+000 -1.459707e+000 -6.133015e-001 2.014826e+000 -1.795222e-001 -1.236818e+000 7.776714e-001 -5.805160e-001 1.344765e-001 -1.712077e-001 1.371768e+000 -3.479953e-001 
1.102800e+001 9.175244e+000 -6.279628e+000 1.436134e+000 -6.139404e+000 -1.412847e+000 -2.806951e+000 -5.730198e-001 -1.617970e+000 -3.368159e+000 -3.267282e+000 -2.433931e+000 -2.092918e+000 -1.068799e+000 1.198724e+000 1.783786e+000 1.228820e-001 -1.256589e+000 1.100510e+000 2.268173e-001 -5.067877e-001 -1.378176e-001 1.281132e+000 -7.203585e-002 
1.063945e+001 9.924973e+000 -5.386175e+000 2.112216e+000 -5.176233e+000 -4.503706e-001 -4.156529e+000 -1.468250e+000 -2.042218e+000 -2.993639e+000 -1.662867e+000 -1.349201e+000 -1.664127e+000 -7.803353e-001 1.292255e+000 1.784830e+000 2.227019e-001 -5.391231e-001 1.772066e+000 7.726772e-001 -2.639965e-001 1.481424e-001 7.544538e-001 -3.429105e-001 
