1.339631e+001 1.007650e+001 -7.903328e+000 3.028175e+000 2.116856e+000 3.269878e-001 -2.212187e-001 -6.830494e-001 -2.104720e-001 -8.076071e-001 -7.889564e-001 -5.016274e-002 
1.435620e+001 9.444977e+000 -6.850841e+000 3.165494e+000 2.207894e+000 8.478328e-001 -2.931167e-001 -1.172220e+000 -6.006753e-003 -1.301934e+000 -5.856359e-001 1.238767e-001 
1.369319e+001 1.018575e+001 -7.492429e+000 3.892806e+000 2.188696e+000 1.202430e+000 -1.923868e-001 -1.098456e+000 3.447733e-001 -1.890783e+000 -9.244927e-001 -4.457438e-001 
1.399198e+001 8.744432e+000 -6.592384e+000 3.457170e+000 3.713350e+000 8.797056e-001 -2.475333e-001 -1.217887e+000 -5.361775e-001 -1.419787e+000 -9.014601e-001 -2.294606e-002 
1.406361e+001 9.615891e+000 -7.293318e+000 3.586962e+000 2.220508e+000 1.176853e+000 -3.183026e-001 -7.536992e-001 4.172937e-001 -1.824081e+000 -1.136789e+000 -5.375295e-001 
1.313518e+001 1.090883e+001 -8.492501e+000 4.704811e+000 1.665313e+000 1.434516e+000 -9.971033e-001 -7.355432e-001 1.909455e-001 -1.507698e+000 -7.076162e-001 9.921653e-002 
1.441937e+001 1.007046e+001 -8.218145e+000 4.073958e+000 1.755173e+000 1.761504e+000 -1.267560e+000 -2.256912e-001 -1.591462e-001 -9.865584e-001 -1.199516e+000 -2.364669e-001 
1.421873e+001 9.751839e+000 -8.070852e+000 4.817923e+000 1.104522e+000 1.767608e+000 -2.212126e+000 2.952726e-001 -3.404537e-001 -4.452339e-001 -1.134879e+000 1.007471e-001 
1.332205e+001 1.012065e+001 -7.981390e+000 4.641032e+000 1.313124e+000 1.166791e+000 -1.879385e+000 -1.115060e-001 -2.608003e-001 -5.695837e-001 -6.264758e-001 5.803266e-001 
1.299672e+001 9.984531e+000 -8.575270e+000 4.873211e+000 1.543274e+000 1.240788e+000 -2.207689e+000 6.962548e-002 1.131109e-001 -4.656559e-001 -1.068966e+000 -4.413179e-002 
1.258310e+001 9.293704e+000 -8.703063e+000 3.919346e+000 2.014685e+000 1.574968e+000 -6.010929e-001 9.301832e-002 -1.010942e-001 -1.565973e+000 -1.708266e+000 -4.942897e-001 
1.183741e+001 9.319714e+000 -9.267003e+000 4.612411e+000 1.821414e+000 1.909922e+000 -8.309274e-001 3.704404e-001 -3.977325e-001 -1.711904e+000 -1.388156e+000 -8.198655e-001 
1.277287e+001 7.598715e+000 -7.383246e+000 3.070109e+000 2.814455e+000 5.211152e-001 -5.441036e-001 -1.003730e-001 1.184916e-001 -1.415442e+000 -1.123676e+000 -3.717324e-001 
1.800793e+001 4.590675e+000 -3.755535e+000 5.821934e-001 2.324396e+000 -1.906034e-001 -1.099167e+000 -2.052630e-001 -5.177462e-002 -6.543625e-001 -4.535250e-001 1.888050e-001 
1.291330e+001 1.061997e+001 -8.120691e+000 3.021139e+000 1.553997e+000 4.318408e-001 -1.511296e-001 -7.884252e-001 -3.585246e-001 -7.440538e-001 -3.805163e-001 3.031020e-001 
1.393436e+001 9.548774e+000 -7.241113e+000 2.649162e+000 1.466769e+000 5.468556e-001 -1.794914e-001 -1.040109e+000 4.453792e-001 -1.134558e+000 -6.397657e-001 1.038751e-001 
1.293485e+001 1.206546e+001 -9.280911e+000 4.107227e+000 4.142339e-001 1.088592e+000 -1.401817e+000 -5.355494e-001 1.000784e+000 -1.080663e+000 -3.451417e-001 -2.483370e-001 
1.456078e+001 9.009393e+000 -6.546173e+000 2.244853e+000 2.475853e+000 -9.569650e-002 -4.899782e-001 -8.284143e-001 4.552133e-001 -5.416572e-001 -9.976536e-001 5.276455e-003 
1.313082e+001 1.055709e+001 -8.465592e+000 4.146014e+000 1.664250e+000 1.485463e+000 -6.077551e-001 -6.030301e-001 5.806904e-001 -1.688858e+000 -1.193667e+000 -6.461998e-001 
1.371504e+001 1.012237e+001 -7.601102e+000 4.164747e+000 2.339000e+000 4.743435e-001 -1.094088e+000 -1.013162e+000 6.979970e-001 -1.032469e+000 -8.369605e-001 4.847140e-002 
1.444815e+001 9.373178e+000 -6.974452e+000 3.953269e+000 2.296929e+000 9.424078e-001 -1.033608e+000 -6.010433e-001 1.685931e-001 -1.131731e+000 -9.854093e-001 -1.704510e-001 
1.352023e+001 1.000643e+001 -8.005831e+000 4.909426e+000 1.595441e+000 2.639914e+000 -1.545682e+000 6.268452e-001 -3.657156e-001 -1.398116e+000 -2.434540e+000 -7.598476e-001 
1.401248e+001 8.900415e+000 -6.137370e+000 3.587562e+000 3.011750e+000 1.092415e+000 -8.371571e-001 -7.398764e-001 -9.904548e-002 -1.392241e+000 -1.167660e+000 -1.175100e-001 
1.314113e+001 9.945141e+000 -6.901983e+000 4.461986e+000 1.650304e+000 1.072281e+000 -1.156275e+000 -8.199033e-003 -1.793329e-001 -1.273706e+000 -9.405290e-001 -3.017942e-001 
1.272748e+001 9.807313e+000 -7.271586e+000 4.188072e+000 2.685799e+000 5.910908e-001 -9.172137e-001 -4.019666e-001 9.462161e-002 -1.284597e+000 -9.613485e-001 -7.116795e-001 
1.206900e+001 8.413166e+000 -6.983577e+000 4.159457e+000 3.850243e+000 7.979914e-001 -1.058763e+000 -6.247218e-001 -3.765721e-001 -1.577792e+000 -5.485290e-001 -6.416129e-001 
