1.006397e+001 1.416830e+001 -3.770560e+000 2.910086e+000 -2.831575e+000 2.439907e+000 -3.592265e+000 9.606103e-001 1.796940e-001 -2.106830e+000 -1.515057e+000 -1.058812e-001 1.969112e-001 -8.932286e-002 1.819545e-001 -4.924274e-001 -4.433048e-001 7.896477e-002 1.206198e+000 -2.583784e-001 -5.360391e-001 -8.656541e-001 7.349280e-002 3.408839e-001 
1.057579e+001 1.230664e+001 -4.247761e+000 5.821325e+000 -2.811956e+000 3.357701e+000 -2.254322e+000 1.071841e+000 -1.056046e+000 -1.502650e+000 -1.248146e+000 -1.676683e-001 3.646932e-001 -6.487821e-001 1.201880e+000 -1.043454e+000 -1.194239e+000 -7.484806e-001 -3.821198e-002 -4.568392e-001 1.573324e-001 -3.968316e-001 2.635744e-001 1.803899e-001 
1.444242e+001 1.483773e+001 -5.963209e+000 5.404531e+000 -1.915840e+000 3.247421e+000 -2.942537e+000 2.186703e+000 -1.270431e+000 -3.687685e+000 -5.806455e-001 -4.863219e-002 7.030709e-003 -8.116876e-001 1.840670e+000 -9.260788e-001 -1.564393e+000 -9.365020e-001 9.607660e-001 -3.817913e-002 1.392202e-002 -1.249151e+000 -1.851499e-001 4.926088e-001 
1.351294e+001 1.668905e+001 -7.016781e+000 5.181735e+000 -2.166825e+000 3.464754e+000 -2.849289e+000 5.520712e-001 2.541113e-001 -3.938466e+000 -1.281976e-001 -5.971017e-001 1.109881e+000 -1.326323e+000 1.932755e+000 -6.252957e-001 -2.150619e+000 -4.301458e-001 6.501357e-001 8.303009e-001 -9.751930e-001 -1.427089e-001 -3.673409e-001 4.639474e-001 
1.193007e+001 1.476500e+001 -4.701961e+000 4.447268e+000 -1.967556e+000 2.482210e+000 -1.974528e+000 9.727341e-001 2.036082e-001 -3.285560e+000 -1.074480e+000 6.914534e-003 7.758746e-001 -8.241104e-001 1.350715e+000 -5.747184e-001 -1.465977e+000 -1.595465e-001 6.122158e-001 7.058171e-001 -5.252127e-001 4.328787e-002 1.525772e-001 2.718188e-001 
1.315832e+001 1.367514e+001 -4.022625e+000 3.884588e+000 -7.604647e-001 1.868438e+000 -1.917722e+000 1.111705e+000 3.002189e-002 -3.154630e+000 -1.227067e-001 8.895613e-001 5.368049e-002 -1.021007e+000 5.372932e-001 -2.537947e-001 -2.086899e+000 -5.154426e-001 1.234577e+000 5.732681e-001 1.004730e-001 -6.170589e-001 -1.195293e-001 1.183334e-001 
1.166982e+001 1.396674e+001 -5.099138e+000 4.502541e+000 -1.598616e-001 2.412862e+000 -2.717262e+000 1.752797e+000 -1.939741e-001 -3.130126e+000 -1.531434e+000 4.912996e-001 3.103688e-001 -4.983429e-001 1.138605e+000 -4.204719e-002 -1.452897e+000 -4.376430e-001 9.736590e-001 8.103912e-002 -1.072438e-001 -3.611187e-001 3.122707e-001 4.477644e-001 
1.137525e+001 1.263757e+001 -3.994862e+000 4.306374e+000 4.362577e-001 1.560899e+000 -1.378514e+000 8.381914e-001 9.441264e-001 -3.315432e+000 -9.000698e-001 -1.359458e-001 -1.846932e-001 -8.483492e-001 5.411257e-001 2.525741e-001 -1.421370e+000 4.128442e-003 9.971675e-001 6.150705e-001 -3.889124e-001 -2.179510e-001 2.997623e-001 2.765942e-001 
1.064185e+001 1.418083e+001 -4.990425e+000 4.919874e+000 -2.027649e-001 1.982208e+000 -2.225072e+000 4.028030e-001 5.527044e-001 -3.738090e+000 -5.357158e-001 2.055754e-001 9.937567e-001 -1.031256e+000 4.813009e-001 4.416213e-002 -1.675627e+000 4.440538e-002 1.090063e+000 8.175195e-001 -6.138541e-001 2.888380e-001 9.324798e-002 3.572525e-001 
1.047999e+001 1.604713e+001 -6.095732e+000 4.997083e+000 -1.717872e+000 1.887091e+000 -2.564284e+000 1.305331e+000 8.955573e-001 -4.026004e+000 -8.316639e-001 -1.666952e-001 1.230800e+000 -7.660462e-001 1.554962e+000 -1.150404e-001 -1.339291e+000 -9.906199e-002 1.059257e+000 8.758989e-001 -9.051219e-001 -1.870570e-001 -3.788831e-001 -1.324403e-001 
1.044821e+001 1.499691e+001 -4.670079e+000 4.484627e+000 -9.332236e-001 1.481714e+000 -2.014260e+000 1.049664e+000 1.617049e+000 -3.775161e+000 -6.626672e-001 8.412701e-001 8.654903e-001 -6.733420e-001 8.129247e-001 -2.116417e-001 -2.159873e+000 -7.500294e-001 5.814126e-001 4.351695e-001 -7.641675e-001 2.493266e-001 3.398026e-001 -1.018539e-002 
9.409220e+000 1.445779e+001 -5.701617e+000 4.985128e+000 -1.473482e+000 1.933767e+000 -2.166129e+000 1.135156e+000 7.778706e-001 -2.701586e+000 -7.965916e-001 1.105407e+000 3.470755e-002 -9.753753e-001 1.911023e-001 -4.931009e-002 -1.464077e+000 -6.509575e-001 1.743057e+000 3.476074e-002 5.410382e-003 -1.541454e-001 9.180318e-001 3.772588e-001 
1.159968e+001 1.413634e+001 -5.139528e+000 5.025338e+000 -8.638372e-001 2.145209e+000 -3.321419e+000 1.123557e+000 6.100857e-001 -2.597325e+000 -1.134986e+000 9.235221e-001 -6.594455e-003 -1.323185e+000 7.856433e-001 1.552249e-001 -1.201308e+000 -2.817393e-001 1.432785e+000 -3.220972e-002 -3.960496e-001 -4.302670e-001 4.887381e-001 2.723171e-001 
1.312719e+001 1.274928e+001 -4.135672e+000 5.467522e+000 -8.026298e-001 1.636373e+000 -2.799898e+000 5.333393e-001 2.537330e-001 -3.321215e+000 -8.610161e-001 6.119445e-001 5.685482e-002 -1.555600e+000 9.830078e-001 5.669492e-001 -8.337792e-001 -2.735917e-002 1.494404e+000 7.434347e-001 -8.155501e-001 -6.213748e-001 -1.408821e-001 4.120617e-002 
1.392118e+001 1.413857e+001 -4.027501e+000 5.443711e+000 4.383361e-001 1.850538e+000 -2.269017e+000 5.272009e-001 -1.756864e-001 -3.619755e+000 -1.411386e+000 1.186642e+000 1.424270e-001 -1.080973e+000 1.058031e+000 1.031598e-001 -1.421639e+000 -6.511528e-001 9.536366e-001 3.194077e-001 -3.141399e-001 -4.181343e-001 3.727396e-001 3.848477e-001 
1.514775e+001 1.533021e+001 -4.212582e+000 3.579345e+000 1.415519e+000 1.944903e+000 -3.384112e+000 8.072165e-001 -8.364624e-001 -3.914835e+000 -1.496555e+000 1.178239e+000 3.334851e-001 -1.382744e+000 1.009786e+000 7.257708e-001 -1.062019e+000 -5.670045e-001 1.655979e+000 1.399670e-002 -5.595486e-001 -1.360896e-001 2.950363e-001 1.649804e-001 
1.881975e+001 1.407600e+001 -3.889807e+000 2.456557e+000 2.433378e+000 7.246818e-001 -2.797971e+000 -6.210356e-002 -1.229131e-001 -3.748965e+000 -9.460850e-001 8.243308e-001 -6.634656e-001 -1.731351e+000 8.018300e-001 1.247926e+000 -8.883069e-001 2.217962e-001 1.303242e+000 -3.488974e-001 -7.633718e-001 -2.895289e-001 -1.540258e-001 6.594416e-001 
1.597880e+001 1.293547e+001 -3.437854e+000 8.653755e-001 -6.219019e-001 1.206930e+000 -2.454207e+000 4.970722e-001 1.213526e-001 -3.372722e+000 -1.007225e+000 -1.943458e-002 4.345604e-002 -4.510532e-001 8.925351e-001 1.364164e-001 -1.363641e+000 7.160481e-002 1.300071e+000 1.556720e-001 -7.509736e-001 -4.698193e-001 -1.400441e-001 5.767343e-001 
1.044721e+001 1.370704e+001 -3.600550e+000 3.424865e+000 -1.896344e+000 2.545849e+000 -2.258042e+000 7.304949e-001 2.677472e-001 -1.401249e+000 -1.012436e+000 7.230077e-002 4.718988e-001 -6.315879e-001 2.660239e-001 -1.381550e+000 -1.636139e+000 -4.615252e-001 6.199203e-001 -3.691712e-001 -7.082786e-001 -1.983933e-001 1.961999e-001 -1.659342e-001 
1.458783e+001 1.331264e+001 -4.772106e+000 5.685272e+000 -2.150268e+000 2.454850e+000 -2.859566e+000 1.473551e+000 -1.125021e+000 -2.884531e+000 -9.114186e-001 -8.286424e-002 1.114352e-001 -2.875795e-001 1.758754e+000 -1.191081e+000 -1.571853e+000 -4.052421e-001 5.587928e-001 -1.961301e-001 2.321632e-001 -8.827675e-001 -1.831410e-001 3.453073e-001 
1.495439e+001 1.431321e+001 -6.048704e+000 3.738863e+000 -9.881712e-001 2.413474e+000 -2.585267e+000 8.196489e-001 -8.522330e-002 -3.857093e+000 -5.368680e-001 -7.889462e-001 -5.514917e-002 -5.683077e-001 1.588772e+000 2.707122e-001 -1.724354e+000 -2.531286e-001 9.739262e-001 6.591491e-001 -6.562781e-001 -6.471406e-001 -4.726691e-001 3.356454e-001 
1.217437e+001 1.509278e+001 -4.994181e+000 4.895814e+000 -1.445567e+000 3.021068e+000 -2.585572e+000 6.593791e-001 4.369294e-001 -3.113155e+000 -1.221984e+000 -1.512941e+000 6.188415e-001 -1.060267e+000 1.592846e+000 -3.437474e-001 -1.323984e+000 3.511680e-001 5.612142e-001 6.122770e-001 -9.653714e-001 -6.910858e-002 -6.464001e-001 -1.054654e-001 
1.190340e+001 1.444082e+001 -5.264764e+000 3.982842e+000 -1.477864e+000 2.386910e+000 -2.769546e+000 1.754154e+000 7.382548e-002 -2.881918e+000 -5.544777e-001 5.956497e-001 3.242060e-001 -5.517725e-001 1.149516e+000 -3.316465e-001 -2.112624e+000 -6.987112e-001 8.454267e-001 2.236270e-001 1.304327e-001 -3.638644e-001 4.063873e-001 3.418087e-001 
1.195264e+001 1.394375e+001 -5.268817e+000 3.646792e+000 -8.102477e-001 2.401028e+000 -2.391019e+000 2.180026e+000 3.080757e-001 -2.328607e+000 -1.472952e-001 7.550646e-001 -1.258577e-001 -6.353894e-001 7.676318e-001 -5.887606e-001 -1.823192e+000 -5.688021e-001 9.449674e-001 1.552087e-001 -4.213505e-002 -6.435362e-001 1.450361e-001 2.231897e-001 
1.103105e+001 1.465502e+001 -4.988638e+000 5.095660e+000 -1.017201e+000 2.248242e+000 -2.809702e+000 2.394373e+000 -4.221707e-002 -2.824089e+000 -9.707452e-001 7.488004e-001 5.555553e-001 -1.781131e-001 1.087797e+000 -7.407657e-001 -1.768448e+000 -7.638447e-001 7.518834e-001 -8.931759e-002 -2.333970e-001 -4.232049e-001 3.400221e-001 4.872959e-001 
1.011231e+001 1.419707e+001 -5.194077e+000 4.976943e+000 -1.171257e+000 2.437017e+000 -3.759109e+000 1.571240e+000 3.602332e-002 -2.497387e+000 -1.017472e+000 1.095121e+000 3.440351e-001 -9.685387e-001 8.461670e-001 -6.607975e-001 -1.105957e+000 -3.615313e-001 1.664367e+000 1.607099e-001 -2.100215e-001 -3.345665e-001 9.054938e-001 2.561021e-001 
9.576040e+000 1.565396e+001 -5.658505e+000 6.246144e+000 -9.706508e-001 3.029379e+000 -3.632435e+000 7.929716e-001 4.933115e-001 -3.696607e+000 -9.205058e-001 1.468850e-001 4.972227e-001 -1.457463e+000 1.902106e+000 -3.028674e-001 -1.037881e+000 -4.763364e-001 1.021953e+000 4.446869e-001 -1.008164e+000 -2.210251e-001 5.084620e-001 3.283134e-001 
1.049776e+001 1.431427e+001 -4.917236e+000 4.384514e+000 -4.203567e-001 1.988881e+000 -1.778739e+000 5.753861e-001 7.286573e-001 -4.328936e+000 -1.401694e+000 -5.326403e-002 4.100960e-001 -8.334274e-001 1.407370e+000 1.020452e+000 -9.151328e-001 1.655379e-001 7.871665e-001 4.294341e-001 -1.422321e+000 -5.558640e-001 -2.009518e-001 -2.200726e-001 
9.753187e+000 1.579780e+001 -5.723703e+000 5.088917e+000 -1.264966e+000 1.382849e+000 -2.258545e+000 3.951019e-001 9.213976e-001 -3.966734e+000 -7.921123e-001 6.153642e-001 5.481618e-001 -6.521258e-001 1.021472e+000 4.802539e-001 -1.435657e+000 -6.447154e-001 1.082126e+000 5.837360e-001 -3.361582e-001 -4.938368e-001 -2.812608e-001 -6.528810e-001 
9.999144e+000 1.402433e+001 -5.251727e+000 5.412804e+000 -1.620174e+000 1.028229e+000 -4.339177e+000 1.725141e-001 -7.075980e-002 -2.343769e+000 -1.110688e+000 1.147271e+000 -5.066607e-002 -7.354227e-001 1.169929e+000 4.105859e-001 -1.409663e+000 -1.064237e+000 1.586647e+000 3.145261e-001 1.399241e-001 -4.802510e-001 2.898587e-001 -1.133400e-001 
1.110570e+001 1.193573e+001 -5.231601e+000 4.744968e+000 -1.167266e+000 2.318897e+000 -2.854395e+000 1.171983e+000 4.887287e-001 -3.210775e+000 -1.195181e+000 8.373478e-002 4.551113e-001 -8.510837e-001 9.862255e-001 2.912505e-001 -1.345807e+000 -2.746281e-001 1.512309e+000 5.400339e-001 -2.331451e-001 -4.805655e-001 5.416615e-002 9.223942e-002 
1.353732e+001 1.241335e+001 -3.994709e+000 4.605398e+000 -3.212161e-001 2.055762e+000 -1.679328e+000 3.399848e-001 3.705667e-001 -3.157759e+000 -1.702463e+000 5.529794e-001 6.939249e-002 -1.590563e+000 1.185100e+000 6.941940e-001 -1.154133e+000 -4.154107e-001 1.117747e+000 4.796418e-001 -8.412442e-001 -3.406269e-001 1.451239e-001 2.664421e-001 
1.371711e+001 1.589083e+001 -5.599439e+000 4.840765e+000 3.461681e-001 2.332808e+000 -3.356537e+000 9.740971e-001 -1.313007e+000 -3.239320e+000 -1.557499e+000 1.529401e+000 5.817411e-002 -1.598720e+000 1.339301e+000 2.281907e-001 -9.420305e-001 -5.354059e-001 1.680259e+000 3.448716e-003 -2.319265e-001 -5.327888e-001 6.632538e-001 3.439774e-001 
