7.559956e+000 1.526512e+001 -2.923732e+000 1.081667e+000 -1.740344e-001 2.293202e+000 -2.332167e-002 5.054118e-002 -9.732754e-001 -1.329619e+000 -8.791032e-001 -2.323147e-001 
8.188304e+000 1.406274e+001 -1.926325e+000 8.751283e-001 1.377061e-001 1.943871e+000 4.879445e-002 -1.769338e-001 -7.958586e-001 -1.387308e+000 -6.141947e-001 -3.669016e-001 
8.020803e+000 1.406826e+001 -1.813854e+000 1.000366e+000 5.119398e-001 1.737840e+000 -2.916769e-001 -1.058321e-001 -8.267111e-001 -1.113309e+000 -7.243811e-001 -3.231952e-001 
8.136023e+000 1.380942e+001 -1.593598e+000 1.022511e+000 6.037853e-001 1.497928e+000 -1.694840e-001 -2.607306e-001 -5.977336e-001 -1.232653e+000 -5.044099e-001 -4.527464e-001 
7.383278e+000 1.460496e+001 -2.197639e+000 1.739260e+000 -5.662027e-001 2.501489e+000 -5.165520e-001 2.425111e-001 -1.184611e+000 -8.226578e-001 -9.767199e-001 -1.567830e-001 
8.794361e+000 1.278376e+001 -6.478395e-001 2.535732e-001 6.055546e-001 1.586208e+000 5.235473e-001 -3.157572e-001 -8.701747e-001 -1.189028e+000 -7.895415e-001 -2.579512e-001 
8.548607e+000 1.302749e+001 -6.126702e-001 -2.240411e-001 6.804111e-001 1.686209e+000 6.254728e-001 -3.197170e-001 -8.350853e-001 -1.228905e+000 -8.916027e-001 -2.071357e-001 
8.019684e+000 1.371488e+001 -1.124431e+000 3.078500e-001 1.459589e-001 1.903639e+000 5.512493e-001 -9.893678e-002 -1.155129e+000 -1.044031e+000 -8.079573e-001 -3.314315e-001 
1.039754e+001 1.118197e+001 2.787283e-001 -6.567598e-001 5.107789e-001 1.087888e+000 5.724761e-001 -3.261002e-001 -9.134466e-001 -9.556972e-001 -5.561675e-001 -2.073903e-001 
7.725019e+000 1.460668e+001 -2.291610e+000 7.206429e-001 1.608858e-001 1.856262e+000 2.781998e-001 -2.267893e-001 -8.035500e-001 -1.419957e+000 -7.290902e-001 -2.677550e-001 
7.679280e+000 1.450560e+001 -2.363527e+000 1.261513e+000 -1.977453e-001 2.206961e+000 -9.897768e-002 7.559377e-003 -9.665622e-001 -1.343285e+000 -6.751586e-001 -3.531034e-001 
8.521600e+000 1.326642e+001 -1.202968e+000 5.214568e-001 8.902430e-001 1.395379e+000 -3.998207e-002 -2.920976e-001 -6.798306e-001 -1.219281e+000 -6.449654e-001 -3.578254e-001 
8.441975e+000 1.321409e+001 -1.146767e+000 6.363984e-001 8.270438e-001 1.301627e+000 3.578528e-002 -3.445312e-001 -5.923521e-001 -1.251154e+000 -5.300806e-001 -4.487620e-001 
7.252589e+000 1.461714e+001 -2.234916e+000 1.616851e+000 -4.281478e-001 2.330748e+000 -2.972519e-001 6.939618e-002 -1.011271e+000 -9.748026e-001 -8.736180e-001 -2.101113e-001 
8.028083e+000 1.348053e+001 -1.217813e+000 6.489203e-001 3.533109e-001 1.740989e+000 3.538340e-001 -2.944575e-001 -8.931206e-001 -1.164892e+000 -8.054687e-001 -2.520078e-001 
8.430298e+000 1.295583e+001 -7.180927e-001 -1.165609e-001 7.538589e-001 1.615879e+000 6.587899e-001 -3.228654e-001 -8.786919e-001 -1.215809e+000 -9.290973e-001 -2.260318e-001 
