4.358391e+000 1.181258e+001 2.232276e+000 3.031201e+000 1.623231e+000 7.837395e-001 9.487610e-001 3.409699e-001 -5.883661e-001 -1.046582e+000 -7.395274e-001 -4.596641e-001 
3.269303e+000 1.217470e+001 2.246246e+000 3.438014e+000 1.229399e+000 1.093499e+000 1.123773e+000 -1.972785e-001 -4.232709e-001 -5.555048e-001 -8.007353e-001 -8.752669e-001 
2.034902e+000 1.372313e+001 8.420779e-001 4.344542e+000 8.764744e-001 1.346091e+000 6.400124e-001 -8.252765e-003 -3.720030e-001 -4.014094e-001 -8.437855e-001 -1.101022e+000 
1.867922e+000 1.371601e+001 5.699089e-001 4.519336e+000 9.323222e-001 1.388247e+000 4.754454e-001 1.528799e-001 -4.376639e-001 -6.622099e-001 -7.914359e-001 -6.648752e-001 
1.651132e+000 1.342324e+001 5.903666e-001 4.477266e+000 1.400091e+000 1.377202e+000 3.306331e-001 -2.537132e-001 -6.222839e-002 -3.061272e-001 -1.051900e+000 -7.805624e-001 
1.710887e+000 1.369572e+001 3.993545e-001 4.109291e+000 1.714389e+000 1.457582e+000 7.835151e-002 -4.566950e-001 2.068583e-002 -2.274197e-001 -1.180300e+000 -7.484433e-001 
1.578756e+000 1.390610e+001 5.238012e-001 3.906215e+000 1.010681e+000 1.509213e+000 5.583040e-001 -8.551850e-002 -3.298843e-001 -4.570214e-001 -1.154377e+000 -6.142852e-001 
3.771822e+000 1.252894e+001 1.261783e+000 2.459957e+000 1.317073e+000 7.673547e-001 8.699218e-001 4.520746e-001 -4.051656e-002 -6.561068e-001 -1.323561e+000 -9.348666e-001 
8.965112e+000 8.675116e+000 3.173543e+000 1.699263e+000 4.884198e-001 1.717593e-001 5.785150e-001 5.434623e-001 3.613968e-002 -3.318805e-001 -5.347629e-001 -5.609306e-001 
2.851806e+000 1.320406e+001 1.183548e+000 3.769571e+000 1.358645e+000 1.127222e+000 8.789616e-001 2.075777e-001 -5.300361e-001 -1.174193e+000 -7.676154e-001 -3.908989e-001 
2.576834e+000 1.285600e+001 1.715177e+000 3.731510e+000 1.027232e+000 1.211877e+000 1.167031e+000 -2.829066e-001 -4.065292e-001 -5.093120e-001 -7.933932e-001 -9.100869e-001 
2.029504e+000 1.352224e+001 9.868284e-001 4.168179e+000 9.891215e-001 1.368719e+000 5.916209e-001 1.045016e-002 -3.864289e-001 -4.256137e-001 -8.076688e-001 -1.079636e+000 
1.695793e+000 1.365688e+001 5.958229e-001 4.462732e+000 9.987941e-001 1.387427e+000 4.011089e-001 2.202832e-001 -4.658763e-001 -6.556658e-001 -7.767790e-001 -6.689507e-001 
1.369217e+000 1.359739e+001 3.967135e-001 4.510907e+000 1.340526e+000 1.519914e+000 1.683642e-001 -2.049666e-001 -9.417234e-002 -3.009611e-001 -1.051505e+000 -7.984807e-001 
1.506881e+000 1.377522e+001 3.528704e-001 4.069821e+000 1.689534e+000 1.550603e+000 2.718743e-003 -4.253605e-001 5.001333e-002 -3.188101e-001 -1.145197e+000 -7.642277e-001 
1.534191e+000 1.373965e+001 6.686262e-001 3.741370e+000 1.143240e+000 1.341788e+000 7.229097e-001 -1.961973e-001 -2.508040e-001 -4.929610e-001 -1.149773e+000 -6.169233e-001 
