9.584887625 11.77972675 -2.718693 2.282384 0.6670208625 1.3538615625 -0.8810750962499998 -0.3596949525 0.6298308237500001 -1.12803533625 -0.7310703625 0.066091075 
9.106978375 11.940377375 -2.772940875 2.2701827874999996 0.6047517124999999 1.3533168625 -0.94800814375 -0.4085384 0.48758499875 -0.925103075 -0.58243631875 0.05919222500000001 
8.724437375 11.87825325 -2.7403855125 2.0222902874999997 0.7066263875000001 1.2014097875 -0.9634286875 -0.132566170625 0.459165575 -0.9094356250000001 -0.731077275 0.006022925000000005 
8.319565125 12.279473625 -2.7703943875 2.35527145 0.46940460000000006 1.62789397625 -1.127418575 -0.02034694999999998 0.41656323750000007 -0.8659575249999999 -0.8293045862499999 -0.02677373749999999 
8.526857249999999 12.255662499999998 -2.480768175 2.2784296625 0.7820991375 1.5148635375000001 -1.1760401125 -0.04408638749999998 0.46290627624999997 -0.8705495874999999 -0.8944446650000001 0.0025162487499999983 
8.690772875 12.305379875 -2.57032725 2.2539542625 0.8180452874999999 1.7825108750000003 -1.10055729875 -0.1037368225 0.57327331625 -0.9690759 -0.91539111875 0.06889935 
8.648267375 12.43372325 -2.92818325 2.3091245624999996 0.8156378375 1.7384939125 -0.881020025 -0.27560323750000004 0.6727618500000001 -1.0990998 -0.7926819012499999 0.1293099125 
9.024421375 12.133126625000003 -2.73818525 2.0024859624999998 0.9475505125 1.610274125 -0.8198533 -0.14088797249999996 0.5672622049999999 -1.07892505 -0.8826398125 -0.054402350000000016 
11.822715999999998 9.629625875 -1.5257191750000003 1.1139620375000003 0.9790447125000001 0.75425549875 -0.5438136 -0.0795846125 0.54796142875 -0.81773957125 -0.6437843749999999 -0.022266662500000006 
9.403287875 12.1079855 -3.1155552499999994 2.4021264875 0.5494457749999999 1.4589824325 -0.8204452375 -0.161636975 0.5643889487499999 -0.9840511299999999 -0.6996846024999999 0.12350617500000001 
8.977922125 11.771377375 -2.7832394999999996 2.322241875 0.69935045 1.287762755 -0.9524795850000001 -0.259164815375 0.6117555925000001 -0.86234468875 -0.765521125 0.04312755124999997 
8.9199885 11.560947375 -2.6354546999999995 1.9486221625 0.843496975 1.1563387375 -0.93460139625 0.005760894999999967 0.57998717375 -0.9224506125 -0.8546797749999999 -0.027636713750000028 
8.718916375000001 11.758360624999998 -2.4171947625 1.99732615 0.9639578375 1.1637498124999999 -0.9917312400000001 -0.04481036249999999 0.5413707025000001 -1.0219873375 -0.8782394875 -0.0876217875 
8.3221445 12.153920749999997 -2.8052334375 2.3285346125 0.8773768375 1.42372967875 -1.0862827875 0.00808922250000002 0.6109381075000001 -0.9810906125000001 -0.94187191375 0.006262337500000013 
8.3248795 12.291349375 -2.9538348250000004 2.45649145 0.782264 1.48598885 -0.911900719625 -0.24835513749999996 0.74702032875 -1.25242435 -0.7769740250000001 -0.07200937499999996 
8.64659975 12.44465 -2.9824074375 2.3191667625 0.8237732625 1.51778895 -0.9294904124999999 -0.26275325 0.6114036875 -1.093600775 -0.9036675025 0.06782377500000002 
