-4.510577e+000 2.424698e+001 -1.966146e+000 2.150480e+000 5.721159e-001 1.211283e+000 -1.717615e-001 -4.232031e+000 -2.852241e+000 -4.489984e+000 -3.598509e+000 -2.728960e+000 -1.530035e+000 -1.581412e+000 -1.855188e+000 -3.206738e+000 -2.452875e+000 -1.101354e-001 -2.281452e-001 -3.021828e+000 -1.270693e+000 -1.130117e+000 -1.805839e+000 -3.548673e-001 1.388098e+000 1.625203e+000 -8.981837e-001 -5.999587e-001 1.378902e-001 -1.233700e-005 3.328614e-001 -3.665079e-001 -5.075569e-001 -1.003066e+000 -1.597652e+000 -1.118693e+000 
-2.431958e+000 2.434122e+001 -2.129687e+000 2.581247e+000 3.793892e-001 7.856753e-001 6.599147e-001 -4.989137e+000 -3.102318e+000 -3.590120e+000 -3.448317e+000 -2.103692e+000 -1.322780e+000 -7.423245e-001 -8.091262e-001 -2.344704e+000 -1.832681e+000 -8.353103e-001 -8.500573e-001 -1.818824e+000 -1.489283e+000 -1.032430e+000 -1.080827e+000 8.626246e-003 1.446192e+000 1.025348e+000 2.271902e-001 5.342929e-001 -5.584778e-001 -7.629567e-001 4.235203e-001 -3.006424e-001 -5.642462e-001 -3.781510e-001 -4.689575e-001 -3.656447e-001 
-2.735254e+000 2.449568e+001 -5.041331e+000 2.579482e+000 -1.713598e+000 3.025258e-001 1.781225e+000 -5.484401e+000 -7.629041e-001 -4.379839e+000 -3.667414e+000 -2.209261e+000 -2.618303e+000 -1.525791e+000 -2.121933e+000 -3.305595e+000 -2.144858e+000 -5.090205e-001 -4.790592e-002 -2.392972e+000 -9.458618e-001 -1.239184e-001 -1.449278e+000 -7.475692e-001 7.488873e-001 3.271241e-001 1.892306e-002 9.298241e-001 3.410065e-001 -5.639623e-001 2.347031e-001 -3.466206e-001 -1.102573e+000 -7.489291e-001 -9.502251e-001 -9.887581e-001 
1.587113e+000 2.484101e+001 -4.692908e+000 2.367585e+000 -2.811905e+000 -1.152250e+000 1.253014e+000 -4.924718e+000 -9.356119e-001 -3.998807e+000 -3.511020e+000 -1.148922e+000 -2.414879e+000 -6.179914e-001 -1.078877e+000 -2.500561e+000 -1.681335e+000 2.277157e-001 1.347455e-001 -3.397524e+000 -1.589042e+000 8.304865e-001 -1.692297e+000 -7.456103e-001 1.308733e+000 5.982991e-001 -2.108127e-001 9.604832e-001 8.538389e-001 -9.345607e-001 2.588897e-001 -9.047264e-002 -1.024801e+000 1.307365e-001 -4.776053e-001 -9.991711e-001 
2.307376e+000 2.387625e+001 -3.773841e+000 1.203804e+000 -3.103725e+000 -7.775842e-001 2.955197e-001 -4.768087e+000 -1.726412e+000 -4.535024e+000 -3.359230e+000 -1.352582e+000 -2.515773e+000 -9.711758e-001 -9.402905e-001 -2.272922e+000 -1.628014e+000 6.130341e-001 1.336948e-001 -3.957030e+000 -2.061570e+000 2.275461e-001 -2.242170e+000 -1.103524e+000 1.093048e+000 -6.453970e-002 -4.399562e-001 1.374832e+000 6.896268e-001 -6.589533e-001 3.190710e-001 -2.298762e-001 -1.025636e+000 1.344923e-001 -3.518024e-001 -1.089937e+000 
6.413243e+000 1.877823e+001 -1.871501e-001 -9.804789e-001 -1.591623e+000 -5.101014e-001 -8.999556e-001 -3.516737e+000 -3.180612e+000 -3.780185e+000 -3.304128e+000 -1.995071e+000 -1.673484e+000 -1.001476e+000 -1.407551e+000 -2.138453e+000 -8.691484e-001 8.118039e-001 -5.519534e-001 -3.360705e+000 -2.174357e+000 -8.003133e-001 -1.787326e+000 -7.350935e-001 4.445059e-001 -3.101059e-001 1.014899e-001 1.035919e+000 5.851117e-001 1.359769e-001 4.827776e-002 -6.259993e-001 -5.982801e-001 -4.572314e-002 -4.514336e-001 -6.876344e-001 
3.663925e+000 2.236708e+001 -1.736575e+000 5.478920e-001 -1.521707e+000 4.371152e-001 -1.239449e-001 -4.185893e+000 -2.169500e+000 -4.028158e+000 -3.309248e+000 -1.065559e+000 -1.578494e+000 -9.417099e-001 -1.038253e+000 -1.258842e+000 -4.168618e-001 7.555305e-001 9.221667e-002 -3.399875e+000 -2.319387e+000 -3.789991e-001 -1.837390e+000 -8.875513e-001 8.262927e-001 2.981620e-002 -1.955144e-002 1.168398e+000 9.223909e-001 9.027223e-002 3.244619e-001 -5.404631e-001 -9.064450e-001 1.962243e-002 -1.407912e-001 -3.087459e-001 
6.079613e+000 1.938245e+001 -6.720751e-001 -1.497276e-001 -9.439665e-001 -2.468936e-001 -9.803550e-001 -3.352645e+000 -2.822437e+000 -4.368187e+000 -3.393794e+000 -1.519566e+000 -1.440769e+000 -5.049418e-001 -1.150172e+000 -1.850151e+000 -5.132807e-001 7.740028e-001 -3.297552e-001 -3.290636e+000 -2.263426e+000 -6.281592e-001 -2.192186e+000 -1.186245e+000 8.862317e-001 -1.578550e-002 -2.635453e-001 1.072131e+000 9.664802e-001 5.545591e-002 -3.645766e-002 -3.485186e-001 -4.483032e-001 -3.047266e-001 -3.681148e-001 5.597255e-002 
2.787660e+000 2.297686e+001 -4.046995e+000 1.254445e+000 -1.131303e+000 -4.123194e-001 -8.909482e-001 -4.176336e+000 -1.946636e+000 -4.732552e+000 -3.554931e+000 -1.476840e+000 -1.600049e+000 -6.181007e-001 -1.250636e+000 -1.678259e+000 -8.947663e-001 9.404721e-001 -1.268619e-001 -3.895503e+000 -1.864997e+000 -4.728417e-001 -2.764934e+000 -1.394597e+000 9.991200e-001 1.107144e-001 -6.555432e-001 1.083403e+000 1.270325e+000 -1.471171e-001 8.414632e-004 -1.593652e-001 -6.223580e-001 -4.213509e-001 -3.018548e-001 1.144197e-001 
5.047532e-001 2.586028e+001 -6.208224e+000 2.485899e+000 -1.188384e+000 -1.203031e+000 -5.259892e-001 -5.028791e+000 -1.080523e+000 -4.824233e+000 -3.033110e+000 -2.172488e+000 -1.342854e+000 -4.509580e-001 -1.549408e+000 -1.223731e+000 -1.621284e+000 6.372563e-001 2.765777e-001 -4.249436e+000 -1.496683e+000 -3.625314e-001 -2.926239e+000 -1.432170e+000 1.340260e+000 4.610099e-002 -1.315747e+000 1.578056e+000 1.100180e+000 -1.743474e-001 -6.157535e-002 -1.920873e-001 -3.994394e-001 -7.190904e-001 7.452806e-002 -2.220520e-001 
1.049914e+000 2.384237e+001 -4.481048e+000 1.783221e+000 -6.563465e-001 -1.357895e+000 -8.065448e-001 -3.978421e+000 -1.729759e+000 -3.962864e+000 -3.908762e+000 -2.255309e+000 -1.190946e+000 -4.425507e-001 -1.936826e+000 -1.368892e+000 -1.085350e+000 4.068113e-002 5.833473e-001 -4.174557e+000 -1.790124e+000 3.186466e-001 -3.491571e+000 -1.488172e+000 1.372413e+000 -1.533366e-001 -9.368841e-001 1.387881e+000 1.200771e+000 -4.600773e-001 3.220897e-001 -1.845263e-001 -8.567160e-001 -3.256999e-001 -5.144387e-001 1.733561e-001 
4.589079e+000 1.931814e+001 -1.226036e+000 6.255732e-001 -6.986386e-002 -1.251964e+000 -9.399692e-001 -2.772330e+000 -2.644101e+000 -3.367371e+000 -3.965621e+000 -2.276214e+000 -6.048633e-001 -8.737411e-001 -1.590643e+000 -1.365355e+000 -8.340963e-001 6.084552e-001 -9.297565e-002 -3.558907e+000 -1.886631e+000 -4.281838e-002 -2.620022e+000 -1.475799e+000 1.255032e+000 -2.990470e-002 -4.652868e-001 1.237158e+000 9.341179e-001 -5.598636e-002 1.710833e-001 -2.151765e-001 -7.170937e-001 -5.522254e-001 -2.621289e-001 2.253830e-001 
2.638884e+000 2.242637e+001 -2.925578e+000 1.082267e+000 1.967431e-001 -1.107157e+000 -5.612949e-001 -3.355408e+000 -2.680442e+000 -3.215948e+000 -3.589029e+000 -1.983209e+000 -7.956101e-001 -8.465675e-001 -1.467248e+000 -1.408703e+000 -7.871456e-001 7.498769e-001 4.701647e-002 -3.885862e+000 -1.670608e+000 2.896030e-001 -2.757493e+000 -1.425898e+000 1.507564e+000 -1.326448e-001 -6.716968e-001 1.394426e+000 1.095127e+000 -1.014443e-001 2.013323e-001 -1.628436e-001 -8.777362e-001 -5.924559e-001 -9.945186e-002 3.112981e-001 
5.204527e+000 1.932011e+001 -1.326400e+000 -1.111292e-001 7.256770e-001 -9.633422e-001 -1.215739e+000 -2.818005e+000 -3.202834e+000 -3.293834e+000 -3.507214e+000 -2.365658e+000 -6.690377e-001 -7.210586e-001 -1.636151e+000 -1.781712e+000 -7.918322e-001 9.447288e-001 -7.607616e-002 -3.492741e+000 -2.118294e+000 -1.874656e-001 -2.441654e+000 -1.583668e+000 1.217155e+000 -1.318510e-001 -6.698749e-001 1.213291e+000 1.063144e+000 9.411398e-002 1.109855e-001 -2.479507e-001 -6.407969e-001 -5.534932e-001 -2.277710e-001 1.711491e-001 
7.571985e-001 2.403039e+001 -3.839738e+000 1.234803e+000 1.205532e-001 -7.862441e-001 -6.918379e-001 -4.205266e+000 -2.248232e+000 -3.909110e+000 -3.633980e+000 -2.047456e+000 -7.800821e-001 -4.366277e-001 -1.974887e+000 -1.898110e+000 -6.186722e-001 9.259118e-001 2.995573e-001 -4.466884e+000 -2.105469e+000 4.025008e-001 -2.997355e+000 -1.505435e+000 1.697495e+000 -5.678759e-001 -1.186831e+000 1.762900e+000 1.356544e+000 -5.715394e-001 3.122957e-001 -1.648200e-001 -1.044902e+000 -2.403600e-001 -8.584481e-002 1.807175e-001 
-1.060585e+000 2.659183e+001 -5.868578e+000 1.909090e+000 -6.241202e-002 -1.243110e+000 4.008462e-001 -5.584958e+000 -1.265530e+000 -4.596597e+000 -3.925244e+000 -1.621721e+000 -1.438892e+000 4.323444e-001 -3.103229e+000 -1.608243e+000 -5.058813e-001 3.026493e-001 1.400302e+000 -5.159128e+000 -2.176118e+000 -8.915941e-002 -2.649073e+000 -1.164733e+000 1.011874e+000 -2.073638e-001 -1.432179e+000 2.036956e+000 1.083358e+000 -4.667454e-001 1.147438e-001 -3.013885e-001 -7.897644e-001 -6.163941e-002 -3.655274e-001 3.539346e-002 
8.022140e+000 1.683739e+001 1.999810e-001 -9.981266e-001 3.817786e-001 -4.655278e-001 -2.024898e+000 -3.287918e+000 -3.186514e+000 -3.577415e+000 -3.242319e+000 -1.701034e+000 -6.081704e-001 -9.297755e-001 -1.983051e+000 -2.285827e+000 -9.186507e-001 7.347746e-001 -2.461376e-001 -3.112244e+000 -2.758311e+000 -7.581144e-001 -1.073074e+000 -9.626704e-001 3.240193e-001 -1.239344e-001 -5.106668e-001 4.761021e-001 9.025903e-001 3.954934e-001 -1.610783e-001 -4.245097e-001 -3.883527e-001 -1.197887e-001 -1.050532e-001 -2.603333e-001 
3.488102e+000 1.613725e+001 2.267857e+000 7.712808e-001 1.329024e+000 8.646782e-002 -1.300551e+000 -2.410721e+000 -2.834951e+000 -3.334909e+000 -3.037513e+000 -2.026747e+000 -1.429754e+000 -1.433207e+000 -2.037041e+000 -3.112325e+000 -2.224820e+000 -1.083376e-001 -4.912343e-001 -2.056784e+000 -1.576861e+000 -9.227533e-001 -9.989019e-001 8.754769e-002 1.561950e+000 1.122755e+000 -3.167352e-001 -8.421926e-001 -2.500720e-001 4.692044e-001 3.802550e-001 -1.643692e-001 -6.070930e-001 -9.733440e-001 -1.338026e+000 -1.165038e+000 
-2.138869e+000 2.270084e+001 -6.010975e-001 1.365269e+000 8.852454e-001 1.035383e+000 1.218515e-001 -4.453613e+000 -4.209115e+000 -3.809685e+000 -3.639172e+000 -2.260185e+000 -8.179308e-001 -7.593923e-001 -1.644779e+000 -2.705687e+000 -2.210699e+000 -7.427734e-001 -9.672432e-001 -2.207777e+000 -1.411053e+000 -8.117018e-001 -1.476220e+000 -4.935156e-001 1.653680e+000 1.191493e+000 -1.840290e-001 -5.267541e-002 -4.035181e-001 -3.549002e-001 2.878445e-001 -4.925263e-001 -4.920374e-001 -2.463581e-001 -1.011362e+000 -7.650647e-001 
-1.676675e+000 2.211967e+001 -2.061627e+000 1.611998e+000 1.304370e-001 6.291847e-001 5.555384e-001 -4.770889e+000 -2.821916e+000 -3.093382e+000 -3.831266e+000 -2.215623e+000 -2.342577e+000 -1.229617e+000 -8.801075e-001 -3.035724e+000 -2.141255e+000 -5.721949e-001 -6.594566e-001 -1.893359e+000 -1.257431e+000 -3.902997e-001 -1.273644e+000 -6.132025e-001 9.624639e-001 4.226674e-001 1.561028e-001 9.681734e-001 1.261148e-002 -5.093129e-001 1.607594e-001 -2.735977e-001 -9.276666e-001 -6.477523e-001 -6.866903e-001 -7.027616e-001 
9.465277e-001 2.338662e+001 -4.224603e+000 1.904537e+000 -1.960919e+000 -3.183125e-001 1.038717e+000 -4.259927e+000 -1.196663e+000 -3.431744e+000 -3.777312e+000 -1.484112e+000 -2.248040e+000 -1.214807e+000 -1.556951e+000 -2.767314e+000 -1.981896e+000 -1.043383e-001 1.062391e-001 -2.967928e+000 -1.103338e+000 6.335176e-001 -1.569286e+000 -4.006200e-001 1.284577e+000 5.794514e-001 -2.990498e-002 9.983086e-001 6.139177e-001 -8.895300e-001 1.157011e-001 -1.830567e-001 -1.173765e+000 -2.739960e-001 -5.744376e-001 -8.300048e-001 
2.318955e+000 2.438436e+001 -3.307218e+000 1.704506e+000 -2.885636e+000 -7.005554e-001 7.186819e-001 -4.568184e+000 -1.271655e+000 -3.682520e+000 -3.256360e+000 -8.326882e-001 -1.950680e+000 -6.418168e-001 -5.329069e-001 -2.149316e+000 -1.707410e+000 6.719906e-001 4.667610e-001 -3.700658e+000 -1.524109e+000 8.717326e-001 -1.906484e+000 -9.048588e-001 1.278859e+000 3.885108e-001 -1.779231e-001 1.128797e+000 9.919434e-001 -6.424205e-001 2.880102e-001 1.219219e-001 -1.123150e+000 1.373667e-001 -1.225342e-001 -1.266324e+000 
3.991285e+000 2.150779e+001 -1.528345e+000 -4.753322e-002 -1.755473e+000 -1.290457e-001 -1.246761e-001 -3.452109e+000 -2.447956e+000 -3.866314e+000 -3.030901e+000 -1.623751e+000 -2.062970e+000 -8.115662e-001 -7.721173e-001 -1.946223e+000 -1.289691e+000 1.332836e+000 1.851370e-001 -3.886490e+000 -1.757853e+000 -8.737904e-002 -2.187019e+000 -7.480758e-001 8.242186e-001 -9.612105e-002 1.466471e-001 1.200705e+000 7.619658e-001 -3.929666e-003 3.019889e-001 -5.007370e-001 -8.716067e-001 1.463742e-001 -3.970513e-001 -1.059702e+000 
3.366061e+000 2.235364e+001 -2.167588e+000 6.055629e-001 -1.857817e+000 7.965713e-002 -7.295679e-002 -4.237485e+000 -2.341444e+000 -4.163017e+000 -3.415279e+000 -1.220569e+000 -1.682283e+000 -9.592215e-001 -1.080252e+000 -1.408021e+000 -5.664960e-001 7.169627e-001 -2.804762e-002 -3.540944e+000 -2.538589e+000 -4.547844e-001 -1.766667e+000 -8.395811e-001 8.018199e-001 -6.616013e-002 4.689188e-002 1.223319e+000 5.873892e-001 5.172954e-003 3.237485e-001 -6.092040e-001 -8.307558e-001 1.189449e-001 -1.347049e-001 -4.103067e-001 
-7.361849e-001 2.729034e+001 -6.156596e+000 3.008471e+000 -2.312860e+000 -3.157101e-001 1.317797e+000 -6.724924e+000 6.118168e-001 -6.510625e+000 -2.436782e+000 -1.594464e+000 -2.157118e+000 9.108333e-002 -2.251567e+000 -5.870319e-001 -1.171232e+000 1.014401e+000 3.182083e-001 -4.048091e+000 -1.530277e+000 -1.167670e+000 -2.006083e+000 -1.185615e+000 8.741371e-001 2.666602e-001 -6.560632e-001 1.542617e+000 8.149459e-001 7.269816e-002 2.110299e-001 -4.977180e-001 -6.422697e-001 -3.491421e-001 -8.125657e-002 -3.606004e-001 
3.252683e+000 2.233596e+001 -2.964085e+000 6.574265e-001 -1.643142e+000 -5.562047e-001 -1.003422e+000 -4.159872e+000 -2.351760e+000 -4.848090e+000 -3.342696e+000 -1.292597e+000 -1.633383e+000 -5.056128e-001 -1.505664e+000 -2.031928e+000 -7.271418e-001 6.443864e-001 -3.458933e-001 -3.778410e+000 -1.908239e+000 -3.857429e-001 -2.736141e+000 -1.374349e+000 9.990152e-001 -4.299667e-002 -6.336570e-001 9.980533e-001 1.092967e+000 -1.975151e-001 1.215008e-001 -2.236214e-001 -6.519840e-001 -3.083000e-001 -3.648490e-001 1.580076e-001 
1.522150e+000 2.465826e+001 -4.819288e+000 1.773771e+000 -7.196613e-001 -8.285557e-001 -5.638041e-001 -4.292313e+000 -1.336808e+000 -4.443845e+000 -3.022033e+000 -1.580908e+000 -1.283879e+000 -4.534504e-001 -1.135790e+000 -1.478331e+000 -1.033249e+000 1.013518e+000 3.218697e-001 -3.951374e+000 -1.563795e+000 -1.979413e-001 -2.866755e+000 -1.220866e+000 1.395159e+000 -4.692445e-002 -8.430250e-001 1.373547e+000 1.448176e+000 -1.743421e-001 -5.616298e-002 3.189188e-002 -4.711317e-001 -5.231357e-001 -2.393884e-001 -1.050440e-001 
5.548292e+000 1.889711e+001 -1.058996e+000 -8.524138e-002 2.473662e-001 -1.077864e+000 -1.426083e+000 -2.813313e+000 -2.705840e+000 -3.192889e+000 -3.565116e+000 -2.306386e+000 -9.111258e-001 -6.705209e-001 -1.225289e+000 -1.627074e+000 -9.950328e-001 6.991243e-001 -1.591602e-001 -3.210158e+000 -1.812588e+000 -3.249933e-001 -2.649519e+000 -1.451721e+000 1.313647e+000 -5.454844e-002 -6.556624e-001 1.141344e+000 1.189858e+000 1.060137e-001 -1.186041e-001 -1.863653e-001 -4.064525e-001 -5.624784e-001 -3.621762e-001 8.785538e-002 
4.687448e-001 2.469684e+001 -4.399176e+000 2.803747e+000 -4.366100e-001 -1.333748e+000 1.253271e-001 -3.784883e+000 -1.194264e+000 -3.684056e+000 -3.837604e+000 -1.447225e+000 -9.163698e-001 1.150153e-001 -1.601684e+000 -1.208872e+000 -5.432105e-001 1.165078e-001 1.113306e+000 -4.212590e+000 -1.545304e+000 6.518514e-001 -3.084880e+000 -1.106133e+000 1.474412e+000 4.635657e-002 -6.876333e-001 1.625397e+000 1.198629e+000 -4.023431e-001 4.346540e-001 -6.192408e-002 -9.376122e-001 -5.465189e-002 -4.113597e-001 1.414227e-001 
3.646497e+000 1.975880e+001 -1.664585e+000 4.968886e-001 -1.064413e-002 -1.247603e+000 -7.976637e-001 -3.005424e+000 -3.041099e+000 -3.399688e+000 -3.979870e+000 -2.425228e+000 -8.227436e-001 -1.079008e+000 -1.625894e+000 -1.394005e+000 -8.638440e-001 6.400501e-001 -2.886295e-001 -3.796431e+000 -1.917961e+000 2.468341e-003 -2.667544e+000 -1.580144e+000 1.236976e+000 -1.491387e-001 -5.612734e-001 1.263705e+000 9.417730e-001 -4.615597e-002 1.465486e-001 -3.291601e-001 -8.606131e-001 -5.917468e-001 -1.510652e-001 3.385642e-001 
6.692219e-001 2.422135e+001 -4.272749e+000 1.527146e+000 1.507012e-001 -1.173521e+000 -3.031678e-001 -3.734505e+000 -2.515008e+000 -3.789337e+000 -3.406167e+000 -2.071090e+000 -1.062235e+000 -3.277905e-001 -1.916962e+000 -1.555244e+000 -5.562780e-001 4.842726e-001 5.141290e-001 -4.081996e+000 -2.049668e+000 3.323782e-001 -2.881004e+000 -1.491320e+000 1.728701e+000 -2.415462e-001 -8.539067e-001 1.581771e+000 9.562322e-001 -2.670937e-001 4.053639e-001 -3.759869e-001 -7.845314e-001 -2.901252e-001 -3.714389e-001 3.615740e-001 
2.438240e-001 2.484431e+001 -4.163405e+000 1.596826e+000 4.570121e-001 -1.200004e+000 -2.000261e-001 -3.859534e+000 -2.019634e+000 -3.777235e+000 -3.517643e+000 -1.855982e+000 -7.877461e-001 -2.030996e-001 -1.785129e+000 -1.734570e+000 -3.498403e-001 8.926489e-001 4.786359e-001 -4.248338e+000 -2.202221e+000 5.488857e-001 -2.791450e+000 -1.460029e+000 1.760051e+000 -3.686248e-001 -1.004163e+000 1.764839e+000 1.179873e+000 -2.890690e-001 2.389849e-001 -1.981713e-001 -8.914920e-001 -2.026767e-001 -4.568286e-002 2.118962e-001 
3.877232e+000 1.996910e+001 -1.172397e+000 -1.876406e-001 5.862049e-001 -6.991442e-001 -1.188432e+000 -3.094512e+000 -3.161169e+000 -3.519710e+000 -3.861511e+000 -2.321551e+000 -2.888444e-001 -5.494313e-001 -2.062025e+000 -2.059060e+000 -5.920274e-001 1.201823e+000 -3.741346e-002 -3.887256e+000 -2.531046e+000 -1.398981e-001 -2.210346e+000 -1.367434e+000 1.129414e+000 -5.158802e-001 -7.671366e-001 1.485913e+000 1.181221e+000 -1.266136e-001 -8.351795e-002 -2.981442e-001 -5.843286e-001 -3.378450e-001 -1.489478e-001 1.777630e-002 
