4.056934e+000 2.228610e+001 -3.186558e+000 3.329132e+000 -4.185722e+000 -5.085383e+000 -2.813464e+000 -3.829566e+000 8.452451e-001 -3.217734e+000 -6.014689e+000 -2.824747e+000 -3.757196e-001 -4.161789e-001 -1.436499e+000 -1.934536e+000 -1.653210e+000 -8.247865e-001 -2.038041e+000 -2.865950e+000 -3.600922e-001 -2.205071e-003 -9.295808e-001 -3.738968e-001 8.263055e-001 1.826573e-001 -1.737300e-001 1.519356e+000 2.484136e-001 -1.218631e+000 2.684360e-001 5.616509e-001 -3.242380e-001 -1.013585e+000 -9.606207e-001 -1.823425e-001 
4.984237e+000 2.268305e+001 -4.103525e+000 3.144998e+000 -3.435164e+000 -3.242514e+000 -1.859030e+000 -4.268872e+000 6.122468e-001 -2.723339e+000 -5.823163e+000 -3.087863e+000 4.455695e-001 8.806720e-001 -1.356875e+000 -2.702390e+000 -1.832491e+000 -2.344311e-001 -1.542467e+000 -1.870667e+000 -2.206855e-001 -7.137346e-001 -5.841590e-001 -7.193188e-002 8.676019e-001 -7.692051e-002 -5.302408e-001 2.027690e+000 9.882800e-001 -7.486759e-001 -1.030122e-001 -7.526114e-002 5.899963e-002 -6.856277e-001 -1.039273e+000 -2.004886e-001 
4.183918e+000 2.195849e+001 -2.179859e+000 4.959061e-001 -1.704371e+000 -6.698084e-001 -9.540521e-001 -5.376917e+000 -9.361705e-001 -6.237428e-001 -4.686758e+000 -3.206002e+000 -2.132534e-001 -1.281222e-001 -1.961764e+000 -2.717606e+000 -1.063036e+000 -1.998595e-001 -6.259582e-001 -1.337128e+000 -1.719835e+000 -1.229216e+000 -5.985871e-001 8.854426e-002 1.038109e+000 1.373632e-001 -7.625594e-001 3.718520e-001 1.016761e+000 7.022727e-001 4.909461e-002 -6.315527e-001 -2.359130e-001 -4.318652e-001 -1.273308e+000 -8.241016e-001 
-2.508339e-002 1.909532e+001 9.897974e-001 -6.134474e-001 1.389230e+000 1.476730e+000 -1.335123e+000 -4.003325e+000 -2.732389e+000 -2.498572e+000 -3.556705e+000 -3.086856e+000 -1.899590e+000 -1.263494e+000 -1.676756e+000 -2.372798e+000 -1.522481e+000 -6.097441e-001 -1.051819e+000 -1.809051e+000 -1.690838e+000 -1.332930e+000 -1.358832e+000 -1.073742e+000 -2.206239e-001 3.883576e-001 4.172637e-001 6.217938e-002 6.407521e-002 5.406060e-001 2.178321e-001 -6.602175e-001 -8.179238e-001 -7.624803e-001 -8.943434e-001 -5.707176e-001 
-3.621751e-001 2.442909e+001 -5.036435e+000 1.494606e-001 1.792903e+000 2.397044e+000 -1.777047e+000 -6.742027e+000 -1.081616e+000 -1.361541e+000 -3.891557e+000 -3.180293e+000 -2.144012e+000 -1.005330e+000 -1.589781e+000 -3.081265e+000 -9.510362e-001 2.470691e-001 -8.896328e-001 -2.601273e+000 -1.946161e+000 -3.427735e-001 -2.666217e-001 -1.055150e+000 -3.912327e-001 9.192156e-001 1.677891e-001 2.666667e-001 2.070843e-001 4.128812e-001 -1.556904e-001 -1.175179e+000 -4.760772e-001 -8.468743e-003 -3.711185e-001 -2.280971e-001 
1.755733e+000 2.434698e+001 -6.502987e+000 2.359522e+000 1.273478e+000 3.004240e+000 -2.519163e+000 -7.755717e+000 -2.223154e-001 -1.944703e+000 -2.940970e+000 -2.657696e+000 -2.307366e+000 -1.992979e+000 -1.344221e+000 -1.071801e+000 3.580558e-001 -1.359276e-001 -1.499369e+000 -2.389386e+000 -1.735224e+000 -7.872494e-001 -1.195391e+000 -1.277160e+000 -3.651135e-001 4.851917e-001 4.402208e-001 1.247388e+000 2.455827e-001 -2.126369e-001 1.329793e-002 -4.300780e-001 -2.403354e-001 -3.965846e-001 -4.777318e-001 -3.058931e-001 
5.153494e+000 1.941050e+001 -3.893538e+000 1.389805e+000 3.941212e+000 1.453475e+000 -3.253242e+000 -5.887331e+000 -1.998467e+000 -1.221809e+000 -2.767466e+000 -3.182733e+000 -2.646329e+000 -1.689521e+000 -6.639433e-001 -1.958807e-002 -1.586068e-001 -2.766551e-001 -1.424802e+000 -2.689977e+000 -1.484687e+000 -1.146621e+000 -2.277649e+000 -1.737457e+000 5.892281e-001 1.005253e+000 -3.485071e-002 8.094074e-001 5.657714e-001 -6.243554e-001 1.152120e-001 1.607685e-001 -5.895459e-001 -4.065528e-001 -1.220473e-001 1.264502e-002 
3.819594e+000 2.078619e+001 -5.841472e+000 3.946329e+000 3.840900e+000 1.125115e+000 -2.555166e+000 -5.898884e+000 -2.033337e+000 -1.562765e+000 -2.283380e+000 -2.807530e+000 -2.775501e+000 -1.447079e+000 -3.962995e-001 4.678594e-001 -1.086128e-001 -4.120143e-001 -1.109872e+000 -2.351857e+000 -1.034658e+000 -1.584339e+000 -2.441507e+000 -1.981390e+000 2.735882e-001 1.398041e+000 -1.789436e-002 1.223031e+000 7.224519e-001 -9.294373e-001 1.830957e-001 6.779713e-001 -4.907729e-001 -7.235158e-001 -2.553718e-001 1.290834e-001 
4.504288e+000 1.900908e+001 -5.053418e+000 3.790685e+000 3.523082e+000 1.403343e-001 -3.781046e+000 -6.269838e+000 -1.786959e+000 -1.604777e+000 -2.705022e+000 -2.449021e+000 -2.862919e+000 -1.721586e+000 -1.061904e-001 7.668734e-002 -9.265048e-001 -7.679847e-001 -1.090253e+000 -2.262131e+000 -1.454314e+000 -1.886576e+000 -2.452477e+000 -1.896705e+000 -2.967735e-001 4.794900e-001 -7.192337e-002 1.036179e+000 8.092840e-001 -5.428933e-001 8.376822e-002 3.898159e-001 -3.531665e-001 -4.493447e-001 -2.869205e-001 -1.543485e-003 
3.501367e+000 2.200004e+001 -6.437763e+000 6.366449e+000 2.764916e+000 4.482333e-002 -3.842484e+000 -6.788275e+000 -2.425167e-001 -1.666107e+000 -1.647886e+000 -3.481891e+000 -2.652186e+000 -3.771440e-001 4.770907e-001 6.159515e-001 -1.545138e+000 -8.949987e-001 -9.444133e-001 -2.026421e+000 -5.155028e-001 -1.599150e+000 -1.737852e+000 -2.014796e+000 -1.549010e-001 7.177435e-001 -2.032283e-001 1.904287e+000 3.765350e-001 -7.796516e-001 3.183067e-001 6.096372e-001 1.560832e-001 -6.184078e-001 -3.392340e-001 -3.789403e-001 
6.484849e+000 1.928350e+001 -4.566512e+000 3.699977e+000 3.594815e+000 -4.330269e-001 -4.816782e+000 -6.220052e+000 -1.283323e+000 -1.273852e+000 -2.577193e+000 -3.213412e+000 -2.996884e+000 -8.375247e-001 9.866929e-001 -2.048715e-001 -1.859180e+000 -9.979763e-001 -1.446072e+000 -1.938657e+000 -1.016247e+000 -1.435585e+000 -1.711038e+000 -1.795055e+000 -4.258716e-001 2.736559e-002 -3.760554e-001 1.655178e+000 8.434840e-001 -9.850478e-001 4.716448e-001 6.400630e-001 -4.690560e-001 -5.879524e-001 -3.335754e-001 -1.598207e-001 
6.543591e+000 2.080396e+001 -5.412950e+000 5.081574e+000 3.522191e+000 -6.073865e-001 -4.721408e+000 -5.949486e+000 -3.704712e-001 -8.543622e-001 -2.138136e+000 -3.559589e+000 -2.958904e+000 2.291900e-002 1.229973e+000 1.169962e-001 -1.695047e+000 -1.209045e+000 -1.296334e+000 -1.571691e+000 -4.593798e-001 -1.037042e+000 -1.577141e+000 -1.480936e+000 -3.937984e-001 -1.634854e-001 -2.198537e-002 2.016578e+000 8.535020e-001 -8.198024e-001 5.143113e-001 7.773305e-001 -5.047282e-001 -7.376035e-001 -1.618286e-001 -3.547006e-001 
6.605212e+000 1.966781e+001 -4.915851e+000 3.292544e+000 3.475089e+000 -1.070650e+000 -5.609099e+000 -6.372022e+000 -5.771101e-001 -1.473102e+000 -3.491156e+000 -3.228338e+000 -3.274601e+000 -8.491017e-001 1.010398e+000 -7.680957e-001 -2.260655e+000 -1.605294e+000 -1.683661e+000 -1.855781e+000 -7.596576e-001 -1.031889e+000 -2.058441e+000 -1.521925e+000 -3.376956e-001 -7.887510e-001 -2.372801e-001 1.782429e+000 5.534095e-001 -8.307091e-001 7.280047e-001 5.552035e-001 -1.196772e+000 -8.436732e-001 3.022835e-002 -3.252040e-001 
4.900431e+000 2.194863e+001 -5.969188e+000 5.093924e+000 2.965601e+000 -1.244565e+000 -5.208974e+000 -6.734403e+000 1.556474e-001 -9.382139e-001 -2.729310e+000 -3.464572e+000 -2.976596e+000 -5.733058e-001 8.107199e-001 -4.154642e-001 -1.934554e+000 -1.685189e+000 -1.485363e+000 -1.501612e+000 -4.115611e-001 -8.334505e-001 -1.605526e+000 -1.629518e+000 -3.736240e-001 -2.987772e-001 -9.557654e-002 1.636093e+000 8.564387e-001 -4.548445e-001 4.739477e-001 5.500207e-001 -1.001930e+000 -1.149784e+000 1.102946e-001 -5.375409e-003 
6.018120e+000 2.093125e+001 -5.315447e+000 4.069518e+000 3.427314e+000 -1.576074e+000 -5.316077e+000 -5.935992e+000 -3.567083e-001 -8.589191e-001 -2.709421e+000 -3.235628e+000 -3.313931e+000 -8.207945e-001 6.341158e-001 -7.430957e-001 -1.308086e+000 -1.401416e+000 -1.843937e+000 -1.394418e+000 -8.632251e-001 -7.821927e-001 -1.444594e+000 -1.669007e+000 3.308390e-003 -2.235384e-001 -4.295082e-001 1.472584e+000 9.297669e-001 -8.099577e-002 7.389575e-001 1.965375e-002 -1.589829e+000 -9.680903e-001 4.003484e-001 3.499030e-001 
4.745934e+000 2.247131e+001 -6.048239e+000 4.526908e+000 2.856289e+000 -1.056964e+000 -5.457785e+000 -6.197655e+000 5.295837e-001 -1.472909e+000 -2.657920e+000 -2.519665e+000 -3.496092e+000 -9.285221e-001 9.594590e-001 -8.576771e-001 -1.383821e+000 -1.563994e+000 -1.770089e+000 -1.248650e+000 -3.646727e-001 -7.259883e-001 -1.533121e+000 -1.647717e+000 2.967000e-002 1.758509e-001 -2.747617e-001 1.099655e+000 8.478365e-001 2.956324e-001 6.869056e-001 2.970137e-002 -1.548966e+000 -1.082030e+000 4.063368e-001 2.061914e-001 
1.351854e+001 1.802354e+001 -6.972323e-001 4.419510e-001 2.519863e+000 -2.849403e-003 -3.504942e+000 -3.301994e+000 1.995199e-001 -6.910230e-001 -2.484321e+000 -1.842157e+000 -1.866149e+000 -5.392388e-001 1.267078e+000 3.409443e-001 -3.277528e-001 -6.196623e-001 -1.439753e+000 -1.148023e+000 5.066706e-003 3.390261e-001 -6.949240e-001 -8.418817e-001 6.877453e-001 6.676376e-001 1.588072e-002 5.244957e-001 2.861580e-001 4.238920e-002 7.905493e-001 2.457309e-001 -9.353963e-001 -4.066056e-001 5.025860e-001 2.941357e-001 
1.066072e+001 1.877120e+001 9.073660e-001 8.310817e-001 -1.816058e+000 -3.155251e+000 -2.347963e+000 -2.323793e+000 3.908802e-001 -9.565584e-001 -3.983443e+000 -2.071779e+000 -6.601741e-001 -7.773924e-001 3.085704e-001 -6.250452e-002 -4.337714e-001 -2.578596e-001 -1.804041e+000 -2.165982e+000 7.038866e-002 7.539814e-001 -4.682523e-001 -1.100626e-001 1.364075e+000 7.304256e-001 1.059982e-001 1.051522e+000 2.893351e-001 -5.986365e-001 6.561867e-001 5.898573e-001 -8.099269e-001 -1.034745e+000 -2.274528e-001 4.453633e-001 
3.657848e+000 2.345364e+001 -4.377585e+000 3.834536e+000 -3.835704e+000 -4.018053e+000 -2.071603e+000 -4.094089e+000 1.377482e+000 -3.331616e+000 -6.198593e+000 -2.796252e+000 2.886071e-001 5.349863e-001 -1.014825e+000 -2.205570e+000 -2.114773e+000 -6.816215e-001 -1.566540e+000 -2.205638e+000 -1.039479e-001 -1.583041e-001 -7.674227e-001 -4.782287e-001 7.064368e-001 3.073843e-001 -1.000326e-001 1.927319e+000 3.994153e-001 -1.091848e+000 2.051474e-001 2.695097e-001 -9.463420e-002 -7.974781e-001 -1.049343e+000 -1.736601e-001 
3.700594e+000 2.366442e+001 -4.859359e+000 2.394118e+000 -3.131695e+000 -1.797116e+000 -1.269255e+000 -5.834640e+000 -8.684450e-002 -1.870826e+000 -4.757855e+000 -3.722226e+000 2.160085e-002 6.502856e-001 -2.326612e+000 -2.846320e+000 -1.066779e+000 -5.304985e-002 -1.337791e+000 -1.801524e+000 -1.107585e+000 -1.320245e+000 -4.485503e-001 4.367363e-001 1.078459e+000 -2.822090e-001 -1.167110e+000 1.391248e+000 1.198636e+000 1.197601e-001 -1.962420e-001 -5.063576e-001 -4.097247e-002 -5.632488e-001 -1.037669e+000 -6.918156e-001 
-2.448606e+000 2.379180e+001 -8.141627e-001 1.035446e+000 -8.785107e-001 5.938202e-001 4.421325e-001 -4.967402e+000 -9.522179e-001 -1.201147e+000 -3.788922e+000 -2.416073e+000 -1.200921e+000 -1.029722e+000 -1.163391e+000 -2.359768e+000 -1.215037e+000 -2.335075e-001 -4.629731e-001 -1.322675e+000 -1.555099e+000 -1.176029e+000 -1.335614e+000 -7.714170e-001 3.886171e-001 4.172596e-001 2.929637e-002 1.969195e-001 5.613278e-001 8.835571e-001 4.672286e-001 -5.277408e-001 -4.626434e-001 -5.837249e-001 -1.303638e+000 -8.012081e-001 
-2.777305e+000 2.514508e+001 -4.164474e+000 1.222834e+000 2.575517e+000 1.735702e+000 -1.227161e+000 -5.403374e+000 -1.210875e+000 -1.691139e+000 -3.233024e+000 -3.290740e+000 -1.830569e+000 -6.977174e-001 -1.383161e+000 -2.887471e+000 -8.817916e-001 -1.977234e-001 -2.507167e-001 -2.006652e+000 -2.147764e+000 -3.375947e-001 -2.193810e-001 -9.447477e-001 -2.545700e-001 7.786153e-001 2.870088e-001 1.597390e-001 4.447296e-001 6.796704e-001 1.963735e-001 -1.300229e+000 -6.581546e-001 -2.704866e-001 -3.221905e-001 -3.480417e-001 
4.995638e+000 1.966934e+001 -2.352109e+000 -7.003289e-001 2.502272e+000 2.802266e+000 -2.452556e+000 -6.341296e+000 -1.471932e+000 -1.009752e+000 -3.503676e+000 -2.855480e+000 -2.381514e+000 -1.276046e+000 -1.083881e+000 -1.854266e+000 3.660506e-002 4.531023e-001 -1.584020e+000 -2.433751e+000 -1.604680e+000 -4.245405e-001 -7.108231e-001 -1.196665e+000 -1.023917e-002 6.729422e-001 6.820443e-001 8.418885e-001 2.276947e-001 -1.693326e-001 -1.643620e-001 -5.027823e-001 -2.674936e-001 -1.612906e-001 -4.816117e-001 -2.026363e-001 
2.119782e+000 2.355538e+001 -6.454288e+000 3.091790e+000 2.666557e+000 2.649778e+000 -2.562267e+000 -7.135160e+000 -1.999948e-001 -1.975201e+000 -2.618827e+000 -2.759979e+000 -2.227519e+000 -1.403927e+000 -1.063243e+000 -1.868252e-001 8.264466e-002 1.182483e-001 -1.238894e+000 -2.505935e+000 -1.206872e+000 -1.249030e+000 -1.767357e+000 -1.480760e+000 2.826776e-001 8.150218e-001 2.476222e-001 1.292992e+000 3.710614e-001 -2.328771e-001 2.404351e-001 -2.798329e-001 -1.339551e-001 -5.504080e-001 -4.120865e-001 -1.747249e-001 
4.364546e+000 1.966279e+001 -4.451901e+000 2.892691e+000 4.543358e+000 1.069240e+000 -3.071473e+000 -5.876806e+000 -2.356696e+000 -1.223951e+000 -2.146379e+000 -2.831045e+000 -2.888678e+000 -1.637677e+000 -4.013139e-001 2.810659e-002 -1.877930e-002 -2.421108e-001 -1.366098e+000 -2.242967e+000 -1.101255e+000 -1.357725e+000 -2.510394e+000 -1.961752e+000 5.147830e-001 1.290425e+000 1.678792e-001 9.525351e-001 6.659711e-001 -9.059058e-001 5.336608e-002 5.674335e-001 -3.751939e-001 -6.674499e-001 -2.835452e-001 1.936585e-001 
4.270145e+000 1.973042e+001 -4.621596e+000 3.767019e+000 4.334107e+000 1.084261e+000 -2.885088e+000 -5.683399e+000 -1.550929e+000 -1.352155e+000 -2.332314e+000 -2.213568e+000 -2.559239e+000 -1.579936e+000 1.410781e-002 5.731181e-001 5.754111e-002 -5.763755e-002 -8.880850e-001 -2.150893e+000 -1.181896e+000 -1.615428e+000 -2.362710e+000 -1.593423e+000 2.188295e-001 7.875364e-001 2.845829e-001 1.298059e+000 9.902536e-001 -4.430869e-001 2.929316e-001 4.654818e-001 -5.276019e-001 -5.879753e-001 -1.873926e-001 7.016171e-002 
5.087100e+000 1.895824e+001 -4.211754e+000 4.387223e+000 3.662657e+000 -5.385442e-002 -3.976295e+000 -6.042325e+000 -1.249799e+000 -1.248218e+000 -2.567225e+000 -2.700732e+000 -2.480385e+000 -8.743659e-001 6.060212e-001 1.778076e-001 -1.180108e+000 -7.970157e-001 -1.095340e+000 -2.086472e+000 -1.108937e+000 -1.348158e+000 -2.142793e+000 -1.642441e+000 -7.775768e-002 3.490328e-001 3.176214e-002 1.258193e+000 7.094609e-001 -5.978350e-001 2.475123e-001 5.481629e-001 -1.984319e-001 -3.851709e-001 -2.381403e-001 -1.208014e-001 
2.619109e+000 2.359635e+001 -7.057696e+000 6.426832e+000 2.720494e+000 1.994408e-001 -3.550960e+000 -7.129402e+000 4.427578e-001 -2.213173e+000 -1.320714e+000 -3.600676e+000 -2.442308e+000 -2.172417e-001 2.728838e-001 9.745676e-001 -1.782183e+000 -6.513499e-001 -9.470078e-001 -1.918375e+000 -5.884131e-001 -1.751148e+000 -1.348315e+000 -1.741633e+000 -1.501848e-001 5.217811e-001 -4.140898e-001 2.106847e+000 4.619086e-001 -6.625822e-001 4.723539e-001 4.963607e-001 3.055792e-002 -8.107158e-001 -5.401995e-002 -3.240964e-001 
6.330485e+000 1.974822e+001 -4.703630e+000 4.067754e+000 3.388308e+000 -5.378148e-001 -5.040716e+000 -6.144722e+000 -8.755276e-001 -1.061952e+000 -2.433371e+000 -3.572609e+000 -2.879150e+000 -3.935174e-001 8.894551e-001 -6.034197e-002 -1.870427e+000 -1.148682e+000 -1.370431e+000 -1.851783e+000 -7.949424e-001 -1.320914e+000 -1.703243e+000 -1.558992e+000 -3.719189e-001 -2.216928e-001 -2.288704e-001 1.906716e+000 7.383488e-001 -9.871037e-001 4.149997e-001 6.678155e-001 -3.788841e-001 -6.307927e-001 -2.274011e-001 -1.865640e-001 
4.432480e+000 2.235586e+001 -6.809384e+000 5.339323e+000 3.000183e+000 -7.551122e-001 -5.105321e+000 -6.982887e+000 6.528601e-002 -1.541712e+000 -2.353031e+000 -3.592475e+000 -3.362818e+000 -2.719698e-001 9.007535e-001 -2.655307e-001 -2.038497e+000 -1.480866e+000 -1.528610e+000 -1.886752e+000 -3.357471e-001 -1.118103e+000 -1.930823e+000 -1.663776e+000 -3.173340e-001 -4.652494e-001 -2.120889e-001 2.061392e+000 4.891394e-001 -8.192431e-001 6.633881e-001 6.063208e-001 -7.272174e-001 -8.932517e-001 -8.610590e-002 -3.626633e-001 
3.561441e+000 2.348045e+001 -7.062737e+000 6.556034e+000 3.003126e+000 -8.042870e-001 -4.498512e+000 -7.271285e+000 1.054843e+000 -1.498278e+000 -1.890739e+000 -3.412557e+000 -2.810308e+000 -1.359599e-001 1.000241e+000 1.321995e-001 -2.224997e+000 -9.913104e-001 -1.373302e+000 -1.517883e+000 5.309520e-003 -9.091354e-001 -1.378308e+000 -1.593448e+000 -2.215470e-001 -5.568456e-002 -1.009162e-001 2.082072e+000 6.772880e-001 -5.274991e-001 7.676390e-001 5.716117e-001 -6.810818e-001 -1.213622e+000 1.383870e-001 -4.184582e-001 
7.889218e+000 1.749360e+001 -3.407171e+000 2.333912e+000 3.743601e+000 -1.627182e+000 -5.741617e+000 -5.725968e+000 -1.332465e+000 -1.166378e+000 -3.160195e+000 -3.483319e+000 -3.063271e+000 -8.542446e-001 4.619403e-001 -1.064449e+000 -1.888112e+000 -1.864010e+000 -1.851881e+000 -1.502410e+000 -9.813426e-001 -8.822148e-001 -1.664444e+000 -1.637838e+000 -3.943873e-001 -5.993394e-001 -3.604017e-001 1.324161e+000 7.771654e-001 -2.019216e-001 7.025588e-001 1.497479e-001 -1.431102e+000 -1.060258e+000 3.411527e-002 2.284302e-001 
6.476618e+000 2.025206e+001 -4.135510e+000 3.902969e+000 4.034232e+000 -1.234323e+000 -5.273540e+000 -5.544212e+000 -1.192478e-001 -5.480763e-001 -2.438626e+000 -2.499288e+000 -2.919490e+000 -7.321352e-001 1.001060e+000 -6.231103e-001 -1.174980e+000 -1.197395e+000 -1.609838e+000 -9.384215e-001 -4.290972e-001 -6.803557e-001 -1.361398e+000 -1.487735e+000 1.640849e-001 3.319679e-001 -2.060112e-001 1.105927e+000 1.056366e+000 1.512348e-001 8.534046e-001 1.979326e-001 -1.504740e+000 -9.585527e-001 3.101939e-001 2.685457e-001 
