1.328595e+001 1.969544e+001 -1.377995e+001 2.521590e-001 -3.749295e+000 -4.283903e+000 -2.195089e+000 -3.532019e+000 2.674472e+000 -3.386155e+000 -3.971286e+000 2.522351e+000 -5.211434e-001 -4.634822e-001 -6.427413e-001 -2.191975e+000 -4.229410e-003 -1.017166e+000 -8.126617e-001 -5.401840e-001 -1.402635e+000 -9.483564e-001 -1.587885e+000 -2.230055e-001 -3.300762e-001 -1.738437e+000 5.837575e-001 -1.459600e-001 -1.497753e+000 8.668214e-001 1.327698e+000 4.648149e-001 1.406800e-001 8.749655e-001 1.618386e+000 3.156317e-001 
1.204147e+001 2.084090e+001 -1.466647e+001 9.185233e-001 -2.771737e+000 -3.364069e+000 -1.758633e+000 -3.678210e+000 2.723990e+000 -2.951777e+000 -3.717086e+000 2.376081e+000 1.190231e-001 -1.716696e-001 -3.867031e-001 -1.401653e+000 5.439022e-001 -3.373562e-001 -4.618538e-001 -4.840317e-001 -1.269324e+000 -1.395847e+000 -1.404139e+000 -1.431205e-001 -6.521086e-001 -9.296550e-001 9.721310e-001 4.558544e-002 -7.885209e-001 8.376542e-001 1.241497e+000 4.458043e-001 2.047882e-001 9.738660e-001 1.354069e+000 5.705548e-001 
1.071573e+001 1.902835e+001 -1.491481e+001 6.193711e-001 -2.436695e+000 -3.195292e+000 -1.797092e+000 -3.489613e+000 2.707425e+000 -3.248341e+000 -3.902405e+000 2.171813e+000 -5.770523e-001 -1.234119e+000 -6.720492e-001 -7.537970e-001 1.818155e-001 -7.868966e-001 2.549206e-002 -6.517813e-001 -1.951514e+000 -1.919694e+000 -1.671652e+000 -2.061618e-001 -6.556967e-001 -9.095708e-001 5.136252e-001 -2.625732e-001 -4.940112e-001 5.968308e-001 1.170078e+000 8.462082e-001 1.712040e-001 6.397895e-001 9.942259e-001 3.042478e-001 
7.679423e+000 1.975286e+001 -1.689251e+001 1.772291e+000 -2.849248e+000 -3.417370e+000 -2.328067e+000 -5.177910e+000 3.151779e+000 -4.869225e+000 -3.291350e+000 1.362851e+000 -1.351116e+000 -8.025229e-001 -1.523232e+000 -1.014990e+000 -6.628877e-001 -1.026462e+000 1.032692e+000 -1.333845e+000 -1.963290e+000 -2.277773e+000 -2.538748e+000 -4.658049e-001 -1.023382e+000 -7.890423e-002 -1.060704e-001 -8.950665e-001 1.653379e-001 -3.469068e-001 1.426843e+000 1.065971e+000 -2.447149e-001 7.016873e-001 1.014420e-001 7.465998e-001 
6.395742e+000 1.917716e+001 -1.259153e+001 7.848921e-001 -1.967381e+000 -1.805077e+000 -2.601101e+000 -3.715522e+000 1.653434e+000 -4.339298e+000 -3.587888e+000 -2.490577e-001 -6.900829e-001 -4.929108e-001 -1.585521e+000 -1.573740e+000 -8.833872e-001 -3.159999e-001 9.908233e-001 -1.027382e-001 -1.023029e+000 -1.495316e+000 -1.365654e+000 -5.623717e-001 -1.183238e+000 -4.875968e-001 5.183068e-002 -7.979598e-001 -6.344655e-001 -4.518791e-001 6.433685e-001 3.031508e-001 -7.267151e-001 7.199101e-001 9.175472e-001 2.634857e-001 
2.331561e+000 1.924573e+001 -1.180656e+001 1.684114e+000 -2.245567e+000 -5.407633e-001 -1.625553e+000 -2.355778e+000 3.464240e+000 -4.154728e+000 -3.017262e+000 -1.424626e+000 -6.625058e-001 -2.366899e-001 -1.714742e+000 -1.782115e+000 -1.692633e+000 -1.489876e+000 -7.151201e-001 -8.612102e-002 -1.810675e-001 -6.973013e-001 -1.928961e+000 -1.042031e+000 -8.940700e-001 -1.145379e+000 7.517103e-001 8.209486e-002 -7.403772e-001 -1.108738e-001 4.944832e-001 2.014561e-001 -3.995502e-002 1.209503e+000 6.983898e-001 7.331536e-001 
2.185023e+000 1.940398e+001 -1.364897e+001 1.360078e+000 -3.317593e-001 -5.684156e-001 -2.535263e+000 -5.231577e+000 2.699765e+000 -4.888539e+000 -3.318666e+000 -2.006309e-001 -2.422799e+000 4.360610e-001 -9.311845e-001 -2.310892e+000 -1.930541e+000 -2.205139e+000 -1.791028e-002 -1.220233e+000 -1.162684e+000 -1.191312e+000 -1.511351e+000 -2.481837e-001 -2.089833e+000 -8.889185e-001 1.182663e+000 4.197317e-001 -1.947367e-001 -8.904662e-001 7.650741e-001 1.971643e-001 -6.518232e-001 1.018332e+000 4.048329e-001 3.257758e-001 
6.441500e+000 1.717446e+001 -1.228153e+001 8.168712e-001 9.427318e-001 -1.464639e-001 -3.485578e+000 -4.713445e+000 1.828653e+000 -4.249838e+000 -3.893390e+000 5.260900e-001 -1.535791e+000 1.071513e-001 2.100889e-001 -6.710360e-001 -1.019769e+000 -2.109667e+000 1.193954e-001 -5.365813e-001 -1.283375e+000 -8.588637e-001 -1.479144e+000 -8.434630e-001 -1.005078e+000 -4.347071e-001 1.129596e+000 7.431318e-001 1.108376e-001 2.584965e-001 1.105364e+000 -1.202151e-002 -6.857144e-001 5.642879e-001 3.676342e-001 5.754220e-002 
8.666987e+000 1.808357e+001 -1.241841e+001 2.463487e-001 3.237653e-001 -1.449525e+000 -4.185865e+000 -5.562706e+000 1.905042e+000 -2.573547e+000 -3.913765e+000 6.932989e-001 -1.103984e+000 -9.459364e-001 -2.499884e-001 -7.006256e-001 -1.526298e+000 -2.593197e+000 7.322205e-001 3.518158e-001 -1.948517e+000 -1.194182e+000 -1.715658e+000 -9.097767e-001 -3.784738e-002 -4.401712e-001 8.750011e-001 3.402223e-001 -5.125284e-001 7.679271e-001 1.055965e+000 5.935102e-002 -5.199991e-001 -4.225424e-002 6.129922e-001 3.499328e-001 
7.780852e+000 1.631838e+001 -1.292307e+001 1.684335e-001 1.490232e+000 -1.172242e+000 -5.051896e+000 -6.218754e+000 7.619838e-001 -3.206935e+000 -3.600490e+000 5.836657e-001 -2.278573e+000 -1.476030e+000 -2.324719e-001 -1.590684e+000 -1.913643e+000 -2.344607e+000 1.261409e-001 2.828977e-001 -1.827154e+000 -1.948990e+000 -2.021318e+000 -6.649288e-001 -6.553178e-002 -5.119699e-001 8.472055e-001 4.123152e-001 -6.377718e-001 3.708304e-001 1.103763e+000 2.982713e-001 -1.102717e+000 -6.126959e-001 6.869048e-001 3.146367e-001 
4.336634e+000 2.128141e+001 -1.433216e+001 2.317987e+000 2.444337e+000 -9.843528e-001 -2.069733e+000 -6.251389e+000 1.987057e+000 -2.481200e+000 -3.934941e+000 3.371563e-001 -2.279056e+000 -8.625420e-001 1.328631e+000 -6.514729e-001 -1.763571e+000 -2.980670e+000 -2.952037e-002 9.649744e-001 -1.232340e+000 -8.564365e-001 -1.678471e+000 -5.833922e-001 6.710371e-002 -6.426147e-001 1.603459e+000 1.045437e+000 -6.548113e-001 8.490364e-001 8.503474e-001 -3.663329e-002 -9.857513e-001 -7.256939e-001 7.538392e-001 6.012705e-001 
6.514240e+000 1.972447e+001 -1.239134e+001 1.612238e+000 1.495024e+000 -9.056294e-001 -3.301269e+000 -5.044183e+000 1.216236e+000 -1.783826e+000 -4.049920e+000 -7.921286e-001 -1.314524e+000 -1.517211e+000 1.330693e+000 -4.695705e-002 -2.557476e+000 -3.414001e+000 -9.665405e-001 9.851542e-001 -9.462253e-001 -6.320370e-001 -1.112282e+000 -4.478630e-001 5.749880e-001 -7.188323e-001 1.466848e+000 7.323057e-001 -1.254461e+000 4.921128e-001 8.721695e-001 8.817613e-002 -9.060021e-001 -3.784239e-001 8.145581e-001 2.752303e-001 
6.629623e+000 2.061477e+001 -1.318137e+001 1.672196e+000 -1.713481e-002 -1.012879e+000 -3.993569e+000 -5.591937e+000 1.903406e+000 -3.052930e+000 -2.990915e+000 -1.059524e+000 -1.819123e+000 -1.764757e+000 4.099258e-001 4.459683e-001 -1.991417e+000 -2.874338e+000 -4.817087e-001 -1.163049e-001 -1.307875e+000 -1.176646e+000 -1.617127e+000 2.633299e-001 4.524888e-001 -1.036009e+000 1.183246e+000 1.404811e-001 -8.339229e-001 6.293485e-001 1.224276e+000 1.490526e-001 -9.243219e-001 -1.113972e-001 1.215771e-001 3.743351e-001 
6.632785e+000 2.003032e+001 -1.173764e+001 1.059005e+000 4.425567e-001 -1.743164e+000 -4.088015e+000 -5.276929e+000 2.239613e+000 -2.095642e+000 -3.197463e+000 -6.250437e-001 -2.550228e+000 -1.625052e+000 -3.126583e-001 2.557645e-001 -1.601917e+000 -2.267050e+000 1.221110e+000 -1.664456e-001 -1.816763e+000 -2.216287e+000 -2.238839e+000 4.213583e-001 4.283844e-001 1.219032e-002 7.863336e-001 7.445170e-002 -3.014585e-001 5.483993e-001 1.500605e+000 -8.230186e-003 -8.337459e-001 -3.280542e-001 -5.069855e-001 6.110637e-001 
4.825809e+000 2.359220e+001 -1.399251e+001 2.745597e+000 -3.950721e-001 -1.939645e+000 -2.150547e+000 -6.849951e+000 3.360181e+000 -3.891781e+000 -2.564929e+000 -2.785270e-001 -2.686960e+000 -7.682189e-001 -1.582167e+000 -4.245660e-001 -1.029237e+000 -2.478921e+000 1.656407e+000 -2.760364e-001 -2.050057e+000 -2.302132e+000 -2.532294e+000 4.835678e-001 1.077687e-003 2.702444e-001 6.997007e-001 -1.249218e-002 2.716441e-001 -1.217489e-001 1.439243e+000 -9.740041e-003 -1.121572e+000 2.376695e-001 -6.528903e-001 4.110695e-001 
6.276766e+000 1.895438e+001 -9.935901e+000 1.950561e+000 1.342100e+000 -1.459735e-001 -4.245640e+000 -6.570028e+000 1.431590e+000 -2.539404e+000 -3.049980e+000 1.695691e-001 -1.768524e+000 -6.968523e-001 -5.180564e-001 -3.591726e-001 -1.455428e+000 -2.933354e+000 4.204985e-001 5.680843e-001 -5.666069e-001 -1.321073e+000 -2.341983e+000 -7.674919e-001 -2.478044e-001 2.079876e-002 9.751590e-001 1.035523e+000 5.911761e-001 1.514716e-001 6.681957e-001 -5.030324e-001 -8.798689e-001 2.549713e-001 1.141750e-001 7.648264e-001 
1.462468e+001 1.391834e+001 -6.049720e+000 -1.156375e+000 1.683493e+000 -8.172491e-001 -3.684911e+000 -2.997748e+000 1.874244e-001 -1.837114e+000 -2.435807e+000 3.436921e-002 -3.890213e-001 -7.900628e-001 -2.402810e-001 -2.021573e-001 -6.754914e-001 -1.698402e+000 -2.651106e-001 9.542391e-001 -6.075774e-001 -1.663309e+000 -1.300450e+000 -1.200774e-001 5.036328e-001 -1.981324e-001 2.275811e-001 6.798349e-001 3.595916e-001 9.730686e-001 8.975290e-001 -3.063425e-001 -4.190070e-001 2.241498e-001 2.764640e-001 -3.437273e-002 
1.757932e+001 1.461062e+001 -9.732974e+000 -2.525517e+000 -2.977980e+000 -3.641099e+000 -3.646395e+000 -2.831701e+000 1.822712e+000 -2.858801e+000 -3.308570e+000 2.167669e+000 1.515921e-002 -8.515528e-001 -5.021716e-001 -1.299716e+000 2.807099e-001 -4.175938e-001 -5.297556e-001 1.256067e-001 -9.024467e-001 -1.126152e+000 -9.631243e-001 2.269258e-001 1.187390e-001 -1.104574e+000 5.949152e-001 -2.632445e-002 -1.450978e+000 8.137672e-001 1.400249e+000 1.271964e-001 1.307036e-001 1.095193e+000 1.302308e+000 -1.171559e-002 
1.382788e+001 1.848816e+001 -1.361678e+001 -4.583357e-001 -3.817995e+000 -3.849438e+000 -2.729983e+000 -3.162187e+000 2.854368e+000 -2.975636e+000 -4.041435e+000 2.255314e+000 8.951280e-001 -3.530956e-001 -5.171007e-001 -1.347232e+000 -6.518356e-002 -4.176249e-001 -6.300352e-001 -5.756112e-001 -1.509074e+000 -9.495417e-001 -8.965278e-001 -6.416971e-001 -3.628860e-001 -1.587972e+000 6.897842e-001 3.851271e-001 -1.660496e+000 1.161779e+000 1.405790e+000 4.513886e-001 3.618352e-001 7.965721e-001 2.108622e+000 -5.955486e-002 
1.214586e+001 1.971885e+001 -1.479193e+001 6.953968e-001 -3.959758e+000 -3.136211e+000 -3.255276e+000 -3.111412e+000 3.276446e+000 -3.810697e+000 -3.314193e+000 1.280075e+000 8.907450e-001 -9.456236e-001 -9.653043e-001 -2.142600e-001 -8.000457e-001 1.745696e-001 -2.686994e-001 -4.682751e-001 -1.371039e+000 -2.094838e+000 -6.099658e-002 -7.477767e-001 -1.034955e-001 -6.295365e-001 -3.763505e-001 4.433797e-001 -1.524240e+000 1.145471e+000 1.590657e+000 3.942431e-001 5.880938e-001 1.469669e-001 1.827586e+000 -3.577996e-002 
1.304031e+001 1.676917e+001 -1.330071e+001 -6.505119e-001 -2.323624e+000 -3.129172e+000 -2.877428e+000 -2.650247e+000 2.318365e+000 -3.233097e+000 -3.686262e+000 1.763883e+000 1.139341e-001 -8.993644e-001 -4.482989e-001 -3.939483e-001 3.708543e-002 -1.381090e-001 5.126546e-001 -5.286234e-001 -2.109047e+000 -1.668076e+000 -1.348785e+000 -6.214641e-001 -1.828162e-001 -6.258426e-001 2.567929e-001 -9.958053e-002 -4.474388e-001 9.525453e-001 9.780344e-001 1.046303e+000 5.293437e-001 4.108783e-002 9.927957e-001 2.610504e-001 
6.718891e+000 2.088630e+001 -1.685619e+001 1.999104e+000 -2.773881e+000 -3.748114e+000 -1.882291e+000 -5.064500e+000 2.770817e+000 -5.049997e+000 -3.253325e+000 6.284670e-001 -1.059905e+000 1.524252e-001 -1.570804e+000 -1.044451e-001 4.989658e-001 -6.182513e-001 1.815372e+000 -1.021918e+000 -1.427582e+000 -1.431086e+000 -1.643512e+000 2.800679e-001 -1.438892e+000 -5.254559e-001 2.112948e-001 -7.119518e-001 2.008961e-002 -7.929991e-001 1.086837e+000 7.211684e-001 -6.007195e-001 8.584522e-001 -1.761362e-001 4.198592e-002 
2.594192e+000 2.030538e+001 -1.314737e+001 1.491113e+000 -2.176770e+000 -1.573700e+000 -1.521639e+000 -4.122141e+000 3.825648e+000 -5.304113e+000 -3.856955e+000 4.918774e-001 -1.600885e+000 -1.796618e-001 -1.520980e+000 -1.478509e+000 -1.692482e-001 -1.188806e+000 6.332261e-001 -1.570290e+000 -1.533598e+000 -1.284313e+000 -1.417976e+000 2.560148e-001 -9.222743e-001 -3.455623e-001 3.155873e-001 -7.921059e-001 -3.092858e-001 -2.846530e-001 1.131345e+000 -1.373006e-001 -7.610913e-001 1.177255e+000 -1.776023e-001 -3.359385e-001 
3.926677e+000 1.849092e+001 -1.295111e+001 -8.952413e-001 -1.522321e+000 -1.137448e-001 -1.455077e+000 -1.975185e+000 5.070640e+000 -3.047249e+000 -3.647486e+000 3.492071e-001 -2.088137e+000 -8.461464e-001 -2.155101e+000 -2.652458e+000 -1.453436e+000 -1.591096e+000 3.567167e-001 -5.140732e-001 -8.004682e-001 -8.208149e-001 -1.248465e+000 9.335731e-001 -4.603807e-001 -9.626153e-001 6.236079e-001 -5.430606e-001 -1.051971e+000 1.691036e-001 1.090493e+000 -1.928752e-003 -4.256928e-001 9.165658e-001 5.902480e-001 3.274102e-001 
4.185731e+000 2.252753e+001 -1.621168e+001 -4.282327e-002 -1.585573e+000 -1.886014e+000 -1.480081e+000 -5.566937e+000 5.217140e+000 -4.333100e+000 -3.141716e+000 1.289751e+000 -2.220860e+000 -7.835685e-002 -1.052890e+000 -1.917640e+000 -1.091448e+000 -1.432654e+000 5.830249e-001 -9.824916e-001 -1.031091e+000 -1.107266e+000 -1.455288e+000 2.132312e-001 -1.309277e+000 -3.895171e-001 1.330996e+000 -4.699179e-002 -3.684563e-001 -3.379492e-001 1.061816e+000 6.138575e-003 -3.377975e-001 1.204163e+000 4.511437e-001 9.614605e-001 
8.255346e+000 1.844173e+001 -1.268287e+001 -9.989565e-001 -7.172320e-001 -1.923912e+000 -3.486015e+000 -4.979329e+000 1.908283e+000 -2.835709e+000 -4.214312e+000 1.076787e+000 -1.134835e+000 -9.577720e-001 4.071490e-001 -3.828712e-001 -8.456398e-001 -2.105939e+000 1.958485e-001 2.739558e-002 -2.394069e+000 -1.296932e+000 -1.061091e+000 -4.317370e-001 4.750611e-002 -6.646006e-001 7.136285e-001 3.029106e-001 -7.602648e-001 6.762629e-001 1.095273e+000 3.855485e-001 3.664772e-002 3.540934e-001 6.405984e-001 -6.292249e-002 
7.661469e+000 1.876565e+001 -1.395865e+001 3.890711e-001 -9.996058e-002 -2.131733e+000 -3.832517e+000 -5.204773e+000 2.743385e+000 -2.074293e+000 -3.728456e+000 3.389409e-001 -2.020047e+000 -1.456406e+000 2.536197e-001 3.470414e-001 -1.509472e+000 -3.223149e+000 4.220021e-001 -7.161139e-002 -2.212000e+000 -1.022387e+000 -1.191642e+000 -2.403726e-001 2.289145e-001 -1.810629e-001 7.695144e-001 -9.143619e-002 -9.062436e-001 1.446578e-001 1.150992e+000 9.002191e-001 -2.777954e-001 -3.192869e-001 4.433827e-001 4.604800e-001 
7.060351e+000 2.121701e+001 -1.413544e+001 -1.037356e-001 6.023755e-001 -2.246051e+000 -3.399929e+000 -5.106301e+000 1.562037e+000 -2.042071e+000 -3.142219e+000 4.290666e-001 -2.214256e+000 -1.533650e+000 8.954279e-002 -7.877922e-001 -1.695240e+000 -2.459876e+000 7.281646e-002 1.333917e-001 -1.652954e+000 -9.524644e-001 -1.367371e+000 -1.287225e-002 4.761190e-001 -5.316794e-001 6.043139e-001 4.334973e-002 -1.087933e+000 3.153439e-001 1.190957e+000 1.002802e+000 -5.872628e-001 -6.219916e-001 7.575635e-001 2.287326e-001 
6.382449e+000 1.991933e+001 -1.391419e+001 -1.601113e-001 7.166926e-001 -1.128442e+000 -2.254552e+000 -5.364835e+000 1.523990e+000 -2.123494e+000 -4.133271e+000 6.488174e-001 -2.066872e+000 -2.493995e+000 6.302939e-003 -9.685626e-001 -1.775851e+000 -2.505829e+000 5.970822e-001 7.869271e-001 -2.127368e+000 -1.635182e+000 -1.666882e+000 -2.777521e-002 9.704415e-001 -6.495002e-001 1.402967e+000 4.645714e-001 -1.437590e+000 8.784566e-001 1.015322e+000 4.332511e-002 -7.659180e-001 -9.842583e-001 6.268716e-001 2.572068e-001 
4.954415e+000 2.356766e+001 -1.597378e+001 2.000789e+000 -3.748654e-001 -2.533034e+000 -9.329245e-001 -7.007573e+000 3.854405e+000 -2.406645e+000 -3.225479e+000 -5.420577e-002 -2.616910e+000 -1.861445e+000 -6.612408e-001 2.965670e-001 -1.631849e+000 -2.579120e+000 1.127946e+000 1.801370e-001 -1.269290e+000 -1.565547e+000 -2.138966e+000 2.515267e-001 6.629501e-002 9.290246e-002 1.704275e+000 3.438017e-001 -3.163335e-001 1.044049e-001 9.098626e-001 -6.350861e-002 -9.783324e-001 -2.967666e-001 3.105725e-001 8.149998e-001 
1.014105e+001 1.574419e+001 -9.973402e+000 -9.370813e-001 -4.784304e-001 -2.204309e+000 -4.397138e+000 -5.500043e+000 7.518712e-001 -1.466638e+000 -3.454618e+000 -6.695807e-001 -2.874972e+000 -2.832812e+000 -5.294863e-001 -7.808057e-001 -2.171347e+000 -2.879961e+000 -3.382743e-001 5.350939e-002 -1.848952e+000 -1.962289e+000 -1.884373e+000 -4.948054e-001 1.820093e-001 -5.634093e-001 7.455576e-001 3.581315e-001 -1.205103e+000 5.365543e-002 8.855690e-001 -1.256603e-001 -7.735399e-001 -3.083385e-001 4.543813e-001 4.095022e-001 
3.959944e+000 2.205865e+001 -1.355991e+001 3.577373e+000 5.790972e-001 -1.577179e+000 -2.833537e+000 -6.793584e+000 3.594458e+000 -1.963196e+000 -2.919054e+000 -9.153676e-001 -3.038442e+000 -1.223427e+000 -3.569038e-001 4.591296e-001 -9.674571e-001 -2.822631e+000 8.077215e-001 -6.482279e-001 -1.286668e+000 -7.295377e-001 -2.429598e+000 -4.496743e-001 1.529722e-001 3.085396e-001 1.199026e+000 6.903356e-001 1.688889e-002 1.446942e-002 7.977011e-001 -2.511049e-001 -7.496468e-001 2.492254e-001 -4.467936e-001 2.830350e-001 
6.861793e+000 2.135782e+001 -1.250555e+001 2.114315e+000 -4.563374e-002 -1.534413e+000 -3.362703e+000 -5.395833e+000 2.796033e+000 -3.181056e+000 -2.933414e+000 1.434928e-001 -2.196483e+000 -5.760145e-001 -8.240180e-001 -2.213301e-001 -7.571933e-001 -2.226703e+000 1.199552e+000 -5.963002e-002 -1.481598e+000 -1.606485e+000 -2.074370e+000 1.216890e-001 3.354187e-001 3.588857e-001 4.692567e-001 3.263282e-001 4.538019e-001 1.142471e-001 1.375480e+000 -1.497250e-001 -1.021555e+000 6.464494e-001 -1.462374e-001 1.765669e-001 
