-9.349213e+000 1.252239e+001 -3.834693e+000 1.156222e+001 -5.241975e-001 -1.593413e+000 -9.173311e-001 -3.992899e-001 1.905026e+000 -1.514914e+000 1.153307e+000 -2.691491e-001 2.083867e+000 -7.904457e-001 -5.842484e-001 6.642871e-001 -2.251515e-001 2.080688e-001 -2.157869e-001 -5.551214e-001 -1.798264e+000 -1.486723e+000 -9.227016e-001 -1.715491e-002 1.554863e-001 1.042737e-002 6.819479e-001 8.872831e-002 -7.248097e-001 -2.853004e-001 5.831329e-001 -6.082470e-002 -3.838494e-001 -6.953260e-001 -7.625930e-001 -1.839493e-001 
-8.673032e+000 1.046143e+001 -6.000480e+000 1.125463e+001 -2.255705e+000 -8.811427e-001 -1.166237e+000 -1.051668e+000 1.114058e+000 -3.272990e+000 1.751180e+000 -1.112476e+000 2.601108e+000 3.248609e-001 4.138876e-002 3.179336e-001 -8.880741e-001 -5.298339e-001 -1.297099e+000 -8.436732e-001 -1.804440e+000 -7.567572e-001 -1.014406e+000 -2.710964e-004 1.407128e-001 -3.024127e-001 8.119844e-002 -3.955349e-002 2.629397e-001 -3.090995e-002 8.199293e-001 3.816272e-001 1.471224e-002 -3.619065e-001 -7.051313e-001 -2.287751e-001 
-7.929926e+000 9.645795e+000 -6.154589e+000 1.196980e+001 -3.228819e+000 -9.850413e-001 -1.263034e+000 -9.129344e-001 3.135253e+000 -2.175231e+000 2.773488e+000 -1.010664e+000 1.592672e+000 7.715602e-001 3.865498e-001 1.030818e+000 -1.050305e+000 -2.571812e-001 -1.890465e+000 -1.067335e+000 -1.865948e+000 -6.915406e-001 -8.339148e-001 -6.112689e-001 -3.881753e-001 -5.950758e-001 7.620155e-001 -6.474855e-002 5.750219e-001 4.279078e-001 4.195745e-002 3.947270e-001 -7.878737e-003 3.364387e-001 -4.339795e-001 1.472442e-001 
-8.249591e+000 8.782898e+000 -7.909397e+000 1.106542e+001 -3.841137e+000 -1.020697e+000 -2.225213e+000 -2.158433e+000 2.923069e+000 -3.137731e+000 3.665067e+000 -1.025709e+000 1.815416e+000 5.634337e-001 2.435846e-001 2.704332e+000 -8.342888e-001 1.278859e+000 2.014110e-001 5.372621e-001 -1.105564e+000 4.968837e-002 8.461797e-001 -8.680218e-001 1.062147e+000 -3.242390e-001 1.123821e+000 3.468695e-001 1.886252e-002 1.922923e-001 -4.955619e-001 1.567176e-001 -7.432562e-001 -1.293544e-001 -5.057489e-001 2.306356e-001 
-8.226176e+000 8.168428e+000 -8.746368e+000 1.150986e+001 -3.717712e+000 -7.898964e-001 -7.276200e-001 -2.466697e+000 2.113324e+000 -4.089381e+000 3.163365e+000 -1.619706e+000 1.184796e+000 5.783184e-001 -1.631935e-001 2.508596e+000 3.485184e-002 1.298035e+000 -8.329414e-001 3.430974e-002 -1.665570e-001 3.994850e-001 9.035601e-001 -8.089515e-001 9.636396e-001 -7.999884e-001 1.191687e+000 3.012581e-001 3.542138e-001 3.218396e-001 -9.304132e-001 9.394352e-002 -1.010920e+000 -8.917775e-002 -6.026081e-001 3.459833e-001 
-8.904187e+000 6.946037e+000 -8.900593e+000 1.154168e+001 -3.483526e+000 -7.880367e-001 -4.918310e-001 -1.156026e+000 2.883614e+000 -3.708239e+000 3.227807e+000 -7.463069e-001 2.206284e+000 1.643260e-001 1.014502e-001 2.366399e+000 -9.935921e-001 8.364530e-001 -1.101807e+000 4.356233e-001 -7.100929e-001 -1.227027e-001 7.246546e-001 -7.767379e-001 1.378901e+000 -4.888772e-001 1.286953e+000 -2.645298e-001 -1.311521e-001 -8.876543e-002 -3.868903e-001 9.290260e-001 -6.283323e-001 3.117554e-001 -1.051392e+000 8.787885e-002 
-7.489841e+000 7.385490e+000 -9.705909e+000 1.065011e+001 -3.300978e+000 -6.787894e-001 -1.014554e+000 -5.802279e-001 3.095247e+000 -1.696187e+000 3.338612e+000 -1.343707e+000 1.705599e+000 -5.567889e-002 1.648891e-001 2.844292e+000 -3.525336e-001 9.044264e-002 -5.884186e-001 3.077533e-001 -1.989271e+000 -6.568177e-001 6.849527e-001 6.638496e-001 5.073340e-001 2.545844e-002 1.170823e+000 -4.260987e-001 -5.134807e-001 -2.149673e-001 3.072254e-001 6.519964e-001 3.876904e-001 2.278861e-001 -8.796622e-001 -5.955305e-001 
-7.834690e+000 7.551798e+000 -9.206466e+000 1.023188e+001 -1.808130e+000 -1.107487e-001 -6.851944e-001 -1.709883e-001 2.496364e+000 -1.619617e+000 2.960426e+000 -9.324382e-001 1.369159e+000 -5.575067e-001 5.195011e-001 1.869340e+000 6.604457e-001 -2.817039e-001 -1.365226e+000 -1.183714e+000 -1.737147e+000 6.048802e-002 3.620771e-001 5.440357e-001 4.785306e-002 -4.334629e-001 8.835649e-001 5.865784e-001 5.216202e-001 -2.509263e-001 -2.606471e-001 -3.492294e-001 9.106938e-002 2.363423e-001 1.058894e-001 2.800450e-002 
-7.772571e+000 8.792592e+000 -9.666794e+000 1.003786e+001 -4.631884e-002 4.330816e-001 -3.883247e-001 -2.092168e-001 1.563256e+000 -1.495064e+000 1.640312e+000 -4.876274e-001 1.791157e+000 -8.556830e-001 7.384385e-001 1.338715e+000 4.113803e-001 -6.211433e-001 -7.980641e-001 -1.767857e-001 -9.375426e-001 3.421506e-001 -5.547952e-001 4.595825e-001 3.771597e-003 -3.699833e-001 7.743889e-001 6.410255e-001 2.307555e-001 -3.156904e-001 -4.795340e-002 -5.539701e-001 1.368099e-001 -6.831417e-001 -1.017201e-001 7.251952e-002 
-9.660746e+000 9.689828e+000 -8.809220e+000 7.966794e+000 1.179867e+000 -3.963757e-001 -1.166134e+000 -4.279295e-001 2.077460e+000 -1.960320e+000 1.419823e+000 -7.076955e-001 4.522422e-001 -7.019215e-001 8.409112e-002 1.678521e+000 1.481117e-001 -9.181711e-001 -5.510864e-001 9.240984e-002 -8.295280e-001 -1.326700e+000 -6.697483e-001 7.930760e-001 -3.788325e-002 -1.269017e-001 7.086269e-001 -1.797661e-002 -2.151923e-001 -1.458640e-001 -2.117190e-001 2.928946e-001 -1.630131e-001 -6.900511e-001 -6.914428e-001 -7.076983e-001 
-1.033092e+001 1.732240e+001 -4.335283e+000 7.237794e+000 2.397686e+000 8.556279e-001 -1.178544e+000 -1.820457e+000 7.761057e-001 -2.230165e+000 9.432609e-001 -1.424855e+000 -9.724759e-001 -2.514995e+000 -2.056955e-001 1.678477e+000 2.778919e-002 -3.674429e-001 1.559163e-001 1.455121e-001 -2.099547e+000 -1.250980e+000 -2.435855e-001 5.783170e-001 -2.049594e-001 -5.099463e-001 1.006097e+000 6.878337e-001 -2.389337e-001 -6.407595e-001 2.870538e-002 -4.468682e-002 -3.607999e-001 -5.926738e-001 -6.774534e-001 -5.868127e-001 
-1.299077e+001 1.982571e+001 -1.608048e+000 6.066299e+000 3.618449e+000 1.851271e+000 -9.286676e-001 -3.964569e+000 -2.162297e-002 -1.663560e+000 5.789773e-001 -3.047216e+000 -2.494429e+000 -1.969452e+000 1.222634e+000 2.413412e+000 1.251214e-002 -1.214694e+000 -1.240583e-001 3.567770e-001 -1.029099e+000 -3.981157e-001 4.149311e-001 -2.057358e-001 -5.305093e-001 9.605284e-002 7.859447e-001 1.519148e-001 -9.226352e-003 -8.138789e-001 -2.938017e-001 3.899390e-001 -5.903495e-001 -1.031943e+000 -9.296791e-001 -3.053948e-001 
-1.106549e+001 2.082922e+001 -1.327812e+000 4.139219e+000 5.197495e+000 1.934175e+000 -2.660043e+000 -4.479517e+000 2.199628e-001 -1.231253e+000 -1.133450e+000 -1.404085e+000 -1.957782e+000 -3.248794e+000 9.446354e-001 2.797345e+000 -2.779231e-001 -1.532767e+000 3.226763e-001 1.063007e+000 -8.658844e-001 -8.764382e-001 3.962696e-001 -1.063972e+000 -1.179829e+000 1.091149e+000 7.631734e-001 -6.539754e-001 -1.374052e-001 -4.498112e-001 -4.625320e-001 -7.858652e-002 -5.465715e-001 -1.274109e+000 -9.387849e-001 4.975738e-001 
-1.025662e+001 2.195925e+001 -2.132070e+000 4.790177e+000 5.417520e+000 1.926633e+000 -2.866378e+000 -5.337612e+000 4.331516e-001 -1.552774e+000 -2.804881e-001 -1.808640e+000 -1.623845e+000 -2.733193e+000 9.982956e-001 2.512677e+000 -1.177371e-001 -1.343541e+000 5.278500e-001 1.177623e+000 -9.741600e-001 -1.060463e+000 -3.059034e-001 -1.045618e+000 -9.611903e-001 7.426184e-001 1.128065e+000 -1.056052e-001 -6.527768e-002 -6.007634e-001 -3.162856e-001 -1.527342e-001 -7.797139e-001 -1.433513e+000 -9.199265e-001 1.635505e-001 
-9.248331e+000 2.091706e+001 -9.447961e-001 4.120707e+000 5.956364e+000 1.611493e+000 -3.312302e+000 -4.275590e+000 -1.423838e-001 -9.911472e-001 -8.340342e-001 -1.616863e+000 -1.989895e+000 -1.237865e+000 8.651401e-001 1.237364e+000 -5.470851e-001 -1.122439e+000 6.373362e-001 9.216593e-001 -7.371448e-001 -9.221158e-001 -4.776110e-001 -7.564831e-001 -4.103235e-001 3.718006e-001 4.519481e-001 2.949341e-001 -7.127289e-002 -1.140397e+000 -6.417713e-001 1.575546e-001 -6.571497e-001 -1.016842e+000 -3.845044e-001 8.103362e-002 
-1.136923e+001 2.322234e+001 -1.884670e+000 4.825743e+000 6.174446e+000 1.344259e+000 -2.297302e+000 -5.018581e+000 -8.134933e-002 -1.043804e+000 -4.181858e-001 -1.858410e+000 -1.658925e+000 -1.404612e+000 1.217432e+000 1.096690e+000 -6.839103e-001 -7.423522e-001 7.616234e-001 9.900203e-001 -7.393742e-001 -1.080483e+000 -9.714596e-001 -4.765717e-001 -4.089562e-001 1.699186e-001 7.707531e-001 2.285777e-001 -1.048681e-001 -8.786515e-001 -5.281402e-001 1.575212e-001 -9.236251e-001 -1.156845e+000 -5.451184e-001 -1.701088e-002 
1.644249e+000 1.372604e+001 2.176282e+000 2.189345e+000 2.838954e+000 6.072133e-001 -1.568352e+000 -1.972452e+000 -1.363239e+000 -1.156420e+000 -5.249514e-001 -1.617312e-001 -6.118057e-001 -4.901817e-001 5.548380e-001 1.755058e-001 -6.459223e-001 -6.155188e-002 4.324306e-001 -8.580400e-002 -9.815026e-002 3.837837e-002 -2.708797e-001 -1.254857e-001 2.974136e-001 -1.365742e-001 -2.797232e-001 1.240888e-001 3.602010e-002 -2.689934e-001 -3.347840e-001 -2.362544e-001 -2.044602e-001 -4.079500e-001 -3.010914e-001 1.433670e-002 
-7.570857e+000 1.173609e+001 -1.988478e+000 8.870882e+000 5.523173e-001 -2.098881e+000 -4.672619e-001 -3.647822e-001 1.114722e+000 -5.069475e-001 5.587779e-001 4.365611e-001 7.837343e-001 -6.332804e-001 -5.838057e-001 7.867066e-001 -1.119566e-001 -1.620150e-001 7.611175e-002 -9.574891e-001 -1.665125e+000 -1.495588e+000 -7.152481e-001 -1.664555e-001 -7.308362e-003 -1.929570e-001 4.342470e-001 2.713459e-001 -5.394848e-001 -4.143667e-002 3.995117e-001 2.521700e-002 -2.720055e-001 -4.249853e-001 -4.174481e-001 -1.994586e-001 
-8.388427e+000 1.021287e+001 -5.440563e+000 1.136558e+001 -1.987624e+000 -1.145239e+000 -1.049608e+000 -8.228769e-001 8.801373e-001 -2.856877e+000 1.124427e+000 -9.364462e-001 2.250604e+000 4.093204e-001 -3.315188e-001 4.467081e-001 -1.085351e+000 -6.996887e-001 -1.152570e+000 -9.943840e-001 -1.600850e+000 -1.311704e+000 -1.052995e+000 -1.174488e-001 2.170656e-001 -3.647318e-001 1.607368e-001 3.004839e-001 -8.167518e-002 4.851723e-002 8.676319e-001 4.168516e-001 2.130269e-002 -2.696884e-001 -8.533538e-001 -1.292157e-001 
-7.919649e+000 1.011089e+001 -6.070122e+000 1.179149e+001 -2.989764e+000 -5.226713e-001 -1.241502e+000 -6.161830e-001 2.821780e+000 -1.963125e+000 2.627026e+000 -1.048693e+000 2.115618e+000 6.721156e-001 7.038522e-001 7.270446e-001 -1.081514e+000 -2.359767e-001 -1.726272e+000 -1.086753e+000 -1.703268e+000 -8.245114e-001 -6.299337e-001 -7.041831e-001 -1.604235e-001 -4.007677e-001 4.757249e-001 -2.734522e-001 7.160783e-001 4.310048e-001 3.056878e-001 2.944943e-001 -6.432053e-002 2.247752e-001 -3.813434e-001 1.048594e-001 
-8.457613e+000 9.002936e+000 -7.722957e+000 1.110659e+001 -3.631161e+000 -1.090619e+000 -2.478544e+000 -1.947337e+000 3.035552e+000 -2.687699e+000 3.524558e+000 -8.602357e-001 1.528501e+000 7.411095e-001 1.640524e-001 2.278347e+000 -8.197066e-001 1.018259e+000 -5.082924e-001 2.393664e-001 -1.345730e+000 -1.570829e-001 5.599912e-001 -1.026768e+000 8.247520e-001 -2.065065e-001 1.079613e+000 3.016444e-001 8.545649e-002 9.964595e-002 -1.413152e-001 3.182178e-001 -4.081238e-001 -2.185252e-001 -3.912362e-001 2.377585e-001 
-8.466869e+000 8.043847e+000 -8.224217e+000 1.126056e+001 -3.898374e+000 -1.149610e+000 -1.085096e+000 -2.190721e+000 1.953516e+000 -3.954436e+000 2.805386e+000 -9.286447e-001 1.499856e+000 1.357002e-001 -1.408483e-001 2.667847e+000 1.333312e-001 1.428430e+000 -5.663700e-001 1.687981e-001 -5.439011e-001 6.539423e-001 7.977111e-001 -4.090138e-001 6.247944e-001 -5.013632e-001 9.395669e-001 4.791095e-001 2.517413e-001 3.881649e-001 -8.163761e-001 -2.377344e-001 -7.207701e-001 -1.587108e-001 -4.789374e-001 1.734853e-001 
-8.940181e+000 7.026264e+000 -8.798500e+000 1.156923e+001 -3.489652e+000 -5.007747e-001 -1.086141e+000 -1.285648e+000 2.325392e+000 -3.776063e+000 2.704738e+000 -1.179645e+000 1.717419e+000 -2.672372e-002 3.512257e-001 1.807437e+000 -6.817409e-001 4.103936e-001 -1.250748e+000 2.312041e-001 -4.608624e-001 7.995876e-002 3.505958e-001 -5.251001e-001 8.005684e-001 -1.729510e-001 9.359963e-001 -2.389624e-001 -2.544024e-001 4.271621e-002 -5.281297e-001 8.727998e-001 -7.306828e-001 -1.920720e-001 -6.317968e-001 3.254374e-001 
-7.519451e+000 7.019262e+000 -1.008370e+001 1.095863e+001 -3.281543e+000 -7.902963e-001 -1.024327e+000 -5.561970e-001 3.220999e+000 -2.090104e+000 3.204248e+000 -1.599749e+000 1.661420e+000 -6.027973e-002 5.069150e-001 3.122335e+000 -2.083588e-001 3.507289e-003 -3.422676e-001 9.349495e-002 -1.701850e+000 -8.473380e-001 6.916353e-001 3.519432e-001 7.382994e-001 9.772631e-002 1.561779e+000 -2.833576e-001 -7.619823e-001 -4.077919e-001 1.706840e-001 8.673212e-001 4.251149e-001 4.222312e-001 -1.187818e+000 -6.514487e-001 
-8.604832e+000 7.488165e+000 -8.816850e+000 1.054613e+001 -2.431769e+000 -2.554849e-001 -9.637234e-001 -1.211373e-001 2.568443e+000 -1.459183e+000 2.948976e+000 -9.080071e-001 1.474418e+000 -5.159315e-001 6.429397e-001 1.773945e+000 5.883302e-001 -2.710352e-001 -1.192378e+000 -9.384852e-001 -1.933688e+000 -1.424103e-001 6.241146e-001 5.899100e-001 2.029228e-001 -4.369496e-001 5.429102e-001 5.675076e-001 5.359875e-001 -7.935113e-002 -1.670080e-001 -1.690979e-001 2.527429e-001 4.205500e-002 5.629028e-002 2.291101e-002 
-7.640814e+000 8.643991e+000 -9.688147e+000 1.005322e+001 -5.086136e-001 4.877640e-001 -3.090934e-001 -2.536966e-001 1.973214e+000 -1.645279e+000 1.836844e+000 -5.992198e-001 1.645086e+000 -8.779357e-001 6.627076e-001 1.495148e+000 6.567235e-001 -3.086539e-001 -1.043435e+000 -5.965727e-001 -1.110847e+000 5.953552e-001 -4.235045e-001 2.401747e-001 -1.350081e-001 -4.319414e-001 8.567572e-001 7.711689e-001 4.843409e-001 -4.665424e-001 -1.895225e-001 -4.363299e-001 -4.150186e-002 -4.671664e-001 -5.204202e-002 -9.953638e-002 
-9.578999e+000 9.794998e+000 -9.376711e+000 8.594460e+000 6.451843e-001 -5.146006e-003 -1.199371e+000 -2.875988e-002 1.904072e+000 -2.277214e+000 1.777192e+000 -7.973504e-001 8.305827e-001 -9.258928e-001 9.461458e-002 1.876569e+000 9.052497e-002 -7.691970e-001 -7.032925e-001 3.228452e-001 -8.514582e-001 -8.973628e-001 -6.406715e-001 1.052828e+000 -2.768091e-003 -1.978143e-002 6.479277e-001 -7.505584e-002 3.483255e-002 -3.793720e-001 2.101010e-002 1.417135e-002 -1.825009e-002 -9.583546e-001 -4.836522e-001 -5.669457e-001 
-9.569258e+000 1.624045e+001 -5.108288e+000 7.396675e+000 2.060238e+000 4.874336e-001 -1.221486e+000 -1.606306e+000 1.032169e+000 -2.372798e+000 1.183883e+000 -1.325559e+000 -5.840170e-001 -2.266720e+000 -4.997083e-001 1.366302e+000 8.246903e-002 -2.705178e-001 -2.210991e-002 -3.569632e-002 -2.177719e+000 -1.435931e+000 -5.214157e-001 5.963543e-001 -1.911617e-001 -4.018837e-001 8.681790e-001 6.422560e-001 -2.222996e-001 -4.862021e-001 -6.466371e-002 1.369120e-001 -9.080162e-002 -4.449563e-001 -7.929862e-001 -6.023812e-001 
-1.261636e+001 1.898718e+001 -1.770996e+000 6.064834e+000 3.938357e+000 1.468550e+000 -5.746961e-001 -3.497487e+000 1.235200e-001 -1.111694e+000 1.200727e-001 -2.766450e+000 -2.711805e+000 -1.807846e+000 1.133935e+000 2.325438e+000 -1.177060e-001 -1.037293e+000 -1.582537e-001 2.674890e-001 -9.960768e-001 -3.605423e-001 4.234756e-001 1.973223e-001 -3.952579e-001 -2.050213e-002 7.353431e-001 3.068855e-001 -3.779827e-001 -7.777403e-001 -9.117176e-002 2.154795e-001 -4.046924e-001 -7.991634e-001 -9.127373e-001 -4.453619e-001 
-1.054413e+001 1.942628e+001 -5.758733e-001 3.471299e+000 5.779142e+000 2.180019e+000 -2.444957e+000 -4.140880e+000 -9.192197e-001 -1.323974e+000 -1.105063e+000 -1.371240e+000 -1.907448e+000 -2.535306e+000 9.636304e-001 2.664889e+000 -2.549290e-001 -1.841095e+000 2.191218e-001 6.557566e-001 -8.904635e-001 -4.668789e-001 5.314551e-001 -6.925633e-001 -1.065602e+000 6.216144e-001 5.669612e-001 -5.106275e-001 -3.579129e-001 -5.242276e-001 -2.914518e-001 1.670034e-001 -5.842502e-001 -1.213670e+000 -9.271746e-001 1.439901e-001 
-1.105265e+001 2.258557e+001 -2.335595e+000 5.021913e+000 5.069526e+000 1.949639e+000 -2.927165e+000 -5.051334e+000 8.118375e-001 -1.960015e+000 -4.342880e-001 -2.031550e+000 -1.122942e+000 -2.947379e+000 1.008150e+000 2.661658e+000 -2.267598e-001 -1.350609e+000 3.328781e-001 1.396797e+000 -1.183089e+000 -9.893348e-001 -1.963060e-001 -9.269855e-001 -1.008488e+000 9.817753e-001 1.014984e+000 -2.594860e-001 -9.225102e-002 -5.380854e-001 -3.569230e-001 -2.923438e-001 -6.857991e-001 -1.376093e+000 -8.137969e-001 3.581628e-001 
-1.033884e+001 2.205223e+001 -2.203523e+000 5.047636e+000 5.595546e+000 1.917643e+000 -2.976022e+000 -4.987436e+000 4.177511e-001 -1.515488e+000 -2.758863e-001 -2.238156e+000 -1.771397e+000 -1.786372e+000 9.699867e-001 1.477303e+000 -5.313558e-001 -8.176244e-001 4.674306e-001 1.162931e+000 -9.227097e-001 -9.792090e-001 -6.631552e-001 -9.679710e-001 -5.725931e-001 5.339289e-001 7.578528e-001 2.116834e-001 1.502363e-001 -1.207538e+000 -5.277135e-001 9.098896e-002 -7.261956e-001 -1.104340e+000 -6.270060e-001 4.164239e-002 
-1.125339e+001 2.295347e+001 -1.818661e+000 4.653519e+000 6.308198e+000 1.159691e+000 -2.200765e+000 -4.930338e+000 -1.103998e-001 -1.156301e+000 -3.392969e-001 -2.092615e+000 -1.773358e+000 -1.191666e+000 1.256305e+000 1.060533e+000 -7.756467e-001 -6.939617e-001 9.428940e-001 9.293818e-001 -7.395940e-001 -1.236957e+000 -9.636135e-001 -6.028068e-001 -3.778580e-001 3.011763e-001 7.300134e-001 2.587994e-001 7.145780e-003 -9.628803e-001 -4.366952e-001 -7.976132e-002 -9.017473e-001 -1.128854e+000 -5.109708e-001 6.738870e-002 
