1.161294e+001 1.046656e+001 -2.683707e+000 4.289831e+000 -5.060185e+000 2.390709e+000 -6.544230e+000 7.566305e-001 -2.937099e-001 5.710084e-002 -3.915160e+000 2.313573e-001 -1.591046e+000 -1.775298e+000 -3.949765e+000 -2.694819e+000 -9.685912e-001 -1.458020e+000 -1.363029e+000 -7.601412e-001 -1.068696e+000 -3.430499e+000 -2.862863e-001 -1.049082e-001 5.885710e-001 -8.275896e-001 -1.066782e-001 -8.506823e-001 -5.167329e-001 -1.163646e+000 4.376811e-001 2.540699e-001 3.809431e-001 3.473270e-001 7.602485e-001 2.645362e-001 
1.603905e+001 6.034674e+000 -3.173480e+000 7.785457e+000 -5.783657e+000 3.599703e+000 -7.292489e+000 8.056971e-001 -1.520981e+000 2.511932e+000 -1.914087e+000 -2.478984e-001 -2.438389e+000 -1.050988e+000 -3.425790e+000 -1.478873e+000 -3.691319e-001 -1.591171e+000 -2.085398e+000 -1.154894e+000 -2.837880e-001 -2.606191e+000 8.026106e-002 -1.143591e+000 3.475798e-001 -9.131370e-001 1.065286e-001 -9.706620e-001 3.727919e-001 -1.621646e+000 2.586167e-001 8.163379e-001 8.460209e-001 -1.372283e-001 4.921289e-001 2.635501e-001 
1.740727e+001 2.439339e+000 -3.074657e+000 9.581919e+000 -6.873130e+000 3.478160e+000 -6.343683e+000 3.513926e+000 -1.665493e-001 2.550189e+000 -2.099176e+000 1.513468e-002 -1.859368e+000 -1.888374e-001 -1.180517e+000 -6.609702e-001 3.302811e-001 -1.320329e+000 -2.006837e+000 -1.864788e+000 3.224751e-002 -2.973487e+000 -1.248137e-001 -9.876654e-001 -1.070771e-001 -9.501391e-001 2.661263e-001 2.363065e-001 -9.496108e-002 -1.153076e+000 4.324973e-001 6.274558e-001 5.430245e-001 1.679447e-001 1.000372e+000 9.742173e-001 
1.802936e+001 1.046381e+000 -2.925252e+000 1.031373e+001 -7.236170e+000 3.816173e+000 -9.182315e+000 1.580461e+000 -8.343682e-001 3.677370e+000 -2.564862e+000 1.201450e+000 -1.556591e+000 1.976033e+000 -9.129097e-001 -8.252809e-001 6.926319e-001 1.650960e-001 -1.788671e+000 -1.642276e+000 6.901714e-001 -2.603183e+000 5.251608e-001 -1.006312e+000 -5.543720e-002 -2.486656e+000 3.843633e-001 -4.892745e-001 9.915110e-001 -1.243881e+000 3.947080e-001 1.393566e-002 8.120221e-001 -2.007211e-001 8.651408e-001 1.011389e+000 
1.862237e+001 -1.062143e+000 -2.020518e+000 7.165206e+000 -8.583245e+000 1.818779e+000 -8.838665e+000 1.321699e+000 -6.143190e-001 3.703527e+000 -2.228444e+000 1.512498e+000 -9.003530e-001 1.922008e+000 -9.599453e-001 5.877561e-001 7.337973e-001 -4.567495e-001 -1.342177e+000 -1.542657e+000 1.357450e+000 -1.384420e+000 -3.732255e-001 -1.024232e+000 -2.436886e-001 -1.878820e+000 4.239038e-001 -6.166662e-001 -1.308805e-001 -1.358517e+000 6.613953e-001 6.902286e-001 1.048230e+000 -3.624376e-001 4.555641e-001 7.987707e-001 
1.683705e+001 -3.739626e+000 -4.365958e+000 7.363399e+000 -9.150091e+000 6.713666e-001 -8.976503e+000 4.030086e-001 -1.866995e+000 3.146942e+000 -3.921050e+000 -6.769329e-001 -2.243322e+000 1.671724e+000 -1.247145e+000 1.712896e-002 -8.441332e-002 -4.131060e-001 -7.354418e-001 -1.419754e+000 5.172046e-001 -2.011405e+000 2.131334e-001 -7.507285e-001 9.123931e-002 -2.566602e+000 6.348468e-001 1.013187e-001 8.002128e-002 -7.048988e-001 1.069679e+000 5.764035e-001 5.581549e-001 -1.232846e-001 5.121057e-001 6.625372e-001 
1.702340e+001 -3.176784e+000 -3.578065e+000 6.374745e+000 -8.713967e+000 1.263989e+000 -7.896398e+000 1.547992e+000 -1.080206e+000 2.747307e+000 -3.095934e+000 1.310008e-001 -1.527590e+000 8.682765e-001 -2.571466e+000 -1.525965e+000 -1.056192e-001 -1.048124e+000 -1.783028e+000 -2.339503e-001 2.219686e-001 -2.261613e+000 1.422620e-001 -8.251403e-001 6.134765e-001 -1.985120e+000 1.023427e+000 8.852873e-002 -3.670967e-001 -1.196236e+000 6.560168e-001 5.507571e-001 6.089377e-001 -1.780214e-001 7.230155e-001 6.804480e-001 
1.806784e+001 -2.716552e+000 -2.211276e+000 6.153317e+000 -9.155696e+000 2.259626e-001 -7.900366e+000 -1.189701e-001 -5.530374e-001 2.955664e+000 -4.045610e+000 -1.206989e+000 -2.033194e+000 1.028517e+000 -1.554783e+000 -1.362387e+000 -1.462484e+000 -1.554723e+000 -7.247802e-001 -2.709015e-001 4.025881e-003 -1.829967e+000 -5.121566e-001 -8.441756e-001 7.971081e-002 -1.063241e+000 1.262420e+000 -2.128849e-001 3.392252e-002 -2.029663e+000 3.664821e-001 1.448246e+000 1.703980e+000 1.870108e-001 1.866548e-001 -1.388714e-001 
1.861832e+001 -2.058059e+000 -2.266277e+000 7.817962e+000 -1.016595e+001 1.250579e+000 -9.030864e+000 9.836952e-001 -4.420021e-001 2.697497e+000 -4.509981e+000 -7.207827e-001 -1.885854e+000 5.178061e-001 -1.751904e+000 -9.461724e-001 -1.135525e+000 -1.422139e+000 -1.726558e+000 -6.239806e-001 1.654516e+000 -1.926507e+000 -6.097165e-001 -1.347471e+000 -3.613459e-001 -1.120581e+000 1.191867e+000 -9.379040e-001 -5.110149e-001 -2.220739e+000 2.799237e-001 1.444846e+000 2.235950e+000 3.471523e-001 -6.849770e-001 2.639201e-001 
1.862170e+001 -3.308950e+000 -4.873402e+000 5.728537e+000 -1.012550e+001 1.873684e+000 -7.879045e+000 5.166026e-001 -1.430165e+000 1.702350e+000 -2.808858e+000 -1.281722e+000 -2.827112e-001 5.248129e-001 -1.952596e+000 -2.135417e+000 -1.108293e+000 -2.168518e+000 -2.096356e+000 -3.930837e-001 2.051585e+000 -1.169174e+000 4.905641e-001 -2.522668e-001 -4.980067e-001 -1.275834e+000 1.260858e-001 -4.782031e-002 -8.121332e-001 -1.026632e+000 3.974884e-001 1.413967e+000 8.983253e-001 4.368909e-001 -5.150015e-001 -6.794044e-001 
1.775282e+001 -4.163192e-001 -5.137405e+000 8.349550e+000 -7.891534e+000 3.154235e+000 -8.252739e+000 1.007413e+000 -2.043764e+000 1.060137e+000 -3.183905e+000 -9.234345e-001 -9.869539e-001 1.135549e+000 -1.844107e+000 -2.053586e+000 -9.343841e-001 -1.668071e+000 -1.273153e+000 -1.754272e-001 1.229454e+000 -2.503124e+000 -8.928369e-002 -1.284123e+000 -4.494184e-001 -1.498348e+000 2.360434e-001 1.294163e-001 1.894234e-001 -1.081708e+000 1.919582e-002 1.636048e+000 9.601769e-001 1.380646e-001 -5.738873e-002 3.846966e-001 
1.574310e+001 6.395750e-001 -5.465203e+000 6.530789e+000 -8.757794e+000 6.789155e-001 -8.404494e+000 3.483171e-001 -1.869035e+000 9.525382e-001 -2.801026e+000 -5.394326e-001 -9.756149e-001 5.589691e-001 -1.327084e+000 -1.361760e+000 -7.670919e-001 -8.108443e-001 -8.393025e-001 -4.599786e-001 6.391575e-001 -1.901328e+000 1.858795e-001 -9.363137e-001 -5.898111e-002 -1.966445e+000 -2.814221e-001 6.329902e-002 -7.628978e-002 -9.718920e-001 4.745812e-001 1.751036e+000 8.201467e-001 4.995961e-002 -1.315404e-001 4.420325e-001 
1.348419e+001 3.441286e+000 -5.020983e+000 5.553333e+000 -8.521208e+000 -5.375116e-001 -8.467841e+000 3.989959e-001 -2.377744e+000 9.808007e-001 -3.503139e+000 -1.429116e+000 -3.252958e-001 1.354096e+000 -1.178912e+000 -2.642136e-001 3.370518e-001 -9.821169e-001 -1.071069e+000 -3.994492e-001 1.234321e-001 -2.287808e+000 -1.747267e-001 -1.692209e+000 -3.722852e-001 -1.230762e+000 5.874037e-001 -1.089961e-001 1.032644e-001 -7.182925e-001 5.970861e-001 1.115471e+000 6.899932e-001 4.427361e-001 2.143443e-001 -2.292893e-001 
1.378288e+001 6.577279e+000 -4.993602e+000 5.297743e+000 -5.999927e+000 1.146445e-001 -6.704367e+000 4.162557e-001 -1.394223e+000 4.938171e-001 -3.304380e+000 -1.546331e+000 -7.555225e-001 1.335061e+000 -2.114773e+000 -5.122302e-001 2.742306e-001 -1.306801e+000 -1.645657e+000 9.032415e-002 -2.713725e-001 -4.020031e+000 -3.872981e-001 -7.239981e-001 -1.379207e-001 -9.843780e-001 5.533602e-001 -9.796712e-002 7.359282e-002 -5.356920e-001 6.741241e-001 6.278153e-001 6.457847e-001 3.880632e-001 6.122547e-001 3.908354e-001 
1.090836e+001 9.698807e+000 -5.567701e+000 5.718049e+000 -5.776494e+000 1.056369e+000 -7.595738e+000 -7.216683e-002 -6.522532e-001 4.814891e-001 -3.195731e+000 -2.855616e+000 -1.795200e+000 1.423485e+000 -1.456399e+000 -5.109168e-001 -3.284789e-001 -1.700399e+000 -1.283023e+000 3.505418e-001 9.054279e-002 -3.043976e+000 -2.425262e-001 -4.354237e-001 9.559540e-001 -7.809285e-001 4.016349e-001 -5.363750e-001 2.883791e-001 -4.427358e-001 6.227573e-001 8.223119e-001 2.761898e-001 4.511868e-001 3.913780e-001 4.028050e-001 
1.166621e+001 1.131536e+001 -6.240913e+000 5.571494e+000 -4.131743e+000 5.939784e-001 -6.854327e+000 -1.460745e+000 -2.222072e-001 -4.460619e-001 -1.596779e+000 -4.093755e+000 -1.230921e+000 -1.318454e+000 -1.264244e+000 -2.111497e+000 -1.037800e+000 -2.727241e+000 -2.643861e+000 -1.572651e-001 -9.971705e-001 -1.066453e+000 6.441237e-001 5.166796e-001 -2.223007e-001 -1.598256e+000 -7.083344e-001 2.465660e-001 -5.823824e-001 -2.256120e-001 7.990651e-001 2.033885e-001 -8.866637e-001 7.305477e-001 2.434276e-001 -2.954578e-001 
1.707029e+001 1.227150e+001 -3.102899e+000 3.208100e+000 -4.149408e-002 5.153140e-001 -3.064548e+000 -2.081067e-001 9.702367e-001 -7.418378e-001 -2.288085e-001 -1.631926e+000 1.127289e+000 -7.388184e-001 -1.666842e+000 -4.252959e-001 2.205458e-001 -2.559085e-001 -1.199249e+000 8.799915e-001 -8.801234e-001 9.510155e-002 8.273423e-001 -3.263986e-001 3.845232e-002 -1.302705e+000 9.630396e-002 3.239117e-001 -2.074649e-001 -3.694362e-001 5.401060e-001 6.517425e-001 -3.169095e-001 8.745911e-001 -4.221669e-001 -7.133173e-001 
1.201303e+001 1.239106e+001 -1.507294e+000 4.034351e+000 -3.846379e+000 1.531483e+000 -5.898606e+000 4.864485e-001 1.158530e+000 -3.310028e-001 -2.754467e+000 1.894873e-001 1.695039e-001 -9.853310e-001 -2.985929e+000 -2.682438e+000 -7.554749e-001 -1.400119e+000 -9.429041e-001 3.381173e-001 -6.279923e-001 -2.502319e+000 -1.237106e-001 2.602987e-001 4.750143e-002 -1.166119e+000 -7.941893e-002 -3.929026e-001 -4.147065e-001 -1.564105e-001 5.920532e-001 4.925329e-001 3.057242e-001 3.588182e-001 8.427683e-001 6.441037e-001 
1.484623e+001 6.440797e+000 -2.744490e+000 7.167912e+000 -6.097818e+000 2.897978e+000 -6.837646e+000 2.115596e+000 -1.459357e+000 1.186797e+000 -3.929838e+000 -6.370304e-001 -2.055976e+000 4.158837e-002 -3.269917e+000 -1.779116e+000 -7.330075e-001 -2.733878e+000 -2.653199e+000 -1.273511e+000 3.578633e-002 -1.864100e+000 3.675877e-001 -1.124212e+000 -1.268781e-002 -2.179328e+000 -7.238084e-001 -1.509013e+000 6.800308e-001 -6.920138e-001 1.058157e+000 8.725952e-001 4.348838e-001 -2.055496e-001 4.690360e-001 2.357144e-001 
1.779131e+001 3.280697e+000 -2.246793e+000 9.337278e+000 -7.529390e+000 3.316095e+000 -6.823375e+000 2.880786e+000 -5.352060e-001 2.610251e+000 -2.246319e+000 -1.220187e-001 -2.128498e+000 3.230841e-002 -1.414729e+000 -6.715408e-001 2.880440e-001 -1.040430e+000 -2.321602e+000 -2.267748e+000 -8.622887e-002 -2.152507e+000 3.727927e-001 -9.775894e-001 -2.992253e-001 -1.717667e+000 -4.376928e-001 -3.512895e-001 8.650577e-001 -8.748384e-001 4.298303e-001 5.218004e-001 6.893405e-001 1.670304e-001 9.174795e-001 1.000042e+000 
1.902228e+001 2.665039e+000 -9.088157e-001 9.496951e+000 -8.988159e+000 2.023500e+000 -7.915347e+000 2.686458e+000 -3.383014e-001 3.587413e+000 -1.590676e+000 1.501914e+000 -1.934998e+000 1.677966e+000 -1.133631e+000 -1.153163e+000 8.234796e-001 -9.263166e-001 -3.553237e+000 -2.374612e+000 6.665377e-001 -1.373733e+000 6.691051e-001 -1.100051e+000 -6.268092e-001 -2.462537e+000 -6.608230e-001 -4.195241e-001 9.977199e-001 -3.944063e-001 8.065836e-001 8.790163e-001 8.797634e-001 2.039297e-002 7.154131e-001 9.418492e-001 
1.861056e+001 1.323425e+000 -7.739103e-001 9.273443e+000 -9.075842e+000 3.532279e+000 -8.657757e+000 1.838420e+000 -1.205793e+000 4.335494e+000 -3.368262e+000 5.121481e-001 -3.277090e+000 1.493855e+000 -1.507625e+000 -6.292084e-002 -2.766508e-001 -5.755270e-001 -2.428265e+000 -2.622179e+000 1.262900e+000 -1.417820e+000 8.178407e-001 -1.153796e+000 1.446313e-002 -2.529574e+000 5.270396e-001 -6.230708e-001 1.112495e+000 -8.496078e-001 1.232966e+000 4.425572e-001 1.338164e+000 -5.651243e-001 7.115291e-001 1.020647e+000 
1.765118e+001 -1.591979e+000 -2.346164e+000 8.893728e+000 -8.952915e+000 2.558670e+000 -7.488735e+000 2.481129e+000 -1.741063e+000 3.840413e+000 -4.138700e+000 -2.514063e-001 -1.998814e+000 1.575559e+000 -1.832498e+000 2.302003e-002 2.969857e-001 -1.589928e-001 -1.216037e+000 -2.095760e+000 6.969283e-001 -1.792515e+000 1.939895e-001 -9.812129e-001 2.299608e-001 -3.010996e+000 5.200310e-001 -4.828595e-001 4.588667e-001 -1.186059e+000 8.986833e-001 9.802463e-002 9.143173e-001 -3.027117e-001 5.847651e-001 5.468854e-001 
1.730744e+001 -1.850240e+000 -7.639667e-001 8.606435e+000 -8.012201e+000 1.493108e+000 -6.874623e+000 1.588410e+000 -1.737128e+000 1.632924e+000 -4.279982e+000 -1.447394e+000 -2.776944e+000 1.516169e+000 -1.788395e+000 -1.089832e+000 -4.311595e-002 -1.107264e+000 -2.472155e+000 -1.652007e+000 -3.218846e-001 -2.589014e+000 -2.362966e-001 -1.331666e+000 3.407802e-001 -2.438450e+000 1.317450e-001 -2.626973e-001 2.494951e-001 -4.819425e-001 7.902435e-001 5.330944e-001 3.197686e-001 -2.427928e-001 7.656589e-001 9.787082e-001 
1.710781e+001 -8.947329e-001 -2.503246e+000 8.647171e+000 -9.587773e+000 1.036446e+000 -9.274702e+000 1.143282e+000 -1.980626e+000 3.249846e+000 -5.719034e+000 1.173692e-001 -2.350829e+000 1.749054e+000 -2.033029e+000 -7.803527e-001 -1.563621e+000 -1.841144e+000 -9.609413e-001 -2.304355e-001 9.965904e-002 -2.819763e+000 -3.850598e-001 -1.770094e+000 5.142335e-001 -2.092169e+000 1.603466e+000 -9.282774e-001 3.232236e-001 -2.153010e+000 1.077814e+000 1.140588e+000 1.637328e+000 -6.004310e-003 5.177468e-001 -1.544506e-001 
1.846839e+001 -1.254929e+000 -1.808155e+000 7.673900e+000 -1.089281e+001 9.048987e-001 -8.951229e+000 1.210260e+000 -9.255953e-001 2.782728e+000 -4.653101e+000 5.243853e-001 -1.762621e+000 6.472684e-001 -2.017452e+000 -7.344694e-001 -1.076350e+000 -1.683264e+000 -2.260032e+000 -7.053636e-001 1.631640e+000 -1.886415e+000 -4.340701e-001 -1.780162e+000 4.003486e-001 -9.487386e-001 1.280369e+000 -9.555470e-001 -2.985752e-001 -1.668925e+000 3.742853e-002 8.331684e-001 2.016123e+000 4.094248e-002 -2.698820e-001 1.132571e-001 
1.874120e+001 -1.324468e+000 -3.966380e+000 7.604648e+000 -1.146694e+001 1.464214e+000 -9.456517e+000 1.513077e+000 -1.125887e+000 3.324700e+000 -3.210875e+000 -4.085528e-001 -4.204534e-001 2.099559e+000 -7.165799e-001 -1.570066e+000 -4.510986e-001 -1.751481e+000 -8.967980e-001 -1.691074e+000 4.794237e-001 -3.792900e+000 -6.482287e-001 -1.075553e+000 -7.074029e-001 -1.770759e+000 4.276098e-001 1.754250e-001 -6.359316e-001 -1.233009e+000 2.936392e-001 1.631193e+000 1.547173e+000 1.308156e+000 1.019543e-001 -1.714367e-001 
1.951455e+001 3.333648e-001 -3.416427e+000 6.632485e+000 -1.038273e+001 2.293929e-001 -8.815024e+000 7.163380e-001 -6.330522e-001 2.182093e+000 -1.984115e+000 -1.196947e+000 -7.408571e-001 1.562203e+000 -1.169323e+000 -1.513091e+000 -5.112326e-002 -1.061155e+000 -1.065345e+000 -6.210734e-001 7.756487e-001 -3.070416e+000 -7.146329e-001 -1.396559e+000 3.985091e-002 -5.628802e-001 8.162282e-002 -2.762747e-001 -3.513379e-001 -6.976655e-001 -2.807084e-001 1.735708e+000 1.134234e+000 9.668906e-001 1.694447e-001 5.734181e-001 
1.639965e+001 1.787353e+000 -4.035758e+000 6.669620e+000 -1.103076e+001 -4.327093e-001 -8.866452e+000 2.215674e-001 -2.419311e+000 1.424937e+000 -1.957967e+000 -1.289234e-001 -1.082904e+000 1.636764e+000 -9.103288e-001 -6.666255e-001 3.897271e-003 -5.254370e-002 -7.551586e-001 -8.053361e-001 1.819519e+000 -1.332670e+000 1.106856e+000 -7.513322e-001 4.991255e-001 -1.745805e+000 -4.444310e-001 -7.879761e-002 1.006835e-001 -8.794584e-001 -2.023253e-001 9.124709e-001 5.065044e-001 1.265398e-001 2.670438e-002 5.330822e-001 
1.474953e+001 4.305958e+000 -4.685014e+000 6.368432e+000 -8.539494e+000 5.030073e-002 -9.338700e+000 6.492045e-001 -2.574760e+000 1.877594e+000 -2.838862e+000 -4.835479e-001 -8.944096e-001 6.362819e-001 -2.213248e+000 -5.503613e-001 -2.376176e-001 -1.416438e+000 -1.323373e+000 -3.821778e-001 8.443820e-001 -2.051312e+000 3.530000e-001 -1.627721e+000 -1.360053e-001 -1.731752e+000 1.488248e-002 -5.453441e-001 7.152933e-002 -1.174070e+000 4.106351e-001 8.775247e-001 7.093385e-001 4.827394e-001 6.679829e-001 3.382675e-001 
1.150226e+001 5.024133e+000 -5.580002e+000 6.152269e+000 -6.288218e+000 2.007642e-001 -7.810360e+000 -4.599728e-001 -2.001777e+000 1.422028e+000 -2.408146e+000 -8.041720e-001 -1.301379e+000 1.738264e-001 -2.792706e+000 -1.224588e+000 7.081156e-001 -8.218948e-001 -1.354846e+000 -5.273199e-001 -6.262912e-001 -2.990273e+000 4.352410e-001 -9.539238e-002 -4.292673e-001 -1.328666e+000 5.330473e-001 -3.763056e-001 -7.603283e-002 -1.055570e+000 6.522974e-001 5.879602e-001 1.025811e+000 6.369276e-001 8.329310e-001 3.648008e-001 
1.093073e+001 8.133441e+000 -4.628205e+000 5.779969e+000 -5.719150e+000 9.581623e-001 -7.041338e+000 -3.140004e-001 -1.243068e+000 1.196937e+000 -1.938940e+000 -2.896575e+000 -2.906137e+000 -5.002571e-002 -2.781444e+000 -1.406843e+000 -5.487010e-001 -1.256582e+000 -8.573402e-001 1.095621e-002 -7.169810e-001 -3.387185e+000 4.706867e-001 -3.253193e-001 7.278384e-002 -1.265662e+000 -4.494560e-003 -5.512340e-001 -9.879256e-002 -3.564529e-001 2.958234e-001 3.550346e-001 1.814282e-001 4.800687e-001 1.101932e+000 6.965035e-001 
1.076864e+001 1.112539e+001 -6.523840e+000 5.698136e+000 -4.008626e+000 1.990884e+000 -5.675028e+000 -6.035351e-003 -2.497950e-001 -3.032402e-001 -1.901145e+000 -3.555974e+000 -1.966132e+000 -1.716869e+000 -1.869907e+000 -2.425587e+000 -4.974254e-001 -1.954284e+000 -1.479024e+000 5.595923e-001 -6.216229e-001 -1.703515e+000 -2.998870e-001 -1.664911e-001 4.431269e-001 -8.283692e-001 8.602635e-002 3.954196e-001 -6.953515e-001 -8.645431e-001 2.064134e-001 6.693847e-001 -3.188403e-001 9.068829e-001 -6.403552e-002 -4.346552e-001 
