1.712418e+001 4.141160e+000 -3.620605e+000 8.186126e+000 -7.472495e+000 5.965707e+000 -4.465155e+000 6.832996e-001 -4.494536e+000 7.567814e-001 -3.917869e-001 1.769087e+000 -1.477894e+000 1.604018e-001 -3.032491e+000 -2.911240e+000 -2.491485e+000 -1.742942e+000 -1.540208e-001 -1.907319e+000 -1.353166e+000 -2.305301e+000 5.671252e-001 -6.676384e-001 3.150693e-002 -1.705242e+000 -8.139673e-002 -2.536937e-001 1.047140e+000 -8.887040e-001 9.630515e-001 3.530301e-001 4.629581e-001 -8.535112e-001 -4.237013e-001 -2.595836e-002 
1.667264e+001 2.817568e+000 -4.366239e+000 8.690674e+000 -7.776691e+000 6.843033e+000 -4.467719e+000 5.804192e-001 -4.998279e+000 8.013198e-003 -5.170269e-001 1.973531e+000 -9.648024e-002 2.016690e+000 -1.300537e+000 -2.107729e+000 -2.764356e+000 -1.250251e+000 8.090087e-001 -5.608320e-001 8.706156e-002 -3.015594e+000 3.870461e-002 -4.134582e-001 5.166081e-003 -1.500146e+000 3.886231e-002 5.455634e-001 7.782400e-001 -8.795342e-001 9.493535e-001 3.442821e-001 2.804141e-001 -1.052948e+000 -3.613211e-001 -4.834311e-001 
1.608813e+001 1.530468e+000 -5.672744e+000 6.422540e+000 -8.848302e+000 4.389980e+000 -4.480195e+000 -8.008132e-001 -3.578445e+000 -5.822843e-001 3.603357e-001 1.569545e+000 4.076027e-001 1.850156e+000 -1.072053e+000 -8.924294e-001 -2.851216e+000 -1.464177e+000 5.423572e-001 -3.502646e-001 9.662110e-001 -3.115888e+000 7.156059e-002 -3.976480e-001 -2.735576e-001 -9.669690e-001 -7.697661e-001 1.434799e-001 1.357402e-001 5.710114e-001 1.190160e+000 4.818619e-001 -2.160193e-001 -6.779418e-001 -2.777732e-001 -2.577330e-001 
1.500666e+001 2.704790e+000 -7.625649e+000 6.007881e+000 -8.543022e+000 5.306193e+000 -4.870927e+000 -1.747302e-001 -4.309804e+000 -1.415611e+000 -9.590231e-001 1.410858e+000 -1.921111e+000 1.616564e+000 -3.076879e+000 4.064884e-001 -1.902280e+000 -1.424284e+000 -1.256371e-001 -1.502777e+000 1.087675e+000 -4.164003e+000 -7.069372e-002 -1.372719e+000 3.650244e-001 -7.857261e-001 4.472053e-001 1.755809e-001 4.778660e-001 3.405908e-002 7.493555e-001 2.156649e-001 8.341550e-001 -1.556593e+000 6.776199e-002 -7.111549e-001 
1.627263e+001 7.107337e-001 -8.624033e+000 5.031075e+000 -9.142602e+000 3.945326e+000 -5.922565e+000 -1.206487e+000 -4.876776e+000 -4.370852e-001 -1.495499e+000 1.945469e+000 -1.855099e+000 2.294596e+000 -2.401032e+000 2.749203e-002 -1.031500e+000 -4.849575e-001 1.008969e+000 -1.811577e+000 1.017427e+000 -3.943941e+000 2.349354e-002 -3.896093e-001 1.618239e-001 -1.083660e+000 -2.461199e-001 4.558649e-001 6.379012e-001 1.927666e-001 1.315760e+000 -3.777527e-002 1.115471e+000 -1.609684e+000 4.630825e-001 -7.969532e-001 
1.609122e+001 3.670211e-001 -7.029339e+000 6.896894e+000 -9.126846e+000 3.844087e+000 -5.416663e+000 -2.387339e-001 -4.571001e+000 -1.017793e+000 -2.953193e+000 1.445938e+000 -1.350651e+000 1.737372e+000 -3.999851e+000 -2.532778e-001 -1.939274e+000 -1.869186e-001 3.525870e-001 -2.296061e+000 9.276794e-001 -3.343358e+000 5.721109e-001 -7.325863e-001 -3.534820e-001 -7.659692e-001 4.682960e-001 4.311579e-001 6.593335e-001 -3.024969e-001 1.323032e+000 -6.573749e-001 1.358238e+000 -1.836825e+000 4.046451e-001 -3.706321e-002 
1.677004e+001 -7.956753e-001 -7.531783e+000 7.262547e+000 -8.405934e+000 5.840127e+000 -4.525923e+000 2.397650e-001 -4.855113e+000 -4.494628e-001 -2.091852e+000 -5.786373e-001 -2.702022e+000 1.727565e+000 -4.327892e+000 -1.051696e+000 -2.151741e+000 -8.619918e-001 3.115647e-001 -1.753010e+000 -1.793558e-002 -3.516997e+000 1.499573e+000 4.004996e-001 2.582419e-001 -1.156662e+000 7.749462e-001 3.452716e-001 6.803782e-001 -5.282950e-001 9.512608e-001 -1.053573e+000 7.558176e-001 -1.464695e+000 -3.293349e-001 -4.670912e-001 
1.752144e+001 8.140179e-001 -6.531190e+000 7.495846e+000 -7.084399e+000 4.210085e+000 -5.378539e+000 -1.409503e-001 -4.779912e+000 -4.847151e-001 -2.272209e+000 -1.160837e-001 -2.101949e+000 7.235977e-001 -2.042687e+000 -2.063472e+000 -1.686808e+000 -1.016010e+000 1.945924e-001 -5.229462e-001 -8.767692e-001 -2.744942e+000 9.025064e-001 1.525755e-001 -5.060827e-001 -1.823377e+000 6.150688e-001 7.472868e-001 1.500577e+000 -4.874251e-001 5.966056e-001 -3.070676e-001 2.339151e-001 -6.763231e-001 -5.706079e-001 -5.680700e-001 
1.492531e+001 1.747435e+000 -7.440825e+000 5.787622e+000 -7.531975e+000 3.727604e+000 -5.404149e+000 8.902611e-001 -5.796089e+000 -3.989273e-002 -2.851997e+000 -1.388698e+000 -2.664321e+000 2.381323e-001 -2.718510e+000 -1.124627e+000 -1.467926e+000 -1.157931e+000 -5.181764e-002 -5.926542e-001 -1.343120e+000 -3.528960e+000 6.921607e-001 -2.405318e-001 6.275172e-001 -1.912665e+000 8.171151e-001 6.566438e-001 9.994117e-001 -6.531726e-001 4.052400e-001 9.633702e-003 -2.683147e-001 -9.796238e-001 -2.515671e-001 -6.437125e-001 
1.275888e+001 4.418756e+000 -7.790311e+000 5.539908e+000 -6.084529e+000 3.169512e+000 -4.083356e+000 1.000897e+000 -5.661497e+000 -4.230187e-001 -6.430417e-001 -8.512258e-001 -2.756137e+000 -7.948949e-001 -2.950880e+000 -1.597224e+000 -1.371625e+000 -6.403363e-001 -4.638173e-001 -1.459739e+000 -9.595252e-001 -2.395710e+000 3.545511e-001 -2.424105e-001 9.583269e-001 -1.715493e+000 1.619956e-001 4.202713e-001 6.404528e-001 -6.435268e-001 5.543327e-001 -5.409976e-003 -2.277178e-001 -8.907179e-001 -5.904679e-001 -1.843072e-001 
9.870859e+000 5.824207e+000 -9.478498e+000 4.130873e+000 -4.949224e+000 3.215134e+000 -2.544571e+000 6.106782e-001 -4.817044e+000 -1.980638e-001 -7.144410e-001 -1.883402e+000 -2.311427e+000 3.060318e-001 -1.540836e+000 -2.160525e+000 -4.957121e-001 8.369509e-002 4.651518e-001 -1.292249e+000 -4.392553e-001 -2.077714e+000 3.107077e-001 -1.017247e-001 4.939618e-001 -8.495740e-001 3.806641e-002 6.666677e-001 2.059087e-001 7.495353e-003 6.503258e-001 1.206459e-001 -3.054725e-001 -2.645477e-001 -7.476441e-001 -5.885015e-002 
9.432757e+000 9.603528e+000 -8.920689e+000 5.544833e+000 -2.958427e+000 3.094561e+000 -4.017199e+000 -4.901228e-001 -4.767307e+000 -1.387030e+000 -1.934181e+000 -1.471565e+000 -2.187804e+000 -5.931274e-001 -2.198585e+000 -1.184729e+000 -2.921789e-001 -8.613270e-001 -9.303974e-002 -1.491338e+000 -9.919136e-001 -2.027241e+000 8.219434e-001 3.295620e-001 -4.917481e-002 -1.729500e+000 4.826883e-001 1.322191e+000 9.912835e-001 3.599208e-002 5.203892e-001 -2.708555e-001 -6.872422e-001 -4.165463e-001 -5.742739e-001 -6.264448e-002 
9.209114e+000 1.243318e+001 -8.539074e+000 3.616813e+000 -3.394760e+000 3.089822e+000 -4.402149e+000 -7.139782e-001 -4.780551e+000 -1.785359e+000 -1.196398e+000 -2.390627e+000 -1.398094e+000 -9.748947e-001 -3.024964e+000 -2.169325e+000 -1.241872e+000 -1.413507e+000 -6.055647e-001 -1.059870e+000 -9.346385e-001 -1.462210e+000 6.113721e-001 -5.771371e-001 -2.230256e-001 -1.642730e+000 4.020886e-001 1.041242e+000 3.264764e-001 -5.627264e-001 4.578197e-001 2.544460e-001 -5.618936e-001 -2.557398e-001 -7.483561e-001 6.733800e-002 
1.033049e+001 1.132899e+001 -9.100295e+000 2.517733e+000 -8.532073e-001 4.021849e+000 -2.902745e+000 -2.537662e+000 -4.367279e+000 -2.160416e+000 -1.113287e+000 -3.383565e+000 -5.674207e-001 -3.090115e+000 -3.449901e+000 -1.624674e+000 -1.454606e+000 -2.059989e+000 -8.980424e-001 -5.665862e-001 -1.599540e+000 -1.051792e+000 -6.958941e-002 -1.669002e-001 -9.039830e-001 -1.597238e+000 6.124193e-001 1.636181e+000 -9.184764e-001 -7.434608e-001 1.000273e+000 -7.653181e-002 -5.781130e-001 -3.996634e-001 -1.261132e+000 -4.279371e-001 
1.320190e+001 1.306810e+001 -1.072063e+001 2.104563e+000 3.847057e-001 4.059446e+000 -4.130823e+000 -1.842839e+000 -3.265641e+000 -2.201406e+000 -6.729283e-001 -3.114952e+000 -3.375781e-001 -3.152403e+000 -2.851104e+000 -4.181821e-001 1.630812e-001 -1.973568e+000 -9.585946e-001 -2.082496e-001 -1.891292e+000 -8.878466e-001 -2.461150e-001 1.557426e-001 -3.407155e-001 -7.240569e-001 1.347253e+000 1.775148e+000 -1.444315e+000 -7.156478e-001 1.402086e+000 -3.891346e-001 -1.495685e-001 -1.329726e-001 -1.092935e+000 -5.000679e-001 
1.358823e+001 1.445196e+001 -1.273945e+001 3.055611e+000 -1.163652e-001 3.703287e+000 -5.947332e+000 -4.296087e+000 -3.217532e+000 -3.493800e+000 -4.561257e-001 -2.474957e+000 8.668401e-002 -3.738775e+000 -3.367133e+000 -1.554994e+000 -1.227397e+000 -2.426953e+000 -1.095410e+000 -2.006457e-001 -2.884133e+000 -1.416118e+000 -6.480393e-001 -5.128961e-002 -3.441854e-001 -8.200436e-001 5.763878e-001 9.221934e-001 -1.755645e+000 -8.924975e-001 1.606928e+000 -1.282908e-001 -1.686496e-001 -5.551465e-001 -7.272816e-001 -1.174035e+000 
2.031767e+001 9.755779e+000 -6.485681e+000 5.208891e+000 1.127280e+000 6.137598e+000 -5.215106e+000 -1.759127e+000 -1.292617e+000 -1.575796e+000 -9.434393e-001 6.887176e-001 2.411144e-001 -5.002608e-001 -7.430338e-001 -1.295502e-001 -9.797772e-001 -1.691947e+000 7.420926e-001 5.039184e-001 2.633074e-001 -1.337446e+000 2.353258e-001 2.243410e-002 -5.822009e-001 -1.883253e-001 9.607233e-001 1.244313e+000 -2.656856e-001 -6.229777e-001 9.818467e-001 4.081719e-001 -1.207394e+000 1.970873e-002 -6.322159e-001 -5.645851e-001 
1.716466e+001 2.990138e+000 -3.504178e+000 8.214552e+000 -5.459171e+000 6.014210e+000 -3.931918e+000 8.035550e-001 -3.331466e+000 1.691548e+000 -7.519667e-001 6.507519e-001 -1.613173e+000 4.956139e-001 -1.948390e+000 -1.759756e+000 -2.523022e+000 -1.886746e+000 2.790513e-001 -1.365411e+000 -1.408270e+000 -2.344099e+000 6.393821e-001 -2.816745e-001 -3.056111e-001 -1.881097e+000 1.123840e-002 4.046540e-001 1.225188e+000 -4.219520e-001 1.165638e+000 2.363179e-001 3.052626e-001 -6.364817e-001 -9.607569e-001 -4.248486e-001 
1.759319e+001 1.893970e+000 -2.941052e+000 7.914677e+000 -5.876186e+000 6.478189e+000 -3.329140e+000 1.118478e+000 -3.935824e+000 -3.332948e-001 -1.425670e+000 5.709328e-001 -1.248433e+000 1.803491e+000 -1.775215e+000 -1.903297e+000 -2.341835e+000 -3.457932e-001 6.485364e-001 -1.640299e+000 -1.083599e+000 -3.240077e+000 3.996771e-001 1.206873e-001 6.985102e-001 -1.276862e+000 -2.272122e-002 3.431356e-001 3.321483e-001 -1.091762e+000 4.450396e-001 4.306081e-001 7.119995e-001 -3.790202e-001 -4.846454e-001 -1.535439e-001 
1.590464e+001 1.358692e+000 -5.444408e+000 7.799813e+000 -7.926552e+000 4.654727e+000 -4.599822e+000 -8.982553e-002 -3.834211e+000 -1.702350e+000 -1.435451e+000 2.691552e+000 8.433398e-001 1.018534e+000 -2.696970e+000 -9.119982e-001 -2.147817e+000 -1.433904e+000 2.147876e-001 -8.152746e-001 2.073376e-001 -3.170238e+000 1.055167e+000 2.119188e-001 -5.211252e-001 -2.419131e+000 -6.893864e-001 7.630035e-001 7.524178e-001 -2.955794e-001 7.634172e-001 9.452407e-001 3.860303e-001 -3.949235e-001 -4.017135e-001 -4.125436e-001 
1.320386e+001 8.809522e-001 -7.630147e+000 6.780072e+000 -8.549428e+000 4.769879e+000 -5.286577e+000 6.407365e-001 -4.437895e+000 -1.966938e+000 -1.238837e+000 1.753097e+000 -8.679514e-001 1.568844e+000 -2.911848e+000 1.079513e-001 -1.819116e+000 -1.077429e+000 3.067999e-002 -1.470606e+000 5.414906e-001 -4.346547e+000 6.355525e-001 -4.857474e-001 3.992420e-001 -1.316222e+000 -3.918294e-003 6.777912e-002 1.043124e-001 -1.518021e-001 7.243260e-001 4.025665e-001 9.409005e-001 -6.603644e-001 6.601096e-001 -1.074857e-001 
1.435506e+001 7.006726e-002 -8.407523e+000 5.942568e+000 -8.630591e+000 3.932501e+000 -4.802111e+000 -5.359915e-001 -3.848287e+000 -5.781837e-001 -7.636195e-001 2.729975e+000 -1.363776e+000 2.026501e+000 -3.390642e+000 1.630210e-001 -4.253274e-001 5.917391e-001 7.927351e-001 -2.494305e+000 3.849094e-001 -3.999243e+000 6.623130e-001 -2.709360e-001 1.786345e-001 -1.080406e+000 -7.716063e-001 3.236085e-001 -2.067880e-001 -1.726311e-001 8.544786e-001 2.195784e-001 1.639411e+000 -1.217511e+000 6.548393e-001 -1.098337e+000 
1.673478e+001 -1.600473e+000 -8.085363e+000 5.364441e+000 -7.678617e+000 4.429814e+000 -4.602910e+000 -7.579653e-001 -3.198612e+000 -3.120187e-001 -1.156471e+000 9.428130e-001 -1.194305e+000 1.727266e+000 -3.552590e+000 -1.778817e-001 -1.858087e+000 -2.312423e-001 3.646387e-001 -2.627751e+000 4.115803e-001 -3.458573e+000 8.168011e-001 5.618793e-002 -7.227149e-001 -1.470281e+000 -7.903528e-001 5.463521e-001 4.042041e-001 -2.733711e-001 3.765682e-001 -6.190580e-001 1.972620e+000 -1.105573e+000 5.725432e-001 -5.425084e-001 
1.693315e+001 -1.938229e+000 -7.647724e+000 5.252080e+000 -8.939804e+000 3.693299e+000 -5.114803e+000 -1.018816e+000 -3.959227e+000 -3.551800e-001 -7.668254e-001 4.948921e-001 -1.826910e+000 2.016015e+000 -3.147588e+000 3.786472e-002 -1.394117e+000 -7.155297e-001 2.625120e-001 -1.689275e+000 -5.201831e-002 -3.167755e+000 9.796640e-001 -4.981517e-001 -1.013006e+000 -1.592045e+000 -1.586754e-001 2.340070e-001 8.479313e-002 1.687064e-001 1.113908e+000 -1.078242e+000 8.189946e-001 -1.081688e+000 2.191144e-001 -1.790803e-001 
1.672757e+001 -1.702697e+000 -7.244184e+000 7.091892e+000 -7.375932e+000 4.576402e+000 -4.521498e+000 4.722716e-002 -3.535448e+000 1.537279e-001 -7.214804e-001 -7.743212e-004 -2.293932e+000 8.268787e-001 -1.506473e+000 -5.731311e-001 -8.902541e-001 -6.040633e-001 -2.113560e-001 -8.159853e-001 -8.341032e-001 -2.974668e+000 4.165079e-001 -3.741606e-001 -6.088402e-001 -1.775609e+000 3.651413e-001 9.472203e-002 1.073933e+000 -4.776306e-002 9.621950e-001 -1.581645e-001 -2.362849e-001 -3.836289e-001 -1.343711e-001 -1.668015e-001 
1.538406e+001 1.378235e+000 -7.769838e+000 5.275731e+000 -7.754794e+000 3.568341e+000 -5.942602e+000 8.543758e-003 -6.086094e+000 1.157937e+000 -1.419564e+000 1.842468e-001 -1.768876e+000 1.475827e+000 -1.661440e+000 -9.144389e-001 -1.860310e+000 -1.928376e+000 -3.797790e-001 -2.092369e-001 -8.611339e-001 -3.074473e+000 -3.137987e-002 -1.588270e+000 -4.606832e-001 -2.476489e+000 5.443062e-001 1.172160e-002 1.046917e+000 -4.259519e-001 1.123545e+000 1.836904e-001 1.829766e-001 -7.281746e-001 -2.665365e-002 -5.256497e-001 
1.295359e+001 3.271591e+000 -8.804605e+000 5.827444e+000 -5.361877e+000 3.220839e+000 -5.122438e+000 5.311535e-001 -5.245044e+000 2.872700e-001 -4.304297e-001 -2.937450e-002 -1.142929e+000 1.059158e+000 -1.778861e+000 -1.466545e+000 -2.395491e+000 -1.608485e+000 -4.044323e-001 -7.722723e-001 -9.070570e-001 -3.159097e+000 -5.404132e-001 -6.692493e-001 -1.413388e-002 -2.122520e+000 4.030202e-002 6.584389e-001 1.146431e+000 -7.087966e-001 1.039791e+000 2.098377e-001 2.185655e-001 -1.074266e+000 -3.643718e-001 -6.788502e-002 
1.040213e+001 6.551587e+000 -8.399275e+000 6.153188e+000 -4.921030e+000 1.806964e+000 -4.877583e+000 2.586178e-001 -4.739240e+000 -1.238883e+000 -1.144983e+000 -1.047662e+000 -6.215835e-001 5.924168e-001 -1.266267e+000 -1.638856e+000 -9.548409e-001 -5.188662e-001 2.883687e-001 -5.199870e-001 -1.290815e+000 -3.287394e+000 -2.373159e-001 3.025934e-001 5.713711e-001 -1.486143e+000 1.886552e-001 9.329827e-001 2.574737e-001 -5.164729e-001 1.394148e+000 6.103463e-001 4.123801e-001 -7.280227e-001 -4.832670e-001 1.431410e-001 
9.453181e+000 8.688228e+000 -8.698124e+000 4.982096e+000 -3.539480e+000 2.226771e+000 -3.662352e+000 4.595894e-002 -4.147568e+000 -1.557258e+000 -1.431204e+000 -1.720190e+000 -2.131641e+000 -9.579677e-001 -3.097441e+000 -2.512356e+000 -1.479074e+000 -1.247367e+000 7.015063e-002 -9.992420e-001 -9.905718e-001 -2.771106e+000 1.054325e-001 8.226694e-001 7.057398e-001 -1.254125e+000 -8.678503e-002 5.069109e-001 -8.785251e-002 -6.704390e-001 5.651223e-001 3.769749e-001 -1.953024e-001 -8.369658e-001 -6.694885e-001 -1.603900e-001 
8.956939e+000 1.089964e+001 -7.762944e+000 4.865198e+000 -2.082466e+000 2.539439e+000 -4.251069e+000 -1.063082e+000 -4.347548e+000 -1.767035e+000 -4.739653e-001 -2.317815e+000 -1.592035e+000 -1.224584e+000 -2.363541e+000 -1.592004e+000 -1.118164e+000 -1.144057e+000 -7.058232e-001 -9.765728e-001 -1.262570e+000 -1.527883e+000 6.069533e-001 -7.403148e-002 -1.703661e-001 -1.187884e+000 6.525033e-001 1.001737e+000 1.840799e-001 -4.215997e-001 8.041700e-001 -3.176390e-002 -7.174349e-001 -1.889462e-001 -9.984659e-001 -1.606474e-001 
9.070134e+000 1.268358e+001 -9.234119e+000 4.702026e+000 -1.145880e+000 5.576120e+000 -2.651785e+000 -2.142637e+000 -5.200137e+000 -1.814804e+000 -1.287612e+000 -2.690008e+000 1.203359e-001 -1.525429e+000 -2.018470e+000 -8.209598e-001 -9.788570e-002 -1.307157e+000 -5.071788e-001 -1.157423e+000 -1.603331e+000 -1.420475e+000 3.541050e-001 2.391415e-001 1.336694e-001 -1.212997e+000 1.009158e+000 1.666583e+000 -2.973081e-001 -8.422014e-001 1.025592e+000 -7.825186e-003 -3.041726e-001 -2.311009e-001 -9.275440e-001 4.263524e-002 
1.158658e+001 1.277722e+001 -1.120993e+001 3.475722e+000 2.947037e-001 5.174032e+000 -4.653682e+000 -2.373157e+000 -4.559236e+000 -1.903283e+000 -7.337495e-001 -2.732438e+000 -1.623989e-001 -2.740267e+000 -2.601839e+000 -6.802011e-001 -2.227993e-001 -2.186292e+000 -9.247806e-001 -7.000692e-001 -1.923981e+000 -1.117111e+000 -1.755721e-001 -2.775359e-001 -8.012213e-001 -1.306912e+000 1.124571e+000 2.042435e+000 -1.052669e+000 -6.597938e-001 1.046567e+000 -6.208772e-001 -3.803493e-001 6.811768e-003 -7.048285e-001 -1.441179e-001 
1.178589e+001 1.391418e+001 -1.332001e+001 4.419716e+000 8.294686e-001 5.132667e+000 -5.595604e+000 -4.002928e+000 -3.467520e+000 -3.629805e+000 -2.005715e-001 -2.883171e+000 5.874547e-001 -3.624156e+000 -2.499724e+000 -9.372821e-001 -4.076139e-001 -2.318181e+000 -9.018858e-001 -4.737411e-002 -2.686593e+000 -1.172729e+000 -7.667930e-001 -4.649732e-002 -6.511738e-001 -8.634939e-001 8.068239e-001 1.404740e+000 -1.169738e+000 -7.164906e-001 1.767055e+000 -4.783122e-001 -1.438065e-001 -6.274488e-001 -6.905109e-001 -9.922454e-001 
