1.878285e+000 1.712315e+001 3.078699e+000 3.467356e+000 1.642443e+000 -2.621865e+000 -3.555649e+000 -8.817312e-001 -3.924660e-001 -1.092054e+000 -7.466378e-001 -2.219596e-001 4.340504e-001 -1.211864e+000 -6.581712e-001 6.943951e-001 1.268513e-001 -4.573921e-001 -8.115200e-001 -3.207816e-001 8.176828e-002 -5.500201e-001 -5.521277e-001 3.291957e-001 
-1.440362e+000 2.036649e+001 7.968392e-001 5.275176e+000 1.368464e+000 -2.442228e+000 -3.560736e+000 -9.941824e-001 -2.365363e-001 -1.743100e+000 -1.632166e-001 -1.047266e+000 1.959424e+000 -2.123644e+000 -6.468386e-001 8.902490e-001 -3.897335e-001 -2.046345e-001 -6.247787e-001 -2.757969e-003 -3.035056e-001 -3.672080e-001 -1.037116e+000 3.538895e-001 
-1.769384e+000 2.054264e+001 6.542825e-001 5.136414e+000 1.648418e+000 -2.335268e+000 -3.457962e+000 -1.040188e+000 -2.587019e-001 -1.735315e+000 -4.657403e-001 -7.525643e-001 2.134142e+000 -1.976574e+000 -9.014717e-001 7.006827e-001 -2.987701e-001 -1.706159e-001 -7.092272e-001 -7.664637e-002 -1.391548e-002 -4.299173e-001 -1.033311e+000 6.524575e-002 
-7.511036e-002 1.924561e+001 1.574744e+000 3.828349e+000 1.818747e+000 -2.535211e+000 -3.358077e+000 -2.776008e-001 2.421780e-001 -1.436782e+000 -1.172128e+000 -4.658818e-001 1.102494e+000 -1.072621e+000 -8.802637e-001 7.562360e-001 -1.616691e-001 -4.781572e-001 -1.038964e+000 -5.619730e-001 4.402181e-001 -4.439249e-001 -7.080325e-001 1.273226e-001 
3.008384e-001 1.890967e+001 1.914267e+000 3.924576e+000 1.075112e+000 -3.096166e+000 -3.273968e+000 4.423606e-001 1.439212e+000 -1.548981e+000 -1.563309e+000 -7.999961e-001 6.816639e-001 -4.874532e-001 -7.692487e-001 4.196638e-001 -1.476516e-001 -5.971230e-001 -9.923432e-001 -5.916117e-001 3.690081e-001 -3.989056e-001 -7.725133e-001 -1.600595e-002 
8.409704e-001 1.860187e+001 2.517071e+000 3.532918e+000 4.787764e-001 -3.177467e+000 -3.013065e+000 5.317634e-001 1.580484e+000 -1.324122e+000 -1.475329e+000 -5.454210e-001 2.795620e-001 -1.143473e+000 -9.248082e-001 7.905901e-001 -8.306551e-002 -5.095086e-001 -4.734197e-001 -6.627384e-001 -1.282944e-001 -5.269600e-001 -7.840281e-001 -1.554734e-001 
3.251229e+000 1.693925e+001 3.497888e+000 2.940936e+000 1.224622e-001 -3.606253e+000 -2.734871e+000 5.152546e-001 1.551523e+000 -8.281836e-001 -1.871374e+000 -5.134378e-001 6.343954e-002 -1.466486e+000 -8.108164e-001 9.663171e-001 8.840208e-002 -4.556686e-001 -1.030426e-001 -4.596902e-001 -4.457127e-001 -8.708127e-001 -9.540338e-001 -9.366649e-003 
-3.498829e-001 2.167638e+001 -7.877882e-002 5.304701e+000 -3.600549e-001 -4.083129e+000 -2.724432e+000 -2.056035e-001 2.830559e+000 -1.736937e+000 -1.851005e+000 -1.898444e+000 4.044703e-001 -1.141313e+000 -1.461885e-001 1.723816e+000 -5.132498e-001 -4.319755e-001 -3.082823e-001 -8.918770e-001 -1.921715e-001 -3.969183e-002 -1.187767e+000 -5.928689e-001 
4.632890e+000 1.787280e+001 1.833952e+000 2.700797e+000 2.202795e-001 -4.082857e+000 -2.311828e+000 9.841140e-001 1.353586e+000 -1.294120e+000 -2.971120e+000 -1.813050e+000 -1.502968e-001 -2.217376e-001 6.744686e-001 1.200309e+000 -2.782759e-001 -4.581790e-001 -5.452902e-001 -1.189016e+000 -5.493964e-002 2.086439e-001 -9.328121e-001 -9.046014e-001 
3.165860e+000 2.011571e+001 3.165697e-001 2.860268e+000 -2.850207e-001 -3.803253e+000 -1.566291e+000 7.957439e-001 7.678752e-001 -1.956771e+000 -2.655713e+000 -1.671250e+000 1.227741e-001 -3.213372e-001 5.339091e-001 1.486718e+000 -3.763244e-001 -5.408755e-001 -6.138384e-001 -1.159081e+000 1.403195e-001 1.284432e-001 -7.822893e-001 -8.195640e-001 
3.110372e+000 1.944434e+001 4.286020e-001 3.103163e+000 2.141346e-001 -2.763155e+000 -2.031945e+000 -8.642537e-002 6.466210e-001 -1.965061e+000 -2.658353e+000 -1.486650e+000 5.807127e-001 -9.223414e-002 4.977486e-001 1.256467e+000 -1.055999e+000 -8.764542e-001 -4.167880e-002 -4.051481e-001 3.091798e-001 -9.007330e-002 -1.180956e+000 -1.411725e+000 
2.463387e+000 2.110659e+001 -1.504030e+000 3.592646e+000 -5.103208e-001 -9.966468e-001 -1.515834e+000 -1.317090e+000 6.576848e-001 -2.490533e+000 -2.073436e+000 -1.782378e+000 1.014343e+000 1.222103e-001 2.050668e-001 8.392351e-001 -9.209684e-001 -4.199942e-001 1.696394e-002 -7.052011e-001 1.448596e-001 -4.078928e-001 -5.605060e-001 -1.248002e+000 
4.051908e+000 1.810937e+001 9.782616e-001 1.783653e+000 1.177603e+000 -5.918353e-001 -1.629602e+000 -1.428587e+000 -7.676750e-001 -1.912076e+000 -2.180564e+000 -5.589719e-001 8.337697e-001 -5.401628e-001 -3.916273e-001 8.606272e-001 3.833468e-002 -1.041833e-001 -2.134037e-001 -9.227830e-001 -6.655688e-001 -3.969835e-001 -1.565495e-001 -2.992224e-001 
3.351079e+000 1.909214e+001 -6.380139e-001 2.525554e+000 1.500760e+000 7.997113e-001 -1.971983e+000 -2.098320e+000 -9.721732e-001 -2.038986e+000 -1.697904e+000 -5.536852e-001 8.256080e-001 -4.877931e-001 -4.117423e-001 6.142419e-001 4.856120e-002 -6.153389e-002 4.959680e-002 -8.274386e-001 -7.869387e-001 -6.197860e-001 -4.957757e-001 7.497071e-002 
6.112344e+000 1.604255e+001 5.367234e-001 1.770332e+000 2.692519e+000 9.885313e-001 -1.953055e+000 -2.922431e+000 -1.177414e+000 -1.153723e+000 -1.417846e+000 -4.136381e-001 -8.255943e-003 -4.389705e-001 -1.362280e-001 2.431912e-001 3.103532e-001 1.632673e-001 -1.646324e-001 -7.559515e-001 -1.179721e+000 -7.572922e-001 -1.199511e-001 -5.182793e-002 
2.431276e+000 2.027824e+001 -3.069866e+000 4.592836e+000 1.554812e+000 1.980040e+000 -2.130153e+000 -3.854809e+000 -5.968153e-001 -4.349082e-001 -8.943208e-001 -1.860190e+000 1.864547e-001 -6.730632e-001 4.085165e-001 4.251790e-001 2.624116e-001 -1.788358e-001 -1.324380e-001 -7.979113e-001 -1.323703e+000 -5.176248e-001 6.503224e-002 -7.123635e-001 
4.657799e+000 1.670379e+001 2.048878e-002 2.449829e+000 3.064237e+000 1.554092e+000 -1.828739e+000 -3.910402e+000 -1.106553e+000 3.211251e-001 -8.203637e-001 -1.305376e+000 -6.107559e-001 -4.609650e-001 -2.814800e-002 5.079050e-001 4.882487e-001 -4.342303e-002 -4.849822e-001 -7.207284e-001 -1.011771e+000 -6.294641e-001 -3.727247e-001 -8.085723e-001 
3.069558e+000 1.803777e+001 -1.318731e+000 3.717259e+000 3.228501e+000 1.224808e+000 -1.854742e+000 -3.645811e+000 -1.093683e+000 -1.197726e-001 -2.233149e-001 -1.211993e+000 -7.851693e-001 -4.768106e-001 4.500545e-002 2.701202e-001 1.432040e-001 1.474879e-001 -3.631266e-001 -8.120318e-001 -8.933900e-001 -6.514299e-001 -4.665999e-001 -1.041146e+000 
1.449675e+001 9.986316e+000 2.175170e+000 1.073316e+000 1.181182e+000 2.438247e-001 -1.156443e+000 -1.435099e+000 -4.445476e-001 -1.663971e-001 -7.717941e-001 -9.464906e-001 -3.983416e-001 1.560433e-002 1.130473e-001 -8.303163e-002 -2.453174e-001 -3.029212e-001 -3.700261e-001 -4.342218e-001 -4.751565e-001 -4.431267e-001 -3.198212e-001 -2.111208e-001 
8.623181e+000 1.243698e+001 3.827895e+000 2.109042e+000 6.776405e-001 -1.587190e+000 -2.335119e+000 -1.252257e+000 -4.769590e-001 -9.266549e-001 -9.853157e-001 -1.722363e-001 1.285379e-001 -5.217253e-001 -3.632609e-001 2.686961e-001 9.876488e-002 -5.321190e-001 -5.860725e-001 -1.232985e-001 -1.539239e-001 -5.538437e-001 -2.693732e-001 2.385253e-001 
2.642263e+000 1.600570e+001 3.427916e+000 3.540377e+000 1.739613e+000 -2.437719e+000 -3.343685e+000 -1.084999e+000 -3.952684e-001 -1.210937e+000 -9.589867e-001 1.192677e-001 4.489588e-001 -1.180657e+000 -6.871566e-001 6.129337e-001 2.143145e-002 -5.796208e-001 -5.176659e-001 -1.041744e-001 -1.191586e-001 -7.396535e-001 -5.370635e-001 2.438479e-001 
-1.398399e+000 1.987444e+001 1.290420e+000 4.954254e+000 1.606113e+000 -2.323897e+000 -3.471614e+000 -1.012544e+000 -5.151993e-001 -1.318700e+000 -8.173173e-001 -4.269562e-001 1.908299e+000 -1.860955e+000 -1.059723e+000 8.066812e-001 -2.976145e-001 -2.466196e-001 -5.589658e-001 -9.307779e-002 -6.353182e-003 -5.348474e-001 -9.469064e-001 -1.526940e-002 
7.513781e-002 1.875018e+001 1.807414e+000 3.827763e+000 2.020397e+000 -2.494827e+000 -3.358837e+000 -5.914757e-001 -1.199231e-001 -1.386959e+000 -1.056907e+000 -2.517313e-001 1.164568e+000 -1.229818e+000 -1.027524e+000 7.380697e-001 -9.090403e-002 -3.750844e-001 -9.483680e-001 -5.142292e-001 4.217394e-001 -5.459733e-001 -7.604902e-001 1.359110e-001 
3.501707e-001 1.878000e+001 1.909922e+000 3.650454e+000 1.394375e+000 -2.838080e+000 -3.318114e+000 2.637256e-001 1.049529e+000 -1.602441e+000 -1.552854e+000 -5.801245e-001 8.654599e-001 -6.531746e-001 -8.259425e-001 5.634193e-001 -1.611427e-001 -6.406710e-001 -1.090822e+000 -6.041538e-001 4.315826e-001 -3.027437e-001 -6.890552e-001 1.087595e-003 
-6.784613e-001 2.006113e+001 1.470680e+000 4.407505e+000 1.254897e-001 -3.023689e+000 -3.123703e+000 3.845126e-001 1.925760e+000 -1.664089e+000 -1.353432e+000 -9.743881e-001 6.311357e-001 -8.795495e-001 -8.585277e-001 6.337752e-001 -1.730109e-001 -4.860428e-001 -7.620755e-001 -5.731251e-001 4.598840e-002 -3.676149e-001 -9.299835e-001 -8.874260e-002 
1.858824e+000 1.781522e+001 3.113358e+000 3.306183e+000 2.915816e-001 -3.593058e+000 -2.861398e+000 5.352858e-001 1.585714e+000 -1.008579e+000 -1.662321e+000 -3.919487e-001 1.335325e-001 -1.551359e+000 -9.674191e-001 1.030053e+000 4.741651e-002 -4.820055e-001 -1.172356e-001 -6.172345e-001 -4.130137e-001 -7.114222e-001 -9.214797e-001 -1.193227e-002 
1.134997e+000 1.924427e+001 2.067471e+000 4.043343e+000 3.674796e-002 -4.301046e+000 -2.933193e+000 4.665795e-001 2.037698e+000 -7.745469e-001 -2.440106e+000 -1.293722e+000 2.911157e-001 -1.263066e+000 -4.154393e-001 1.575842e+000 -3.588339e-001 -6.549402e-001 5.021852e-002 -7.688894e-001 -1.625502e-001 -4.010690e-001 -1.213029e+000 -4.324601e-001 
1.958408e+000 1.984697e+001 7.887559e-001 3.919304e+000 2.355572e-001 -4.360771e+000 -2.731208e+000 5.920722e-001 1.995755e+000 -1.321379e+000 -2.712565e+000 -1.894569e+000 -8.448503e-002 -4.450233e-001 4.121475e-001 1.507993e+000 -3.888187e-001 -5.010367e-001 -3.358231e-001 -1.227585e+000 7.504702e-002 1.242739e-001 -1.147182e+000 -8.853072e-001 
5.525498e+000 1.749858e+001 1.992616e+000 1.861420e+000 -9.931103e-002 -3.779653e+000 -1.827542e+000 1.222960e+000 7.071217e-001 -1.877873e+000 -2.765847e+000 -1.549210e+000 -2.635619e-001 -8.734835e-002 7.967485e-001 1.115297e+000 -1.553318e-001 -5.558615e-001 -7.032753e-001 -1.047608e+000 -1.088794e-001 2.194499e-001 -6.699363e-001 -8.264871e-001 
1.043982e+000 2.171492e+001 -1.070648e+000 4.469964e+000 -4.753571e-001 -2.989652e+000 -1.939582e+000 -4.528289e-001 1.316253e+000 -2.424611e+000 -1.899869e+000 -2.059361e+000 8.841574e-001 -5.668732e-001 4.699887e-001 1.486157e+000 -9.081507e-001 -6.315992e-001 -3.608652e-001 -4.670180e-001 2.207807e-001 2.272994e-002 -1.183403e+000 -1.226814e+000 
5.381611e+000 1.736345e+001 1.301174e+000 1.838044e+000 4.745296e-001 -1.822681e+000 -1.675076e+000 -4.362169e-001 1.046823e-001 -1.848645e+000 -2.810166e+000 -1.311238e+000 5.696690e-001 2.802607e-001 4.834814e-001 6.823158e-001 -8.828715e-001 -6.854267e-001 1.502064e-003 -3.492758e-001 -1.367785e-004 -1.345461e-001 -9.947891e-001 -1.250905e+000 
1.620908e+000 2.112100e+001 -1.341353e+000 3.670636e+000 3.671583e-002 -5.421231e-001 -1.880421e+000 -1.439701e+000 -6.902543e-002 -2.214560e+000 -1.780009e+000 -1.274353e+000 1.028005e+000 -5.525743e-001 -1.510611e-001 9.002026e-001 -1.675257e-001 -2.023569e-001 -4.220651e-002 -1.178078e+000 -2.545678e-001 -5.225645e-001 -5.145107e-002 -6.543456e-001 
3.318592e+000 1.918681e+001 -4.110047e-001 2.189417e+000 1.266444e+000 4.744325e-001 -1.767278e+000 -1.863961e+000 -8.558124e-001 -2.191030e+000 -1.934328e+000 -5.112728e-001 1.053236e+000 -5.070420e-001 -5.064698e-001 6.146122e-001 -1.895619e-003 4.209067e-002 -2.052996e-002 -8.040348e-001 -7.463473e-001 -6.598912e-001 -3.611488e-001 2.437364e-002 
4.129011e+000 1.784807e+001 -2.031415e-001 2.348290e+000 2.258896e+000 8.443962e-001 -2.066522e+000 -2.665258e+000 -8.899011e-001 -1.555530e+000 -1.591950e+000 -4.381898e-001 1.712081e-001 -5.238829e-001 -6.781498e-002 4.863481e-001 1.067662e-001 2.030906e-002 -1.540412e-002 -8.417537e-001 -1.002606e+000 -6.557067e-001 -3.839171e-001 3.936702e-002 
4.335262e+000 1.791938e+001 -1.117856e+000 2.784605e+000 2.800289e+000 1.056692e+000 -1.735488e+000 -3.531564e+000 -1.090936e+000 -3.522683e-001 -1.322464e+000 -1.199835e+000 -8.563079e-002 -3.252344e-001 1.164438e-002 4.548889e-001 1.903091e-001 2.777533e-002 -7.014478e-002 -8.596271e-001 -1.352246e+000 -5.655009e-001 -3.071172e-002 -4.044136e-001 
4.321720e+000 1.715688e+001 -2.674501e-001 2.602106e+000 2.983177e+000 1.549734e+000 -1.827068e+000 -4.003633e+000 -9.316814e-001 3.048380e-001 -1.122344e+000 -1.481459e+000 -4.483631e-001 -3.207872e-001 8.139992e-002 5.973598e-001 3.543226e-001 -1.895659e-001 -4.069358e-001 -6.843610e-001 -1.067678e+000 -5.695347e-001 -2.690593e-001 -8.128596e-001 
4.725649e+000 1.616228e+001 1.370503e-001 2.523217e+000 3.495915e+000 1.340087e+000 -1.863610e+000 -3.477828e+000 -1.343859e+000 -1.877725e-002 -4.676704e-001 -1.051838e+000 -8.548960e-001 -4.993058e-001 1.415398e-002 3.374788e-001 3.871742e-001 8.729759e-002 -4.807754e-001 -7.527989e-001 -9.417229e-001 -6.680792e-001 -4.551697e-001 -9.167112e-001 
