2.742923e+000 1.621886e+001 -2.050164e+000 3.876271e+000 -9.822275e-002 2.176644e+000 -2.796822e+000 1.847980e+000 1.715761e+000 -2.735067e+000 -7.624042e-001 1.852067e-001 -2.301508e-001 -1.632799e+000 6.846849e-001 -4.470448e-002 -6.858115e-001 -1.688886e-001 1.269237e+000 3.753061e-002 5.100593e-001 -7.453870e-002 -2.003975e-001 4.209972e-001 
2.669669e+000 1.489659e+001 -1.639100e+000 2.103942e+000 -5.482119e-001 8.271729e-001 -3.064704e+000 5.354043e-001 1.663111e+000 -1.830108e+000 -4.085329e-001 1.220548e+000 -1.229211e-001 -1.007996e+000 6.396587e-001 -7.495112e-002 -9.077024e-001 1.589761e-001 1.031076e+000 1.703846e-001 6.710074e-001 -2.242750e-001 -5.563952e-001 4.984402e-001 
2.258647e+000 1.555739e+001 -7.017054e-001 2.541203e+000 -4.099948e-001 1.627969e+000 -2.967553e+000 1.472663e+000 2.052965e+000 -1.351957e+000 -7.302749e-001 4.695553e-001 -1.719842e-001 -1.451288e+000 -1.071793e-001 -5.545723e-001 -7.303083e-001 1.034333e-001 1.033388e+000 2.930757e-001 5.317830e-001 4.340746e-001 -2.955885e-001 3.548904e-001 
2.970793e+000 1.400428e+001 -1.025387e+000 2.414634e+000 -8.311438e-001 1.976149e+000 -3.278959e+000 1.988537e+000 1.277930e+000 -1.186241e+000 -3.444549e-001 5.080182e-001 -7.270610e-001 -1.593107e+000 1.034415e+000 -2.355780e-001 -9.962045e-001 2.756724e-001 8.785263e-001 3.574922e-001 5.430411e-001 6.136097e-002 -2.094885e-001 1.244819e-001 
3.716095e+000 1.396817e+001 -1.129259e+000 3.128895e+000 -1.408524e+000 1.940516e+000 -4.083169e+000 1.872175e+000 1.748707e-001 -5.289927e-001 -7.303091e-001 2.982437e-001 -6.560392e-001 -1.035534e+000 1.381841e+000 -3.047916e-002 -4.411129e-001 2.765602e-001 6.884695e-001 -3.106410e-001 3.342925e-001 8.048797e-002 -5.935187e-001 -2.900408e-001 
3.886338e+000 1.350390e+001 -1.449133e+000 3.076127e+000 -2.307596e+000 2.825325e+000 -4.305915e+000 1.691672e+000 3.146160e-001 -2.203409e+000 -6.921538e-001 3.557050e-003 9.481084e-001 -1.336029e+000 2.005359e+000 -4.562659e-001 -7.183367e-001 -1.294988e-001 4.030248e-001 1.029390e-001 2.300568e-001 4.874121e-001 -5.384050e-001 1.914310e-001 
4.240965e+000 1.296235e+001 -1.486742e+000 4.221764e+000 -2.116954e+000 2.336321e+000 -4.103871e+000 2.166704e+000 7.609349e-001 -1.955061e+000 -7.999923e-001 -1.258770e-001 1.026123e+000 -1.146323e+000 1.018863e+000 -1.156486e+000 -6.251373e-001 -2.700601e-001 9.985021e-001 4.089814e-001 1.395466e-001 2.295607e-001 -1.027798e-001 1.936327e-001 
9.454410e+000 1.108796e+001 -1.220207e+000 6.124812e+000 -2.800559e+000 2.909335e+000 -3.106469e+000 1.520027e+000 1.683126e+000 -2.145055e+000 -1.308614e+000 -1.024593e+000 8.077618e-001 -1.629471e+000 1.028130e+000 -3.102446e-001 -8.389464e-001 2.979599e-002 3.148808e-001 7.025182e-001 -2.165143e-001 3.441211e-001 -8.352453e-001 1.450485e-001 
1.212508e+001 1.319916e+001 -2.307539e+000 6.395736e+000 -9.976641e-001 1.704807e+000 -4.195805e+000 2.079401e+000 1.058260e+000 -2.443375e+000 -2.705775e+000 -1.165725e+000 9.681104e-001 -1.530796e+000 1.050897e+000 2.520902e-001 -4.431936e-001 4.744422e-002 1.618864e+000 2.748544e-001 -5.306095e-001 2.593641e-001 -4.495926e-001 -2.434716e-001 
1.496282e+001 1.394916e+001 -4.071268e+000 4.397237e+000 9.680830e-001 1.009541e+000 -4.441647e+000 5.368644e-001 5.696531e-001 -2.912417e+000 -2.040226e+000 -1.082660e+000 1.393893e+000 -1.089372e+000 2.424978e-001 5.047350e-001 -1.236867e+000 9.883158e-001 2.315053e+000 -3.321748e-001 -8.538629e-001 3.110826e-001 -7.169111e-001 6.316457e-001 
1.532784e+001 1.488414e+001 -5.447397e+000 4.594042e+000 2.449531e+000 9.756391e-001 -3.809865e+000 -5.769951e-001 -4.409098e-001 -2.606331e+000 -1.736241e+000 -1.998623e-001 6.042121e-001 -1.714583e+000 2.358942e-001 4.599470e-001 -5.929290e-001 1.203470e+000 1.674148e+000 -7.059402e-001 -4.414779e-001 4.250261e-001 -5.429787e-001 7.775833e-001 
1.607835e+001 1.612182e+001 -5.255680e+000 5.741818e+000 1.805244e+000 2.675903e+000 -4.060379e+000 -3.385660e-001 -6.072267e-001 -2.125597e+000 -1.853882e+000 7.500244e-001 4.479368e-002 -2.132312e+000 6.160435e-001 3.759100e-001 2.950191e-002 7.984912e-001 1.315944e+000 -9.716267e-001 -1.466606e-001 2.176488e-001 -2.309648e-001 5.393039e-001 
1.772189e+001 1.464015e+001 -4.236192e+000 4.604682e+000 2.994879e+000 1.340900e+000 -3.073420e+000 -5.481750e-001 -5.908649e-001 -1.769096e+000 -1.563942e+000 1.152749e+000 -5.142114e-001 -2.113294e+000 1.191238e+000 1.411244e-001 -3.937514e-002 5.130088e-001 6.996012e-001 -6.048402e-001 1.748673e-001 3.361942e-001 -7.585248e-001 4.644736e-001 
1.780752e+001 1.395978e+001 -3.246590e+000 4.457788e+000 3.734197e+000 1.059068e+000 -3.544104e+000 -1.119505e+000 -5.362440e-001 -2.121315e+000 -1.255984e+000 9.168887e-001 -8.996853e-001 -2.359173e+000 1.447555e+000 7.092006e-001 -4.340160e-001 4.536048e-001 6.006671e-001 -9.149391e-002 2.698857e-001 4.347304e-001 -8.438909e-001 1.892126e-001 
1.707221e+001 1.564528e+001 -4.073762e+000 5.257542e+000 2.445574e+000 1.544034e+000 -4.050829e+000 -5.033057e-001 -4.900051e-001 -1.556629e+000 -1.594453e+000 7.735639e-001 -1.010026e+000 -2.562256e+000 1.921438e+000 9.610510e-001 -6.368690e-001 -1.456882e-001 1.122949e+000 -7.873084e-002 6.440739e-001 4.283171e-002 -6.972039e-001 -4.823622e-001 
1.716001e+001 1.453148e+001 -3.213356e+000 4.980063e+000 3.545261e+000 1.114129e+000 -3.711615e+000 -8.819945e-001 -5.279184e-001 -2.099534e+000 -1.088773e+000 5.010285e-001 -8.804586e-001 -1.962538e+000 1.816676e+000 1.105856e+000 -1.096886e+000 -2.664484e-001 1.189963e+000 4.704689e-002 5.971909e-002 4.649806e-001 -7.855667e-001 -9.084720e-002 
1.511281e+001 1.616462e+001 -4.950870e+000 6.798926e+000 2.640013e+000 2.770960e+000 -4.264256e+000 -3.512451e-001 -1.249993e+000 -2.335814e+000 -1.776123e+000 5.779153e-001 -9.034523e-001 -1.774259e+000 2.341268e+000 1.007626e+000 -9.209458e-001 -6.117276e-001 1.303632e+000 2.085373e-001 -3.240542e-001 5.613146e-001 -5.130655e-001 -7.259652e-002 
1.451978e+001 1.468826e+001 -2.678726e+000 5.037074e+000 3.149465e+000 2.095756e+000 -2.915982e+000 -1.115017e+000 -1.008803e-001 -3.291784e+000 -1.622834e+000 8.920143e-001 -1.412485e+000 -2.277016e+000 2.015122e+000 2.127080e+000 -1.423170e+000 -5.456819e-001 2.058365e+000 1.303640e-001 -5.062505e-001 -1.201017e-001 -4.091379e-001 3.305237e-003 
1.197276e+001 1.378285e+001 1.043035e+000 3.413652e+000 3.049779e+000 2.048850e+000 -1.828567e+000 -2.249675e+000 -2.952990e-001 -1.354203e+000 -8.681158e-001 -6.801996e-001 -1.819009e+000 -1.258946e+000 1.444551e+000 1.370193e+000 -1.194493e+000 -2.115153e-001 1.422092e+000 1.411568e-001 -2.864143e-001 -2.042271e-001 -4.562392e-001 1.874855e-001 
5.979251e+000 1.365192e+001 1.824902e-001 1.713721e+000 8.561292e-001 4.328730e-001 -2.270127e+000 8.404972e-001 1.863289e+000 -1.629509e+000 -6.782525e-001 8.883263e-001 2.032049e-001 -1.268744e+000 2.856622e-001 2.301853e-001 -1.478279e+000 -3.633608e-001 8.782819e-001 3.409598e-001 -3.758472e-002 3.549760e-001 1.577472e-001 6.506440e-002 
3.544588e+000 1.684762e+001 -1.757086e+000 3.228425e+000 -8.473182e-001 1.357247e+000 -4.170837e+000 6.902154e-001 1.181352e+000 -1.728269e+000 -9.435071e-001 3.548310e-001 -3.993652e-001 -2.046825e+000 6.021731e-001 -1.190878e-001 -1.044435e+000 1.728174e-001 1.336303e+000 2.721641e-001 1.221406e+000 3.464490e-001 -3.094441e-001 5.499522e-001 
3.152564e+000 1.665020e+001 -5.262723e-001 2.321165e+000 -1.042665e-001 1.392179e+000 -3.853384e+000 -1.536303e-001 9.969280e-001 -1.276456e+000 -4.329144e-001 5.978703e-001 -1.126257e-001 -1.462161e+000 5.501231e-001 1.712531e-001 -1.235344e+000 -2.027136e-001 1.041880e+000 3.676069e-001 9.134048e-001 3.276028e-001 -4.475924e-001 4.433261e-003 
3.276540e+000 1.508206e+001 -4.055039e-001 1.772495e+000 -5.749486e-001 8.626833e-001 -3.583005e+000 3.395790e-001 8.297248e-001 -1.691948e+000 -5.520085e-001 8.983934e-001 -1.735024e-002 -9.675954e-001 1.256625e+000 2.296233e-001 -9.477603e-001 -3.344958e-001 7.614124e-001 4.793348e-001 1.392919e-001 3.693284e-001 -3.401156e-001 -1.418771e-001 
3.360263e+000 1.288118e+001 -1.173968e+000 2.373129e+000 -1.317514e+000 9.742687e-001 -4.135369e+000 1.408551e+000 1.245984e+000 -7.368572e-001 -4.076157e-001 1.322565e+000 1.185882e-001 -1.572541e+000 9.979419e-001 5.300246e-002 -1.046718e+000 -4.990568e-001 7.503184e-001 1.869314e-001 3.977219e-001 2.954187e-001 -3.917053e-002 5.721295e-002 
3.839732e+000 1.331217e+001 -1.865590e+000 3.537706e+000 -1.137480e+000 2.317752e+000 -4.728327e+000 1.646227e+000 1.067418e+000 -1.118130e+000 -1.079485e-001 4.076299e-001 2.411954e-001 -2.260795e+000 1.161796e+000 4.076687e-001 -3.713594e-001 -4.652536e-001 6.790092e-001 2.481466e-001 -2.720954e-001 3.907389e-001 -3.479755e-001 -3.805212e-002 
3.992931e+000 1.377012e+001 -1.140049e+000 3.641643e+000 -2.363737e+000 3.763391e+000 -4.203276e+000 2.674688e+000 1.574237e+000 -5.156109e-001 -3.880359e-001 7.364900e-002 8.636237e-001 -1.783568e+000 1.114754e+000 -8.450592e-001 -5.107866e-001 -7.185122e-001 7.637372e-001 -3.440542e-001 -2.843397e-001 -1.735292e-001 -4.512449e-001 -1.240174e-001 
8.507874e+000 1.170329e+001 -7.716749e-001 5.634752e+000 -2.754941e+000 2.704126e+000 -3.674313e+000 1.048108e+000 1.315197e+000 -1.881366e+000 -4.358106e-001 -4.642660e-001 4.117000e-001 -1.911959e+000 1.193864e+000 -6.283251e-002 -8.286942e-001 -8.289441e-002 3.515380e-001 6.845509e-001 -4.598697e-002 5.728795e-001 -5.491083e-001 2.228547e-001 
1.133928e+001 1.264547e+001 -1.966940e+000 6.905577e+000 -1.392108e+000 2.282789e+000 -3.585771e+000 1.697917e+000 7.871277e-001 -2.924037e+000 -2.511403e+000 -1.242068e+000 1.174876e+000 -1.094920e+000 1.194832e+000 2.382130e-001 -5.818104e-001 -2.676153e-001 8.552646e-001 3.056968e-001 -2.312072e-001 6.310568e-001 -3.426480e-001 -1.119940e-002 
1.364562e+001 1.373662e+001 -3.148823e+000 5.818738e+000 8.448327e-001 2.037674e+000 -4.612368e+000 5.759229e-001 -3.199545e-001 -3.062224e+000 -2.069589e+000 -7.754283e-001 1.532507e+000 -1.063113e+000 5.968439e-001 2.064290e-001 -1.014670e+000 2.811966e-001 1.992058e+000 -8.691932e-002 -4.564892e-001 5.316043e-001 -5.729559e-001 4.487907e-001 
1.400829e+001 1.671075e+001 -6.570150e+000 5.632658e+000 1.042096e+000 2.356671e+000 -4.593404e+000 2.184916e-001 -7.189402e-001 -3.073010e+000 -1.935025e+000 -4.173552e-001 1.738884e+000 -1.213149e+000 4.323370e-001 -3.389556e-001 -1.221120e+000 8.278670e-001 2.392101e+000 -4.239529e-001 -7.298889e-002 2.100295e-001 -8.199369e-001 4.667936e-001 
1.588966e+001 1.553365e+001 -5.500733e+000 5.321142e+000 2.081118e+000 2.492116e+000 -3.645353e+000 -5.561654e-001 -8.359592e-001 -2.555374e+000 -1.999293e+000 6.022898e-001 6.203812e-001 -1.911170e+000 5.896223e-001 8.586925e-002 -3.965877e-001 1.086814e+000 1.429047e+000 -6.851038e-001 -3.295310e-001 2.403046e-001 -3.758819e-001 4.766460e-001 
1.763744e+001 1.478424e+001 -4.266248e+000 4.801674e+000 3.260860e+000 1.551906e+000 -3.173241e+000 -7.430289e-001 -8.822818e-001 -2.037421e+000 -1.987891e+000 1.146862e+000 -3.334125e-001 -2.137886e+000 1.039061e+000 2.407291e-001 2.192074e-002 6.936759e-001 1.039986e+000 -7.151575e-001 1.706916e-001 2.058473e-001 -5.974928e-001 3.320614e-001 
1.634668e+001 1.623920e+001 -4.830803e+000 6.251873e+000 2.074987e+000 2.457581e+000 -4.379222e+000 1.157120e-001 -1.443179e+000 -1.617168e+000 -2.094574e+000 1.304983e+000 -8.299052e-001 -1.994547e+000 1.389174e+000 3.546498e-001 -4.341739e-001 6.454464e-001 6.656621e-001 -1.837543e-001 2.364649e-001 5.383635e-001 -1.074091e+000 3.286078e-001 
1.682686e+001 1.509369e+001 -4.174304e+000 5.592141e+000 2.563298e+000 2.195343e+000 -3.471972e+000 -7.731496e-001 -8.571280e-001 -2.168991e+000 -1.862273e+000 8.664859e-001 -5.535816e-001 -2.168833e+000 2.063069e+000 1.000761e+000 -8.102755e-001 -3.466402e-001 6.121650e-001 -4.117582e-002 6.494076e-001 3.105347e-001 -5.705442e-001 -2.912010e-001 
1.555164e+001 1.625745e+001 -5.225830e+000 7.064269e+000 2.742677e+000 2.763430e+000 -4.322525e+000 -5.387652e-001 -1.539526e+000 -2.146141e+000 -2.143624e+000 1.120462e+000 -7.886320e-001 -1.594735e+000 2.463101e+000 9.082029e-001 -8.499432e-001 -1.282692e+000 1.153518e+000 -6.208841e-001 6.946375e-001 5.903812e-001 -9.903660e-002 1.136846e-001 
1.572904e+001 1.504821e+001 -3.678363e+000 6.327908e+000 3.977435e+000 2.108735e+000 -3.849951e+000 -8.756696e-001 -1.330326e+000 -2.492814e+000 -1.597895e+000 5.504099e-001 -9.134312e-001 -1.474815e+000 2.336521e+000 1.077957e+000 -7.978880e-001 -1.050785e+000 1.112807e+000 -1.945488e-003 -1.168711e-001 7.862279e-001 -4.556045e-001 1.260929e-001 
1.524883e+001 1.407544e+001 -2.425758e+000 5.100913e+000 4.938630e+000 1.527659e+000 -2.717735e+000 -1.597158e+000 -6.602487e-001 -3.099521e+000 -1.254830e+000 1.471442e+000 -1.109742e+000 -2.170346e+000 1.843751e+000 1.617230e+000 -1.203112e+000 -5.949598e-001 1.603423e+000 2.368469e-001 -6.447126e-001 3.269211e-001 -5.503069e-001 4.336418e-002 
