1.264365e+001 1.084971e+001 -4.715071e+000 2.270264e+000 -1.624152e+000 1.831982e+000 -2.062576e+000 8.313070e-001 3.627167e-001 -1.069120e-001 -1.462666e-001 -2.151961e-001 
1.315847e+001 1.140958e+001 -4.448934e+000 1.402979e+000 -1.500529e+000 2.634016e+000 -1.784834e+000 2.398353e-001 6.264059e-001 -9.527426e-001 -4.521296e-002 5.898165e-001 
1.239402e+001 1.102311e+001 -3.479655e+000 2.647691e+000 -7.070749e-001 2.556083e+000 -1.919680e+000 7.018950e-002 -3.236927e-004 -4.262427e-001 -3.690598e-001 2.804048e-001 
1.151013e+001 1.140699e+001 -4.026089e+000 1.421895e+000 -4.850894e-002 2.162255e+000 -1.372275e+000 2.537334e-001 3.973223e-001 -4.853102e-001 -1.543863e-001 3.075931e-001 
8.952465e+000 1.103292e+001 -4.158022e+000 1.320575e+000 -8.178967e-001 2.685752e+000 -1.341820e+000 5.897156e-001 3.145654e-001 -1.255106e-001 -1.819676e-001 3.680750e-001 
8.193108e+000 1.107039e+001 -5.608376e+000 1.430460e+000 2.176152e-001 3.329495e+000 -8.999627e-001 9.907481e-001 -4.093141e-001 -7.000058e-001 -6.711606e-001 2.916754e-001 
7.111280e+000 9.795699e+000 -5.833644e+000 2.297711e+000 7.678877e-001 2.184356e+000 -8.349035e-001 7.642770e-001 5.756851e-002 -7.860292e-001 -7.905860e-001 3.261470e-001 
7.328840e+000 1.022483e+001 -6.265392e+000 1.314935e+000 -1.308967e-001 2.228801e+000 -1.149078e+000 7.613253e-001 6.319768e-002 -4.031067e-001 -3.894222e-001 3.725195e-001 
7.834010e+000 9.859563e+000 -6.926833e+000 1.211039e+000 -1.142494e-002 2.373675e+000 -5.603131e-001 9.056060e-001 -1.498262e-001 -7.372262e-001 -4.781688e-001 3.669879e-001 
7.883971e+000 8.511238e+000 -6.386374e+000 9.456184e-001 5.485865e-001 1.649098e+000 -4.105088e-001 6.239653e-001 3.485338e-001 -4.385912e-001 -2.080991e-001 7.861722e-002 
9.119665e+000 7.986694e+000 -6.118170e+000 1.822411e+000 1.019445e+000 1.682240e+000 -1.435691e+000 -2.706802e-001 7.433651e-001 -5.040571e-001 5.810051e-002 -3.826108e-001 
1.073834e+001 8.970721e+000 -6.682110e+000 4.141483e+000 -3.346338e-002 2.489342e+000 -1.858598e+000 -6.930097e-003 4.221116e-001 -9.729237e-001 -3.700871e-001 -5.258525e-001 
1.244915e+001 9.535013e+000 -6.566047e+000 3.723154e+000 -5.014387e-001 1.480852e+000 -1.285547e+000 7.130279e-002 5.901759e-001 -1.066379e+000 1.728338e-001 -1.686734e-001 
1.271216e+001 9.656033e+000 -7.309485e+000 4.741745e+000 -1.134604e+000 2.073995e+000 -2.067568e+000 1.024434e-002 7.603457e-001 -8.034270e-001 2.179834e-001 -3.814490e-001 
1.225294e+001 9.388100e+000 -5.873995e+000 3.919710e+000 -5.523606e-001 1.798050e+000 -2.246406e+000 -3.991951e-002 8.242281e-001 -6.571075e-001 -3.926506e-001 -2.512181e-001 
1.542833e+001 6.601457e+000 -3.588698e+000 1.247687e+000 1.124520e+000 9.201239e-001 -6.830750e-001 -9.433614e-001 7.215810e-001 -7.806699e-001 -7.634654e-001 -1.913312e-002 
1.437216e+001 7.997131e+000 -2.629579e+000 2.476117e-001 -1.478884e-001 5.135084e-001 -9.506211e-001 -1.872579e-001 9.147218e-001 -5.535934e-001 5.337373e-002 -2.505564e-002 
1.228767e+001 1.110031e+001 -4.688400e+000 2.795302e+000 -2.082507e+000 1.975310e+000 -2.402935e+000 7.013863e-001 9.465981e-001 -3.781967e-001 -3.929637e-001 1.301805e-001 
1.267326e+001 1.167217e+001 -4.620835e+000 2.710233e+000 -1.274043e+000 2.045112e+000 -2.124846e+000 1.013416e+000 3.752699e-001 -4.030894e-001 -8.341985e-001 -2.018301e-002 
1.322590e+001 1.096783e+001 -4.409862e+000 2.829040e+000 -2.752957e-001 2.209785e+000 -1.385409e+000 8.550679e-001 1.518177e-001 -9.463127e-001 -8.380860e-001 -1.493668e-001 
9.673187e+000 1.075387e+001 -4.787978e+000 2.604815e+000 -4.535713e-001 1.999264e+000 -1.522023e+000 8.124240e-001 4.153012e-001 -1.872438e-001 -2.231182e-001 5.241348e-001 
9.032340e+000 1.145622e+001 -5.570021e+000 1.570552e+000 -3.324580e-001 2.858145e+000 -6.690384e-001 9.394891e-001 -2.319948e-001 -5.843035e-001 -5.238256e-001 3.323805e-001 
8.436140e+000 1.050167e+001 -5.254032e+000 1.639141e+000 -5.523658e-001 2.123962e+000 -4.888962e-001 2.196929e-001 5.616240e-001 -8.623827e-001 7.145597e-002 3.391302e-001 
8.315823e+000 1.096728e+001 -5.326882e+000 6.542508e-001 -7.087434e-001 1.789178e+000 -1.229105e+000 5.795834e-001 5.075720e-001 -1.479162e-002 -1.462904e-001 7.252660e-001 
8.478668e+000 1.049356e+001 -6.060421e+000 1.384457e+000 -1.163539e+000 1.061849e+000 -1.463842e+000 7.124769e-001 1.188978e+000 -2.426877e-002 -1.219949e-001 5.712846e-002 
8.449942e+000 9.867850e+000 -7.793742e+000 1.444428e+000 -1.561181e+000 8.742718e-001 -9.153305e-001 1.369238e+000 2.663811e-001 -2.468345e-001 1.089874e-001 7.619498e-001 
9.755511e+000 1.022333e+001 -6.473327e+000 1.046949e+000 -1.502706e-001 1.650034e+000 -9.935305e-001 4.916917e-001 5.409261e-001 -3.715584e-001 -6.584651e-002 -1.093336e-001 
1.074245e+001 8.629732e+000 -6.026031e+000 2.885414e+000 5.982475e-001 2.073014e+000 -1.608246e+000 -3.505542e-001 7.412179e-001 -9.069206e-001 -1.163424e-001 -4.878604e-001 
1.196976e+001 8.625723e+000 -5.635086e+000 3.761852e+000 4.499075e-001 1.398490e+000 -1.522704e+000 -3.771360e-001 6.125725e-001 -1.020198e+000 1.109292e-001 -2.990241e-001 
1.290790e+001 1.019053e+001 -7.174652e+000 4.353269e+000 -1.198783e+000 2.083110e+000 -1.416966e+000 2.348331e-001 4.073952e-001 -1.248419e+000 2.660859e-001 -1.543248e-001 
1.300814e+001 9.848342e+000 -6.903502e+000 5.148934e+000 -6.982399e-001 2.029836e+000 -2.052950e+000 4.212443e-001 3.855216e-001 -9.607210e-001 -4.706067e-001 -4.186133e-001 
