1.697978e+001 9.067739e+000 -4.854229e+000 1.258743e+000 -5.366127e-001 -9.696794e-002 -2.202458e+000 -3.685966e-001 -1.464345e-001 1.300465e-002 -1.784087e+000 3.333866e-001 
1.664632e+001 9.768986e+000 -5.380226e+000 1.559891e+000 -5.912980e-001 2.993930e-001 -2.066792e+000 3.091693e-002 -2.328001e-001 -1.955867e-001 -1.577402e+000 5.425584e-001 
1.573479e+001 9.586714e+000 -5.605018e+000 1.322322e+000 -1.745021e+000 1.043162e+000 -1.723450e+000 5.278203e-001 -1.965083e-001 -3.801902e-002 -1.130111e+000 5.048850e-001 
1.496180e+001 8.684499e+000 -5.633126e+000 1.428391e+000 -1.362721e+000 1.395100e+000 -1.958179e+000 4.234069e-001 9.368133e-001 3.962205e-001 -1.135738e+000 3.822399e-001 
1.537560e+001 7.878351e+000 -4.256122e+000 2.067299e+000 -4.413600e-001 7.815251e-001 -1.284336e+000 -2.488287e-001 7.869903e-001 -4.181640e-002 -1.162397e+000 4.973418e-001 
1.393438e+001 6.961313e+000 -1.122849e+000 1.894128e+000 5.420347e-001 8.845532e-001 -1.447761e+000 -2.200054e-001 7.855128e-001 -3.697259e-001 -8.516463e-001 1.153209e-001 
1.256686e+001 7.071060e+000 -1.324812e+000 2.901385e+000 1.338723e+000 1.631791e+000 -2.053512e+000 4.780314e-001 1.388685e+000 -5.710152e-001 -1.319436e+000 4.141039e-001 
1.258241e+001 7.484490e+000 -1.049831e+000 2.501056e+000 1.210413e+000 1.045773e+000 -2.017737e+000 1.010458e+000 1.376955e+000 -3.401176e-001 -1.332529e+000 8.075137e-002 
1.233167e+001 8.375092e+000 -4.728682e-001 1.931296e+000 -5.244709e-001 3.487645e-001 -1.578301e+000 1.657233e+000 1.455883e+000 3.085664e-002 -1.095992e+000 -2.216919e-001 
1.317072e+001 7.919874e+000 -2.475454e-001 1.905600e+000 -2.014563e-001 1.170682e+000 -2.451845e+000 1.588739e+000 1.536626e+000 3.441926e-001 -8.900038e-001 5.161947e-002 
1.388764e+001 7.577979e+000 -3.201208e-001 2.532186e+000 2.206531e-001 7.178531e-001 -2.081129e+000 6.621600e-001 1.061387e+000 2.865014e-001 -5.015744e-001 8.264547e-002 
1.524438e+001 7.558680e+000 -1.700753e+000 2.274584e+000 2.830083e-001 1.044110e+000 -1.962820e+000 1.840650e-001 6.518857e-002 3.124589e-001 -5.411589e-001 5.780554e-001 
1.588699e+001 8.364747e+000 -3.589667e+000 2.076573e+000 1.634290e-001 1.471605e+000 -1.440786e+000 -1.532969e-002 3.486326e-001 1.955760e-001 -6.261052e-001 6.392540e-001 
1.614041e+001 9.465307e+000 -4.034739e+000 1.201214e+000 -6.927897e-001 1.627272e+000 -1.467914e+000 3.468704e-001 4.409283e-001 3.644881e-001 -9.457092e-001 2.254338e-001 
1.634339e+001 9.377937e+000 -4.033670e+000 6.115383e-001 -2.009232e-001 1.255371e+000 -1.596075e+000 2.620756e-001 8.129160e-001 6.525242e-003 -9.064817e-001 2.178294e-001 
1.693606e+001 6.710692e+000 -3.637790e+000 -1.293271e-001 7.731995e-001 4.056184e-001 -8.805555e-001 -2.451869e-001 8.174791e-001 -5.927224e-002 -6.659639e-001 3.541387e-001 
1.829617e+001 7.735173e+000 -3.891547e+000 2.226591e-001 -3.363436e-001 -4.736787e-001 -1.825127e+000 -6.257958e-001 1.002648e+000 -6.513352e-001 -1.844362e+000 3.064143e-001 
1.671310e+001 9.575732e+000 -4.927283e+000 1.543495e+000 -7.021686e-001 3.188594e-001 -1.820793e+000 -2.014831e-001 -4.081450e-002 -1.530345e-002 -1.691362e+000 3.405757e-001 
1.552295e+001 9.727754e+000 -5.721729e+000 2.184976e+000 -9.089690e-001 1.151441e+000 -1.958843e+000 2.781143e-001 -8.861965e-001 -2.549400e-001 -1.330894e+000 6.613773e-001 
1.525765e+001 8.449504e+000 -5.493513e+000 2.035420e+000 -1.076750e+000 1.270874e+000 -2.158222e+000 1.158311e-001 4.782292e-002 1.697387e-001 -1.102843e+000 5.073615e-001 
1.503093e+001 8.247682e+000 -5.104034e+000 1.396779e+000 -9.270481e-001 1.355061e+000 -1.326003e+000 4.254671e-001 1.043312e+000 5.789271e-001 -8.991574e-001 4.597611e-001 
1.527030e+001 7.510079e+000 -2.678082e+000 1.462431e+000 -3.739046e-001 6.993658e-001 -1.823381e+000 4.645767e-001 1.264450e+000 -9.556278e-002 -1.214570e+000 2.975754e-001 
1.410823e+001 7.852215e+000 -1.490620e+000 1.916374e+000 4.746749e-001 8.225997e-001 -1.856182e+000 2.987385e-001 1.326406e+000 -3.665475e-001 -1.141759e+000 2.416926e-001 
1.310941e+001 7.708485e+000 -7.178146e-001 2.471516e+000 4.885834e-001 1.459130e+000 -2.562602e+000 7.261275e-001 1.297183e+000 -3.256302e-001 -1.119750e+000 2.236675e-001 
1.294382e+001 8.105860e+000 -4.954164e-001 1.798036e+000 2.503216e-002 2.071280e-001 -1.549636e+000 1.302965e+000 1.567674e+000 -6.552942e-002 -1.044962e+000 -1.665463e-001 
1.306688e+001 7.824362e+000 -2.452660e-001 1.382578e+000 -8.685770e-001 1.343695e+000 -1.527767e+000 1.793397e+000 1.211450e+000 2.166309e-001 -9.609692e-001 -1.458148e-001 
1.343297e+001 7.645920e+000 -3.606482e-002 1.641388e+000 -5.543264e-001 1.275181e+000 -1.348368e+000 1.607067e+000 1.424688e+000 2.420922e-001 -9.330618e-001 -4.000716e-001 
1.369047e+001 7.288861e+000 -6.705158e-001 1.981293e+000 -3.059362e-001 1.575468e+000 -1.189273e+000 9.424878e-001 8.300047e-001 2.907040e-001 -7.817423e-001 -1.758800e-001 
1.416787e+001 7.382216e+000 -2.865171e+000 2.551762e+000 2.868556e-001 2.143452e+000 -1.021065e+000 2.191900e-002 -1.581435e-001 3.119115e-001 -2.647554e-001 3.809721e-001 
1.571582e+001 8.557589e+000 -3.967009e+000 1.798410e+000 -8.674680e-002 2.052625e+000 -1.188987e+000 2.128513e-001 2.192352e-001 4.976539e-001 -8.062878e-001 4.658517e-001 
1.573715e+001 8.945410e+000 -4.198603e+000 9.363331e-001 -2.357124e-001 1.671010e+000 -1.504086e+000 5.429091e-001 5.192581e-001 4.581986e-001 -7.207187e-001 3.379831e-001 
