7.353042e+000 1.042354e+001 -4.253681e-001 1.537433e+000 4.033056e-001 7.652349e-001 -1.241424e+000 2.993578e-001 3.052728e-001 -4.268830e-001 -9.127670e-001 9.197211e-002 
6.608920e+000 1.063080e+001 -1.012114e+000 2.429594e+000 4.428398e-001 6.041589e-001 -2.339983e+000 5.993507e-001 6.632718e-001 -2.620218e-001 -1.234616e+000 3.950456e-001 
7.598872e+000 1.108882e+001 -8.452257e-001 1.649077e+000 8.003782e-001 7.764804e-001 -1.177566e+000 4.602098e-001 5.484512e-001 -9.346049e-001 -1.334402e+000 5.941894e-001 
6.724135e+000 1.111389e+001 -7.638056e-001 1.486454e+000 5.548837e-001 6.726864e-001 -1.760576e+000 1.435435e-001 1.677450e-001 -4.229892e-001 -1.052362e+000 3.408774e-001 
6.673178e+000 1.080270e+001 -8.041851e-001 1.407476e+000 7.700007e-001 1.325978e+000 -1.118223e+000 4.418739e-001 -4.082584e-002 -6.044235e-001 -1.273197e+000 1.343458e-001 
6.203572e+000 1.026552e+001 -1.980426e-001 1.787492e+000 6.745623e-001 1.047944e+000 -1.974408e+000 3.799048e-001 -1.408782e-001 -4.004778e-001 -1.344770e+000 4.882726e-001 
6.513354e+000 1.114173e+001 -5.011827e-001 2.465204e+000 1.051633e-001 9.966487e-001 -2.523720e+000 7.831147e-001 -2.621408e-002 -1.521771e-001 -1.249544e+000 4.251486e-001 
5.247398e+000 1.190623e+001 -9.707782e-001 2.949052e+000 -3.173476e-001 1.425632e+000 -2.137401e+000 5.357574e-001 -3.804303e-001 -5.250278e-001 -1.411627e+000 5.610281e-001 
5.588216e+000 1.129799e+001 -1.500904e+000 3.226489e+000 2.610808e-002 1.472081e+000 -2.545226e+000 1.108150e+000 -2.423641e-001 1.276568e-001 -1.851161e+000 5.339070e-001 
5.945327e+000 1.115149e+001 -1.083586e+000 2.158212e+000 3.517967e-001 1.045242e+000 -1.403519e+000 1.390953e+000 -1.455684e-002 -2.279543e-001 -1.582982e+000 6.408191e-001 
6.336620e+000 1.138117e+001 -1.294631e+000 1.879914e+000 4.631204e-001 1.082312e+000 -1.951939e+000 1.155752e+000 4.523368e-001 -5.155149e-001 -1.180747e+000 7.558394e-001 
5.964133e+000 1.142447e+001 -8.451830e-001 2.418513e+000 8.421714e-001 1.015670e+000 -1.823951e+000 9.846398e-001 -3.543148e-002 -6.455327e-001 -1.240544e+000 3.019960e-001 
6.562878e+000 1.101105e+001 -1.100157e+000 3.441991e+000 1.159127e+000 8.140683e-001 -2.331002e+000 6.826319e-001 -1.737357e-002 -4.290639e-001 -1.648483e+000 2.493999e-001 
6.611190e+000 1.151148e+001 -1.658791e+000 3.273921e+000 1.551209e+000 4.972163e-001 -1.271988e+000 1.773345e-001 8.777520e-002 -5.698612e-001 -1.967295e+000 -2.097794e-001 
6.660447e+000 1.100495e+001 -1.174483e+000 2.940259e+000 8.701672e-001 3.688124e-001 -1.477274e+000 2.451076e-001 -1.055846e-001 1.603072e-001 -1.669385e+000 4.122005e-003 
7.826964e+000 9.803509e+000 -9.782889e-001 2.632204e+000 1.575879e+000 -1.806443e-002 -1.308795e+000 1.206974e-001 7.576110e-002 2.514243e-001 -1.341241e+000 3.258590e-001 
6.881704e+000 1.003768e+001 -1.474209e+000 3.776548e+000 1.311357e+000 3.493065e-002 -1.476344e+000 -3.721529e-002 -3.638213e-002 -1.063379e-001 -1.865809e+000 9.738179e-002 
7.481473e+000 1.018668e+001 -1.045726e+000 4.021436e+000 6.244722e-001 8.540979e-002 -2.207572e+000 1.914685e-001 -3.113198e-001 4.600263e-001 -1.557655e+000 4.346728e-001 
7.412392e+000 1.081859e+001 -1.525883e+000 4.388128e+000 6.251241e-001 -2.782852e-001 -2.658141e+000 4.554818e-001 -2.242477e-001 8.248275e-001 -1.436531e+000 6.721638e-001 
7.428880e+000 1.055682e+001 -1.423903e+000 3.219726e+000 1.714648e+000 -1.568337e-001 -1.529954e+000 -2.814304e-001 6.619719e-001 2.880704e-001 -1.240471e+000 3.884239e-001 
7.631718e+000 1.052170e+001 -1.321514e+000 3.026377e+000 8.480598e-001 9.925488e-001 -1.128744e+000 3.471117e-001 2.976150e-001 -5.504804e-001 -1.406905e+000 2.067913e-001 
7.989910e+000 1.080008e+001 -3.269549e-001 2.562483e+000 5.525259e-002 6.043509e-001 -2.028090e+000 6.552521e-001 3.709029e-001 -1.100669e-001 -7.561963e-001 3.651103e-001 
6.479028e+000 1.077513e+001 -1.349069e-001 2.757577e+000 -4.269698e-001 1.532107e+000 -1.918882e+000 9.261400e-001 -1.207986e-001 -3.846555e-001 -1.294579e+000 4.453902e-001 
4.937837e+000 1.068699e+001 -5.322053e-002 1.387067e+000 -7.836974e-002 1.190633e+000 -1.476367e+000 1.497232e+000 6.268924e-001 -3.886132e-002 -1.043654e+000 1.847778e-001 
6.168146e+000 7.902428e+000 2.455988e-001 6.494898e-001 1.625766e+000 -1.813826e-001 -8.912562e-001 7.393525e-001 9.908505e-001 -1.278460e-001 -4.765368e-001 1.573707e-001 
8.512639e+000 8.554077e+000 9.248172e-001 1.736371e+000 1.526767e+000 -1.252216e-001 -1.681251e+000 -2.470378e-001 4.090445e-001 -6.955994e-001 -9.923345e-001 2.665035e-002 
6.997350e+000 1.050099e+001 -1.477053e+000 2.223562e+000 1.294491e+000 7.239521e-001 -2.395948e+000 -5.821175e-002 4.023081e-001 -3.569636e-001 -9.095548e-001 6.152238e-001 
7.225619e+000 1.069314e+001 -8.867926e-001 2.176068e+000 1.423353e-001 8.725032e-001 -2.109496e+000 4.382033e-001 3.210569e-001 -1.911459e-001 -1.064061e+000 5.426889e-001 
7.469609e+000 1.045468e+001 -1.236182e+000 1.362472e+000 1.534519e+000 4.481418e-001 -1.289248e+000 1.242069e-002 4.015374e-001 -1.055243e+000 -1.357515e+000 3.838916e-001 
6.978633e+000 1.116840e+001 -1.375606e+000 2.037470e+000 8.348666e-001 7.406160e-001 -1.968469e+000 7.420205e-002 1.924869e-001 -4.978886e-001 -1.204040e+000 3.423736e-001 
6.254785e+000 1.080769e+001 -4.746334e-001 1.604712e+000 8.864488e-001 4.135919e-001 -1.891642e+000 6.879663e-001 4.526227e-001 -2.140809e-001 -1.097691e+000 2.637760e-001 
6.727203e+000 1.101349e+001 -2.704821e-001 2.445779e+000 1.011289e+000 5.007810e-001 -2.707495e+000 9.532539e-001 4.817017e-001 -6.240019e-001 -1.385560e+000 5.111756e-001 
6.506138e+000 1.111253e+001 -9.090720e-001 3.138726e+000 1.132520e+000 7.551447e-001 -2.465658e+000 9.255644e-001 3.242252e-001 -7.018826e-001 -1.604875e+000 2.452514e-001 
6.004688e+000 1.095047e+001 -1.506744e+000 3.183808e+000 4.679685e-001 1.606536e+000 -2.423891e+000 1.015354e+000 1.767419e-001 4.837421e-002 -1.554281e+000 5.573647e-001 
5.269240e+000 1.102180e+001 -1.360005e+000 3.537852e+000 4.963110e-001 1.057144e+000 -2.154099e+000 1.154664e+000 4.355686e-001 2.748021e-001 -1.568424e+000 8.430118e-001 
5.279398e+000 1.107943e+001 -8.035695e-001 2.728849e+000 9.090527e-001 2.073368e-001 -2.105452e+000 4.673087e-001 2.249835e-001 -1.646579e-001 -1.134416e+000 5.632391e-001 
5.656869e+000 1.078434e+001 -7.712496e-001 2.947648e+000 1.000948e+000 7.096291e-001 -2.919866e+000 9.006166e-001 -3.916189e-002 -5.340518e-001 -1.564230e+000 1.044503e-001 
6.579959e+000 1.101604e+001 -8.214399e-001 2.882297e+000 7.624192e-001 7.821273e-001 -3.072727e+000 6.555780e-001 -2.235388e-001 -2.175714e-001 -1.321013e+000 3.981357e-001 
6.374333e+000 1.049405e+001 -1.880668e+000 3.558656e+000 1.760280e+000 6.450452e-001 -1.773853e+000 -3.247091e-001 1.289413e-001 -3.509680e-001 -1.113204e+000 2.781775e-001 
6.517312e+000 1.055829e+001 -1.302481e+000 3.307072e+000 1.403926e+000 1.524838e-001 -1.583266e+000 5.141963e-001 2.789311e-001 2.429399e-001 -1.674739e+000 2.113986e-001 
7.323218e+000 1.096943e+001 -1.334879e+000 3.649022e+000 1.308971e+000 -1.783785e-001 -1.834144e+000 -2.349113e-001 -1.206973e-002 2.661430e-001 -1.219424e+000 3.554953e-001 
7.778833e+000 1.004997e+001 -1.217004e+000 3.232182e+000 1.474897e+000 -1.972753e-001 -1.530468e+000 2.706036e-002 3.084754e-001 -2.031635e-001 -1.433353e+000 1.774182e-001 
6.586480e+000 1.023452e+001 -1.047309e+000 3.875495e+000 7.099019e-001 1.264630e-001 -2.142854e+000 -4.224139e-001 -3.841724e-001 8.236341e-001 -1.252516e+000 3.749655e-001 
7.461695e+000 1.066700e+001 -1.509338e+000 3.867791e+000 -4.604126e-001 1.853654e-001 -2.351488e+000 6.103791e-001 -7.162163e-001 8.521856e-001 -1.532520e+000 4.839879e-001 
7.952107e+000 1.101887e+001 -1.425120e+000 2.610294e+000 2.578856e-001 -1.419816e-001 -1.091032e+000 -7.677168e-002 -1.223649e-001 2.228054e-001 -1.220314e+000 3.943666e-001 
7.005233e+000 1.045923e+001 -1.239022e+000 3.277220e+000 1.202974e+000 4.506490e-001 -1.709810e+000 8.337299e-002 3.468422e-001 -1.527715e-001 -1.450568e+000 1.939035e-001 
7.510346e+000 1.030221e+001 -4.009592e-001 3.164040e+000 3.342831e-001 2.574697e-001 -1.785149e+000 9.643372e-002 3.078951e-001 -2.291295e-001 -9.436831e-001 3.245294e-001 
6.555005e+000 1.116172e+001 -1.402103e-001 3.143074e+000 -1.619655e-001 6.977738e-001 -2.272189e+000 2.041790e-001 2.612343e-001 -1.502508e-001 -1.080371e+000 4.668997e-001 
5.891762e+000 1.076691e+001 -1.145660e-001 2.389830e+000 -8.283679e-001 1.428478e+000 -2.002556e+000 1.017671e+000 -2.907387e-001 -2.673772e-001 -1.353504e+000 3.153894e-001 
3.541791e+000 1.083066e+001 -1.963626e+000 9.532179e-001 1.482541e-001 1.025317e+000 -2.204775e+000 1.335531e+000 8.607777e-001 -1.870060e-001 -8.649433e-001 6.976303e-001 
