-1.631007e+001 1.570119e+001 5.187954e-001 1.405128e+000 -1.202047e-001 -1.234657e+000 1.307575e+000 1.641061e-001 1.124388e+000 -3.802067e+000 -2.170234e+000 -1.010241e+000 1.056580e+000 2.777085e-001 -1.291304e-001 -4.050659e-001 -9.543106e-001 -3.481867e-001 -9.396566e-001 -6.679923e-001 -4.081063e-001 -1.348250e-001 7.821435e-002 -1.842761e-002 
-8.905931e+000 1.211044e+001 -2.661098e+000 5.476938e+000 -3.104606e+000 -4.095301e+000 2.284359e-001 -5.027651e-001 2.534976e+000 -1.368266e+000 -2.071655e+000 -3.115183e+000 -8.102569e-001 1.416117e+000 1.436404e-001 -5.551184e-001 -6.554321e-001 3.752804e-002 -3.847338e-001 6.586404e-002 -3.282931e-001 -1.594304e+000 -1.153395e-001 -1.124085e+000 
-4.717457e+000 1.302741e+001 -5.932676e+000 5.631786e+000 -2.553719e+000 -5.325791e+000 1.414964e-001 9.869466e-001 3.605791e+000 -8.380300e-001 -4.551526e-001 -2.915933e+000 -1.678319e+000 3.699247e-001 -6.360267e-001 7.945609e-001 2.154516e-001 -3.982166e-001 -8.299403e-001 3.640702e-001 6.736272e-002 -1.486020e+000 3.936221e-001 -6.806583e-001 
-2.093916e+000 1.617585e+001 -5.359614e+000 4.643391e+000 -4.934433e+000 -3.472319e+000 1.014442e+000 -1.334581e+000 3.375736e+000 -1.520837e+000 -3.688355e-001 -2.242161e+000 -1.990407e+000 -5.690847e-001 -1.357301e+000 3.193631e-001 6.692017e-001 6.481494e-001 -9.755070e-001 -5.465875e-001 -8.362981e-002 -1.329096e+000 2.753536e-001 -9.069601e-001 
-2.639002e+000 1.847976e+001 -4.161235e+000 2.750698e+000 -1.578650e+000 -2.889707e+000 -1.320735e+000 -5.777122e-002 3.680811e+000 -7.903976e-001 -7.045594e-001 -1.993789e+000 -6.570094e-001 -7.970130e-001 -1.479528e+000 1.437548e-002 1.229509e+000 -2.519866e-002 -1.028037e+000 3.300631e-001 5.765354e-003 -5.257239e-001 -3.698695e-001 3.766655e-001 
4.220981e+000 1.663237e+001 5.172450e-001 8.170238e-001 2.090251e-001 -4.290154e+000 -2.967455e+000 2.680259e+000 3.279722e+000 -1.152294e+000 -2.715728e+000 -1.004184e+000 -3.777430e-001 -1.677395e+000 -1.560121e+000 2.653038e-001 8.869898e-001 -1.259621e-001 -8.445712e-001 -8.371225e-001 -7.620796e-001 -6.022831e-001 -4.286621e-001 -4.073512e-001 
6.233498e+000 2.084314e+001 -2.483479e+000 1.950920e+000 2.540182e-001 -6.682370e+000 -4.874829e+000 1.008338e+000 2.469167e+000 -1.346874e+000 -2.700687e+000 -1.099224e+000 -1.523001e-001 -1.570959e+000 -6.996808e-001 9.815021e-001 2.358295e-001 -5.812835e-001 -1.143997e+000 -1.836886e+000 -1.154440e+000 -5.340739e-001 -2.677724e-001 1.881385e-001 
9.902588e+000 2.100304e+001 -4.458426e+000 2.213366e+000 -1.663731e+000 -7.026014e+000 -3.942865e+000 -1.620065e-001 1.976658e+000 -1.368165e+000 -2.974679e+000 -1.108322e+000 -3.691645e-001 -8.621478e-001 1.779254e-001 5.570394e-001 -3.769695e-001 -8.549744e-001 -1.475814e+000 -1.501374e+000 -9.530369e-001 -6.211572e-001 -1.619513e-001 -2.132317e-001 
1.304112e+001 1.825864e+001 -2.784702e+000 2.043204e-001 -2.011069e+000 -6.315117e+000 -3.704615e+000 1.126315e-001 1.834597e+000 -7.538466e-001 -2.725229e+000 -1.392518e+000 -1.227743e+000 -1.206704e+000 6.159298e-001 6.977762e-001 -2.256832e-001 -7.289847e-001 -1.526718e+000 -1.429993e+000 -9.873885e-001 -6.941826e-001 -1.209882e-001 -1.068955e-001 
1.164092e+001 1.995832e+001 -4.431342e+000 1.616628e-001 -2.701219e+000 -5.349198e+000 -3.310561e+000 -4.577930e-002 2.036603e+000 -8.856334e-001 -2.256799e+000 -1.526413e+000 -1.368369e+000 -1.588211e+000 2.070957e-001 9.112510e-001 -1.297669e-001 -5.502556e-001 -1.526281e+000 -1.484326e+000 -1.009253e+000 -8.592754e-001 3.339294e-002 -7.169033e-002 
1.028916e+001 2.283288e+001 -6.934365e+000 2.188696e+000 -4.326726e+000 -4.067032e+000 -3.463363e+000 -5.744146e-001 2.635065e+000 -1.521861e+000 -1.069734e+000 -2.519513e+000 -1.193203e+000 -2.001445e+000 8.111689e-001 4.829500e-001 -7.145537e-002 -4.442504e-001 -1.971925e+000 -8.971651e-001 -1.222279e+000 -4.513490e-001 -6.180623e-001 2.295855e-001 
1.368559e+001 1.874718e+001 -3.366683e+000 -1.011684e-001 -2.831083e+000 -4.554078e+000 -2.899042e+000 -3.389312e-001 1.876207e+000 -5.565899e-001 -1.754463e+000 -1.715883e+000 -1.905260e+000 -1.408963e+000 1.919861e-001 9.911200e-001 -8.321756e-002 -8.369179e-001 -1.367937e+000 -1.331113e+000 -8.743098e-001 -7.859966e-001 -2.225139e-001 -9.217028e-002 
1.201211e+001 2.027851e+001 -4.143752e+000 8.883296e-001 -4.090317e+000 -3.831070e+000 -2.680039e+000 -6.630558e-001 2.020346e+000 -9.803137e-001 -1.401258e+000 -1.956945e+000 -1.802172e+000 -1.456175e+000 1.847709e-001 1.106390e+000 -4.013796e-001 -7.608104e-001 -1.177637e+000 -1.210293e+000 -1.136491e+000 -9.240319e-001 5.752216e-002 -2.801142e-001 
1.067174e+001 2.072678e+001 -4.170156e+000 1.725129e+000 -4.816772e+000 -3.571157e+000 -2.803034e+000 -7.841384e-001 1.993176e+000 -1.315685e+000 -1.028161e+000 -2.258516e+000 -1.686976e+000 -1.768967e+000 2.931058e-001 1.482467e+000 -7.698951e-001 -9.456178e-001 -1.090846e+000 -1.145357e+000 -1.187215e+000 -1.033317e+000 8.336874e-002 -1.078944e-001 
1.383249e+001 1.669215e+001 -1.042061e+000 -3.701446e-001 -2.894082e+000 -4.526367e+000 -2.973488e+000 -2.353952e-001 1.453265e+000 -8.145470e-001 -1.856528e+000 -1.554751e+000 -1.980976e+000 -1.679171e+000 3.629754e-001 1.156396e+000 -3.002846e-001 -1.109944e+000 -1.279089e+000 -1.158256e+000 -1.090408e+000 -9.584896e-001 -6.530842e-002 4.679171e-002 
9.862478e+000 2.128092e+001 -4.679975e+000 3.169558e+000 -4.731919e+000 -3.609308e+000 -3.401395e+000 -5.535967e-001 2.288826e+000 -1.575016e+000 -7.241146e-001 -2.848996e+000 -1.381331e+000 -1.759420e+000 3.872811e-001 1.295560e+000 -5.716874e-001 -6.735667e-001 -1.640886e+000 -1.116374e+000 -1.065412e+000 -7.771472e-001 -1.531621e-001 -4.123305e-002 
1.100751e+001 1.855905e+001 -1.900007e+000 1.637924e+000 -3.257497e+000 -4.583196e+000 -3.074350e+000 -7.872680e-001 1.751783e+000 -5.874008e-001 -1.841100e+000 -2.178395e+000 -1.897085e+000 -1.499388e+000 2.759399e-001 1.274380e+000 -3.897765e-001 -1.068006e+000 -1.474739e+000 -1.328298e+000 -8.436918e-001 -7.203081e-001 -8.666134e-002 -3.772503e-001 
9.017416e+000 1.970893e+001 -2.317666e+000 2.742803e+000 -2.783412e+000 -4.806499e+000 -3.298457e+000 -9.627991e-001 1.626164e+000 -5.735758e-001 -1.847580e+000 -2.175311e+000 -1.387378e+000 -1.988021e+000 1.770143e-001 1.689785e+000 -5.857027e-001 -1.282001e+000 -1.483227e+000 -1.374448e+000 -7.716429e-001 -4.229727e-001 -4.686913e-002 -6.023869e-001 
1.097101e+001 1.503926e+001 1.542177e+000 5.453864e-001 -1.192127e+000 -3.765139e+000 -2.385478e+000 2.079734e-002 4.208725e-001 -1.034829e+000 -1.673805e+000 -7.348834e-001 -5.998002e-001 -1.342938e+000 -4.589066e-002 1.188368e+000 1.270696e-001 -8.322925e-001 -8.389179e-001 -9.506800e-001 -4.708000e-001 8.127525e-002 -1.537690e-001 -3.152800e-001 
-1.342564e+001 1.259168e+001 1.548826e+000 1.005716e+000 5.363960e-002 -9.642116e-001 6.361914e-001 1.168734e+000 -1.627074e-001 -2.837614e+000 -2.196933e+000 -1.070781e+000 7.779277e-001 5.116382e-001 -2.603153e-001 -2.691698e-001 -1.074306e+000 -2.762404e-001 -1.035438e+000 -4.425622e-001 -5.594371e-001 -8.599733e-002 -9.045841e-002 4.777972e-002 
-1.020604e+001 1.282577e+001 -3.306855e+000 6.092175e+000 -2.928226e+000 -4.241320e+000 4.634217e-001 -1.120248e+000 3.130748e+000 -2.068127e+000 -1.770755e+000 -3.301986e+000 -6.568932e-001 1.644346e+000 -1.168261e-001 -3.908481e-001 -1.039963e+000 2.433734e-001 -3.341338e-001 8.809107e-002 -1.785846e-001 -1.967374e+000 -9.788775e-002 -1.280145e+000 
-5.966546e+000 1.432133e+001 -6.838264e+000 6.191806e+000 -2.496424e+000 -5.636274e+000 9.530795e-001 -2.235246e-002 4.584182e+000 -1.642926e+000 2.845817e-002 -3.070068e+000 -1.868838e+000 8.740364e-001 -1.292205e+000 1.263809e+000 -3.315006e-001 -2.430717e-001 -6.998079e-001 7.360765e-002 7.219538e-001 -1.992299e+000 8.841055e-001 -9.167110e-001 
-2.319981e+000 1.588499e+001 -5.171848e+000 4.269177e+000 -4.522512e+000 -3.545067e+000 1.311376e+000 -1.302991e+000 3.292686e+000 -1.309865e+000 -7.970394e-001 -2.084869e+000 -2.203196e+000 -6.119195e-001 -1.215682e+000 1.220342e-001 9.083487e-001 5.872829e-001 -8.885321e-001 -5.898435e-001 -9.051594e-002 -1.345130e+000 9.623425e-002 -8.715915e-001 
-2.695208e+000 1.811099e+001 -4.114636e+000 2.552883e+000 -1.181682e+000 -3.253244e+000 -8.484980e-001 -3.295390e-001 3.620130e+000 -6.357755e-001 -9.751892e-001 -1.622974e+000 -1.027145e+000 -4.290064e-001 -1.820897e+000 6.149549e-002 1.205052e+000 -2.117061e-001 -8.408484e-001 2.429510e-001 1.293512e-001 -6.638393e-001 -2.455517e-001 2.462866e-001 
2.139979e+000 1.840944e+001 -4.420435e-001 8.879868e-001 4.982151e-001 -4.302438e+000 -3.105641e+000 2.351451e+000 3.471965e+000 -1.061071e+000 -2.586748e+000 -9.091130e-001 -5.069728e-001 -1.883856e+000 -1.444588e+000 3.331433e-001 9.287473e-001 -1.288946e-003 -8.875229e-001 -9.555874e-001 -8.326073e-001 -6.378686e-001 -2.723578e-001 -3.234432e-001 
8.634114e+000 1.779594e+001 -7.216795e-001 7.939122e-001 3.100131e-001 -6.129057e+000 -5.144055e+000 9.468602e-001 2.224966e+000 -1.290434e+000 -2.629067e+000 -8.921371e-001 -4.716461e-001 -1.680420e+000 -6.464425e-001 9.701131e-001 4.574467e-001 -5.994730e-001 -1.328708e+000 -1.741007e+000 -1.228314e+000 -5.654908e-001 -1.710660e-001 1.028765e-001 
1.129077e+001 1.906094e+001 -2.986964e+000 1.322362e+000 -1.225928e+000 -6.927848e+000 -4.107731e+000 1.495640e-001 1.635729e+000 -1.206183e+000 -3.038399e+000 -1.058379e+000 -3.009315e-001 -9.299024e-001 1.951957e-001 5.668792e-001 -3.928708e-001 -8.851797e-001 -1.420537e+000 -1.503418e+000 -9.687711e-001 -5.903451e-001 -2.190635e-001 -1.517837e-001 
1.392793e+001 1.686379e+001 -1.804779e+000 -4.623613e-001 -1.890065e+000 -6.058291e+000 -3.967901e+000 2.883470e-001 1.705370e+000 -9.736071e-001 -2.590182e+000 -1.378547e+000 -1.353388e+000 -1.217593e+000 5.717205e-001 6.729074e-001 -2.657588e-001 -7.898655e-001 -1.477744e+000 -1.470762e+000 -9.913059e-001 -6.991626e-001 -2.184584e-001 6.499090e-003 
1.276872e+001 1.821204e+001 -3.055534e+000 -5.723213e-001 -2.280218e+000 -5.440347e+000 -3.395235e+000 1.312306e-001 1.781116e+000 -7.381593e-001 -2.323817e+000 -1.498945e+000 -1.487147e+000 -1.538371e+000 3.038209e-001 9.159311e-001 -1.037776e-001 -6.915685e-001 -1.466694e+000 -1.452743e+000 -1.021111e+000 -7.920997e-001 -8.943205e-002 -7.236402e-002 
1.244501e+001 1.967176e+001 -4.110380e+000 -1.020884e-001 -2.665910e+000 -4.934377e+000 -2.987658e+000 -3.601589e-001 1.946952e+000 -5.810064e-001 -2.059110e+000 -1.633427e+000 -1.964639e+000 -1.394300e+000 4.353323e-001 5.533137e-001 3.558810e-002 -6.512134e-001 -1.626602e+000 -1.300329e+000 -8.087779e-001 -8.340728e-001 -3.570969e-001 9.808312e-002 
1.329540e+001 1.877812e+001 -3.351316e+000 -1.817574e-001 -2.701137e+000 -4.695679e+000 -2.761232e+000 -3.970149e-001 1.782290e+000 -3.621154e-001 -1.861169e+000 -1.797606e+000 -1.916125e+000 -1.362688e+000 2.568032e-001 9.107695e-001 -7.087056e-002 -8.491862e-001 -1.400461e+000 -1.314086e+000 -8.079113e-001 -7.361813e-001 -3.126423e-001 -1.303015e-001 
1.154685e+001 2.047001e+001 -4.162399e+000 1.078726e+000 -4.225820e+000 -3.812836e+000 -2.552894e+000 -6.368703e-001 1.979957e+000 -9.471436e-001 -1.404831e+000 -2.063606e+000 -1.723097e+000 -1.362843e+000 9.875529e-002 1.052115e+000 -3.589884e-001 -6.881499e-001 -1.205475e+000 -1.291752e+000 -1.067212e+000 -8.352935e-001 -2.046250e-002 -3.223206e-001 
1.152238e+001 1.908554e+001 -2.545212e+000 3.631890e-001 -4.000423e+000 -3.939298e+000 -2.774232e+000 -6.120383e-001 1.650697e+000 -9.028662e-001 -1.391075e+000 -2.062583e+000 -1.924737e+000 -1.511142e+000 1.470714e-001 1.434255e+000 -6.055813e-001 -1.117292e+000 -1.020865e+000 -1.198931e+000 -1.130325e+000 -1.015175e+000 4.230732e-002 -1.684570e-001 
1.358110e+001 1.644191e+001 -9.590758e-001 -2.728481e-001 -2.868189e+000 -4.574122e+000 -3.088080e+000 -2.466259e-001 1.538862e+000 -7.317086e-001 -1.789827e+000 -1.633581e+000 -2.130582e+000 -1.667166e+000 4.624199e-001 1.242853e+000 -3.066973e-001 -1.225502e+000 -1.290238e+000 -1.078697e+000 -1.061374e+000 -9.760875e-001 -1.067201e-001 3.516270e-002 
1.142981e+001 1.854545e+001 -2.329213e+000 1.450928e+000 -3.541744e+000 -4.485756e+000 -3.122543e+000 -2.924275e-001 1.814890e+000 -9.632999e-001 -1.420010e+000 -2.183635e+000 -1.964564e+000 -1.425823e+000 2.367989e-001 1.411018e+000 -4.947913e-001 -9.832075e-001 -1.378246e+000 -1.317421e+000 -7.949229e-001 -9.697445e-001 -8.218735e-002 -1.241019e-001 
1.151026e+001 1.743427e+001 -9.855504e-001 1.111485e+000 -3.027415e+000 -4.845774e+000 -2.995136e+000 -4.890245e-001 1.511678e+000 -5.660148e-001 -1.970991e+000 -2.045138e+000 -1.874093e+000 -1.509406e+000 2.894162e-001 1.179634e+000 -3.785851e-001 -1.096357e+000 -1.384725e+000 -1.314321e+000 -9.327821e-001 -7.197768e-001 -1.001977e-001 -2.848024e-001 
8.329839e+000 2.024844e+001 -2.804709e+000 3.253663e+000 -3.173686e+000 -4.771565e+000 -3.314561e+000 -9.518640e-001 1.727460e+000 -7.293813e-001 -1.789720e+000 -2.266527e+000 -1.263647e+000 -2.022542e+000 2.564929e-001 1.594055e+000 -6.822408e-001 -1.185621e+000 -1.508242e+000 -1.260345e+000 -8.877751e-001 -4.849697e-001 1.890150e-003 -5.292302e-001 
