-6.372962e+000 1.105836e+001 -8.834414e+000 8.857403e+000 -1.149494e+000 -1.469425e+000 -1.742943e+000 1.103459e+000 2.961495e+000 -1.245979e+000 1.103874e+000 -1.663442e+000 2.540238e+000 4.633927e-001 2.070906e+000 2.650052e+000 3.055598e-001 -6.867636e-002 -2.826473e-001 7.444438e-001 -1.149919e+000 -7.468069e-001 -1.555387e-001 5.784330e-001 2.446331e-002 5.707429e-002 6.696713e-001 5.307738e-001 4.723705e-001 1.099764e-001 5.373859e-001 1.381875e-001 2.954201e-001 -3.167473e-001 -7.600217e-001 -6.559726e-001 
-7.778432e+000 9.622592e+000 -8.589640e+000 9.885550e+000 -7.845548e-001 -2.342352e-001 -1.657981e+000 6.509201e-001 2.595549e+000 -1.943541e+000 7.731161e-001 -1.397679e+000 2.628972e+000 -1.961343e-001 1.033545e+000 1.172144e+000 2.555992e-001 -1.514688e-001 2.130964e-002 2.269270e-001 -1.270709e+000 3.571446e-001 4.911074e-001 1.007583e+000 7.547982e-001 3.988210e-001 5.891054e-001 7.146789e-001 1.055921e+000 4.787375e-001 5.528430e-001 -2.818948e-001 -3.410198e-001 -4.176824e-001 -8.469205e-002 -5.166569e-001 
-7.431125e+000 9.190295e+000 -7.902112e+000 1.017314e+001 -2.930553e-001 3.126870e-001 -1.453977e+000 8.836683e-001 2.492826e+000 -1.418313e+000 8.310788e-001 -1.770326e+000 5.863431e-001 -1.340442e+000 1.382480e+000 1.217265e+000 -1.030553e-001 -6.728592e-001 -1.152817e+000 -8.099805e-001 -1.476007e+000 -1.181657e-002 -3.602600e-001 1.180244e+000 8.770479e-001 6.355985e-001 6.841553e-001 1.672330e-001 3.158100e-001 1.295629e-001 1.082882e+000 -2.616802e-001 -1.383265e-001 -2.180221e-001 -2.587090e-002 -2.240524e-001 
-5.487329e+000 9.812561e+000 -8.023302e+000 1.014059e+001 -2.426035e-001 -2.551873e-001 -2.227273e+000 1.037396e+000 3.785025e+000 -7.882041e-001 1.958598e+000 -5.581250e-001 2.444467e+000 -1.507121e-001 7.824898e-001 2.104121e+000 9.570496e-001 -3.745649e-001 -8.862920e-001 -4.042617e-001 -1.950164e+000 -7.242074e-001 -1.544648e-001 4.487624e-001 1.670744e-001 3.458368e-002 6.707632e-001 1.790080e-001 4.091598e-001 4.577452e-001 1.308201e+000 7.683179e-001 -2.156603e-001 -5.423011e-001 -6.646720e-001 -2.118308e-001 
-6.890086e+000 9.057503e+000 -8.617008e+000 9.469275e+000 -1.340152e+000 2.891742e-001 -1.416941e+000 1.348071e+000 2.913607e+000 -5.468643e-001 1.586938e+000 -2.711689e-001 3.124250e+000 -2.192018e-001 9.892960e-001 1.483173e+000 7.729632e-001 -4.770882e-001 -1.115307e-001 5.456954e-001 -1.342709e+000 -4.346414e-001 -8.242205e-001 -3.957488e-001 -7.067504e-001 3.112052e-001 6.225010e-001 5.956436e-001 6.878939e-001 7.966106e-001 1.354256e+000 1.220317e-001 1.122221e-001 -1.150226e+000 -6.508270e-001 -5.140016e-001 
-7.634017e+000 7.145861e+000 -9.477192e+000 9.985512e+000 -1.384173e+000 -2.836703e-001 -1.145002e+000 1.744002e+000 3.179196e+000 -5.803680e-001 1.905464e+000 -1.159884e+000 2.968279e+000 -1.439714e-001 1.389201e+000 1.697146e+000 5.854383e-001 -6.664255e-001 -3.488321e-001 4.319329e-001 -1.439186e+000 3.281621e-002 -5.086842e-001 3.407384e-001 -1.609512e-001 -1.652544e-001 5.565607e-001 4.301853e-001 8.701471e-001 6.091747e-001 8.805760e-001 3.990850e-001 -1.265445e-001 -1.023604e+000 -4.416789e-001 -4.813820e-001 
-8.152150e+000 6.724111e+000 -1.120523e+001 9.922334e+000 -4.445730e-001 1.010342e+000 -1.409209e+000 2.526023e+000 4.285119e+000 -8.947420e-001 2.709789e+000 -7.640314e-001 1.868277e+000 -1.847701e+000 4.651979e-001 1.594870e+000 5.136457e-001 -7.076492e-002 -6.574751e-001 6.649275e-001 -1.112734e+000 5.174436e-001 2.691904e-001 7.998650e-001 2.858830e-001 -1.159078e+000 -8.078372e-003 5.598083e-001 7.597361e-001 4.278961e-001 9.351418e-001 1.769686e-002 -6.704738e-001 -7.534013e-001 -3.613608e-002 -6.254083e-001 
-7.315680e+000 6.246129e+000 -1.089179e+001 9.812043e+000 -1.186874e+000 6.031895e-001 -4.294317e-001 2.212096e+000 4.627317e+000 2.821375e-001 1.552484e+000 -1.356249e+000 2.076320e+000 -1.113521e+000 5.585059e-001 1.170444e+000 5.163983e-001 3.945275e-001 1.831795e-001 3.890561e-001 -9.333777e-001 7.006293e-001 -3.888462e-001 8.649377e-001 1.196506e-001 1.062462e-001 -2.702334e-001 4.203468e-001 9.797950e-001 2.054784e-001 1.183716e+000 3.384733e-001 1.346976e-001 -1.331983e+000 -6.113370e-001 -4.239341e-001 
-6.067790e+000 5.456877e+000 -1.219768e+001 9.503823e+000 -2.945842e-001 1.954348e+000 -1.804744e-001 2.503894e+000 3.958321e+000 -6.267654e-001 2.342793e+000 -2.712664e-001 2.680262e+000 -5.162738e-001 5.617274e-001 9.901052e-001 5.063185e-001 1.803212e-001 2.011192e-001 7.103122e-001 -7.883050e-001 3.651209e-002 -4.908160e-001 -1.062627e-001 -9.632401e-002 -3.046000e-001 -4.931870e-002 1.398396e-001 6.905210e-001 3.748351e-001 5.133405e-001 -6.621483e-002 -6.221233e-001 -7.948549e-001 -5.009562e-001 -7.894298e-001 
-7.273115e+000 4.091021e+000 -1.163095e+001 1.083500e+001 3.697842e-001 1.803712e+000 -1.945464e+000 1.435080e+000 2.908498e+000 -1.638651e+000 1.740708e+000 -5.992289e-001 3.269169e+000 -4.714224e-001 1.316638e+000 1.605601e+000 9.105925e-001 -6.319683e-001 -2.916463e-001 8.019850e-001 -1.287928e+000 1.103299e-001 -9.455287e-001 5.281829e-001 -3.035167e-001 7.412000e-001 4.232465e-001 4.635922e-001 9.084578e-001 -1.440027e-001 1.339004e+000 -5.632022e-001 -4.000176e-001 -3.320274e-001 4.067109e-001 -3.561498e-001 
-5.482943e+000 8.476522e+000 -9.601224e+000 1.050146e+001 6.252892e-001 2.879707e+000 -1.123607e+000 2.193105e+000 3.049527e+000 -2.697102e+000 6.537558e-002 -1.879171e+000 1.165724e+000 -8.252951e-001 2.376573e-001 -1.818865e-001 -2.292383e-001 -5.340999e-001 -2.580453e-001 8.886903e-001 -7.351455e-001 9.266882e-001 3.358637e-001 5.829184e-001 3.523893e-001 4.277140e-001 3.478412e-001 3.174320e-001 8.200671e-001 7.265729e-001 9.552715e-001 -4.351806e-001 -4.044889e-001 -9.779725e-001 -4.681013e-001 2.103765e-001 
-3.348965e+000 1.380870e+001 -5.620231e+000 1.230366e+001 1.268243e+000 1.140446e+000 -1.680313e+000 4.723957e-001 2.889352e+000 -2.737931e+000 -9.728955e-001 -3.447720e+000 -3.709763e-001 -1.294981e+000 -5.497238e-002 3.596582e-001 1.007521e+000 -3.389108e-001 -1.366366e+000 3.137362e-001 -1.829845e+000 -8.047287e-001 -8.431171e-001 -6.086875e-001 -1.987445e-002 1.696935e-001 -1.232136e-003 8.757930e-002 4.761291e-001 6.074307e-001 1.141254e+000 -2.107313e-002 4.042378e-001 -5.010675e-002 1.573358e-001 -3.324170e-001 
-3.342735e+000 1.856874e+001 -3.766104e+000 9.410533e+000 7.684835e-001 -1.594446e+000 -2.181276e+000 7.565155e-001 2.330145e+000 -3.797388e+000 -2.872141e+000 -3.045507e+000 3.227967e-001 -6.362676e-001 6.373719e-001 7.120488e-001 6.856448e-001 -1.141122e+000 -1.552654e+000 -2.772153e-001 -2.026931e+000 -4.704608e-001 -1.184267e+000 -6.391168e-001 1.108156e-001 6.284987e-002 4.383758e-001 8.670559e-002 4.398955e-001 9.975292e-002 8.591340e-001 2.894563e-001 7.869445e-001 4.971278e-001 -1.860524e-001 -2.964514e-001 
-2.094764e+000 2.276689e+001 -5.232445e+000 6.676984e+000 1.322293e+000 -2.841704e+000 -2.749420e+000 -2.442909e-001 2.720117e+000 -4.678574e+000 -3.444623e+000 -2.698659e+000 1.723490e+000 1.106986e+000 6.306439e-001 -2.544987e-002 -1.339444e+000 -4.481722e-001 2.082380e-001 -3.216572e-001 -1.031774e+000 -3.040407e-001 -1.598338e+000 -1.269296e+000 3.686932e-001 5.811196e-001 1.197065e+000 2.534466e-001 -6.645362e-002 6.220476e-001 5.244921e-001 6.382660e-001 6.466341e-001 1.923292e-001 1.022313e-001 -1.058642e-001 
1.603517e+000 2.172429e+001 -3.010441e+000 1.582218e+000 2.827204e+000 -1.412800e+000 -3.487969e+000 2.202953e-001 1.880312e+000 -4.889568e+000 -5.238595e+000 1.648590e-001 1.227419e+000 3.085050e-001 8.004210e-001 -1.101741e+000 -1.750930e+000 9.693474e-001 1.430416e+000 -1.273284e+000 -1.925813e+000 -5.400537e-001 -1.447701e+000 -1.197468e+000 1.248396e+000 1.426682e+000 8.557705e-001 6.075360e-001 1.017920e-001 5.274213e-001 8.989336e-001 3.459763e-001 -4.066169e-001 -5.732460e-001 7.404120e-003 4.780665e-001 
1.303039e+000 2.277053e+001 -5.439939e+000 1.317988e+000 1.834422e+000 -1.251961e+000 -7.011768e+000 -2.260755e+000 9.168970e-001 -6.207205e+000 -3.255854e+000 4.135893e-001 6.034102e-001 -8.768600e-001 5.578198e-001 -1.272900e+000 -2.375309e+000 2.549737e-001 -1.683486e-001 -1.947099e+000 -1.455872e+000 -4.504660e-001 -1.844637e+000 -1.573035e+000 8.072468e-001 -4.903475e-002 -2.419726e-001 8.314343e-001 4.906018e-001 5.736632e-001 1.290790e+000 4.216479e-001 -6.293347e-001 -7.300495e-001 -4.464763e-001 6.885935e-002 
7.110707e+000 1.923973e+001 -3.598724e+000 1.602115e+000 2.914029e+000 -1.330145e+000 -5.561217e+000 -2.629776e+000 1.750562e-001 -3.365427e+000 -2.148650e+000 4.061607e-001 9.235630e-003 -7.051886e-001 3.962254e-001 -2.569790e-001 -1.011034e+000 1.149665e+000 -4.210053e-001 -2.630557e+000 -4.938610e-001 3.257931e-001 -1.268435e+000 -1.357671e+000 4.451148e-001 1.596446e-001 5.222180e-002 1.251201e+000 9.087635e-001 1.147327e+000 1.214701e+000 -9.021241e-002 -9.715074e-001 -7.040848e-001 3.364508e-001 2.928049e-001 
1.330965e+001 1.258975e+001 -1.242099e+000 1.238298e+000 2.505639e+000 -1.483989e+000 -4.421474e+000 -2.785250e+000 -3.955227e-001 -1.540633e+000 -1.785023e+000 2.123073e-001 8.903850e-001 -6.942114e-003 -1.719933e-001 -8.133607e-002 1.901857e-002 5.588893e-001 -3.793460e-001 -1.668002e+000 -4.974718e-001 2.512550e-001 -6.357378e-001 -6.407102e-001 3.424703e-001 5.265430e-001 3.649917e-001 5.872105e-001 5.936973e-001 5.541808e-001 6.062584e-001 -5.408274e-003 -5.171679e-001 -1.301235e-001 5.121858e-001 5.255761e-001 
-2.092837e+000 7.390275e+000 -4.600772e+000 5.219559e+000 1.398199e+000 -2.733211e+000 -1.813486e+000 9.572883e-001 1.973782e+000 -9.361853e-002 -2.842930e-002 9.234799e-002 1.334686e+000 1.138111e+000 1.146696e+000 1.967623e+000 -1.117507e-001 -1.020610e+000 -5.803609e-002 3.527188e-001 -2.583301e-001 -7.722139e-001 1.775077e-001 3.180072e-001 -6.300017e-002 1.446358e-002 3.709068e-001 3.298904e-001 -2.761270e-001 -1.092505e-001 2.750769e-001 2.069586e-001 2.407248e-001 -7.962044e-002 -4.940432e-001 -4.346332e-001 
-8.173120e+000 9.892977e+000 -8.001242e+000 9.618515e+000 -7.044027e-001 -8.306797e-001 -2.049646e+000 4.548695e-001 2.844081e+000 -1.476704e+000 7.779523e-001 -1.252113e+000 2.894725e+000 6.341187e-001 1.346545e+000 1.637580e+000 1.382781e-001 -3.166107e-001 -6.590405e-002 6.672006e-001 -1.305567e+000 -9.463479e-002 5.245528e-001 7.786454e-001 2.996302e-001 5.991852e-002 7.730285e-001 8.717807e-001 9.272909e-001 5.207533e-001 6.781584e-001 -8.084489e-002 -1.921038e-001 -3.884364e-001 -1.245858e-001 -6.432870e-001 
-8.398772e+000 7.981387e+000 -7.788380e+000 9.875908e+000 -1.797874e-001 -4.494759e-001 -1.105441e+000 1.103946e+000 2.300380e+000 -1.546679e+000 4.445200e-001 -9.337823e-001 4.637721e-001 -1.349915e+000 1.030605e+000 1.179880e+000 -3.060934e-001 -9.877850e-001 -1.004678e+000 -3.541171e-001 -8.161585e-001 1.004834e-001 -2.001774e-003 1.230776e+000 1.027147e+000 5.172763e-001 4.052944e-001 5.026552e-001 6.555211e-001 1.610273e-001 7.568847e-001 -1.857851e-001 -3.092837e-001 -2.271281e-001 5.028894e-002 -6.517459e-002 
-6.168626e+000 1.009874e+001 -8.386958e+000 9.845633e+000 -5.200238e-001 -3.229365e-001 -1.672078e+000 7.312904e-001 3.608993e+000 -9.166781e-001 2.195106e+000 -7.063987e-001 2.661374e+000 -3.958279e-001 1.119015e+000 2.186421e+000 9.617774e-001 -4.978055e-001 -1.091946e+000 -5.211638e-001 -2.346768e+000 -7.617098e-001 -8.024434e-001 7.315853e-001 2.442777e-001 1.381989e-001 4.737488e-001 -1.850447e-002 5.272687e-001 5.430377e-001 1.298030e+000 4.986418e-001 1.758983e-001 -3.938456e-001 -4.107767e-001 -1.837277e-001 
-7.028909e+000 9.240341e+000 -7.988409e+000 9.754600e+000 -1.083582e+000 2.707419e-001 -1.094877e+000 1.519073e+000 3.152757e+000 -7.560646e-001 2.267566e+000 -4.598156e-001 2.615042e+000 -4.534158e-001 1.117639e+000 1.591459e+000 7.110838e-001 -4.430866e-001 -4.919954e-001 3.821603e-001 -1.467835e+000 -7.316842e-001 -6.671039e-001 -4.751379e-001 -6.290287e-001 2.203846e-001 7.653509e-001 7.256932e-001 8.337611e-001 6.924800e-001 1.601318e+000 2.604262e-001 -6.857554e-002 -1.089954e+000 -7.066296e-001 -3.004504e-001 
-8.243276e+000 7.551988e+000 -9.396969e+000 1.011478e+001 -1.746510e+000 -6.051271e-001 -1.334935e+000 1.538093e+000 3.187915e+000 -3.860808e-001 1.780507e+000 -7.182541e-001 2.801697e+000 -3.472662e-001 1.427028e+000 1.345353e+000 6.497515e-001 -9.409672e-001 -2.855915e-001 7.082133e-001 -1.426828e+000 2.620879e-003 -5.445911e-001 7.647944e-002 -3.169535e-001 -2.618624e-002 6.438537e-001 4.816854e-001 1.092183e+000 6.933728e-001 8.834650e-001 2.206961e-001 1.486518e-001 -8.656471e-001 -4.661423e-001 -5.471422e-001 
-8.252421e+000 6.024375e+000 -1.097632e+001 1.003505e+001 4.444418e-001 1.029472e+000 -1.055682e+000 2.413734e+000 4.004382e+000 -7.288993e-001 2.343215e+000 -6.206795e-001 1.949632e+000 -1.609970e+000 3.015947e-001 1.277384e+000 5.152812e-001 2.011966e-002 -3.452002e-001 3.883257e-001 -1.301413e+000 3.894194e-001 1.867776e-001 7.653083e-001 -1.779988e-001 -9.852902e-001 3.538481e-001 3.289276e-001 6.077518e-001 3.909289e-001 1.097262e+000 3.248189e-001 -2.816814e-001 -9.057099e-001 8.222780e-002 -5.843302e-001 
-8.488107e+000 6.499838e+000 -1.064502e+001 9.936594e+000 -1.276575e+000 -1.842361e-002 -1.113564e+000 2.339905e+000 4.342885e+000 -3.523400e-002 2.071724e+000 -1.541583e+000 1.880963e+000 -1.558766e+000 5.259641e-001 9.879417e-001 1.040645e+000 -4.700187e-002 1.095087e-001 4.407037e-001 -7.707281e-001 8.724030e-001 -1.639465e-001 1.177429e+000 3.972016e-001 2.821946e-001 -2.083672e-001 6.164683e-001 9.566941e-001 2.938487e-001 1.253110e+000 3.682146e-001 5.535186e-002 -1.204102e+000 -6.563891e-001 -5.441424e-001 
-7.258327e+000 5.793713e+000 -1.213881e+001 9.170712e+000 -1.090290e+000 1.537750e+000 -2.231444e-001 2.469115e+000 4.257698e+000 -6.826131e-001 2.894541e+000 -6.290833e-001 3.160556e+000 -4.752714e-001 1.015277e+000 1.450806e+000 7.923891e-001 3.738046e-001 2.003249e-001 5.961724e-001 -1.174656e+000 -3.033236e-002 -7.549055e-001 7.572585e-002 -3.525296e-001 -1.351032e-001 -1.805872e-001 -2.580640e-001 8.437274e-001 3.276157e-001 8.319936e-001 -4.937273e-002 -4.387665e-001 -9.356432e-001 -4.600387e-001 -5.206020e-001 
-7.653171e+000 4.342112e+000 -1.207509e+001 1.114577e+001 9.403118e-003 1.572585e+000 -1.583186e+000 1.780135e+000 2.937254e+000 -1.751635e+000 1.532939e+000 -4.549994e-001 3.403071e+000 -3.279636e-001 1.267275e+000 1.045123e+000 7.010419e-001 -7.794334e-001 -1.655946e-001 8.542361e-001 -9.000781e-001 3.358457e-001 -7.779808e-001 4.073247e-001 -4.459125e-002 2.729476e-001 1.793680e-001 3.537145e-001 9.083313e-001 -1.774319e-001 1.189490e+000 -5.501039e-001 -5.911652e-001 -4.227830e-001 -2.714700e-003 -7.379860e-001 
-6.059285e+000 6.206569e+000 -9.862090e+000 9.268936e+000 9.000355e-001 2.135571e+000 -8.674002e-001 2.155760e+000 3.086927e+000 -1.688464e+000 2.133287e-001 -1.121614e+000 1.275991e+000 1.007008e-001 5.486160e-001 2.552823e-001 9.547722e-002 -1.885973e-002 -3.062082e-002 4.897017e-001 -9.298876e-001 3.662297e-001 5.399130e-001 6.432133e-001 6.370044e-001 4.189493e-001 4.604520e-001 3.317949e-001 7.773392e-001 6.869034e-001 7.121256e-001 -2.032550e-001 -4.958838e-001 -6.376572e-001 -5.258280e-001 1.454720e-001 
-3.958139e+000 1.240997e+001 -5.822520e+000 1.238539e+001 1.340273e+000 1.673136e+000 -1.894326e+000 7.824559e-001 3.306041e+000 -3.363545e+000 -6.562198e-001 -2.544886e+000 -1.965977e-002 -1.356834e+000 -2.881686e-001 1.074519e-001 4.228910e-001 -2.705659e-001 -7.086540e-001 5.791305e-001 -1.312194e+000 -8.867624e-001 -8.635396e-001 -4.706611e-001 2.487321e-001 -3.835472e-002 1.329864e-001 3.161802e-001 6.011433e-001 6.553587e-001 1.025477e+000 -1.382868e-001 9.098313e-002 1.926393e-002 2.270694e-002 -8.876652e-002 
-3.834771e+000 1.752131e+001 -3.670034e+000 9.636239e+000 6.132497e-001 -1.241559e+000 -1.875970e+000 6.665597e-001 2.544735e+000 -3.245321e+000 -2.642442e+000 -2.843563e+000 -1.763346e-001 -1.311757e+000 4.157277e-001 7.385435e-001 1.060527e+000 -1.341126e+000 -1.663061e+000 -5.188064e-001 -1.986755e+000 -3.821270e-001 -7.721298e-001 -8.094305e-001 1.969205e-003 5.099356e-003 1.122157e-001 2.252532e-001 3.374389e-001 2.132846e-001 7.589501e-001 2.878032e-001 7.491399e-001 4.598683e-001 -9.761762e-002 -2.628123e-001 
-2.879056e+000 2.170021e+001 -5.141132e+000 7.401018e+000 1.254962e+000 -2.497048e+000 -2.902649e+000 -3.321988e-001 2.819091e+000 -4.620788e+000 -3.150557e+000 -3.171921e+000 1.456202e+000 7.927876e-001 3.229262e-001 -1.765120e-001 -1.121160e+000 -8.350804e-001 -4.944557e-001 -5.248337e-001 -1.245873e+000 -3.142136e-001 -1.520003e+000 -8.502514e-001 -8.964596e-002 3.135548e-001 9.372141e-001 -1.072439e-001 -4.787935e-002 4.220865e-001 7.202098e-001 5.622578e-001 6.525919e-001 4.241424e-001 -1.069467e-001 -3.999798e-001 
-2.022067e+000 2.504002e+001 -5.608086e+000 4.292681e+000 1.999317e+000 -1.571994e+000 -2.591359e+000 -5.220233e-001 2.701298e+000 -5.821779e+000 -4.349677e+000 -9.068191e-001 2.259274e+000 2.479039e-001 1.015956e+000 -8.952939e-001 -1.940539e+000 9.817690e-001 9.911765e-001 -5.626065e-001 -1.822063e+000 7.458060e-003 -1.607001e+000 -1.281822e+000 9.694263e-001 1.366113e+000 1.068981e+000 3.956826e-001 3.358212e-001 5.473015e-001 1.014561e+000 3.948507e-001 -2.880665e-001 -5.316571e-001 -2.662205e-002 5.440896e-001 
6.727275e-001 2.324591e+001 -4.746918e+000 8.546056e-001 1.812579e+000 -1.328836e+000 -6.254166e+000 -1.686679e+000 1.184700e+000 -5.521799e+000 -3.647263e+000 3.638581e-001 3.542756e-001 -5.857861e-001 9.054325e-001 -1.204239e+000 -2.206693e+000 3.354645e-001 1.346942e-001 -1.938117e+000 -1.745624e+000 -1.965553e-002 -1.790363e+000 -1.609331e+000 1.141265e+000 2.086847e-001 1.156172e-001 7.852873e-001 1.747142e-001 4.739200e-001 1.395634e+000 5.054775e-001 -6.705567e-001 -5.800427e-001 -4.789851e-001 3.884092e-002 
3.209456e+000 2.227085e+001 -4.902932e+000 2.213303e+000 1.927534e+000 1.065335e-001 -6.314935e+000 -3.239900e+000 1.609005e+000 -4.639145e+000 -2.577751e+000 1.014164e+000 9.272922e-001 -1.297446e+000 1.087192e+000 -9.461000e-003 -2.181498e+000 1.418868e+000 4.569932e-002 -2.835267e+000 -5.415502e-001 8.188468e-001 -1.338923e+000 -1.810828e+000 8.298022e-001 -1.701652e-001 -3.323888e-001 1.862199e+000 9.869140e-001 6.883658e-001 1.566085e+000 3.013635e-001 -1.295367e+000 -5.326627e-001 6.189386e-001 -4.488615e-001 
