6.063581 2.409502 -9.026829 14.016099999999998 -10.24662 2.562106 -3.520132 -1.7947989999999998 0.6416833 -5.769080000000001 0.5238437 -3.3884529999999993 1.7944270000000002 0.4138413 0.349286 1.4292809999999998 -1.9018390000000003 -0.9843935999999999 -3.00253 -1.089615 -1.0550809999999997 -0.6714684000000001 -0.1482599 -0.025884430000000007 1.3504380000000002 -0.8764722999999999 0.2978722999999999 -1.2148769999999998 -1.4365760000000003 -0.8421287 -0.8642494000000001 0.5705923999999999 0.5936889 1.7853720000000002 0.18321689999999996 0.8579651999999999 
6.250128 3.006715 -8.851168 13.21651 -9.771111 2.730992 -3.1952199999999995 -1.5679979999999998 1.031022 -5.360112999999999 0.04726274 -2.6683920000000003 3.011875 0.8495540999999999 0.7435460000000002 0.9141795999999999 -2.337173 -0.6881946 -2.233585 -0.527418 -0.9694421000000001 0.03681707 -0.2757264 -0.12033610000000003 0.9733834000000001 -1.1532090000000002 0.8311968 -1.2359159999999998 -0.9584921 -0.5275153 -0.5435703 0.9385867 0.10299100000000003 1.5682860000000003 0.27360460000000003 0.9612993000000001 
6.016524 3.9072050000000003 -10.126670000000003 13.89608 -9.709531999999998 1.916817 -3.865735999999999 -2.31602 1.787514 -4.843373 0.4790321999999999 -3.5482039999999992 2.065723 -0.30139389999999994 0.6543144 0.8316556000000002 -2.390566 -0.6061858999999999 -2.300715 -0.4267371 -1.6314019999999998 -0.3929717 -0.3723702 -0.1535202 1.8086850000000003 -1.377294 0.3621384 -1.697932 -0.7854815999999999 -0.43134339999999993 -1.153151 0.9002290999999999 -0.07125701 1.183466 0.2881859 1.460393 
5.11789 2.698117 -9.843209 14.551140000000002 -10.745059999999999 1.126486 -3.393386 -1.580712 1.9681320000000002 -4.454052 0.9086435999999998 -3.6522970000000003 1.6096090000000003 -0.788304 -0.11244010000000002 1.208925 -2.065622 -0.1326707 -2.072468 -0.8947925999999999 -0.8885061 -0.37909410000000004 -0.6400474000000002 0.4803161 2.114791 -0.9421622999999999 0.1523031 -1.633663 -1.054519 -0.20536709999999997 -1.046144 0.4086018 -0.1059888 1.100004 0.3175062 1.204525 
5.130191 2.371382 -11.375159999999997 12.887510000000002 -10.90011 2.044449 -3.1169289999999994 -1.8670410000000002 3.2508179999999998 -3.7683749999999994 1.057171 -2.7461510000000002 2.431614 1.083755 0.07771415 0.9901017999999999 -1.519609 -0.1114792 -1.9702440000000006 -1.4870459999999999 -1.299869 -0.11794190000000002 0.4282881 1.036567 1.7651939999999997 -0.118873 1.5179 -1.4019720000000002 -1.176137 -0.4005732000000001 -0.9876693999999999 0.2652592 -0.16700080000000003 1.104883 0.3296318 1.06001 
2.8188950000000004 2.577799 -11.875150000000001 12.848529999999998 -11.488240000000001 0.7419817000000001 -2.8432430000000006 -2.6656219999999995 2.218195 -5.231163 1.4420129999999998 -2.9736970000000005 3.2588599999999994 1.209567 0.8915328999999999 1.4440100000000002 -2.811163 0.2958599 -1.913696 -0.4780224999999999 -1.438722 -0.1782823 1.075363 0.8513890000000001 1.7469389999999998 -0.8241398000000001 0.8995093 -1.1007359999999997 -0.5592311 -0.39294170000000006 -1.4212279999999997 0.1838556 -0.24793510000000002 1.547661 -0.2709328 0.8542801000000002 
1.5073799999999997 1.5503180000000003 -11.058049999999998 13.00935 -10.704139999999999 0.1349121 -2.346899 -2.8772720000000005 1.3853539999999998 -4.13873 2.0738349999999994 -1.8181429999999996 2.187469 0.8279397 1.2160709999999997 2.4322319999999995 -0.9586226 0.19432699999999997 -0.6635633 0.48060170000000013 -0.519343 -0.3420562 0.1541363 1.3360249999999998 1.721923 -1.234269 0.6958596000000001 -0.8892759999999998 -1.319025 -0.918913 -0.7547011 0.48794769999999993 -0.311833 1.4107059999999998 0.1265708 0.7472545999999999 
1.9846769999999998 5.528941 -10.0054 12.88382 -9.084915 1.3059390000000002 -1.6316190000000002 -1.438454 1.6536690000000003 -5.945731000000001 0.7347025 -2.7580789999999995 1.076161 0.9276302000000001 0.2017613 1.4810289999999997 -1.67004 -0.5924041999999999 -1.6378699999999997 -1.2273440000000002 -0.6138021 -0.24695139999999996 0.18747240000000004 0.9698630999999998 0.9895322000000001 -0.8083660000000001 0.5778133 -0.6831550000000001 -0.748336 -0.3462163 -0.35551060000000007 0.2054189 -0.03695934 1.198548 1.093472 1.304937 
1.6306639999999997 7.03658 -8.822784 13.14999 -8.224022 0.49823750000000006 -0.09630056 -0.4059184 2.7719400000000003 -5.42017 -0.4276495000000001 -2.925818 1.159898 -0.5794192000000001 -0.123695 0.6419929 -2.3700049999999995 -0.3476719 -1.3588520000000002 -0.5418293 -0.9072977 -1.145887 -0.5405316 -0.2727085 0.25868 -1.3354079999999997 -0.33855609999999997 -0.6072447 -0.4159085 0.4388231 -0.3526977 -0.0052714680000000005 -0.5222002999999998 0.6015311 0.4386568 0.9330423000000001 
2.9474890000000005 7.436045 -8.452281 12.200680000000002 -5.376247 -0.4854262999999999 -1.0743220000000002 -0.5359976 2.504464 -4.743002 -1.6040139999999998 -2.6977830000000003 -0.295024 -1.243136 -0.7291437 1.2086620000000001 -1.3651560000000003 -0.4715364000000001 -0.9085105000000001 -0.03804415 0.09920242999999998 -1.211022 -0.6301420000000001 -0.3348133999999999 -0.7472842000000001 -1.685371 0.28283529999999996 -0.3328701 -0.8682464999999999 -0.0053509149999999995 -0.394417 -0.41351970000000005 -0.3878075 0.39392499999999997 0.21796860000000004 0.4673227 
3.447408 11.62583 -8.094859999999999 13.587540000000002 -6.290138 -1.321623 -3.4560719999999994 -2.261287 2.8225310000000006 -6.581974000000001 -0.6096865 -3.654662000000001 0.9786913999999999 -0.9374573 -0.7184787999999999 2.244363 -1.541182 -0.50626 -1.651636 0.5300857 -0.6183511 -0.8350596 0.36224709999999993 -0.36652180000000006 -0.5018016 -2.201037 0.5777642 -0.7506073999999999 -1.0644279999999997 -0.22221479999999996 -0.9179114999999999 -0.564934 -0.8674147000000001 0.8628375000000001 0.1371033 0.42016609999999993 
6.844019000000001 11.8677 -5.559392000000001 9.890594 -4.6207959999999995 -1.9310360000000002 -4.0229539999999995 -1.3635769999999998 3.3363769999999997 -5.922888999999999 -3.0060530000000005 -1.9709229999999995 -0.8128488999999999 -1.450799 -1.7592250000000003 2.308266 -0.4376744000000001 0.008869754 0.24607780000000007 -0.9942856999999999 -0.6350948 -1.7531040000000002 0.04082363 0.18564620000000004 -0.7644459 -1.009323 -0.3014436 -0.10251500000000001 -1.7278269999999998 -0.3982166999999999 -0.5775839 -0.9603703 0.1975452 0.06916929 0.8498682999999999 0.38328419999999996 
9.00334 14.82642 -6.972262 10.50262 -4.385756 -2.4199419999999994 -4.140216 -2.314119 3.662599 -5.9307099999999995 -3.433298999999999 -2.709728 -1.6051040000000003 -0.9727372 -0.7370016 3.293067 -0.8065864000000003 -0.1299993 0.5456906 -1.736404 -1.3777030000000001 -2.135377 0.7526694999999999 0.2433721 -0.5037392 -0.5724792 -0.8600589999999999 0.08892995000000001 -2.092435 -1.0733309999999998 -0.9707859 -0.7144931999999999 1.128132 -0.01222513 1.366523 0.6943167 
13.338880000000001 13.529520000000002 -4.655054 7.071917999999998 -2.8455930000000005 -2.4491720000000003 -4.824190000000001 -2.336544 2.863443 -5.413268000000001 -4.914529000000001 -3.3457399999999997 -1.203042 0.6714187999999999 0.521554 2.8514820000000003 -1.312609 -1.7152080000000003 -0.06833982 -1.7500339999999999 -0.6130851 -0.9833695000000001 -0.08033091999999999 0.3891106 -0.6655401 -0.4752055 -0.3714754 -0.8731052999999999 -2.1654650000000006 -1.171411 -0.7372214 -0.5847236000000001 0.8027162 0.4912332 0.977633 1.017422 
10.04081 19.26316 -10.52241 8.739353 -3.8008589999999995 -1.064786 -4.02684 -4.336205 2.9112429999999994 -8.018158 -4.358525 -3.0616589999999997 0.573001 1.819077 -0.5309608 1.8489070000000003 -2.608183 -1.3235849999999998 -0.4090004 -2.6995499999999995 -0.31838459999999996 -1.224888 0.6138957 0.24091909999999997 -0.5719908 -0.19513430000000004 -1.258697 -0.8998287000000003 -2.186382 -0.8304453 -1.051044 -0.6774228 1.4022629999999998 0.3860744 1.206634 0.24818619999999997 
12.36586 15.321240000000001 -8.287822 6.91955 -1.277704 0.7186716999999999 -3.4459510000000004 -4.402441 0.34270429999999996 -6.780231 -4.3575930000000005 -1.4689879999999997 2.000753 1.769465 -1.283819 0.9071939000000001 -2.167575 -1.3632600000000001 -0.01213807 -1.4885339999999998 -0.6502102 -1.307469 0.38184180000000006 0.1780737 -0.344084 -0.2184325 -0.9275871000000001 -1.075894 -2.0907839999999998 -0.3811772 -0.7654608 -0.546249 1.5200829999999999 0.5516004 0.9775596000000001 0.05010272999999999 
12.625259999999999 14.288259999999998 -7.112566 5.626939 -0.5944808999999999 1.594049 -4.000692999999999 -5.153558 0.6229193 -5.186236999999999 -3.8886530000000006 -1.6636559999999998 0.9213722000000002 0.5057351 -1.6509920000000002 1.251315 -0.7031311000000001 -0.5122496 -0.2340898 -1.880471 -1.326888 -1.502169 0.7740431 0.5486562 -0.8144324999999999 -0.8366523 -0.7382229000000001 -0.6271858 -1.6599400000000002 -0.17200339999999997 -0.8167308000000001 -1.064247 1.21466 1.049479 1.3659099999999997 0.40400569999999997 
18.07742 8.777693999999999 -4.263617 5.5856259999999995 -2.045109 1.8206469999999997 -4.269758 -3.9202520000000005 -0.5963727 -4.347835 -2.44952 -2.553009 0.3693221 0.4698028 -1.7782960000000005 1.0676950000000003 0.10625830000000001 -0.6858958 -0.06754019 -0.9001151 -0.8170569 -0.4748096 -0.09133462999999999 0.1688942 -0.536565 -1.377072 -0.1155256 -0.1641288 -0.9526865999999999 0.2544913 -0.06963387 -0.42911609999999994 0.5439214 0.5760285 -0.006102515000000001 -0.5816821 
10.60648 1.5779309999999998 -6.122878999999999 9.927742 -8.073989 1.8442930000000002 -1.8666890000000005 -0.5889106000000001 2.0355190000000003 -4.033119 0.11125629999999999 -2.4549540000000003 0.1971925 -0.2178548 -0.1464139 2.1282980000000005 -1.101885 -0.8124827000000001 -1.434641 -0.7302581999999999 -0.5937399 -0.6509434 -0.389075 -0.01023523 0.6304626 -1.065908 0.21476460000000003 -0.1617141 -0.8375323000000001 -0.3004204 -0.24661020000000006 0.4672188999999999 0.5769209000000001 1.070989 0.4709615 0.8593566 
6.8366060000000015 3.119768 -7.071125000000001 11.83981 -10.33311 1.791938 -2.6376309999999994 -1.064529 1.5540450000000001 -4.565482 -0.8803818000000001 -5.147949 -0.5055747999999999 -0.6857612 0.6569596999999999 2.6756160000000007 -0.23152020000000004 0.9154919 -1.2158490000000002 -0.3481991 -0.7532598999999999 -0.4855011 -0.4368914999999999 -0.10757269999999998 0.8301512999999999 -1.3808170000000002 0.33857660000000006 -0.9195567000000001 -1.013503 -0.6844444999999999 -0.7891486 0.4506161999999999 -0.08782128 1.3022 0.5157385 1.099531 
7.230092999999998 1.6999700000000002 -8.076234999999999 10.748369999999998 -9.468328 2.330455 -2.153617 -1.465205 1.1998750000000002 -4.381393 -1.313928 -4.747262 -0.04075745 -0.5046759 0.408916 1.6315919999999997 -0.6386278 0.9893682999999999 -1.115825 -0.4940946 -1.16645 -0.5053856 -0.7318942 -0.663465 0.6709180999999999 -0.8687905999999999 0.649352 -1.7265410000000005 -1.4651049999999999 -0.5140772 -0.8460590000000001 0.5319973 0.04383209999999999 1.321346 0.34289719999999996 0.7753075999999999 
4.163562 1.8824830000000001 -12.137 12.047070000000001 -11.469390000000002 1.7808550000000003 -3.1679430000000006 -1.017213 2.54923 -4.269624999999999 0.6956903 -4.689781 0.7737531 -0.7836116 -0.07643903 0.7637707000000001 -1.208 0.538442 -1.7948319999999998 -1.4752089999999998 -2.0056669999999994 -0.5871022 -0.7764634 -0.3243443 1.0018709999999997 -0.7868239 1.13642 -1.3791709999999997 -0.9273274000000001 -0.2925499999999999 -1.0174769999999997 0.46851859999999995 0.2517922000000001 1.314976 -0.4055719 0.8710724 
6.386612999999999 0.2649341 -9.545971 10.488730000000002 -9.969958 1.3772020000000003 -1.542031 -1.220821 2.140673 -3.8596560000000006 -0.3482315 -2.9149199999999995 1.6987369999999997 1.679366 0.8448799000000002 1.986015 -1.5661229999999997 -1.301399 -2.2182789999999994 -1.318303 -0.9456122999999999 -0.606917 -0.2877692 0.40765109999999993 1.074209 -0.39155540000000005 0.7372541999999999 -1.1919059999999997 -1.5082450000000003 -0.6836386 -0.9024788 0.3235652 0.6208964999999999 1.318315 0.39738510000000005 0.9672710000000001 
5.818165 5.447374 -10.81197 11.495720000000002 -11.41863 0.4077742999999999 -2.20148 -3.1485489999999996 2.063463 -5.38642 -0.5171672000000002 -4.0763430000000005 1.397678 1.36224 -0.15875189999999997 1.799182 -1.695067 0.26416180000000006 -0.7160411 -0.5832205999999999 0.2176658 -0.9315528999999999 0.1416148 0.6733219999999999 0.3275488 -0.9307366000000001 -0.2383241 -1.353826 -1.412758 -0.38098229999999994 -0.8802358999999998 -0.19765309999999997 0.1883496 0.8814542000000001 0.5077785 0.5048944 
5.181522 5.770232999999999 -10.967979999999999 11.830110000000001 -11.4165 0.02836189 -2.519382 -2.9490319999999994 1.426109 -5.392524000000001 -0.7289124 -4.191792 1.669509 1.016996 0.773377 2.3852690000000005 -0.9696803000000002 0.2562704 -1.147761 -0.47999869999999994 -0.19714809999999997 -0.5076896 0.23346709999999998 0.8135805000000003 1.2631250000000003 -0.7746367000000001 0.3472339 -0.6627114 -1.519468 -1.000319 -0.9308598000000001 0.3005613 0.3007169 1.4595160000000003 0.7454964 0.7723857 
3.545606 6.652068 -10.38639 12.540580000000002 -10.41222 0.7907633 -2.4764130000000004 -2.9021870000000005 2.230157 -5.931942 0.7096332 -3.719473999999999 0.8861540999999998 0.5347048 0.5193003000000002 2.0778320000000003 -1.597689 -0.33248079999999997 -1.879372 -0.7085125000000001 -0.39873890000000006 -0.2498989 0.0026506560000000004 0.46365010000000006 0.7468772 -1.4365450000000002 0.6279949 -1.16028 -1.1665589999999997 -0.1859035 -0.9203887999999998 0.2987241 -0.1412226 1.134851 0.9793779999999999 1.3765409999999998 
2.6741029999999997 6.237977 -9.917568000000001 11.8258 -6.99248 1.858138 -1.293094 -1.583838 2.9664180000000004 -4.1473450000000005 0.06619163 -2.777481 0.2552554 -0.36143629999999993 -1.190084 1.283766 -1.7482760000000002 -1.4833680000000002 -2.217113 -1.2702229999999999 -0.6189660999999999 -1.316743 -0.022867649999999996 -0.3205183 0.21302630000000006 -1.232442 -0.5210924 -0.08215660000000001 -0.6521599 0.1982855 -0.04264536000000001 0.04327761000000001 0.3352878000000001 0.38511350000000005 0.8610018999999999 0.9214433 
2.9578519999999995 8.597519 -11.154889999999998 13.116379999999996 -7.432983999999999 1.4443040000000003 -1.164871 -2.187496 3.3747940000000005 -6.17266 0.3949405000000001 -3.563405 1.362458 -0.48465570000000013 -0.9510965000000001 1.153785 -2.796871 -0.5528754 -1.8146179999999998 -0.39627219999999996 -1.071976 -0.7091788 -0.01886315 -0.07215114 0.9309876 -1.78449 0.1506185 -0.7417173000000001 -1.191922 -0.5025167 -1.016667 -0.06036715999999999 -0.08130908000000002 0.9762024 0.47404499999999994 0.9633839999999998 
5.541804 11.595240000000002 -10.051990000000002 11.90781 -7.653705000000001 -0.10221230000000002 -2.3116750000000006 -2.93627 3.362486 -6.276246 -0.873253 -2.704483 1.6087070000000003 -0.49906719999999993 -1.004094 2.489734 -2.451561 -0.9399157999999999 -0.8777021000000003 -0.2611979 0.23787460000000002 -1.0295120000000002 -0.1618414 -0.2436688 -0.3903878 -0.7754054999999999 0.5137893 -0.7310533 -1.6434870000000001 -0.5344622 -0.8543672999999999 -0.1472439 -0.10291399999999998 0.1443877 0.23013989999999998 -0.1258662 
6.637385000000001 11.984480000000001 -7.4156759999999995 10.65399 -6.801156 -0.7545886 -3.1568420000000006 -1.245016 3.330175 -5.970954 -2.642248 -3.072651 0.5182219999999998 -1.194502 -0.9792782999999999 2.349313 -1.6777909999999996 -0.4981711999999999 0.01219062 0.08924153 -0.4189911 -1.10365 -0.23310420000000004 -0.42486619999999997 -0.5780406 -1.265357 0.3211613 -0.5391757 -1.6009139999999997 -0.9356609000000001 -1.080685 -0.04258281 0.04088945 0.38479699999999994 0.4070413999999999 0.35658989999999996 
9.365537000000002 13.76849 -7.387481 11.01849 -5.6881070000000005 -2.104436 -5.094988 -1.934445 3.0092360000000005 -5.852342 -2.647771 -3.6617919999999993 -0.33062220000000003 -1.4884009999999999 -0.8295598999999998 3.2889589999999993 -1.01611 -0.1350234 0.02955247 -1.0810379999999997 -1.316585 -1.6901119999999996 0.2078868 -0.11222580000000001 -0.11220260000000001 -0.9719487000000002 -0.17494030000000002 -0.4970401 -2.136825 -0.9328597 -0.47986340000000005 -0.5744832999999999 -0.14656690000000003 0.3799024 1.114072 0.9853167999999999 
12.387209999999998 13.681070000000002 -6.148809999999999 8.799977 -4.632901 -1.45861 -4.849519999999999 -2.017759 2.654157 -5.299533 -4.21837 -3.876724 -0.8598818999999998 -0.4911621 0.7889062 2.7840929999999995 -1.300428 -0.5563781 -0.287645 -1.226345 -1.3365019999999999 -1.353114 -0.03872063 0.32977839999999997 -0.2532642 -0.9157541 -0.2713743 -1.053285 -1.684388 -1.123919 -0.9573774999999999 -0.3427311 0.16346440000000004 0.6822162 0.8726596999999999 1.35403 
10.55418 17.699749999999998 -10.927710000000001 10.19146 -5.465400000000001 0.5680537 -4.600378 -3.838434 3.286977 -7.984426 -3.302038 -5.714226 1.36003 0.11205330000000001 0.8094532 2.406094 -2.775209 -0.45185470000000005 -2.076418 -0.8134173000000001 -1.749053 -0.634954 0.3380321 -0.3789235 0.5437306 -1.3753860000000002 0.3255075 -2.263863 -1.770785 -0.7724585 -1.34753 0.1363445 -0.2894077 1.4938330000000002 0.5522144999999999 1.6310959999999999 
13.13816 14.66654 -7.70733 6.330914 -3.2559460000000007 0.27052079999999995 -3.8136529999999995 -3.372201 1.6188870000000004 -6.818274000000001 -4.360021 -2.46212 0.5693238000000002 1.323129 -0.913196 1.1249579999999997 -1.683292 -0.6161721 -0.2636186 -1.7740349999999998 -0.8605558000000001 -1.760579 0.04973786000000001 0.023007379999999997 0.09076216000000001 0.21826030000000002 -0.7593813000000001 -1.0728349999999998 -2.504709 -0.7376205000000001 -1.087593 -0.6672807 1.7210219999999998 0.7805459 1.2028990000000002 0.2575856 
9.985886 17.48801 -10.01499 8.855619000000003 -3.514433 1.8346660000000001 -3.716928 -5.737307 1.4133080000000002 -6.850993000000001 -2.106511 -3.210289 1.6462269999999999 1.2905940000000002 -2.2078899999999995 1.762938 -1.216862 -0.5062617 -0.6527950000000001 -1.925416 -1.0720279999999998 -2.040405 1.304488 0.5411222000000001 -0.2272257 -0.42607680000000003 -1.3438820000000002 -0.7957213999999999 -1.9742680000000001 -0.04200789 -0.6051288 -0.7772701 1.13807 0.7130726999999999 1.6108790000000002 0.08011995 
