-3.298172e+000 1.188240e+001 -6.813892e+000 1.876845e+000 -9.823659e-001 4.147345e-001 -1.327783e+000 -2.345527e+000 3.344606e+000 -1.983108e+000 -2.883256e+000 -7.351508e-001 -1.992022e-001 -2.229020e-001 6.403221e-001 -1.597284e-001 -9.114940e-001 -7.936540e-001 2.773131e-002 -1.035117e+000 -1.814206e+000 6.906287e-002 -5.309520e-001 1.607711e-002 
-2.321298e-001 1.582593e+001 -1.086580e+001 6.229194e-001 -4.083374e-001 6.074834e-002 1.869630e+000 -4.582950e+000 1.241397e+000 -3.334505e+000 -2.709766e+000 7.662455e-002 -1.854318e+000 -9.235208e-001 -1.974151e+000 -1.473973e+000 3.286256e-001 -1.065724e+000 7.165671e-001 -7.179409e-001 -9.783919e-001 9.788573e-001 -7.172684e-001 7.464440e-001 
5.006993e+000 1.537500e+001 -1.176638e+001 -1.931170e-001 -7.884430e-001 1.506815e+000 -3.656604e-001 -4.698408e+000 -2.304941e-001 -3.370509e+000 -2.468348e+000 -1.307945e+000 -1.053959e+000 -2.633321e+000 -2.391484e+000 -8.769409e-001 -7.249768e-001 -3.996729e-001 4.457173e-002 -8.028578e-001 -5.679766e-001 8.491312e-002 -3.278608e-001 9.593972e-001 
8.475735e+000 1.350621e+001 -1.189693e+001 -1.131622e-001 -3.938853e-001 1.532464e+000 -5.217335e-001 -4.407126e+000 -1.233954e+000 -2.885073e+000 -2.969840e+000 -1.751099e+000 -1.394494e+000 -2.891428e+000 -2.938493e+000 -8.435197e-001 -7.394894e-001 -6.264818e-001 1.195402e-001 -5.388708e-001 -3.664542e-001 5.801719e-002 4.632895e-002 5.821655e-001 
1.076481e+001 1.282575e+001 -1.218494e+001 -5.489052e-002 7.162117e-001 1.019622e+000 -6.274040e-001 -3.859897e+000 -1.800349e+000 -2.667868e+000 -2.789807e+000 -1.602014e+000 -1.518671e+000 -3.218532e+000 -2.599889e+000 -1.054931e+000 -7.989230e-001 4.523375e-002 -1.952391e-001 -5.165516e-001 2.245088e-001 -1.823623e-001 -2.302678e-001 7.217840e-001 
1.153577e+001 1.264122e+001 -1.355447e+001 6.250026e-001 3.216249e-001 1.170963e+000 -4.275072e-001 -3.179404e+000 -1.996028e+000 -2.827667e+000 -2.328542e+000 -1.931207e+000 -1.427581e+000 -3.498362e+000 -2.703914e+000 -9.699595e-001 -9.601477e-001 1.928765e-001 -2.123843e-001 -3.865110e-001 5.574301e-001 -1.325271e-001 -3.026314e-001 8.360905e-001 
1.281730e+001 1.186162e+001 -1.303888e+001 8.013341e-001 4.599996e-001 1.181286e+000 -6.457917e-001 -2.836991e+000 -1.277427e+000 -2.905958e+000 -2.273472e+000 -1.740969e+000 -1.168911e+000 -2.654687e+000 -2.834705e+000 -9.365859e-001 -3.973284e-001 -2.746766e-001 -4.304974e-001 -5.320541e-002 2.277082e-001 -9.901517e-002 1.444473e-001 6.136513e-001 
1.112341e+001 1.335504e+001 -1.488997e+001 3.003294e+000 -1.171607e+000 1.371922e+000 -1.545519e+000 -3.623196e+000 -1.128231e-001 -3.463179e+000 -1.673527e+000 -2.659013e+000 -4.432979e-001 -2.742804e+000 -2.750515e+000 -1.093613e+000 -1.327272e-001 -5.160636e-001 -7.797287e-001 5.197718e-001 -5.407979e-001 -2.383848e-001 2.394888e-001 5.085909e-001 
1.241915e+001 1.077982e+001 -1.337250e+001 1.161265e+000 -4.336508e-001 1.006729e+000 -2.386294e+000 -3.800978e+000 -1.204972e+000 -2.838589e+000 -2.769184e+000 -2.546743e+000 -6.253734e-001 -2.624591e+000 -2.906357e+000 -1.121593e+000 -8.291966e-001 -8.337871e-001 -7.420390e-001 6.408475e-002 -5.533184e-001 -3.908443e-001 1.701669e-001 4.778489e-001 
1.125166e+001 1.336263e+001 -1.511203e+001 2.623484e+000 -1.538778e+000 1.526999e+000 -2.747300e+000 -3.786105e+000 -2.841341e-001 -3.116665e+000 -1.305718e+000 -3.258198e+000 3.544695e-001 -3.218073e+000 -2.158971e+000 -1.185162e+000 -6.412870e-001 -3.062110e-001 -1.098425e+000 6.734974e-001 -1.110524e+000 1.996328e-001 -1.974938e-001 6.396736e-001 
1.173700e+001 1.424598e+001 -1.491625e+001 2.406503e+000 -7.579740e-001 5.790769e-001 -1.451488e+000 -3.792333e+000 -2.590515e-002 -3.016127e+000 -1.968494e+000 -2.135865e+000 -1.089534e+000 -1.974082e+000 -3.012825e+000 -1.128652e+000 -3.393524e-001 -5.842280e-001 -4.953737e-001 3.359922e-001 -3.160784e-001 -3.894258e-001 1.596903e-001 2.631993e-001 
1.181820e+001 1.417790e+001 -1.498475e+001 2.161326e+000 -4.845460e-001 2.082594e+000 -1.606027e+000 -3.176418e+000 -5.555312e-001 -3.355551e+000 -6.835405e-001 -2.672800e+000 -1.048559e+000 -2.802392e+000 -2.540901e+000 -1.159656e+000 -6.248749e-001 5.405307e-001 -5.291098e-001 7.608754e-002 1.961582e-001 -1.389175e-001 -4.595308e-002 5.625007e-001 
1.320388e+001 1.201494e+001 -1.356587e+001 1.030982e-001 -2.782158e-001 2.293981e+000 -1.082973e+000 -4.295638e+000 -8.740251e-001 -3.186429e+000 -2.238897e+000 -1.820672e+000 -2.224100e+000 -2.968102e+000 -2.838263e+000 -1.042264e+000 -5.485157e-001 9.527385e-002 -4.089380e-001 -3.017230e-001 2.727211e-001 -3.145632e-001 3.062602e-001 2.589527e-001 
1.530401e+001 1.281525e+001 -1.081852e+001 -4.923742e-001 1.115659e+000 3.380077e+000 -8.140781e-001 -3.007900e+000 6.441202e-002 -2.018641e+000 -1.288203e+000 -3.994702e-001 -8.878348e-001 -2.052314e+000 -1.968982e+000 -2.382957e-001 1.310190e-001 3.958890e-001 4.332879e-002 3.261262e-001 2.073100e-001 -1.806172e-001 5.654641e-001 -4.552850e-002 
5.905528e+000 1.162669e+001 -6.795427e+000 -1.539827e+000 1.317080e+000 1.960530e+000 -1.293191e+000 -1.995930e+000 8.979352e-001 -1.543878e+000 -1.673524e+000 1.629140e-001 -3.050878e-001 -4.305929e-001 -3.908289e-002 4.069279e-001 2.559664e-001 -1.918326e-001 -4.630348e-001 -8.468841e-001 -4.839124e-001 -3.490021e-001 -3.587452e-001 2.455845e-001 
1.264817e+000 1.279831e+001 -9.191230e+000 6.892878e-001 -1.547608e+000 8.338542e-001 -1.221811e+000 -1.611299e+000 2.078736e+000 -3.410730e+000 -1.950840e+000 -9.964561e-001 -5.081362e-001 -5.479678e-001 -1.192931e+000 -6.332885e-001 3.247187e-001 -5.175531e-001 -4.851809e-001 -6.337874e-001 -9.118334e-001 3.808889e-001 -6.850716e-001 4.018294e-001 
3.523763e+000 1.601535e+001 -1.197932e+001 -2.086287e-001 -1.658979e+000 8.279015e-001 4.832509e-001 -3.765311e+000 1.664180e+000 -3.713044e+000 -2.696120e+000 -1.030054e+000 -1.929347e+000 -2.550724e+000 -2.161438e+000 -5.660192e-001 -1.245602e-001 -6.251063e-001 2.477095e-001 -9.060950e-001 -1.189632e+000 8.315623e-001 -5.151286e-001 8.877168e-001 
7.800283e+000 1.464980e+001 -1.103623e+001 -8.988876e-001 -4.122662e-001 1.429132e+000 -6.317930e-002 -3.580723e+000 -3.764871e-001 -2.090902e+000 -2.952991e+000 -1.568317e+000 -1.451647e+000 -2.940970e+000 -2.591911e+000 -2.254633e-001 -3.668296e-001 -5.912288e-001 2.476639e-001 -6.191945e-001 -5.761272e-001 1.510906e-001 3.305569e-001 7.829704e-001 
8.240270e+000 1.602015e+001 -1.360046e+001 1.267787e+000 -9.229219e-001 1.922497e+000 -3.241080e-001 -3.708193e+000 -2.876203e-001 -3.260767e+000 -1.823592e+000 -2.392192e+000 -1.122662e+000 -3.270745e+000 -2.166943e+000 -6.099972e-001 -6.948698e-001 1.017527e-001 -1.914385e-001 -1.771018e-001 -5.493471e-001 4.538641e-001 -2.422451e-001 7.678744e-001 
1.212933e+001 1.119367e+001 -1.149164e+001 -9.322098e-001 7.768679e-001 8.147292e-001 -5.729305e-001 -3.450582e+000 -2.147042e+000 -2.722715e+000 -2.434829e+000 -1.602818e+000 -1.926723e+000 -2.894649e+000 -2.494412e+000 -8.881753e-001 -5.018851e-001 -7.931925e-002 -1.019988e-001 -6.571419e-001 1.003357e-001 -8.282795e-002 -3.399409e-001 8.005986e-001 
1.084276e+001 1.375611e+001 -1.450623e+001 1.646930e+000 -4.988593e-001 1.349172e+000 -8.489083e-001 -3.390237e+000 -1.302897e+000 -3.507818e+000 -1.821440e+000 -2.297332e+000 -1.219201e+000 -2.965799e+000 -2.719261e+000 -1.120013e+000 -4.913847e-001 -5.691521e-002 -5.067762e-001 -3.405674e-001 9.900844e-002 -2.727327e-002 -3.857502e-001 6.499201e-001 
1.124954e+001 1.231340e+001 -1.409355e+001 1.662484e+000 -4.422504e-001 8.400435e-001 -9.956895e-001 -3.212622e+000 -7.588399e-001 -3.347305e+000 -2.290267e+000 -2.215974e+000 -1.288702e+000 -2.019208e+000 -2.909173e+000 -1.078661e+000 -1.976684e-001 -5.050074e-001 -5.433548e-001 2.937832e-001 -2.264723e-001 -4.955966e-001 1.764276e-001 2.505828e-001 
1.076825e+001 1.302242e+001 -1.487779e+001 2.155494e+000 -1.099361e+000 5.326619e-001 -2.003132e+000 -3.922041e+000 -7.422567e-001 -3.252868e+000 -2.203966e+000 -2.667497e+000 -7.411291e-001 -2.508477e+000 -2.910935e+000 -9.378640e-001 -5.198468e-001 -6.296513e-001 -8.097868e-001 9.741374e-002 -8.070849e-001 -5.489126e-001 7.489667e-002 2.994475e-001 
1.130791e+001 1.222480e+001 -1.403107e+001 1.729234e+000 -6.490449e-001 7.547475e-001 -2.157148e+000 -3.880776e+000 -3.140755e-001 -2.395437e+000 -2.206676e+000 -2.537939e+000 -5.255981e-001 -2.215577e+000 -2.735295e+000 -4.101653e-001 -7.253739e-001 -6.260095e-001 -5.783413e-001 -1.231163e-001 -4.084865e-001 -4.826269e-001 4.048949e-001 2.841709e-001 
1.114081e+001 1.416112e+001 -1.527100e+001 2.160315e+000 -1.099828e+000 3.456321e-001 -1.208112e+000 -4.336115e+000 3.598301e-003 -3.368744e+000 -1.487461e+000 -2.466017e+000 -1.086315e+000 -1.829321e+000 -3.339817e+000 -5.544835e-001 -4.892228e-001 -5.805614e-001 -6.302606e-001 -3.569760e-001 -3.377459e-001 -5.799174e-001 4.356969e-001 3.293468e-001 
1.238081e+001 1.247970e+001 -1.389675e+001 4.368091e-001 -7.823136e-001 3.125978e-001 -1.865780e+000 -3.372737e+000 -1.394592e+000 -3.264312e+000 -1.649347e+000 -2.474053e+000 -1.571846e+000 -1.961781e+000 -2.710283e+000 -1.223723e+000 -6.373926e-001 -3.664596e-001 -7.672596e-001 -3.517471e-001 -1.062336e-001 -4.872294e-001 2.071802e-001 4.833925e-001 
1.337917e+001 1.179534e+001 -1.290804e+001 -1.078305e+000 2.775391e-001 1.284590e+000 -1.191635e+000 -3.680055e+000 -1.641149e+000 -2.748598e+000 -1.931953e+000 -1.663244e+000 -1.571468e+000 -2.295366e+000 -2.354711e+000 -1.047169e+000 -6.543256e-001 1.140635e-001 -7.205262e-001 -5.064443e-001 3.246441e-001 -3.183487e-001 4.156686e-001 2.384244e-001 
