9.637480e+000 1.329944e+001 -2.340160e+000 3.080881e+000 -2.982129e+000 4.139015e+000 -5.569540e+000 3.117704e-002 2.840288e-001 -1.473701e+000 -2.020663e+000 1.063207e-001 6.755529e-001 -4.713274e-001 1.068976e-001 -1.888663e+000 -2.009019e+000 -1.268816e+000 2.349707e-001 -8.926236e-001 -9.061963e-001 -1.525975e+000 -9.151221e-001 -9.151955e-001 -8.437647e-001 -6.218017e-001 1.232406e-001 -2.147631e-001 -7.659643e-001 1.430124e-001 4.925539e-001 5.820805e-001 9.630748e-002 3.240579e-001 3.017775e-001 4.268778e-001 
8.476242e+000 1.101316e+001 -4.669606e+000 3.759364e+000 -6.504465e+000 3.355133e+000 -7.275644e+000 8.653919e-001 -2.350636e-001 -2.361053e+000 -1.635821e+000 1.499402e+000 1.229797e+000 -6.655647e-001 1.019271e+000 -1.816378e+000 -1.643540e+000 -9.734906e-001 1.396557e+000 -7.200571e-001 -4.440152e-001 -1.754988e+000 -8.121321e-001 -6.703782e-001 -3.797296e-001 -3.798944e-001 -2.122002e-001 3.469072e-001 -8.000914e-001 -1.793359e-001 -3.926024e-001 -8.475382e-002 -2.768744e-001 4.264018e-001 3.781250e-001 5.034602e-001 
9.479561e+000 9.261464e+000 -4.993883e+000 3.303564e+000 -7.633957e+000 2.811461e+000 -7.794414e+000 -6.508760e-001 -1.257930e+000 -2.117821e+000 -2.681943e+000 -8.311296e-002 2.964740e-001 -9.135833e-001 5.822957e-001 -6.678386e-001 -1.466877e+000 -1.622764e+000 5.793108e-001 -1.178237e+000 -1.809532e-001 -1.205832e+000 -2.047666e-001 -8.942443e-001 -1.030700e+000 -7.515837e-001 -3.958590e-001 -1.199114e-001 -6.008987e-001 2.442304e-001 -1.526809e-001 3.232294e-001 -4.076803e-001 -1.016905e-001 6.256169e-001 7.066024e-001 
1.044324e+001 7.825049e+000 -6.206081e+000 4.504293e+000 -8.290938e+000 4.306649e+000 -7.309778e+000 5.308169e-001 -1.892188e+000 -2.019438e+000 -2.674386e+000 -1.537071e-001 5.785431e-001 -5.643180e-001 1.126773e+000 -8.522267e-001 -7.669971e-001 -1.002290e+000 9.445728e-001 -1.344224e+000 -3.853357e-002 -1.607104e+000 -5.360243e-001 -2.780902e-001 -1.049402e+000 -3.336580e-001 2.818764e-001 -1.706938e-001 -4.122739e-001 5.159647e-001 -3.868536e-001 1.914459e-001 4.201737e-001 4.376753e-001 4.312320e-001 5.766181e-001 
9.506002e+000 5.781903e+000 -6.507993e+000 2.788746e+000 -1.022664e+001 2.402890e+000 -8.075513e+000 9.305836e-001 -2.212694e+000 -2.145128e+000 -3.219131e+000 -1.501795e+000 4.334607e-002 2.756514e-001 9.016395e-001 -3.637737e-001 -2.621012e-001 -5.279079e-001 1.399429e+000 6.548980e-002 8.544440e-002 -1.562589e+000 3.942008e-001 7.009152e-002 -7.771299e-002 -6.681549e-001 -1.366367e-001 -1.564208e-001 4.938080e-002 4.931145e-001 -4.205272e-001 -1.790719e-001 2.956502e-001 5.627331e-002 1.884574e-001 7.624141e-001 
1.053239e+001 6.975766e+000 -6.801652e+000 4.888765e+000 -8.713376e+000 2.601556e+000 -7.866543e+000 1.763187e+000 -7.809833e-001 -2.714888e+000 -2.603466e+000 -1.148788e+000 2.814295e-001 3.936064e-002 1.272510e+000 -1.819070e-001 7.433067e-001 1.130805e-001 1.702332e+000 -8.729074e-002 1.152374e+000 -1.966256e+000 -5.450518e-001 5.826207e-001 -3.692102e-001 -6.121853e-001 -9.333461e-001 -2.359982e-001 -1.057247e+000 -1.001258e-001 2.692800e-003 -2.298087e-002 -7.882351e-001 -2.358222e-001 -3.698353e-001 8.200891e-001 
1.205029e+001 1.138824e+001 -4.837527e+000 5.279207e+000 -6.217887e+000 4.079228e+000 -5.404978e+000 1.158975e+000 -1.037806e+000 -3.334653e+000 -3.481091e+000 -1.460418e+000 -2.046319e-001 -1.151244e-001 8.214028e-001 -8.107393e-001 -7.796392e-001 -9.007677e-001 1.137893e+000 -7.966132e-001 -3.209348e-001 -2.130638e+000 3.293205e-001 3.655758e-001 1.561219e-001 -9.557307e-002 -2.892904e-001 -2.749668e-002 -4.965097e-001 4.976184e-001 -3.100713e-001 4.051505e-001 -2.479135e-001 1.891928e-001 -1.783658e-001 3.691756e-001 
1.619276e+001 1.623853e+001 -7.627701e+000 5.589171e+000 -2.921885e+000 3.237333e+000 -5.849296e+000 3.937356e-002 2.083641e-001 -4.205708e+000 -1.765044e+000 -9.894360e-001 1.310541e-001 -6.722282e-001 3.815706e-001 -1.161857e-001 -2.066927e+000 -1.801547e+000 1.807033e+000 -1.082885e+000 -2.065895e+000 -1.857254e+000 -3.780723e-001 -2.686584e-003 -8.827470e-001 -5.875213e-001 -4.050361e-002 5.814136e-001 -3.020467e-001 4.693245e-001 1.305807e-001 6.478733e-001 4.956324e-001 3.748864e-002 3.887660e-001 2.464373e-001 
2.006976e+001 1.874158e+001 -1.152941e+001 6.306627e+000 -5.393460e+000 2.055415e+000 -5.876439e+000 -5.390775e-001 9.082489e-001 -5.122639e+000 -5.695591e-001 -1.494178e+000 1.232011e+000 -4.533444e-001 -1.090072e-002 2.013942e-001 -3.237377e+000 -1.804212e+000 1.136318e+000 -9.964471e-001 -1.884014e+000 -9.844563e-001 -4.225693e-001 -1.669553e-001 -9.339603e-001 -1.700141e+000 2.674639e-001 -5.178306e-002 -4.321966e-001 6.498851e-001 2.952051e-001 1.137689e+000 6.239363e-001 6.226852e-001 4.066677e-001 7.470862e-001 
2.371970e+001 1.567061e+001 -9.239583e+000 3.754855e+000 -4.071383e+000 -1.853872e-001 -4.921906e+000 -6.174903e-001 8.218763e-001 -5.034029e+000 -1.491830e+000 -1.948978e-001 1.139678e+000 -2.570637e-001 -8.594392e-001 -3.141345e-001 -3.543696e+000 -2.170948e+000 5.192644e-001 -1.290121e+000 -9.484434e-001 1.765972e-001 -6.066883e-001 -2.379913e-001 -1.624736e+000 -1.177015e+000 -4.844868e-001 -2.437340e-001 -5.730030e-001 3.250480e-001 7.179563e-001 3.218515e-001 1.289350e+000 1.518711e-001 8.026933e-001 5.538364e-001 
2.706852e+001 1.171574e+001 -2.395326e+000 -6.886441e-002 5.346914e-003 -1.473503e+000 -1.828278e+000 1.116432e+000 1.281448e+000 -2.070083e+000 -1.079424e+000 7.727554e-001 1.204987e+000 1.790653e-001 3.287888e-001 5.950852e-002 -2.113508e+000 -6.010203e-001 9.968930e-001 -2.993184e-001 7.860895e-002 9.986179e-001 4.179471e-001 -5.752977e-001 -9.110354e-001 -4.199810e-001 -7.575880e-002 -5.774644e-001 -7.911640e-001 -1.887577e-002 2.266691e-001 2.628851e-002 2.391620e-001 -7.336193e-002 -6.739751e-002 4.507548e-001 
8.813503e+000 1.406133e+001 -3.225070e+000 3.821165e+000 -4.455568e+000 4.431970e+000 -5.778127e+000 1.503372e+000 -1.215319e-001 -1.173042e+000 -2.061601e+000 6.054724e-001 -4.551685e-001 -1.548301e+000 2.277083e-001 -1.232193e+000 -2.429392e+000 -2.327988e+000 -1.113151e-001 -1.166241e+000 -5.806172e-001 -9.593553e-001 5.836934e-001 -4.395924e-001 -2.347457e-001 -6.724180e-001 -8.379375e-002 -8.115027e-001 -5.821074e-001 -5.303080e-001 -3.452973e-001 2.899775e-001 4.396846e-001 -3.242243e-001 -1.032110e-001 7.081389e-001 
8.436592e+000 1.032532e+001 -3.958358e+000 3.432188e+000 -5.726336e+000 3.387077e+000 -6.542292e+000 1.198394e+000 7.115680e-001 -2.869918e+000 -2.999701e+000 -4.861437e-001 1.349482e-001 -1.006788e+000 9.408407e-001 -1.885456e+000 -1.639474e+000 -1.018091e+000 6.655863e-001 -1.059608e+000 -7.025880e-002 -8.316384e-001 -6.923843e-001 -1.114606e+000 -1.028753e+000 -1.063375e+000 -1.114874e+000 3.435771e-001 -6.507766e-002 3.185120e-001 -1.090870e-001 2.948236e-001 -1.346530e-001 1.634624e-001 -3.930156e-002 1.714237e-001 
9.016297e+000 9.493017e+000 -5.500265e+000 3.753401e+000 -7.997724e+000 2.775755e+000 -7.557717e+000 1.464538e+000 -4.923452e-001 -2.716111e+000 -3.400098e+000 2.365416e-001 4.082967e-001 -9.538492e-001 6.688712e-001 -1.109890e+000 -1.896172e+000 -2.234162e+000 3.134269e-001 -1.551456e+000 6.586032e-002 -1.306983e+000 1.274803e-001 -1.113822e+000 -9.252460e-001 -1.194381e+000 -7.335029e-001 -5.429609e-001 -4.140876e-001 -1.913866e-001 -2.128209e-001 8.513942e-001 3.502996e-001 -2.808418e-001 2.308663e-001 5.697431e-001 
1.110802e+001 8.432431e+000 -5.990737e+000 4.558860e+000 -8.083816e+000 4.307170e+000 -7.467580e+000 5.280092e-001 -1.517812e+000 -2.174143e+000 -3.462551e+000 -9.893550e-001 7.520815e-001 -1.154230e-001 1.253255e+000 -1.197096e+000 -9.443644e-001 -1.271489e+000 9.036146e-001 -1.075001e+000 5.583243e-001 -1.180994e+000 -2.446566e-001 -1.452504e-001 -1.006175e+000 -3.390934e-001 2.710482e-001 -3.330062e-001 -8.433889e-001 1.424092e-001 -4.275336e-001 3.268439e-001 4.125342e-001 3.860825e-001 3.985124e-001 5.490292e-001 
1.172912e+001 8.112163e+000 -4.511568e+000 3.796920e+000 -9.129092e+000 2.820830e+000 -7.787009e+000 5.579137e-001 -1.760519e+000 -1.429000e+000 -2.537183e+000 -1.638636e+000 -2.397274e-001 -2.673042e-001 7.109896e-001 -6.326890e-001 -8.618145e-001 -1.695206e+000 1.214963e-001 -9.146073e-001 -4.293170e-001 -1.776019e+000 2.240632e-001 -2.471448e-001 -7.336425e-001 -1.213983e+000 -3.507161e-001 -3.504334e-001 -3.703265e-001 4.316064e-001 -2.252683e-001 1.987132e-002 4.577167e-001 2.248119e-001 1.136435e-001 5.802767e-001 
1.189974e+001 8.623967e+000 -6.352585e+000 5.070939e+000 -8.009968e+000 4.388061e+000 -6.581787e+000 1.624254e+000 -1.772771e+000 -2.992674e+000 -2.081511e+000 -7.011247e-001 1.716823e-001 -3.734976e-001 9.128104e-001 -6.373273e-001 1.932262e-001 -8.577065e-001 2.227469e-001 -1.629153e+000 4.810704e-001 -1.967749e+000 -7.207191e-001 -1.865805e-001 -1.148849e+000 -8.325614e-001 -6.223453e-001 4.653832e-001 -3.392280e-001 3.014217e-001 6.571561e-002 3.480728e-001 6.786407e-002 5.913499e-001 -1.881807e-001 6.297236e-001 
1.240622e+001 1.171013e+001 -4.060384e+000 5.685724e+000 -5.950719e+000 3.101309e+000 -6.754051e+000 -4.410433e-002 -9.902683e-001 -2.396355e+000 -2.049091e+000 -7.966155e-001 -3.885249e-001 -6.182051e-001 4.985763e-001 -8.460616e-001 -8.425757e-001 -1.324668e+000 5.607915e-001 -6.320043e-001 3.562788e-001 -1.610292e+000 -8.377718e-002 -4.667502e-001 -4.226094e-001 -3.512423e-001 -7.428379e-001 -2.857194e-001 -2.544782e-001 8.623780e-001 -1.177431e-001 5.182855e-001 -2.150888e-001 2.191647e-001 -3.624199e-002 4.837628e-001 
1.625433e+001 1.595486e+001 -7.374825e+000 5.244666e+000 -3.232588e+000 2.459077e+000 -5.998584e+000 -8.350482e-002 3.289468e-001 -4.461448e+000 -1.862275e+000 -6.967391e-001 8.531052e-001 1.074943e-001 6.708733e-001 -1.951769e-001 -2.480887e+000 -1.984742e+000 1.607353e+000 -1.044046e+000 -1.934433e+000 -1.513687e+000 -2.628797e-001 1.199874e-001 -8.027028e-001 -6.335921e-001 -3.262042e-001 3.274934e-001 -1.985492e-001 8.102055e-001 4.344851e-001 6.895295e-001 5.767717e-001 1.771953e-001 5.236304e-001 2.456976e-001 
1.979848e+001 1.877145e+001 -1.154827e+001 6.560200e+000 -5.509963e+000 1.983299e+000 -5.873765e+000 -4.821939e-001 7.746247e-001 -5.554467e+000 -7.141894e-001 -1.405517e+000 1.731001e+000 -1.015213e-001 2.166702e-001 4.137093e-002 -3.334401e+000 -1.786241e+000 1.399190e+000 -7.594085e-001 -1.691596e+000 -8.223833e-001 -1.916894e-001 -2.700158e-002 -9.188263e-001 -1.792383e+000 2.434393e-001 -9.050395e-003 -3.894219e-001 6.377484e-001 3.035908e-001 1.176700e+000 6.209303e-001 5.298756e-001 2.446604e-001 6.311938e-001 
