1.704378e+001 9.523261e+000 -4.541939e+000 4.580495e+000 5.508991e-001 1.674447e+000 -2.121432e+000 -5.891927e-003 -8.916164e-001 -7.509139e-001 -4.908075e-001 -1.755869e-001 
1.723118e+001 8.978066e+000 -4.260664e+000 4.767783e+000 8.051604e-001 1.534318e+000 -2.096401e+000 2.310421e-002 -6.000323e-001 -7.624753e-001 -3.850102e-001 -3.073577e-001 
1.708365e+001 8.393551e+000 -4.142274e+000 4.997012e+000 7.739534e-001 1.591271e+000 -2.445924e+000 -1.108634e-001 -6.179178e-001 -9.704165e-001 -3.292630e-001 -5.343300e-001 
1.675185e+001 8.539425e+000 -3.715136e+000 4.826556e+000 1.305266e+000 1.416211e+000 -2.635319e+000 1.163713e-001 -9.157699e-001 -6.686997e-001 -3.421619e-001 -4.054220e-001 
1.674269e+001 8.806847e+000 -3.247024e+000 4.675014e+000 1.013797e+000 1.118301e+000 -2.521620e+000 -2.350351e-001 -7.074720e-001 -5.192416e-001 -1.610233e-001 3.480276e-002 
1.668619e+001 8.809958e+000 -3.238959e+000 4.009971e+000 1.099216e+000 1.161882e+000 -2.484037e+000 7.110750e-001 -7.233561e-001 -1.023519e+000 -3.638119e-002 -6.176072e-001 
1.719623e+001 9.592262e+000 -4.261859e+000 4.155977e+000 8.750595e-001 1.210757e+000 -2.061954e+000 -1.647302e-001 -4.858181e-001 -6.817511e-001 -3.426398e-001 -3.036398e-001 
1.726379e+001 8.428404e+000 -3.873652e+000 4.284359e+000 1.355916e+000 1.314824e+000 -1.882874e+000 -4.258817e-001 -7.369202e-001 -9.463273e-001 -6.667360e-002 -1.342853e-001 
1.738677e+001 8.886530e+000 -4.092003e+000 4.857676e+000 6.076717e-001 1.308343e+000 -2.350517e+000 -1.969810e-001 -4.870572e-001 -6.982666e-001 -1.039623e-001 -2.610310e-001 
1.745036e+001 8.583625e+000 -3.863691e+000 4.591198e+000 6.375941e-001 1.244109e+000 -2.424090e+000 9.384767e-002 -4.910132e-001 -8.350406e-001 -3.428100e-001 -5.516943e-001 
1.689187e+001 8.828022e+000 -3.627148e+000 4.537056e+000 1.177343e+000 1.112585e+000 -2.627852e+000 2.657869e-001 -8.609862e-001 -6.903990e-001 -4.248439e-001 -5.019897e-001 
1.653347e+001 9.068203e+000 -3.711104e+000 4.624095e+000 7.910342e-001 1.294299e+000 -2.562000e+000 2.493172e-001 -7.749674e-001 -6.614829e-001 -4.530837e-001 -2.833480e-001 
