8.691036e+000 2.267052e+001 -1.000288e+001 1.780864e+000 -4.732039e+000 -5.262603e-001 -3.679185e+000 -3.727683e+000 4.730548e+000 -2.954823e+000 -3.138666e+000 2.429802e-001 -3.011576e-001 5.391686e-001 3.916081e-001 -1.198169e+000 -6.139594e-001 -2.053607e+000 -5.859094e-001 4.620065e-001 1.027150e+000 -1.042859e+000 -8.703466e-001 1.444908e+000 -7.736108e-001 -1.589781e+000 4.120094e-001 -7.603302e-001 -1.322682e+000 6.739057e-002 -1.565970e-001 -4.859313e-001 -1.417662e+000 2.576915e-001 -7.564523e-001 -2.195256e-001 
9.386280e+000 2.266739e+001 -9.724819e+000 1.068189e+000 -4.481469e+000 -7.753617e-001 -3.675365e+000 -3.468108e+000 4.533179e+000 -2.867664e+000 -3.260610e+000 1.636864e-001 -4.204789e-001 3.230435e-001 5.328471e-001 -1.277218e+000 -7.287312e-001 -1.662463e+000 -8.238875e-001 8.507579e-001 7.019238e-001 -6.168083e-001 -9.318483e-001 1.555063e+000 -6.787738e-001 -1.812168e+000 5.373578e-001 -7.513239e-001 -1.410161e+000 -2.876851e-001 1.159601e-001 -8.666393e-001 -7.829940e-001 -1.218735e-001 -4.772275e-001 -2.320650e-001 
8.935782e+000 2.384803e+001 -1.082455e+001 1.257904e+000 -4.626731e+000 -1.162242e+000 -3.135665e+000 -3.681964e+000 4.785460e+000 -2.673000e+000 -3.705723e+000 1.558130e-001 -5.103363e-001 -1.743157e-002 7.857577e-001 -1.466653e+000 -3.393763e-001 -1.644736e+000 -1.099433e+000 8.565708e-001 6.142938e-001 -3.691525e-001 -1.005740e+000 1.693557e+000 -8.925367e-001 -1.688584e+000 4.536277e-001 -6.410852e-001 -1.460273e+000 -1.624824e-001 -1.662108e-002 -1.018400e+000 -6.762821e-001 -3.195544e-001 -2.392841e-001 -1.728145e-001 
9.761669e+000 2.317183e+001 -1.068757e+001 7.454912e-001 -4.318050e+000 -1.658353e+000 -2.723699e+000 -3.774157e+000 4.845204e+000 -2.641936e+000 -3.984295e+000 3.022113e-001 -8.773293e-001 1.115503e-001 6.604297e-001 -9.431537e-001 -4.909209e-001 -1.258638e+000 -1.089661e+000 3.905168e-001 9.367853e-001 -4.382791e-001 -8.597354e-001 1.286314e+000 -4.755701e-001 -2.099063e+000 4.928299e-001 -7.673273e-001 -1.303194e+000 -8.258852e-002 -3.028149e-001 -8.580587e-001 -8.749932e-001 -1.056379e-001 -2.931598e-001 2.276618e-002 
8.791967e+000 2.492560e+001 -1.230491e+001 1.590531e+000 -5.365770e+000 -8.706903e-001 -2.686203e+000 -4.347986e+000 5.984053e+000 -4.100290e+000 -2.113135e+000 -1.440697e+000 1.430648e-001 -3.990301e-001 3.366704e-001 -7.318483e-002 -1.088800e+000 -3.660458e-001 -1.827576e+000 4.085377e-001 8.050177e-001 -3.350022e-001 -1.025270e+000 1.186979e+000 -1.209405e-001 -2.692300e+000 1.151910e+000 -1.291070e+000 -8.041880e-001 1.443307e-002 -6.291509e-001 -6.302642e-001 -1.433777e+000 4.519281e-001 -8.100350e-001 5.391935e-001 
1.081306e+001 2.224774e+001 -9.684908e+000 -8.472412e-001 -4.216463e+000 -5.791332e-001 -3.308589e+000 -3.351178e+000 4.643868e+000 -2.151285e+000 -3.598719e+000 -6.419729e-001 -3.929796e-001 1.516878e-002 -4.334924e-001 8.162549e-002 -2.077595e-001 -1.267207e+000 -1.055118e+000 -3.310472e-001 1.190837e+000 -4.544339e-001 -1.151059e+000 1.455098e+000 -7.672522e-001 -1.696525e+000 1.883983e-001 -9.126864e-001 -4.986550e-001 -1.825461e-001 -4.692758e-001 -9.848689e-001 -1.130231e+000 -1.231618e-002 -2.685058e-001 4.371611e-001 
9.121330e+000 2.447319e+001 -1.135002e+001 1.493851e-001 -4.538812e+000 -7.101291e-001 -2.708166e+000 -3.768899e+000 5.159369e+000 -2.339800e+000 -3.507267e+000 -8.750971e-001 -1.008251e+000 2.860090e-001 -5.323853e-001 -1.925393e-001 3.592164e-001 -1.393460e+000 -8.967510e-001 -8.929977e-001 1.645917e+000 -4.129109e-001 -1.419489e+000 1.591474e+000 -7.848891e-001 -1.411153e+000 -5.752978e-001 -4.377155e-001 -5.302019e-001 -2.944195e-001 -2.560282e-001 -1.337906e+000 -7.717294e-001 -4.823787e-001 3.612713e-001 2.544523e-001 
1.073909e+001 2.202389e+001 -8.947006e+000 -1.480477e+000 -3.953145e+000 -6.156840e-001 -2.637053e+000 -3.557667e+000 4.961331e+000 -1.660010e+000 -4.212853e+000 -8.859548e-001 -1.176516e+000 2.562759e-001 -6.415545e-001 5.621132e-002 5.876690e-001 -1.444900e+000 -1.116665e+000 -4.341797e-001 1.161443e+000 -1.363549e-001 -1.161715e+000 1.169103e+000 -5.086008e-001 -1.837092e+000 -1.580272e-001 -4.243356e-001 -7.444954e-001 -1.132949e-001 -3.045096e-001 -1.249135e+000 -1.062268e+000 -2.204873e-001 1.482343e-001 4.877518e-001 
8.811354e+000 2.458058e+001 -1.096817e+001 4.416924e-001 -5.322783e+000 2.274801e-001 -3.299883e+000 -3.082192e+000 5.892629e+000 -3.109340e+000 -2.766494e+000 -1.673476e+000 -9.974896e-001 1.037316e-001 -6.266358e-002 -6.293422e-001 1.305026e+000 -1.257514e+000 -1.632104e+000 -2.108449e-002 4.835671e-001 4.920020e-001 -1.283540e+000 1.072691e+000 -6.517420e-001 -1.617865e+000 -4.718327e-002 -5.960514e-001 -4.582348e-001 -2.243892e-001 -1.079554e-001 -1.515372e+000 -7.490863e-001 -5.443472e-001 -6.633718e-003 1.094707e+000 
1.055944e+001 2.131518e+001 -8.099617e+000 -2.190313e+000 -3.585434e+000 -6.259168e-001 -3.375524e+000 -2.773290e+000 5.461170e+000 -1.998261e+000 -4.110910e+000 -5.397145e-001 -1.702657e+000 2.768336e-001 -3.771006e-001 -5.324627e-001 1.392214e+000 -1.184455e+000 -1.914913e+000 -4.211904e-001 7.776614e-001 -1.033179e-001 -9.530875e-001 9.387207e-001 -4.967411e-001 -2.141192e+000 1.073675e-001 -5.352513e-002 -8.801819e-001 3.208750e-002 -2.948374e-001 -1.425492e+000 -1.141798e+000 -3.243624e-001 2.157370e-001 6.562329e-001 
9.123741e+000 2.340346e+001 -1.021177e+001 -2.571394e-001 -5.127867e+000 2.176690e-001 -3.100063e+000 -3.283427e+000 5.426734e+000 -1.861902e+000 -4.623830e+000 2.268073e-002 -1.844561e+000 4.769439e-002 2.475381e-001 -1.123543e+000 1.813697e+000 -1.690919e+000 -8.816503e-001 -1.100534e+000 7.556396e-001 2.416779e-004 -1.393716e+000 1.150240e+000 -6.130687e-001 -2.010670e+000 3.278227e-001 -3.164992e-002 -1.238269e+000 1.876296e-001 -2.833441e-001 -1.404245e+000 -1.110337e+000 -2.639285e-001 -2.373327e-001 8.993173e-001 
9.993937e+000 2.277942e+001 -1.018126e+001 7.125604e-001 -5.789630e+000 3.035362e-001 -2.890573e+000 -3.195858e+000 5.099333e+000 -1.653262e+000 -4.800849e+000 -2.179252e-001 -1.390744e+000 -3.197023e-001 2.296877e-001 -1.135248e+000 1.827616e+000 -1.722417e+000 -7.145452e-001 -8.766457e-001 7.360920e-001 1.540720e-001 -1.310791e+000 9.474654e-001 -3.658437e-001 -1.942247e+000 1.415876e-001 7.010360e-002 -1.609098e+000 2.048150e-001 1.763812e-002 -1.472173e+000 -1.192385e+000 -2.986993e-001 1.405114e-001 5.689075e-001 
1.138585e+001 2.111603e+001 -9.012140e+000 6.071790e-002 -4.581066e+000 -5.882515e-001 -2.438780e+000 -3.490174e+000 5.244553e+000 -1.945812e+000 -4.584477e+000 -7.909093e-002 -1.635833e+000 -5.500090e-001 -8.744195e-003 -5.695272e-001 8.929745e-001 -1.074875e+000 -9.720298e-001 -4.118541e-001 4.528509e-001 6.163090e-001 -1.250390e+000 4.821234e-001 1.266707e-001 -1.915255e+000 -1.547025e-001 -6.794669e-002 -1.556125e+000 -1.920708e-002 1.605190e-001 -1.436985e+000 -9.974308e-001 -4.072107e-001 4.053742e-001 4.224050e-001 
1.170162e+001 2.066205e+001 -8.875577e+000 3.894702e-002 -4.278526e+000 -6.000743e-001 -2.622204e+000 -3.459368e+000 5.002320e+000 -1.840480e+000 -4.568955e+000 1.274635e-001 -1.396595e+000 -5.353652e-001 1.646864e-001 -6.811670e-001 6.662927e-001 -1.267676e+000 -8.587226e-001 -1.759164e-001 2.724300e-001 3.785167e-001 -1.219119e+000 6.741668e-001 1.075839e-001 -1.923951e+000 9.409890e-002 -1.564065e-001 -1.767449e+000 -5.108476e-002 2.240030e-001 -1.350333e+000 -9.413967e-001 -4.928523e-001 2.705101e-001 4.723755e-001 
1.007006e+001 2.253659e+001 -1.025809e+001 1.705608e+000 -5.690390e+000 1.519899e-001 -2.918745e+000 -3.253979e+000 4.612947e+000 -2.394348e+000 -3.686313e+000 -1.617722e-001 -9.753658e-001 -5.255440e-001 8.767932e-001 -1.271642e+000 5.069001e-001 -1.567052e+000 -5.860422e-001 -3.219892e-001 4.462205e-001 2.314288e-001 -1.277308e+000 7.571087e-001 1.179860e-001 -1.696300e+000 1.930940e-001 -4.097643e-001 -1.671137e+000 -9.403669e-002 1.289947e-001 -1.115471e+000 -1.017544e+000 -3.322591e-001 -1.498061e-001 6.216809e-001 
1.023589e+001 2.254647e+001 -1.002383e+001 9.840645e-001 -5.189220e+000 2.343626e-001 -3.240000e+000 -3.853348e+000 5.595219e+000 -2.842413e+000 -3.656024e+000 -1.389058e-001 -7.047777e-001 6.117747e-002 -3.724320e-002 -1.150568e+000 1.662640e-001 -6.675575e-001 -1.382780e+000 -1.364599e-001 9.848460e-001 -9.770090e-002 -1.702338e+000 8.830195e-001 5.989273e-001 -1.716940e+000 6.662124e-002 -4.865628e-001 -1.480712e+000 -2.418788e-001 3.280197e-002 -1.029896e+000 -8.610324e-001 -1.624082e-001 -4.734292e-001 5.002494e-001 
9.903625e+000 2.324221e+001 -1.127199e+001 1.977142e+000 -5.992166e+000 1.986262e-001 -3.257247e+000 -3.173899e+000 5.217696e+000 -2.785266e+000 -3.125894e+000 -6.349239e-001 -5.471428e-001 -7.914192e-001 1.025212e+000 -1.766228e+000 4.137735e-001 -8.683814e-001 -1.465240e+000 6.702511e-001 1.678993e-001 3.922943e-001 -2.084357e+000 1.220407e+000 3.368139e-001 -1.638133e+000 2.982821e-001 -6.997323e-001 -1.682443e+000 -1.954370e-001 4.051968e-001 -1.358303e+000 -6.651800e-001 -5.787381e-001 -4.694738e-003 4.468868e-001 
9.854931e+000 2.298236e+001 -1.123733e+001 1.738530e+000 -5.507888e+000 -2.510931e-001 -2.324061e+000 -4.015158e+000 5.341871e+000 -3.177132e+000 -3.315511e+000 -4.120859e-001 -7.670537e-001 -3.996269e-001 1.009492e+000 -1.140490e+000 4.682943e-002 -1.139910e+000 -1.289180e+000 7.152665e-001 3.907373e-001 2.001812e-001 -1.811660e+000 1.036054e+000 4.843625e-001 -2.071976e+000 4.758519e-001 -5.606741e-001 -1.701132e+000 -1.090628e-001 3.849545e-002 -1.248467e+000 -7.525707e-001 -8.771312e-002 -3.007939e-001 3.019426e-001 
9.228621e+000 2.353522e+001 -1.147372e+001 1.700697e+000 -5.199758e+000 -4.396048e-001 -2.822171e+000 -3.805643e+000 4.455169e+000 -2.497303e+000 -3.418454e+000 -1.116094e+000 3.143232e-001 -4.144898e-001 1.150593e+000 -1.127472e+000 -3.801423e-001 -1.213167e+000 -1.291574e+000 8.074117e-001 4.350978e-001 -1.877937e-001 -1.760949e+000 1.160598e+000 3.383732e-001 -1.636247e+000 2.174135e-001 -3.430982e-001 -1.502721e+000 -4.546581e-001 2.267476e-001 -1.283970e+000 -6.876679e-001 -3.001800e-001 -2.489217e-001 -8.261189e-002 
1.003459e+001 2.317173e+001 -1.125811e+001 1.414839e+000 -5.628974e+000 -6.286589e-001 -2.766714e+000 -4.201392e+000 4.543089e+000 -1.894778e+000 -4.539800e+000 9.316501e-002 -1.681678e-001 -1.491299e-001 9.019120e-001 -1.176146e+000 -7.712611e-002 -1.978017e+000 -5.430400e-001 4.934859e-001 6.410909e-001 -5.613310e-001 -1.293349e+000 6.742444e-001 5.063327e-001 -1.509641e+000 -2.186787e-001 1.574714e-002 -1.822311e+000 -1.043037e-001 -1.725126e-001 -1.117983e+000 -6.191509e-001 -2.003707e-001 -2.776632e-001 -4.408137e-001 
1.903577e+001 1.354364e+001 -3.731335e+000 -3.920946e+000 -2.881046e+000 -1.003923e+000 -2.780369e+000 -2.024449e+000 2.412638e+000 -1.225927e+000 -3.399155e+000 -3.086773e-001 9.342522e-002 2.239961e-001 1.345109e-001 -4.455328e-001 -2.385709e-001 -1.445354e+000 -1.082331e+000 8.691958e-001 6.715712e-001 -4.609590e-001 -4.496923e-001 6.266917e-001 1.499291e-001 -1.263656e+000 -2.087396e-001 6.391342e-002 -1.147955e+000 -3.480589e-001 -1.324047e-001 -1.093285e+000 -4.607536e-001 1.662611e-002 -4.986990e-001 -4.144475e-001 
1.883002e+001 1.239424e+001 -2.015069e+000 -3.413149e+000 -1.973075e+000 -8.834128e-001 -3.127831e+000 -1.937204e+000 1.199483e+000 -1.810015e+000 -2.759994e+000 -3.562063e-001 -2.441590e-002 -1.249207e-001 -3.514168e-001 -2.787594e-001 -1.579077e-001 -1.441486e+000 -1.009682e+000 8.085748e-001 5.788930e-001 -4.034456e-001 2.099669e-001 8.295641e-001 -2.059459e-001 -6.292926e-001 2.266271e-001 -7.947243e-003 -5.248409e-001 -2.242965e-001 -1.228194e-001 -4.641935e-001 -6.969025e-001 -2.633873e-001 -1.591110e-001 -6.510826e-001 
8.374566e+000 2.379434e+001 -1.049141e+001 2.004579e+000 -4.908834e+000 -4.964450e-001 -3.670614e+000 -4.024833e+000 4.922980e+000 -3.415525e+000 -3.019536e+000 -1.903529e-001 -1.546909e-001 1.567196e-001 6.846871e-001 -1.255985e+000 -7.160917e-001 -1.646628e+000 -8.061740e-001 9.748455e-001 8.871498e-001 -7.115665e-001 -8.374976e-001 1.574313e+000 -7.226391e-001 -1.850018e+000 6.977840e-001 -9.325826e-001 -1.394967e+000 -9.229062e-002 -7.661352e-002 -6.891296e-001 -1.107397e+000 1.512218e-001 -7.910106e-001 -1.168536e-001 
1.027954e+001 2.179696e+001 -8.966805e+000 2.765786e-001 -3.930517e+000 -1.244814e+000 -3.448387e+000 -3.115546e+000 4.103417e+000 -2.410427e+000 -3.535114e+000 2.226476e-001 -5.345711e-001 4.281211e-001 4.430515e-001 -1.160194e+000 -5.249556e-001 -1.608590e+000 -8.116321e-001 8.500610e-001 7.106638e-001 -5.733118e-001 -8.196032e-001 1.450161e+000 -6.864856e-001 -1.823249e+000 4.146559e-001 -6.624527e-001 -1.448018e+000 -2.847725e-001 5.929301e-002 -8.101344e-001 -8.137304e-001 -1.461650e-001 -3.235344e-001 -2.162532e-001 
1.017262e+001 2.219621e+001 -9.850825e+000 1.670885e-001 -3.727916e+000 -1.804403e+000 -2.560013e+000 -3.655043e+000 4.840282e+000 -2.037573e+000 -4.210253e+000 8.500198e-001 -9.371275e-001 2.579588e-001 6.576471e-001 -1.206107e+000 -4.602511e-001 -1.563458e+000 -1.087444e+000 5.688285e-001 8.219376e-001 -5.633405e-001 -7.990938e-001 1.362091e+000 -5.692329e-001 -1.899569e+000 4.083182e-001 -6.029006e-001 -1.548607e+000 -3.295689e-002 -1.828477e-001 -9.134199e-001 -6.708972e-001 -2.778086e-001 -1.270242e-001 -1.888370e-001 
8.915529e+000 2.458641e+001 -1.185140e+001 1.629636e+000 -4.894264e+000 -9.343161e-001 -2.609328e+000 -3.945289e+000 5.677239e+000 -3.594004e+000 -2.803259e+000 -7.697660e-001 -4.454096e-001 -2.733513e-001 4.528247e-001 -5.735719e-001 -9.694671e-001 -5.266456e-001 -1.646076e+000 7.956853e-001 8.096205e-001 -2.232031e-001 -9.499670e-001 1.239930e+000 -3.198678e-001 -2.551401e+000 8.137560e-001 -1.182427e+000 -1.147561e+000 -3.334222e-003 -5.698402e-001 -5.169715e-001 -1.176186e+000 4.471600e-001 -6.037074e-001 3.742504e-001 
1.095443e+001 2.211817e+001 -9.638341e+000 -3.791068e-001 -4.169184e+000 -7.963106e-001 -3.009688e+000 -3.197930e+000 4.626205e+000 -2.405399e+000 -3.659345e+000 -5.241976e-001 -8.120197e-001 -1.753222e-001 -2.803777e-001 -3.417660e-001 -4.276120e-001 -1.085374e+000 -9.889115e-001 -7.602204e-002 1.424057e+000 -2.409168e-001 -1.075740e+000 1.473894e+000 -8.038402e-001 -2.087399e+000 3.018970e-001 -1.035217e+000 -9.874664e-001 -7.979036e-002 -4.192774e-001 -9.149192e-001 -8.277089e-001 7.852215e-002 -2.244002e-001 4.498955e-001 
9.647174e+000 2.395130e+001 -1.132146e+001 2.399123e-001 -4.672814e+000 -3.246594e-001 -3.182036e+000 -3.178972e+000 5.337326e+000 -2.594133e+000 -3.197244e+000 -9.164157e-001 -6.580987e-001 -1.224037e-001 -5.031183e-001 4.971423e-002 -2.818907e-001 -1.287666e+000 -1.042752e+000 -4.998916e-001 1.389143e+000 -2.160090e-001 -1.207250e+000 1.631429e+000 -8.813630e-001 -1.649613e+000 -7.970477e-002 -9.163136e-001 -4.193417e-001 -2.532539e-001 -3.338303e-001 -1.141226e+000 -9.645739e-001 -4.353935e-002 -1.139607e-002 4.325666e-001 
1.079928e+001 2.190187e+001 -9.795816e+000 -1.133359e+000 -3.759131e+000 -8.773240e-001 -2.784962e+000 -3.199684e+000 5.224998e+000 -1.714552e+000 -4.065823e+000 -4.060348e-001 -9.474704e-001 -5.781529e-002 -6.231096e-001 2.546694e-001 2.251433e-001 -1.681310e+000 -9.881009e-001 -4.819881e-001 1.072279e+000 -2.769616e-001 -1.069469e+000 1.285626e+000 -6.402542e-001 -1.722187e+000 -2.136251e-001 -4.810156e-001 -6.978945e-001 -6.250657e-002 -2.531802e-001 -1.272416e+000 -1.079960e+000 -1.200728e-001 3.053470e-001 2.580038e-001 
8.281238e+000 2.454617e+001 -1.191976e+001 3.473429e-001 -5.230677e+000 -2.123552e-001 -2.357377e+000 -3.799968e+000 6.186216e+000 -2.593141e+000 -2.985026e+000 -1.360119e+000 -1.018392e+000 8.864897e-002 -3.612652e-001 -1.358172e-001 5.987170e-001 -1.220560e+000 -1.475732e+000 -4.913788e-001 7.706820e-001 1.061696e-001 -1.407781e+000 1.206653e+000 -6.049633e-001 -1.878642e+000 7.513895e-002 -5.315206e-001 -4.939677e-001 -2.056863e-001 -8.856750e-002 -1.461509e+000 -9.358628e-001 -3.094495e-001 6.348071e-002 7.995021e-001 
9.921576e+000 2.168715e+001 -9.098996e+000 -1.231755e+000 -4.536182e+000 -9.940441e-002 -3.359554e+000 -2.865688e+000 5.681454e+000 -2.292820e+000 -3.965766e+000 -9.043600e-001 -1.375067e+000 1.808125e-001 -5.897575e-001 -1.055554e-001 1.211139e+000 -1.235505e+000 -1.629032e+000 -4.739468e-001 8.026328e-001 2.936861e-002 -1.090205e+000 7.399852e-001 -5.549892e-001 -1.836465e+000 3.286937e-003 -3.008508e-001 -7.192070e-001 -4.886501e-003 -2.278823e-001 -1.313605e+000 -1.088514e+000 -3.754055e-001 4.160110e-002 9.386293e-001 
8.878727e+000 2.332274e+001 -1.029596e+001 -3.592967e-001 -4.785716e+000 -1.647120e-001 -2.998749e+000 -3.351852e+000 5.941297e+000 -2.785123e+000 -3.833744e+000 -8.505242e-001 -1.958145e+000 4.689149e-001 -4.430644e-001 -4.074806e-001 1.366137e+000 -9.363718e-001 -1.474653e+000 -7.162728e-001 1.125230e+000 -3.599542e-001 -9.602840e-001 1.109084e+000 -8.137443e-001 -1.924303e+000 1.618105e-001 -1.600777e-002 -1.108143e+000 1.598335e-001 -2.040678e-001 -1.633402e+000 -8.981495e-001 -4.546180e-001 -3.957089e-002 9.085677e-001 
9.599667e+000 2.290375e+001 -1.014641e+001 6.526937e-002 -5.450783e+000 4.240627e-001 -3.013981e+000 -3.110316e+000 4.798980e+000 -1.512346e+000 -5.023675e+000 -3.749443e-001 -1.666777e+000 -1.442700e-001 -5.932161e-002 -8.698241e-001 1.931410e+000 -1.635415e+000 -4.868289e-001 -9.315081e-001 8.549218e-001 2.655197e-001 -1.320542e+000 1.134355e+000 -6.321100e-001 -1.886146e+000 1.223394e-001 1.122112e-002 -1.340430e+000 6.501659e-002 -2.075359e-001 -1.241996e+000 -1.340558e+000 -7.035914e-002 -1.521454e-001 8.434215e-001 
1.188592e+001 2.016390e+001 -8.466508e+000 -5.545541e-001 -4.666510e+000 -6.911593e-001 -2.287781e+000 -3.308043e+000 5.084562e+000 -1.794566e+000 -4.720637e+000 -1.922024e-001 -1.698703e+000 -2.626631e-001 -2.493853e-001 -6.512417e-001 1.122604e+000 -1.041278e+000 -1.044850e+000 -3.184045e-001 5.644967e-001 6.190451e-001 -1.156925e+000 5.588707e-001 -4.855455e-002 -2.007108e+000 -6.744458e-002 -1.400729e-001 -1.596239e+000 5.420174e-002 5.142963e-002 -1.433979e+000 -9.749260e-001 -3.740547e-001 3.815429e-001 5.497942e-001 
1.105571e+001 2.109750e+001 -8.877039e+000 -5.843367e-002 -4.969145e+000 -5.082349e-001 -2.267649e+000 -3.609997e+000 5.051330e+000 -1.447041e+000 -4.549528e+000 -3.955062e-001 -1.716461e+000 -4.358953e-001 1.655533e-001 -9.239239e-001 7.803916e-001 -1.008258e+000 -1.006166e+000 -2.386089e-001 6.057907e-001 8.792955e-001 -1.194499e+000 3.758667e-001 1.625588e-001 -1.959719e+000 -3.840984e-001 -3.389423e-001 -1.612716e+000 5.129039e-002 2.709845e-002 -1.365871e+000 -7.109350e-001 -5.193778e-001 5.145267e-001 6.961767e-001 
1.036016e+001 2.214853e+001 -1.039983e+001 1.205392e+000 -5.282023e+000 1.914180e-001 -3.052054e+000 -3.320856e+000 5.092540e+000 -1.793991e+000 -4.056441e+000 -3.767164e-001 -9.963487e-001 -4.346888e-001 1.675044e-001 -1.440060e+000 8.109970e-001 -1.361929e+000 -7.646680e-001 -2.844317e-001 6.653899e-001 6.228860e-001 -1.299573e+000 7.863876e-001 -4.998999e-002 -1.711256e+000 -6.099636e-002 -4.777410e-001 -1.809943e+000 -1.574462e-002 1.256664e-001 -1.247213e+000 -7.555258e-001 -2.776258e-001 5.681423e-002 7.021035e-001 
9.994220e+000 2.190152e+001 -1.012678e+001 1.219727e+000 -4.826373e+000 1.090835e-001 -2.990390e+000 -3.678499e+000 4.899171e+000 -2.110920e+000 -3.556669e+000 3.471253e-001 -7.792656e-001 -4.631028e-001 4.465042e-002 -1.653967e+000 4.265915e-001 -8.223331e-001 -9.199544e-001 -5.015261e-002 6.101556e-001 1.616470e-001 -1.603408e+000 7.625926e-001 6.152827e-001 -1.657373e+000 3.466396e-002 -6.634207e-001 -1.879050e+000 -1.446519e-001 9.629860e-002 -8.275163e-001 -7.142862e-001 -1.165151e-001 -3.515176e-001 3.948062e-001 
8.970885e+000 2.333721e+001 -1.072524e+001 1.281836e+000 -5.415920e+000 -8.068202e-002 -2.531319e+000 -3.496705e+000 5.468431e+000 -2.496913e+000 -3.216889e+000 -1.285301e-001 -6.433115e-001 -3.371600e-001 8.179362e-001 -1.631417e+000 1.856446e-001 -9.289277e-001 -1.410747e+000 1.063720e-001 3.062306e-001 6.552225e-002 -1.870835e+000 7.878696e-001 6.646442e-001 -1.646146e+000 3.885656e-001 -4.454695e-001 -1.717834e+000 -5.222382e-002 1.887467e-001 -1.138501e+000 -7.394372e-001 -4.722270e-001 -1.092277e-001 3.964864e-001 
9.898465e+000 2.299810e+001 -1.161407e+001 2.089369e+000 -5.989227e+000 3.222649e-001 -2.766955e+000 -3.373695e+000 5.466296e+000 -2.998531e+000 -2.753234e+000 -5.186649e-001 -8.717129e-002 -7.302765e-001 1.481986e+000 -1.366168e+000 2.184509e-001 -1.116944e+000 -1.602424e+000 3.072164e-001 -9.286350e-002 6.638292e-002 -2.253770e+000 1.232965e+000 3.786011e-001 -1.673429e+000 5.472777e-001 -4.130331e-001 -1.328557e+000 -1.801715e-001 4.466867e-001 -1.500233e+000 -7.313268e-001 -4.872245e-001 -1.823127e-001 2.994346e-001 
8.999084e+000 2.348045e+001 -1.181749e+001 2.328469e+000 -5.472485e+000 2.002659e-002 -2.414676e+000 -4.228948e+000 5.566838e+000 -3.299243e+000 -2.437776e+000 -7.296017e-001 1.898778e-001 4.137158e-002 7.060184e-001 -6.416847e-001 -5.026222e-001 -8.478518e-001 -1.658068e+000 5.354181e-001 3.734423e-002 -4.186675e-001 -2.083400e+000 8.115255e-001 6.168239e-001 -1.755506e+000 6.854056e-001 -3.371396e-001 -1.366833e+000 -1.938160e-001 2.327223e-001 -1.104682e+000 -9.121055e-001 -9.520261e-002 -5.437366e-001 1.452415e-001 
9.529415e+000 2.337787e+001 -1.148378e+001 1.578565e+000 -5.609269e+000 -2.445021e-001 -2.647859e+000 -3.335609e+000 4.744023e+000 -1.910669e+000 -3.363798e+000 -6.417513e-001 3.739560e-001 -3.197537e-001 1.276735e+000 -1.124931e+000 -4.177300e-001 -1.535017e+000 -1.254616e+000 4.885816e-001 2.013278e-001 -6.452892e-001 -1.876476e+000 1.112110e+000 9.523649e-002 -1.362832e+000 1.679225e-001 3.785948e-002 -1.430223e+000 -2.142223e-001 2.296733e-001 -1.361625e+000 -5.679533e-001 -2.802304e-001 -2.953761e-001 -1.103546e-001 
1.131892e+001 2.171905e+001 -1.009465e+001 6.342099e-001 -5.137314e+000 -1.046055e+000 -1.649785e+000 -3.968569e+000 4.613250e+000 -1.476318e+000 -4.573866e+000 7.680896e-001 -8.047808e-001 3.475264e-001 7.973520e-001 -1.009199e+000 -3.148790e-001 -2.310747e+000 -4.697213e-001 4.518563e-001 1.639500e-001 -6.741679e-001 -1.249941e+000 7.206777e-001 2.407154e-001 -1.506728e+000 -3.742652e-002 1.854008e-001 -1.622569e+000 -1.793985e-001 -2.094771e-002 -1.202864e+000 -4.166509e-001 -3.441105e-001 -2.033258e-001 -3.907608e-001 
