9.020568e+000 1.515522e+001 -1.219832e+001 1.154132e+000 -4.308192e+000 -5.560609e+000 -2.227306e+000 -3.238200e+000 2.787426e+000 -2.247387e+000 -4.303774e+000 4.242686e-001 -6.607535e-001 -2.821890e-001 -1.721361e+000 -2.330072e+000 4.227618e-001 -5.090850e-001 -6.362014e-001 -9.421659e-001 -5.848462e-001 -4.169065e-001 -1.420505e+000 9.677744e-001 
1.088985e+001 1.281979e+001 -9.307394e+000 -1.476993e-001 -3.714133e+000 -5.076949e+000 -2.962606e+000 -3.212958e+000 1.307933e+000 -1.794574e+000 -3.427327e+000 6.842307e-001 -1.419589e-001 -7.689948e-001 -1.572246e+000 -2.172176e+000 -2.191184e-002 -1.752959e-001 -1.070279e+000 -8.775992e-001 -1.508340e-001 -6.285210e-001 -1.126505e+000 7.467895e-001 
6.765136e+000 1.903298e+001 -1.380052e+001 1.874814e+000 -4.937629e+000 -6.796186e+000 -4.026418e-001 -5.359931e+000 3.039488e+000 -3.168288e+000 -3.213613e+000 1.154886e+000 -1.310216e+000 1.371998e-001 -1.909355e+000 -2.329006e+000 4.763469e-001 -1.155974e+000 -3.839515e-001 -7.771428e-001 -8.316696e-001 -2.385113e-001 -1.720914e+000 1.699204e+000 
1.015146e+001 1.356918e+001 -1.003595e+001 1.393372e-001 -5.014513e+000 -5.882848e+000 -3.007523e+000 -3.347027e+000 1.669191e+000 -2.268266e+000 -3.449370e+000 6.252545e-001 -7.612735e-001 -6.569064e-001 -1.839178e+000 -2.188531e+000 3.481894e-001 -5.582685e-001 -1.109895e+000 -1.082282e+000 -2.724838e-001 -2.568721e-001 -1.350009e+000 6.743154e-001 
9.441976e+000 1.582337e+001 -9.919199e+000 -5.259131e-001 -5.125062e+000 -5.161185e+000 -1.835005e+000 -2.869273e+000 1.767717e+000 -1.895353e+000 -2.824904e+000 1.190097e+000 -8.147553e-001 -1.141896e+000 -1.398318e+000 -1.580982e+000 4.741872e-001 -3.442913e-001 -7.808836e-001 -9.348142e-001 -2.847535e-001 -2.063727e-001 -1.278508e+000 4.580726e-001 
8.843423e+000 1.492754e+001 -9.341455e+000 -8.747743e-001 -5.057293e+000 -5.655928e+000 -2.422838e+000 -2.422254e+000 2.024568e+000 -1.493462e+000 -2.830338e+000 5.018080e-001 -6.245810e-001 -6.283456e-001 -1.719059e+000 -1.817722e+000 6.819148e-001 -2.603217e-001 -8.973949e-001 -8.257018e-001 -3.806948e-001 -6.919664e-001 -1.315395e+000 7.959693e-001 
7.553739e+000 1.555775e+001 -1.307699e+001 -6.054970e-003 -4.560471e+000 -5.365088e+000 -2.088442e+000 -3.274638e+000 3.199028e+000 -2.301855e+000 -3.394010e+000 1.200227e+000 -8.613817e-001 -6.346763e-001 -1.788588e+000 -2.354748e+000 8.250259e-001 -2.033610e-001 -6.596753e-001 -1.166259e+000 -4.088526e-001 -4.567451e-001 -1.928195e+000 8.231041e-001 
6.236366e+000 1.320963e+001 -1.287576e+001 1.581505e+000 -4.410978e+000 -4.876991e+000 -1.557533e+000 -2.935715e+000 3.784331e+000 -2.317135e+000 -3.871040e+000 8.651169e-001 -1.099879e+000 -4.071051e-001 -1.130802e+000 -1.799575e+000 6.205944e-001 -6.898028e-001 -5.656741e-001 -9.418151e-001 -7.998288e-002 3.492959e-002 -2.007251e+000 4.024627e-001 
6.600337e+000 1.673002e+001 -1.346090e+001 2.005154e+000 -4.695239e+000 -5.218796e+000 -4.097365e-001 -4.153851e+000 4.467793e+000 -2.392236e+000 -2.581495e+000 1.790629e+000 -4.114617e-001 8.645031e-001 -1.620211e+000 -1.604985e+000 1.335645e+000 -9.574530e-001 -2.989503e-001 -7.920332e-001 -8.038155e-001 2.917889e-001 -2.051195e+000 7.475935e-001 
8.282558e+000 1.674557e+001 -1.318199e+001 7.355400e-001 -4.647090e+000 -5.567762e+000 -2.082950e+000 -3.444125e+000 3.858672e+000 -2.235025e+000 -2.893328e+000 1.413924e+000 -1.060996e+000 -7.474998e-002 -1.810749e+000 -1.754165e+000 1.597999e+000 -8.451841e-001 -8.216321e-001 -1.061690e+000 -2.688968e-001 1.154708e-001 -2.025315e+000 9.730767e-001 
1.341053e+001 1.075095e+001 -8.049843e+000 -5.362541e-001 -3.568000e+000 -4.613940e+000 -2.844261e+000 -8.996073e-001 3.135768e+000 -7.482076e-001 -2.032849e+000 3.587479e-001 -1.151558e+000 -7.552943e-001 -8.939411e-001 -9.896429e-001 8.457498e-001 3.171436e-001 -6.281384e-001 -7.027501e-001 1.961324e-001 1.138287e-001 -6.072827e-001 8.102089e-001 
1.638844e+001 1.024647e+001 -7.363255e+000 -3.132852e+000 -2.338297e+000 -3.603192e+000 -2.320779e+000 -4.709320e-002 1.410364e+000 -1.648100e+000 -2.854736e+000 8.407396e-002 5.785248e-001 -5.649249e-001 -1.111417e+000 -1.254867e+000 5.767984e-002 4.586511e-001 -7.159872e-001 -5.522424e-001 -4.366559e-003 -5.824865e-001 -3.011070e-001 6.025721e-001 
9.094116e+000 1.577828e+001 -1.215055e+001 7.211065e-001 -4.139367e+000 -5.065008e+000 -1.913805e+000 -3.571834e+000 1.638865e+000 -2.425669e+000 -3.299651e+000 6.866817e-001 -8.814403e-001 -3.424238e-001 -1.655496e+000 -2.197987e+000 3.433158e-001 -8.096760e-001 -9.257342e-001 -8.518782e-001 -3.057859e-001 -2.546321e-001 -1.471195e+000 7.549316e-001 
8.876580e+000 1.577628e+001 -1.225637e+001 1.003834e+000 -4.185891e+000 -5.649532e+000 -2.747065e+000 -3.566034e+000 2.800840e+000 -2.419574e+000 -3.881521e+000 4.535026e-002 -1.686309e+000 -1.950538e-001 -1.076039e+000 -2.186970e+000 9.178568e-002 -1.164342e+000 -1.052172e+000 -8.258142e-001 1.113202e-002 -1.794394e-001 -1.756268e+000 9.163177e-001 
9.080239e+000 1.387511e+001 -1.046500e+001 5.985699e-001 -3.270850e+000 -5.069038e+000 -3.053925e+000 -3.687727e+000 1.521200e+000 -1.842305e+000 -2.956691e+000 5.000292e-001 -1.586221e+000 -1.284088e+000 -1.309187e+000 -1.808217e+000 -3.731681e-002 -6.463659e-001 -8.195353e-001 -8.982804e-001 -2.625706e-001 -2.309674e-001 -1.208077e+000 6.927783e-001 
5.477162e+000 1.842029e+001 -1.386514e+001 2.006095e+000 -4.191669e+000 -7.089670e+000 -1.474350e+000 -5.263672e+000 3.954200e+000 -2.731902e+000 -3.425872e+000 7.560925e-001 -2.573692e+000 -3.897446e-001 -1.192352e+000 -2.012944e+000 -2.413445e-001 -1.019673e+000 -4.001723e-001 -1.109114e+000 -6.968704e-001 3.935545e-001 -1.785049e+000 6.902181e-001 
5.288629e+000 1.891058e+001 -1.335498e+001 3.896490e-001 -5.230584e+000 -6.882870e+000 -1.542338e-001 -4.669596e+000 3.713017e+000 -2.387725e+000 -2.782112e+000 1.963664e+000 -1.725105e+000 -9.280711e-003 -1.158055e+000 -1.900634e+000 7.038422e-001 -1.038380e+000 2.957353e-001 -1.103655e+000 -1.346216e+000 2.991870e-001 -1.737492e+000 8.918750e-001 
6.479961e+000 1.576657e+001 -1.353985e+001 4.997402e-002 -4.649315e+000 -5.899190e+000 -1.715535e+000 -2.975358e+000 2.612590e+000 -1.486475e+000 -1.971877e+000 1.574220e+000 -4.734072e-001 3.607948e-002 -1.265278e+000 -1.666998e+000 9.984116e-001 -5.778154e-001 -5.864751e-001 -8.540694e-001 -8.495565e-001 -5.873480e-001 -1.578055e+000 5.290346e-001 
9.395984e+000 1.052383e+001 -1.133384e+001 -1.557255e+000 -3.879681e+000 -4.062648e+000 -2.876891e+000 -3.114435e+000 2.175055e+000 -2.043561e+000 -3.954679e+000 8.208452e-001 -3.960493e-001 -1.489688e+000 -2.141783e+000 -2.134629e+000 3.310074e-001 1.305718e-001 -6.472838e-001 -7.617917e-001 -4.298009e-001 -1.100534e+000 -1.671427e+000 5.544652e-001 
6.001626e+000 1.795345e+001 -1.399851e+001 1.977560e+000 -5.308760e+000 -5.987903e+000 -5.881716e-001 -4.795664e+000 4.768735e+000 -2.819622e+000 -3.651891e+000 1.097709e+000 -1.859576e+000 1.837525e-001 -1.185261e+000 -1.538220e+000 5.828321e-001 -1.640465e+000 -3.090171e-001 -8.548322e-001 -5.247958e-001 3.854007e-001 -2.306436e+000 5.817814e-001 
9.762062e+000 1.391616e+001 -1.127276e+001 -4.659887e-001 -4.322640e+000 -4.287656e+000 -2.876544e+000 -3.244701e+000 2.133761e+000 -2.924479e+000 -3.655386e+000 5.852032e-001 -8.294051e-001 -2.141432e-001 -1.831773e+000 -2.021705e+000 5.150290e-001 -1.021989e+000 -1.195975e+000 -1.123163e+000 -2.117964e-001 8.292687e-002 -1.486897e+000 5.112478e-001 
9.461953e+000 1.635743e+001 -1.180935e+001 1.787037e-001 -5.347849e+000 -4.780801e+000 -1.570838e+000 -2.576456e+000 2.949587e+000 -2.675048e+000 -3.368916e+000 9.552403e-001 -1.135991e+000 -5.276163e-001 -1.989634e+000 -1.667365e+000 1.080489e+000 -7.770751e-001 -5.456413e-001 -1.077997e+000 -3.636312e-001 5.367138e-001 -1.421145e+000 5.140210e-001 
