6.955507e+000 1.178318e+001 -4.089188e+000 2.048306e+000 -8.978941e-002 3.005482e-001 -3.308919e+000 1.413714e+000 -1.312068e+000 -9.061927e-001 -2.980492e+000 1.267906e+000 -1.580304e+000 -6.150831e-001 -1.975309e-001 -6.784537e-001 -1.336165e+000 -1.868342e-001 -1.324946e+000 -2.415163e-001 -8.238488e-001 -8.301438e-001 6.120511e-001 -2.730100e-002 
8.217005e+000 1.256733e+001 -3.841839e+000 1.886055e+000 7.621047e-001 4.765504e-001 -3.809762e+000 1.903195e+000 -7.940703e-001 -1.814251e+000 -3.568431e+000 6.599363e-001 -1.838377e+000 -9.982555e-001 -6.250953e-001 -2.688308e-001 -1.826575e+000 -5.842594e-002 -1.043776e+000 4.955858e-001 -8.126212e-001 -1.095423e+000 7.098539e-001 -7.478555e-002 
9.038272e+000 1.228323e+001 -2.377044e+000 1.720684e+000 9.370866e-001 5.920662e-001 -4.176224e+000 1.528438e+000 -1.239425e+000 1.224446e-001 -3.076571e+000 -1.965871e-001 -2.042114e+000 -3.139723e-002 -1.441528e+000 -6.451049e-001 -2.840742e+000 3.838581e-001 -9.996242e-001 1.177437e+000 -4.453333e-001 -1.469046e+000 1.082234e+000 4.241923e-001 
8.951823e+000 1.230557e+001 -3.101077e+000 2.034548e+000 1.424455e-001 1.365960e+000 -4.219479e+000 4.831919e-001 -5.899278e-001 -5.801881e-002 -2.361556e+000 3.659945e-001 -1.831055e+000 5.822252e-002 -8.175112e-001 -8.916909e-001 -2.185718e+000 1.172924e-001 -8.610263e-001 5.742475e-001 -4.883302e-001 -1.884369e+000 7.151121e-001 8.083077e-001 
7.943339e+000 1.215499e+001 -2.424822e+000 1.738365e+000 1.059147e+000 1.875121e+000 -3.487826e+000 3.937045e-001 -1.909281e+000 -4.344613e-001 -2.084887e+000 2.334588e-001 -1.521380e+000 2.274068e-001 -5.494264e-001 -3.835281e-001 -1.966772e+000 -1.198774e-001 -1.010924e+000 5.459404e-001 -9.980605e-001 -1.474936e+000 7.395047e-001 1.402958e-001 
7.625424e+000 1.281184e+001 -3.219732e+000 6.152597e-001 3.870000e-001 1.533937e+000 -3.884774e+000 7.055678e-001 -1.731159e+000 -1.030536e+000 -2.026053e+000 3.711181e-001 -8.074027e-001 2.688435e-001 -1.118980e+000 -1.023511e+000 -2.199722e+000 -2.416728e-001 -6.071003e-001 7.053532e-001 -5.762841e-001 -1.535530e+000 4.608421e-001 3.003697e-002 
7.279412e+000 1.138023e+001 -3.716575e+000 2.058685e-001 1.168318e-001 2.099158e+000 -3.566894e+000 7.237283e-001 -1.122001e+000 -6.683023e-001 -2.435783e+000 9.615941e-001 -1.221137e+000 4.952512e-001 2.723658e-001 -2.601426e-001 -2.306989e+000 -3.346909e-001 -1.000684e+000 -7.575058e-002 -9.259112e-001 -1.412041e+000 6.049035e-001 -1.637021e-001 
7.074523e+000 1.145881e+001 -3.217275e+000 7.822405e-001 4.565705e-001 2.704603e+000 -3.683316e+000 9.455956e-001 -6.748020e-001 -1.024000e-001 -3.258314e+000 -2.936474e-002 -2.013989e+000 -7.408454e-001 -8.588340e-001 -4.782477e-001 -2.658522e+000 2.958072e-001 -6.388721e-001 8.980217e-001 -4.433465e-002 -1.581238e+000 6.476264e-001 2.101470e-001 
6.714967e+000 1.107035e+001 -4.478612e+000 1.398353e+000 7.172981e-001 8.450770e-001 -4.254941e+000 5.498719e-001 2.404823e-001 -1.236668e-001 -3.705135e+000 6.266336e-001 -2.789572e+000 -1.317115e+000 4.189347e-002 -2.294785e-001 -2.298758e+000 6.469520e-001 -1.079341e+000 3.949046e-002 -4.694300e-001 -1.754636e+000 6.697573e-001 6.948769e-001 
9.224743e+000 1.057250e+001 -4.206566e+000 2.195084e+000 -2.353453e-001 2.191185e-001 -3.569593e+000 9.622265e-001 -1.039777e+000 -6.349542e-002 -4.887697e+000 2.334152e-001 -2.894942e+000 -1.574906e+000 -3.848181e-001 4.436978e-002 -1.792050e+000 5.285120e-001 -1.968322e+000 2.211902e-001 -3.407620e-001 -1.418263e+000 1.108558e+000 5.585429e-001 
1.339546e+001 1.053276e+001 -5.209920e+000 2.239541e+000 -1.487694e+000 -1.195152e+000 -4.647512e+000 1.634820e+000 -8.346623e-001 -5.270196e-001 -4.653710e+000 -1.502669e+000 -2.543804e+000 -1.908338e+000 -2.841968e-001 6.779879e-001 -1.708805e+000 -5.260290e-001 -1.915638e+000 2.795945e-001 -6.593010e-001 -1.244633e+000 9.306730e-001 2.089907e-001 
1.360757e+001 1.123840e+001 -5.870980e+000 3.024404e+000 -3.553296e+000 -1.062169e+000 -4.502051e+000 1.584028e+000 -9.757741e-001 -5.000447e-001 -4.390552e+000 -2.523713e+000 -9.437574e-001 -2.173816e+000 -6.338546e-001 7.359537e-001 -2.635373e+000 -1.238515e-001 -1.519653e+000 1.285779e-001 -1.075748e+000 -1.011271e+000 1.035251e+000 4.331489e-001 
1.645561e+001 8.082357e+000 -9.496356e-001 7.070076e-001 -7.049336e-001 -1.291077e+000 -1.612673e+000 -6.817196e-001 -3.300944e-001 -1.053491e+000 -1.383893e+000 -6.009977e-001 3.306184e-001 -1.166405e+000 -3.652058e-001 5.806535e-001 -7.428697e-001 -7.543014e-001 -5.820024e-001 1.665211e-001 3.211495e-002 -4.562411e-001 2.067995e-001 -4.994279e-002 
9.355235e+000 1.202421e+001 -2.353326e+000 5.276582e-001 -2.895767e-001 -1.481361e+000 -2.797998e+000 9.026007e-001 -3.838123e-001 -1.788652e+000 -2.318105e+000 3.012450e-001 -9.922725e-001 -6.245710e-001 -2.012810e-001 -1.086921e+000 -1.171347e+000 -9.608350e-001 -6.836554e-001 -3.137152e-001 -3.647627e-001 -8.025838e-001 4.144771e-001 -2.170597e-001 
8.930834e+000 1.235539e+001 -3.449565e+000 1.520894e+000 8.269667e-001 -2.511746e-001 -3.948495e+000 6.972704e-001 -7.392857e-001 -1.890817e+000 -3.050342e+000 1.021688e+000 -1.737120e+000 -7.882676e-001 -7.416941e-001 -6.497986e-001 -1.989363e+000 -1.088555e-001 -1.108253e+000 4.098948e-001 -7.186816e-001 -1.224935e+000 7.545651e-001 -1.619753e-001 
9.074281e+000 1.218648e+001 -2.935442e+000 1.329995e+000 8.557958e-001 9.429716e-001 -3.899487e+000 1.938727e+000 -9.923409e-001 2.181146e-002 -2.801393e+000 2.608284e-001 -2.099444e+000 -4.117426e-001 -1.594768e+000 -1.838468e-001 -2.709599e+000 3.091308e-001 -9.960538e-001 1.108345e+000 -5.653995e-001 -1.265126e+000 1.192532e+000 3.896615e-001 
8.841732e+000 1.157101e+001 -3.187723e+000 1.585398e+000 -7.754585e-002 1.214943e+000 -3.904922e+000 8.004588e-001 -3.215180e-001 3.981341e-001 -1.825642e+000 4.833097e-001 -2.027090e+000 -5.821445e-001 -1.586215e+000 -1.511594e+000 -2.279217e+000 4.870565e-001 -8.522079e-001 7.706018e-001 -2.145320e-001 -1.439822e+000 1.192634e+000 1.106933e+000 
7.930749e+000 1.160962e+001 -2.434640e+000 1.708934e+000 8.362830e-001 1.080030e+000 -3.770470e+000 4.634381e-001 -8.967842e-001 7.727132e-002 -2.304724e+000 -2.097264e-001 -2.170003e+000 -9.752912e-002 -1.114148e+000 -6.414745e-001 -2.137993e+000 -1.019168e-002 -7.593010e-001 7.021548e-001 -7.182400e-001 -1.446267e+000 1.181200e+000 5.206074e-001 
7.012867e+000 1.192846e+001 -1.985269e+000 1.380357e+000 9.042722e-001 1.169842e+000 -4.461971e+000 1.019499e+000 -1.427975e+000 -5.305144e-002 -1.939236e+000 -4.154372e-002 -1.698143e+000 5.087053e-001 -9.010372e-001 -6.581505e-001 -2.562167e+000 -4.891470e-002 -6.523523e-001 7.276374e-001 -7.060579e-001 -1.510989e+000 8.078505e-001 1.816350e-001 
7.095437e+000 1.150064e+001 -2.283084e+000 1.346390e+000 -2.286148e-001 1.031644e+000 -4.374908e+000 1.406309e+000 -6.607139e-001 -3.823060e-001 -1.933304e+000 8.850595e-001 -6.276409e-001 1.238160e-001 -7.508132e-002 -7.937963e-001 -2.404499e+000 -1.853461e-001 -6.072318e-001 7.953224e-002 -8.216090e-001 -1.547467e+000 5.612088e-001 -2.296652e-001 
7.373362e+000 1.170472e+001 -2.139401e+000 1.335379e+000 3.564881e-001 2.099258e+000 -4.401916e+000 5.322839e-001 -6.679063e-001 3.430590e-001 -2.625167e+000 1.111657e-001 -2.237370e+000 -1.137057e+000 -1.044889e+000 -2.812227e-001 -2.149197e+000 2.989685e-001 -8.930607e-001 5.046835e-001 -2.826927e-001 -1.298485e+000 9.499244e-001 1.996635e-001 
7.449982e+000 1.139090e+001 -3.354889e+000 1.127885e+000 1.123633e+000 3.374144e-001 -4.824478e+000 -4.158384e-002 1.323295e-001 -5.895359e-001 -3.540418e+000 8.053263e-002 -2.638038e+000 -1.465615e+000 -4.636101e-001 -5.415988e-001 -2.641771e+000 4.353794e-001 -7.608239e-001 -8.072119e-002 -3.177433e-001 -1.736926e+000 1.187438e+000 8.980034e-001 
1.034182e+001 1.061808e+001 -3.118847e+000 8.393198e-001 1.824953e-001 -1.374676e+000 -3.899577e+000 -1.954202e-001 -8.410098e-001 -1.026188e+000 -3.972246e+000 2.548786e-001 -1.418978e+000 -1.292225e+000 -8.255459e-002 -8.094223e-001 -1.665413e+000 4.787430e-002 -1.708726e+000 -2.745470e-001 -3.781588e-001 -1.660854e+000 8.351045e-001 2.823625e-001 
1.359587e+001 1.072473e+001 -4.402918e+000 2.286706e+000 -1.337707e+000 -2.115486e+000 -5.189332e+000 8.347681e-001 -7.220889e-001 -4.060581e-001 -4.802956e+000 -4.592752e-001 -2.521914e+000 -1.099274e+000 -2.717427e-001 6.832604e-001 -1.743475e+000 -5.679939e-001 -2.221609e+000 1.232562e-001 -1.001542e+000 -1.303026e+000 9.427278e-001 2.431612e-001 
1.517493e+001 1.008449e+001 -4.417277e+000 2.530218e+000 -2.516985e+000 -2.491515e+000 -4.981144e+000 2.210942e-001 -2.778942e-001 -5.041280e-001 -3.478947e+000 -3.035504e+000 -6.194681e-001 -2.295171e+000 4.504478e-001 7.749829e-001 -2.350790e+000 -8.997830e-001 -1.538304e+000 -2.759433e-001 -8.375309e-001 -1.277229e+000 1.001404e+000 1.742369e-001 
