6.9320450000000005 10.70294 -8.512796 3.653254 -4.88117 -0.6181229 -2.610681 0.08096674999999999 -0.7350674 -2.643134 -5.816737 -3.1545200000000007 -0.5173868 -2.046099 -1.372861 -1.8367420000000005 0.1547942 -2.290174 -0.015097979999999999 0.4428329999999999 1.8766049999999999 -0.48588789999999993 -0.6534022999999999 -0.1800667 
6.034274 10.226150000000002 -7.881731000000001 4.648462000000001 -3.907021 -1.080577 -0.8705292 -0.5533495 -1.4963060000000001 -1.9655439999999997 -4.659081 -2.413162 0.1262556 -0.9414670000000002 -0.6636485 -1.242595 0.3349454 -1.219746 0.5542455 0.2947699 0.8322401 0.1746685 -0.14260190000000003 0.005680455 
5.358552000000001 10.58215 -8.154696 4.354997 -4.820832 -0.5375398000000001 -1.7305910000000002 -0.9711853 -1.1363450000000002 -1.9128550000000002 -4.019612000000001 -3.5386519999999995 -0.07283934000000002 -1.6679270000000002 -0.7110569 -1.032961 0.2855319 -0.7124658999999999 0.09587583 0.239525 0.37052100000000004 -0.13785080000000002 -0.14692020000000003 0.3065122 
3.6272580000000003 11.237139999999998 -9.303693 4.542923000000001 -4.489169 0.25334609999999996 -1.326681 -1.488727 0.2426051 -2.49146 -2.501144 -3.3407349999999996 0.5071 -1.15492 -0.30479609999999996 -0.7847719 0.2959064 0.09068754 -0.032109649999999997 1.19705 -0.07713506000000002 0.47716510000000006 -0.6756447000000001 0.7157593000000001 
3.9192439999999995 11.42536 -9.261843999999998 4.022306 -4.898108999999999 -0.9999808000000001 -0.7341797000000001 -0.7611663000000001 0.09800363 -1.7516429999999998 -2.889198 -3.572339 0.2616732 -1.4850949999999998 -0.2901802 -0.7616443999999999 0.02313221 -0.2699229 0.06295657 0.993315 0.4868766 0.2283648 -0.2398658 -0.004434642 
4.97766 10.407560000000002 -8.788744 2.9044449999999995 -4.265519 -0.4080124 -0.9224693999999999 -0.570799 1.022566 -2.032771 -3.670983 -2.8039969999999994 -0.1441489 -1.5278399999999999 -0.7128693000000002 -0.8528686 0.140118 -0.6330410999999999 -0.38449400000000006 1.550827 1.183584 -0.06009398 -0.8840056 0.2613493 
7.0114659999999995 10.47142 -9.338987000000001 2.7648009999999994 -4.7353689999999995 0.3307982 -0.9030908000000001 0.1926295 1.093197 -2.330527 -4.193501 -4.023623999999999 -0.4041864999999999 -1.751396 -0.5983222 -1.0572669999999997 -0.4477566 -0.3458793 -0.8274264000000001 1.4628390000000002 1.4461899999999999 -0.3843077 -0.9401539999999999 0.31852260000000004 
7.550612999999999 9.708503 -9.806151 3.037618 -5.301344 1.0859120000000002 0.10782650000000002 0.1443458 -0.2758683 -2.094911 -5.086691000000001 -4.591508 -2.530049 -0.3347928 0.1231886 -1.114509 -1.6528259999999997 -0.9838465999999999 0.08439437 0.06266379 1.634936 -0.8949166000000001 0.7185462 0.049933710000000006 
9.465693 8.295436 -9.135221 5.037669999999999 -5.066547 1.632947 -0.01866207 0.8554016999999999 0.8815431 -2.080173 -6.030611 -5.562278 -2.187825 -0.6654201999999999 0.0640912 -0.8764711 -0.7818322000000001 -1.165272 -0.21825729999999993 0.3358423 1.6457340000000005 -0.7650267 0.08194111 0.1738119 
10.55639 9.826312 -9.753863 4.270927999999999 -5.223183 0.5417883 -1.475778 -0.012047539999999999 0.9699223000000001 -2.33304 -5.445746999999999 -5.07609 -1.3196639999999997 -1.518205 -0.9753961000000001 -1.283771 -0.5756370999999999 -1.417441 -0.9094783 0.21322890000000003 1.264137 -0.11564090000000002 -0.27752 0.6710498 
12.84366 9.588364 -10.09246 4.644257 -5.157576 -0.4091996 -0.9504063 0.4997745 1.625852 -1.186744 -5.682645 -4.819427 -0.6577045999999999 -1.8245989999999996 -0.5380395 -1.3953159999999998 -0.5050434 -1.252533 -0.9725548 0.7287192 0.7466404999999999 0.107321 -0.2921657 0.7557693 
13.760329999999998 9.330045999999998 -9.60871 3.4203879999999995 -5.127926000000001 -0.6900423 -1.111868 1.3320679999999998 1.8656019999999995 -1.074255 -6.247560999999999 -4.928353 -1.508148 -1.514248 -0.4589131000000001 -1.5253440000000003 -0.592067 -1.338576 -0.6486191999999998 0.2659596 1.257811 -0.23778720000000003 -0.2790785 0.8647270000000001 
17.93642 6.178510000000001 -4.590274999999999 -0.5839236 -2.519631 -2.005755 0.4002124 0.3760927 1.400289 -1.050274 -4.714346 -3.346511 -0.9367032999999998 -0.6798039 -0.1389615 -0.09382645 -0.40062070000000005 -0.7146556 -1.008515 0.3286442 1.115959 0.052170219999999996 -0.1470254 0.384066 
9.297258 8.977686 -6.272947000000001 1.131722 -3.069091 -1.376068 -1.184575 -0.6093140999999999 0.6937666 -2.556048 -5.174081999999999 -2.451067 -0.3262901 -1.426177 -1.545928 -0.8360219999999999 -0.07885178999999999 -1.2262319999999998 -0.6239152 1.373206 1.4658099999999998 -0.06917043 -0.7012470999999999 -0.3521512 
6.897773 11.23538 -7.803126 3.9089649999999994 -4.468925 -0.9839171000000001 -1.523989 0.23636600000000002 -1.375059 -1.886861 -4.542096999999999 -2.6959729999999995 -0.09760418000000001 -1.65521 -1.4855199999999997 -1.6340070000000002 0.4844350999999999 -1.423221 0.8659616000000001 -0.18514340000000004 0.9423931999999999 -0.09944111 -0.17299829999999997 -0.0028715329999999995 
5.413182 10.440870000000002 -8.309127000000002 4.169997000000001 -4.526438 -0.2874843 -1.1616979999999997 -1.456436 -1.677284 -1.849124 -3.7922569999999998 -2.7791029999999997 0.2147934 -1.6042710000000002 -0.7747883 -1.2240719999999998 0.39537399999999995 -0.6316983 -0.007909055 0.2651477 0.6688901 -0.1975302 -0.027082700000000008 0.13148589999999996 
5.665748 10.489509999999997 -8.393479 3.1027580000000006 -4.109189 -0.5630513 -1.125338 -1.570648 0.132889 -2.365765 -2.945138 -2.7899880000000006 0.1851271 -0.8326385 -0.7751432 -0.6328725 0.273436 0.01227768 -0.15516 0.8313594999999998 0.29684210000000005 0.1594166 -0.5242394 0.6726143999999998 
4.086381 10.46646 -8.758975 3.702106999999999 -3.9885340000000005 -0.8057225 -0.6400549 -1.6217039999999998 0.07050732 -1.6248500000000001 -3.098979 -2.599411 0.607787 -1.166378 -0.6573849000000002 -0.5395659 0.028268569999999996 -0.12472780000000003 -0.5561313 1.151324 0.5299565 0.1885181 0.04344539 0.1354501 
4.889440999999999 12.22522 -8.886625 3.616667 -5.06375 -0.5226566999999999 -1.337403 -0.3559655 0.559608 -2.210511 -3.4960200000000006 -3.2708389999999996 0.24635650000000003 -1.8776659999999998 -0.8123423 -1.154187 -0.15845409999999996 -0.9607035 -0.6279108 1.308413 1.2662379999999998 -0.0037771880000000003 -0.6655836 -0.049379139999999995 
6.3265340000000005 11.090059999999998 -10.060249999999998 2.767163 -5.648412 0.5554104 -0.9973339 0.07051185 1.1520469999999998 -1.6493800000000003 -3.85173 -3.3156059999999994 -0.07008674999999999 -1.41453 -0.3524666 -1.612914 0.04138088 -0.8658289999999998 -0.29031 1.324724 1.838208 -0.5474121 -0.5159596999999999 0.4885123 
7.929687 9.907712000000002 -9.076707 2.2860720000000003 -5.225713 0.5460702 0.005103548 0.5952571 0.3249291 -1.5478400000000003 -4.512065 -4.545493 -2.58226 -1.189637 -0.12065289999999998 -1.5728860000000002 -1.1585339999999997 -0.48771990000000004 0.38171400000000005 0.5965434 1.454332 -0.9350630999999999 -0.01100773 -0.024706399999999996 
9.982163 9.717584 -8.375574 4.69217 -5.8745970000000005 0.880877 -0.9226276999999998 0.8243754 0.8222975999999999 -1.515256 -5.543891000000001 -4.929924 -1.909196 -0.3165475 -0.31573999999999997 -1.1667749999999997 -0.9841620999999999 -1.185386 0.12753879999999998 0.35755809999999993 1.433853 -0.5354221 -0.06196935999999999 0.2907587 
11.55672 8.425744 -8.446584 3.118468 -4.238254 0.2406575 -0.24943239999999994 0.06252776 1.275779 -2.597253 -5.309593 -4.821930000000001 -1.795945 -1.250644 -1.5837369999999997 -1.3678620000000001 -0.7336817 -1.0561039999999997 -0.8643140999999999 0.2668837 1.46552 0.21905219999999997 0.05484292000000001 0.7471908000000002 
12.46745 9.530359000000002 -10.05628 3.9993389999999995 -5.083573 -0.3835449 -0.5458148 0.23264379999999998 1.4358520000000001 -1.649851 -5.274833999999999 -4.744513 -0.6585036999999999 -2.1608109999999994 -0.8545279 -1.4581599999999997 -0.6108973 -0.7005523 -1.273644 0.766215 0.5669752 0.2845209 -0.2676724 0.8460888999999999 
13.860600000000002 8.7112 -10.20993 2.567432 -5.7379430000000005 -0.9969661 -1.3981010000000003 0.40774940000000004 1.116523 -1.939204 -6.190928 -5.036619000000001 -1.252632 -1.8210029999999997 -0.6318286 -1.758459 -0.9149352000000002 -1.326918 -1.427746 0.2128922 0.6773081000000001 -0.10725830000000001 -0.09530179 0.9053503000000002 
