9.251353e+000 1.116416e+001 -3.197141e+000 3.162434e+000 -9.509205e-001 -2.797175e-001 -3.106473e+000 1.660901e+000 4.039253e-001 1.228956e+000 -1.463040e+000 6.362555e-001 
9.803120e+000 1.096235e+001 -3.068121e+000 2.835866e+000 -8.166196e-001 7.039390e-002 -3.020515e+000 1.832633e+000 5.365410e-001 9.679031e-001 -1.414720e+000 7.741739e-001 
8.508335e+000 1.022841e+001 -2.857768e+000 2.699942e+000 -5.569268e-001 1.789769e+000 -3.354746e+000 2.639332e+000 -2.334646e-001 6.692599e-001 -1.519172e+000 2.794750e-001 
9.586239e+000 1.121553e+001 -3.453739e+000 2.474746e+000 -6.451223e-001 1.412532e+000 -3.477487e+000 2.569131e+000 -1.732091e-001 3.548790e-001 -1.582242e+000 4.641494e-001 
9.830944e+000 1.081875e+001 -2.942796e+000 2.465401e+000 -2.096901e-001 7.150773e-001 -2.680021e+000 1.921351e+000 3.157001e-001 5.174390e-001 -1.525065e+000 4.954236e-001 
9.966727e+000 9.869056e+000 -2.788086e+000 2.986522e+000 7.293607e-001 7.840603e-001 -1.997850e+000 1.257376e+000 -2.671553e-001 1.175113e-001 -1.542378e+000 5.356012e-001 
9.692262e+000 9.629339e+000 -1.736469e+000 2.802602e+000 1.862621e-001 6.314652e-001 -2.530862e+000 1.367969e+000 -1.274058e-001 6.884135e-001 -1.201589e+000 1.409778e-001 
1.005608e+001 1.020100e+001 -2.077768e+000 2.225856e+000 -3.793448e-001 6.546982e-001 -1.833784e+000 1.758370e+000 -9.632244e-004 7.244827e-001 -1.586200e+000 -5.805404e-001 
1.103439e+001 1.072094e+001 -2.500129e+000 2.433138e+000 8.896074e-002 -2.396183e-001 -2.417439e+000 1.641519e+000 6.853713e-001 6.037307e-001 -1.527389e+000 -1.283902e-001 
1.164698e+001 1.035180e+001 -2.593662e+000 2.167282e+000 1.660475e-003 8.014917e-002 -2.509926e+000 2.072700e+000 4.330817e-001 7.773581e-001 -1.319366e+000 -2.863706e-001 
1.181894e+001 9.706083e+000 -2.636986e+000 2.611227e+000 6.350867e-001 -6.589414e-001 -2.393991e+000 1.915757e+000 6.197913e-001 7.548514e-001 -8.343164e-001 -3.009061e-001 
1.251235e+001 8.940272e+000 -1.889587e+000 2.141317e+000 1.042567e+000 -6.989048e-001 -2.216980e+000 1.611077e+000 3.662831e-001 5.649339e-001 -2.109163e-001 -7.624203e-001 
1.272606e+001 8.398931e+000 -8.791176e-001 1.697620e+000 6.324117e-001 -3.883851e-001 -2.157506e+000 1.759824e+000 -9.792952e-002 4.487463e-001 -1.813121e-001 -1.194500e+000 
1.289411e+001 8.226667e+000 -1.012666e+000 1.745922e+000 1.030590e+000 -6.405602e-001 -1.864623e+000 1.689856e+000 4.148344e-001 3.343372e-001 -6.604418e-001 -1.287719e+000 
1.286861e+001 7.238576e+000 -1.761083e+000 1.758163e+000 1.427818e+000 2.688390e-001 -2.489258e+000 1.897770e+000 8.784399e-001 2.860405e-001 -4.700066e-001 -1.007191e+000 
1.317075e+001 7.189145e+000 -2.414058e+000 2.244778e+000 1.246507e+000 3.807006e-001 -3.161801e+000 1.897412e+000 7.949157e-001 1.061868e-001 -3.589617e-001 -1.033782e+000 
1.350136e+001 7.324198e+000 -2.752653e+000 2.279885e+000 5.182082e-001 3.851348e-001 -2.422127e+000 1.638715e+000 4.608284e-001 5.010778e-001 9.602152e-002 -6.024749e-001 
1.360115e+001 7.872970e+000 -3.569212e+000 2.118252e+000 1.183542e-001 6.632614e-001 -1.741422e+000 1.829148e+000 -9.512416e-003 4.724255e-001 2.619506e-001 -7.645584e-001 
1.489886e+001 7.292010e+000 -3.008794e+000 2.070452e+000 2.824646e-001 6.928746e-001 -2.007524e+000 1.046861e+000 -4.208614e-001 5.631520e-001 5.194805e-001 -2.411561e-001 
1.005263e+001 8.913950e+000 -1.757371e+000 1.955281e+000 8.855749e-003 -3.368605e-001 -2.145004e+000 8.909016e-001 1.790741e-001 2.644027e-001 -8.073173e-001 4.422745e-001 
8.991256e+000 9.986799e+000 -3.391638e+000 3.281333e+000 -6.220058e-002 -9.631145e-004 -2.443156e+000 1.383512e+000 5.280308e-001 9.985413e-001 -1.370553e+000 8.093931e-001 
9.491979e+000 9.480185e+000 -2.139530e+000 2.476145e+000 -3.649130e-001 1.040605e+000 -3.147181e+000 2.585264e+000 5.131631e-001 7.380307e-001 -1.550299e+000 2.089417e-001 
9.509610e+000 1.147926e+001 -3.162451e+000 2.548138e+000 -5.842836e-001 8.484577e-001 -2.976119e+000 2.308482e+000 2.913052e-001 7.956759e-001 -1.462748e+000 2.488622e-001 
9.726769e+000 1.058451e+001 -2.783853e+000 2.268638e+000 -3.595095e-001 8.329675e-001 -3.359426e+000 2.346647e+000 4.260595e-001 7.188953e-001 -1.195845e+000 4.717367e-001 
9.358465e+000 1.098599e+001 -2.373686e+000 2.411675e+000 1.366470e-001 -1.788001e-001 -2.486455e+000 1.219525e+000 1.833306e-001 3.593839e-001 -1.444967e+000 2.490323e-001 
1.012693e+001 1.016591e+001 -1.853100e+000 2.537088e+000 1.513417e-001 4.805206e-001 -2.600167e+000 1.792178e+000 2.723148e-001 3.282906e-001 -1.556882e+000 1.292053e-001 
1.049599e+001 1.070943e+001 -2.070461e+000 2.288624e+000 -1.936686e-001 5.881942e-001 -2.339576e+000 1.951798e+000 1.934723e-001 5.916155e-001 -1.690756e+000 -3.226197e-001 
1.030769e+001 1.024012e+001 -2.161294e+000 3.265001e+000 2.940254e-001 4.424367e-002 -2.825334e+000 1.261663e+000 -1.161950e-001 9.022000e-001 -1.341273e+000 3.696103e-002 
1.078273e+001 1.071733e+001 -3.382810e+000 2.499184e+000 5.601009e-001 2.726752e-001 -3.105305e+000 1.771739e+000 -1.275442e-002 3.949881e-001 -1.647680e+000 -9.079973e-002 
1.168905e+001 1.026736e+001 -3.250230e+000 2.537077e+000 6.408100e-001 -3.619387e-001 -2.485465e+000 2.052372e+000 6.697296e-001 5.114407e-001 -1.466760e+000 -7.167040e-001 
1.219118e+001 9.059769e+000 -2.061478e+000 2.780357e+000 9.305850e-001 -8.111237e-001 -2.322494e+000 1.853421e+000 5.148252e-001 4.162339e-001 -1.156016e+000 -1.056252e+000 
1.181090e+001 7.513928e+000 -5.675094e-001 2.416571e+000 1.686201e+000 -2.902606e-001 -2.162081e+000 1.584924e+000 -1.792974e-001 1.689083e-001 -3.749020e-001 -1.370962e+000 
1.263419e+001 8.146809e+000 -1.142007e+000 1.685903e+000 9.385699e-001 -5.297130e-001 -1.793619e+000 1.862032e+000 4.279368e-001 1.499073e-001 -7.557967e-001 -1.316003e+000 
1.362193e+001 7.969465e+000 -1.561983e+000 9.212102e-001 8.643356e-001 -5.950609e-001 -2.245138e+000 1.550663e+000 6.293604e-001 1.470320e-001 -7.202387e-001 -1.019345e+000 
1.358545e+001 7.465068e+000 -2.109936e+000 1.557646e+000 2.026408e-001 -7.522098e-003 -3.189866e+000 1.986962e+000 7.108512e-001 1.274130e-001 -6.384341e-001 -1.305270e+000 
1.323113e+001 7.238460e+000 -2.565029e+000 1.880933e+000 8.772306e-001 6.831547e-001 -2.856691e+000 1.750144e+000 -4.903467e-002 -2.170272e-001 -5.826495e-002 -8.748503e-001 
1.330868e+001 7.621191e+000 -3.012678e+000 2.218231e+000 9.824316e-001 9.842683e-001 -1.680020e+000 1.673920e+000 -2.539556e-001 -1.756798e-001 -2.860491e-001 -1.006990e+000 
