4.517301e+000 1.232079e+001 2.003108e+000 2.758885e+000 1.496147e+000 -1.430358e+000 -1.887064e+000 -2.579664e-002 8.448294e-002 -5.472424e-001 -5.852989e-001 3.053232e-001 
2.714344e+000 1.403543e+001 6.350571e-001 3.980616e+000 1.197094e+000 -9.879240e-001 -2.337529e+000 5.935133e-002 1.165865e-002 -3.139206e-001 -1.031038e+000 7.091353e-001 
2.460185e+000 1.423643e+001 4.105188e-001 3.902969e+000 1.426704e+000 -9.333771e-001 -2.315428e+000 -7.088952e-002 8.682369e-002 -3.284488e-001 -9.932975e-001 7.899265e-001 
3.342133e+000 1.357411e+001 7.930908e-001 3.089064e+000 1.702367e+000 -1.257890e+000 -2.005899e+000 1.900361e-001 4.957795e-001 -5.112874e-001 -8.494462e-001 2.865214e-001 
3.601933e+000 1.341533e+001 9.132338e-001 2.993056e+000 1.304017e+000 -1.469622e+000 -1.915835e+000 6.423638e-001 1.038246e+000 -5.181239e-001 -9.278899e-001 -3.543672e-001 
3.916076e+000 1.330903e+001 1.438148e+000 2.640207e+000 7.992263e-001 -1.525551e+000 -1.694855e+000 7.687320e-001 1.248292e+000 -6.141238e-001 -9.681422e-001 -1.421652e-001 
5.697441e+000 1.238800e+001 2.050184e+000 2.106223e+000 4.717557e-001 -1.874318e+000 -1.505706e+000 6.961960e-001 1.439262e+000 -5.498658e-001 -1.194497e+000 5.231312e-002 
3.720074e+000 1.509628e+001 -1.921990e-001 3.934504e+000 -1.825609e-001 -1.830943e+000 -1.523923e+000 5.697159e-001 1.561943e+000 -6.309493e-001 -1.652722e+000 -6.421987e-001 
6.712108e+000 1.296135e+001 1.084105e+000 2.311565e+000 2.694299e-001 -2.271613e+000 -8.439085e-001 8.091661e-001 1.076538e+000 -5.390710e-001 -1.917264e+000 -1.181169e+000 
5.767898e+000 1.442830e+001 9.827932e-002 2.478770e+000 -1.522491e-001 -1.920053e+000 -3.321686e-001 6.603239e-001 5.693585e-001 -8.866791e-001 -1.706699e+000 -7.782090e-001 
5.804817e+000 1.391014e+001 -1.848343e-002 2.419797e+000 3.871935e-001 -8.625913e-001 -4.668433e-001 8.203266e-002 3.950439e-002 -1.136855e+000 -1.357630e+000 -2.784248e-001 
5.309258e+000 1.463765e+001 -8.134283e-001 2.797696e+000 -1.010418e-001 3.404729e-001 -8.284079e-001 -1.158571e-001 -1.013677e-001 -1.000113e+000 -1.385359e+000 -4.537930e-001 
5.811366e+000 1.288180e+001 7.765338e-001 1.901613e+000 1.284422e+000 8.530428e-002 -7.140702e-001 -6.034341e-001 -3.367668e-001 -1.151034e+000 -1.084260e+000 5.832379e-002 
5.390374e+000 1.345656e+001 -2.503745e-001 2.356766e+000 1.458775e+000 9.788344e-001 -1.067307e+000 -8.020139e-001 -5.194201e-001 -1.206719e+000 -9.424146e-001 1.193952e-001 
7.128755e+000 1.151196e+001 5.398881e-001 1.718724e+000 2.284116e+000 1.110489e+000 -9.395581e-001 -1.420853e+000 -6.276221e-001 -7.875369e-001 -6.990412e-001 -5.057292e-002 
4.992736e+000 1.403483e+001 -1.827909e+000 3.551855e+000 1.368024e+000 2.161650e+000 -1.343272e+000 -1.675839e+000 -7.512180e-001 -1.212071e-001 -7.901489e-001 -4.134544e-001 
6.280318e+000 1.195657e+001 -1.570931e-002 2.037463e+000 2.525894e+000 1.678146e+000 -8.021508e-001 -2.087982e+000 -7.570938e-001 -1.954891e-001 -3.716347e-001 -1.881509e-001 
5.247793e+000 1.279349e+001 -8.596080e-001 2.895939e+000 2.481423e+000 1.570805e+000 -8.165587e-001 -1.906191e+000 -8.253656e-001 -2.187602e-001 -1.317159e-001 -1.800274e-001 
1.275191e+001 7.219573e+000 1.677491e+000 1.005832e+000 1.082513e+000 4.485670e-001 -5.036664e-001 -6.494763e-001 -8.756015e-002 4.041644e-003 -3.520791e-001 -3.705366e-001 
8.769696e+000 9.016197e+000 2.793515e+000 1.840624e+000 8.641478e-001 -8.053155e-001 -1.229663e+000 -3.516591e-001 -5.743787e-002 -5.381601e-001 -4.145353e-001 1.692433e-001 
4.962201e+000 1.158995e+001 2.251840e+000 2.771860e+000 1.647758e+000 -1.298474e+000 -1.894053e+000 -1.781509e-001 2.016031e-001 -6.717169e-001 -6.097431e-001 4.461088e-001 
2.616134e+000 1.390997e+001 7.699553e-001 3.796128e+000 1.409055e+000 -1.006313e+000 -2.213350e+000 -1.645692e-001 1.330493e-001 -3.225034e-001 -1.030752e+000 8.241592e-001 
3.439515e+000 1.327851e+001 9.574125e-001 3.096225e+000 1.830576e+000 -1.235129e+000 -2.000292e+000 -3.852253e-002 3.448032e-001 -5.247443e-001 -7.523842e-001 4.698032e-001 
3.620775e+000 1.331992e+001 9.215504e-001 2.868014e+000 1.542872e+000 -1.394599e+000 -1.988297e+000 5.159772e-001 9.101668e-001 -5.531874e-001 -9.100708e-001 -1.359205e-001 
3.007169e+000 1.412288e+001 7.717329e-001 3.215466e+000 5.923377e-001 -1.272665e+000 -1.941638e+000 8.080890e-001 1.227032e+000 -5.503652e-001 -1.021326e+000 -2.925424e-001 
4.753113e+000 1.292965e+001 1.757861e+000 2.389552e+000 5.823855e-001 -1.825354e+000 -1.592990e+000 7.284793e-001 1.468247e+000 -5.885006e-001 -1.133918e+000 3.617861e-002 
4.506874e+000 1.381920e+001 9.889292e-001 3.051588e+000 2.028969e-001 -2.151046e+000 -1.422391e+000 5.337905e-001 1.613668e+000 -4.906975e-001 -1.676955e+000 -2.620634e-001 
5.051005e+000 1.418368e+001 2.640527e-001 3.188164e+000 2.079760e-001 -2.286089e+000 -1.140632e+000 6.422419e-001 1.365101e+000 -5.797866e-001 -1.873712e+000 -1.132331e+000 
7.265288e+000 1.278010e+001 1.287589e+000 1.702742e+000 6.549836e-002 -2.136077e+000 -4.958677e-001 1.015245e+000 5.607330e-001 -8.479882e-001 -1.632214e+000 -1.035944e+000 
4.573733e+000 1.508331e+001 -7.436276e-001 3.380294e+000 -1.453260e-001 -8.808038e-001 -8.145594e-001 2.052132e-001 1.584645e-001 -9.530438e-001 -1.448327e+000 -3.030853e-001 
7.094460e+000 1.258930e+001 7.216918e-001 1.503434e+000 6.472180e-001 -3.830195e-001 -3.173632e-001 -9.913884e-002 -8.836035e-002 -1.136352e+000 -1.360456e+000 -4.126555e-001 
4.423580e+000 1.459487e+001 -5.951459e-001 3.163323e+000 3.751992e-001 3.423694e-001 -1.155261e+000 -2.852131e-001 -2.748620e-001 -9.001226e-001 -1.244982e+000 -1.848811e-001 
5.399729e+000 1.355459e+001 -1.577573e-001 2.111169e+000 1.337191e+000 7.940051e-001 -9.195763e-001 -6.937758e-001 -4.592679e-001 -1.284758e+000 -1.028685e+000 1.947493e-001 
5.815847e+000 1.265965e+001 5.047381e-002 2.240084e+000 1.979229e+000 1.009386e+000 -1.069644e+000 -1.208110e+000 -4.930795e-001 -9.977357e-001 -8.021294e-001 9.179934e-003 
6.006102e+000 1.270684e+001 -6.260303e-001 2.447325e+000 2.249877e+000 1.333694e+000 -8.256566e-001 -1.878634e+000 -5.831531e-001 -3.512047e-001 -7.388389e-001 -3.773814e-001 
6.082474e+000 1.223107e+001 -2.197579e-001 2.186490e+000 2.459941e+000 1.688859e+000 -8.231188e-001 -2.109908e+000 -6.472575e-001 -2.128927e-001 -5.333869e-001 -3.339082e-001 
6.259084e+000 1.160027e+001 1.164962e-001 2.073431e+000 2.774138e+000 1.543499e+000 -7.352106e-001 -1.895850e+000 -9.219366e-001 -2.590902e-001 -1.989941e-001 -1.413717e-001 
