1.430024e+001 1.056727e+001 -3.501625e+000 3.127256e+000 -2.656591e-001 -8.582945e-001 -2.114919e+000 -7.180190e-001 2.179150e+000 -6.421969e-001 -5.160167e-001 -4.817051e-001 
1.420369e+001 1.071999e+001 -3.516083e+000 3.209876e+000 -3.882105e-001 -1.270448e+000 -2.131747e+000 -5.809266e-001 1.907009e+000 -2.381463e-001 -9.569165e-001 -5.334706e-001 
1.362924e+001 1.145198e+001 -4.300093e+000 3.305734e+000 -1.417668e-002 -1.199606e+000 -2.320637e+000 -3.524433e-001 1.866694e+000 -2.960027e-001 -9.574202e-001 -3.262574e-001 
1.358662e+001 1.131929e+001 -3.870650e+000 3.555032e+000 -6.763623e-001 -3.664122e-001 -2.763617e+000 4.078069e-001 2.924792e-001 5.247234e-001 -1.001866e+000 -1.779860e-001 
1.366620e+001 1.131005e+001 -3.504194e+000 3.559588e+000 -2.464947e-001 -9.381757e-001 -2.260044e+000 -6.056700e-002 5.232650e-001 2.862458e-001 -7.966437e-001 -2.924936e-001 
1.403529e+001 1.097104e+001 -3.833331e+000 3.657525e+000 -5.030863e-001 -7.924948e-001 -2.347650e+000 -9.079838e-002 2.794814e-001 1.931928e-001 -8.420252e-001 -3.076851e-001 
1.298029e+001 1.166847e+001 -4.881170e+000 4.750690e+000 -1.951805e+000 1.824014e-001 -3.101097e+000 6.035757e-002 -3.988148e-001 4.627582e-001 -7.079956e-001 -4.613310e-001 
1.374388e+001 1.019159e+001 -2.857364e+000 3.095771e+000 -8.216499e-001 -7.478492e-001 -1.904654e+000 -6.708732e-001 9.302343e-002 1.907084e-001 -5.317913e-001 -7.794938e-001 
1.258067e+001 1.137915e+001 -4.037375e+000 3.599137e+000 -2.126676e+000 6.497273e-001 -2.515652e+000 9.951460e-002 -6.883348e-001 3.863603e-001 -7.922119e-001 -5.714291e-001 
1.234187e+001 1.077857e+001 -3.239358e+000 3.326854e+000 -1.601619e+000 8.561423e-001 -2.062589e+000 2.062954e-003 -9.907239e-001 2.707116e-001 -2.830455e-001 -4.149420e-001 
1.132909e+001 1.053912e+001 -3.202576e+000 3.014730e+000 -9.440116e-001 9.278921e-001 -1.699930e+000 -2.398081e-002 -4.912418e-001 1.290335e-001 -4.164794e-001 -3.051485e-001 
1.094566e+001 1.079322e+001 -3.877961e+000 3.533869e+000 -1.774374e+000 1.681429e+000 -2.309388e+000 1.056642e+000 -5.052545e-001 6.303377e-001 -8.729018e-001 -3.360722e-001 
1.227123e+001 9.938063e+000 -2.980836e+000 2.062680e+000 -1.134329e+000 1.053012e+000 -1.381751e+000 3.376651e-001 -1.636333e-002 1.042811e-001 -5.258964e-001 -3.207875e-001 
1.296953e+001 8.932204e+000 -3.069372e+000 2.480882e+000 -2.242835e+000 1.139723e+000 -1.765442e+000 4.764941e-001 -1.452966e-001 2.352047e-001 -1.352368e-001 -8.651680e-001 
1.387479e+001 8.735590e+000 -3.550564e+000 3.479363e+000 -2.880283e+000 1.576927e+000 -2.828885e+000 1.311015e+000 -1.703035e-001 2.681375e-001 -3.641253e-001 -6.453690e-001 
1.467144e+001 9.754566e+000 -4.437685e+000 4.823036e+000 -2.710823e+000 1.679454e+000 -2.870751e+000 1.809026e+000 4.301656e-001 1.274262e-001 -5.884600e-001 -2.769853e-001 
1.405206e+001 1.011501e+001 -3.680453e+000 3.875977e+000 -2.191435e+000 2.183782e-001 -1.961160e+000 8.040933e-001 1.342891e+000 -3.825253e-001 -6.419430e-001 -5.152718e-001 
1.518842e+001 8.245380e+000 -2.116371e+000 3.168121e+000 -1.345855e+000 -2.278819e-001 -1.321118e+000 -3.832839e-001 1.430105e+000 -6.367500e-001 -1.271898e-001 -5.385423e-001 
1.438802e+001 1.019109e+001 -3.523031e+000 3.102314e+000 -2.320004e-001 -9.245134e-001 -2.291520e+000 -6.761405e-001 2.369229e+000 -6.968022e-001 -5.593939e-001 -6.017262e-001 
1.395887e+001 1.087059e+001 -3.766600e+000 2.961058e+000 -1.480876e-001 -1.428942e+000 -2.149017e+000 -8.475047e-001 2.088588e+000 -4.858558e-001 -8.737042e-001 -4.411332e-001 
1.372387e+001 1.112803e+001 -4.010532e+000 2.987225e+000 -3.735368e-001 -1.077160e+000 -2.261574e+000 -6.379267e-001 1.950713e+000 -6.390782e-001 -7.666359e-001 -3.377679e-001 
1.371818e+001 1.097400e+001 -4.236741e+000 3.278412e+000 -6.218012e-001 -7.282465e-001 -3.097324e+000 2.731526e-001 5.019872e-001 3.173050e-001 -1.176149e+000 -1.533548e-001 
1.321663e+001 1.113210e+001 -4.079804e+000 3.414671e+000 -9.192195e-001 -6.277677e-001 -2.990344e+000 -1.398702e-002 3.118135e-001 1.970067e-001 -9.204544e-001 -2.975315e-001 
1.349693e+001 1.082556e+001 -4.223020e+000 3.500355e+000 -1.055514e+000 -8.091715e-001 -2.819043e+000 6.949012e-002 -2.123155e-001 2.693513e-001 -9.743305e-001 -3.019058e-001 
1.258550e+001 1.152598e+001 -5.208634e+000 4.663835e+000 -2.230104e+000 -1.538885e-001 -3.111569e+000 -5.695186e-002 -4.145512e-001 2.907609e-001 -6.727366e-001 -5.663135e-001 
1.246390e+001 1.126751e+001 -4.820174e+000 4.363586e+000 -2.149604e+000 -2.222266e-001 -2.906401e+000 -1.864106e-001 -6.153862e-001 4.556134e-001 -7.459356e-001 -6.102858e-001 
1.307206e+001 1.018198e+001 -2.880081e+000 2.711929e+000 -1.329378e+000 -6.441998e-002 -2.038271e+000 -3.739685e-001 -3.093030e-001 2.600140e-001 -4.835616e-001 -8.931072e-001 
1.194626e+001 1.063002e+001 -3.738007e+000 3.207042e+000 -2.408032e+000 1.013985e+000 -2.395451e+000 -8.050223e-003 -1.195883e+000 5.389168e-001 -4.876209e-001 -7.060309e-001 
1.107514e+001 9.903179e+000 -2.744467e+000 2.758253e+000 -1.115123e+000 6.150683e-001 -1.745089e+000 -7.517896e-001 -1.074086e+000 1.447115e-001 1.186364e-001 -4.973451e-001 
1.096211e+001 1.045531e+001 -3.962666e+000 3.657181e+000 -1.955558e+000 1.418856e+000 -2.743559e+000 4.276424e-001 -1.174700e+000 6.614108e-001 -6.086947e-001 -4.480230e-001 
1.114141e+001 1.075911e+001 -3.607273e+000 2.963042e+000 -2.361529e+000 2.211628e+000 -2.086709e+000 1.039859e+000 -7.413787e-001 8.668010e-001 -5.879859e-001 -4.367962e-001 
1.266754e+001 9.619677e+000 -2.964877e+000 2.757157e+000 -1.925848e+000 1.583265e+000 -1.337220e+000 5.685020e-001 -1.089655e-001 4.820708e-001 -2.145237e-001 -7.976195e-001 
1.378809e+001 8.969141e+000 -3.188873e+000 3.782276e+000 -2.746030e+000 1.678945e+000 -2.375358e+000 1.309672e+000 -2.647115e-001 5.596500e-001 -3.118524e-001 -8.093527e-001 
1.454282e+001 9.000460e+000 -4.584361e+000 4.124279e+000 -2.851471e+000 1.261959e+000 -2.953843e+000 1.651697e+000 2.636641e-001 -7.074163e-003 -5.200685e-001 -4.177556e-001 
1.438993e+001 9.926919e+000 -3.452640e+000 3.832302e+000 -2.100937e+000 4.845215e-001 -1.824044e+000 1.232669e+000 1.143451e+000 -2.100058e-001 -5.907500e-001 -3.183102e-001 
