1.354034e+001 2.061334e+001 -6.300522e+000 3.538509e+000 -6.490514e+000 -2.857422e+000 -2.332076e+000 1.514679e+000 2.236960e+000 -2.588687e+000 -1.588148e+000 -1.290025e+000 5.477597e-001 -8.605809e-001 9.418681e-001 -1.183280e+000 -8.965242e-002 -1.358373e+000 -1.961565e+000 1.828595e-001 2.496483e-001 1.791093e-001 -1.334779e+000 -9.901892e-002 
1.416631e+001 1.934585e+001 -4.859040e+000 3.048902e+000 -5.779925e+000 -3.297244e+000 -2.156679e+000 1.007901e+000 2.500634e+000 -2.327742e+000 -1.898242e+000 -8.480650e-001 2.008363e-001 -5.922752e-001 2.542316e-001 -7.822471e-001 -2.780896e-001 -9.039779e-001 -1.990846e+000 1.238852e-002 4.002285e-001 6.127902e-002 -1.411590e+000 -5.759014e-002 
1.309698e+001 2.060384e+001 -5.575304e+000 3.719560e+000 -6.310805e+000 -2.380359e+000 -2.676207e+000 1.116301e+000 2.734401e+000 -2.443278e+000 -1.118677e+000 -1.293461e+000 4.598608e-001 -1.164565e+000 4.718006e-001 -7.109234e-001 -1.040272e-001 -8.764051e-001 -2.083527e+000 2.201961e-001 2.121082e-001 2.853585e-001 -1.510812e+000 -4.275929e-002 
1.678512e+001 1.605052e+001 -2.199321e+000 -2.982070e-002 -3.414581e+000 -3.550774e+000 -1.982710e+000 1.014333e+000 2.474230e+000 -1.649823e+000 -1.998327e+000 -9.941275e-002 -9.789786e-001 -8.414458e-001 5.859770e-001 -1.792327e-001 -3.218667e-001 -8.801118e-001 -1.815310e+000 -3.296433e-001 8.873778e-001 -9.291354e-002 -1.206635e+000 -2.735811e-001 
1.553510e+001 1.763515e+001 -3.749742e+000 4.893745e-001 -4.136025e+000 -3.110558e+000 -1.605524e+000 1.608868e+000 2.367996e+000 -1.984287e+000 -1.383234e+000 -3.271532e-001 -1.375992e+000 -5.393376e-001 9.175086e-001 -4.818145e-001 4.212913e-003 -6.379345e-001 -2.288542e+000 -4.433736e-001 1.233619e+000 6.738930e-002 -1.484122e+000 2.615473e-001 
1.605840e+001 1.610796e+001 -1.857972e+000 -1.325604e+000 -3.617987e+000 -3.436196e+000 -8.509837e-001 1.804440e+000 2.117751e+000 -1.872953e+000 -1.996370e+000 -4.741113e-001 -1.211117e+000 -1.919297e-001 5.933862e-001 -1.934631e-001 2.195983e-001 -6.744600e-001 -2.127885e+000 -7.607500e-001 1.078491e+000 1.631645e-001 -9.404988e-001 6.737092e-002 
1.277640e+001 1.968684e+001 -4.061172e+000 1.463382e-001 -5.269454e+000 -1.858202e+000 -1.142412e+000 2.008360e+000 2.512200e+000 -1.804195e+000 -2.066595e+000 -1.321920e+000 -8.158433e-001 -2.434175e-001 8.963015e-001 -2.580138e-002 9.688268e-002 -9.431303e-001 -1.596207e+000 -4.487282e-001 1.833040e-001 3.524517e-001 -4.475715e-001 -1.669002e-001 
1.535379e+001 1.616947e+001 -2.563748e+000 -2.632699e-001 -3.328920e+000 -3.823616e+000 -9.274727e-001 1.777901e+000 2.873793e+000 -1.006732e+000 -2.738207e+000 -1.315449e+000 -7.321686e-001 -1.405769e-002 5.980566e-001 9.268457e-002 -2.032539e-001 -8.925162e-001 -1.501697e+000 -5.534047e-001 5.500452e-001 1.207162e-001 -5.348240e-001 -6.248195e-002 
1.282136e+001 1.882218e+001 -5.370482e+000 3.098882e+000 -4.469406e+000 -2.894038e+000 -2.323202e+000 2.123044e+000 2.297043e+000 -1.724501e+000 -1.233960e+000 -1.340108e+000 9.926965e-002 -1.085927e+000 3.635805e-001 -4.301417e-001 4.369369e-001 -7.937628e-002 -2.442705e+000 -1.806977e-001 9.721417e-001 3.664272e-001 -1.088058e+000 -1.008260e-001 
1.227124e+001 1.965999e+001 -6.169789e+000 3.788997e+000 -5.017812e+000 -1.954152e+000 -2.645767e+000 2.349296e+000 2.406065e+000 -2.481789e+000 -7.820615e-001 -1.759091e+000 1.110625e+000 -1.436009e+000 4.300917e-001 -6.857407e-001 2.232032e-001 3.197759e-001 -2.392151e+000 2.000011e-001 5.985755e-001 4.126245e-001 -1.237488e+000 -1.553143e-001 
1.233220e+001 1.910798e+001 -5.575876e+000 4.015179e+000 -5.200685e+000 -1.464103e+000 -2.245232e+000 2.138159e+000 2.177153e+000 -2.527447e+000 -1.478998e+000 -1.673877e+000 1.687814e+000 -1.191197e+000 -1.199510e-001 -6.539676e-001 1.117247e-001 -2.645853e-002 -1.850452e+000 1.240244e-001 5.323538e-001 4.994889e-001 -1.422563e+000 -6.803405e-001 
1.145895e+001 2.021428e+001 -5.951713e+000 4.033029e+000 -5.136627e+000 -1.673801e+000 -2.343291e+000 1.865035e+000 2.868387e+000 -3.351076e+000 -1.527435e+000 -1.999821e+000 1.512308e+000 -5.985887e-001 5.828151e-003 -4.916251e-001 -1.413219e-001 -1.081547e-001 -1.965853e+000 4.098806e-001 7.433325e-001 5.080607e-001 -1.665984e+000 -9.876276e-001 
1.343119e+001 1.747732e+001 -2.664367e+000 1.085846e+000 -3.358015e+000 -2.995680e+000 -1.336469e+000 2.179552e+000 1.945392e+000 -2.596211e+000 -2.624822e+000 -8.703438e-001 1.204874e+000 9.280635e-002 -4.807349e-001 -4.377411e-001 -2.627970e-001 -5.195613e-001 -1.588104e+000 7.631369e-002 1.059328e+000 1.452706e-001 -1.035144e+000 -1.208664e+000 
1.455011e+001 1.634757e+001 -1.816056e+000 -3.948126e-001 -2.328170e+000 -2.987756e+000 -1.123984e+000 2.407406e+000 1.178428e+000 -1.992285e+000 -2.700159e+000 -1.206768e+000 1.417951e+000 -5.707683e-002 -4.108501e-001 -3.143732e-001 -5.485810e-001 -5.043312e-001 -1.250118e+000 4.323641e-002 9.083315e-001 6.300631e-002 -1.115300e+000 -1.164638e+000 
1.212316e+001 1.978929e+001 -4.410755e+000 1.160010e+000 -3.414635e+000 -1.864040e+000 -1.152668e+000 1.840028e+000 1.092554e+000 -2.429803e+000 -2.267298e+000 -1.191138e+000 1.861073e+000 -5.652643e-001 -4.091212e-001 -3.068802e-001 -4.508057e-001 -3.892969e-001 -1.349492e+000 1.497010e-001 5.492474e-001 2.890332e-001 -1.120848e+000 -9.734066e-001 
1.368930e+001 1.753737e+001 -2.374161e+000 -3.945683e-001 -2.368317e+000 -2.175938e+000 -8.838367e-001 1.641673e+000 6.914411e-001 -2.231268e+000 -2.191809e+000 -8.208932e-001 1.182791e+000 -2.145850e-001 -6.818685e-001 -2.397173e-001 -1.899623e-001 -4.294493e-001 -1.136470e+000 -1.273250e-002 5.678715e-001 -6.297902e-002 -9.239052e-001 -8.844783e-001 
1.246050e+001 1.888145e+001 -2.985743e+000 -2.549496e-002 -2.466363e+000 -2.219095e+000 -8.962943e-001 1.445061e+000 7.866905e-001 -2.229032e+000 -2.086454e+000 -8.341605e-001 1.302427e+000 -2.795577e-001 -9.083702e-001 -1.456520e-001 -1.803145e-001 -3.225176e-001 -1.106925e+000 -1.271272e-001 5.126164e-001 -1.014064e-001 -7.419817e-001 -9.882662e-001 
1.101003e+001 2.066380e+001 -4.233883e+000 8.795688e-001 -3.335908e+000 -1.559302e+000 -9.942954e-001 1.108812e+000 9.018472e-001 -2.211438e+000 -1.896895e+000 -1.205722e+000 1.648907e+000 -6.984681e-001 -6.672444e-001 -1.819825e-001 -1.873459e-001 -2.658853e-001 -1.074166e+000 1.095970e-001 3.075121e-002 9.566180e-003 -7.887452e-001 -8.943457e-001 
1.189989e+001 1.892270e+001 -2.759057e+000 -1.982430e-001 -2.375597e+000 -2.258306e+000 -8.850020e-001 1.059433e+000 7.632568e-001 -2.100556e+000 -2.462145e+000 -6.777136e-001 1.397972e+000 -5.518038e-001 -8.428274e-001 2.258171e-002 -1.229478e-001 -2.803275e-001 -9.481222e-001 -1.406651e-001 2.202015e-001 -1.867200e-001 -5.511586e-001 -9.422382e-001 
1.060205e+001 2.081001e+001 -4.649775e+000 1.843234e+000 -3.484884e+000 -1.526194e+000 -9.106805e-001 7.050764e-001 9.024578e-001 -2.286590e+000 -1.701118e+000 -8.451352e-001 1.633148e+000 -9.293793e-001 -6.398760e-001 -2.691490e-001 -2.274415e-001 -4.441043e-002 -1.046155e+000 3.590048e-002 -1.524294e-001 1.149274e-001 -5.932644e-001 -6.303844e-001 
1.647483e+001 1.426950e+001 -5.414038e-001 -1.455283e+000 -1.359695e+000 -2.175637e+000 -8.532085e-001 7.344846e-001 4.331584e-001 -1.687103e+000 -2.044446e+000 -3.436332e-001 5.464529e-001 -2.121967e-001 -7.780912e-001 -3.438646e-001 -1.513643e-002 -2.726525e-001 -5.556795e-001 -3.555399e-001 1.052593e-001 -6.321033e-002 -5.456220e-001 -5.857556e-001 
1.954165e+001 1.379524e+001 -8.814499e-001 -1.628773e+000 -3.298232e+000 -3.700665e+000 -1.129024e+000 1.253790e+000 1.346770e+000 -1.754593e+000 -2.061674e+000 -4.000317e-001 -3.964886e-001 1.616687e-001 3.079558e-001 -4.936722e-001 -5.193837e-001 -1.106334e+000 -1.382281e+000 -1.678491e-001 4.187105e-001 -3.183498e-001 -5.785172e-001 -1.092818e-001 
1.537700e+001 1.769673e+001 -3.647607e+000 1.776605e+000 -4.891158e+000 -3.918757e+000 -1.754177e+000 9.753490e-001 2.268030e+000 -2.190300e+000 -2.175852e+000 -4.106957e-001 -2.114159e-001 -2.681645e-001 1.211167e-001 -7.403443e-001 -2.587244e-001 -1.124581e+000 -1.811190e+000 -9.727764e-002 4.538728e-001 -1.619472e-003 -1.233011e+000 -1.911773e-001 
1.555420e+001 1.689062e+001 -2.507814e+000 1.233705e+000 -4.529078e+000 -3.946418e+000 -1.735722e+000 7.788125e-001 2.257675e+000 -1.788895e+000 -2.058985e+000 -5.063881e-001 -4.230487e-001 -2.239652e-001 -4.180945e-002 -5.465854e-001 -2.119830e-001 -1.148589e+000 -1.666274e+000 -1.614823e-001 5.442870e-001 -1.323919e-001 -1.223790e+000 -1.888297e-001 
1.530735e+001 1.702983e+001 -2.511600e+000 7.826223e-001 -4.076715e+000 -3.582781e+000 -2.146004e+000 1.021287e+000 2.624246e+000 -1.959610e+000 -1.933106e+000 -1.550145e-001 -5.713191e-001 -5.979468e-001 5.840252e-002 -4.459243e-001 -1.871724e-001 -8.383152e-001 -1.728596e+000 -3.211574e-001 6.703341e-001 -1.037530e-001 -1.151369e+000 -1.572316e-001 
1.589473e+001 1.633872e+001 -2.777329e+000 2.378949e-001 -3.617049e+000 -3.711514e+000 -1.847401e+000 1.486552e+000 2.350849e+000 -1.773461e+000 -1.933097e+000 -3.860108e-001 -9.019747e-001 -6.905099e-001 6.089629e-001 -3.243069e-001 -1.732787e-001 -6.623874e-001 -2.123576e+000 -4.063900e-001 1.134032e+000 -6.939555e-002 -1.315027e+000 -6.694477e-002 
1.505378e+001 1.695913e+001 -2.953133e+000 -4.865541e-003 -4.062564e+000 -3.578480e+000 -1.332662e+000 1.671386e+000 2.417548e+000 -2.114848e+000 -1.781761e+000 -4.607651e-001 -1.463896e+000 -1.162598e-001 9.268621e-001 -4.577684e-001 5.461489e-002 -5.968113e-001 -2.277334e+000 -6.595841e-001 1.395234e+000 9.886447e-002 -1.402570e+000 2.698891e-001 
1.421246e+001 1.779963e+001 -2.827546e+000 -7.505777e-001 -4.072845e+000 -2.875211e+000 -1.027788e+000 1.804099e+000 2.544533e+000 -1.997582e+000 -2.167330e+000 -6.876162e-001 -1.104332e+000 -2.289642e-001 6.633712e-001 3.042127e-002 3.018717e-001 -7.262254e-001 -2.013069e+000 -6.909059e-001 8.959293e-001 2.421104e-001 -9.191383e-001 -7.833706e-002 
1.201046e+001 1.996123e+001 -4.866097e+000 1.194386e+000 -5.420178e+000 -1.880357e+000 -1.440873e+000 2.141962e+000 2.736569e+000 -1.403398e+000 -2.394038e+000 -1.901766e+000 -7.452016e-001 -2.547988e-001 1.273124e+000 9.124235e-002 -2.560810e-001 -9.755199e-001 -1.247399e+000 -3.812188e-001 -1.844466e-002 2.784605e-001 -5.275301e-001 -2.279976e-001 
1.336360e+001 1.870145e+001 -5.289346e+000 2.289845e+000 -4.158906e+000 -3.099551e+000 -1.573914e+000 1.659903e+000 2.713711e+000 -1.509092e+000 -1.827921e+000 -1.300119e+000 -4.572007e-001 -5.698322e-001 3.784144e-001 -1.940933e-001 2.789174e-001 -4.103901e-001 -2.004333e+000 -4.258047e-001 7.241143e-001 2.074121e-001 -8.328775e-001 4.155983e-002 
1.430383e+001 1.652337e+001 -3.343830e+000 1.147862e+000 -3.004279e+000 -3.786876e+000 -1.772529e+000 2.172081e+000 2.272687e+000 -1.571893e+000 -1.590228e+000 -7.951360e-001 -2.062866e-001 -6.221108e-001 -1.563820e-001 -2.216021e-001 3.237092e-001 -2.165857e-001 -2.151420e+000 -3.705726e-001 1.230661e+000 1.170237e-001 -8.970293e-001 -2.414939e-001 
1.345381e+001 1.770833e+001 -4.294616e+000 2.515135e+000 -3.972149e+000 -2.499827e+000 -1.819692e+000 1.832713e+000 2.207899e+000 -2.057910e+000 -1.728489e+000 -1.016195e+000 8.362386e-001 -7.107219e-001 -3.847899e-001 -5.434158e-001 6.567804e-002 1.137103e-001 -1.936078e+000 -1.041777e-001 8.719283e-001 8.094027e-002 -1.030654e+000 -5.369039e-001 
1.504421e+001 1.546896e+001 -2.290747e+000 1.028559e+000 -2.835957e+000 -2.952693e+000 -1.410791e+000 1.742487e+000 2.177405e+000 -2.061345e+000 -2.339186e+000 -7.994930e-001 5.322632e-001 -1.245779e-001 -5.053605e-001 -2.755525e-001 -1.859506e-001 -3.396072e-001 -1.445173e+000 -2.233782e-001 1.126410e+000 -3.868463e-002 -1.116855e+000 -9.421215e-001 
1.143921e+001 1.978170e+001 -5.315159e+000 3.351007e+000 -4.821808e+000 -1.867330e+000 -2.071644e+000 2.215089e+000 2.633450e+000 -3.122667e+000 -1.887091e+000 -1.731365e+000 1.594910e+000 -5.055725e-001 -1.227094e-001 -5.310568e-001 -1.890177e-001 -1.507802e-001 -2.016620e+000 4.612453e-001 8.043392e-001 4.231144e-001 -1.460741e+000 -1.274298e+000 
1.177361e+001 1.936431e+001 -4.177244e+000 2.267039e+000 -4.029714e+000 -2.317758e+000 -1.487841e+000 2.474882e+000 1.767624e+000 -2.728567e+000 -2.412346e+000 -1.405547e+000 1.774866e+000 -4.128483e-001 -2.536761e-001 -5.525805e-001 -1.561841e-001 -3.173792e-001 -1.721835e+000 2.872376e-001 6.367547e-001 4.583941e-001 -1.365022e+000 -1.183907e+000 
1.213241e+001 1.937865e+001 -4.245782e+000 1.476099e+000 -3.733252e+000 -1.833383e+000 -1.543255e+000 2.483577e+000 1.074701e+000 -2.329807e+000 -2.338839e+000 -1.577722e+000 2.167988e+000 -8.267970e-001 -2.434071e-002 -5.425849e-001 -5.255147e-001 -1.415020e-001 -1.589357e+000 3.975791e-001 4.423345e-001 3.687828e-001 -1.244994e+000 -1.096306e+000 
1.126389e+001 2.078031e+001 -5.051611e+000 1.679474e+000 -3.842480e+000 -1.297621e+000 -1.356774e+000 1.737264e+000 1.033457e+000 -2.604877e+000 -1.821974e+000 -1.569432e+000 2.047281e+000 -7.790280e-001 -2.426498e-001 -3.861598e-001 -3.129696e-001 -3.877292e-001 -1.330864e+000 2.154595e-001 3.431775e-001 3.476754e-001 -1.245607e+000 -7.984778e-001 
1.111824e+001 2.054053e+001 -4.901497e+000 1.617219e+000 -3.652735e+000 -1.487259e+000 -1.228401e+000 1.684388e+000 9.232463e-001 -2.722564e+000 -1.534927e+000 -1.365638e+000 1.768904e+000 -6.701987e-001 -5.100679e-001 -4.808671e-001 -6.415542e-002 -2.184400e-001 -1.409595e+000 1.821463e-001 1.853905e-001 4.186772e-001 -1.200531e+000 -7.880037e-001 
1.049203e+001 2.100773e+001 -4.692899e+000 1.268337e+000 -3.595084e+000 -1.456108e+000 -1.088874e+000 1.270002e+000 7.939941e-001 -2.301138e+000 -1.627353e+000 -1.402280e+000 1.798140e+000 -7.655850e-001 -6.142388e-001 -3.089843e-001 -1.239623e-001 -2.068077e-001 -1.255772e+000 1.826877e-001 6.116744e-002 2.036770e-001 -9.705418e-001 -7.940642e-001 
1.086781e+001 2.019398e+001 -3.912919e+000 4.890279e-001 -3.040826e+000 -1.695000e+000 -9.666562e-001 1.189812e+000 8.278115e-001 -2.057372e+000 -2.176860e+000 -1.135139e+000 1.734955e+000 -7.862120e-001 -7.772204e-001 5.440407e-002 -2.729849e-001 -3.238406e-001 -1.009288e+000 6.777416e-002 3.083710e-002 -5.146593e-002 -6.828846e-001 -1.002218e+000 
9.798370e+000 2.137989e+001 -4.948159e+000 1.838986e+000 -3.709388e+000 -1.350652e+000 -1.191148e+000 1.016840e+000 9.482984e-001 -2.530000e+000 -1.506889e+000 -1.203501e+000 1.915493e+000 -1.153811e+000 -4.843645e-001 -1.862647e-001 -2.854694e-001 -1.004465e-001 -1.227505e+000 2.758487e-001 -1.812722e-001 7.099291e-002 -6.716615e-001 -7.416421e-001 
9.694014e+000 2.162646e+001 -5.625432e+000 2.382032e+000 -3.516453e+000 -1.477917e+000 -1.026875e+000 8.072786e-001 1.009213e+000 -2.548684e+000 -1.185676e+000 -1.244510e+000 1.960530e+000 -1.257347e+000 -6.165479e-001 -4.157364e-001 -1.484196e-001 1.406314e-001 -1.171537e+000 7.154023e-002 -3.137311e-001 2.919580e-001 -8.098743e-001 -5.125721e-001 
