1.008122e+001 8.853014e+000 -2.341581e+000 4.245202e+000 -6.058435e-001 2.793388e+000 -1.921180e+000 2.108927e+000 -7.943736e-001 -4.613746e-001 -1.260428e+000 3.048391e-001 
1.430833e+001 6.990917e+000 -2.954612e+000 4.842371e+000 -1.334725e+000 2.425775e+000 -1.851233e+000 1.664505e+000 -4.634826e-001 -2.124571e-001 -9.672453e-001 5.669805e-001 
1.487964e+001 9.867535e+000 -4.983073e+000 3.693178e+000 -5.005797e-001 2.013993e+000 -2.331076e+000 2.353407e+000 -9.614213e-001 -1.197597e+000 -1.288114e+000 1.313461e-002 
1.179338e+001 8.864484e+000 -4.138727e+000 3.315574e+000 -3.993806e-001 1.914479e+000 -2.067540e+000 1.875393e+000 -2.255141e-001 -6.997230e-001 -8.528427e-001 9.883453e-002 
1.271303e+001 8.646943e+000 -3.613940e+000 3.517878e+000 -1.103407e+000 1.901412e+000 -1.921432e+000 1.956153e+000 -2.832332e-001 -1.504527e+000 -1.115964e+000 1.360823e-001 
1.349979e+001 8.405536e+000 -4.187240e+000 2.733762e+000 -7.763499e-001 1.276399e+000 -1.916204e+000 2.038212e+000 -4.339720e-002 -9.054951e-001 -8.464560e-001 4.470051e-001 
1.180701e+001 9.083477e+000 -3.755931e+000 3.600124e+000 -3.253948e-001 1.957552e+000 -2.256295e+000 2.001106e+000 -6.422672e-001 -1.041292e+000 -1.816598e+000 2.303699e-001 
1.257863e+001 6.786798e+000 -1.632419e+000 1.953710e+000 7.977006e-001 1.280199e-001 -9.265920e-001 9.327057e-001 2.889895e-001 -9.334539e-001 -7.980625e-001 2.164245e-001 
1.015109e+001 7.774315e+000 -2.354756e+000 3.014104e+000 -7.540019e-001 2.132228e+000 -1.366530e+000 2.187335e+000 -6.178885e-002 -1.918747e-001 -9.833323e-001 7.035573e-002 
1.428401e+001 5.794019e+000 -2.877729e+000 3.848460e+000 -1.411439e+000 1.692303e+000 -1.694001e+000 1.294446e+000 -2.527385e-001 -3.901779e-001 -9.217239e-001 4.909926e-001 
1.541072e+001 9.136494e+000 -4.548530e+000 3.128687e+000 -3.296670e-001 1.563839e+000 -1.885223e+000 1.964395e+000 -7.507915e-001 -1.369866e+000 -1.137827e+000 -4.911948e-002 
1.136622e+001 9.850238e+000 -4.635077e+000 3.778041e+000 -7.083871e-001 2.114469e+000 -2.087872e+000 2.600909e+000 -1.463830e-001 -2.854597e-001 -7.387052e-001 1.219517e-001 
1.273556e+001 8.693711e+000 -3.400350e+000 3.520180e+000 -4.252417e-001 1.999171e+000 -1.515449e+000 2.061228e+000 3.166352e-001 -1.150282e+000 -9.195163e-001 1.764129e-001 
1.294995e+001 7.892928e+000 -4.168670e+000 2.807740e+000 -8.985716e-001 1.335259e+000 -1.576513e+000 2.325203e+000 2.812545e-001 -6.704437e-001 -7.607553e-001 4.162172e-001 
1.195361e+001 9.128968e+000 -3.631235e+000 2.937456e+000 -4.398126e-001 1.656576e+000 -1.693697e+000 2.508333e+000 -3.732942e-001 -7.017433e-001 -1.133175e+000 2.331876e-001 
