-2.100990e+001 2.039044e+001 -1.324939e+000 -1.727554e-001 7.063081e+000 5.844758e+000 -3.347567e+000 -5.932122e+000 3.885206e+000 -2.765323e+000 -4.592002e+000 -2.700525e+000 4.888855e-001 -3.006701e+000 -2.883285e+000 3.115509e+000 1.822271e+000 -7.445283e-001 -2.292890e+000 1.010146e+000 1.357176e+000 -1.787411e+000 -1.781422e-001 -3.000191e-001 -1.134093e+000 -7.995472e-001 -5.582978e-001 -6.690742e-001 -1.539219e+000 -3.069386e-001 2.337417e-001 2.587611e-001 -1.372369e-001 9.869593e-002 6.341692e-002 -6.615088e-001 
-1.757615e+001 1.794027e+001 -9.449047e-001 4.050614e-001 7.424897e+000 4.177372e+000 -3.513300e+000 -4.120106e+000 1.639848e+000 -1.502828e+000 -3.987839e+000 -2.618284e+000 -3.236435e-001 -1.578036e+000 -1.904795e+000 3.989684e-001 9.358166e-001 -1.283646e+000 -1.802553e+000 4.136939e-001 1.140783e+000 -8.848010e-001 -1.119730e+000 -1.008052e+000 -1.191276e+000 -1.037252e+000 -6.986289e-001 2.412984e-002 -3.242124e-001 -9.343313e-001 1.055894e-002 6.387326e-001 5.177861e-001 7.036419e-002 -2.594918e-001 -2.957939e-001 
-2.212264e+001 2.248504e+001 -1.647427e+000 -1.728858e-002 8.103952e+000 4.239905e+000 -2.609786e+000 -6.563464e+000 4.755984e+000 -2.176462e+000 -3.772581e+000 -1.475663e+000 4.931299e-001 -1.323325e+000 -3.343378e+000 1.774043e+000 7.955089e-001 -8.506632e-001 -2.465593e+000 -1.009367e-001 8.666612e-001 -3.088898e+000 2.278109e-001 -2.691631e-001 -7.964960e-001 1.866628e-001 -1.689699e+000 9.140604e-002 -8.987796e-001 -3.196530e-001 3.496205e-001 3.240494e-001 9.811494e-001 -2.723301e-001 -4.382049e-001 -7.257112e-001 
-1.896935e+001 1.882228e+001 -2.421060e+000 -6.507621e-001 6.928449e+000 2.916558e+000 -4.060868e+000 -3.523917e+000 2.944217e+000 -1.078540e+000 -3.026054e+000 -1.124058e+000 1.505113e-001 -2.621525e+000 -2.498379e+000 8.515555e-001 1.621163e+000 -1.251259e+000 -2.661783e+000 -5.244743e-001 4.162619e-001 -1.341968e+000 -1.024333e+000 -2.935312e-002 1.449880e-001 -1.747188e-001 -9.993487e-001 -6.728811e-001 -3.310231e-001 8.566667e-002 1.750900e-001 -8.560570e-002 5.817574e-002 1.022181e-002 -5.718335e-001 -9.884744e-001 
-2.095170e+001 1.955711e+001 -2.806242e+000 -2.336765e+000 6.640343e+000 3.465777e+000 -4.539512e+000 -6.050802e+000 3.994094e+000 -1.086843e+000 -4.062313e+000 -1.685979e+000 -4.638182e-002 -2.409257e+000 -2.365607e+000 1.438553e+000 1.147987e+000 -1.784454e+000 -2.395062e+000 6.088256e-001 6.006166e-001 -2.135535e+000 -6.957528e-001 4.047473e-001 -8.225871e-001 -1.182415e+000 -1.371221e+000 -3.032820e-001 -1.891999e-001 4.353997e-003 1.249730e-001 -4.344350e-001 -5.691858e-002 5.147088e-001 -2.831066e-001 -5.669348e-001 
-2.218778e+001 2.083417e+001 -3.417787e+000 -1.301708e+000 7.518388e+000 3.639929e+000 -3.660200e+000 -7.232334e+000 3.716858e+000 -2.530432e+000 -2.105731e+000 -1.223075e+000 -5.381173e-001 -6.345240e-001 -1.956137e+000 1.976432e+000 4.118412e-001 -8.985498e-001 -1.478991e+000 5.168151e-002 2.174142e+000 -1.970818e+000 -4.312288e-001 -3.470013e-001 -1.164044e+000 -6.624625e-001 -9.993891e-001 -2.240892e-001 -7.885651e-001 -1.133513e-001 2.174228e-001 -5.468867e-001 6.916300e-001 -5.558012e-002 -4.592495e-001 -6.428571e-001 
-2.155495e+001 1.813966e+001 -5.634152e+000 -1.931589e-001 8.061895e+000 1.384028e+000 -3.602488e+000 -3.780519e+000 1.819600e+000 -3.227769e+000 -9.444640e-001 -7.192158e-001 -1.395376e+000 -7.142624e-001 -8.572731e-001 -1.785184e-001 8.662640e-001 1.224706e+000 -1.922042e+000 -4.095274e-001 3.375602e+000 -6.145892e-001 -1.791693e+000 -2.312072e-001 3.203669e-001 -1.024380e+000 -9.559368e-001 3.193723e-001 -3.595806e-002 -6.555365e-001 -9.298448e-001 -2.815442e-001 4.507419e-001 -3.389737e-001 -4.084337e-002 -1.837061e-001 
-2.025483e+001 1.967333e+001 -4.586723e+000 4.959150e-001 8.551510e+000 1.214466e+000 -3.070740e+000 -2.520687e+000 1.788860e+000 -3.671199e+000 -9.709653e-001 -9.859210e-001 -1.901414e+000 -1.432279e+000 -9.411003e-001 1.944755e-001 1.303450e+000 8.890262e-001 -2.247585e+000 -4.750350e-001 2.515204e+000 -1.129664e+000 -2.107715e+000 -3.609914e-001 -1.548649e-001 -7.102704e-001 -6.710652e-001 8.531092e-002 -2.949805e-001 -6.289405e-001 -5.265278e-001 2.443014e-001 6.353815e-001 -3.010024e-001 -2.308372e-001 7.747492e-002 
-2.254411e+001 2.142770e+001 -3.152995e+000 -3.394191e-001 7.629215e+000 2.377174e+000 -2.431161e+000 -4.543154e+000 5.112939e+000 -2.676654e+000 -2.580574e+000 -7.322017e-001 -1.025914e+000 -1.904316e+000 -2.293781e+000 2.073611e+000 9.526319e-001 -6.628210e-001 -1.638277e+000 -7.555933e-001 7.618394e-001 -2.352618e+000 -7.349837e-001 -9.472141e-001 -1.027708e+000 1.855268e-001 -6.071162e-001 2.786407e-001 -7.943077e-001 -5.219387e-001 -5.691077e-002 1.809342e-001 8.924337e-001 -1.947337e-001 -3.931877e-002 -5.585175e-001 
-2.187688e+001 1.938309e+001 -1.539349e+000 -5.649640e-001 5.944520e+000 4.932029e+000 -1.977738e+000 -4.211433e+000 3.244237e+000 -1.010901e+000 -2.062252e+000 -2.034773e+000 -9.778558e-001 -3.419031e+000 -2.158221e+000 1.743648e+000 1.309590e+000 -8.818236e-001 -2.567981e+000 5.370962e-001 8.690093e-001 -2.463609e+000 -1.197108e+000 -7.742829e-001 -8.693655e-001 -3.099114e-001 -2.194462e-001 -3.453450e-001 -7.672766e-001 -3.221864e-001 2.532069e-001 6.684820e-001 9.752693e-001 -2.118760e-001 -6.474483e-001 -2.709768e-001 
-1.782131e+001 1.562300e+001 -1.776677e+000 2.077318e+000 6.641735e+000 4.295753e+000 -4.025779e+000 -2.043126e+000 1.560447e+000 -8.634050e-001 -1.649734e+000 -1.947402e+000 -7.006060e-001 -3.764047e+000 -1.608248e+000 1.231386e+000 2.552835e+000 -8.755957e-001 -2.658133e+000 2.537433e-001 1.105264e+000 -9.524170e-001 -1.710055e+000 -8.955036e-001 -4.598591e-001 -2.885028e-002 -4.749356e-001 -8.458561e-001 -9.690511e-001 -7.828985e-001 1.290885e-001 4.707240e-001 3.309748e-001 -1.199762e-002 -1.408354e-001 -1.062124e+000 
-6.814062e+000 1.210946e+001 -2.368144e+000 6.828960e+000 3.980487e+000 6.524693e+000 -3.761049e+000 -2.333856e-001 -1.008322e-002 -1.915686e+000 -1.052060e+000 -1.815783e+000 -1.110261e+000 -2.482895e+000 -8.275511e-001 -7.752299e-001 8.688968e-001 -8.540377e-002 -1.774993e+000 -6.343599e-001 -1.590010e-001 -1.733409e+000 -1.321732e+000 -5.608050e-001 -1.073861e-001 -9.578412e-001 -7.594971e-001 -6.295046e-001 4.054430e-001 2.518697e-001 -5.406480e-001 5.769840e-001 7.289077e-001 -3.919169e-002 3.946845e-001 2.734563e-001 
-1.554619e+000 1.227871e+001 -3.788081e+000 7.079320e+000 6.865371e+000 7.021881e+000 -4.716947e+000 -1.626735e+000 -1.023252e+000 -2.423819e+000 -6.621634e-002 -3.018558e+000 -1.081360e+000 -2.961276e+000 -5.314700e-001 7.800938e-001 1.072338e+000 7.097649e-001 -2.644711e+000 -5.482877e-001 1.771455e-001 -6.438843e-001 -8.294176e-001 -4.597837e-001 1.135069e-001 -1.144069e+000 -1.592264e+000 -4.857489e-001 6.079924e-002 -5.587436e-001 1.781112e-001 1.636613e-001 -1.545784e-001 1.129936e-001 -1.385968e-001 5.792830e-001 
-2.427524e+000 1.573256e+001 -3.944378e+000 5.519659e+000 6.088422e+000 9.921246e+000 -6.252723e+000 -3.615315e+000 -3.477976e-001 -1.656376e+000 -1.562016e+000 -3.227155e+000 1.857806e+000 -5.142461e+000 -6.742752e-001 1.268716e+000 9.530819e-001 6.287029e-001 -2.332445e+000 -1.252452e-001 -1.240215e-001 -5.034947e-001 -1.179372e+000 -3.082832e-001 2.668002e-001 -9.565502e-001 -1.736155e+000 -5.998201e-001 -3.823561e-001 -1.246554e+000 1.015996e+000 4.512633e-001 9.486105e-002 -1.788121e-001 -3.275209e-001 -1.596712e-001 
1.770491e+000 1.293293e+001 -2.865904e+000 3.900600e+000 7.351688e+000 9.312440e+000 -6.494106e+000 -3.883931e+000 5.070919e-001 -2.439196e+000 -2.518475e+000 -1.898227e+000 8.681728e-001 -3.559411e+000 -1.122911e+000 8.569093e-001 5.787490e-001 -1.952914e-001 -2.275580e+000 5.942750e-001 -2.692693e-001 -1.401391e+000 -8.498183e-001 -4.449917e-001 2.714422e-002 -9.995562e-001 -1.196979e+000 -5.929524e-001 -4.021916e-001 -6.739443e-001 2.657490e-001 5.586835e-001 6.605963e-002 -1.601077e-001 -1.184852e-001 4.735045e-001 
2.653529e+000 1.226969e+001 -3.196084e+000 4.447412e+000 7.012768e+000 9.667853e+000 -6.536045e+000 -3.420589e+000 -5.639822e-002 -2.709648e+000 -1.918805e+000 -1.751782e+000 8.357964e-001 -3.530645e+000 -6.427483e-001 6.027369e-001 3.743032e-001 2.016674e-001 -2.657600e+000 -4.542669e-002 3.645962e-001 -1.076344e+000 -8.723142e-001 -5.603753e-001 -4.538484e-001 -4.911733e-001 -1.606910e+000 -5.378807e-001 -3.624772e-002 -9.367545e-001 3.696818e-001 6.702227e-001 3.565353e-001 -6.279757e-001 -3.753847e-001 5.446274e-001 
-6.326399e-001 1.529456e+001 -5.032933e+000 6.343377e+000 6.075230e+000 1.091802e+001 -7.852398e+000 -3.524020e+000 9.818031e-001 -1.883920e+000 -1.276065e+000 -2.192312e+000 2.584448e+000 -5.704560e+000 -2.547259e-001 8.368586e-001 1.048314e+000 2.476744e-001 -2.857183e+000 -1.994174e-001 -5.266396e-001 -1.052662e+000 -1.196023e+000 -2.002331e-001 -1.246768e+000 -7.672945e-002 -5.303066e-001 -4.913305e-001 -1.361807e-002 -1.131294e+000 5.915638e-001 -5.784421e-002 2.198302e-001 -1.111223e-001 5.372480e-001 5.826134e-001 
2.186883e+000 1.326051e+001 -3.133808e+000 4.982828e+000 6.517209e+000 9.518891e+000 -7.059897e+000 -2.836362e+000 1.657671e+000 -1.086427e+000 -1.901588e+000 -3.050794e+000 1.477974e+000 -4.359344e+000 -1.261452e+000 2.376145e+000 7.560433e-001 1.826552e-001 -2.694333e+000 5.876855e-002 2.815169e-001 -1.975502e+000 -6.781037e-001 -6.210671e-001 -1.700256e+000 -6.934463e-002 2.907590e-001 -1.442885e-001 -3.254027e-001 -1.070750e+000 3.275505e-001 2.138662e-001 -8.290789e-002 1.966807e-001 -9.316199e-002 1.797703e-001 
7.835648e-001 1.506119e+001 -3.628963e+000 5.221478e+000 4.019612e+000 9.487030e+000 -6.668473e+000 -4.212395e+000 2.733442e+000 -1.387446e+000 -2.711853e+000 -3.280123e+000 2.737167e+000 -4.088050e+000 -1.462920e+000 2.550089e+000 -2.235758e-002 -3.206193e-001 -3.233118e+000 1.163786e-001 4.055419e-001 -1.790924e+000 -8.580239e-001 -4.168232e-001 -7.645286e-001 -3.773671e-001 3.691155e-001 -4.659743e-001 -5.781928e-001 -1.534574e+000 -2.076523e-001 9.239956e-001 -8.676430e-002 4.783960e-001 -1.820601e-001 1.741594e-001 
-1.542879e+000 1.685934e+001 -2.886006e+000 5.217094e+000 1.836814e+000 1.180494e+001 -7.747579e+000 -5.669765e+000 3.482902e+000 -1.122382e+000 -2.596265e+000 -3.491307e+000 4.422457e+000 -5.547625e+000 -7.340844e-001 1.431389e+000 1.934613e-001 -2.916546e-001 -3.341636e+000 9.759177e-001 2.373710e-001 -1.440621e+000 -1.723334e+000 -2.580199e-001 -1.230244e+000 -1.569019e-001 6.116653e-001 -3.046266e-001 -5.069275e-001 -1.486680e+000 -1.946690e-002 2.907025e-001 1.878456e-001 -5.172574e-002 2.315760e-001 3.635646e-001 
-1.117410e+000 1.687912e+001 -1.828628e+000 4.004176e+000 2.229025e+000 1.148574e+001 -8.016281e+000 -4.510826e+000 2.667821e+000 -9.816525e-001 -2.751062e+000 -3.937589e+000 4.174947e+000 -5.050904e+000 -1.330444e+000 2.420104e+000 4.541030e-001 -2.265887e+000 -2.920357e+000 1.977018e+000 -3.961214e-001 -1.490040e+000 -1.041284e+000 -5.039312e-001 -1.548895e+000 -3.833176e-001 1.402932e+000 -6.714310e-001 -6.221192e-001 -1.451806e+000 -1.487206e-001 5.959991e-001 1.394923e-001 3.110139e-001 1.547186e-001 -7.151129e-001 
-7.210835e-001 1.600792e+001 -7.969771e-001 3.179558e+000 1.992157e+000 1.137505e+001 -7.054084e+000 -4.263586e+000 1.784920e+000 -5.513936e-001 -2.952579e+000 -3.810609e+000 4.212588e+000 -5.257670e+000 -1.639820e+000 3.013749e+000 3.045286e-001 -2.366072e+000 -2.704063e+000 2.288804e+000 -9.854097e-001 -2.106823e+000 -4.235212e-001 -4.636218e-001 -1.207573e+000 -5.910814e-001 7.889107e-001 -2.165420e-001 -8.894403e-001 -1.319109e+000 5.362800e-001 -8.985263e-002 -4.724045e-001 1.224079e+000 1.738348e-001 -1.191597e+000 
-9.235403e-001 1.602802e+001 -1.229441e+000 4.140058e+000 2.977957e+000 1.019744e+001 -6.424997e+000 -4.468220e+000 1.423807e+000 -2.102033e+000 -9.425264e-001 -3.141660e+000 2.485487e+000 -4.732775e+000 -2.086714e+000 3.696700e+000 -8.682001e-001 -1.162543e+000 -2.118985e+000 1.384022e+000 -3.901356e-001 -2.211285e+000 -1.622342e-002 -9.479170e-001 -8.163071e-001 -9.414755e-001 2.317630e-001 -7.998863e-002 -6.242849e-001 -1.302306e+000 2.007688e-001 3.251549e-001 -7.175918e-001 1.683007e+000 -3.866189e-001 -7.593907e-001 
-8.259373e-001 1.522856e+001 -7.263022e-001 3.764701e+000 3.440793e+000 9.186965e+000 -4.606923e+000 -4.150035e+000 -4.515119e-001 -1.548288e+000 -1.188043e+000 -2.810892e+000 2.119788e+000 -4.825461e+000 -1.673909e+000 3.600081e+000 -8.610363e-001 -8.559805e-001 -1.590689e+000 5.928996e-001 -5.575584e-001 -2.127448e+000 -1.015362e-001 2.800700e-001 -1.292471e+000 -1.262253e+000 5.842509e-001 -6.079977e-001 -4.081665e-001 -7.640586e-001 -2.057993e-001 4.865872e-001 -8.423587e-001 1.129408e+000 3.189902e-001 -7.092541e-001 
-4.029187e+000 1.289462e+001 5.846134e-001 2.651232e+000 4.942221e+000 5.517098e+000 -2.708594e+000 -2.726481e+000 6.956269e-001 -1.040411e+000 -1.087803e+000 -9.532529e-001 1.081559e+000 -2.096763e+000 -1.740519e+000 2.590378e+000 3.755373e-001 -5.132368e-001 -7.317739e-001 1.969076e-001 6.933311e-001 -1.533622e+000 -5.422149e-002 5.316086e-001 -7.977935e-001 -1.915495e-001 -3.186781e-001 -2.714210e-001 -6.270244e-002 -3.258400e-001 1.684672e-001 3.075618e-001 -1.621840e-001 3.886626e-001 2.042383e-001 -5.100791e-001 
-1.977127e+001 2.008578e+001 -2.124762e+000 -1.215994e+000 6.428531e+000 6.026329e+000 -3.046327e+000 -5.361593e+000 3.912385e+000 -6.888628e-001 -2.597711e+000 -1.254184e+000 5.882001e-001 -2.072022e+000 -2.290366e+000 1.636289e+000 1.115449e+000 -1.422126e+000 -2.158609e+000 7.201295e-001 8.298907e-001 -1.804888e+000 -4.321246e-001 -4.654693e-001 -6.839389e-001 -7.378936e-001 -7.805340e-001 1.505792e-001 -6.890846e-001 -3.490106e-001 -7.482582e-002 -4.474226e-002 1.780901e-001 2.127813e-001 4.924391e-003 -6.599131e-001 
-2.136455e+001 2.066458e+001 -2.314137e+000 -2.050949e+000 6.487387e+000 3.932901e+000 -3.358570e+000 -6.099472e+000 2.945365e+000 -2.162114e+000 -3.495867e+000 -1.605317e+000 -2.121400e-001 -2.648054e+000 -2.456108e+000 1.686605e+000 1.033155e+000 -1.581941e+000 -2.127705e+000 5.128805e-001 4.126403e-001 -2.097303e+000 -2.135457e-001 -7.054127e-001 -1.015909e+000 -1.089428e-001 -4.428064e-001 -4.094975e-002 -1.000903e+000 -7.514692e-001 -2.304777e-001 -4.965056e-001 3.971894e-002 4.139946e-001 9.268667e-002 -8.042103e-001 
-2.265056e+001 2.196857e+001 -2.326666e+000 -1.749777e+000 7.620561e+000 5.306840e+000 -3.903331e+000 -7.589957e+000 4.767460e+000 -2.311910e+000 -5.066821e+000 -1.628573e+000 1.638639e+000 -2.065799e+000 -3.297376e+000 3.137228e+000 1.158436e+000 -2.471134e+000 -2.145100e+000 1.264773e+000 7.830945e-002 -3.050298e+000 8.864097e-001 -3.920439e-001 -1.516091e+000 2.204574e-001 -6.097132e-001 -7.485506e-001 -1.176367e+000 6.595072e-002 4.084004e-001 -4.286289e-001 7.414244e-001 -3.172850e-001 -4.193279e-001 -6.460667e-001 
-2.144562e+001 1.780657e+001 -2.846382e+000 -8.738158e-001 7.970444e+000 3.852654e+000 -3.662850e+000 -3.724204e+000 3.096562e+000 -8.654587e-001 -2.557920e+000 -6.827102e-001 9.224318e-001 -1.386669e+000 -2.243421e+000 5.715853e-001 5.972203e-001 -1.196483e+000 -1.871441e+000 -6.137898e-002 2.502711e-001 -1.738976e+000 -1.195609e+000 -1.297065e-001 -3.443398e-001 -4.865861e-001 -4.510194e-001 6.429057e-002 1.806488e-001 -3.744345e-002 -3.271667e-001 -5.517668e-001 6.307866e-002 5.478091e-001 3.062953e-001 -3.323366e-001 
-2.513851e+001 1.865390e+001 -3.404173e+000 -1.735671e+000 8.021110e+000 4.909627e+000 -2.070822e+000 -5.751407e+000 4.398100e+000 -2.110365e+000 -3.427151e+000 -1.274350e+000 3.416219e-001 -1.241300e+000 -2.408795e+000 2.287774e+000 9.342760e-001 -1.435052e+000 -1.793232e+000 5.923497e-001 1.777149e+000 -1.618037e+000 -5.534693e-002 1.986581e-001 -1.822163e+000 -1.316285e+000 -9.289718e-001 1.314379e-001 -6.881664e-002 5.098625e-002 -6.551743e-001 -9.068220e-001 3.022737e-001 6.677657e-001 2.239971e-001 -1.205026e-001 
-2.305668e+001 1.599702e+001 -3.992004e+000 -1.570344e+000 6.924784e+000 3.553561e+000 -2.396311e+000 -3.755604e+000 2.794816e+000 -7.198428e-001 -7.007409e-001 -2.895409e-001 -5.886927e-001 -1.688753e+000 -1.531443e+000 4.967900e-001 -1.185826e-001 -1.803453e+000 -1.897501e+000 -8.271218e-002 4.555419e-001 -1.333896e+000 -1.300856e+000 -3.534972e-001 -5.946930e-001 -4.350943e-001 -1.874565e-001 1.755345e-001 9.220802e-002 -3.819157e-001 -4.397789e-001 -5.938039e-001 1.567016e-001 4.840779e-001 1.552296e-001 8.445290e-002 
-2.011569e+001 1.856998e+001 -5.959785e+000 -3.987375e-003 9.448018e+000 2.136312e+000 -3.341782e+000 -2.077325e+000 2.155279e+000 -4.809012e+000 -8.170718e-002 -1.168584e+000 -2.934474e+000 -7.327203e-001 -1.694814e+000 -3.160097e-001 2.403247e-001 -3.354703e-001 -3.086581e+000 -1.157073e+000 2.532729e+000 -1.323700e+000 -1.760039e+000 -3.059481e-001 -1.203750e-001 -1.561593e+000 -1.515925e+000 3.890106e-001 2.897626e-001 -9.262963e-002 -5.916306e-001 -3.012030e-001 5.607266e-001 7.959856e-002 4.810501e-001 5.722865e-002 
-1.764378e+001 1.765626e+001 -1.110184e+000 1.850058e+000 7.943944e+000 2.724133e+000 -3.180528e+000 -2.164908e+000 1.007370e+000 -2.038612e+000 -2.275048e+000 -1.056590e+000 -9.292330e-001 -2.021604e+000 -1.585021e+000 3.405669e-001 8.306866e-001 -4.508018e-001 -2.036255e+000 -1.060174e+000 3.888476e-001 -7.450796e-001 -1.348321e+000 -5.749076e-001 -1.801148e-001 -6.470087e-001 -1.091397e+000 -1.359142e-001 1.018604e-001 -4.893100e-001 -2.361909e-001 1.318926e-001 4.158981e-001 3.500783e-001 -2.347274e-001 -4.207044e-001 
-1.962761e+001 2.035449e+001 -6.560258e-002 4.442142e-001 7.393759e+000 4.374954e+000 -2.692258e+000 -3.907387e+000 2.950003e+000 -1.961816e+000 -3.227801e+000 -1.329702e+000 1.486410e-001 -1.985998e+000 -1.639190e+000 1.632970e+000 7.652857e-001 -1.287186e+000 -2.295729e+000 -2.551035e-001 2.879693e-001 -1.701743e+000 -8.017025e-001 -3.736951e-001 -8.273665e-001 -1.891139e-001 -2.514925e-001 -6.159697e-002 -5.708367e-001 -7.229715e-001 -6.822190e-002 7.619089e-002 4.528893e-001 1.870926e-001 -2.106551e-001 -4.319279e-001 
-2.006243e+001 1.865172e+001 -2.420014e-001 1.392747e+000 7.678045e+000 4.864083e+000 -3.566939e+000 -4.340516e+000 2.073162e+000 -1.868706e+000 -2.234125e+000 -1.494797e+000 1.254581e-001 -1.832620e+000 -1.220612e+000 7.171246e-001 3.447918e-001 -1.552884e+000 -2.511814e+000 6.024167e-001 7.868105e-001 -1.588514e+000 -1.435285e+000 -2.181947e-001 -4.790166e-001 -5.034130e-001 -2.681657e-001 -3.817982e-001 -3.156332e-001 -3.937722e-001 -1.372396e-001 1.980532e-001 2.463573e-001 1.931623e-001 -3.007253e-001 -7.078299e-001 
-1.577485e+001 1.576136e+001 -1.122468e+000 2.538726e+000 6.459198e+000 4.567281e+000 -4.984224e+000 -2.901752e+000 1.116868e-001 -1.080369e+000 -1.786796e+000 -1.880964e+000 2.104677e-001 -1.848659e+000 -6.098216e-001 -9.093681e-002 1.227781e+000 -1.155622e+000 -2.034384e+000 4.740998e-001 4.841092e-001 -1.357877e+000 -1.723151e+000 -6.432268e-002 -2.663334e-001 -5.331108e-001 -5.633941e-001 -1.724947e-001 -2.599416e-002 -1.081021e+000 -9.347020e-001 1.762035e-002 6.777315e-001 2.559796e-001 -2.024279e-001 -3.289242e-001 
-4.278902e+000 1.117523e+001 -3.842805e+000 7.042878e+000 3.797225e+000 7.392653e+000 -4.086613e+000 -6.413775e-001 -1.418753e+000 -1.939755e+000 -4.143095e-001 -1.473400e+000 -6.974648e-001 -2.120977e+000 -5.788214e-001 -6.186900e-001 5.798446e-001 -1.894056e-001 -2.274615e+000 -1.325963e+000 -4.235962e-001 -1.604229e+000 -1.343117e+000 -7.472862e-001 6.038893e-001 -5.724537e-001 -4.688353e-001 -4.523551e-001 4.813173e-001 -1.364385e-001 -7.161537e-001 1.436415e-001 4.808207e-001 1.429760e-001 6.007635e-001 2.371936e-001 
-2.427247e+000 1.431966e+001 -4.913213e+000 6.652564e+000 6.155515e+000 7.924116e+000 -4.741664e+000 -1.880828e+000 -3.507686e-001 -2.027012e+000 -1.436555e-001 -3.730782e+000 7.596719e-002 -3.361971e+000 -5.343563e-001 7.414535e-001 9.961610e-001 1.014404e+000 -1.909067e+000 -6.870898e-002 1.444703e-001 -9.153529e-001 -1.638212e+000 -9.417639e-001 1.480316e-001 -7.357653e-001 -8.577157e-001 -1.280813e-002 -1.650463e-001 -7.581761e-001 4.822757e-002 -2.627383e-001 3.286988e-002 2.539506e-002 -3.201878e-001 5.806199e-001 
-2.192785e+000 1.597182e+001 -3.658936e+000 4.539161e+000 6.337459e+000 1.169969e+001 -6.826662e+000 -3.652085e+000 9.907954e-001 -2.508805e+000 -2.116637e+000 -2.665157e+000 2.189347e+000 -5.143834e+000 -5.385859e-001 1.520064e+000 8.630431e-001 -3.026650e-001 -2.325825e+000 -1.586242e-001 -6.678300e-001 -4.762094e-001 -1.677417e+000 -3.713652e-001 3.182219e-001 -6.036165e-001 -1.150613e+000 -3.134017e-001 -3.656977e-001 -1.402194e+000 8.817610e-001 3.691308e-001 2.265331e-002 4.069013e-002 5.369883e-001 -1.846289e-001 
-9.578584e-001 1.534370e+001 -4.655750e+000 5.114819e+000 5.578315e+000 1.226907e+001 -8.081235e+000 -3.225819e+000 1.425864e+000 -3.455224e+000 -2.075855e+000 -2.063052e+000 2.185646e+000 -4.907096e+000 2.547030e-001 2.046758e-001 3.689975e-001 -6.253245e-001 -2.466068e+000 2.315677e-001 -9.802553e-001 -1.320497e-001 -1.806710e+000 -9.938930e-002 -4.587509e-001 -1.918878e-001 -1.866494e+000 -2.577489e-001 5.863876e-002 -1.225791e+000 1.124977e+000 1.555692e-001 5.158924e-001 -8.762974e-001 3.827591e-001 2.711760e-001 
1.336534e+000 1.279433e+001 -3.852224e+000 5.327123e+000 6.928482e+000 9.962501e+000 -6.534331e+000 -3.550199e+000 3.009252e-002 -2.075343e+000 -2.231115e+000 -1.709332e+000 1.659602e+000 -4.321739e+000 -2.720993e-001 7.985521e-001 -5.395788e-002 4.287865e-001 -2.933173e+000 -7.887942e-001 1.677624e-001 -1.172069e+000 -1.065749e+000 -1.558820e-001 -3.765274e-001 -3.930434e-001 -1.370342e+000 -5.844814e-001 7.578254e-002 -9.986662e-001 1.987007e-001 7.358153e-001 5.423374e-001 -5.819186e-001 -9.774413e-002 6.019024e-001 
6.820356e-001 1.434999e+001 -4.124842e+000 5.781642e+000 6.699458e+000 1.021435e+001 -7.708841e+000 -3.536266e+000 7.707010e-001 -1.267877e+000 -1.358883e+000 -2.083722e+000 1.656665e+000 -5.407311e+000 -6.894364e-001 1.410103e+000 1.068815e+000 4.796575e-001 -2.997775e+000 1.209050e-001 -2.278377e-001 -1.308262e+000 -3.777200e-001 -4.807340e-001 -1.682416e+000 -3.271255e-001 -1.642329e-001 -4.851253e-001 -1.671201e-001 -7.395820e-001 2.950813e-001 -2.281254e-001 -1.804952e-001 2.904947e-001 3.523553e-001 7.308362e-001 
2.226622e+000 1.424744e+001 -2.378663e+000 4.655739e+000 5.320871e+000 9.422064e+000 -7.696931e+000 -3.649544e+000 2.217178e+000 -6.120965e-001 -2.597854e+000 -3.313613e+000 2.256900e+000 -4.696293e+000 -1.633414e+000 2.528600e+000 5.264950e-001 -4.302137e-001 -2.660993e+000 7.847761e-001 5.578587e-001 -1.745126e+000 -4.323760e-001 -5.901884e-001 -1.828029e+000 -2.877177e-001 3.776314e-001 -4.534372e-001 -7.870896e-001 -1.236741e+000 3.084881e-001 4.503749e-001 4.623797e-002 2.866581e-001 -1.155797e-001 -1.512337e-001 
2.244289e+000 1.476332e+001 -2.695154e+000 4.757643e+000 4.391403e+000 8.428145e+000 -6.858656e+000 -4.553469e+000 2.841672e+000 -1.688060e+000 -2.758399e+000 -2.465340e+000 1.955954e+000 -3.624320e+000 -1.904134e+000 2.119228e+000 5.484594e-003 -1.198327e-001 -2.700661e+000 4.885302e-001 9.597259e-001 -1.917208e+000 -7.879963e-001 -6.779946e-001 -9.223154e-001 -7.293898e-001 2.293544e-002 -2.003671e-001 -6.466690e-001 -1.269397e+000 -9.542472e-003 6.587160e-001 -2.217447e-001 3.588389e-001 -2.985168e-001 1.501294e-001 
1.284975e+000 1.467735e+001 -2.064279e+000 5.097610e+000 3.038170e+000 1.013400e+001 -7.833008e+000 -4.475420e+000 2.149161e+000 -1.200093e+000 -2.495411e+000 -2.457577e+000 2.638635e+000 -4.440929e+000 -9.083108e-001 1.108060e+000 -8.366061e-002 -5.923158e-001 -2.819475e+000 6.844753e-001 7.585022e-001 -1.120203e+000 -1.723947e+000 -5.333584e-001 -1.265115e+000 -7.815220e-001 8.373337e-001 -1.617305e-001 -5.018675e-001 -1.396428e+000 -2.218869e-001 5.941923e-001 2.086106e-001 -1.534974e-001 1.453930e-001 -2.604914e-002 
-1.089358e+000 1.708039e+001 -2.239664e+000 4.451113e+000 2.252711e+000 1.123635e+001 -7.908392e+000 -4.099292e+000 2.174039e+000 -1.606206e+000 -2.227095e+000 -4.381526e+000 4.161785e+000 -5.113851e+000 -1.176356e+000 2.379975e+000 3.525296e-001 -1.712162e+000 -2.500079e+000 1.816591e+000 -7.795170e-001 -1.164228e+000 -1.390095e+000 -4.001655e-001 -1.116403e+000 -4.038544e-001 8.199583e-001 -7.756156e-001 -4.403855e-001 -1.639831e+000 -3.482633e-002 4.837406e-001 3.042000e-001 2.520789e-001 9.408014e-002 -8.087565e-001 
-1.713457e+000 1.730407e+001 -1.835264e+000 4.588437e+000 1.961124e+000 1.120741e+001 -6.767626e+000 -5.073724e+000 2.011794e+000 -1.295324e+000 -1.924112e+000 -3.835303e+000 4.201768e+000 -5.705710e+000 -1.614204e+000 3.413810e+000 2.435279e-001 -2.115248e+000 -2.093918e+000 2.380114e+000 -1.356892e+000 -1.502115e+000 -6.279937e-001 -4.831917e-001 -1.071582e+000 -5.150243e-001 5.123444e-001 -3.746945e-001 -9.271377e-001 -1.278697e+000 3.494805e-001 -1.361804e-002 -4.097387e-002 9.803505e-001 -1.536634e-001 -9.057539e-001 
-2.381629e+000 1.792503e+001 -2.049930e+000 4.773605e+000 1.975092e+000 1.089107e+001 -6.448768e+000 -5.013790e+000 1.773085e+000 -2.182189e+000 -2.497796e-001 -3.749804e+000 3.302296e+000 -5.757064e+000 -1.715258e+000 4.058059e+000 -1.251764e+000 -7.947120e-001 -1.639524e+000 1.907698e+000 -1.140342e+000 -2.112782e+000 1.004840e-001 -7.173666e-001 -9.799460e-001 -1.079997e+000 7.214719e-001 -1.996521e-001 -5.442314e-001 -1.496825e+000 7.975951e-003 2.601490e-001 -7.800097e-001 1.765212e+000 -4.190084e-001 -3.944363e-001 
