-3.935779e+001 1.598113e+001 8.795698e+000 -4.886344e-001 1.832269e+000 5.202817e-001 1.903648e+000 -1.680105e+000 -1.857185e-001 -2.177684e+000 -1.134057e+000 -3.931457e-001 1.256565e+000 -7.392670e-002 7.470705e-001 -5.635630e-001 -1.308441e+000 -2.043026e-001 -1.407956e+000 -6.855375e-001 -8.957780e-001 -6.879402e-001 -8.626579e-001 -4.777120e-001 -2.559382e-002 -7.563028e-002 3.580305e-001 2.376286e-001 -6.435857e-002 -4.681631e-001 -1.802251e-001 -5.646118e-002 -1.489638e-001 -1.112124e-001 -8.166244e-001 -4.071021e-002 
-3.428120e+001 1.917572e+001 5.479631e+000 -1.182200e+000 3.929390e+000 -2.338322e-001 2.428300e+000 -1.372535e+000 1.052546e+000 -1.831837e+000 -8.390727e-001 6.522307e-002 5.590046e-001 5.635510e-001 -4.287360e-001 -8.942196e-001 -6.390475e-001 -1.000374e+000 -1.412252e+000 -8.179238e-001 -8.030946e-001 -5.968246e-001 -4.807272e-001 -3.773079e-001 1.763653e-001 2.134559e-001 -9.071094e-002 -9.454593e-002 -9.206136e-005 3.356884e-002 -1.643141e-001 3.118521e-001 -2.186177e-001 -2.862672e-001 -4.009210e-001 -2.661481e-001 
-3.595515e+001 2.018564e+001 7.459971e+000 1.483863e+000 4.407239e+000 -4.719539e-001 3.200545e+000 -1.632656e+000 1.287983e+000 -3.289493e+000 -2.985116e+000 -1.375427e-001 9.492944e-001 1.361381e+000 -2.758327e-001 2.907688e-002 -1.464604e+000 -9.804008e-001 -7.427268e-001 -9.006702e-001 -7.319806e-001 -1.775752e+000 -4.979268e-001 -7.280040e-002 2.974692e-002 7.469978e-001 1.003073e-001 8.017535e-002 -4.531099e-001 -8.441667e-001 -1.424294e-001 -8.465451e-002 6.424517e-002 2.028898e-001 1.114034e-001 4.384787e-001 
-3.046978e+001 2.087059e+001 4.129452e+000 1.271178e+000 3.947948e+000 -5.752540e-001 3.653361e+000 -2.262412e+000 4.516284e-001 -3.927824e+000 -2.455901e+000 -7.995073e-001 -4.530471e-002 1.773651e+000 -1.114164e+000 -1.280217e-001 -1.750948e+000 -1.334636e+000 2.895269e-001 -8.981293e-001 -1.121754e+000 -1.763440e+000 -7.868250e-001 2.285142e-001 -2.270929e-001 -3.529806e-003 -3.053014e-001 9.378523e-002 -5.570297e-001 -3.938325e-001 -4.278631e-001 -3.450886e-001 7.906786e-003 -4.365226e-001 6.534685e-001 2.933721e-001 
-2.159090e+001 2.283926e+001 1.610821e-003 -6.870303e-001 2.915674e+000 -5.645138e-002 1.651434e+000 -1.996889e+000 1.071044e+000 -3.923728e+000 -2.185621e+000 -1.286600e+000 2.390855e-001 1.118938e+000 -1.181766e+000 -2.307430e-001 -2.126928e+000 -8.248363e-001 1.708103e-001 -8.087190e-001 -1.116193e+000 -1.559278e+000 -8.845650e-001 -4.366088e-001 1.711176e-001 -6.622735e-001 -8.942152e-001 4.800761e-001 -3.457255e-001 -5.421344e-001 -1.549156e-001 -3.924237e-002 8.418103e-002 -2.176591e-001 8.102773e-001 5.734786e-001 
-5.788009e+000 2.064926e+001 -3.128162e+000 -2.043570e+000 1.967674e+000 -4.986377e-001 -2.463261e+000 -1.771484e+000 -9.165296e-001 -3.553459e+000 -3.228131e+000 7.008533e-002 1.779999e+000 5.548058e-001 -4.993740e-001 -1.341737e+000 -1.851735e+000 -6.606400e-001 3.235626e-001 -9.016278e-001 -1.723079e+000 -1.327582e+000 -7.918581e-001 -5.139266e-001 -4.370299e-001 -6.247279e-001 -1.307556e-001 2.909147e-001 -6.214031e-002 -1.534900e-001 2.774402e-001 7.862919e-001 7.631769e-001 2.846414e-001 5.123241e-001 7.440436e-001 
1.692249e+000 2.114577e+001 -6.597961e+000 -6.731783e-001 -2.864493e-001 -1.954605e+000 -3.124447e+000 -2.855054e+000 -1.350784e+000 -4.761906e+000 -3.792387e+000 -1.757439e-001 2.303373e+000 6.024500e-001 -6.852728e-001 -8.434611e-001 -2.077255e+000 5.790090e-002 1.433569e+000 -1.128296e+000 -1.858587e+000 -1.113936e+000 -7.329165e-001 -6.719757e-001 -2.409523e-001 -3.245776e-001 -5.371337e-001 -4.503611e-001 -1.058629e-001 8.839129e-002 -1.753687e-001 7.408017e-001 8.041060e-001 -3.139218e-001 3.321700e-001 7.671265e-001 
4.518761e+000 2.434923e+001 -1.183547e+001 2.121573e+000 -1.002300e+000 -2.366161e+000 -3.591355e+000 -5.659420e+000 3.220963e-001 -6.180770e+000 -1.924703e+000 2.565275e-001 2.301630e+000 1.434235e+000 2.016863e-002 -2.510584e-001 -3.600014e+000 -4.296556e-001 1.367702e+000 -2.297014e+000 -2.284057e+000 2.441327e-001 3.804091e-001 -5.586225e-001 1.365272e-001 3.500319e-002 -3.926170e-001 -9.876964e-001 -1.194644e+000 -2.712138e-001 -3.454094e-001 1.651759e-001 4.616809e-003 -1.504868e-001 6.779990e-001 5.750381e-001 
6.713587e+000 2.322754e+001 -1.296214e+001 1.961605e+000 -6.927867e-001 -3.024608e+000 -2.431521e+000 -3.758719e+000 4.237598e-001 -4.393153e+000 -1.686572e+000 1.881525e+000 1.667914e+000 1.352646e+000 -1.114671e+000 -1.287341e+000 -2.300611e+000 -9.497593e-001 1.868868e+000 -2.192939e+000 -1.340301e+000 7.337108e-001 -5.727434e-001 2.540355e-001 -7.275081e-001 -4.506311e-001 -1.471012e-002 -1.134431e+000 -1.167397e-001 -4.298823e-001 -3.941855e-004 5.631660e-001 1.949677e-001 9.296579e-001 8.208280e-001 3.294727e-001 
9.964671e+000 2.062560e+001 -1.375968e+001 1.826918e+000 -2.524349e+000 -3.714120e+000 -3.426055e+000 -4.874303e+000 -9.295606e-002 -4.703688e+000 -6.182043e-001 2.949419e+000 1.093417e+000 6.739714e-001 -2.722860e+000 -1.816479e+000 -2.021563e+000 -1.210845e+000 1.825147e+000 -3.080102e+000 -2.056688e+000 3.290280e-001 -4.036400e-001 1.001370e+000 -1.269699e+000 -1.058363e+000 -4.177395e-001 -1.662554e+000 3.469222e-001 -4.090191e-001 -4.036878e-001 6.309738e-001 4.328719e-001 5.735472e-001 -7.599846e-002 4.755599e-001 
1.016352e+001 2.185901e+001 -1.783424e+001 3.015406e+000 -3.871486e+000 -4.476246e+000 -2.224345e+000 -6.036899e+000 2.128563e+000 -5.142260e+000 -6.757217e-002 3.162547e+000 3.817972e-001 1.181151e+000 -3.645822e+000 -1.127018e+000 -1.033643e+000 -1.445634e+000 2.117741e+000 -3.702461e+000 -2.039410e+000 1.500942e+000 -1.736460e-001 1.033480e+000 -1.822671e+000 -6.794256e-001 -7.104998e-002 -1.445899e+000 9.660337e-001 -4.098122e-001 2.461883e-001 5.928561e-001 -3.318238e-001 1.278811e+000 3.339819e-001 6.050341e-001 
1.478018e+001 1.664039e+001 -1.458397e+001 -3.310933e-001 -3.807332e+000 -3.362548e+000 -2.332005e+000 -2.702904e+000 1.186519e+000 -3.006499e+000 1.908696e-001 2.223349e+000 4.831996e-001 4.461168e-001 -3.033775e+000 -6.429757e-001 -6.774136e-001 -1.312981e+000 1.660855e+000 -3.499150e+000 -2.694705e+000 1.189159e+000 -7.286116e-001 -2.183445e-001 -9.719171e-001 -6.374373e-001 4.327059e-001 -8.110362e-001 -1.966587e-001 1.857386e-001 6.713237e-001 4.617983e-001 5.133002e-001 1.377255e+000 6.600151e-001 8.820863e-001 
1.638544e+001 1.670988e+001 -1.489971e+001 -9.318235e-001 -4.407927e+000 -2.808242e+000 -2.195350e+000 -3.339774e+000 1.780699e+000 -2.611126e+000 -7.710460e-001 1.525006e+000 -1.889251e-001 -9.703895e-002 -2.351874e+000 6.893391e-002 -3.681047e-001 -8.754307e-001 1.910799e+000 -2.503882e+000 -1.613095e+000 9.576752e-001 -8.438483e-001 -1.869852e-001 -1.318494e+000 -1.146500e-001 6.867702e-001 -1.058536e+000 4.268277e-001 1.205284e-001 -4.706969e-002 9.259011e-001 9.132162e-001 1.318834e+000 8.082049e-001 6.904295e-001 
1.714713e+001 1.606675e+001 -1.545042e+001 -1.516118e+000 -4.797302e+000 -3.422464e+000 -2.041311e+000 -2.547363e+000 1.470310e+000 -2.866686e+000 -5.018341e-001 6.773452e-001 -4.005105e-001 7.396333e-001 -2.991752e+000 -4.028763e-001 8.268849e-002 -9.133827e-001 2.111684e+000 -2.464020e+000 -2.241805e+000 4.841949e-001 -1.171389e+000 8.902299e-002 -7.868446e-001 -4.245992e-001 8.212558e-001 -1.814717e-001 1.985244e-001 -8.744647e-002 7.320014e-001 6.383129e-001 1.648426e-001 1.462657e+000 7.454532e-001 3.248382e-001 
1.562153e+001 1.868014e+001 -1.820099e+001 -4.610577e-001 -5.897447e+000 -2.767921e+000 -1.536967e+000 -3.666015e+000 2.360482e+000 -3.147192e+000 -5.553800e-001 7.872905e-001 -6.420587e-001 7.743468e-001 -3.552918e+000 -6.069199e-001 3.453204e-001 -8.877834e-001 1.947853e+000 -2.790657e+000 -1.583331e+000 6.488074e-001 -1.177309e+000 7.939434e-001 -8.778825e-001 -6.197091e-001 9.307588e-001 -6.693500e-002 4.194331e-001 1.353522e-001 1.401277e+000 3.516189e-001 -4.904347e-001 1.419009e+000 2.693530e-001 1.726346e-001 
1.462113e+001 2.043810e+001 -1.961133e+001 8.158990e-001 -6.525959e+000 -2.347601e+000 1.426998e-001 -4.635610e+000 2.869642e+000 -4.000710e+000 -7.024171e-001 9.323733e-001 -4.207532e-001 7.167149e-001 -4.412103e+000 -6.886799e-001 3.560105e-001 -1.213754e+000 2.378649e+000 -2.968828e+000 -1.347669e+000 1.007710e+000 -4.350862e-001 1.399457e+000 -1.876878e+000 -5.960361e-001 1.835443e+000 -1.497580e-001 6.459496e-001 9.504647e-002 1.380147e+000 4.898708e-001 -5.638903e-001 5.629911e-001 -1.118922e+000 -3.406666e-002 
1.975325e+001 1.254227e+001 -1.134058e+001 -4.577158e+000 -2.986742e+000 -2.124470e+000 -1.772978e+000 -1.215436e+000 1.147518e+000 -1.141994e+000 -1.052291e+000 1.307871e-001 1.027282e+000 3.670898e-001 -2.653165e+000 -9.954005e-001 1.385001e-001 2.248043e-001 1.568618e+000 -1.453730e+000 -1.049465e+000 1.438869e+000 3.380072e-001 1.669635e-001 -5.302383e-001 -2.542845e-001 1.139211e+000 -2.893977e-003 3.297577e-003 6.880558e-001 9.393691e-002 1.439343e-001 3.927146e-001 -3.290064e-001 -9.215018e-001 -4.310951e-001 
-7.040158e+000 9.282831e+000 -5.272934e+000 -3.801185e+000 7.963254e-001 1.346726e+000 -2.655168e-001 8.643003e-002 1.294519e+000 -2.645321e-001 -1.329908e+000 -8.457002e-002 9.170354e-001 -9.689921e-001 -1.999483e+000 -4.313939e-001 3.106080e-002 5.698097e-001 8.456565e-001 -1.620603e+000 -1.788315e+000 1.456785e-001 -1.592465e-001 -7.117567e-001 -3.304255e-001 -1.308210e-001 -1.321835e-001 -3.932096e-001 -3.266613e-001 -7.689991e-002 -7.185795e-002 3.124877e-002 9.429268e-002 -2.194685e-001 -3.662338e-001 -1.261044e-001 
-3.435201e+001 1.793317e+001 5.252425e+000 -1.285700e+000 3.192281e+000 6.583730e-001 1.740297e+000 -6.366479e-001 1.300717e+000 -1.541402e+000 -1.036590e-001 -7.271769e-001 1.341489e+000 8.636942e-002 -6.401232e-001 -5.383017e-001 -1.234391e+000 -9.036511e-001 -1.707725e+000 -5.844501e-001 -1.496652e+000 -5.096586e-001 -3.667109e-001 -5.645911e-001 2.487158e-001 6.855320e-003 1.424893e-001 -1.304313e-001 2.068407e-001 -4.936323e-002 1.077714e-001 2.666669e-001 1.212491e-001 -3.635850e-001 -3.048665e-001 -1.374479e-001 
-3.481231e+001 1.873648e+001 7.075973e+000 1.638196e+000 3.487025e+000 3.117172e-001 2.663424e+000 -1.288562e+000 8.978594e-001 -3.635651e+000 -2.230285e+000 -6.588472e-001 1.497270e+000 1.192857e+000 2.163859e-002 -8.197230e-001 -1.376894e+000 -8.638726e-001 -8.679216e-001 -3.269266e-001 -1.032288e+000 -1.244036e+000 -7.253052e-001 -5.199821e-002 1.875173e-001 -8.899381e-002 -1.363137e-001 1.980327e-001 -1.722354e-001 -2.976178e-001 -3.730525e-001 9.352884e-002 -1.203302e-001 -4.915441e-002 8.982267e-003 6.178870e-002 
-3.082334e+001 1.952600e+001 4.644593e+000 1.663696e+000 3.777628e+000 2.314370e-001 3.094675e+000 -1.767147e+000 6.314649e-001 -4.777351e+000 -2.100168e+000 -8.559675e-001 4.928791e-001 1.738762e+000 -1.149439e+000 2.658607e-001 -1.849528e+000 -1.327158e+000 -1.355830e-001 -1.133123e+000 -7.768052e-001 -2.055649e+000 -1.010177e-001 -2.137962e-001 -3.748348e-001 -9.896676e-002 5.207800e-002 5.416533e-001 -9.027174e-001 -5.118824e-001 -3.097674e-001 -3.780026e-001 3.655172e-001 -2.628222e-001 5.188111e-001 -3.177451e-001 
-2.300434e+001 2.184675e+001 5.964343e-001 -1.877624e-001 2.877468e+000 2.892725e-001 2.069190e+000 -1.815088e+000 6.916025e-001 -3.824424e+000 -1.934504e+000 -1.173841e+000 4.162742e-001 8.448006e-001 -9.321524e-001 -4.473149e-001 -1.637577e+000 -7.296225e-001 1.901193e-001 -1.095722e+000 -1.283426e+000 -1.702762e+000 -7.742310e-001 -1.652210e-001 -2.556290e-002 -4.242137e-001 -5.630881e-001 3.893776e-001 -1.013981e-001 -8.465292e-001 -1.548760e-001 -2.824093e-001 8.795303e-002 9.757176e-002 4.845195e-001 5.195041e-001 
-8.706638e+000 2.105928e+001 -2.411048e+000 -2.222053e+000 2.090356e+000 -4.140549e-001 -2.359294e+000 -1.749045e+000 -7.875523e-001 -3.564921e+000 -3.316324e+000 -5.037899e-001 1.293406e+000 3.118580e-001 -6.761388e-001 -1.230903e+000 -1.671078e+000 -8.611762e-001 2.276139e-001 -7.156222e-001 -1.891716e+000 -1.657606e+000 -8.574688e-001 -6.536057e-001 -6.105439e-001 -7.479927e-001 -3.537070e-001 2.312249e-001 -1.133503e-001 -4.797166e-001 2.067172e-001 8.031287e-001 6.420025e-001 2.218014e-001 4.520535e-001 5.425976e-001 
1.033785e-001 2.164791e+001 -6.871193e+000 -3.955654e-001 -4.741220e-002 -1.738533e+000 -2.686870e+000 -2.802782e+000 -4.036753e-001 -4.427128e+000 -3.584841e+000 -7.511811e-002 2.277814e+000 9.043804e-001 -5.912381e-001 -1.039263e+000 -1.978930e+000 -1.553141e-001 1.530598e+000 -1.392040e+000 -2.411406e+000 -1.540417e+000 -9.994026e-001 -4.976574e-001 -3.334144e-001 -5.230219e-001 -3.312016e-001 -1.797318e-001 4.268019e-001 2.220327e-002 -1.385352e-001 9.855271e-001 1.052523e+000 1.160892e-002 2.405130e-001 8.687176e-001 
5.616781e+000 2.127546e+001 -9.768600e+000 2.345251e-001 -6.577958e-002 -1.809290e+000 -4.166683e+000 -4.206988e+000 -1.450742e+000 -5.068582e+000 -2.606714e+000 1.067300e+000 2.518173e+000 1.495279e+000 5.505609e-001 -4.631769e-001 -2.807006e+000 -3.752829e-001 1.546174e+000 -2.107761e+000 -2.002690e+000 6.786176e-001 4.167348e-001 -3.545316e-001 1.094812e-001 2.127500e-001 1.538946e-001 -7.828250e-001 -1.134409e+000 -6.178473e-001 -3.674267e-001 1.834710e-001 3.291235e-001 8.818694e-002 5.392828e-001 5.958316e-001 
6.970617e+000 2.074807e+001 -1.112558e+001 6.348404e-001 7.265166e-002 -2.892559e+000 -3.159978e+000 -3.528519e+000 -3.923989e-001 -4.597918e+000 -2.376138e+000 1.579870e+000 1.359561e+000 9.782539e-001 -1.027520e+000 -1.578078e+000 -2.714641e+000 -1.178294e+000 1.849319e+000 -2.096224e+000 -1.572203e+000 6.866129e-001 -7.380074e-001 -9.423781e-002 -7.775030e-001 -7.113273e-001 8.648382e-002 -9.235169e-001 -4.356635e-001 -5.054819e-001 -2.057152e-001 3.951975e-001 2.863088e-001 9.968664e-001 9.422968e-001 4.435978e-001 
1.187565e+001 1.699055e+001 -1.091975e+001 -4.152715e-001 -1.466081e+000 -3.998354e+000 -4.338054e+000 -3.684961e+000 -1.050851e+000 -4.244644e+000 -9.883539e-001 2.603572e+000 1.570289e+000 3.927954e-001 -2.428227e+000 -1.962848e+000 -1.946262e+000 -4.836969e-001 1.595375e+000 -2.741275e+000 -2.421339e+000 9.757321e-002 -1.090646e-001 8.028064e-001 -1.014199e+000 -1.203307e+000 -5.361946e-001 -1.367085e+000 4.896971e-002 -3.018546e-001 -7.340829e-001 5.923137e-001 7.637440e-001 4.739272e-001 1.005003e-001 1.985845e-001 
1.064138e+001 2.096737e+001 -1.711707e+001 2.083296e+000 -3.928026e+000 -4.477837e+000 -2.656105e+000 -5.429496e+000 1.701330e+000 -4.833239e+000 -3.098224e-001 3.485650e+000 8.115453e-001 1.186121e+000 -3.056261e+000 -1.270189e+000 -9.733469e-001 -7.850280e-001 2.373489e+000 -3.216416e+000 -1.888910e+000 1.222954e+000 -5.636790e-002 1.446997e+000 -1.335510e+000 -3.371120e-001 -7.190921e-002 -1.817109e+000 5.820208e-001 -3.422842e-001 3.869768e-001 1.210802e+000 1.698700e-001 8.378495e-001 -2.212683e-001 1.889234e-001 
1.618752e+001 1.429369e+001 -1.266052e+001 -1.651124e+000 -3.224994e+000 -3.722087e+000 -3.063825e+000 -2.343597e+000 5.993968e-001 -3.094300e+000 -4.627480e-001 1.949369e+000 4.496247e-001 4.165845e-003 -2.528479e+000 -8.719434e-001 -6.935502e-001 -9.370671e-001 8.916389e-001 -3.478960e+000 -2.762143e+000 9.799898e-001 -1.273736e-001 1.097974e-001 -8.164809e-001 -8.951784e-001 1.188648e-001 -1.013372e+000 -5.046356e-001 2.458749e-001 4.203506e-001 4.538690e-001 4.740416e-001 9.732312e-001 6.474791e-001 4.376085e-001 
1.169693e+001 2.177671e+001 -1.994205e+001 8.095848e-001 -5.557173e+000 -3.309120e+000 -7.018889e-001 -5.347653e+000 4.065680e+000 -4.033984e+000 3.496839e-001 2.213303e+000 -1.381781e+000 1.068203e+000 -3.330900e+000 -4.793853e-002 -9.069427e-002 -1.960984e+000 2.451042e+000 -3.695325e+000 -1.984796e+000 1.147057e+000 -1.506127e+000 7.808365e-002 -1.809903e+000 1.461187e-001 7.392493e-001 -1.612928e+000 1.052444e+000 -3.864370e-001 4.531071e-001 1.013536e+000 6.439846e-001 1.847142e+000 1.474869e-001 1.307696e+000 
1.823303e+001 1.464559e+001 -1.443608e+001 -2.230995e+000 -4.190908e+000 -2.967832e+000 -1.877007e+000 -2.012837e+000 1.187861e+000 -2.533063e+000 -5.271752e-001 7.808107e-001 -2.580568e-001 -2.277682e-001 -2.848083e+000 1.688976e-003 -5.335151e-002 -7.424940e-001 1.703114e+000 -2.356682e+000 -1.856369e+000 2.945263e-002 -1.314897e+000 3.557287e-002 -1.137790e+000 -3.849105e-001 8.469375e-001 -4.662083e-001 4.342432e-001 -7.839677e-002 2.823016e-001 1.163481e+000 3.226132e-001 1.208202e+000 1.246667e+000 1.888778e-001 
1.647442e+001 1.791867e+001 -1.751761e+001 -1.138487e+000 -5.186966e+000 -2.561374e+000 -2.015802e+000 -3.625551e+000 2.068095e+000 -3.275460e+000 -6.780724e-001 9.834518e-001 -8.134836e-001 9.075254e-001 -2.939380e+000 -5.528463e-001 3.207379e-001 -8.962652e-001 2.025830e+000 -2.138802e+000 -1.485853e+000 4.770954e-001 -1.122275e+000 7.603676e-001 -6.219343e-001 -4.409427e-001 7.957582e-001 5.459701e-002 6.063994e-001 -2.682193e-003 1.251621e+000 4.754190e-001 -6.235303e-001 1.329474e+000 5.487219e-001 1.745280e-001 
1.656833e+001 1.727227e+001 -1.762685e+001 -7.155694e-001 -6.169815e+000 -2.305491e+000 -1.129359e+000 -4.270628e+000 1.448300e+000 -3.533303e+000 -1.170433e+000 8.901953e-001 -5.022018e-001 2.772518e-001 -3.983360e+000 -7.934977e-001 2.030255e-001 -1.122631e+000 1.708345e+000 -2.721501e+000 -1.657083e+000 7.862560e-001 -4.128734e-001 1.020512e+000 -1.630229e+000 -9.028092e-001 1.394394e+000 1.552477e-001 5.456541e-001 4.056220e-001 1.156143e+000 1.351025e-001 -4.625555e-001 6.017852e-001 -8.225254e-001 -1.833816e-002 
