-5.624533e+000 2.065519e+001 -4.344449e+000 3.436807e+000 1.980475e+000 1.756997e+000 -2.396678e+000 -1.468753e+000 2.478631e+000 -3.708293e+000 -2.024924e+000 1.905156e-001 -8.823044e-001 -1.344741e+000 1.213390e+000 -1.058111e+000 -1.905274e+000 -3.917960e-001 7.656933e-001 -2.251877e-001 -1.130143e+000 -3.228212e-001 -1.595847e+000 -5.021886e-001 -1.068532e+000 -1.071594e+000 -2.347359e-001 -5.377525e-001 -7.343030e-002 4.311271e-001 6.885326e-001 1.380961e-001 -9.142560e-002 -6.074704e-001 4.557663e-002 2.214254e-001 
-6.594030e+000 1.994844e+001 -5.065189e+000 4.457601e+000 2.857066e+000 2.220445e+000 -3.541502e+000 -2.298188e+000 2.709031e+000 -4.482346e+000 -1.977249e+000 -9.480167e-001 -7.418008e-001 -2.648871e+000 4.817686e-001 -4.053745e-001 -2.827236e+000 4.748602e-001 1.324821e+000 3.541425e-001 -2.795870e-001 -2.979209e-001 -8.207634e-001 -3.012095e-001 -7.181910e-001 -1.198915e+000 -7.431107e-001 -7.871722e-001 -1.157940e+000 -4.725982e-001 7.952350e-001 -1.302314e-001 -4.282707e-001 2.390647e-001 3.430989e-001 -7.368500e-002 
-6.273529e+000 1.801274e+001 -5.443897e+000 3.073013e+000 1.008347e+000 8.240641e-001 -4.566622e+000 -3.431202e+000 1.347885e+000 -2.991291e+000 -2.039833e+000 2.127718e-001 -5.137763e-001 -1.400333e+000 1.835423e-001 -1.020838e+000 -2.073089e+000 -4.474208e-001 2.389566e+000 1.963096e-001 -3.958430e-001 -7.309667e-001 -1.082139e+000 -5.057224e-001 -8.757388e-002 1.211115e-001 -1.111428e-001 -3.087850e-001 -5.365258e-001 -2.612241e-001 -4.693177e-001 -3.119718e-002 -4.226807e-001 -3.567453e-001 -2.627913e-001 5.514745e-002 
-4.430966e+000 1.590978e+001 -6.132804e+000 3.332581e+000 -1.127741e-001 1.527201e-001 -3.448007e+000 -1.308966e+000 8.892410e-001 -2.341711e+000 -1.213620e+000 5.934181e-001 6.948130e-001 1.970393e-001 1.286399e-001 -1.044537e+000 -1.631568e+000 -4.056836e-001 1.608934e+000 3.734344e-003 -7.665553e-001 -1.089745e+000 7.258286e-002 -7.335186e-002 7.619377e-002 -4.990232e-001 -2.824935e-001 -1.766698e-002 -1.034519e+000 -8.973224e-002 -1.662260e-001 3.119286e-001 -4.474287e-002 8.683106e-002 -3.958850e-001 -1.798499e-001 
-1.551795e+000 1.325676e+001 -4.678086e+000 5.523310e+000 -1.022072e+000 2.341923e+000 -4.510341e+000 -1.043875e+000 -8.423048e-002 -2.867505e+000 -1.882420e+000 -9.138435e-002 -4.110715e-001 -3.611145e-001 9.012202e-002 -7.014343e-002 -8.104778e-001 -6.620187e-001 1.498056e+000 1.118832e+000 6.190888e-002 -1.104601e+000 -3.079770e-001 -1.114698e+000 -3.104009e-001 -5.084046e-001 3.026841e-001 -8.707919e-002 -1.015866e+000 -3.526713e-001 -3.790801e-003 2.441088e-003 1.184483e-002 7.828809e-001 2.622197e-001 -3.299120e-002 
-8.952230e-001 1.185322e+001 -4.283672e+000 4.774896e+000 -1.404125e+000 2.881726e+000 -5.497518e+000 -4.935142e-001 1.326082e-001 -1.690660e+000 -1.768003e+000 -3.395662e-001 -6.105323e-001 -3.991498e-001 1.373820e-002 2.038629e-001 -1.276999e+000 -1.380836e+000 8.021881e-001 -1.177330e-001 -3.886099e-001 -1.770235e+000 -6.038712e-001 -9.946993e-001 -5.345461e-001 -2.208301e-001 5.482184e-001 -8.253252e-001 -8.626506e-001 -4.767348e-001 -5.061502e-001 -1.000978e-001 5.263282e-002 -8.536744e-002 5.719933e-001 6.618951e-001 
-9.017069e-002 1.164533e+001 -4.218100e+000 4.220678e+000 -1.473688e+000 3.501127e+000 -4.107753e+000 -9.580038e-002 1.535848e+000 -1.356348e+000 -7.612742e-001 -7.165716e-001 -2.094650e+000 -7.375917e-001 -5.070845e-001 -1.389068e+000 -1.727039e+000 -8.518356e-001 1.554832e-001 -5.531929e-001 -4.709173e-001 -1.757375e+000 -3.290193e-001 -5.437856e-001 -5.254163e-001 -2.037627e-001 3.908350e-001 -2.867400e-001 -1.173573e+000 -8.038647e-001 1.500841e-001 7.753888e-001 -1.868324e-001 4.933856e-001 9.214745e-001 -8.307433e-002 
-1.061795e+000 1.098500e+001 -4.666590e+000 4.298363e+000 -1.791666e+000 3.488047e+000 -5.192270e+000 -5.353406e-001 1.461822e+000 -1.945172e+000 -6.709192e-001 5.244554e-002 -1.274792e+000 -1.536466e+000 -6.082108e-001 -1.603078e+000 -2.246218e+000 -1.262801e+000 4.376500e-001 -1.210848e+000 -9.094383e-001 -9.165032e-001 3.455604e-001 -2.260645e-001 3.214218e-001 -8.597583e-003 6.121407e-001 -4.523014e-001 -4.289661e-001 2.491469e-002 9.423223e-002 6.250058e-001 -2.485564e-001 4.179578e-002 3.653566e-001 1.143380e-001 
-1.364783e+000 1.186247e+001 -5.090404e+000 3.303897e+000 -3.374518e+000 2.705282e+000 -5.481757e+000 -9.171692e-001 -2.434490e-001 -1.943888e+000 -2.066409e+000 -9.919639e-002 -2.940272e-001 -1.531813e+000 4.995678e-001 -7.457265e-001 -1.165733e+000 -1.030590e+000 1.114785e+000 -1.443801e-001 -1.517554e-001 -1.276629e+000 1.603318e-001 -4.412190e-001 2.395723e-001 1.587062e-001 -2.557288e-001 -7.673313e-001 -9.832895e-001 -2.596287e-001 -4.300729e-001 4.998709e-001 -7.571211e-001 -3.416514e-001 -3.880423e-001 -2.450018e-001 
1.333878e+000 1.319280e+001 -3.715291e+000 4.626752e+000 -1.882539e+000 3.239100e+000 -4.394236e+000 -4.098943e-001 -8.632636e-001 -2.298475e+000 -2.538958e+000 -2.271358e-001 -1.429385e+000 -1.402486e+000 -4.416389e-001 -1.166365e+000 -1.619350e+000 -9.349695e-001 9.016312e-001 -5.119554e-001 1.762526e-001 -1.195719e+000 -8.789943e-001 -5.153029e-001 5.840767e-002 -8.415925e-001 -2.027412e-001 -9.212008e-002 -7.052025e-001 -2.501200e-001 3.136529e-001 5.804519e-001 -7.945197e-001 -1.399934e-001 -5.859003e-001 -3.896958e-001 
1.760242e+000 1.177561e+001 -5.147433e+000 4.735766e+000 -1.892633e+000 2.520887e+000 -4.652639e+000 -5.549245e-001 -1.394117e+000 -2.081116e+000 -3.094768e+000 -2.858170e-001 -2.024919e+000 -1.199064e+000 -1.242434e-001 -7.356293e-001 -2.148214e+000 -6.448774e-001 2.137797e+000 -1.833834e-001 4.503288e-001 -1.266716e+000 -1.023747e-001 -8.466570e-001 -7.898991e-001 -9.792083e-001 3.770336e-001 1.973635e-001 1.596989e-001 -1.828347e-001 -5.918073e-001 -1.968778e-001 -6.000513e-001 -2.095155e-001 -1.812227e-001 -5.893901e-001 
5.564520e-001 1.540655e+001 -3.129051e+000 4.736388e+000 6.653319e-001 3.828964e+000 -4.746735e+000 -7.723679e-001 -7.634636e-001 -3.105189e+000 -2.719729e+000 5.785810e-001 -6.056852e-001 -2.921860e-001 1.527307e+000 -9.597615e-001 -2.392759e+000 1.307621e-001 1.863624e+000 -8.484626e-002 5.751826e-001 -1.245991e+000 -7.339409e-001 2.678249e-002 -3.628617e-002 -9.183439e-001 -3.053522e-001 -2.846878e-001 -5.297421e-001 -1.671542e-001 3.027432e-001 5.219499e-001 -9.224187e-001 -6.106004e-001 -7.786419e-002 2.144934e-001 
2.838425e+000 2.032252e+001 -3.243515e+000 3.542021e+000 1.433190e+000 3.416843e+000 -5.158859e+000 -9.531664e-001 1.227121e+000 -3.636406e+000 -1.470077e+000 1.801728e+000 -1.792989e+000 -1.278320e+000 1.730624e+000 -6.902094e-001 -3.102687e+000 4.771401e-001 2.269295e+000 -1.317218e+000 7.532865e-001 -6.020833e-001 -1.058127e+000 8.114520e-002 1.001755e+000 -9.544797e-001 -7.018481e-001 8.573017e-001 -8.711592e-001 -9.370900e-001 1.299121e-002 -1.643118e-001 -8.034946e-001 -4.289561e-001 3.351874e-002 -4.419032e-001 
5.658205e+000 1.942904e+001 -2.603819e+000 4.327416e+000 2.473198e+000 3.206725e-001 -5.154100e+000 -2.156075e+000 2.057545e+000 -2.672329e+000 -4.992309e-001 3.118382e-001 -2.384753e+000 -9.080450e-001 1.306813e+000 4.254496e-001 -2.781322e+000 2.959572e-002 2.457226e+000 -4.268026e-001 -5.886763e-001 -1.085885e+000 -5.856156e-001 4.248906e-001 4.902296e-001 -7.063715e-001 -8.991768e-001 8.582856e-001 -8.666545e-001 -1.120156e+000 6.136464e-002 -2.383951e-001 8.660895e-002 -4.196430e-001 -3.091766e-001 3.178450e-001 
8.213005e+000 1.998023e+001 -3.164208e+000 3.514832e+000 3.352326e+000 2.261264e-001 -4.736554e+000 -1.796083e+000 1.759209e+000 -2.343980e+000 -2.342637e-001 -2.341774e-002 -3.356465e+000 -1.205124e+000 2.084152e+000 5.548766e-001 -2.250545e+000 1.572534e-001 1.629192e+000 -1.042197e+000 -6.614852e-001 -5.424030e-001 -8.268799e-001 5.476101e-001 3.598898e-001 -6.179814e-001 -2.027162e-001 1.678024e-001 -1.169234e+000 -1.210241e+000 -1.670173e-001 -3.635596e-001 -2.755618e-001 -4.056645e-001 -3.219466e-001 5.694411e-001 
1.049650e+001 1.953565e+001 -3.498661e+000 2.464691e+000 3.242673e+000 -2.143097e-001 -3.817121e+000 -2.043975e+000 9.339597e-001 -2.123995e+000 -1.124362e+000 -9.056684e-003 -2.984600e+000 -1.323076e+000 1.792315e+000 -5.850696e-001 -2.227723e+000 1.138226e+000 1.966662e+000 -1.128709e+000 -8.376395e-001 -1.395355e-001 -5.101318e-001 5.778622e-001 1.385120e-001 -4.274026e-001 2.860212e-001 -4.705901e-001 -1.292978e+000 -9.590729e-001 -4.411710e-001 -3.066747e-001 -2.707773e-001 -2.255929e-001 -3.652289e-001 -1.941058e-002 
8.070748e+000 2.210810e+001 -5.292860e+000 4.507155e+000 1.779086e+000 1.366441e+000 -4.639746e+000 -3.686988e+000 2.599325e+000 -2.549465e+000 -1.204424e+000 3.424392e-001 -2.884411e+000 -8.619298e-001 1.391858e+000 -1.168195e+000 -2.637118e+000 1.167988e+000 2.271530e+000 -1.636415e+000 2.093102e-001 3.500914e-001 -5.741989e-001 -2.302466e-001 -3.205074e-002 -2.860198e-001 -9.569896e-001 2.058033e-001 -1.395560e+000 -1.115777e+000 3.222824e-001 -5.872826e-001 -2.880234e-001 -1.016779e-001 5.429365e-002 -6.259660e-001 
7.866623e+000 2.412471e+001 -6.644652e+000 5.159784e+000 1.186813e+000 2.313908e+000 -4.620203e+000 -3.499977e+000 2.666466e+000 -2.853389e+000 -1.425362e+000 1.096258e+000 -2.453633e+000 -9.174645e-001 4.363590e-001 -1.331833e+000 -2.621201e+000 9.017213e-002 3.056955e+000 -1.838445e+000 1.255817e+000 3.267342e-001 -9.177115e-001 -1.103528e+000 -5.915601e-001 2.000176e-001 -1.328729e+000 5.662470e-001 -1.599340e+000 -7.867809e-001 2.764568e-001 -1.029590e+000 -1.567768e-001 -7.285429e-002 4.297926e-001 -5.404047e-001 
8.150940e+000 2.392534e+001 -5.997553e+000 4.664122e+000 1.202984e+000 2.662840e+000 -4.346567e+000 -4.613426e+000 1.746235e+000 -3.226119e+000 -2.249144e+000 1.270230e+000 -1.798084e+000 -9.620843e-001 4.409022e-001 -1.249229e+000 -3.290831e+000 9.013462e-001 3.105349e+000 -1.433649e+000 8.357392e-001 -1.990628e-001 -4.967790e-001 -1.141742e+000 -3.609563e-002 2.524589e-001 -2.020735e+000 -3.564371e-002 -1.834605e+000 -4.949739e-001 3.691459e-001 -8.934439e-001 -1.917075e-001 2.108501e-001 4.186841e-001 -8.328588e-001 
9.183967e+000 2.228155e+001 -4.755058e+000 3.858780e+000 1.665244e+000 1.337969e+000 -4.562581e+000 -4.998589e+000 1.860795e+000 -2.783152e+000 -2.322745e+000 -1.639666e-001 -1.128319e+000 -9.534006e-001 -6.711736e-001 -6.436276e-001 -2.413211e+000 8.241815e-001 2.167769e+000 -1.155874e+000 5.101709e-001 8.478374e-001 -4.737752e-001 -1.202869e+000 -7.686689e-001 -5.646563e-001 -1.284904e+000 -3.590015e-001 -9.957116e-001 -8.126199e-001 1.272854e-001 -8.978471e-001 -3.698546e-001 5.172463e-001 -1.802691e-001 -9.823823e-002 
9.706582e+000 2.163099e+001 -4.457065e+000 2.353625e+000 2.044511e+000 5.931534e-001 -4.683951e+000 -5.094103e+000 1.520823e+000 -2.869822e+000 -2.836914e+000 1.009385e+000 -2.739661e+000 -8.409597e-001 -2.798063e-001 -4.325838e-001 -2.437057e+000 4.464770e-001 2.701947e+000 -1.425542e+000 5.828089e-001 3.034283e-001 -5.991344e-001 -1.325024e+000 -3.730622e-001 -5.759955e-001 -1.596212e+000 -8.352208e-001 -8.886956e-001 -9.580577e-001 6.776172e-001 -8.444786e-001 -3.637043e-001 1.290556e-002 -2.264103e-001 -3.586470e-001 
1.703759e+001 1.530145e+001 7.336497e-001 -8.740590e-002 1.829371e+000 -4.741709e-001 -2.200000e+000 -7.552684e-001 -1.050164e-001 -1.279550e+000 -1.027020e+000 -2.886882e-001 -4.887942e-001 -1.853119e-001 4.334454e-001 -5.913356e-002 -1.020647e-001 9.140407e-001 1.157795e+000 3.563600e-001 1.849879e-001 5.918719e-001 2.272811e-001 -6.346891e-001 -6.233171e-001 -3.660713e-001 -5.032112e-001 -3.356859e-001 -3.389269e-001 -4.115579e-001 -1.594630e-001 -3.449875e-001 -2.170975e-001 -3.518782e-002 -2.466860e-001 -2.764975e-002 
-5.939741e+000 1.905013e+001 -6.189132e+000 1.780707e+000 7.621806e-001 5.467902e-001 -4.355246e+000 -3.255508e+000 1.493680e+000 -3.241734e+000 -1.131440e+000 -6.325489e-001 -1.671958e+000 -1.475193e+000 1.118943e+000 -2.959345e-001 -1.335827e+000 -3.312005e-001 1.583167e+000 3.074565e-001 -3.654791e-001 -3.847729e-001 -1.664747e+000 -1.315845e-001 -6.729483e-001 -8.097587e-001 7.874511e-002 -4.286496e-001 -3.925126e-002 1.432346e-001 2.212869e-001 -4.795823e-001 -2.106805e-002 -1.035904e-001 -1.333759e-001 7.467015e-001 
-7.415336e+000 1.931051e+001 -7.589000e+000 9.252422e-001 -1.935482e-001 2.067725e-001 -3.301145e+000 -4.192597e+000 1.462821e+000 -3.429512e+000 -1.452878e+000 -2.707636e-001 -4.486068e-001 -1.124515e+000 1.216012e+000 -9.896733e-001 -1.948055e+000 -2.231678e-001 1.737903e+000 9.338387e-001 -5.414829e-001 -6.240213e-001 -1.301928e+000 -1.569097e-001 -7.118995e-001 -1.084455e+000 4.901430e-001 -8.098425e-001 -6.868493e-001 -2.125481e-001 -8.512317e-002 -2.780002e-001 -4.736621e-001 7.305535e-002 -1.784806e-001 3.839808e-001 
-5.664564e+000 1.649786e+001 -6.177246e+000 8.809223e-001 1.680379e+000 1.380466e+000 -2.737106e+000 -1.658603e+000 1.641865e+000 -2.835643e+000 -1.562258e+000 4.863029e-001 -7.149428e-001 -1.613295e-001 1.057627e+000 -2.476621e-001 -1.670420e+000 -1.708307e+000 4.532456e-001 2.185582e-001 -1.211132e-001 -5.835422e-001 -8.471902e-001 1.497575e-001 -6.310043e-001 -9.316609e-001 1.562197e-001 -4.328344e-001 -9.753572e-001 -7.627168e-002 3.337180e-001 -1.516054e-001 -4.110039e-001 -3.641617e-001 3.624440e-002 4.901799e-001 
-4.058685e+000 1.714443e+001 -5.465505e+000 3.396404e+000 7.625188e-001 2.474695e+000 -1.981704e+000 -7.667525e-001 1.165100e+000 -2.545087e+000 -1.508479e+000 -4.695068e-001 -7.140377e-001 -4.384446e-001 -2.061763e-001 -1.806741e+000 -2.169646e+000 -1.372984e+000 6.070276e-001 5.314957e-001 5.242688e-001 -7.856898e-001 -4.120065e-001 -1.306286e+000 -7.063416e-001 -8.075797e-001 2.501233e-001 7.192442e-001 -5.496977e-001 -3.261546e-001 -5.303253e-001 -2.110391e-001 -2.791299e-001 2.168935e-001 2.057231e-001 4.929158e-001 
5.230205e-002 1.434286e+001 -5.651410e+000 4.191533e+000 -1.148906e+000 2.721598e+000 -4.506235e+000 -1.682171e+000 -4.427492e-001 -2.820297e+000 -1.808689e+000 -8.259675e-001 -9.731761e-001 -8.797350e-001 1.959293e-001 -7.039793e-001 -5.870241e-001 -3.810714e-001 1.849817e+000 1.122972e+000 3.028243e-001 -8.205025e-002 1.921013e-001 -8.221593e-001 -1.548890e-001 -2.942631e-001 1.038791e-001 1.150426e-001 -7.226318e-001 -1.519959e-001 -1.526210e-001 2.040048e-001 -5.608186e-001 2.285426e-001 7.276512e-003 2.813127e-001 
-7.029107e-001 1.246325e+001 -4.288404e+000 4.578225e+000 -2.614761e+000 2.380181e+000 -5.948430e+000 -1.320075e+000 -5.909322e-001 -2.726328e+000 -2.849837e+000 -1.459477e+000 -1.361974e+000 -1.099233e+000 5.328231e-001 -1.618442e-001 -5.791755e-001 -1.796486e-001 1.108740e+000 -1.692727e-001 -2.549094e-002 -9.620688e-001 5.254451e-001 2.342772e-001 -3.001002e-001 -7.018988e-001 1.050036e-001 -9.054758e-001 -9.552819e-001 -2.265171e-001 -1.185995e-001 4.048634e-001 -2.973392e-001 -3.989898e-001 -1.381480e-001 -2.468894e-001 
-7.233513e-001 1.108985e+001 -4.806694e+000 4.039157e+000 -2.408485e+000 3.579749e+000 -3.866823e+000 -7.507985e-001 -7.202658e-001 -4.025296e+000 -3.000054e+000 -1.732923e+000 -2.357687e+000 -5.286820e-001 3.849150e-001 -4.217351e-001 -8.173223e-001 8.782384e-002 1.433961e+000 -1.955366e-001 -3.629383e-001 -1.737598e+000 -1.119586e-001 -5.316980e-001 -5.744767e-001 -9.401064e-001 -1.744717e-001 -5.518683e-001 -4.376780e-001 1.470596e-001 1.134731e-001 8.935338e-002 -3.826346e-001 -1.190715e-001 -1.586990e-001 -7.250051e-001 
-1.262935e-001 1.263784e+001 -3.844973e+000 4.661537e+000 -2.044421e+000 4.318636e+000 -4.714657e+000 -8.236254e-001 2.201521e-001 -3.741939e+000 -3.321076e+000 -1.194148e+000 -7.037976e-001 -4.763729e-001 2.165643e-001 1.572023e-001 -5.992565e-001 3.941580e-001 1.839481e+000 4.227269e-001 -2.528028e-001 -9.645888e-001 -2.097250e-001 -4.095696e-001 -2.271837e-001 -1.042853e+000 -5.147607e-001 -1.040270e+000 -7.403708e-001 -2.475085e-001 -6.425163e-001 3.897274e-001 -1.626985e-001 -3.975108e-001 -7.000594e-001 -3.803771e-001 
-8.033675e-001 1.248223e+001 -5.142895e+000 2.857640e+000 -2.705813e+000 3.094770e+000 -5.519932e+000 -5.008367e-001 -6.555349e-001 -2.814657e+000 -2.739922e+000 -1.113808e+000 -2.690819e-001 -5.730634e-001 1.150282e+000 1.903065e-001 -4.853650e-001 -3.007894e-001 9.771660e-001 -2.499746e-002 -1.952027e-001 -1.072732e+000 3.349179e-001 -8.858904e-001 -2.988266e-001 -1.459219e-001 -2.737777e-002 -1.038956e+000 -1.022841e+000 1.383312e-001 -2.562727e-001 7.085339e-001 -5.494118e-001 -1.397714e-001 -3.364069e-001 4.032834e-001 
-2.447480e-001 1.108951e+001 -5.036012e+000 2.809697e+000 -3.547794e+000 2.486578e+000 -4.651847e+000 -1.309600e+000 -1.633956e+000 -3.062807e+000 -3.164465e+000 -9.635747e-001 -1.734921e+000 -1.165102e+000 7.261850e-001 -4.779068e-001 -1.379685e+000 -1.244237e+000 1.271141e-001 -8.001501e-001 9.507448e-001 -5.422743e-001 -2.538261e-001 -1.497427e-001 5.774451e-001 -3.408544e-001 4.109077e-003 -3.134958e-001 -2.758532e-001 -1.683087e-001 3.969692e-002 3.852288e-001 -8.517250e-001 -1.649554e-001 -3.135488e-001 -3.434681e-001 
8.873134e-001 1.146051e+001 -3.789823e+000 5.120653e+000 -2.187181e+000 1.961460e+000 -4.567229e+000 -1.017180e+000 -2.362057e+000 -3.574500e+000 -4.166180e+000 -7.949750e-001 -1.322843e+000 -4.824828e-001 1.318735e-001 -5.309387e-001 -1.555694e+000 -3.531476e-001 2.094409e+000 -4.668566e-001 5.329268e-001 -9.399255e-001 -1.046311e-001 -8.049374e-001 -9.774024e-002 -4.070144e-001 4.354314e-002 -5.514853e-001 -2.356363e-001 1.061995e-001 -2.454300e-001 -2.527466e-001 -8.255886e-001 -2.188479e-001 1.378309e-001 -1.495756e-001 
1.467810e+000 1.639046e+001 -3.441213e+000 4.545344e+000 -4.370445e-002 3.248846e+000 -4.119797e+000 1.301041e+000 3.743199e-001 -3.234460e+000 -3.274444e+000 3.045676e-001 -7.593408e-001 -6.103990e-001 1.140444e+000 -1.041443e+000 -2.256875e+000 1.617423e-001 1.470226e+000 -8.925523e-001 4.580204e-001 -8.002779e-001 -9.729907e-001 -6.223904e-001 -3.848650e-001 -1.028731e+000 -7.285489e-002 3.437298e-001 -1.845514e-001 -4.013325e-002 7.111117e-002 2.840655e-001 -6.239961e-001 6.006645e-002 1.053858e-001 6.097181e-002 
2.670009e+000 2.023186e+001 -3.406991e+000 3.328808e+000 1.305370e+000 3.196430e+000 -5.058356e+000 -6.745195e-001 1.690588e+000 -4.057575e+000 -1.718236e+000 1.679850e+000 -1.518757e+000 -1.065528e+000 2.676829e+000 -9.358501e-002 -3.002333e+000 3.381106e-001 2.286902e+000 -1.690822e+000 3.633779e-001 -6.609406e-001 -9.795072e-001 3.443104e-001 1.056450e+000 -1.246471e+000 -9.342416e-001 1.207847e+000 -8.948881e-001 -1.282076e+000 -4.853859e-002 6.011688e-002 -6.568806e-001 -8.517149e-002 4.030957e-001 -3.899897e-001 
4.588388e+000 2.110915e+001 -2.975606e+000 4.486045e+000 2.367630e+000 1.747192e+000 -4.826475e+000 -2.068231e+000 2.657039e+000 -3.805710e+000 -1.038095e+000 9.342982e-001 -2.845015e+000 -1.784387e+000 1.663313e+000 1.212625e+000 -3.097679e+000 1.300119e-001 2.751991e+000 -1.376703e+000 -4.872567e-001 -8.542245e-001 -8.707692e-001 2.646382e-001 1.012399e+000 -7.211417e-001 -1.310570e+000 1.544224e+000 -1.152998e+000 -1.595176e+000 4.527624e-001 -3.405164e-001 -4.703433e-001 -5.443319e-001 2.241791e-002 -3.775930e-001 
5.090443e+000 2.256869e+001 -5.411908e+000 5.451874e+000 1.856260e+000 1.560010e+000 -5.400104e+000 -1.571023e+000 2.155072e+000 -2.876923e+000 -1.754810e-001 -1.035869e-001 -3.002448e+000 -1.198375e+000 2.609041e+000 9.316694e-002 -2.454165e+000 2.145940e-001 2.082093e+000 -1.766529e+000 -4.845141e-001 -6.554741e-001 -6.925718e-001 7.215037e-001 6.510127e-001 -5.776020e-001 -1.556864e-001 5.003767e-001 -1.394822e+000 -1.237898e+000 -1.209862e-001 -4.670814e-001 -2.546775e-001 -2.489907e-001 -3.382588e-001 2.540760e-001 
9.825043e+000 1.959539e+001 -3.366084e+000 2.377006e+000 3.279677e+000 -2.225001e-001 -4.104033e+000 -2.277687e+000 1.042502e+000 -1.971544e+000 -9.282991e-001 1.133656e-001 -3.339636e+000 -1.658705e+000 2.121381e+000 -3.369322e-001 -2.395537e+000 1.018934e+000 1.764554e+000 -1.148948e+000 -6.308946e-001 -2.167493e-001 -5.837335e-001 6.973490e-001 8.353140e-002 -5.992127e-001 2.670202e-001 -3.350860e-001 -1.273818e+000 -1.078357e+000 -5.136450e-001 -1.972776e-001 -7.140755e-002 -2.271464e-001 -4.818168e-001 -1.021534e-002 
9.170722e+000 2.154752e+001 -3.966287e+000 4.265638e+000 1.883372e+000 7.175318e-001 -4.725304e+000 -3.295505e+000 2.313829e+000 -2.570672e+000 -1.311442e+000 -5.920848e-002 -2.751866e+000 -8.449365e-001 1.647563e+000 -5.778215e-001 -2.778472e+000 1.033275e+000 1.679899e+000 -1.675241e+000 1.161995e-003 2.870742e-001 -7.276236e-001 -4.418329e-001 1.199004e-001 -5.580780e-001 -6.619546e-001 4.880137e-001 -1.319400e+000 -1.025984e+000 -3.349658e-002 -6.890167e-001 -2.262719e-001 -2.298244e-001 3.315339e-002 -5.781307e-001 
8.665003e+000 2.376847e+001 -5.890922e+000 4.624942e+000 1.269794e+000 1.547267e+000 -4.694078e+000 -3.755527e+000 2.492221e+000 -2.998640e+000 -1.503179e+000 1.030947e+000 -2.448287e+000 -6.309890e-001 7.981508e-001 -1.037653e+000 -2.418737e+000 2.084801e-001 2.687537e+000 -1.998792e+000 5.029906e-001 3.630513e-001 -1.013224e+000 -7.490641e-001 -4.564255e-001 1.642371e-001 -9.122320e-001 5.064124e-001 -1.153233e+000 -7.923357e-001 1.159520e-001 -1.268977e+000 -4.945807e-001 -2.366794e-001 8.911980e-002 -3.635072e-001 
8.046940e+000 2.365215e+001 -5.644564e+000 4.603702e+000 2.369014e+000 1.445749e+000 -3.999126e+000 -5.204128e+000 1.839672e+000 -2.433678e+000 -1.952210e+000 1.829854e+000 -2.207562e+000 -1.223473e+000 7.029649e-001 -6.351289e-001 -1.952960e+000 1.564439e-001 2.568917e+000 -1.579706e+000 -9.520042e-003 4.225645e-001 -1.068937e+000 -3.828490e-001 -1.277740e-001 -2.140820e-001 -9.780329e-001 -3.774296e-001 -9.591333e-001 -8.265705e-001 2.997098e-001 -9.864082e-001 -7.318257e-001 3.622237e-001 -4.488731e-001 -2.984247e-001 
1.093196e+001 2.088407e+001 -3.459220e+000 3.282961e+000 2.590896e+000 9.110682e-001 -4.051946e+000 -4.224499e+000 1.276006e+000 -2.569428e+000 -2.209634e+000 3.455825e-002 -1.589810e+000 -9.516048e-001 -1.859692e-001 -8.137406e-001 -2.048662e+000 7.833375e-001 2.377026e+000 -1.064779e+000 -1.756533e-001 6.545171e-001 -1.025725e+000 -9.329419e-001 -4.110052e-001 -1.343039e-001 -1.002940e+000 -1.207201e+000 -9.566097e-001 -5.602450e-001 3.866839e-001 -8.509626e-001 -5.192850e-001 5.737276e-001 -6.006917e-001 -2.082606e-001 
