1.453548e+001 8.726250e+000 -4.396861e+000 4.819966e-001 -1.178248e-001 1.952485e+000 -2.679247e+000 6.287560e-001 -7.488361e-001 -5.277873e-001 -1.222796e+000 6.667987e-001 
1.394218e+001 9.061392e+000 -4.313747e+000 1.714588e+000 -2.093282e-001 1.706086e+000 -3.124038e+000 5.246267e-001 -1.356006e+000 -2.101712e-001 -7.914384e-001 3.541939e-001 
1.172167e+001 9.278464e+000 -4.023377e+000 2.574257e+000 -1.444911e+000 2.355014e+000 -3.705819e+000 1.262157e+000 -1.723193e+000 -1.681304e-001 -1.222296e+000 1.243199e+000 
1.020931e+001 8.460567e+000 -3.415272e+000 2.045115e+000 -1.017644e+000 2.300242e+000 -2.347811e+000 7.748205e-001 -7.807509e-001 -3.254439e-001 -1.224416e+000 1.386709e+000 
7.614148e+000 9.182727e+000 -3.503464e+000 3.065828e+000 3.513413e-001 3.096845e+000 -3.156563e+000 9.953936e-001 -2.251590e-001 -4.353878e-001 -1.066089e+000 1.620065e+000 
6.529143e+000 9.645075e+000 -1.731012e+000 1.858832e+000 1.528726e+000 2.153014e+000 -2.487174e+000 8.463292e-001 -2.107504e-001 -5.924953e-001 -3.465788e-001 7.116239e-001 
5.991168e+000 1.067911e+001 -2.413617e+000 1.982768e+000 1.576965e+000 2.353389e+000 -1.346045e+000 1.580829e+000 -6.909482e-001 -8.018517e-001 -5.987937e-001 4.661788e-001 
1.481646e+001 5.869613e+000 -1.067456e+000 6.445584e-002 1.523104e+000 8.508659e-001 -3.928713e-001 -2.732182e-002 2.010092e-001 -5.595814e-003 -1.683472e-001 1.087827e-001 
1.594881e+001 7.702859e+000 -3.020206e+000 -8.534008e-001 8.937819e-001 1.100941e+000 -1.999251e+000 -1.241428e-001 -2.289718e-001 -7.564952e-001 -8.787465e-001 4.896671e-001 
1.400547e+001 9.321352e+000 -4.450324e+000 1.326152e+000 -3.057668e-001 1.912629e+000 -3.251838e+000 1.253875e+000 -1.541720e+000 -2.848747e-001 -9.015863e-001 3.699364e-001 
1.248953e+001 9.001204e+000 -4.386352e+000 2.288188e+000 -1.148841e+000 2.567610e+000 -3.692396e+000 1.416316e+000 -1.560198e+000 -1.802204e-001 -1.227934e+000 8.191727e-001 
1.038616e+001 8.212018e+000 -3.519239e+000 1.836271e+000 -1.008089e+000 2.526175e+000 -2.755415e+000 1.327453e+000 -1.109427e+000 -3.519272e-001 -1.140212e+000 1.256718e+000 
7.975036e+000 8.655839e+000 -3.395613e+000 3.306961e+000 -1.532980e-001 3.050807e+000 -2.580071e+000 1.048622e+000 -3.795031e-001 -5.864085e-002 -9.961316e-001 1.538996e+000 
6.759399e+000 1.004088e+001 -1.441262e+000 1.857457e+000 9.386086e-001 2.811969e+000 -2.747502e+000 1.000382e+000 1.066504e-001 -7.116327e-001 -7.959743e-001 7.050283e-001 
6.326499e+000 1.091381e+001 -1.227467e+000 2.068155e+000 9.960708e-001 2.221086e+000 -2.700144e+000 1.206657e+000 -3.579329e-001 -4.592630e-001 -2.144136e-001 1.022736e+000 
