9.841411e+000 5.463468e+000 -5.504152e+000 5.651553e+000 -6.177531e+000 1.497413e+000 -7.515120e+000 1.067579e+000 -2.555254e-004 -1.411535e+000 -1.573994e+000 -6.512234e-001 -1.997634e+000 -1.854480e+000 -1.384054e+000 -6.956076e-001 -9.723286e-001 -2.614759e+000 -1.154559e+000 -1.142106e+000 -1.835316e+000 -2.402355e+000 -4.928567e-001 -8.051644e-001 4.895455e-001 -7.320569e-001 -1.255282e+000 -1.619036e+000 -1.009664e-001 3.616184e-003 2.468359e-001 1.287122e+000 7.662008e-001 3.011393e-001 -1.346291e-001 5.410530e-001 
8.801709e+000 5.324351e+000 -5.691592e+000 7.141197e+000 -5.828729e+000 1.344284e+000 -7.104116e+000 1.290716e+000 1.273682e-001 -5.025397e-001 -3.293155e+000 -3.987094e-002 -2.068890e+000 -1.576219e+000 -1.972710e+000 -3.267603e-001 -8.117286e-001 -1.898346e+000 -1.668551e+000 -1.996592e+000 -7.101375e-001 -2.472948e+000 -1.150034e+000 -1.283726e+000 1.273600e+000 -9.497934e-001 -7.222703e-001 -1.822775e+000 -4.109121e-001 -4.966016e-001 5.626554e-001 1.164221e+000 1.526678e+000 3.146013e-001 -1.089694e-001 -3.704377e-001 
8.599217e+000 4.650874e+000 -5.497027e+000 7.306217e+000 -5.466991e+000 1.497775e+000 -6.511303e+000 5.992273e-001 1.047356e+000 -9.943639e-001 -2.076066e+000 -1.165688e+000 -1.271565e+000 -1.998092e+000 -2.105929e+000 -1.064100e+000 -5.075503e-001 -1.360891e+000 -1.668673e+000 -1.614768e+000 -1.300552e+000 -1.968633e+000 -9.284517e-001 -1.027245e+000 8.118908e-001 -8.883837e-001 -8.899340e-001 -1.191976e+000 -9.087241e-001 1.811981e-001 6.887499e-001 1.298080e+000 7.998640e-001 6.174921e-001 -5.560701e-001 1.968792e-001 
7.560366e+000 4.313009e+000 -6.122252e+000 7.629899e+000 -6.099744e+000 2.720050e+000 -6.606247e+000 1.445442e+000 -5.311712e-001 -7.012401e-001 -2.436131e+000 -1.967721e+000 -1.554250e+000 -9.916828e-001 -1.138322e+000 -4.505966e-001 -9.024146e-001 -1.451085e+000 -1.448840e+000 -1.288130e+000 -1.268277e+000 -2.565739e+000 -4.786074e-001 -8.851544e-001 7.981693e-001 -1.152183e+000 -9.206733e-002 -1.750849e+000 -9.746873e-001 -2.021695e-001 1.003422e+000 8.490226e-001 1.152196e+000 4.672639e-001 -9.748601e-002 4.173688e-001 
5.589368e+000 4.923026e+000 -7.364778e+000 6.996236e+000 -7.245192e+000 2.162636e+000 -6.342087e+000 1.230279e+000 -1.657170e-001 -1.834780e+000 -6.632924e-001 -1.104183e+000 -1.228426e+000 -1.560483e+000 -4.302443e-001 -1.732351e+000 -4.420741e-001 -1.570680e+000 -1.221273e+000 -1.298367e+000 -1.134885e+000 -2.770249e+000 -4.883326e-001 2.074875e-001 6.550091e-001 -1.347476e-001 -1.132477e+000 -1.556502e+000 -1.193441e+000 1.167921e-001 1.108934e+000 1.253278e+000 7.800155e-001 7.063383e-001 -3.144632e-001 -4.772648e-002 
4.980209e+000 6.017810e+000 -8.465071e+000 5.501568e+000 -8.525531e+000 2.258250e+000 -6.026447e+000 1.062071e+000 1.539578e+000 -1.822446e+000 -6.152923e-001 -1.266990e+000 9.243061e-002 -1.947860e+000 2.019358e-001 -2.026657e+000 9.046551e-002 -1.503007e+000 -1.397800e+000 -7.282945e-002 -4.834919e-001 -1.390349e+000 -1.409373e+000 1.022380e+000 1.341378e+000 1.535231e-001 -1.274454e+000 -7.998603e-001 -2.457498e-001 1.045178e-001 7.739550e-001 9.118324e-001 1.400109e-001 7.348586e-001 1.053271e-002 -4.979378e-001 
6.032294e+000 5.761849e+000 -9.911631e+000 5.658321e+000 -7.415825e+000 3.243452e+000 -4.956304e+000 2.160659e+000 1.301205e+000 -1.366720e-001 -1.804116e+000 -1.535008e+000 -1.075812e+000 -2.593381e+000 -6.750178e-001 -2.861092e+000 3.014239e-001 -2.198473e+000 -2.852928e-001 -4.445017e-001 -3.565215e-001 -2.398472e+000 -1.043103e+000 -5.582285e-001 2.064372e-001 -2.184495e-001 -1.010829e+000 -5.025224e-001 -1.296639e+000 1.303969e+000 5.049211e-002 1.570967e+000 -1.299138e-001 8.484987e-001 -1.260509e+000 2.529893e-001 
5.637964e+000 6.323099e+000 -8.603860e+000 6.222793e+000 -7.999472e+000 1.828523e+000 -4.843889e+000 1.961860e+000 1.879130e+000 -6.336536e-001 -8.833167e-001 -2.178237e+000 -5.059087e-001 -3.124293e+000 -1.044330e+000 -2.466165e+000 -5.417942e-001 -1.703308e+000 -8.738905e-001 -6.028177e-001 -1.368359e+000 -1.460232e+000 -1.706837e+000 -7.176432e-001 1.913189e-001 -2.275165e-001 -6.429995e-001 -6.316827e-001 -4.402859e-001 1.339726e-001 6.627129e-001 1.296385e+000 2.041304e-001 6.027562e-001 -8.166766e-001 -5.879356e-001 
5.206675e+000 8.149627e+000 -8.629874e+000 7.314042e+000 -8.269725e+000 2.260551e+000 -5.611257e+000 1.137343e+000 3.112001e+000 -1.907732e+000 2.357364e-001 -2.631819e+000 5.120463e-001 -3.179520e+000 -7.864196e-001 -2.440837e+000 -2.227698e-001 -9.814553e-001 -2.690673e+000 -1.092590e-001 -1.285809e+000 -5.822874e-001 -1.820388e+000 1.335573e-001 -1.050044e-001 6.277006e-002 -4.348915e-001 -9.384380e-001 1.450735e-001 -5.131929e-001 8.134356e-001 1.076240e+000 9.316373e-001 -1.397403e-001 -8.090364e-001 -7.263709e-002 
5.651922e+000 7.483171e+000 -7.731685e+000 8.637859e+000 -7.956903e+000 1.964666e+000 -6.746843e+000 1.874384e+000 2.798370e+000 -7.001471e-002 -7.727275e-001 -1.676151e+000 -1.315009e-001 -2.422403e+000 -6.410820e-001 -2.571804e+000 -4.793910e-001 -1.485720e+000 -1.665383e+000 -1.235088e+000 -3.107758e-001 -1.303308e+000 -1.196027e+000 -5.598102e-001 5.856122e-001 -4.625870e-001 -5.168041e-001 -3.982445e-001 -4.746720e-001 5.154309e-001 -4.103154e-001 1.771644e+000 7.953091e-002 8.279546e-001 -8.801124e-001 -9.871336e-002 
5.414653e+000 7.244469e+000 -7.231694e+000 7.498440e+000 -8.017198e+000 6.814646e-001 -6.713197e+000 -1.030676e-001 1.514347e+000 -3.214944e-001 -4.653988e-001 -1.666657e+000 -4.379528e-001 -2.482623e+000 -1.021934e+000 -2.221965e+000 -1.239542e+000 -1.680532e+000 -1.180607e+000 -2.195136e+000 -1.591260e+000 -1.888316e+000 -4.462981e-001 -1.085960e+000 1.193160e-001 -1.590842e-001 -1.063571e+000 -1.073685e+000 -5.883809e-001 9.960125e-001 -5.540777e-002 1.364151e+000 -2.201359e-001 8.086854e-001 -4.743110e-001 5.437746e-001 
4.770976e+000 9.423932e+000 -8.069743e+000 8.252510e+000 -7.443715e+000 1.329001e+000 -6.659540e+000 2.632880e-001 1.268365e+000 -2.842607e+000 -2.766784e-001 -2.148102e+000 1.119704e+000 -2.821099e+000 -6.056577e-001 -1.993653e+000 -4.021939e-001 -8.580012e-001 -1.526514e+000 -4.567267e-001 -1.139061e+000 -1.636797e+000 -1.687308e+000 -1.955543e-002 2.073573e-001 1.443943e-001 -1.105123e+000 -1.361190e+000 -6.269943e-001 -1.193202e-001 5.048574e-001 1.114627e+000 1.098812e+000 6.550863e-001 -6.235933e-001 3.976026e-001 
4.817720e+000 7.856047e+000 -6.830344e+000 7.089063e+000 -6.280614e+000 1.574703e+000 -5.927971e+000 1.098110e+000 9.512798e-001 -2.027577e+000 -9.975084e-001 -1.090044e+000 5.694504e-001 -1.979327e+000 -1.481344e-001 -2.290280e+000 -3.503066e-001 -8.345586e-001 -1.839998e+000 -4.262221e-001 -9.478930e-001 -2.215107e+000 -1.636033e+000 1.808691e-001 2.601955e-001 -3.068621e-001 -1.121995e+000 -1.292574e+000 -1.673386e-001 -2.170792e-001 6.747552e-001 1.500009e+000 1.132004e+000 7.749047e-001 -5.475424e-001 3.960213e-001 
9.888207e+000 5.702884e+000 -3.638455e+000 8.008996e+000 -4.372800e+000 2.235451e+000 -6.095912e+000 1.421664e+000 1.072003e-001 3.227379e-001 -4.353608e-001 3.721787e-001 -5.350315e-001 -4.746180e-003 -6.569126e-001 -4.544445e-001 -5.774631e-001 -1.972314e+000 -7.946681e-001 -6.381390e-001 -2.168351e-001 -1.305664e+000 1.960737e-001 -6.136039e-001 1.470329e+000 2.191167e-001 -5.379904e-001 -1.301160e+000 -3.719912e-001 3.728651e-001 -4.903780e-001 5.110205e-001 3.443157e-001 8.616865e-001 -2.937177e-001 9.898600e-002 
7.920235e+000 4.788810e+000 -5.268006e+000 7.601928e+000 -5.516503e+000 1.771125e+000 -8.961962e+000 5.967012e-001 -7.713099e-001 -1.149722e+000 -2.110608e+000 6.343037e-001 -1.622781e+000 -1.935354e+000 -2.374788e+000 -9.561004e-001 -9.888040e-001 -2.490186e+000 -1.968889e+000 -2.199483e+000 -1.887114e+000 -2.256053e+000 -1.572499e-001 -8.949173e-001 7.181749e-001 -1.120924e+000 -6.833104e-001 -2.105345e+000 -1.374556e-001 -5.811093e-001 3.747228e-001 1.194436e+000 1.246948e+000 3.971368e-003 -1.594278e-001 4.285567e-001 
8.101983e+000 5.080579e+000 -5.556530e+000 8.064997e+000 -5.503249e+000 9.462679e-001 -8.310294e+000 -2.278953e-001 -3.442237e-001 -7.222072e-001 -2.869781e+000 -4.773396e-001 -2.334730e+000 -1.578349e+000 -1.956559e+000 -1.245278e+000 -9.338483e-001 -2.678336e+000 -1.847115e+000 -1.793211e+000 -1.045163e+000 -2.285599e+000 -1.258011e+000 -1.134721e+000 9.739094e-001 -1.262909e+000 -1.026297e+000 -2.051450e+000 -4.911226e-001 -7.632843e-002 4.073990e-001 8.794819e-001 8.284736e-001 8.103170e-001 -9.206828e-002 -4.563357e-002 
8.585749e+000 5.789910e+000 -5.625507e+000 8.138114e+000 -6.381780e+000 2.443487e+000 -6.901871e+000 1.918580e-001 5.019855e-002 -8.362301e-001 -2.383511e+000 -1.590225e+000 -1.298996e+000 -8.316710e-001 -9.472596e-001 -4.364231e-001 -5.695551e-001 -8.649844e-001 -1.425438e+000 -1.851170e+000 -1.940043e+000 -2.343200e+000 -2.662069e-002 -7.915612e-001 1.324787e+000 -1.085320e+000 -7.059732e-001 -1.764190e+000 -9.279209e-001 1.597501e-001 7.370980e-001 7.668823e-001 9.062661e-001 1.119214e+000 1.629105e-002 4.374995e-001 
8.599404e+000 5.870420e+000 -5.592532e+000 7.125745e+000 -6.058929e+000 1.607201e+000 -7.353454e+000 9.481048e-001 -8.654070e-002 -8.384603e-001 -2.078717e+000 -2.088074e+000 -1.590911e+000 -9.252406e-001 -1.063699e+000 -6.400221e-001 -4.083222e-001 -1.125307e+000 -1.098622e+000 -1.358607e+000 -1.271704e+000 -2.636616e+000 -7.855844e-001 -2.301797e-001 8.176877e-001 -6.773657e-001 -5.876816e-001 -2.088429e+000 -9.383422e-001 1.483459e-003 9.251779e-001 1.007315e+000 1.032845e+000 6.905044e-001 -1.951670e-001 7.167466e-002 
6.174099e+000 6.389050e+000 -6.029764e+000 7.509971e+000 -7.260931e+000 1.231867e+000 -7.845726e+000 -8.068089e-001 -3.768950e-001 -1.556541e+000 -5.377773e-001 -1.611658e+000 -1.597778e+000 -2.145716e+000 -1.226899e-001 -1.646317e+000 -8.374050e-002 -1.382526e+000 -7.895814e-001 -7.936710e-001 -1.291971e+000 -2.556702e+000 -1.266377e+000 -6.630802e-002 -8.099007e-003 -2.399841e-001 -1.254287e+000 -1.373680e+000 -1.213695e+000 -5.238677e-002 1.117973e+000 1.323179e+000 6.961852e-001 5.414598e-001 -4.313880e-001 -1.059023e-001 
5.238895e+000 7.119914e+000 -6.452896e+000 8.158630e+000 -7.126814e+000 1.927380e+000 -8.204508e+000 -1.697673e+000 -7.855459e-001 -1.588699e+000 -1.439557e-001 -9.909858e-001 -4.082277e-001 -2.076971e+000 3.997377e-001 -2.217476e+000 3.725097e-001 -1.555518e+000 -1.144651e+000 -1.169889e+000 -1.071547e+000 -1.497725e+000 -1.129025e+000 -2.737356e-001 5.357107e-002 -5.049584e-001 -1.258586e+000 -9.299998e-001 -9.371091e-001 2.620229e-001 3.240304e-001 9.583428e-001 -2.289167e-001 1.452422e+000 2.857185e-001 1.204196e-001 
6.373383e+000 5.928712e+000 -7.400090e+000 8.425542e+000 -6.639609e+000 1.061601e+000 -7.923608e+000 -1.210855e+000 -5.246160e-001 -1.042078e+000 -1.263861e+000 -4.621395e-001 1.300267e-002 -1.288342e+000 1.879593e-001 -1.598332e+000 9.707675e-002 -2.191972e+000 -1.164386e+000 -1.559287e+000 -8.980698e-001 -1.779410e+000 -1.071907e-001 -2.072218e-002 3.098458e-001 -3.313347e-001 -8.045641e-001 -8.200513e-001 -1.416874e+000 5.636395e-001 -8.554324e-002 1.583519e+000 1.671056e-001 1.498676e+000 -4.906489e-001 7.601139e-001 
4.937579e+000 7.370338e+000 -7.441963e+000 7.888530e+000 -7.690134e+000 4.944242e-001 -7.565735e+000 -1.107110e+000 3.525411e-001 -1.675064e+000 1.963295e-001 -1.438394e+000 1.149523e+000 -1.932802e+000 -5.349103e-002 -1.844413e+000 -6.834368e-002 -1.525956e+000 -1.179936e+000 -2.207036e-001 -1.186943e+000 -1.186551e+000 -8.774778e-001 8.022056e-002 6.787625e-001 1.017484e-001 -8.024455e-001 -1.162240e+000 -3.971553e-001 -1.893832e-001 5.721954e-001 9.844988e-001 4.336802e-001 1.053423e+000 -2.620531e-001 -9.671116e-002 
5.257845e+000 7.366437e+000 -6.798492e+000 8.782691e+000 -7.973338e+000 2.255933e+000 -6.988359e+000 -3.156076e-001 8.577507e-001 -1.563982e+000 1.173727e+000 -1.161388e+000 1.110837e+000 -2.326137e+000 7.020221e-001 -2.653557e+000 -9.319349e-001 -1.097531e+000 -1.802210e+000 -6.963471e-001 -1.553712e+000 -1.058230e+000 -1.677127e+000 4.158843e-001 1.292690e-001 2.748555e-001 -9.440164e-001 -9.194394e-001 -1.831965e-001 -2.462329e-001 4.857903e-001 6.338047e-001 8.557907e-001 5.647158e-001 -1.468215e-001 7.647355e-002 
6.544213e+000 7.047684e+000 -7.898410e+000 7.490407e+000 -7.407328e+000 2.892049e+000 -6.429899e+000 -3.091762e-001 2.244487e-001 -7.604834e-001 4.340186e-001 -1.618607e+000 -3.879820e-001 -1.706150e+000 7.870162e-001 -2.333075e+000 -1.381545e+000 -2.129269e+000 -8.849791e-001 -6.738022e-001 -4.456982e-001 -1.965358e+000 -9.033457e-001 -3.442714e-001 1.234125e+000 3.141921e-001 -7.090810e-001 -9.945270e-001 -7.224159e-001 1.117482e+000 -2.696852e-001 1.427755e+000 -2.853035e-001 1.088116e+000 -2.716171e-001 2.581481e-001 
5.013062e+000 6.909531e+000 -8.387903e+000 7.544492e+000 -6.534862e+000 3.504354e+000 -5.793957e+000 -9.951610e-001 -6.093124e-001 -1.793619e+000 3.553324e-001 -1.160333e+000 1.216914e-001 -2.069175e+000 1.804728e-001 -2.008692e+000 -2.467636e+000 -2.931417e+000 -9.777136e-001 -6.710852e-001 -1.371872e+000 -2.714063e+000 -1.308279e+000 -1.037672e+000 1.130088e+000 2.636307e-001 -1.239061e+000 -1.603342e+000 -8.034311e-001 7.825488e-001 -2.290939e-001 1.229176e+000 1.114148e-001 1.605401e+000 -5.490047e-001 5.155265e-001 
3.922514e+000 8.515951e+000 -7.886356e+000 8.306774e+000 -5.631053e+000 3.390867e+000 -5.943003e+000 -1.350476e+000 2.010842e-001 -3.011586e+000 9.478914e-001 -2.209215e+000 9.609586e-001 -2.644747e+000 6.179316e-001 -2.452720e+000 -2.179267e+000 -2.177120e+000 -2.024084e+000 4.594805e-001 -1.591323e+000 -2.182695e+000 -2.589987e+000 4.326129e-001 5.362844e-001 2.858347e-001 -1.132577e+000 -1.997066e+000 -3.548914e-001 -3.632241e-001 8.943144e-001 3.839954e-001 1.413245e+000 5.652668e-001 -2.557938e-001 3.555238e-001 
