1.801485e+001 1.274078e+000 -8.782973e+000 7.730860e+000 -1.166071e+001 1.812144e+000 -6.629195e+000 3.225741e+000 -7.321562e-001 -1.968113e+000 -3.613236e-001 -1.248433e+000 -1.999377e-001 -9.431585e-001 1.202213e+000 -1.900444e+000 -1.698953e+000 1.069609e-001 1.110874e+000 2.817966e-001 1.650395e+000 -4.168330e-001 -6.760788e-001 -7.596951e-001 -6.867204e-001 -7.884336e-001 -4.243651e-001 -3.775090e-001 -5.736991e-001 1.392162e-001 -8.662761e-001 4.560150e-001 2.940499e-001 -8.403813e-002 -2.966174e-001 2.681406e-001 
1.835877e+001 1.531597e+000 -5.738912e+000 7.022177e+000 -1.041039e+001 1.729370e+000 -4.388893e+000 3.879080e+000 7.251773e-001 -2.636919e+000 -1.224189e+000 -1.518868e+000 -6.661907e-002 -6.777768e-001 -4.065252e-001 -2.712550e+000 -1.274808e+000 5.140561e-001 4.908737e-001 -2.754711e-001 8.982097e-001 -2.363131e-001 -5.437973e-001 -1.378750e+000 -1.314986e+000 -5.781176e-001 -1.508459e-001 -7.321468e-001 -9.032062e-001 1.309524e-001 -4.494268e-002 4.450647e-001 -3.504116e-001 2.976466e-001 -9.979425e-002 -2.578269e-001 
1.877865e+001 2.490340e+000 -7.029166e+000 8.744356e+000 -1.028026e+001 2.360317e+000 -5.103245e+000 3.178013e+000 -1.112740e-001 -2.392625e+000 -1.502983e+000 -1.086877e+000 -7.037134e-001 -5.149066e-001 -6.054522e-001 -3.214097e+000 -2.210638e+000 -7.168939e-001 3.582524e-001 1.179460e-001 3.776718e-001 -8.607606e-001 -7.564326e-001 -1.168963e+000 -7.575891e-001 -1.299181e+000 1.535021e-001 -1.153977e-001 -4.923356e-001 -6.694844e-001 -7.883745e-001 8.159086e-001 3.863370e-001 3.217264e-001 -5.963905e-001 6.800230e-002 
1.879360e+001 1.204660e+000 -6.883115e+000 7.713160e+000 -9.297934e+000 1.747911e+000 -5.988953e+000 1.718976e+000 -1.167476e-001 -2.115144e+000 -1.072090e+000 -1.032353e+000 -7.691512e-001 -1.220990e+000 9.623998e-001 -1.541099e+000 -1.354980e+000 -1.022411e+000 -2.612754e-001 -3.643012e-001 7.344310e-002 -5.186537e-001 -3.326888e-001 -8.450542e-001 -1.389416e+000 -1.626768e+000 -4.173353e-001 1.554610e-001 1.456610e-001 6.227940e-001 -4.284360e-001 3.379083e-002 8.231148e-003 2.107559e-001 -4.817537e-001 2.028477e-001 
1.765540e+001 1.055621e+000 -7.076091e+000 9.163824e+000 -9.391617e+000 1.724501e+000 -7.385002e+000 2.472353e+000 -1.682409e-001 -3.237943e+000 -1.567254e+000 -1.190250e+000 3.528943e-001 -1.446857e+000 2.682605e-001 -5.693697e-001 -7.097633e-002 2.855046e-001 6.814968e-001 3.878753e-002 8.798947e-001 -4.469854e-001 -2.522187e-001 -8.897556e-001 -1.413137e+000 -3.201668e-001 -1.685068e-001 4.326263e-002 -6.920594e-001 -5.570396e-001 -4.715979e-001 1.019579e-001 -1.827331e-001 -7.169490e-003 1.326803e-001 2.639671e-001 
1.601188e+001 5.213491e+000 -8.017526e+000 1.070598e+001 -9.648341e+000 3.484791e+000 -7.050227e+000 3.775111e+000 9.156850e-001 -2.583733e+000 -1.509485e+000 -1.737073e+000 1.206477e-001 -1.799827e+000 1.084681e-001 -1.889015e+000 -5.870314e-001 -5.210811e-001 4.347729e-001 -9.222967e-001 -2.472062e-002 -9.626319e-001 -3.729460e-001 -7.827540e-001 -1.726719e+000 -8.593418e-001 -8.703069e-001 -3.900679e-001 -4.108737e-001 2.713692e-001 5.423303e-001 3.703376e-001 -1.421358e-002 7.270181e-002 1.745670e-001 5.459702e-001 
1.635694e+001 3.667070e+000 -7.952636e+000 9.006648e+000 -9.981063e+000 2.961421e+000 -6.045171e+000 3.723441e+000 2.203189e+000 -2.167457e+000 -8.634621e-001 -1.372967e+000 3.336199e-001 -2.028073e+000 -1.187732e+000 -2.381874e+000 -1.747184e+000 -2.217770e+000 -7.595873e-001 -3.110631e-001 8.682484e-001 -5.487995e-001 -7.247574e-001 -5.652708e-001 -1.336258e+000 -1.215685e+000 -7.557268e-001 -2.020545e-001 -5.235160e-001 -4.177191e-003 -1.926997e-002 4.904051e-001 3.893994e-001 8.825230e-001 -1.586451e-001 -1.479272e-001 
1.676830e+001 3.683817e+000 -7.140228e+000 7.594879e+000 -1.036616e+001 2.664615e+000 -6.242985e+000 2.111607e+000 6.009237e-002 -3.118909e+000 -3.154798e+000 -6.682091e-001 -2.743494e-001 -1.024147e+000 -1.233316e+000 -1.980198e+000 -1.939171e+000 -1.114663e+000 2.234903e-001 1.083892e+000 1.473513e+000 -7.596172e-001 -5.878356e-001 -1.177459e+000 -9.543744e-001 -1.415922e+000 -5.134484e-001 -9.000280e-001 -3.394429e-001 -4.401963e-001 2.568664e-002 1.781118e-001 4.883364e-001 5.687519e-001 -1.254494e-001 -9.720747e-002 
1.380518e+001 4.716831e+000 -7.813293e+000 7.029577e+000 -1.067852e+001 4.078420e+000 -6.397085e+000 1.538302e+000 5.243203e-001 -1.926326e+000 -2.011155e+000 -1.093748e+000 -3.028303e-001 -7.644903e-001 -3.448887e-001 -1.460377e+000 -1.575695e+000 -8.612526e-001 4.205615e-001 -1.750900e-001 1.107821e+000 -6.869241e-001 -5.020821e-002 -9.244540e-001 -5.661659e-001 -1.040499e+000 -5.602664e-001 -8.521241e-001 -4.876689e-001 1.502874e-001 1.322357e-001 1.701065e-001 1.542210e-001 1.728278e-001 -6.449080e-002 6.792535e-002 
1.297756e+001 5.514797e+000 -6.528199e+000 7.383099e+000 -8.372833e+000 3.404112e+000 -5.405620e+000 2.006383e+000 1.980490e+000 -3.206418e+000 -1.819171e+000 -1.634807e+000 -1.656360e-001 -6.356393e-001 1.275049e-001 -6.493157e-001 -1.307177e+000 -3.933448e-001 9.049629e-001 6.259654e-001 8.981361e-001 -4.347861e-001 -4.538571e-001 -9.409526e-001 -1.099798e+000 -1.259608e+000 -6.890810e-001 -6.059450e-001 -4.495804e-001 -5.272662e-001 -3.008972e-001 5.068646e-001 -1.371066e-001 4.565727e-001 2.444691e-002 5.514951e-002 
1.159645e+001 8.410222e+000 -6.517184e+000 5.781895e+000 -8.180200e+000 2.562518e+000 -4.903757e+000 1.522837e+000 1.354895e+000 -2.485145e+000 -1.831097e+000 -1.805670e+000 5.230885e-001 -1.129788e-001 5.362834e-003 -1.319848e+000 -1.504647e+000 -1.179864e-001 1.030368e+000 3.088401e-001 1.759027e-001 -5.252395e-001 1.880986e-001 -5.300097e-001 -2.243249e-001 -4.417727e-001 1.267404e-001 -2.771779e-001 -2.465366e-001 5.601657e-002 -2.729313e-001 1.197857e+000 -1.668717e-001 5.560005e-001 -3.459381e-001 4.450461e-001 
1.069634e+001 1.398972e+001 -5.535176e+000 7.460915e+000 -5.235141e+000 2.781728e+000 -6.465674e+000 1.212236e+000 6.099286e-001 -3.478578e+000 -1.468392e+000 -2.029927e+000 -4.386676e-001 -1.111256e+000 -7.707658e-003 -1.810356e+000 -1.878862e+000 -1.464063e+000 4.026359e-001 2.795268e-002 3.444789e-001 -1.796284e+000 -5.625469e-001 -5.524318e-001 -8.670308e-001 -1.318755e+000 -8.664050e-001 1.808718e-001 1.080059e-001 3.194983e-001 -2.245314e-001 5.562948e-001 2.223083e-001 5.761539e-001 -3.164198e-001 1.326912e-001 
1.185885e+001 1.400085e+001 -3.545629e+000 7.136024e+000 -4.908074e+000 1.565367e+000 -5.276867e+000 1.240472e+000 5.220070e-001 -3.706816e+000 -2.175404e+000 -1.575374e+000 -1.581611e-001 -1.724286e+000 6.867039e-001 -1.051884e+000 -1.999914e+000 -5.138244e-001 3.532111e-001 4.143719e-001 -4.966770e-001 -2.251795e+000 -1.825850e+000 -6.269610e-001 -3.057805e-001 -8.724004e-001 -7.426106e-001 1.465309e-001 -3.722216e-001 2.385198e-001 3.253589e-001 4.134715e-001 5.286057e-001 4.363916e-001 6.969744e-002 -7.311753e-002 
2.235208e+001 5.573443e+000 -3.477421e+000 1.009938e+001 -7.786502e+000 2.681615e+000 -4.320607e+000 2.753484e+000 3.317480e-001 -2.272082e+000 -6.256031e-001 -1.527079e+000 1.097916e-001 -8.033536e-001 1.887393e+000 -1.243592e+000 -1.327547e+000 -1.786396e-001 -3.654528e-001 -8.880465e-002 3.947732e-001 -6.525764e-001 -6.373094e-001 2.680637e-001 -4.464648e-001 -5.382935e-001 9.585043e-002 1.198417e-001 -3.303729e-001 -6.697348e-002 -1.496087e-001 1.571828e-001 -1.127743e-001 -2.944608e-001 3.100464e-001 2.800498e-001 
1.839265e+001 1.529107e+000 -7.154714e+000 9.311453e+000 -1.019712e+001 2.437700e+000 -6.419840e+000 3.597481e+000 -3.508956e-001 -2.206788e+000 -2.231143e-001 -1.222797e+000 -4.349113e-001 -1.150285e+000 1.408658e+000 -1.037102e+000 -9.664740e-001 -1.611159e-001 -2.942683e-001 -1.127743e+000 9.611876e-001 -7.763056e-001 -8.142997e-001 -8.478021e-001 -9.282774e-001 -1.213266e+000 -1.174156e+000 -6.825089e-001 -5.144953e-001 2.937278e-001 -5.080541e-001 1.013027e+000 3.765430e-001 1.087699e-001 -1.482145e-001 4.299647e-001 
1.869195e+001 3.883502e+000 -7.210303e+000 8.252748e+000 -1.096374e+001 2.840508e+000 -5.738516e+000 3.127732e+000 -1.029668e+000 -2.358291e+000 -2.180686e+000 -1.265105e+000 -4.093558e-001 1.944245e-001 -3.355913e-001 -2.574780e+000 -1.774415e+000 -9.290001e-001 2.039746e-001 -8.949523e-002 9.951012e-001 -1.004884e+000 -1.035653e+000 -1.227906e+000 -5.939099e-001 -1.618746e+000 -8.871271e-001 -1.188331e+000 -3.361610e-001 2.624816e-001 -4.961637e-002 4.546353e-001 2.147126e-001 4.675612e-001 2.169336e-001 2.132749e-001 
1.902848e+001 1.655385e+000 -6.134330e+000 8.572754e+000 -9.220650e+000 2.664206e+000 -4.570798e+000 2.955841e+000 2.776263e-001 -2.854028e+000 -1.844498e+000 -1.710181e+000 -6.741815e-001 6.796546e-002 7.544423e-001 -1.649096e+000 -1.476829e+000 -8.477293e-001 -5.523563e-002 -3.246814e-001 -1.381899e-001 -1.253948e+000 -1.085228e+000 -6.620672e-001 -3.068178e-001 -1.336025e+000 -3.476437e-001 -3.757943e-001 -5.695652e-001 -1.991582e-001 -4.083069e-001 6.844247e-001 2.044336e-001 6.043660e-001 -2.961861e-001 2.628891e-001 
1.743447e+001 2.001563e+000 -8.368505e+000 9.133197e+000 -9.612570e+000 3.356189e+000 -6.555555e+000 2.896712e+000 -9.573858e-001 -2.405719e+000 -2.947470e+000 -9.456146e-001 3.712987e-002 -9.786059e-001 1.971483e-001 -1.891499e+000 -1.190030e+000 -9.957882e-001 1.087662e-001 5.908793e-002 5.179849e-001 -1.182902e+000 -3.488120e-001 -1.253640e+000 -1.480827e+000 -1.615356e+000 -2.383205e-001 -5.484758e-002 1.034711e-001 -8.383858e-002 -6.659113e-001 -3.365865e-001 1.524195e-001 3.888020e-001 -1.489338e-001 2.540774e-001 
1.799265e+001 2.590370e+000 -7.793032e+000 9.357557e+000 -9.051458e+000 3.201408e+000 -6.951789e+000 2.856132e+000 -2.839722e-002 -3.540728e+000 -2.071739e+000 -1.896671e+000 5.186196e-001 -1.973867e-001 6.810929e-001 -1.220685e+000 -7.106074e-001 -1.178167e-001 6.865880e-001 -2.838432e-001 4.250009e-001 -8.976989e-001 -1.874025e-001 -6.002876e-001 -1.737645e+000 -8.839504e-001 -7.678394e-001 -2.642930e-001 -6.079082e-001 -5.081469e-001 -2.845430e-001 1.508866e-001 -1.426447e-001 -1.530208e-001 -7.910752e-002 -8.825684e-002 
1.656208e+001 4.079154e+000 -6.907211e+000 9.394313e+000 -9.034924e+000 2.980416e+000 -5.642024e+000 3.059563e+000 1.521332e+000 -3.212808e+000 -1.027695e+000 -1.355215e+000 1.031334e-001 -2.083509e+000 1.293447e-001 -1.794404e+000 -1.842020e+000 -1.480194e+000 -3.536968e-001 2.772154e-001 9.107838e-001 2.384566e-001 -2.158282e-001 -7.989044e-001 -1.829887e+000 -1.358904e+000 -1.020627e+000 -1.117315e-001 -5.070832e-001 -4.917056e-002 1.928159e-001 2.330839e-001 1.057174e-001 9.308857e-002 -2.691181e-001 2.511904e-001 
1.825469e+001 3.921696e+000 -5.444530e+000 8.594768e+000 -9.189201e+000 1.829520e+000 -5.892177e+000 1.464337e+000 -4.331801e-001 -4.507901e+000 -1.159079e+000 -7.098718e-001 6.404497e-001 -1.556556e+000 -5.780380e-001 -1.544536e+000 -2.138530e+000 -1.356399e+000 7.231960e-001 1.423506e+000 1.356318e+000 -6.206111e-001 -1.149444e+000 -6.574401e-001 -1.517334e+000 -1.373806e+000 -8.608000e-001 -4.208307e-001 -8.257506e-001 -6.359304e-001 -2.221487e-001 1.794921e-001 1.519643e-001 3.703565e-002 -7.530307e-002 2.696090e-001 
1.575430e+001 4.868156e+000 -5.830508e+000 9.003768e+000 -9.660712e+000 3.130011e+000 -5.564864e+000 1.854503e+000 2.153035e-001 -2.704157e+000 -2.697550e+000 -6.654976e-001 -2.879632e-001 -1.369114e+000 -1.065176e+000 -1.508067e+000 -1.488386e+000 -9.005742e-001 2.539407e-001 6.955998e-001 1.535360e+000 -3.857686e-001 -3.715496e-001 -1.012335e+000 -6.931736e-001 -1.557088e+000 -1.362157e+000 -1.212136e+000 -4.224668e-001 -8.717536e-002 -3.497000e-001 -5.178388e-001 3.336294e-001 7.127194e-001 -4.213488e-001 -1.852493e-001 
1.585171e+001 5.601370e+000 -4.122938e+000 7.259309e+000 -8.608425e+000 3.338997e+000 -4.767392e+000 1.489753e+000 1.630948e+000 -3.125187e+000 -1.866567e+000 -1.411517e+000 -1.251515e-001 -6.906470e-001 -5.012317e-001 -2.050659e+000 -2.078593e+000 -6.731260e-001 2.434105e-001 3.540116e-001 6.997032e-001 -1.076511e+000 -9.158163e-001 -7.423213e-001 -4.057923e-001 -1.063266e+000 -1.001099e+000 -4.871623e-001 -6.945498e-001 -8.886569e-002 -4.593906e-001 -7.619405e-002 1.713450e-001 4.890472e-001 -3.681792e-002 -3.636199e-002 
1.322675e+001 8.540089e+000 -5.562969e+000 8.726196e+000 -8.701707e+000 3.451228e+000 -5.563537e+000 1.983068e+000 5.458701e-001 -3.882773e+000 -2.438168e+000 -1.637912e+000 7.192775e-001 -1.220137e-001 -4.052056e-001 -2.262658e+000 -2.570629e+000 -1.028579e+000 8.676010e-001 4.657948e-001 8.149801e-001 -5.298064e-001 -5.660116e-001 -1.077977e+000 -1.312031e+000 -9.697032e-001 -5.856954e-001 -9.483515e-001 -7.466573e-001 -5.304032e-001 -3.412232e-001 8.769449e-001 -4.149304e-002 1.916525e-001 -3.439628e-001 2.925460e-001 
1.077381e+001 8.764309e+000 -4.928857e+000 6.766383e+000 -5.842570e+000 3.542320e+000 -3.057687e+000 2.376079e+000 9.899503e-001 -4.246621e+000 -2.408262e+000 -1.854929e+000 -5.703928e-001 -1.191124e+000 9.858881e-002 -1.268457e+000 -2.131806e+000 -1.202772e+000 1.515753e-002 -3.839429e-002 -3.839667e-001 -6.163172e-001 -2.914019e-001 -1.369355e+000 -5.286596e-001 -3.818383e-001 -2.261194e-002 -3.584100e-001 2.331253e-001 5.247489e-001 -5.536655e-001 1.127624e+000 2.729922e-001 2.205207e-001 -1.119585e+000 -2.863846e-001 
9.845243e+000 1.456151e+001 -4.303350e+000 6.622987e+000 -5.030862e+000 2.460034e+000 -4.961729e+000 1.786251e+000 5.332721e-001 -4.731575e+000 -2.730910e+000 -2.484739e+000 -4.416094e-001 -4.213231e-001 7.507513e-001 -1.175686e+000 -2.217148e+000 -1.501067e+000 3.529456e-001 -7.485210e-001 -4.309102e-001 -1.387719e+000 -1.055712e+000 -1.271832e+000 -7.776725e-001 -7.309196e-002 -7.671827e-001 -7.584812e-002 -4.134016e-001 2.004631e-001 1.265472e-001 3.768438e-001 4.011124e-001 4.520605e-001 2.261832e-001 7.154019e-001 
