3.407892 18.41337 -10.996210000000001 0.5812374 -5.120204 -5.611046000000001 -4.359391 -3.241539 1.4038710000000003 -2.2235100000000005 -4.216597 -1.728605 -3.2009259999999995 -3.5987590000000003 0.7054349000000001 -0.5790672 -0.8794218999999999 1.6445799999999997 1.166752 0.5490861000000001 1.7364999999999997 1.79922 1.4843449999999998 1.5172100000000002 0.8416536 0.4010714000000001 0.2865955 -0.2680769 -1.8152070000000005 -0.9032972 1.4923470000000003 1.7995370000000004 0.8222398000000001 0.8689032 0.9158790999999998 -0.7009958999999999 
3.604506999999999 16.81705 -10.90079 -0.7463918 -4.686417 -5.191906 -4.187088 -4.400831 1.724121 -1.39048 -4.618522 -1.9901180000000003 -3.098395 -2.6723059999999994 -0.5846279 -1.025199 0.9497378000000001 1.306097 1.022009 2.1714179999999996 1.5881109999999998 1.1528600000000002 2.1549720000000003 2.366222 0.96805 -0.059827089999999986 0.1545219 -0.7273037000000001 -1.774576 0.1263879 1.7180180000000003 1.294239 1.1149319999999998 1.563779 0.8323275 -1.237273 
2.346505 16.43232 -11.029579999999997 -0.9252912000000001 -4.119818000000001 -4.023369 -4.636811000000001 -4.589362 2.7299949999999997 -1.247336 -5.587888 -2.9984180000000005 -2.806984 -2.387609 -0.8190368 -1.4181690000000002 0.7880811999999999 2.841011 1.600828 0.9151315000000001 1.598351 1.6779139999999997 2.06405 1.7961480000000003 0.848165 -0.060053489999999994 -0.6442593 -1.192893 -1.521212 -0.17768150000000002 1.350924 1.62044 1.503222 1.160204 0.5316557 -0.4276609000000001 
2.3058219999999996 14.953050000000001 -10.20306 3.238778 -5.634535 -0.45655879999999993 -4.611187999999999 -5.127982 2.925758 -3.022312 -4.8626119999999995 -3.144717 -3.297864 -3.6992140000000004 -1.163329 -0.10990880000000001 1.9881030000000002 1.3435380000000001 0.8182685000000001 0.860875 -0.1642798 1.3975989999999998 1.9909 0.6278465 0.7846381 0.5560774 0.1716223 -1.269773 -1.945803 -0.10549129999999998 1.2647960000000003 1.521496 0.8411523 0.8550734999999998 0.8686036 -0.056354049999999996 
5.470528000000001 10.98339 -9.642837 6.358828000000001 -5.5464139999999995 1.519817 -5.624558 -4.752980999999999 1.3658509999999997 -2.554358 -2.17444 -3.1449299999999996 -2.1586320000000003 -4.148122999999999 -1.571968 -0.7708263 0.5078789 1.4721740000000003 -0.20916770000000004 -0.43098 -1.30802 1.7337489999999998 2.532569 0.8127436 0.7890050999999999 0.8220044 0.503294 -0.797619 -0.8268329000000001 0.32272800000000007 0.8302129999999999 0.6533221 0.15490629999999997 -0.1518881 0.3339694 0.37454760000000004 
8.657807 8.613045999999999 -7.059324000000002 9.89537 -7.489081 3.7366020000000004 -4.210911 -3.660232 0.4208972000000001 -4.064304 -1.8761240000000003 -2.697232 -1.23683 -2.422658 -1.7802170000000002 -1.968052 -0.7781523999999999 -1.217151 -1.5078320000000003 -0.6055191999999999 -2.174828 -0.5764291999999999 1.5338200000000002 0.5461929 0.4652218000000001 0.5259782 0.20332250000000002 -0.2469922 -0.9836522 -0.1380834 0.13278919999999997 -0.37127070000000006 -0.34764259999999997 -0.24165119999999998 -0.23559109999999997 -0.15863819999999998 
10.20923 4.571354 -7.445324999999999 9.782466 -8.682113 4.785485 -5.623018000000001 -1.166233 0.21365269999999997 -1.8602799999999997 -1.767816 -2.5862890000000003 -0.5664715 -2.235301 -1.8310499999999998 -3.1346029999999994 -1.211337 -1.3832400000000002 -0.8526448999999998 -1.3592169999999997 -0.7496102999999998 -0.06627055 0.6583234 -1.1863980000000003 -0.248826 0.01856803 -0.7815414 -0.8882183999999997 -1.7854980000000003 0.2215543 0.6039708 0.6990432000000001 -5.4395200000000004E-5 0.09159216000000002 -0.2478928 0.4334893000000001 
10.718320000000002 0.1441763 -7.976039999999999 9.069636000000001 -9.359025 4.862178 -6.246899 0.025857269999999995 -1.084665 -1.726877 -0.9848464999999998 -1.103339 -1.145967 -1.215033 -0.6828917 -2.188565 -1.738296 -0.6358058 1.186653 0.07011270000000001 0.9921281000000002 0.9452125999999998 2.038326 -0.8306461 -0.5334023 -0.5439595 -0.9335664999999997 -0.6936112000000001 -1.475129 -0.5522271 0.5111638 1.1009150000000003 0.1084617 0.5858917 -0.46741760000000004 0.5862214999999998 
10.31055 -1.9307339999999997 -9.949425 8.451754 -8.811358999999998 4.812029 -5.573785 -0.019848100000000004 -0.6676704 -0.6099727 -0.6034064 -1.320805 -1.251931 -2.338002 -0.8488621 -1.993544 -0.841672 -0.6470705 0.07868512 -1.6556940000000002 -0.3618799 -0.06191204 2.281376 0.06459243000000002 0.1375467 0.560579 -0.6048116 -0.3617222 -1.262895 -0.123239 0.1949714 1.0692190000000001 -0.5004592 0.1389731 -0.313564 0.5648708 
9.607732 -1.7123139999999997 -9.819727 8.522776 -11.46837 4.601087 -4.270985 1.9939990000000003 1.1927129999999997 -0.43970820000000005 -0.6949439000000001 -2.063951 -1.1921040000000003 -1.3350229999999998 -0.1778579 -1.6671569999999998 0.07462378000000001 -0.6744266999999999 0.509278 -1.6315410000000001 0.1326245 -0.2637327 0.7541289999999999 -0.008271279 0.1755726 0.6468808 -0.6291212 -0.1601842 -1.7930430000000004 -0.6321122 -0.10936750000000003 1.1028339999999999 0.43327250000000006 0.7714382999999999 0.05655957 0.5219437 
10.111199999999998 -1.240941 -9.49447 9.085011 -10.566519999999999 2.979218 -6.153336000000001 0.7708183000000001 0.6233395 -0.7937361999999999 -0.5892979 -2.5021090000000004 -2.326336 -2.7402930000000003 -1.227828 -1.571097 0.35648599999999997 -0.1393774 1.0919609999999997 -0.9701231999999999 -0.8236029 -0.2700426 1.278384 1.276702 0.3030745000000001 0.004390584 -1.04463 -1.179905 -1.240188 -0.1746181 0.5799500000000001 0.8359167000000001 0.39548989999999995 0.6014988 0.545764 0.17485259999999997 
9.300078 -0.7375792 -10.05373 6.588002000000001 -9.404966 3.2716260000000004 -4.338881 0.5788372 0.7242892000000001 -0.36453459999999993 -0.1142417 -2.240219 -1.387676 -2.0237270000000005 -1.123061 -1.311273 0.47349059999999993 0.1997217 0.9060045 -0.5274406000000001 0.20036980000000001 0.9562203 1.0915680000000003 1.4894979999999998 0.5626588999999999 0.6023012 -0.1605632 -1.104014 -1.5193759999999998 -0.3673429000000001 0.8055791 0.9270322000000001 0.5324482 0.3281946 0.44490700000000005 0.19737840000000004 
9.27632 1.76088 -8.905876 8.615548000000002 -8.331352 3.460234 -6.176682 -0.1826909 0.10899159999999998 -1.2500219999999997 -0.5470736 -2.115046 -0.505598 -1.310316 -0.5468061999999999 -0.9513534000000001 0.4381548999999999 0.09626186999999999 0.8363828 -0.5165441 -0.34359429999999996 1.0156220000000002 0.7774887 0.8589363 -0.3250458 -0.36776229999999993 -0.4619814 -0.7070835999999999 -0.5139039 -0.3707425999999999 0.35731700000000005 -0.1903161 0.1786842 -0.2486979 0.23814880000000002 0.07927209 
14.367009999999997 11.591620000000002 -5.028472999999999 4.072572 -6.019894 -0.22937319999999997 -5.565407 -0.3498048 1.7044169999999998 -1.251029 -1.666819 -3.086229 -1.3833140000000002 -1.005713 -0.1454974 -0.4750698 0.6105720999999998 0.7477456 0.4197594000000001 0.6169097 0.11329790000000003 0.8481245 0.7878084999999999 0.8674478 0.1667868 -0.20347040000000002 0.2794764 -0.8130562999999997 -1.563281 -0.877892 0.4646314 1.0073679999999998 0.24427139999999997 -0.1503318 0.5665805 -0.0202167 
3.2733540000000003 18.844220000000004 -11.10889 1.492955 -5.083883 -5.447437 -4.128287 -3.6082709999999993 1.5584989999999999 -1.970556 -4.141959 -2.6442 -3.1183030000000005 -3.254057 0.7056648 -0.8104531999999998 -0.30176660000000005 1.535489 1.129823 1.2460579999999999 1.9003549999999998 1.3155 1.592639 1.757619 0.794549 0.33756880000000006 0.34680940000000005 -0.5542731 -2.0373249999999996 -0.4572428999999999 1.661512 1.5544969999999998 0.8781618 1.228999 1.0140010000000002 -1.048758 
1.509024 19.076359999999998 -12.0903 1.241271 -4.655259999999999 -4.989363 -3.9858809999999996 -4.454284 1.921766 -1.491446 -4.053229000000001 -3.7484439999999997 -2.943859 -2.7652229999999998 -0.41605459999999994 -0.9362652999999999 1.5255899999999998 1.376889 1.1286179999999997 1.689271 2.534005 1.168799 1.9556760000000002 2.083299 0.6106908 0.47380630000000007 0.06190995999999999 -0.7997332999999999 -2.003846 -0.10612690000000001 1.873835 1.532878 1.388408 1.633782 0.8434273 -1.4344769999999998 
0.2263598 17.36789 -11.45288 0.2582396 -5.075067 -2.844353 -3.799215 -4.504181 1.8114670000000002 -2.135828 -5.912064 -3.6891 -3.2134229999999997 -3.894190000000001 -0.321047 -0.3157441 1.637155 3.0895769999999994 1.4037609999999998 1.18333 2.768433 1.4396710000000001 1.683171 1.7334460000000003 1.390395 0.7274143999999999 -0.3885779999999999 -0.9539365000000001 -1.121335 0.35225449999999997 1.6786569999999998 1.6847650000000003 1.669262 1.541796 0.5912349 -0.3128796999999999 
3.817442 14.014399999999998 -10.152500000000002 4.112493 -6.550382 0.8600266999999999 -3.620359 -4.875487 1.645579 -3.4203669999999997 -3.935276000000001 -3.3070440000000003 -2.8472429999999997 -2.617051 -0.2562231 -0.8125597999999999 0.9641569 1.183127 0.8296915 1.788093 0.389055 1.6218210000000002 2.000424 0.8375734999999997 0.773885 0.12425509999999998 0.5222987 -0.5040408 -1.4385510000000001 -0.09451089999999998 1.4587009999999998 1.392984 0.8641186000000001 0.8689874 0.7961371 -0.1662374 
5.846058 11.641909999999998 -8.959966 8.199232 -7.144680999999999 1.3714619999999997 -5.391210999999999 -3.4635409999999998 1.2896859999999999 -3.2036629999999997 -1.6819369999999998 -3.428592000000001 -0.8085696999999998 -2.615485 -1.1523649999999999 -2.344936 -1.203716 0.07405422 -0.24707119999999996 -0.052770849999999994 -1.002791 1.218199 1.8743990000000001 1.421297 0.7698976000000001 0.3935122999999999 0.37010010000000004 -0.21552140000000003 -0.46196560000000003 -0.05130197999999998 0.4926371 0.05809743 -0.09680999999999998 -0.1272286 0.024040570000000004 -0.4007139 
9.931983 8.768837 -7.952225999999998 10.61757 -7.89676 4.053097 -6.018824000000001 -3.9385100000000004 0.3904075 -2.8258970000000003 -1.191457 -2.829632 -1.3683309999999997 -3.000408 -1.6650399999999999 -2.9833770000000004 -0.6718835 -1.8004680000000002 -1.7071760000000002 -0.8833659000000001 -0.9934414 -0.052653349999999995 1.1522050000000001 -0.5409142 -0.2700972 0.1600026 -0.29737949999999996 -0.09606020000000001 -1.705824 0.35067210000000004 0.3766448 0.3424421 -0.3292278 -0.416309 -0.7090110000000001 -0.4469888000000001 
9.832993 2.516524 -7.320208999999999 10.33712 -7.439638000000001 5.452423 -6.997917999999999 -1.9768170000000003 -0.6662724999999999 -1.7269710000000003 -1.2911979999999998 -2.1118139999999994 -1.236026 -2.03443 -1.921284 -2.9296119999999997 -1.6114750000000002 -1.643485 -0.7672958000000001 -1.056953 -0.2303408 0.6192987 1.133832 -1.4649780000000001 -0.8597992999999999 -0.5310235 -1.086184 -1.1153060000000001 -1.678352 -0.30545590000000006 0.5959367000000001 1.335871 0.2174691 -0.1274474 -0.9073555999999999 0.11390599999999998 
10.99163 -1.7822650000000002 -8.364942 8.783545000000002 -7.890572 3.670939 -6.937705 -0.5594082 0.5227136 -0.6430967 -1.707378 -2.51666 -0.9707372000000001 -0.9068614000000002 -0.6225787 -1.961532 -0.518732 0.6503285 0.8890767000000002 -0.8088740000000001 0.7479459999999999 1.119536 2.155332 -0.7893493 -0.614226 0.1436279 -0.5006082 -0.6615377000000001 -1.607225 -0.312503 0.5031423 1.164013 0.1500047 0.5584512 -0.5978016 0.35772039999999994 
10.44956 -1.5882260000000001 -9.345886 8.252187 -9.347214 2.9455850000000003 -6.7308650000000005 -0.21734239999999996 0.4659171 -1.443949 -2.138149 -2.572745 -0.8172181 -1.356782 -0.5616347 -1.924393 -0.2995473 0.48671819999999993 1.36395 -0.39559200000000005 0.5944922 0.6901136 1.969614 -0.29551330000000003 -0.1672285 -0.07700793 -1.6806939999999995 -0.7700397 -1.6187699999999998 -0.6100041000000002 0.04689608 1.2441700000000002 0.018292310000000003 0.44608129999999996 -0.150936 0.5291915 
10.98731 -2.7377530000000005 -9.466501 9.360822999999998 -7.679622000000001 5.228237 -6.020575 -1.3723019999999997 0.5200879 -0.18871379999999996 -0.5408619 -3.6252880000000003 -3.0307029999999995 -2.990133 -1.6076560000000002 -1.165624 1.8614940000000002 1.5053389999999998 0.6843956000000001 -2.03163 -0.5881629 0.5603067 1.7829429999999997 0.9507487 0.024864130000000005 0.2740536 -0.9972770999999999 -1.1965649999999999 -1.9411559999999999 -0.5238554999999999 0.40241589999999994 1.085164 0.1015855 0.48013819999999996 0.38444339999999994 0.5451281999999998 
11.54182 -0.753934 -9.455568 7.445244000000001 -9.527679 3.6758200000000008 -4.803579 -0.3571727 -0.6418793000000002 -2.475771 -1.761925 -2.872536 -2.0327179999999996 -2.267612 -0.8917026000000001 -1.261077 0.5540881 -0.2769449 0.521153 -0.5795608 0.2673812 0.9819231999999999 0.6571458999999998 0.26771149999999994 -0.37282439999999994 0.2589508 -0.16071 -0.8828943999999999 -1.709899 -0.643386 0.46021180000000006 0.8238087 0.5276405 0.2184043 0.5467958 0.5330623 
7.818686999999999 1.193366 -9.62851 8.584848 -10.15527 3.2893560000000006 -5.751213 1.192016 -0.19894370000000003 -0.830464 -1.5278480000000003 -2.8499510000000003 -0.9569238000000001 -0.8587794999999999 -0.9583518 -1.849309 0.06183957 0.7022379 1.6805319999999997 -0.11887840000000002 0.9577289000000001 1.1407299999999998 1.2655080000000003 1.1104210000000003 0.09793849 -0.182967 -0.46423859999999995 -0.6884835000000001 -1.066787 -0.6660256000000001 0.2533414 0.6813529999999999 0.7555817 0.44879520000000006 0.3183707 0.0026198849999999997 
