1.072891e+001 1.393629e+001 -1.948585e+001 2.285225e+000 -4.771952e+000 7.474729e-001 -2.277832e+000 -4.689906e+000 -2.974586e-001 -4.951072e+000 -4.749197e+000 -3.557406e-001 -2.865768e-001 -3.124371e+000 -2.077688e+000 -1.855171e+000 2.147935e+000 1.528727e+000 1.677677e+000 1.762381e+000 2.074906e+000 2.129221e+000 2.434683e+000 1.137100e+000 -2.922894e-001 -8.983082e-001 -8.068241e-001 6.096700e-001 -1.384770e+000 -5.459187e-002 1.837454e+000 1.020411e+000 7.268687e-001 7.531252e-001 1.302811e+000 3.678603e-001 
1.033980e+001 1.506985e+001 -1.909288e+001 2.509701e+000 -4.861578e+000 1.269426e+000 -2.238351e+000 -4.577164e+000 -1.294006e-001 -4.815927e+000 -3.953162e+000 -1.244395e+000 2.722798e-001 -2.666990e+000 -2.014094e+000 -1.814918e+000 1.307011e+000 1.866900e+000 1.336818e+000 1.608188e+000 1.929722e+000 1.874768e+000 2.326260e+000 6.268141e-001 -6.207715e-001 -5.519073e-001 -8.768969e-001 5.492481e-001 -1.263320e+000 -6.627658e-001 1.707503e+000 4.973009e-001 5.468750e-001 8.916715e-001 1.355071e+000 4.208132e-001 
9.895476e+000 1.570514e+001 -1.775639e+001 1.986050e+000 -4.026819e+000 2.239061e+000 -2.052090e+000 -4.265259e+000 6.097708e-001 -4.608498e+000 -3.970048e+000 -2.146755e+000 4.070317e-001 -2.689820e+000 -2.871237e+000 -1.390022e+000 1.111592e+000 1.979844e+000 1.022782e+000 1.762435e+000 1.907872e+000 1.337445e+000 2.010414e+000 8.361362e-001 -6.776272e-001 -4.758525e-001 -8.730116e-001 1.195744e-001 -8.205264e-001 -1.458645e+000 1.641881e+000 5.078302e-001 2.970372e-001 1.558581e+000 1.848570e+000 2.855028e-001 
1.085043e+001 1.494710e+001 -1.621537e+001 9.841322e-001 -4.548927e+000 2.088833e+000 -3.223376e+000 -4.854030e+000 8.586910e-001 -5.238913e+000 -4.184098e+000 -1.208688e+000 -1.498428e-001 -1.570345e+000 -1.669546e+000 -1.222054e+000 1.075841e+000 1.862396e+000 7.260259e-001 9.082503e-001 2.257196e+000 1.529249e+000 1.012872e+000 1.659808e+000 -4.568279e-001 -9.122958e-001 -8.538014e-002 6.336110e-002 -5.575274e-001 -4.484328e-001 9.503600e-001 -2.026150e-002 2.852569e-001 1.092983e+000 9.237731e-001 2.390189e-001 
1.054938e+001 1.346739e+001 -1.585278e+001 5.155472e-001 -4.573833e+000 1.849629e+000 -3.807059e+000 -6.046392e+000 -4.152629e-001 -5.110269e+000 -4.546888e+000 -1.808392e+000 -5.603280e-001 -1.562058e+000 -1.284233e+000 -1.355906e+000 4.113346e-001 1.378008e+000 6.505243e-001 1.606172e+000 2.615015e+000 1.670561e+000 1.121789e+000 1.466972e+000 -5.454194e-002 -9.609511e-001 -1.974400e-001 2.270090e-001 -6.664529e-001 3.535544e-001 1.317663e+000 -8.879487e-002 5.463547e-001 9.488772e-001 7.214746e-001 -3.266375e-002 
9.290195e+000 1.320860e+001 -1.501411e+001 -3.294880e-001 -4.140255e+000 3.583861e+000 -3.334713e+000 -6.684070e+000 -5.445637e-001 -4.965651e+000 -4.902771e+000 -1.626937e+000 -1.036598e+000 -1.777518e+000 -1.242836e+000 -2.130151e+000 5.898082e-001 1.833917e+000 1.019812e+000 1.740227e+000 2.806949e+000 1.566650e+000 7.358744e-001 1.523547e+000 1.658702e-001 -1.143834e+000 -3.931065e-001 3.124222e-001 -3.814919e-001 3.919359e-001 9.263304e-001 -2.382772e-001 9.174670e-001 1.510493e+000 7.411996e-001 2.348297e-001 
5.394083e+000 1.523698e+001 -1.357957e+001 4.038073e-001 -4.943083e+000 3.772850e+000 -2.555716e+000 -5.848373e+000 -2.133502e+000 -5.494523e+000 -4.730998e+000 -2.039748e+000 -1.182171e+000 -2.718255e+000 -1.421559e+000 -1.276037e+000 3.030113e-001 1.736327e+000 1.041631e+000 5.796821e-001 2.118397e+000 1.091879e+000 1.778776e+000 1.224379e+000 6.450763e-001 -6.808065e-001 2.116967e-001 1.751257e+000 -7.252048e-001 8.292034e-001 8.453262e-001 1.380390e-001 2.851490e-001 9.980176e-001 1.093469e+000 7.503717e-001 
5.689243e+000 1.417611e+001 -1.216496e+001 -7.722984e-001 -3.022468e+000 9.372791e-001 -1.857217e+000 -4.125196e+000 -2.231753e+000 -5.893102e+000 -5.398171e+000 -2.035960e+000 -9.273851e-001 -3.222814e+000 -1.886226e+000 2.081697e-001 1.172194e+000 2.298350e+000 1.217809e+000 5.306825e-001 3.832158e-001 6.443676e-001 2.143258e+000 1.712215e+000 3.590979e-001 -1.127473e+000 6.396007e-001 1.319690e+000 -1.468002e+000 -1.649731e-001 7.915410e-001 -2.658289e-001 4.137454e-001 1.537844e+000 1.444190e+000 9.092981e-001 
6.008139e+000 1.219603e+001 -1.106789e+001 -2.791466e+000 -2.308158e+000 1.009238e+000 -3.254635e+000 -4.308043e+000 -1.158656e+000 -5.080713e+000 -5.115394e+000 -2.591725e+000 7.851386e-002 -3.063938e+000 -4.090070e+000 1.217488e-001 1.834235e+000 3.872892e+000 2.328087e+000 -3.673179e-001 -7.269932e-002 7.595896e-001 2.696687e+000 1.678367e+000 -4.759531e-001 -9.442966e-001 1.433480e-001 1.470171e+000 -4.416268e-001 -7.984530e-001 6.416615e-001 -3.347694e-001 1.436277e-001 1.700213e+000 1.455346e+000 8.229948e-001 
3.853015e+000 1.537022e+001 -1.329110e+001 -3.085653e-001 -3.920732e+000 2.958269e+000 -2.412821e+000 -2.966653e+000 1.081724e-001 -6.451084e+000 -4.352245e+000 -3.088408e+000 7.823291e-001 -3.625659e+000 -4.702707e+000 -6.146353e-001 1.694129e+000 4.657559e+000 2.955869e+000 -4.276374e-001 -3.657699e-001 9.145464e-001 2.625680e+000 1.381526e+000 -9.100663e-001 -9.159938e-001 -1.696988e-001 1.766851e+000 -3.520085e-001 -1.023445e+000 4.032204e-001 -1.612734e-001 8.803206e-001 1.596432e+000 1.664110e+000 4.723591e-001 
4.278633e+000 1.352986e+001 -1.066137e+001 -2.898001e+000 -3.682052e+000 1.616085e+000 -1.553130e+000 -3.643600e+000 -5.964264e-001 -5.544742e+000 -4.596138e+000 -1.179839e+000 -1.066541e+000 -2.979810e+000 -3.215914e+000 -1.575792e-001 2.132222e+000 3.743026e+000 2.617627e+000 -2.519426e-002 1.640607e-001 1.439578e+000 1.887872e+000 3.566692e-001 1.653642e-001 4.080829e-002 -2.832970e-001 1.197640e+000 -7.739237e-002 -7.800625e-001 2.721037e-001 5.307031e-002 5.319154e-001 8.357918e-001 1.328028e+000 1.366961e+000 
3.439486e+000 1.600598e+001 -1.304949e+001 -8.363069e-001 -5.551624e+000 1.133321e+000 -2.229673e+000 -4.262941e+000 5.477244e-001 -6.386346e+000 -5.782611e+000 -1.618917e+000 -6.271296e-001 -1.058490e+000 -1.247514e+000 -1.250935e+000 1.168737e+000 2.831943e+000 1.374539e+000 -8.951179e-002 8.578402e-001 1.299437e+000 6.609096e-001 -5.049098e-001 4.530641e-001 5.791560e-001 5.369379e-002 9.302411e-001 -8.135972e-001 -9.606483e-001 -1.433885e-001 -1.885546e-001 8.679538e-001 6.768345e-001 7.238343e-001 9.531781e-001 
6.881420e+000 1.554830e+001 -1.495567e+001 7.316990e-001 -9.033043e+000 1.563560e+000 -5.374846e-001 -4.763838e+000 1.846842e+000 -5.853426e+000 -5.965527e+000 -3.287016e+000 6.952067e-001 -6.407934e-001 -9.513674e-001 2.392571e-001 -8.386073e-002 1.157719e+000 1.715331e+000 2.113009e+000 1.625369e+000 1.141670e+000 2.542911e-001 -2.399696e-001 1.557501e-001 -4.580348e-001 1.972089e-001 8.531181e-001 -6.251386e-001 -7.086933e-001 -7.331585e-002 2.226040e-001 1.496039e+000 1.098491e+000 9.417716e-002 -4.235539e-001 
9.031246e+000 1.352302e+001 -1.306906e+001 1.449065e+000 -7.437362e+000 -1.159912e+000 -1.853619e-001 -3.345480e+000 1.829560e+000 -3.134899e+000 -6.248651e+000 -2.898464e+000 7.131619e-002 -1.409490e+000 -9.030914e-001 -3.392380e-001 2.550784e-001 1.484204e+000 1.307033e+000 2.501046e+000 1.726634e+000 1.047525e+000 1.494822e+000 3.745663e-001 -3.111516e-001 -1.234481e+000 -1.059599e+000 4.700879e-002 -8.786391e-001 -6.790281e-001 1.126223e-001 7.780624e-001 1.710185e+000 1.090091e+000 1.612653e-001 -6.293973e-001 
8.720037e+000 1.528867e+001 -1.392708e+001 3.700101e+000 -7.943993e+000 -2.215844e+000 -8.852680e-001 -2.830698e+000 1.241125e+000 -3.412028e+000 -4.645888e+000 -2.330673e+000 -4.224571e-001 -2.016122e+000 -2.845202e-001 -7.117001e-001 1.669843e+000 2.308731e+000 -2.758138e-003 1.655120e+000 1.325724e+000 1.956205e+000 1.964867e+000 6.713824e-002 -7.895453e-001 -8.298373e-001 -9.384527e-001 -9.193237e-001 -1.573102e+000 -7.971955e-001 1.662358e+000 1.139468e+000 1.744058e-001 1.878021e-001 1.447423e-001 -3.137512e-001 
1.158716e+001 1.354501e+001 -1.161480e+001 1.574678e+000 -6.926307e+000 -3.402062e+000 -8.400934e-001 -2.748979e+000 2.549867e+000 -1.959460e+000 -5.471897e+000 -2.029781e+000 -1.389649e+000 -1.586658e+000 -4.838660e-001 4.147218e-001 3.019519e+000 1.752620e+000 -1.199348e-001 8.487763e-001 1.267606e+000 1.817035e+000 1.758572e+000 6.069719e-001 -8.367016e-001 -1.449570e+000 -1.217918e+000 -8.682774e-001 -1.115565e+000 -4.534501e-001 1.299515e+000 4.513242e-001 -4.699844e-001 4.607715e-001 5.567626e-001 -2.946507e-001 
1.037769e+001 1.545118e+001 -1.126514e+001 1.103580e+000 -8.544347e+000 -3.807310e+000 7.552251e-002 -2.059635e+000 3.211535e+000 -1.564789e+000 -5.679633e+000 -2.281666e+000 -8.293865e-001 -1.893266e+000 -8.162894e-001 8.602146e-001 3.213290e+000 2.308673e+000 1.365775e-001 6.165908e-001 4.306473e-001 1.656990e+000 2.052058e+000 6.381175e-001 -5.912956e-001 -1.816464e+000 -1.365239e+000 -7.212085e-001 -9.539157e-001 -8.027168e-001 4.249086e-001 3.151443e-001 -1.716017e-001 7.967998e-001 3.555819e-001 -1.806318e-001 
8.577600e+000 1.578158e+001 -1.252756e+001 1.357286e+000 -8.885096e+000 -3.626355e+000 -9.257915e-001 -3.373388e+000 2.034809e+000 -2.211954e+000 -5.600299e+000 -3.284726e+000 -2.173236e-001 -2.092429e+000 -1.974169e+000 2.600353e-001 2.878914e+000 2.571381e+000 -2.765905e-002 6.260337e-001 7.266797e-001 1.608626e+000 2.603633e+000 7.976954e-001 -8.396599e-001 -1.750192e+000 -1.123700e+000 -4.289196e-001 -1.051735e+000 -6.445053e-001 1.186228e+000 3.653154e-001 -2.458184e-001 1.144493e+000 3.474363e-001 -1.703664e-001 
8.784772e+000 1.484322e+001 -1.199816e+001 3.193190e+000 -6.244244e+000 -2.466786e+000 -1.445552e+000 -3.206744e+000 9.979562e-001 -1.501131e+000 -4.784847e+000 -2.766157e+000 1.465383e-001 -1.604860e+000 -1.411703e+000 -7.902319e-002 2.294099e+000 1.959329e+000 5.632904e-001 8.449843e-001 1.667918e+000 1.988645e+000 2.232801e+000 3.720323e-001 -1.283300e+000 -9.878476e-001 -1.418828e+000 -8.581428e-001 -1.247983e+000 -4.440210e-001 2.057196e+000 4.522628e-001 -4.013273e-001 5.943960e-001 2.116984e-001 4.836724e-002 
1.004987e+001 1.361946e+001 -1.075155e+001 2.357968e+000 -5.169299e+000 -3.382874e+000 -9.587079e-001 -3.077553e+000 1.491375e+000 -8.803123e-001 -4.692818e+000 -2.043991e+000 1.718273e-001 -1.546432e+000 -1.502005e+000 4.685941e-001 2.335537e+000 2.071190e+000 3.847237e-001 9.991574e-001 1.838213e+000 1.652779e+000 2.242967e+000 2.181030e-001 -1.309048e+000 -7.692741e-001 -1.769933e+000 -1.171188e+000 -1.568756e+000 -9.499902e-001 1.967407e+000 4.078381e-001 -3.417509e-001 5.141005e-001 -5.973553e-002 3.223915e-001 
2.032756e+001 1.138578e+001 -9.254629e+000 -3.735849e-002 2.076645e-001 5.344767e-001 1.086390e-001 -2.079983e+000 9.925892e-001 -1.755332e+000 -3.901506e+000 3.816721e-001 9.173094e-001 -9.344623e-001 -1.150779e+000 -3.012852e-001 1.631960e+000 9.868544e-001 -5.682036e-001 -1.395219e-001 -2.833289e-001 5.389957e-001 1.628338e+000 4.645341e-001 -5.854343e-001 -1.215860e+000 -4.226434e-001 4.172452e-001 -9.606367e-001 -2.849535e-001 1.319273e+000 2.486408e-001 -2.633299e-001 3.893812e-001 3.645329e-001 5.542972e-002 
1.166290e+001 1.444336e+001 -1.892185e+001 2.791128e+000 -5.243726e+000 1.307376e+000 -2.800670e+000 -4.392504e+000 6.610759e-002 -5.178233e+000 -4.117929e+000 -3.602833e-001 3.154098e-001 -2.861786e+000 -1.918978e+000 -1.368138e+000 1.991699e+000 1.701669e+000 1.654953e+000 1.307137e+000 1.855561e+000 1.339438e+000 2.002158e+000 8.494701e-001 -5.806240e-001 -3.908465e-001 -6.347642e-001 9.426743e-001 -1.507602e+000 -5.649125e-001 1.331462e+000 3.863112e-001 2.701326e-001 5.499378e-001 1.248568e+000 5.369621e-001 
1.218538e+001 1.401704e+001 -1.810330e+001 1.224227e+000 -4.615966e+000 3.342372e-001 -2.354225e+000 -4.916248e+000 2.174580e-001 -5.409467e+000 -4.208323e+000 -5.216869e-001 2.114613e-002 -2.283555e+000 -2.251613e+000 -6.176716e-001 1.320155e+000 1.973758e+000 9.961541e-001 1.621903e+000 1.402837e+000 1.225177e+000 2.702480e+000 8.078570e-001 -3.972938e-001 -5.913700e-001 -5.877556e-001 1.107401e+000 -8.447907e-001 -9.519820e-001 1.327543e+000 3.582838e-001 4.818132e-002 6.964922e-001 1.403422e+000 5.348492e-001 
9.628790e+000 1.556962e+001 -1.852766e+001 1.911621e+000 -5.367227e+000 1.873453e+000 -2.645706e+000 -5.080928e+000 3.293321e-001 -6.157159e+000 -4.518616e+000 -2.327386e+000 6.381149e-001 -2.654483e+000 -1.605723e+000 -1.250713e+000 9.275984e-001 9.901715e-001 6.289615e-002 1.641234e+000 1.529466e+000 1.248064e+000 2.066050e+000 1.465755e+000 -1.144498e+000 -6.701246e-001 -6.952771e-001 6.101350e-001 -4.792750e-001 -1.361992e+000 1.995832e+000 3.366790e-001 -1.684149e-001 6.223249e-001 1.514361e+000 2.562270e-001 
8.957614e+000 1.495879e+001 -1.798149e+001 1.354500e+000 -6.075111e+000 2.256455e+000 -3.489155e+000 -5.090998e+000 7.319308e-001 -5.920672e+000 -3.819782e+000 -2.377318e+000 -1.061506e-001 -2.409827e+000 -9.677968e-001 -1.467300e+000 1.012977e+000 1.744831e+000 1.031743e+000 1.806133e+000 2.265259e+000 2.302350e+000 8.528433e-001 2.330783e+000 -4.073745e-001 -6.170165e-001 1.366221e-001 2.699979e-001 -1.752398e-001 -4.933545e-001 1.652290e+000 -1.386627e-001 9.583086e-001 9.452010e-001 1.384030e+000 3.699469e-001 
1.149475e+001 1.152073e+001 -1.413254e+001 -1.317110e+000 -3.358379e+000 1.797887e+000 -3.089592e+000 -5.956170e+000 1.300678e-001 -4.528530e+000 -4.607698e+000 -1.405176e+000 -1.424550e+000 -2.096804e+000 -2.339416e+000 -1.651219e+000 5.516498e-001 1.972666e+000 1.028570e+000 1.639254e+000 2.506088e+000 1.090585e+000 9.488375e-001 1.294975e+000 -2.109572e-001 -1.241815e+000 -3.100825e-001 -1.631613e-001 -1.315873e+000 5.344642e-002 9.735872e-001 -1.281587e-001 8.103683e-001 1.583794e+000 9.769076e-001 2.259164e-001 
9.162753e+000 1.301359e+001 -1.395195e+001 -2.012162e+000 -3.179693e+000 3.829516e+000 -3.848542e+000 -6.657569e+000 -2.441080e-001 -5.769445e+000 -5.439101e+000 -1.118159e+000 -1.366770e+000 -1.992884e+000 -1.528926e+000 -1.631339e+000 6.596346e-001 1.598984e+000 9.666219e-001 2.062294e+000 2.349545e+000 1.154054e+000 1.116368e+000 1.332080e+000 7.876423e-002 -9.190898e-001 -5.312464e-002 7.566212e-001 -1.453913e-001 4.095240e-001 7.919168e-001 -2.868265e-001 6.682071e-001 1.571333e+000 8.546659e-001 1.740817e-001 
5.324589e+000 1.499852e+001 -1.298743e+001 1.524046e-001 -3.441778e+000 3.805135e+000 -2.441884e+000 -4.841055e+000 -1.207952e+000 -5.661866e+000 -5.300914e+000 -2.288812e+000 -1.102760e+000 -2.731029e+000 -1.861017e+000 -2.836562e-001 1.339311e+000 1.750246e+000 1.006839e+000 7.551537e-001 1.495953e+000 8.220263e-001 1.639046e+000 8.528911e-001 5.833726e-001 -7.291791e-001 5.117812e-002 1.735781e+000 -8.578932e-001 5.953169e-001 1.081648e+000 4.655180e-002 -1.435710e-002 6.537142e-001 1.125942e+000 6.518841e-001 
5.209817e+000 1.429531e+001 -1.176636e+001 -2.549968e-001 -3.261252e+000 2.387267e+000 -1.799106e+000 -5.171519e+000 -1.602858e+000 -5.440902e+000 -5.545429e+000 -1.611584e+000 -6.968150e-001 -3.282391e+000 -2.112653e+000 2.832375e-002 1.644118e+000 2.547079e+000 1.354470e+000 7.073784e-001 4.864047e-001 9.670271e-001 2.113460e+000 1.602564e+000 3.023511e-001 -1.352328e+000 5.268643e-001 1.725853e+000 -8.479707e-001 2.278931e-001 1.097408e+000 -7.075221e-002 -5.291154e-002 1.096590e+000 1.245186e+000 7.103400e-001 
5.277402e+000 1.421220e+001 -1.198840e+001 -4.796816e-001 -2.435116e+000 3.463877e+000 -3.115596e+000 -4.750297e+000 -5.422309e-001 -6.042397e+000 -4.563603e+000 -1.952602e+000 4.617730e-001 -2.292096e+000 -3.064423e+000 2.391272e-001 1.887740e+000 3.465916e+000 1.109294e+000 -5.415112e-001 2.083663e-001 1.199143e+000 2.632094e+000 1.379173e+000 -3.996113e-001 -1.294322e+000 -2.145798e-001 1.408083e+000 -3.457857e-001 -4.260872e-001 8.986687e-001 -4.394408e-001 -5.125338e-001 9.351872e-001 1.290729e+000 1.009431e+000 
4.452580e+000 1.382705e+001 -1.311402e+001 -1.064428e+000 -3.679753e+000 2.198276e+000 -2.098746e+000 -4.264851e+000 -1.903661e+000 -6.868293e+000 -4.233055e+000 -2.625149e+000 2.195231e-001 -2.384777e+000 -4.107586e+000 -6.404330e-001 1.432491e+000 3.492386e+000 1.347838e+000 -7.616487e-001 5.377753e-001 9.995534e-001 2.106102e+000 7.203267e-001 -5.436827e-001 -6.542409e-001 -8.783141e-002 1.197849e+000 -7.625438e-001 -6.428781e-001 9.009454e-001 -2.673839e-001 -1.010625e-001 7.667263e-001 1.686504e+000 1.139721e+000 
2.611145e+000 1.535555e+001 -1.284080e+001 -2.832217e-001 -6.047290e+000 1.330784e+000 -2.532464e+000 -3.069195e+000 -6.277960e-001 -6.510608e+000 -4.316791e+000 -1.353431e+000 5.009237e-001 -3.381652e+000 -3.437413e+000 -4.265517e-001 2.072477e+000 4.002238e+000 2.955864e+000 -3.775148e-001 3.791187e-001 1.615247e+000 2.309055e+000 8.866541e-001 -2.318356e-001 3.321646e-001 2.394386e-001 2.171002e+000 -3.181941e-001 -7.734212e-001 8.533815e-001 2.551204e-001 8.648387e-001 5.302999e-001 1.191034e+000 1.220918e+000 
5.749061e+000 1.391986e+001 -1.269177e+001 -2.484676e+000 -6.521634e+000 -3.575655e-001 -2.302922e+000 -4.414313e+000 1.046313e+000 -5.642628e+000 -4.998951e+000 1.889464e-001 5.862119e-001 -2.796750e-001 -6.698197e-001 9.009967e-002 1.502463e+000 3.364224e+000 2.504761e+000 5.908935e-001 9.455032e-001 1.330490e+000 6.796027e-001 -8.056190e-001 -3.122357e-001 -3.618891e-001 -1.927076e-001 4.238416e-001 -1.631514e+000 -1.905412e+000 -1.089962e+000 -8.380157e-001 4.281273e-001 3.532560e-001 6.526065e-002 2.721424e-001 
8.799793e+000 1.733088e+001 -1.482132e+001 1.715110e+000 -8.610452e+000 1.373586e+000 -5.486054e-001 -4.195120e+000 2.820200e+000 -5.334221e+000 -5.416603e+000 -3.146474e+000 1.677555e+000 -9.142489e-001 -1.125585e+000 1.095847e-001 5.455477e-001 1.505917e+000 1.751412e+000 2.699705e+000 1.607143e+000 1.290485e+000 2.313221e-001 9.113622e-002 -3.709261e-001 -7.870770e-001 -1.197686e-001 5.021687e-001 -1.270951e+000 -1.303064e+000 -2.796076e-001 -1.175763e-001 1.472665e+000 1.135550e+000 4.005943e-001 -4.278766e-001 
1.030911e+001 1.279489e+001 -1.225538e+001 1.122824e+000 -6.309908e+000 -2.128499e+000 -1.020646e+000 -3.988868e+000 1.613328e+000 -2.988180e+000 -6.879854e+000 -3.079660e+000 -5.576789e-001 -1.616062e+000 -9.877373e-001 -3.414730e-001 9.365629e-001 1.941979e+000 1.114168e+000 2.096186e+000 1.603830e+000 1.013407e+000 1.512795e+000 3.235205e-001 -2.871471e-002 -8.338349e-001 -7.856724e-001 4.321201e-002 -8.800773e-001 -5.931621e-001 3.372750e-001 8.309465e-001 1.222869e+000 7.325661e-001 2.952478e-001 -3.141020e-001 
8.744035e+000 1.496216e+001 -1.351259e+001 3.813003e+000 -8.553654e+000 -3.136785e+000 -7.370235e-001 -2.021431e+000 2.026162e+000 -3.439583e+000 -4.862025e+000 -2.079393e+000 2.075472e-001 -1.258669e+000 3.572432e-002 -7.634027e-001 2.023610e+000 2.706348e+000 7.132856e-001 1.796739e+000 1.007653e+000 1.514765e+000 1.918848e+000 5.092228e-001 -8.286621e-001 -1.112285e+000 -1.208423e+000 -7.361645e-001 -1.472613e+000 -1.234144e+000 1.019518e+000 7.221674e-001 3.763529e-001 3.933616e-001 -4.166582e-002 -8.055282e-001 
1.126993e+001 1.366257e+001 -1.216032e+001 5.646784e-001 -7.806462e+000 -3.353676e+000 -3.549450e-001 -2.619036e+000 2.560192e+000 -1.812230e+000 -5.402071e+000 -1.983588e+000 -1.135133e+000 -1.094060e+000 2.847559e-002 5.774613e-001 2.862565e+000 2.232911e+000 8.709130e-001 1.260240e+000 7.831560e-001 1.379225e+000 1.951012e+000 1.024907e+000 -8.022205e-001 -1.798847e+000 -1.310114e+000 -5.970438e-001 -1.036382e+000 -8.918348e-001 6.188840e-001 3.272171e-001 -3.604455e-003 7.760625e-001 1.841906e-001 -8.308521e-001 
9.414504e+000 1.632218e+001 -1.234892e+001 1.989831e+000 -9.242013e+000 -3.806828e+000 -1.252478e+000 -3.096407e+000 3.170826e+000 -1.537488e+000 -5.695248e+000 -4.029200e+000 -1.751142e+000 -2.153990e+000 -3.475712e-001 8.513997e-001 2.679068e+000 1.935271e+000 3.567628e-001 1.308768e+000 7.572699e-001 1.733927e+000 2.043120e+000 9.209997e-001 -2.748620e-001 -1.340436e+000 -9.473271e-001 -6.451526e-001 -8.622077e-001 -5.485689e-001 9.825742e-001 5.613116e-001 -1.361320e-001 1.009392e+000 6.300357e-001 6.970724e-002 
1.040330e+001 1.332462e+001 -8.942955e+000 2.642137e-001 -6.901676e+000 -3.978217e+000 -2.872424e-001 -3.007621e+000 1.504728e+000 -1.496020e+000 -6.375077e+000 -3.501472e+000 -7.100906e-001 -1.188514e+000 -1.264199e+000 4.647779e-002 2.227406e+000 2.331071e+000 7.946120e-001 1.061052e+000 8.514920e-001 1.155334e+000 2.246182e+000 6.247250e-001 -8.204735e-001 -1.038291e+000 -7.733119e-001 -2.784950e-001 -1.384834e+000 -8.101307e-001 1.454710e+000 5.804905e-001 -5.688015e-002 8.745304e-001 1.578624e-001 -3.366829e-001 
7.541562e+000 1.203719e+001 -1.257028e+001 9.707578e-001 -7.444258e+000 -4.161903e+000 -1.959269e+000 -3.372586e+000 9.127844e-001 -1.832704e+000 -5.592762e+000 -2.564210e+000 8.258065e-001 -1.131567e+000 -1.547354e+000 3.165282e-001 3.017923e+000 2.904338e+000 1.422442e+000 1.020834e+000 1.165579e+000 1.912092e+000 2.776442e+000 7.049470e-001 -1.646325e+000 -1.334202e+000 -1.511124e+000 -9.153324e-001 -1.368910e+000 -9.448107e-001 1.284703e+000 -1.894192e-001 -6.284672e-001 6.473120e-001 1.812573e-001 1.985901e-001 
