-6.112601e+000 9.666590e+000 -2.272878e+000 4.391903e-001 1.503616e+000 -1.860262e-002 -5.837763e-001 -7.931006e-002 -4.291376e-002 6.842482e-001 4.154926e-001 -2.582846e-001 
1.075588e-001 7.409262e+000 -6.053873e+000 -7.546790e-001 3.957037e-001 2.823338e+000 -1.950848e+000 1.513540e-001 -8.430881e-002 6.943161e-001 -6.126483e-002 -1.918013e-001 
3.042627e+000 8.329147e+000 -2.784738e+000 2.118280e+000 1.602695e+000 2.832397e+000 -1.085390e+000 4.616474e-001 -1.062803e-002 2.772590e-001 -5.732535e-001 -4.578589e-001 
5.520266e+000 1.190126e+001 -1.819280e+000 2.403953e+000 1.318664e+000 2.161335e+000 -6.733623e-001 -4.646865e-001 7.336890e-001 -4.666904e-001 -6.077169e-001 -4.136164e-001 
5.080533e+000 1.398250e+001 -1.158234e+000 3.672938e+000 4.681383e-001 2.128808e+000 -1.551946e+000 -1.089692e+000 8.529008e-001 -3.607913e-001 -3.695947e-001 -4.109521e-001 
5.170948e+000 1.411479e+001 -9.297351e-001 4.640393e+000 -5.570097e-002 9.164272e-001 -1.518378e+000 -6.556990e-001 1.633342e+000 -5.611871e-001 -3.627530e-003 -9.769864e-001 
6.000269e+000 1.415590e+001 -8.607758e-003 4.884468e+000 -4.449675e-001 1.948877e-001 -1.404121e+000 -1.107392e+000 1.863746e+000 -2.542938e-001 -2.423170e-001 -3.757768e-001 
7.430559e+000 1.416272e+001 2.810630e-002 4.117930e+000 3.904521e-001 -6.450147e-001 -1.404862e+000 -1.513420e+000 1.169996e+000 9.002422e-001 -1.024144e-002 -4.665400e-002 
7.314152e+000 1.435550e+001 1.313356e-001 4.063680e+000 -2.161342e-001 -9.013764e-001 -1.490647e+000 -9.644883e-001 1.178563e+000 7.819421e-001 1.766993e-001 -3.532952e-001 
8.085055e+000 1.201281e+001 1.888500e+000 3.435520e+000 2.623421e-001 -9.663719e-001 -1.102532e+000 -8.432285e-001 8.263470e-001 3.454814e-001 5.142406e-002 6.498822e-002 
7.991797e+000 1.203773e+001 1.564417e+000 3.480156e+000 5.421465e-001 -8.346620e-001 -1.113179e+000 -6.891692e-001 7.793127e-001 4.079873e-002 -2.536472e-002 6.978935e-002 
7.299186e+000 1.335297e+001 2.111671e-001 4.471353e+000 -7.292942e-002 -5.638222e-001 -1.153561e+000 -6.623944e-001 9.910384e-001 -2.623215e-001 2.911694e-001 -2.632001e-001 
8.412959e+000 1.206908e+001 1.064544e+000 3.767513e+000 7.868061e-001 -8.681710e-001 -1.343221e+000 -6.475862e-001 8.540027e-001 -1.085643e-002 1.172470e-001 -6.509470e-002 
7.443845e+000 1.385674e+001 -8.372591e-001 4.926467e+000 3.315081e-001 -3.188946e-001 -1.848183e+000 -6.385403e-001 1.228585e+000 -3.157144e-001 3.493967e-001 -3.874685e-001 
6.848773e+000 1.504402e+001 -1.689335e+000 5.394317e+000 4.961308e-001 -4.418464e-001 -1.994389e+000 -7.927972e-001 9.142078e-001 -1.677368e-001 4.202226e-001 -3.984481e-001 
8.654366e+000 1.286882e+001 7.417994e-001 3.579560e+000 1.356311e+000 -1.206883e+000 -1.378406e+000 -8.136627e-001 1.485683e-001 2.311198e-001 4.593623e-001 -1.898823e-001 
7.704579e+000 1.434474e+001 9.774368e-001 3.146559e+000 7.342770e-001 -8.058727e-001 -8.133244e-001 -1.114454e+000 -4.682432e-001 1.269619e-001 7.287536e-001 -5.809095e-002 
8.852793e+000 1.023991e+001 2.952322e+000 1.375519e+000 4.833919e-001 -3.753091e-001 -7.910523e-001 -7.832827e-001 -3.023089e-001 1.706832e-001 1.583670e-002 -3.040032e-001 
-5.199564e+000 9.546670e+000 -3.375162e+000 2.091165e-001 1.738502e+000 8.733828e-001 -6.275255e-001 -4.953162e-001 6.602793e-002 7.245881e-001 3.295873e-001 -2.265353e-001 
6.814699e-001 7.210206e+000 -5.627653e+000 -4.269476e-001 2.356372e-001 2.940685e+000 -1.895151e+000 2.242581e-001 -1.024514e-001 8.193237e-001 -9.323615e-002 -2.358109e-001 
3.380215e+000 9.420706e+000 -2.829817e+000 2.470377e+000 1.282108e+000 2.811957e+000 -9.253325e-001 4.414962e-001 -5.996046e-002 3.153407e-001 -7.757061e-001 -5.170758e-001 
5.382480e+000 1.233342e+001 -1.424671e+000 2.294807e+000 1.561946e+000 2.088226e+000 -7.722987e-001 -6.316371e-001 6.835260e-001 -5.159716e-001 -4.890850e-001 -4.223487e-001 
6.526020e+000 1.207662e+001 5.161715e-001 2.399209e+000 1.533415e+000 1.120162e+000 -1.123182e+000 -1.289390e+000 7.636672e-001 -9.324782e-002 -4.340377e-001 -3.442413e-001 
6.339607e+000 1.250610e+001 6.684343e-001 3.564929e+000 7.014672e-001 1.073369e-001 -1.318360e+000 -5.011526e-001 1.617307e+000 -2.706260e-001 -3.884638e-001 -8.189558e-001 
5.956882e+000 1.446787e+001 -3.698926e-001 5.071394e+000 -5.585398e-001 6.227277e-002 -1.432056e+000 -1.247840e+000 1.728541e+000 -1.236722e-001 -1.492367e-001 -3.720456e-001 
7.901473e+000 1.361413e+001 5.993804e-001 3.500954e+000 6.335080e-001 -8.804727e-001 -1.453489e+000 -1.374113e+000 1.115114e+000 1.003722e+000 1.054051e-002 -6.607794e-002 
8.459812e+000 1.236707e+001 1.910553e+000 2.875358e+000 3.159600e-001 -1.075367e+000 -1.242714e+000 -8.456787e-001 9.538162e-001 8.322913e-001 4.203429e-002 -1.635051e-001 
6.424933e+000 1.379062e+001 3.475589e-001 4.650732e+000 -3.934323e-001 -6.412504e-001 -1.317484e+000 -9.222927e-001 1.248999e+000 -2.806741e-002 2.079370e-001 -1.283947e-001 
6.436914e+000 1.373280e+001 1.551901e-001 4.641380e+000 -2.993106e-001 -4.259668e-001 -1.154225e+000 -7.928940e-001 1.091036e+000 -3.022884e-001 1.771207e-001 -1.666976e-001 
6.226332e+000 1.452267e+001 -8.850291e-001 5.461869e+000 -7.791100e-001 -2.433206e-001 -1.250344e+000 -6.355319e-001 1.075624e+000 -3.923504e-001 4.324675e-001 -3.884044e-001 
8.729121e+000 1.161733e+001 1.429464e+000 3.305687e+000 1.039119e+000 -8.704048e-001 -1.428385e+000 -5.708947e-001 8.093055e-001 6.484801e-002 2.195201e-002 4.305941e-002 
8.618541e+000 1.219960e+001 4.533100e-001 3.776574e+000 1.176391e+000 -7.650015e-001 -1.623395e+000 -5.682479e-001 1.000352e+000 -7.333016e-002 1.585241e-001 -2.919438e-001 
7.649865e+000 1.364442e+001 -2.855306e-001 4.229411e+000 1.271474e+000 -1.028231e+000 -1.676329e+000 -8.022576e-001 7.671597e-001 -6.370255e-002 3.531005e-001 -4.013980e-001 
8.761728e+000 1.256141e+001 1.140499e+000 3.309694e+000 1.327385e+000 -1.140785e+000 -1.295353e+000 -8.696708e-001 -8.923853e-002 2.547280e-001 5.814073e-001 -8.828294e-002 
