1.217259e+001 2.585330e+000 -8.960824e-001 2.669413e+000 -1.396084e+000 9.779782e-001 -2.586605e+000 1.319476e+000 4.772021e-001 -3.022813e-002 -3.251043e-001 2.261444e-001 
1.187015e+001 2.361096e+000 -1.005906e+000 2.901106e+000 -7.984295e-001 7.072670e-001 -2.254241e+000 8.730856e-001 1.222017e+000 1.311959e-001 -6.285052e-001 -6.690577e-002 
1.136605e+001 2.159324e+000 -1.126096e+000 3.438652e+000 -1.186476e+000 1.282867e+000 -2.532872e+000 1.193344e+000 1.002908e+000 5.167732e-001 -6.517706e-001 -4.160363e-002 
1.078671e+001 1.647401e+000 -9.493375e-001 3.237258e+000 -1.501769e+000 1.442112e+000 -2.263248e+000 1.420440e+000 1.314479e-001 4.651371e-001 -6.446266e-001 -1.274177e-001 
9.898037e+000 1.844409e+000 -1.550388e+000 2.959083e+000 -2.423788e+000 1.123672e+000 -2.167235e+000 1.422374e+000 3.370699e-002 2.213447e-001 -4.301300e-001 8.398462e-002 
9.424788e+000 2.507184e+000 -2.826443e+000 2.434445e+000 -3.262256e+000 1.494974e+000 -2.884243e+000 1.315117e+000 1.232711e-001 4.490118e-001 -7.549173e-001 2.548386e-001 
1.022782e+001 2.000414e+000 -2.930569e+000 1.985222e+000 -2.287030e+000 1.313664e+000 -1.721914e+000 1.359814e+000 9.700711e-001 6.947058e-001 -1.866589e-001 3.633129e-001 
9.576599e+000 3.157562e+000 -2.571587e+000 2.907987e+000 -3.072028e+000 1.418777e+000 -2.325767e+000 1.997899e+000 5.491257e-001 1.135621e+000 -3.656299e-001 3.606179e-001 
9.532664e+000 3.943029e+000 -3.072693e+000 3.758955e+000 -3.369413e+000 2.162247e+000 -3.411125e+000 2.272309e+000 4.253295e-001 1.279250e+000 -8.736218e-001 3.388404e-001 
1.004079e+001 3.073423e+000 -2.057505e+000 3.782666e+000 -2.521640e+000 1.331748e+000 -3.203184e+000 1.607385e+000 9.044545e-001 1.221738e+000 -7.625212e-001 3.992307e-002 
9.616677e+000 3.575599e+000 -1.457782e+000 3.680109e+000 -2.718468e+000 1.030584e+000 -2.879218e+000 1.034030e+000 4.120631e-001 9.243870e-001 -5.805619e-001 5.249354e-002 
9.429343e+000 4.181106e+000 -2.290187e+000 3.858476e+000 -2.276754e+000 1.475630e+000 -3.357779e+000 1.485783e+000 -1.003599e-001 6.549756e-001 -8.209848e-001 1.761616e-001 
9.059156e+000 3.812909e+000 -2.317147e+000 3.635114e+000 -1.995764e+000 1.496812e+000 -2.872271e+000 1.491594e+000 -1.147270e-002 5.926030e-001 -9.478437e-001 2.580383e-001 
1.153236e+001 1.905371e+000 -2.143140e-001 3.078442e+000 -9.065434e-001 6.513248e-001 -2.438478e+000 4.074033e-001 1.075470e-001 2.601203e-001 5.085018e-002 1.135143e-001 
1.160181e+001 2.191295e+000 -4.927408e-001 3.489616e+000 -5.555894e-001 8.511894e-001 -3.175849e+000 7.798885e-001 6.365268e-001 1.039483e-001 -2.877939e-001 2.904732e-001 
1.154605e+001 2.397976e+000 -6.867556e-001 3.680423e+000 -5.916388e-001 9.512392e-001 -2.655242e+000 3.538293e-001 9.019517e-001 1.029186e-001 -2.883375e-001 1.046957e-002 
1.155346e+001 2.528335e+000 -6.544870e-001 3.460230e+000 -1.920249e+000 1.407292e+000 -2.552741e+000 9.456468e-001 3.678933e-001 3.998182e-001 -9.052091e-001 -1.934411e-001 
1.148206e+001 2.881321e+000 -8.945041e-001 2.927178e+000 -1.761336e+000 9.872454e-001 -2.578197e+000 1.330913e+000 2.752600e-001 3.256034e-001 -6.582698e-001 -3.727582e-001 
1.021964e+001 2.961071e+000 -8.001801e-001 3.474815e+000 -2.323922e+000 1.147098e+000 -2.688538e+000 7.077569e-001 -1.903983e-001 1.349603e-001 -5.298252e-001 1.351477e-001 
9.487407e+000 3.223520e+000 -1.009185e+000 4.129718e+000 -2.271555e+000 1.516225e+000 -3.414240e+000 9.755693e-002 -6.950725e-001 4.424385e-001 -2.940195e-001 4.897224e-001 
1.044602e+001 2.547802e+000 -1.366757e+000 3.840324e+000 -1.841654e+000 5.253099e-001 -3.284653e+000 -1.079872e-001 -5.657081e-002 1.892195e-001 -4.094265e-001 2.751719e-001 
9.175173e+000 3.617865e+000 -1.901356e+000 4.023044e+000 -2.830262e+000 9.587766e-001 -3.928358e+000 6.145502e-001 -6.271500e-001 6.333834e-001 -6.321354e-001 2.868807e-001 
9.006107e+000 3.610467e+000 -1.797238e+000 4.806713e+000 -3.515523e+000 2.028138e+000 -3.971599e+000 1.164489e+000 -9.634856e-001 1.058563e+000 -7.132370e-001 6.288065e-001 
1.024551e+001 2.917189e+000 -1.895080e+000 3.209840e+000 -2.428335e+000 2.046379e+000 -2.597539e+000 6.426661e-001 -6.218699e-001 6.733381e-001 -2.559948e-001 4.473888e-001 
9.654945e+000 3.389740e+000 -2.307439e+000 3.397719e+000 -2.136561e+000 2.596375e+000 -2.439771e+000 9.098179e-001 -8.038624e-001 5.278215e-001 -3.470930e-001 6.304108e-001 
9.164831e+000 4.118436e+000 -2.129131e+000 3.712702e+000 -1.861089e+000 2.664776e+000 -2.624927e+000 1.187864e+000 -7.608022e-001 5.803577e-001 -4.608069e-001 5.950906e-001 
