1.813892e+001 8.390865e+000 -2.568238e+000 3.827791e+000 7.023726e-001 3.012869e+000 -3.335322e+000 1.292116e-001 -2.727121e-001 -1.374405e+000 -4.832967e-001 4.854311e-001 
1.746381e+001 8.698987e+000 -2.864080e+000 3.554951e+000 9.683429e-001 2.789558e+000 -2.880105e+000 -5.695486e-002 -1.382007e-001 -1.604361e+000 -2.401793e-001 4.772383e-001 
1.742330e+001 9.305273e+000 -2.793728e+000 3.443339e+000 1.270086e+000 2.835388e+000 -2.749425e+000 8.993515e-002 -6.311804e-001 -1.582379e+000 -5.708526e-001 3.790770e-001 
1.706000e+001 9.507359e+000 -2.738161e+000 2.335557e+000 1.345752e+000 2.861957e+000 -2.677000e+000 -2.255196e-002 -4.796742e-001 -1.390722e+000 -3.900897e-001 7.503200e-001 
1.672106e+001 1.063134e+001 -3.402555e+000 2.195295e+000 1.544229e+000 2.464231e+000 -2.516610e+000 3.973468e-001 -1.187439e+000 -1.062122e+000 -4.546271e-001 3.355789e-001 
1.647389e+001 1.088164e+001 -3.468976e+000 1.664382e+000 1.597099e+000 2.509533e+000 -2.445928e+000 6.148708e-001 -1.095544e+000 -9.519615e-001 -9.412619e-001 1.756919e-001 
1.653711e+001 1.136869e+001 -3.279555e+000 1.675701e+000 1.003165e+000 2.429843e+000 -2.461449e+000 8.742045e-001 -7.210869e-001 -1.042551e+000 -1.154395e+000 -3.723971e-002 
1.664636e+001 1.150804e+001 -2.953853e+000 1.489592e+000 4.107176e-001 1.540247e+000 -2.118513e+000 8.518048e-001 2.055636e-001 -1.207999e+000 -8.743718e-001 -3.278792e-001 
1.596218e+001 1.198508e+001 -2.305769e+000 1.945012e+000 4.117923e-001 1.384429e+000 -2.718676e+000 8.763438e-001 1.916899e-001 -1.238530e+000 -6.518998e-001 -3.569114e-001 
1.545116e+001 1.213107e+001 -1.679687e+000 1.050755e+000 -4.712972e-002 1.164326e+000 -2.821804e+000 8.265844e-001 7.443545e-001 -1.114385e+000 -5.121055e-001 -1.954118e-001 
1.509620e+001 1.206400e+001 -2.300019e+000 1.899775e+000 2.628566e-001 1.513697e+000 -2.999791e+000 2.592039e-001 7.719871e-002 -1.123623e+000 -2.428501e-001 -8.688285e-003 
1.489902e+001 1.214949e+001 -2.300149e+000 1.890999e+000 1.148898e+000 1.254391e+000 -2.820141e+000 -3.784118e-001 -3.230782e-002 -6.513490e-001 8.353429e-002 3.145127e-001 
1.535678e+001 1.218220e+001 -2.392538e+000 2.400056e+000 9.471746e-001 8.231495e-001 -2.822609e+000 -2.583986e-002 -1.522026e-001 -7.548084e-001 1.535527e-001 2.700048e-001 
1.477076e+001 1.237034e+001 -1.634682e+000 2.223511e+000 1.204658e+000 7.913551e-001 -3.002239e+000 -4.895758e-001 -1.211253e-001 -8.421040e-001 1.326826e-001 2.737059e-001 
1.431570e+001 1.234585e+001 -1.751313e+000 3.162693e+000 8.234962e-001 1.028321e+000 -3.220920e+000 -4.907112e-002 1.182627e-001 -7.639734e-001 -1.538246e-001 2.470869e-001 
1.449276e+001 1.191301e+001 -1.724303e+000 2.623910e+000 1.074224e+000 8.254155e-001 -2.724620e+000 1.184787e-002 -1.665781e-001 -5.864732e-001 -6.443110e-003 2.096554e-001 
1.400055e+001 1.215008e+001 -1.985792e+000 3.087960e+000 1.406977e+000 6.002037e-001 -3.660482e+000 1.664262e-001 -5.761688e-001 -3.222274e-001 2.836541e-001 2.830845e-001 
1.428485e+001 1.248507e+001 -1.679793e+000 3.261771e+000 9.444166e-001 1.084351e+000 -3.591469e+000 2.918294e-001 -3.603848e-001 -6.717896e-001 -4.045663e-002 1.864381e-001 
1.804262e+001 9.378089e+000 1.505098e-001 1.132781e+000 1.602280e+000 -5.937769e-001 -1.972290e+000 -3.834375e-001 3.404220e-001 -3.849015e-001 -2.037367e-002 1.755045e-001 
2.247584e+001 5.704443e+000 -3.642481e-001 1.381914e+000 1.191592e+000 2.098162e-001 -1.459056e+000 -9.735379e-004 4.474408e-001 -8.542461e-001 1.138280e-001 9.069779e-002 
1.784913e+001 8.162946e+000 -2.627749e+000 3.965786e+000 8.916634e-001 3.285660e+000 -3.301917e+000 -1.724173e-001 -2.973374e-001 -1.516037e+000 -4.341779e-001 5.477449e-001 
1.700308e+001 8.893821e+000 -2.933110e+000 3.678602e+000 1.408927e+000 2.682061e+000 -2.706122e+000 -6.911034e-002 -6.572477e-001 -1.717351e+000 -4.324623e-001 2.117745e-001 
1.758994e+001 9.164502e+000 -2.643707e+000 2.809149e+000 1.169734e+000 2.549681e+000 -2.726144e+000 -3.251484e-002 -5.409410e-001 -1.600073e+000 -5.253167e-001 4.163246e-001 
1.706033e+001 9.947082e+000 -3.031552e+000 2.776550e+000 1.304765e+000 2.843208e+000 -2.731704e+000 1.840594e-001 -1.167131e+000 -1.188177e+000 -2.005423e-001 5.069877e-001 
1.672728e+001 1.064902e+001 -3.819946e+000 2.128293e+000 1.790250e+000 1.890704e+000 -2.249109e+000 5.119708e-001 -1.357577e+000 -1.115333e+000 -4.755099e-001 7.681361e-002 
1.673820e+001 1.127843e+001 -3.594320e+000 1.694769e+000 1.255824e+000 2.300876e+000 -2.498156e+000 8.028198e-001 -9.553707e-001 -9.260410e-001 -8.424530e-001 1.109631e-001 
1.651658e+001 1.196934e+001 -2.959459e+000 1.574351e+000 8.668639e-001 2.427602e+000 -2.522372e+000 8.928240e-001 -3.819171e-001 -1.193120e+000 -1.204262e+000 -8.868639e-002 
1.644858e+001 1.149068e+001 -2.401784e+000 1.492770e+000 2.766108e-001 1.482627e+000 -2.505838e+000 9.027714e-001 4.048921e-001 -1.481483e+000 -1.024577e+000 -4.313160e-001 
1.595488e+001 1.177744e+001 -2.084049e+000 1.864253e+000 -1.605171e-002 1.614535e+000 -2.845892e+000 7.038997e-001 6.196996e-001 -1.655712e+000 -4.551852e-001 -3.110188e-001 
1.568638e+001 1.248273e+001 -2.031288e+000 1.879031e+000 -2.689436e-001 1.163157e+000 -2.793437e+000 1.022371e+000 7.618761e-002 -9.919206e-001 -5.079119e-001 -1.933495e-001 
1.492335e+001 1.207295e+001 -2.349869e+000 1.921044e+000 6.019383e-001 1.536233e+000 -2.916374e+000 -1.027645e-001 2.645214e-001 -9.033468e-001 -1.822862e-001 3.520291e-001 
1.509424e+001 1.188982e+001 -2.490594e+000 2.521461e+000 6.793636e-001 1.308329e+000 -3.092874e+000 -3.508070e-001 -1.117958e-001 -6.493255e-001 3.166950e-001 3.221850e-001 
1.509333e+001 1.186762e+001 -2.016982e+000 2.614451e+000 9.130347e-001 1.023589e+000 -3.292672e+000 -6.125390e-001 1.215722e-003 -8.612742e-001 2.306414e-001 5.712164e-001 
1.418469e+001 1.191682e+001 -1.745084e+000 2.401265e+000 1.248373e+000 4.795406e-001 -3.199148e+000 -2.231330e-001 -3.088635e-002 -8.855484e-001 -8.366451e-002 2.359473e-001 
1.393253e+001 1.204870e+001 -1.992654e+000 2.835674e+000 7.522589e-001 1.077135e+000 -3.641610e+000 -3.469798e-001 -1.845696e-001 -5.328467e-001 2.502494e-001 5.298524e-001 
1.405493e+001 1.195437e+001 -1.594763e+000 2.817629e+000 1.179356e+000 7.765461e-001 -3.133775e+000 -1.522090e-001 -2.838455e-001 -8.533430e-001 -4.011038e-002 2.104000e-001 
1.448946e+001 1.236913e+001 -1.724773e+000 3.180745e+000 9.505671e-001 6.672241e-001 -3.632919e+000 3.924025e-001 -4.458783e-001 -4.947786e-001 2.337819e-002 -3.824622e-002 
1.419671e+001 1.275042e+001 -1.688265e+000 3.164500e+000 9.489810e-001 7.117104e-001 -3.929663e+000 -3.038321e-002 -1.493271e-001 -4.317130e-001 1.170546e-001 2.918485e-001 
