1.076329e+001 1.403414e+001 -3.751247e+000 4.030978e+000 6.053407e-001 1.534058e+000 -1.759065e+000 -5.701668e-001 -1.009778e+000 7.464673e-001 -4.462261e-002 6.411317e-002 
1.024866e+001 1.354366e+001 -2.170665e+000 3.242786e+000 1.086247e+000 1.341864e+000 -1.532565e+000 -9.508770e-001 -2.792519e-001 3.407706e-001 -3.736737e-003 8.751367e-002 
1.026218e+001 1.307162e+001 -1.553609e+000 3.575645e+000 7.841521e-001 1.216954e+000 -1.742174e+000 -5.032660e-001 -5.094691e-001 3.423415e-001 1.459838e-001 -2.031654e-001 
1.032857e+001 1.285209e+001 -1.301198e+000 3.874326e+000 4.451851e-001 1.176853e+000 -2.415579e+000 2.609964e-001 -4.041772e-001 3.246423e-001 -1.658133e-001 -4.197410e-001 
1.027980e+001 1.242593e+001 -1.250203e-001 3.598335e+000 6.110635e-001 -2.202612e-001 -1.943868e+000 2.764765e-001 3.401371e-001 -1.857733e-001 -3.891673e-001 -6.022707e-001 
9.890120e+000 1.351617e+001 -2.985179e-001 4.280685e+000 -1.494251e+000 1.410472e-001 -1.453089e+000 6.798159e-001 -2.574839e-002 -1.607884e-001 -4.189989e-001 -1.190855e+000 
1.069573e+001 1.256164e+001 1.363279e+000 2.643378e+000 -5.052978e-001 -9.063068e-001 -7.555207e-001 2.017111e-001 1.459012e-001 -4.076201e-001 -2.703577e-001 -8.804785e-001 
1.080207e+001 1.325551e+001 1.323142e+000 2.158495e+000 -1.067902e+000 -1.006355e+000 -9.064085e-001 2.634922e-001 5.593544e-001 -3.576141e-001 -2.061275e-001 -9.741338e-001 
9.969774e+000 1.491295e+001 -9.805742e-001 3.454299e+000 -1.727616e+000 8.324614e-001 -2.529239e+000 3.254336e-001 6.300574e-001 -2.062658e-001 -5.035922e-001 -7.283047e-001 
9.565110e+000 1.370367e+001 3.769276e-001 2.993324e+000 -5.946757e-001 5.789553e-001 -2.178256e+000 -6.846016e-001 9.591688e-001 -8.513489e-001 -2.759077e-001 6.272892e-002 
9.743552e+000 1.314276e+001 9.603253e-001 2.698301e+000 2.411256e-002 9.695101e-002 -2.053217e+000 -8.916294e-001 1.009949e+000 -9.668389e-001 -1.225914e-001 2.313020e-001 
9.263934e+000 1.419004e+001 -4.253304e-001 4.050119e+000 -9.966234e-001 1.142676e+000 -3.278708e+000 -3.589734e-001 6.713376e-001 -6.715753e-001 -2.599814e-001 6.448548e-001 
1.110361e+001 1.197569e+001 1.188705e+000 2.622330e+000 4.216701e-001 -1.227644e-001 -2.343280e+000 -1.065599e+000 8.452092e-001 -7.684677e-001 1.059680e-001 5.807202e-001 
1.077245e+001 1.257477e+001 5.817136e-001 3.033535e+000 2.897910e-002 8.253361e-002 -2.721862e+000 -9.362506e-001 9.414407e-001 -7.711437e-001 1.255763e-001 5.266635e-001 
9.900308e+000 1.394399e+001 -6.439081e-001 4.160073e+000 -9.197097e-001 6.508201e-001 -3.513774e+000 -3.234337e-001 6.939273e-001 -3.939261e-001 -1.074317e-001 5.981152e-001 
1.084816e+001 1.267643e+001 4.666995e-001 3.135225e+000 5.043703e-002 -3.384682e-001 -2.762992e+000 -9.606086e-001 1.057362e+000 -6.088529e-001 2.531839e-001 6.186213e-001 
1.171622e+001 1.157176e+001 1.212196e+000 2.707811e+000 3.578512e-001 -8.831317e-001 -2.526211e+000 -8.882657e-001 9.486040e-001 -3.105395e-001 1.268319e-001 6.126272e-001 
1.087005e+001 1.279523e+001 1.943025e-001 3.275092e+000 -6.734208e-002 -6.826708e-001 -2.870067e+000 -6.887921e-001 1.220018e+000 -4.667704e-001 2.140045e-001 5.724075e-001 
1.392878e+001 9.616833e+000 2.029286e+000 1.729343e+000 7.116047e-001 -1.152783e+000 -2.115323e+000 -6.999278e-001 5.846526e-001 -8.597357e-002 1.407590e-001 6.870001e-001 
1.818588e+001 6.941393e+000 1.011304e+000 6.444972e-001 6.900923e-001 -1.247544e-001 -8.340243e-001 -7.571969e-001 -8.163177e-002 3.119559e-001 1.431075e-001 -1.218436e-001 
1.122705e+001 1.269402e+001 -2.194845e+000 2.725523e+000 1.801482e+000 6.789660e-001 -1.087099e+000 -1.265881e+000 -4.122489e-001 3.318199e-001 2.169293e-001 8.300287e-002 
9.732692e+000 1.374160e+001 -2.322378e+000 3.587319e+000 7.737058e-001 1.503657e+000 -1.657829e+000 -7.721027e-001 -4.260242e-001 3.923389e-001 5.205567e-002 -2.397297e-002 
9.764270e+000 1.342645e+001 -1.949054e+000 4.309224e+000 6.777227e-002 1.670997e+000 -2.372891e+000 2.803424e-001 -9.102887e-001 6.562892e-001 -1.438849e-001 -2.684092e-001 
9.564158e+000 1.340353e+001 -1.611191e+000 4.340627e+000 3.630201e-002 1.237598e+000 -2.677726e+000 6.195494e-001 -4.810567e-001 3.258004e-001 -3.265985e-001 -3.460704e-001 
1.008190e+001 1.246685e+001 6.724255e-002 3.692978e+000 1.165280e-001 -2.924156e-001 -1.681853e+000 2.329284e-001 3.807787e-001 -2.271845e-001 -3.862947e-001 -7.816632e-001 
1.091633e+001 1.202814e+001 1.115760e+000 2.991961e+000 -5.317951e-001 -7.791144e-001 -6.762796e-001 1.652041e-001 2.237753e-001 -3.620875e-001 -2.573502e-001 -1.239971e+000 
1.014415e+001 1.315252e+001 1.043802e+000 2.855938e+000 -8.412911e-001 -7.923534e-001 -9.268841e-001 2.830853e-001 2.535075e-001 -4.781399e-001 -2.187761e-001 -8.544068e-001 
1.025342e+001 1.420303e+001 1.852636e-001 2.782287e+000 -1.509510e+000 -5.373505e-001 -1.306565e+000 2.767410e-001 6.895035e-001 -3.513587e-001 -1.421668e-001 -1.068950e+000 
9.852465e+000 1.409758e+001 -2.859586e-001 3.115198e+000 -1.020378e+000 6.093065e-001 -2.242547e+000 -2.985523e-001 1.023247e+000 -5.867977e-001 -4.228365e-001 -6.087578e-001 
9.691146e+000 1.297827e+001 1.072991e+000 2.717738e+000 -2.513033e-001 1.066327e-001 -1.952677e+000 -8.095126e-001 1.027025e+000 -9.362666e-001 -1.606840e-001 1.102984e-001 
9.007281e+000 1.379623e+001 2.910438e-001 3.431814e+000 -5.047463e-001 5.211255e-001 -2.530457e+000 -7.168103e-001 1.015205e+000 -9.609992e-001 -1.762033e-001 3.267402e-001 
1.088470e+001 1.189653e+001 1.432168e+000 2.508710e+000 3.573212e-001 -1.051116e-001 -2.419606e+000 -9.282083e-001 1.033298e+000 -8.787319e-001 -6.002643e-002 5.422664e-001 
1.006521e+001 1.287256e+001 6.750519e-001 2.934493e+000 2.356548e-001 1.107522e-001 -2.736176e+000 -9.268150e-001 9.115508e-001 -7.797370e-001 6.104155e-002 6.369553e-001 
9.872133e+000 1.348761e+001 -1.324145e-001 3.639360e+000 -4.796670e-001 5.039140e-001 -3.263401e+000 -5.718544e-001 8.115730e-001 -6.157789e-001 -8.045599e-003 6.057382e-001 
1.149306e+001 1.160314e+001 1.266925e+000 2.536557e+000 5.184899e-001 -5.242158e-001 -2.633017e+000 -9.643129e-001 1.017745e+000 -5.882193e-001 1.245602e-001 5.632436e-001 
1.114387e+001 1.213937e+001 7.665613e-001 2.845570e+000 2.696317e-001 -5.316716e-001 -2.609301e+000 -9.923768e-001 1.016784e+000 -5.454840e-001 2.390436e-001 6.427768e-001 
1.046643e+001 1.293635e+001 1.664670e-002 3.684630e+000 -3.080259e-001 -4.489043e-001 -2.979848e+000 -6.325915e-001 9.474892e-001 -2.394371e-001 8.041891e-002 6.149696e-001 
1.109805e+001 1.233764e+001 4.726395e-001 3.042175e+000 1.547869e-001 -8.462092e-001 -2.717597e+000 -7.553752e-001 1.214329e+000 -4.460974e-001 2.378654e-001 6.002240e-001 
