3.343619e+000 1.254574e+001 -1.241885e+001 3.997168e+000 -6.861196e+000 -1.771871e+000 -3.309273e+000 -6.461102e-001 -1.431691e-001 -4.444945e+000 -5.947647e+000 -4.628244e+000 6.773264e-001 -3.029987e+000 4.200001e-001 -4.075654e-001 1.040596e+000 -5.857091e-001 1.415863e+000 3.206063e+000 2.939636e+000 2.736919e+000 -1.115705e+000 1.932248e+000 5.009660e-001 1.183012e+000 5.876394e-001 3.976631e-001 -2.623274e-001 -1.107808e+000 1.713663e+000 1.412982e+000 1.706233e+000 1.239398e-001 1.508408e+000 -9.641622e-001 
2.205412e+000 1.169229e+001 -1.107951e+001 4.714742e+000 -5.212614e+000 -1.644079e+000 -1.395803e+000 -9.728209e-001 -7.391970e-001 -2.789125e+000 -4.808035e+000 -3.246076e+000 1.090349e+000 -1.597756e+000 1.032555e+000 3.424608e-002 1.048385e+000 5.961738e-001 1.935572e+000 2.206673e+000 2.149663e+000 3.018804e+000 -1.085600e+000 4.862566e-001 6.593463e-001 -2.098449e-001 -1.402615e+000 -4.510296e-001 -7.947819e-001 -1.580434e+000 9.225615e-001 1.161481e+000 7.699257e-001 -1.982611e-001 9.900165e-001 -1.684796e+000 
1.460509e+000 1.195815e+001 -1.158558e+001 4.450075e+000 -6.408920e+000 -9.780623e-001 -2.266402e+000 -1.963352e+000 -5.477180e-001 -3.022922e+000 -4.020066e+000 -4.664464e+000 7.477011e-001 -2.245152e+000 5.591920e-001 4.819133e-001 1.297940e+000 1.402468e+000 1.477258e+000 2.254046e+000 1.971600e+000 2.536104e+000 -2.509028e-001 1.418031e+000 1.379624e+000 2.696211e-001 -6.857625e-001 2.591323e-001 -1.167360e-001 -9.739697e-001 1.527055e+000 1.534946e+000 1.181780e+000 5.246511e-001 6.048505e-001 -1.587400e+000 
5.009614e-003 1.290858e+001 -1.273982e+001 4.684943e+000 -5.749401e+000 -1.884667e-001 -1.186773e+000 -2.338858e+000 1.198565e+000 -3.139614e+000 -2.602132e+000 -3.965529e+000 8.128387e-001 -1.054214e+000 4.275422e-001 8.156610e-001 1.081473e+000 2.033940e+000 1.015565e+000 2.572797e+000 1.579880e+000 1.619930e+000 -2.061034e-001 1.406390e-001 1.048865e+000 -1.115884e+000 -4.276914e-001 -4.439634e-001 -6.812043e-001 -1.236783e+000 1.112311e-001 1.113984e+000 3.569673e-001 6.566286e-001 3.210640e-001 -1.188922e+000 
2.516303e-001 1.306073e+001 -1.291742e+001 4.125090e+000 -6.253838e+000 -1.908396e+000 -7.651600e-001 -1.511829e+000 6.246085e-001 -2.481945e+000 -2.699280e+000 -4.533416e+000 1.005410e+000 -1.091492e+000 6.755400e-001 8.227834e-001 1.120253e+000 1.625078e+000 1.440911e+000 2.324388e+000 1.821800e+000 1.864755e+000 -2.242765e-001 7.889212e-001 7.066132e-001 1.568988e-001 -5.478381e-001 -9.833722e-001 -3.633746e-001 -1.378961e+000 4.642067e-001 1.316632e+000 5.725140e-001 3.170651e-001 -6.638875e-002 -7.707040e-001 
1.964951e+000 1.177829e+001 -1.202817e+001 2.663915e+000 -5.658633e+000 -1.216014e+000 -8.811094e-001 -9.053613e-001 1.327114e+000 -2.849163e+000 -4.262474e+000 -3.314482e+000 4.355528e-001 -1.406652e+000 2.849024e-001 4.932005e-001 1.083297e+000 1.101837e+000 1.016820e+000 2.731680e+000 2.592977e+000 1.471230e+000 -2.673909e-001 1.062973e+000 8.978518e-001 -5.272521e-002 3.268611e-001 -2.660809e-001 -7.744638e-001 -1.209239e+000 5.512139e-001 1.550160e+000 4.574958e-001 3.574435e-001 7.775033e-001 -1.135103e-001 
3.784972e+000 1.158051e+001 -1.262699e+001 2.141288e+000 -6.797821e+000 -3.015346e-001 -1.006386e+000 -1.014965e+000 7.589365e-001 -3.534706e+000 -5.080696e+000 -4.882577e+000 5.084610e-001 -8.587543e-001 3.020957e-001 1.373089e-001 6.412854e-001 2.073830e+000 5.721130e-001 2.473586e+000 3.858397e+000 2.020060e+000 -8.521316e-002 1.384077e+000 1.807136e+000 7.313201e-001 1.040299e+000 1.611853e+000 3.515492e-001 -1.345881e+000 6.275860e-001 1.672165e+000 9.080650e-001 1.024911e+000 9.450393e-001 7.788857e-001 
4.567658e+000 1.112697e+001 -1.290528e+001 3.556216e+000 -6.552158e+000 1.332545e+000 -2.510934e-001 -1.135209e+000 -1.446333e+000 -3.107984e+000 -5.964039e+000 -4.996907e+000 -1.488019e+000 3.456296e-001 1.149532e+000 -1.283874e+000 -9.650837e-001 -8.851358e-003 2.238088e+000 3.172541e-001 3.655846e+000 8.636495e-001 4.697413e-001 4.413158e-001 -2.403969e-002 4.474341e-001 -2.731196e-002 2.164687e+000 -1.228503e-001 -1.453985e+000 -8.879490e-001 1.361038e+000 5.093304e-001 1.179848e+000 1.092778e+000 5.490619e-001 
7.118199e+000 9.412963e+000 -1.202772e+001 5.933536e+000 -6.049791e+000 1.864102e+000 -6.323266e-001 -2.908198e-001 3.163812e-001 -3.205951e+000 -7.203439e+000 -6.255539e+000 -1.249878e+000 -1.888008e-001 1.470608e+000 -1.437807e-001 -6.213211e-002 -8.979587e-002 1.504749e+000 8.635904e-001 3.498483e+000 1.134740e+000 4.876428e-002 7.299233e-001 8.349287e-001 3.971611e-001 5.955386e-001 1.813820e+000 -1.649906e-001 -6.608260e-001 -3.948504e-001 1.361430e+000 -5.080162e-002 1.554695e+000 1.390447e+000 1.055640e-002 
8.368857e+000 1.130750e+001 -1.258915e+001 4.589117e+000 -6.732251e+000 -1.298879e-001 -2.606521e+000 -1.450496e+000 9.980913e-001 -3.556500e+000 -6.475201e+000 -5.458293e+000 -4.584238e-001 -1.214737e+000 2.253302e-001 1.317130e-001 1.012630e-001 3.872630e-001 2.237823e-001 6.004555e-001 2.831092e+000 2.544515e+000 4.805614e-001 1.252557e+000 1.817083e+000 1.377575e-001 1.057938e+000 1.923983e+000 2.507895e-001 -3.138940e-001 5.864324e-001 1.223244e+000 -3.577048e-001 8.257416e-001 1.987937e+000 2.718448e-001 
1.088085e+001 1.111031e+001 -1.219399e+001 5.453666e+000 -6.636573e+000 -1.091871e+000 -1.539342e+000 -5.301463e-001 1.904554e+000 -2.054619e+000 -6.599059e+000 -5.534603e+000 3.290582e-002 -1.592355e+000 -1.656587e-001 -7.847961e-002 2.551993e-002 6.034052e-001 -1.080057e+000 -3.832542e-001 2.236064e+000 2.580460e+000 4.441011e-001 6.779833e-001 1.898398e+000 -3.813693e-001 5.025407e-001 1.466403e+000 1.402556e-001 -1.151496e+000 -1.060800e-001 1.363861e+000 -9.656887e-001 6.468731e-001 1.467841e+000 1.199254e+000 
1.194245e+001 1.039798e+001 -1.146542e+001 4.187428e+000 -6.874494e+000 -1.750054e+000 -1.977846e+000 3.650636e-001 1.883098e+000 -1.568625e+000 -7.247113e+000 -5.966832e+000 -1.270245e+000 -1.565277e+000 -3.065071e-001 -4.477580e-001 7.091544e-001 4.562074e-001 -1.240226e+000 -1.109355e+000 2.655965e+000 2.522618e+000 6.811156e-001 6.915002e-001 1.195508e+000 -6.292509e-001 2.408337e-001 1.724639e+000 -4.724666e-003 -7.740649e-001 -1.515607e-001 1.251370e+000 -4.582290e-001 3.172571e-001 1.210015e+000 1.454198e+000 
1.848533e+001 6.850671e+000 -5.794563e+000 -1.036823e+000 -3.358296e+000 -2.963200e+000 4.397230e-002 -5.001593e-002 1.271297e+000 -1.260518e+000 -5.712603e+000 -4.065110e+000 -7.991849e-001 -5.451225e-001 2.309658e-001 5.045505e-001 1.477633e-001 8.234697e-002 -8.599529e-001 7.802995e-002 1.965153e+000 1.291143e+000 5.318472e-002 1.657410e-001 2.491821e-001 -5.035591e-001 -4.638147e-002 7.695396e-001 -2.438702e-001 -6.017487e-001 2.717808e-001 3.292965e-001 -2.890380e-001 -3.810444e-001 2.345430e-001 3.823797e-001 
7.318439e+000 9.905929e+000 -8.629359e+000 6.011191e-001 -4.159608e+000 -2.491365e+000 -1.825903e+000 -8.193988e-001 7.059225e-001 -3.499212e+000 -6.227988e+000 -2.640082e+000 7.114437e-002 -1.515887e+000 -3.964498e-001 6.199102e-001 6.195989e-001 -3.213419e-001 7.922021e-001 2.464704e+000 2.798504e+000 1.172475e+000 -7.247879e-001 4.591998e-001 4.568009e-001 6.854677e-001 2.063447e-001 -3.498395e-001 -9.281209e-001 -1.484728e+000 3.958848e-001 1.261978e+000 4.101564e-001 4.025753e-001 1.092666e+000 -7.411338e-001 
3.638337e+000 1.359524e+001 -1.101208e+001 4.283815e+000 -5.898819e+000 -1.482067e+000 -1.846402e+000 -2.157982e-001 -5.855012e-001 -3.371793e+000 -4.541129e+000 -3.918013e+000 7.289038e-001 -2.830992e+000 -4.873488e-001 -8.950009e-001 1.543791e+000 3.664262e-001 1.937734e+000 1.553749e+000 1.330033e+000 2.896980e+000 -1.093905e+000 1.062643e+000 4.031922e-001 4.724819e-001 -6.682547e-001 4.473625e-002 -2.175844e-001 -1.455319e+000 1.463638e+000 1.143262e+000 1.296325e+000 9.023889e-002 9.874237e-001 -1.316893e+000 
2.073991e+000 1.241618e+001 -1.130864e+001 4.452451e+000 -5.900436e+000 -5.981013e-001 -1.449901e+000 -2.441571e+000 -1.342567e+000 -2.695544e+000 -3.681245e+000 -3.774814e+000 1.069202e+000 -2.361485e+000 1.314820e-001 -2.274374e-001 1.206743e+000 1.299062e+000 9.874038e-001 1.674711e+000 1.701578e+000 1.870329e+000 -6.718671e-001 7.863943e-001 9.207655e-001 8.099588e-002 -9.792191e-001 2.468613e-001 -2.762271e-001 -1.028758e+000 1.370194e+000 1.159378e+000 9.096789e-001 -4.892349e-002 4.779085e-001 -1.509276e+000 
2.684958e+000 1.208565e+001 -1.109830e+001 2.794749e+000 -5.473198e+000 -1.300678e+000 -1.610332e+000 -2.869749e+000 4.114485e-001 -3.008154e+000 -3.299262e+000 -2.646703e+000 7.340125e-001 -4.533782e-001 1.704677e-001 1.051915e+000 1.231649e+000 1.800470e+000 9.183768e-001 1.504342e+000 1.749178e+000 1.352490e+000 -1.294519e-001 6.587756e-001 1.911970e+000 -3.582086e-001 -3.469080e-001 3.885240e-001 -4.908338e-001 -9.504582e-001 4.300911e-001 1.361665e+000 2.033823e-001 3.338227e-001 -1.320440e-002 -1.622529e+000 
1.240588e+000 1.235842e+001 -1.146641e+001 3.897119e+000 -4.995022e+000 -1.585536e+000 -8.544538e-001 -2.441666e+000 2.537277e-001 -2.229819e+000 -3.500544e+000 -3.078317e+000 9.992447e-001 -8.900812e-001 -2.062379e-001 7.602720e-001 5.393586e-001 1.070319e+000 4.119065e-001 1.655564e+000 1.850816e+000 1.125149e+000 2.243768e-002 1.171501e-001 7.214578e-001 -1.023028e-001 -3.877972e-001 -1.413765e-001 -1.160973e-001 -6.983676e-001 8.542051e-001 1.292654e+000 -1.184499e-001 1.249540e-001 -2.282279e-001 -9.126428e-001 
1.766898e+000 1.463645e+001 -1.231087e+001 3.676659e+000 -6.724325e+000 -1.621006e+000 -1.663115e+000 -1.075865e+000 1.041233e+000 -3.620175e+000 -3.709438e+000 -4.219508e+000 1.194449e+000 -1.966158e+000 1.588688e-001 3.635004e-001 5.370556e-001 9.124546e-001 7.282378e-001 2.606738e+000 2.474011e+000 1.965770e+000 -5.572853e-001 1.133766e+000 7.192744e-001 7.960553e-001 9.349550e-001 2.594960e-001 2.173081e-001 -8.277684e-001 1.382404e+000 1.469567e+000 3.037614e-001 -9.985805e-002 6.920711e-001 -6.228901e-001 
3.118513e+000 1.307545e+001 -1.366922e+001 2.690025e+000 -7.721802e+000 1.441612e-002 -8.751406e-001 -9.155264e-001 1.543123e+000 -2.918369e+000 -4.160507e+000 -4.454382e+000 1.238473e+000 -1.288156e+000 5.841160e-001 -9.143450e-001 1.078897e+000 1.326757e+000 8.685015e-001 2.846948e+000 3.242752e+000 2.030478e+000 -6.388687e-001 1.597165e+000 4.883724e-001 3.446957e-001 8.389222e-001 1.053655e+000 1.130862e-001 -1.435866e+000 1.076504e+000 1.129208e+000 7.511053e-001 3.292714e-001 1.080582e+000 2.030248e-001 
5.223422e+000 1.120389e+001 -1.170671e+001 2.208157e+000 -6.805804e+000 5.732301e-001 -4.362070e-002 -5.734509e-001 -5.701509e-001 -2.303364e+000 -5.469959e+000 -5.503803e+000 -1.935455e+000 -2.947554e-001 9.058634e-001 -1.339001e+000 -2.330928e-001 1.056325e+000 1.871623e+000 7.547228e-001 3.303141e+000 1.076171e+000 -1.245209e-001 5.786734e-001 6.292087e-001 4.437763e-001 2.890618e-001 1.969959e+000 2.078495e-001 -1.778584e+000 -7.307620e-001 1.542082e+000 7.492901e-001 9.805471e-001 9.361781e-001 9.145569e-001 
7.725379e+000 1.135351e+001 -1.124879e+001 5.515758e+000 -7.257277e+000 9.738451e-001 -1.779880e+000 -3.349255e-001 2.600543e-001 -2.474396e+000 -6.526099e+000 -5.440688e+000 -8.836657e-001 -3.218638e-002 9.461444e-001 -8.103654e-001 -1.365729e-001 -3.643070e-001 1.826362e+000 6.420750e-001 3.277119e+000 1.376883e+000 -4.750175e-003 5.588266e-001 7.588381e-001 1.802169e-001 6.821013e-001 1.872145e+000 -1.805987e-001 -8.446891e-001 -8.734229e-001 1.228988e+000 8.748143e-002 1.698863e+000 1.303733e+000 -2.528572e-001 
9.921460e+000 9.567407e+000 -1.083053e+001 3.274409e+000 -5.378365e+000 -2.042646e-001 -8.909089e-001 -9.633186e-001 1.240764e+000 -3.553722e+000 -6.483481e+000 -5.284334e+000 -1.342695e+000 -1.327342e+000 -8.909942e-001 -4.466854e-001 1.747642e-001 7.935741e-001 5.511033e-001 9.723058e-001 3.009268e+000 2.484831e+000 4.991636e-002 5.257263e-001 6.169831e-001 -5.488021e-001 4.563829e-001 1.663461e+000 3.508971e-001 -9.643354e-002 7.285177e-001 8.898934e-001 -8.491142e-002 3.980267e-001 1.757813e+000 -2.225019e-001 
1.051973e+001 1.110616e+001 -1.224509e+001 4.521498e+000 -6.743531e+000 -1.286920e+000 -1.126051e+000 -9.155464e-001 1.663039e+000 -2.614286e+000 -6.122843e+000 -5.387682e+000 4.006612e-002 -1.995782e+000 -7.818398e-001 -1.728559e-001 -4.882945e-002 1.352816e+000 -1.147704e+000 -2.065420e-001 2.272673e+000 2.694245e+000 4.680396e-001 4.752590e-001 1.529063e+000 -6.149822e-001 6.507067e-001 1.550340e+000 5.274310e-001 -9.877970e-001 1.223592e-001 1.233011e+000 -8.799245e-001 5.080359e-001 1.227230e+000 9.439336e-001 
1.202947e+001 9.683796e+000 -1.255702e+001 2.835426e+000 -7.792820e+000 -2.393182e+000 -2.385021e+000 -7.731184e-001 1.134143e+000 -2.707711e+000 -7.194701e+000 -5.911280e+000 -8.581352e-001 -1.943125e+000 -6.051873e-001 -6.811903e-001 1.525407e-002 6.698143e-001 -1.757572e+000 -8.378000e-001 2.249216e+000 2.585324e+000 1.092989e+000 6.569763e-001 1.416965e+000 -6.269460e-001 4.280583e-001 1.868755e+000 4.042279e-001 -4.972450e-001 1.565587e-001 1.265840e+000 -6.303443e-001 1.710627e-001 1.101204e+000 1.037212e+000 
