-3.593383e+001 7.249531e+000 4.814187e+000 -1.976879e+000 -5.286837e-001 -2.112712e+000 4.351697e-001 -4.676083e-001 3.983381e-001 -9.040960e-001 -5.495790e-001 3.534153e-001 7.775824e-001 3.171988e-001 -2.636227e-001 -2.036396e-001 1.280788e-001 -7.707339e-002 -6.272486e-002 2.063232e-001 1.900628e-001 -4.709804e-002 -2.621795e-001 2.941820e-001 
-9.697500e+000 1.853411e+001 -4.556647e+000 -1.279102e+000 2.520619e+000 -3.123358e+000 -1.710893e+000 1.122823e+000 -1.283157e-002 -3.986302e+000 1.563906e-001 1.646175e+000 1.515158e+000 -4.976152e-001 3.594900e-002 -1.991593e-001 -1.569606e+000 -2.178061e-001 -1.722156e-001 -2.887602e-001 2.622782e-001 -4.011203e-001 1.025130e-001 4.077948e-001 
-3.976512e-001 1.887198e+001 -6.408596e+000 4.734418e-002 1.896717e+000 -1.804454e+000 -2.671251e+000 2.023812e-001 4.846802e-001 -3.741724e+000 -8.470195e-001 2.198720e+000 2.282601e+000 -4.192966e-001 5.087734e-001 -2.334047e-001 -2.424440e+000 -5.844621e-001 3.119470e-001 -6.232986e-002 3.964170e-001 1.048798e-001 1.321741e-001 7.413846e-001 
2.297834e+000 1.809357e+001 -7.637180e+000 2.169157e+000 6.936474e-001 -1.147555e+000 -2.783197e+000 -2.096921e-001 8.194768e-001 -4.328928e+000 -8.275721e-001 1.826500e+000 3.305398e+000 -5.450903e-001 5.909795e-001 -9.316017e-002 -2.925306e+000 -2.626617e-001 2.428161e-001 -2.208908e-001 -6.243992e-002 1.400824e-001 4.679572e-001 1.170131e+000 
2.887413e+000 1.750117e+001 -6.438587e+000 4.684440e-001 1.853331e+000 -1.114118e+000 -3.154057e+000 -2.501960e-001 1.133484e+000 -4.131730e+000 -1.263237e+000 2.923250e+000 2.340108e+000 -1.482470e-001 6.747400e-001 2.586895e-001 -2.928081e+000 -5.853952e-001 5.648939e-001 -7.529254e-001 1.698835e-001 -1.617499e-001 2.743208e-001 7.827542e-001 
-6.466228e-001 2.011439e+001 -6.635423e+000 1.173728e+000 1.525990e+000 -1.048937e+000 -2.562130e+000 -3.470977e-001 1.071321e+000 -5.264631e+000 -1.174072e-001 2.177382e+000 2.368341e+000 3.152515e-001 3.034666e-001 9.558604e-002 -2.531768e+000 -3.877086e-001 1.529368e-001 -7.598944e-001 9.690424e-002 -1.715976e-001 6.204463e-002 1.311296e+000 
9.469360e-001 1.656125e+001 -4.836957e+000 1.032913e+000 2.282695e+000 -1.320571e+000 -1.760691e+000 2.484156e-001 -5.345471e-001 -4.054486e+000 -1.929830e+000 2.437642e+000 2.281086e+000 -3.022292e-001 5.695947e-001 -5.427966e-001 -2.081455e+000 -2.343015e-001 4.737226e-001 -3.614952e-001 -3.122548e-002 -3.801707e-002 4.952517e-003 1.051669e+000 
-4.148770e+000 1.803391e+001 -3.962209e+000 1.973438e+000 2.293900e+000 -1.058473e+000 -2.307883e+000 -2.830321e-001 3.261476e-001 -4.604313e+000 -1.485122e+000 1.625589e+000 1.872749e+000 -1.109302e+000 1.038711e+000 -4.020268e-001 -2.212939e+000 8.705004e-002 7.599255e-001 1.668329e-001 -5.732422e-001 3.684612e-001 2.011745e-001 1.274354e+000 
-9.553107e+000 1.489802e+001 -1.263119e+000 3.009523e+000 2.775901e+000 -1.402312e-001 -6.908640e-001 -7.464123e-002 -2.055996e-001 -3.415613e+000 -1.827374e+000 1.606495e-001 1.289080e+000 -2.513845e-001 2.711234e-001 -9.872364e-001 -1.657901e+000 -8.652775e-002 4.926573e-001 -5.546872e-002 -5.756511e-001 -6.017812e-002 3.198917e-001 4.525228e-001 
-1.027922e+001 1.505333e+001 -2.588157e+000 3.420988e+000 3.038382e+000 5.493469e-001 -2.394595e-002 3.138168e-001 5.825688e-001 -3.937361e+000 -1.949609e+000 8.743099e-002 1.783394e+000 -3.708062e-001 -2.657714e-001 -1.457002e+000 -1.799153e+000 -6.387324e-001 6.631109e-001 5.721005e-001 -3.000650e-001 2.957735e-001 6.425669e-001 6.153122e-001 
-1.013617e+001 1.379427e+001 -2.006945e+000 3.087526e+000 4.168575e+000 4.217196e-001 -1.194470e+000 9.413133e-002 3.664576e-001 -2.925408e+000 -1.719521e+000 3.339996e-001 8.428704e-001 -3.708566e-001 5.683474e-001 -7.904853e-001 -1.856291e+000 -4.592193e-001 7.730131e-001 1.615601e-001 -6.460892e-001 -1.216604e-002 3.195126e-002 1.654878e-001 
-1.960577e+001 8.846915e+000 -9.104405e-001 5.006425e-001 3.654225e+000 7.123589e-001 -2.586011e-001 1.318160e+000 1.337518e+000 -2.156542e+000 -1.304172e+000 8.581186e-002 6.679482e-002 -7.963062e-001 -6.374976e-001 -6.065469e-001 -9.643129e-001 4.886518e-002 9.198126e-001 2.808979e-001 1.174796e-001 2.384011e-002 4.042179e-002 4.902753e-001 
-2.378325e+001 1.443752e+001 2.211310e+000 -3.349610e+000 6.648807e-001 -2.132956e+000 2.101332e-001 1.753119e-002 -3.137994e-001 -2.112722e+000 -1.450608e-001 1.419979e+000 1.790440e+000 5.320443e-001 -7.337991e-001 -9.510040e-001 -6.609639e-001 8.437862e-002 4.480320e-001 -1.261670e-001 5.210333e-002 -3.809926e-001 -2.412305e-001 3.197988e-001 
-4.824427e+000 1.926643e+001 -5.907797e+000 -1.534283e-001 1.926020e+000 -2.903938e+000 -2.471914e+000 4.623298e-001 4.509910e-001 -4.312460e+000 2.698550e-001 1.897532e+000 1.821803e+000 -2.658871e-001 2.788756e-001 -1.545375e-001 -1.755048e+000 -5.917045e-001 -2.119854e-001 -1.430451e-001 1.996577e-001 1.073775e-001 -7.870875e-002 6.501032e-001 
6.581360e-001 1.831982e+001 -6.335200e+000 -3.088651e-001 2.241085e+000 -1.862912e+000 -2.759117e+000 2.523546e-001 3.627795e-001 -4.085482e+000 -8.586445e-001 2.189714e+000 2.380649e+000 1.529961e-001 1.361690e-001 -1.774939e-001 -2.680324e+000 -5.071204e-001 5.635524e-001 -5.103805e-001 5.629913e-001 -3.592775e-002 3.524954e-001 1.185901e+000 
1.644654e+000 1.846495e+001 -7.742547e+000 2.028670e+000 8.615707e-001 -1.696745e+000 -2.238300e+000 -7.121867e-001 1.314943e+000 -4.820491e+000 -9.945322e-001 2.463655e+000 2.922382e+000 7.018352e-002 2.163094e-001 3.110961e-001 -3.261488e+000 -2.324915e-001 4.747706e-001 -8.018990e-001 6.024258e-001 -5.653459e-001 7.358234e-001 8.709394e-001 
1.034421e+000 1.805696e+001 -6.049159e+000 6.491423e-001 2.075415e+000 -1.462581e+000 -3.184719e+000 -3.282846e-001 9.157468e-001 -4.547804e+000 -7.213525e-001 2.896990e+000 2.085340e+000 3.031840e-001 4.182591e-001 3.460538e-002 -2.449146e+000 -8.486335e-001 4.127069e-001 -7.067216e-001 3.541399e-002 -2.089052e-001 4.102389e-001 9.250293e-001 
-3.108730e-001 1.816375e+001 -5.459056e+000 3.817711e-001 2.489527e+000 -9.024025e-001 -2.650272e+000 -9.694992e-002 3.752865e-001 -4.765823e+000 -1.155789e+000 2.577265e+000 2.127673e+000 1.654938e-001 5.724802e-001 -3.551659e-001 -2.294618e+000 -4.543446e-001 2.512172e-001 -5.723250e-001 -6.663179e-002 -1.840145e-001 2.257749e-001 1.143214e+000 
-1.900165e+000 1.898689e+001 -6.128595e+000 1.837178e+000 1.815681e+000 -9.429369e-001 -1.788668e+000 -1.856840e-001 3.514601e-001 -4.804709e+000 -9.926720e-001 1.381136e+000 2.678678e+000 -7.357606e-001 8.474236e-001 -3.782667e-001 -2.469574e+000 1.272203e-002 1.193788e-001 1.414106e-001 -4.455228e-001 3.962509e-001 -4.089974e-001 1.419321e+000 
-5.109039e+000 1.553422e+001 -2.328924e+000 8.493668e-001 2.820110e+000 -9.409962e-001 -2.017886e+000 1.797117e-001 -3.324310e-001 -3.925379e+000 -1.586345e+000 1.845088e+000 1.574884e+000 -8.860175e-002 6.115753e-001 -9.659462e-001 -2.164833e+000 -3.123191e-001 7.540148e-001 4.643806e-002 -1.670227e-001 1.180900e-001 5.907747e-001 8.490846e-001 
-8.429097e+000 1.633109e+001 -3.150862e+000 2.514365e+000 2.844979e+000 -9.559295e-001 -8.062323e-001 4.327391e-001 6.306914e-001 -4.715786e+000 -1.916341e+000 1.307564e+000 2.028780e+000 -2.999553e-001 -9.420520e-002 -3.762984e-001 -2.029415e+000 -8.915869e-001 1.534019e-001 -4.798265e-002 -1.816235e-001 1.742329e-001 9.752934e-001 7.857807e-001 
-8.286378e+000 1.483352e+001 -2.031784e+000 1.918653e+000 2.849512e+000 -4.095178e-001 -1.227784e+000 7.884897e-001 5.665461e-002 -4.041884e+000 -1.652356e+000 1.594364e+000 1.281171e+000 -7.169126e-001 3.448848e-001 -6.584759e-001 -1.709801e+000 -5.098270e-001 4.808400e-002 -8.060885e-002 -4.101242e-001 -2.920835e-001 3.813180e-001 6.436950e-001 
