-9.115798e-001 1.784069e+001 -3.728394e+000 1.782541e+000 -1.444307e+000 -9.970981e-001 -1.126131e+000 -2.134885e+000 3.070511e+000 -1.509675e+000 -1.327437e+000 8.311399e-001 1.819135e-001 2.784277e-001 -1.184768e+000 -1.339141e+000 -5.645385e-001 -4.370315e-001 2.744697e-001 -6.508923e-001 -8.437416e-001 -5.240287e-001 -6.769042e-001 -1.332716e-001 
-9.652383e-001 1.748116e+001 -3.613560e+000 9.439988e-001 -1.291951e+000 -1.355891e+000 -6.826591e-001 -1.563217e+000 2.217707e+000 -1.050097e+000 -1.020942e+000 1.446270e+000 3.292436e-001 -1.187934e-001 -1.026082e+000 -1.510040e+000 -5.243034e-001 -1.229058e-001 3.501973e-001 -2.689050e-001 -4.800145e-001 -5.752954e-001 -8.718891e-001 1.125229e-001 
-2.582538e+000 1.924853e+001 -4.142955e+000 2.318986e+000 -1.620596e+000 -1.903271e+000 -2.159936e-001 -1.919162e+000 2.575395e+000 -1.724461e+000 -2.616359e-001 7.130078e-001 4.106215e-001 1.089046e-002 -1.621401e+000 -1.048377e+000 -8.216151e-001 1.779106e-001 -2.857410e-001 -5.259189e-001 1.956357e-001 -9.783980e-001 -7.535481e-001 1.936660e-001 
-1.984859e+000 1.710542e+001 -2.773392e+000 1.689037e+000 -1.409953e+000 -1.796193e+000 -1.666212e+000 -1.361163e+000 3.002371e+000 -5.607989e-001 -8.171168e-001 8.379614e-001 5.379486e-001 -5.327192e-001 -1.219639e+000 -3.544981e-001 -2.562035e-001 -3.938602e-001 -4.354806e-001 -3.995326e-001 2.053185e-002 -6.881531e-001 -5.578366e-001 7.199789e-002 
-3.391756e+000 1.832128e+001 -4.336826e+000 1.965199e+000 -1.511887e+000 -1.753285e+000 -5.274046e-001 -2.304855e+000 3.565733e+000 -1.099785e+000 -7.914768e-001 1.019219e+000 5.225300e-001 -2.934056e-001 -1.148677e+000 -1.659620e-001 -4.605455e-001 -1.136332e-001 4.405996e-001 -9.484998e-001 -6.369084e-001 -3.816107e-001 -3.367460e-001 1.427014e-001 
-4.795243e-002 1.622752e+001 -6.559826e+000 4.349533e+000 -1.052830e+000 -2.438473e+000 -8.774080e-001 -2.788339e+000 2.819284e+000 -4.846598e-001 -9.206620e-001 4.135245e-001 -2.662247e-002 -8.882319e-001 -3.697578e-001 5.076976e-001 -9.538819e-001 -7.194989e-001 2.940233e-001 -5.208831e-001 -5.893243e-001 -7.827490e-001 -2.846233e-001 -6.376194e-003 
6.788583e+000 1.284978e+001 -9.490264e+000 4.544743e+000 -6.859174e-001 -2.465352e+000 1.826013e-001 -3.151634e+000 9.032971e-001 -5.586244e-002 -1.755627e+000 4.526973e-001 -4.948195e-001 -1.562719e+000 -8.465319e-001 -3.367842e-001 -6.383325e-001 -8.482095e-001 -1.309228e-001 -2.730445e-001 -5.935733e-001 -3.850031e-001 -3.045940e-001 -3.373904e-001 
8.475810e+000 1.605847e+001 -9.939761e+000 2.981387e+000 1.003765e-001 -1.571725e+000 -1.368292e+000 -3.452130e+000 1.506553e+000 -1.295911e+000 -2.394480e+000 4.162147e-001 -7.338637e-001 -1.394872e+000 -7.899498e-001 -3.949798e-001 -9.766707e-001 -1.029298e+000 6.276261e-003 -6.255498e-001 -6.741259e-001 -3.049603e-001 -5.570138e-001 5.601108e-005 
1.009691e+001 1.793708e+001 -1.160060e+001 3.354232e+000 -1.132175e+000 -1.518600e+000 -1.918749e+000 -3.596063e+000 1.573133e+000 -2.265691e+000 -1.866476e+000 -5.671985e-001 4.858660e-001 -6.328446e-001 -8.691754e-001 -1.352776e-002 -1.573609e+000 -2.654948e-001 -5.236728e-001 -1.268007e+000 -5.059870e-001 -1.404280e+000 8.760876e-002 -1.370195e-001 
1.373912e+001 1.667811e+001 -1.016231e+001 2.222479e+000 -1.550214e+000 -2.012864e+000 -2.944340e+000 -3.031768e+000 1.057744e+000 -2.564808e+000 -1.934886e+000 -3.911867e-001 6.315811e-001 2.582756e-001 -8.283498e-001 -7.154551e-002 -1.123571e+000 -1.098392e-001 -7.333431e-001 -1.300144e+000 -5.518430e-001 -1.448401e+000 -1.973134e-002 -1.313241e-001 
1.558201e+001 1.560117e+001 -1.041273e+001 1.433729e+000 -1.886220e+000 -1.909741e+000 -2.234431e+000 -2.733431e+000 9.063027e-001 -2.296174e+000 -2.107183e+000 2.754576e-002 4.508687e-001 -1.261598e-001 -6.717955e-001 -6.521521e-001 -1.108531e+000 3.841967e-001 -6.338814e-001 -1.339988e+000 -4.891773e-001 -1.460521e+000 -3.309653e-001 -5.945030e-003 
1.563389e+001 1.636470e+001 -1.170115e+001 1.679173e+000 -2.740814e+000 -2.170487e+000 -1.122542e+000 -2.762803e+000 1.254508e+000 -2.612514e+000 -2.473159e+000 4.896327e-001 3.346490e-001 4.305242e-002 -9.756233e-001 -1.160306e+000 -8.808500e-001 9.460034e-002 -3.011178e-001 -1.286971e+000 -7.318651e-001 -1.124798e+000 -5.794780e-001 1.601018e-001 
1.525476e+001 1.765759e+001 -1.283378e+001 1.986957e+000 -2.933624e+000 -2.758663e+000 -2.201720e-001 -3.288252e+000 1.851814e+000 -2.703695e+000 -3.218857e+000 1.584955e+000 -3.427735e-001 2.008582e-001 -1.014757e+000 -1.933835e+000 8.786325e-003 -7.223928e-001 9.705073e-002 -1.093417e+000 -1.310558e+000 -2.530223e-001 -1.348370e+000 6.855476e-001 
1.576025e+001 1.775767e+001 -1.260076e+001 1.323322e+000 -3.170250e+000 -2.393111e+000 -2.981350e-001 -3.430457e+000 2.266477e+000 -2.617887e+000 -3.462915e+000 1.843418e+000 -1.941019e-001 -7.768640e-002 -1.180522e+000 -1.870781e+000 -1.312126e-001 -8.588912e-001 3.119082e-001 -1.115234e+000 -1.424934e+000 -6.851047e-002 -1.260247e+000 5.963511e-001 
1.466464e+001 1.959655e+001 -1.445569e+001 2.483173e+000 -3.884725e+000 -2.620100e+000 5.596104e-001 -3.884057e+000 3.134400e+000 -3.178266e+000 -3.406737e+000 2.169658e+000 -7.283209e-001 4.955643e-001 -1.300126e+000 -2.176817e+000 1.945796e-001 -1.079067e+000 6.064504e-001 -1.180148e+000 -1.622593e+000 2.137752e-001 -1.509974e+000 9.849950e-001 
1.515262e+001 1.905321e+001 -1.423969e+001 2.272416e+000 -4.212074e+000 -2.796395e+000 4.272058e-001 -3.749108e+000 2.768315e+000 -3.291776e+000 -3.457512e+000 2.138470e+000 -5.455253e-001 3.203862e-001 -1.195566e+000 -2.092033e+000 1.617588e-001 -1.058208e+000 5.948403e-001 -1.224329e+000 -1.713462e+000 8.544110e-002 -1.428526e+000 8.957003e-001 
1.829484e+001 1.516204e+001 -1.120690e+001 5.980074e-001 -3.608931e+000 -2.239343e+000 -3.145436e-001 -2.777450e+000 1.980583e+000 -2.996659e+000 -3.421890e+000 2.096692e+000 -1.399996e-001 -1.847437e-001 -1.062520e+000 -1.798731e+000 -1.669606e-001 -7.316120e-001 1.786911e-001 -9.783134e-001 -1.436859e+000 -2.957271e-001 -1.059355e+000 5.895829e-001 
1.637669e+001 1.733163e+001 -1.319786e+001 2.056784e+000 -4.456901e+000 -2.393389e+000 2.021813e-001 -3.634228e+000 2.323805e+000 -3.536869e+000 -3.395007e+000 2.277345e+000 -6.119112e-001 1.160959e-001 -1.186714e+000 -1.877169e+000 2.102926e-001 -1.179674e+000 3.468259e-001 -9.987001e-001 -1.582585e+000 -6.389267e-002 -1.376290e+000 7.106076e-001 
1.707908e+001 1.565422e+001 -1.136497e+001 1.474133e+000 -3.819628e+000 -2.358018e+000 -1.424495e-001 -3.082431e+000 1.750566e+000 -3.216531e+000 -3.015441e+000 2.242063e+000 -6.475023e-001 2.773798e-002 -9.336683e-001 -1.964233e+000 2.147538e-001 -8.194034e-001 -2.340388e-001 -8.033943e-001 -1.103439e+000 -3.946997e-001 -1.294083e+000 6.599819e-001 
1.497740e+001 1.802252e+001 -1.338819e+001 3.692020e+000 -4.274626e+000 -2.154319e+000 -1.770256e-001 -3.489274e+000 2.354630e+000 -3.635746e+000 -1.926031e+000 1.616084e+000 -6.565368e-001 -1.905455e-001 -1.204449e+000 -1.335298e+000 -2.780703e-001 -6.091875e-001 -3.254509e-001 -9.173871e-001 -4.732428e-001 -8.737835e-001 -9.881905e-001 5.418599e-001 
1.522875e+001 1.708409e+001 -1.283296e+001 3.708332e+000 -4.696685e+000 -1.295432e+000 -1.159635e+000 -3.005279e+000 2.292009e+000 -3.745056e+000 -9.441005e-001 7.471295e-001 -2.027705e-001 -6.081307e-001 -1.677900e+000 -1.037754e+000 -1.206560e+000 -1.862074e-002 -6.138276e-001 -8.203511e-001 5.385948e-002 -1.572347e+000 -4.187237e-002 -5.374602e-002 
1.476814e+001 1.815997e+001 -1.298225e+001 4.492300e+000 -4.740128e+000 -1.305623e+000 -1.095785e+000 -3.024694e+000 2.433936e+000 -4.144895e+000 -4.173686e-001 2.771583e-001 3.246410e-001 -3.414961e-001 -2.148122e+000 -7.455447e-001 -1.381297e+000 3.814965e-001 -7.156202e-001 -9.463945e-001 2.992623e-001 -1.935622e+000 8.713666e-002 -3.320037e-001 
1.541289e+001 1.660914e+001 -1.089396e+001 3.234401e+000 -3.744419e+000 -1.404579e+000 -1.561345e+000 -2.553010e+000 1.532201e+000 -3.377121e+000 -1.003118e+000 3.097743e-001 5.393733e-001 -5.247962e-001 -2.126460e+000 -4.320229e-001 -1.401898e+000 1.382535e-001 -5.525312e-001 -8.786053e-001 4.203536e-002 -1.838395e+000 1.985211e-002 -4.315494e-001 
1.615596e+001 1.451341e+001 -7.713692e+000 2.085264e+000 -2.134140e+000 -1.701068e+000 -1.439799e+000 -2.028517e+000 9.663339e-001 -2.090346e+000 -1.156401e+000 3.455760e-001 7.274987e-001 -2.760132e-001 -1.641459e+000 -1.445845e-001 -7.665839e-001 -2.783570e-001 -4.106591e-001 -5.987187e-001 -1.851170e-001 -1.355090e+000 -2.753657e-001 -2.470540e-001 
8.919986e+000 1.254221e+001 -3.016515e+000 1.029687e+000 -8.013655e-001 -6.475340e-001 -4.732355e-001 -1.617425e+000 1.100744e+000 -8.777256e-001 -8.806736e-001 1.293862e+000 1.951764e-002 -1.495389e-001 -1.689616e-003 -2.577725e-001 -3.658961e-001 -6.405905e-001 -3.171976e-001 -1.463650e-001 -2.654334e-001 -4.924663e-001 -3.005854e-001 2.481072e-001 
-1.475491e+000 1.706026e+001 -5.822054e+000 2.997138e+000 -6.078557e-001 -1.438585e+000 5.759809e-001 -1.560190e+000 2.391250e+000 -3.153035e+000 -1.959222e+000 1.859580e+000 4.453065e-001 -5.431645e-001 -5.628045e-001 -1.148440e-001 -5.009727e-001 -7.854248e-001 7.651373e-003 -7.493614e-001 -5.546517e-001 -3.437691e-001 -8.540869e-001 4.124825e-001 
-2.851680e+000 1.816054e+001 -6.934493e+000 3.876855e+000 4.117660e-001 -1.359927e+000 1.036443e+000 -2.817015e+000 3.059802e+000 -3.845536e+000 -1.603366e+000 1.532502e+000 1.920361e-002 4.673692e-001 -6.753865e-001 1.190793e-001 -2.862186e-001 -8.676111e-001 -1.732700e-001 -6.335381e-001 -4.278558e-001 -6.647657e-001 -5.497058e-001 3.082903e-001 
-2.253788e+000 1.695298e+001 -5.962091e+000 3.393104e+000 7.287347e-001 -1.609369e-001 3.164247e-001 -2.517839e+000 3.230897e+000 -2.496225e+000 -1.945181e+000 5.168728e-001 -3.466775e-001 5.548059e-001 -1.524816e-001 -8.057403e-001 -2.628953e-001 -9.067922e-001 -5.059687e-001 -5.653139e-001 -3.721504e-001 -3.455468e-001 -5.611680e-001 1.135916e-001 
-3.168353e+000 1.674008e+001 -4.927609e+000 2.535748e+000 -9.882837e-001 -4.212899e-001 8.344509e-001 -1.799007e+000 2.932536e+000 -2.167979e+000 -1.198899e+000 1.811519e-001 -3.046123e-001 4.455427e-001 1.377899e-002 6.848144e-002 -6.136365e-001 -6.745593e-001 -1.085768e-001 -3.844497e-001 -3.993673e-001 -8.828392e-001 -7.018721e-001 5.208833e-001 
-2.199893e+000 1.726519e+001 -6.106788e+000 2.178037e+000 -1.714601e+000 -7.407531e-001 -1.779921e-001 -1.735996e+000 3.180913e+000 -2.164976e+000 -8.760208e-001 -4.190460e-001 6.443053e-001 -2.383246e-002 1.286339e-001 -1.164711e-001 -5.943703e-001 -5.012790e-001 -8.334698e-001 6.704697e-002 -4.234368e-001 -1.011621e+000 -6.486057e-001 4.760427e-001 
4.273264e+000 1.483329e+001 -9.454507e+000 5.124081e+000 -2.336055e+000 -5.118815e-001 2.228681e-001 -2.332933e+000 1.535523e+000 -1.674919e+000 -1.082875e+000 -3.966153e-001 8.973068e-001 -1.054021e+000 3.140561e-001 2.340065e-001 -1.004204e+000 -5.766770e-001 -5.564344e-001 -6.816671e-002 -1.154229e+000 -5.565664e-001 -7.698061e-001 -1.088642e-001 
6.058094e+000 1.556363e+001 -1.289250e+001 4.898060e+000 -1.273412e+000 -1.763274e+000 4.205821e-001 -3.631795e+000 1.715116e+000 -2.294989e+000 -1.799315e+000 -3.386815e-001 1.374142e-001 -1.112751e+000 -1.063657e-001 1.843569e-001 -4.605076e-001 -8.614434e-001 -4.731359e-001 -5.302726e-001 -1.182077e+000 -5.367260e-001 -8.400073e-001 -6.418492e-002 
7.226212e+000 1.740771e+001 -1.259687e+001 3.715133e+000 -4.128024e-001 -6.051663e-001 -5.521537e-001 -3.759231e+000 2.791666e+000 -2.731380e+000 -2.363419e+000 -6.549441e-001 -2.711591e-001 -6.776232e-001 -8.627968e-001 5.972357e-002 -1.631924e+000 -4.031501e-001 2.688097e-002 -9.495790e-001 -4.914341e-001 -1.019026e+000 7.783009e-002 -4.065458e-002 
1.267207e+001 1.490068e+001 -9.271035e+000 1.580897e+000 -5.148414e-001 -2.403855e+000 -2.564821e+000 -2.772924e+000 5.876721e-001 -1.658661e+000 -2.189061e+000 -1.422382e-001 8.027137e-001 -1.877135e-001 -8.687667e-001 -6.757837e-001 -1.250971e+000 -9.276394e-002 -3.705425e-001 -1.066193e+000 -6.998566e-001 -1.370432e+000 -3.347258e-001 1.638446e-001 
1.149751e+001 1.915720e+001 -1.363656e+001 3.630795e+000 -2.840793e+000 -2.186413e+000 -2.072459e+000 -4.399656e+000 2.566338e+000 -4.022616e+000 -4.508660e-001 -5.965989e-001 1.120444e+000 4.462860e-001 -1.674054e+000 2.442738e-001 -1.854609e+000 8.828766e-001 -4.023329e-001 -1.494701e+000 1.121303e-001 -2.240457e+000 3.028035e-001 -5.016975e-001 
1.472967e+001 1.594136e+001 -1.168306e+001 1.211873e+000 -2.648837e+000 -2.436821e+000 -2.176541e+000 -2.991157e+000 1.035338e+000 -2.256807e+000 -1.968892e+000 2.264718e-001 9.288315e-001 -2.389999e-001 -1.070562e+000 -7.907533e-001 -1.343657e+000 6.144031e-001 -2.863281e-001 -1.282699e+000 -3.853037e-001 -1.504080e+000 -2.642843e-001 -1.802561e-001 
1.323626e+001 1.901743e+001 -1.434203e+001 2.254401e+000 -3.607066e+000 -2.904633e+000 -8.637408e-001 -4.108487e+000 2.191886e+000 -3.121845e+000 -2.132856e+000 8.172663e-001 1.680932e-001 4.229027e-001 -1.312168e+000 -1.361045e+000 -5.658050e-001 -9.855062e-002 -3.750263e-002 -1.100848e+000 -7.434995e-001 -9.797491e-001 -8.425450e-001 2.964888e-001 
1.654984e+001 1.527553e+001 -1.189010e+001 6.146170e-001 -3.549936e+000 -2.543397e+000 -1.458066e+000 -2.945323e+000 1.694181e+000 -2.505289e+000 -2.555345e+000 1.328224e+000 3.636116e-001 2.516074e-001 -9.373481e-001 -1.487029e+000 -3.210877e-001 -1.522289e-001 8.079537e-002 -9.512729e-001 -1.060144e+000 -6.075346e-001 -8.950712e-001 4.122303e-001 
1.878676e+001 1.294893e+001 -9.766602e+000 -6.394372e-001 -3.591556e+000 -2.023470e+000 -1.811627e+000 -2.027601e+000 1.694001e+000 -2.772245e+000 -2.796018e+000 1.297294e+000 9.471214e-001 -3.306648e-001 -9.390920e-001 -8.729938e-001 -6.652995e-001 -6.046065e-002 1.681508e-001 -1.047384e+000 -1.166504e+000 -6.328098e-001 -5.331309e-001 2.039416e-001 
1.532317e+001 1.715408e+001 -1.442641e+001 2.093469e+000 -6.160902e+000 -1.420931e+000 -1.486102e+000 -2.981607e+000 2.612355e+000 -3.842483e+000 -2.238970e+000 7.733672e-001 9.890796e-001 -4.852871e-001 -8.607344e-001 -1.400628e+000 -5.083385e-001 -1.329705e-001 -8.591082e-002 -7.901168e-001 -1.523290e+000 -2.955909e-001 -9.489941e-001 6.103095e-001 
1.877262e+001 1.293022e+001 -1.072144e+001 -8.536795e-001 -3.755729e+000 -2.724685e+000 -1.049860e+000 -2.545511e+000 1.756383e+000 -2.757992e+000 -3.265095e+000 1.820402e+000 1.165954e-001 -5.846460e-003 -9.441117e-001 -1.786706e+000 -1.533246e-001 -4.083468e-001 1.067363e-001 -9.972496e-001 -1.330854e+000 -3.898709e-001 -9.295724e-001 6.087399e-001 
1.751096e+001 1.479087e+001 -1.219259e+001 7.089704e-001 -4.533198e+000 -2.364396e+000 -5.765312e-001 -3.205133e+000 2.277076e+000 -3.002613e+000 -3.211939e+000 2.257071e+000 -1.682525e-001 1.661293e-001 -9.299410e-001 -1.701836e+000 2.105700e-002 -7.116423e-001 3.780905e-001 -9.333523e-001 -1.471781e+000 -1.587400e-001 -1.083610e+000 5.972498e-001 
1.387183e+001 1.894662e+001 -1.535097e+001 2.964272e+000 -5.068739e+000 -3.289455e+000 6.371361e-001 -4.457972e+000 3.048911e+000 -3.454713e+000 -2.900212e+000 2.361831e+000 -7.149456e-001 4.433006e-001 -1.204347e+000 -1.992383e+000 4.455917e-001 -1.274154e+000 5.362083e-001 -8.776314e-001 -1.496928e+000 1.027892e-001 -1.478137e+000 8.614054e-001 
1.667149e+001 1.519972e+001 -1.217624e+001 1.876870e+000 -4.863695e+000 -2.417282e+000 -1.235112e+000 -3.132941e+000 1.902382e+000 -3.190907e+000 -2.018028e+000 1.362232e+000 1.092866e-002 -4.926676e-002 -1.175322e+000 -1.070842e+000 -5.308495e-001 -7.337842e-002 -4.639318e-001 -7.473336e-001 -3.454291e-001 -1.329696e+000 -5.000173e-001 3.416618e-001 
1.753308e+001 1.414283e+001 -1.094233e+001 1.868414e+000 -4.262824e+000 -1.962698e+000 -1.792330e+000 -2.396046e+000 1.470888e+000 -3.534643e+000 -1.408701e+000 1.105377e+000 -1.118991e-001 -4.665466e-001 -1.014335e+000 -6.340344e-001 -1.133466e+000 1.130205e-001 -5.886919e-001 -8.165330e-001 -1.377948e-001 -1.734084e+000 -2.628364e-001 1.895545e-001 
1.529461e+001 1.685983e+001 -1.288735e+001 4.012069e+000 -4.234298e+000 -1.575104e+000 -1.460201e+000 -3.238970e+000 2.088420e+000 -3.892346e+000 -1.253491e+000 5.568106e-001 -2.337505e-002 -1.274052e-001 -1.323469e+000 -5.899589e-001 -9.868940e-001 1.012135e-001 -6.711742e-001 -9.595111e-001 -1.359917e-001 -1.797768e+000 -1.389470e-001 -1.079373e-001 
1.528278e+001 1.577931e+001 -1.130577e+001 3.643998e+000 -3.322749e+000 -1.411718e+000 -1.450685e+000 -2.593599e+000 8.712713e-001 -4.062462e+000 -1.024701e+000 6.159012e-001 1.953616e-001 -6.849012e-002 -1.387226e+000 -4.659317e-001 -1.121857e+000 5.626637e-002 -6.551855e-001 -7.765845e-001 -1.104535e-001 -2.050943e+000 -2.419278e-001 -1.625851e-001 
1.475595e+001 1.472805e+001 -1.061790e+001 3.496561e+000 -2.607691e+000 -1.713284e+000 -1.869167e+000 -2.578014e+000 6.299760e-001 -3.984138e+000 -1.295793e+000 6.834454e-001 5.179958e-001 -6.061454e-001 -1.596906e+000 5.366541e-002 -1.321872e+000 -3.358484e-001 -3.337041e-001 -7.582247e-001 -4.074114e-001 -1.849303e+000 -1.632780e-001 -5.545140e-001 
