9.422730e+000 1.694866e+001 -7.220559e+000 4.223031e+000 2.942096e-001 6.838089e-001 -3.704501e+000 -3.805550e+000 -8.302602e-001 -5.373606e+000 -2.998929e+000 -6.884094e-001 -4.098191e-001 -1.781039e+000 -7.042746e-002 3.766134e-001 -4.817809e+000 -2.591478e+000 1.261576e+000 -8.093232e-001 -2.703645e+000 -2.521477e+000 -1.049810e+000 -3.502596e-001 -2.437585e-001 -5.528529e-001 -7.348946e-001 -5.999226e-001 -1.445768e-001 5.567075e-001 -6.550276e-002 -1.249686e-001 7.983485e-001 2.247833e-001 1.879182e-001 9.055553e-001 
1.072953e+001 1.879641e+001 -1.217092e+001 5.035148e+000 -1.873694e+000 1.980932e+000 -4.590024e+000 -2.846565e+000 -2.283864e+000 -6.795663e+000 -1.499272e+000 -9.551613e-001 1.584820e-002 -3.692097e+000 2.143162e-001 -3.983270e-001 -4.534269e+000 -1.436121e+000 4.125114e-002 -1.896906e+000 -3.128756e+000 -1.721050e+000 -1.334863e+000 -1.288966e+000 -1.003327e+000 -1.048472e+000 -2.725632e-001 4.407014e-002 -1.736955e-001 3.132629e-002 -3.478302e-001 -2.886093e-001 5.495383e-001 2.465003e-001 2.096961e-001 4.835549e-001 
1.775609e+001 1.668320e+001 -1.079871e+001 3.321799e+000 3.128146e-001 2.518852e+000 -6.322073e+000 -1.139705e+000 -3.246895e+000 -5.797631e+000 -1.061486e+000 -2.135647e-001 -3.307022e-001 -2.514510e+000 1.749093e+000 -5.851120e-001 -2.815475e+000 -5.340582e-001 2.133764e-001 -2.484003e+000 -1.508967e+000 -5.756577e-001 -1.697507e+000 -6.403571e-001 -1.536357e+000 -1.027848e+000 4.013174e-002 3.088331e-002 -4.944123e-001 -1.450558e-001 2.430979e-001 2.761702e-001 9.231394e-001 3.443652e-001 3.115734e-001 1.988057e-001 
1.897656e+001 1.475902e+001 -9.325834e+000 3.359054e+000 6.266586e-001 1.488649e+000 -6.212542e+000 -2.536093e+000 -3.005979e+000 -5.316974e+000 -2.023984e+000 -1.121623e+000 -1.187454e+000 -2.308201e+000 1.380174e+000 -1.151568e-001 -2.881324e+000 -1.679752e+000 -8.012431e-002 -1.806605e+000 -1.235865e+000 4.952499e-002 -2.338012e+000 -1.800515e+000 -1.194970e+000 -9.990357e-001 -2.162570e-001 -4.151354e-002 -9.134164e-001 -3.673432e-001 5.032262e-001 3.640807e-001 2.687311e-001 -9.534994e-002 8.739648e-001 -9.036987e-002 
1.851184e+001 1.579174e+001 -1.041506e+001 4.447809e+000 1.321583e-001 2.282847e+000 -6.532185e+000 -2.719697e+000 -4.274596e+000 -4.443321e+000 -2.191813e+000 -1.959498e+000 -1.206027e+000 -1.956635e+000 1.531843e+000 3.234849e-001 -1.470700e+000 -2.699235e+000 -5.269794e-001 -2.170988e+000 -1.588047e+000 2.390024e-001 -1.519431e+000 -1.656225e+000 -1.377939e+000 -6.485374e-001 -5.810986e-001 -2.852347e-001 -1.198867e+000 -3.394815e-001 2.521564e-001 2.656512e-001 3.794450e-001 -2.821030e-001 8.793401e-001 6.149947e-001 
1.912043e+001 1.476017e+001 -9.193835e+000 4.428464e+000 1.241620e+000 1.962181e+000 -6.019700e+000 -4.169158e+000 -3.435481e+000 -4.218558e+000 -1.841721e+000 -8.912988e-001 -1.749904e+000 -1.339755e+000 8.036203e-001 -4.752071e-001 -1.612686e+000 -2.947752e+000 1.064125e-001 -1.376695e+000 -1.545208e+000 4.586225e-001 -1.767148e+000 -1.996208e+000 -1.525678e+000 -8.599177e-001 -3.064553e-001 -1.451768e-001 -8.836901e-001 -2.707023e-001 2.435834e-001 3.791206e-001 3.889213e-001 -3.341755e-001 6.630430e-001 6.599430e-001 
1.796139e+001 1.539442e+001 -1.027659e+001 5.865156e+000 4.125620e-001 3.108016e+000 -6.923056e+000 -3.169578e+000 -4.300629e+000 -3.727098e+000 -3.044728e+000 -1.296726e+000 -7.996603e-001 -1.397508e+000 1.346740e+000 -1.440582e+000 -2.117045e+000 -2.534194e+000 5.576711e-001 -1.502943e+000 -1.493265e+000 -3.785886e-001 -1.546415e+000 -1.750574e+000 -1.512236e+000 -1.211714e+000 -8.029508e-001 -1.323072e-001 -7.833282e-001 4.391920e-001 2.467800e-001 4.330007e-001 1.284693e-001 -6.626209e-001 3.886253e-001 6.613992e-001 
1.722795e+001 1.619154e+001 -1.010427e+001 5.806284e+000 7.193112e-001 3.259906e+000 -6.804708e+000 -2.534850e+000 -3.856853e+000 -4.071696e+000 -2.392500e+000 -1.506090e+000 -8.579512e-001 -1.355335e+000 1.501606e+000 -1.729982e+000 -1.907770e+000 -2.154255e+000 6.347027e-001 -1.273411e+000 -1.805526e+000 -3.019640e-001 -1.946063e+000 -1.878094e+000 -1.153044e+000 -1.285919e+000 -6.328242e-001 2.964319e-001 -4.528735e-001 6.462820e-001 2.673076e-001 8.892287e-002 6.019906e-002 -3.185937e-001 1.758400e-001 9.218773e-001 
1.648724e+001 1.626141e+001 -8.909972e+000 5.526371e+000 1.285230e+000 2.581354e+000 -6.074210e+000 -2.982166e+000 -2.643936e+000 -4.297916e+000 -2.324165e+000 -1.703614e+000 -1.535285e+000 -1.020180e+000 9.588632e-001 -1.019289e+000 -2.024603e+000 -1.883429e+000 8.507510e-001 -9.433999e-001 -2.206873e+000 -1.251954e+000 -2.321385e+000 -2.022551e+000 -3.125649e-001 -6.936585e-001 -5.387415e-001 4.926700e-001 -6.111965e-001 3.686848e-001 4.530840e-001 -9.545760e-003 2.496180e-001 -1.374128e-001 1.769296e-001 7.697591e-001 
1.488038e+001 1.646280e+001 -8.421851e+000 5.224607e+000 1.114932e+000 2.590233e+000 -7.842451e+000 -2.808020e+000 -2.111262e+000 -4.491325e+000 -1.265166e+000 -2.070220e+000 -1.837532e+000 -1.053327e+000 1.190181e+000 -6.134910e-001 -3.011082e+000 -2.048265e+000 5.366133e-001 -1.337799e+000 -1.687485e+000 -9.095102e-001 -1.709478e+000 -1.641320e+000 -5.614796e-001 -1.278109e+000 -1.192258e+000 -1.160282e-001 -6.424212e-001 4.659882e-001 7.234317e-001 3.944453e-001 -3.031844e-002 -5.843493e-002 1.904805e-001 6.349878e-001 
1.403130e+001 1.648221e+001 -8.878387e+000 5.221267e+000 4.608947e-001 2.633929e+000 -7.404441e+000 -2.904605e+000 -2.268027e+000 -5.976840e+000 -1.975713e+000 -1.843462e+000 -2.305661e+000 -8.313973e-001 1.656845e+000 2.010035e-001 -3.144137e+000 -2.288307e+000 3.556414e-001 -2.122164e+000 -1.981916e+000 -2.279133e+000 -1.740204e+000 -1.171780e+000 -3.215631e-001 -8.057934e-001 -9.563554e-001 -3.902845e-001 -9.305377e-001 4.412609e-001 -2.512894e-001 -9.307902e-002 5.138305e-002 6.241528e-001 9.818809e-001 6.708702e-001 
1.385834e+001 1.555590e+001 -5.886419e+000 3.488290e+000 1.689150e+000 1.809202e+000 -6.877054e+000 -3.227007e+000 -2.101231e+000 -5.969101e+000 -1.458010e+000 -1.564438e+000 -2.128933e+000 -1.126470e+000 1.971081e+000 -5.353851e-001 -4.772808e+000 -2.694432e+000 2.740267e-001 -3.956360e-001 -1.512294e+000 -7.786863e-001 -2.008346e+000 -1.747076e+000 -8.478919e-001 -1.303077e+000 -7.421850e-001 -9.701800e-001 -3.105074e-001 4.116453e-001 3.116547e-001 3.163096e-001 -2.459983e-002 3.540934e-001 2.821120e-001 -4.780586e-002 
1.027542e+001 1.674973e+001 -4.102044e+000 4.287163e+000 4.003133e-001 2.046904e+000 -4.305335e+000 -2.000421e+000 -1.307473e+000 -5.188092e+000 -1.143953e+000 -1.155064e+000 -2.082695e+000 -1.307931e+000 1.806699e+000 -8.852673e-001 -3.439653e+000 -1.244065e+000 1.125063e+000 -1.609131e-001 -2.283556e+000 -6.783166e-001 -1.197836e+000 -1.095645e+000 -8.025089e-001 -1.445745e+000 -2.754849e-001 -9.299554e-001 -1.301476e-001 3.610495e-001 -2.657704e-001 5.567314e-001 -1.698449e-001 8.831477e-001 -4.240670e-002 -1.378279e-001 
1.636804e+001 1.028664e+001 -7.052678e-001 3.255248e+000 3.614190e+000 4.525083e-001 -1.236110e+000 -9.935366e-001 -9.227036e-001 -1.841596e+000 -6.545025e-001 8.243452e-001 -4.284816e-001 -6.208828e-001 1.249515e+000 1.269879e-001 -2.087832e+000 -6.021813e-001 1.668009e+000 4.935104e-001 -1.362597e+000 -9.414951e-001 3.409398e-001 5.260668e-001 -2.901447e-001 -5.367788e-001 2.907285e-002 -1.655434e-001 -4.349043e-001 2.439305e-001 3.945534e-001 1.334793e-001 3.801083e-001 2.408066e-001 3.856557e-002 1.623061e-001 
7.016337e+000 1.943938e+001 -9.353379e+000 6.741987e+000 -1.588664e+000 6.861009e-001 -5.547684e+000 -4.695757e+000 -3.284111e-001 -4.869611e+000 -1.420833e+000 -1.466432e+000 1.842546e-001 -3.347973e+000 3.079220e-001 -8.465254e-001 -4.638234e+000 -3.107433e+000 1.076993e+000 -6.398417e-002 -2.660074e+000 -1.625005e+000 -1.670053e+000 -5.012933e-001 -1.075749e+000 -6.598496e-001 -1.245972e+000 -3.206867e-001 8.040151e-002 6.025568e-001 4.436114e-001 -9.437617e-001 9.379162e-001 4.425518e-003 5.449406e-001 6.766524e-001 
1.439982e+001 1.513121e+001 -7.558095e+000 2.917372e+000 1.442991e+000 7.852966e-001 -4.018182e+000 -2.428906e+000 -2.208973e+000 -4.555919e+000 -1.199535e+000 8.310263e-001 -2.255492e-001 -3.128061e+000 3.909396e-002 -1.143886e-001 -3.852507e+000 -1.261855e+000 7.592662e-001 -1.803536e+000 -2.244953e+000 -1.093361e+000 -8.926742e-001 -6.161690e-001 -1.256487e+000 -9.371631e-001 -1.382541e-001 3.071148e-001 1.348744e-001 2.326988e-001 -4.900510e-002 -1.062240e-001 8.086124e-001 1.182534e-001 4.066897e-001 3.293197e-001 
1.737333e+001 1.688402e+001 -1.076755e+001 4.101434e+000 3.802626e-001 2.943487e+000 -6.572871e+000 -1.326229e+000 -3.765778e+000 -5.847658e+000 -1.233339e+000 -1.948697e-001 -3.482517e-001 -2.842920e+000 1.881812e+000 -6.557413e-001 -2.707273e+000 -7.262582e-001 7.450372e-002 -2.802676e+000 -1.529212e+000 -7.236517e-001 -1.734587e+000 -5.631291e-001 -1.719965e+000 -1.122979e+000 -3.335381e-002 1.101667e-001 -3.868597e-001 -1.684720e-001 -2.358553e-003 -1.896832e-002 7.782209e-001 4.356818e-001 6.386581e-001 4.480704e-001 
1.718537e+001 1.699365e+001 -1.104329e+001 5.962582e+000 -1.046366e+000 2.757599e+000 -7.926163e+000 -2.318693e+000 -3.763650e+000 -4.800098e+000 -1.791811e+000 -8.970438e-001 -1.021639e+000 -3.137130e+000 1.730959e+000 -7.363243e-001 -2.555492e+000 -2.495070e+000 -3.580372e-002 -2.321624e+000 -8.680379e-001 9.497281e-002 -2.134879e+000 -1.759326e+000 -1.720345e+000 -1.320575e+000 -7.864783e-001 2.841750e-001 -8.889090e-001 5.180194e-002 3.639149e-001 5.234583e-001 -1.689934e-001 -6.364627e-002 8.160123e-001 -9.288077e-002 
1.779072e+001 1.730601e+001 -1.120778e+001 6.254073e+000 -2.561029e-001 3.475343e+000 -7.395039e+000 -2.432937e+000 -4.923191e+000 -3.981888e+000 -1.655870e+000 -9.752036e-001 -4.889949e-001 -2.232717e+000 1.164953e+000 -7.961640e-001 -1.760315e+000 -3.288706e+000 2.717803e-002 -1.856344e+000 -7.238800e-001 6.359229e-001 -1.184862e+000 -1.875214e+000 -2.079552e+000 -1.284632e+000 -1.136606e+000 2.336651e-001 -6.773664e-001 7.276968e-001 4.647883e-001 5.178799e-001 -1.983915e-001 -5.762932e-001 5.601638e-001 7.314259e-001 
2.048898e+001 1.448555e+001 -8.265581e+000 3.211533e+000 1.506340e+000 1.747034e+000 -4.911112e+000 -4.186061e+000 -3.250083e+000 -4.629625e+000 -2.225167e+000 -8.350343e-001 -1.379101e+000 -8.729615e-001 6.975619e-001 -6.232889e-001 -1.865090e+000 -2.558327e+000 2.438748e-001 -1.015251e+000 -1.603565e+000 5.105336e-002 -2.092180e+000 -2.013686e+000 -1.307945e+000 -6.278902e-001 -8.509411e-002 -2.810008e-001 -8.441430e-001 -3.640074e-001 3.385303e-001 5.882725e-001 3.909812e-001 -4.953525e-001 5.789568e-001 5.332161e-001 
1.898942e+001 1.521361e+001 -9.661389e+000 4.389608e+000 4.436883e-001 2.289355e+000 -6.197492e+000 -2.728100e+000 -3.492199e+000 -3.845505e+000 -2.960461e+000 -1.869764e+000 -1.395807e+000 -1.815245e+000 8.208984e-001 -1.396693e+000 -1.967719e+000 -1.977427e+000 7.812198e-001 -1.269758e+000 -2.081283e+000 -8.905086e-001 -2.190628e+000 -2.074287e+000 -1.386060e+000 -8.364399e-001 -3.693663e-001 3.187368e-002 -8.708786e-001 9.469088e-002 1.804360e-001 2.101810e-001 2.378809e-001 -5.214803e-001 5.014993e-001 6.379109e-001 
1.783909e+001 1.592891e+001 -9.449677e+000 5.043781e+000 1.224237e-001 1.912959e+000 -6.922410e+000 -2.734534e+000 -3.101779e+000 -3.855424e+000 -2.845348e+000 -2.260896e+000 -1.702684e+000 -1.759825e+000 1.443993e+000 -1.504096e+000 -2.248447e+000 -2.208680e+000 2.223123e-001 -1.449385e+000 -2.313950e+000 -9.676440e-001 -2.378392e+000 -1.756783e+000 -8.801330e-001 -8.977111e-001 -3.947586e-001 -1.981549e-001 -9.380715e-001 -2.981180e-002 5.110713e-002 7.543683e-002 3.419323e-001 -4.089515e-002 5.828599e-001 9.911193e-001 
1.518925e+001 1.727666e+001 -1.035681e+001 7.077985e+000 1.740592e-001 3.192901e+000 -7.476680e+000 -2.377580e+000 -2.649421e+000 -3.449347e+000 -2.407836e+000 -1.927062e+000 -1.909614e+000 -1.352528e+000 1.548865e+000 -1.054504e+000 -1.756825e+000 -2.507930e+000 9.506351e-001 -1.405229e+000 -1.703701e+000 -1.026003e+000 -1.782881e+000 -2.315289e+000 -8.111161e-001 -1.116488e+000 -7.410265e-001 6.132838e-001 -5.335625e-001 7.885731e-001 2.788664e-001 -1.108281e-001 -1.193353e-001 9.047383e-003 2.581530e-001 8.981049e-001 
1.620100e+001 1.479412e+001 -6.731543e+000 4.006940e+000 2.277502e+000 1.584192e+000 -6.695710e+000 -3.294293e+000 -1.891038e+000 -4.883783e+000 -1.394059e+000 -1.918448e+000 -1.671644e+000 -4.092223e-001 1.338632e+000 -2.443839e-001 -3.430124e+000 -1.983415e+000 2.577581e-001 -1.073207e+000 -1.495600e+000 -6.234892e-001 -1.581355e+000 -1.573082e+000 -7.277620e-001 -1.449770e+000 -1.084314e+000 -1.577617e-001 -2.398302e-001 6.779169e-001 8.007221e-001 4.489453e-002 -1.429566e-001 -1.082045e-001 3.491717e-001 6.381290e-001 
1.365868e+001 1.755460e+001 -9.653484e+000 5.428354e+000 -3.074178e-001 3.574759e+000 -7.167151e+000 -2.540822e+000 -2.885826e+000 -6.285295e+000 -1.905336e+000 -1.418592e+000 -1.282996e+000 -2.743821e-001 1.787417e+000 -9.228888e-001 -3.740226e+000 -2.804190e+000 8.800132e-001 -1.675235e+000 -1.009273e+000 -1.826553e+000 -1.550628e+000 -1.519461e+000 -7.336279e-001 -9.748858e-001 -1.359266e+000 -3.296892e-001 -7.372094e-001 1.165140e+000 3.189312e-002 4.105250e-001 -1.601049e-001 3.192490e-001 3.777196e-001 2.576519e-001 
1.380050e+001 1.631415e+001 -6.335632e+000 2.972385e+000 1.107645e+000 2.281679e+000 -6.617868e+000 -2.540793e+000 -2.086423e+000 -6.014429e+000 -1.411474e+000 -1.398892e+000 -2.040120e+000 -1.067215e+000 2.096870e+000 -1.630237e-001 -3.950209e+000 -1.994112e+000 8.632237e-001 -9.800947e-001 -2.172588e+000 -8.033016e-001 -1.771695e+000 -1.274709e+000 -4.338932e-001 -1.168640e+000 -7.625689e-001 -9.034626e-001 -4.591174e-001 5.643308e-001 3.415307e-001 1.611599e-001 -8.600312e-003 3.151490e-001 4.112021e-001 1.325397e-001 
