9.873971e+000 8.664240e+000 -1.047513e-001 3.498831e+000 7.826383e-001 -5.465530e-001 -1.370501e+000 -1.669150e+000 -7.482378e-003 8.810452e-001 -3.651008e-001 6.418249e-001 
1.024460e+001 8.946364e+000 1.458753e-001 2.994944e+000 7.165359e-001 -3.627110e-001 -1.158984e+000 -1.138580e+000 -2.437543e-001 6.591545e-001 -2.353680e-001 7.355640e-001 
1.040287e+001 8.540314e+000 2.976377e-002 2.871845e+000 8.686336e-001 -4.958487e-001 -1.468864e+000 -7.351641e-001 -1.136397e-001 7.427929e-001 -4.605547e-001 4.015506e-001 
1.066818e+001 9.397199e+000 -2.077076e-001 2.393120e+000 3.632711e-001 -3.865737e-001 -1.377589e+000 -9.923270e-001 -5.603278e-001 4.378357e-001 -4.744880e-001 5.563783e-001 
1.055008e+001 9.216014e+000 -6.444269e-002 2.538669e+000 3.503619e-001 -5.653613e-001 -2.055553e+000 -1.019357e+000 -1.068223e-001 9.843580e-002 -5.365724e-001 7.261966e-001 
1.298291e+001 7.211754e+000 5.951312e-001 1.137003e+000 4.584301e-001 -7.655879e-001 -1.013851e+000 -4.459514e-001 5.638458e-002 -3.820885e-001 -3.311019e-001 5.685961e-001 
1.088821e+001 8.055951e+000 7.689295e-002 2.773471e+000 3.895411e-001 -4.890317e-001 -9.698735e-001 -1.166414e+000 1.086988e-001 6.103811e-001 -4.377792e-001 4.959662e-001 
9.900361e+000 8.319831e+000 -1.116831e-001 3.166311e+000 9.298740e-001 -7.963078e-001 -1.515185e+000 -1.189376e+000 -5.567856e-002 8.075579e-001 -3.409307e-001 7.834875e-001 
1.020104e+001 8.473162e+000 -6.166413e-002 2.860354e+000 1.133162e+000 -4.398441e-001 -1.787798e+000 -9.654249e-001 -1.771821e-001 5.263012e-001 -2.960100e-001 7.773420e-001 
1.032716e+001 8.745530e+000 -5.331629e-001 2.909762e+000 8.754257e-001 -5.958062e-001 -1.847825e+000 -6.560267e-001 -1.536794e-001 5.468728e-001 -7.225100e-001 6.929906e-001 
9.972478e+000 9.400632e+000 -7.056080e-001 2.995451e+000 4.480100e-001 -5.494735e-001 -1.978009e+000 -8.310519e-001 -6.040790e-002 5.658660e-001 -3.293168e-001 8.535678e-001 
