9.215788e-001 1.748088e+001 -1.913878e+000 2.205112e+000 8.273592e-001 1.193455e+000 -2.047912e+000 -1.542137e+000 1.400489e+000 -9.398461e-001 -1.709953e+000 -3.944441e-001 1.856268e+000 2.547871e-001 -5.569153e-001 1.939011e+000 -2.213051e-001 -2.352924e+000 2.792788e-001 1.604869e-001 -4.011051e-001 1.076989e-001 -5.808625e-001 -3.069304e-001 
-2.623495e-001 1.734262e+001 -4.019341e+000 2.390106e+000 1.370120e+000 1.463427e+000 -1.197955e+000 -2.329162e+000 1.769047e+000 -8.757618e-001 -1.138453e+000 -1.366814e+000 1.171989e+000 2.997347e-002 -8.487931e-001 2.373014e+000 -1.114998e+000 -1.863357e+000 1.310343e+000 4.641328e-001 1.090501e-001 -2.571074e-001 -2.385207e-001 -2.425792e-001 
-2.078154e+000 1.969890e+001 -4.902557e+000 3.252015e+000 1.291419e+000 2.985051e-001 -2.382027e-001 -3.684392e+000 2.863118e+000 -1.567369e+000 -1.694877e-001 -1.813360e+000 4.978389e-001 1.071867e-001 -8.833051e-001 3.539620e+000 -1.421337e+000 -1.695523e+000 1.345674e+000 -2.333034e-001 -1.441320e-001 -3.637152e-001 5.385358e-001 -3.531965e-001 
-9.016366e-001 1.733257e+001 -2.953705e+000 2.980577e+000 1.717805e+000 1.804408e+000 -9.880764e-001 -1.756164e+000 2.066331e+000 -1.156602e+000 -1.447291e+000 -1.175827e+000 1.089719e+000 -2.115591e-001 -7.548202e-001 2.525229e+000 -1.042050e+000 -1.836776e+000 9.897366e-001 -2.271598e-001 -5.185895e-001 2.204929e-001 5.078067e-001 -4.092059e-001 
-9.441793e-001 1.887925e+001 -3.792342e+000 3.510734e+000 1.301971e+000 1.731411e+000 -1.266919e+000 -2.719280e+000 2.624244e+000 -1.653588e+000 6.473218e-002 -1.198955e+000 8.468215e-001 4.285918e-001 -1.026602e+000 2.643952e+000 -1.272984e+000 -1.899548e+000 2.980886e-001 5.745397e-002 8.746290e-003 -7.271258e-001 4.221159e-001 -2.451986e-001 
-3.703697e-001 1.797301e+001 -2.551029e+000 2.327178e+000 1.131622e+000 1.093311e+000 -1.320574e+000 -2.113925e+000 2.046432e+000 -3.820024e-001 -9.043466e-001 -9.770243e-001 9.136952e-001 3.047056e-001 -5.940396e-001 1.847444e+000 -1.096171e+000 -2.322487e+000 7.709486e-001 2.357400e-001 -3.092537e-001 3.486856e-002 1.466789e-001 -2.146583e-002 
-2.990374e+000 1.976039e+001 -2.807163e+000 2.545069e+000 3.666484e-001 2.899519e-001 -7.124133e-001 -3.632604e+000 2.003509e+000 -1.355584e+000 -9.217381e-001 -8.845138e-001 1.963942e+000 3.497051e-001 -8.801239e-001 3.057580e+000 -1.086451e+000 -2.256631e+000 4.706828e-001 -3.453935e-001 -2.312100e-001 -6.462930e-002 2.203466e-001 -5.078441e-001 
-3.094333e+000 1.845124e+001 -4.039669e+000 2.088860e+000 1.481037e+000 7.846360e-001 -1.458943e+000 -2.056610e+000 2.092156e+000 -9.898044e-001 -1.063494e+000 -1.433471e+000 1.515363e+000 -4.776305e-001 -8.990447e-001 2.011414e+000 -4.492427e-001 -1.941517e+000 4.679942e-001 7.605212e-001 1.731612e-001 2.417139e-001 -8.645903e-002 2.017882e-001 
5.516788e-001 1.774644e+001 -3.167006e+000 2.044979e+000 1.090760e+000 1.177496e+000 -2.711346e+000 -1.764078e+000 1.187445e+000 2.127606e-001 -1.577109e+000 -1.003834e+000 1.767614e+000 -7.516672e-001 -6.402786e-003 1.288089e+000 -9.439160e-002 -2.051125e+000 -5.432221e-002 3.736946e-001 -4.974584e-001 6.140803e-001 -4.997776e-001 -6.947958e-002 
7.717257e+000 1.613504e+001 -3.301070e+000 8.368722e-001 -1.075849e-001 1.896510e+000 -3.856191e+000 -4.663244e-001 2.660212e+000 -1.393094e-001 -3.050693e+000 -7.787926e-001 1.967057e+000 -1.385295e-001 -4.897618e-001 2.582682e+000 -8.537651e-001 -1.924960e+000 4.304287e-002 3.809202e-001 -5.664534e-001 4.010022e-001 -4.958687e-001 -4.235395e-001 
1.062812e+001 1.548582e+001 -4.438406e+000 -7.946944e-001 6.803472e-001 2.562130e+000 -3.722384e+000 -7.758091e-001 2.527842e+000 -2.706764e-001 -3.836159e+000 -8.532055e-001 2.521644e+000 7.083996e-001 -7.012158e-003 2.255189e+000 -9.864494e-001 -2.294141e+000 -7.402193e-001 3.295898e-001 2.246237e-002 -8.327980e-002 -2.236640e-001 -3.939946e-002 
1.225743e+001 1.643325e+001 -5.386881e+000 -1.228185e-001 6.880566e-001 1.903727e+000 -3.977644e+000 -2.081751e+000 2.191080e+000 5.418950e-001 -3.947542e+000 2.912679e-001 2.051089e+000 9.223313e-001 -9.817772e-001 2.511580e+000 -1.077700e+000 -2.002059e+000 -7.306923e-001 6.113202e-001 -9.615019e-002 -4.338653e-001 2.664874e-002 -2.216889e-001 
1.405430e+001 1.522172e+001 -5.715715e+000 -7.259700e-002 9.468202e-001 1.524096e+000 -4.465546e+000 -2.209343e+000 1.246355e+000 3.046749e-001 -3.517976e+000 7.521059e-001 2.252293e+000 1.462224e+000 -6.723693e-001 2.792176e+000 -1.550502e+000 -2.267896e+000 -7.080940e-001 1.492778e-001 -4.658306e-001 -2.002520e-001 1.955842e-002 -5.179353e-002 
1.507394e+001 1.422159e+001 -5.462546e+000 -1.297321e-001 6.150862e-001 1.411315e+000 -4.683958e+000 -2.374186e+000 1.091100e+000 2.620022e-001 -2.850366e+000 4.523448e-001 2.648314e+000 9.347134e-001 -2.555426e-001 2.002849e+000 -9.978863e-001 -2.308952e+000 -8.464548e-001 4.338445e-001 -5.678241e-001 -3.083763e-001 -2.328445e-001 1.846729e-002 
1.525256e+001 1.532033e+001 -6.100394e+000 1.000542e+000 -3.219780e-001 2.504204e+000 -5.382704e+000 -2.129442e+000 8.683507e-001 2.840109e-001 -3.504384e+000 7.032884e-001 1.975603e+000 1.672155e+000 -1.192521e+000 2.914108e+000 -1.579195e+000 -2.037727e+000 -6.637181e-001 5.212566e-001 -3.808347e-001 -2.120568e-001 5.328321e-002 1.263060e-001 
1.551766e+001 1.516159e+001 -5.365813e+000 5.310634e-001 8.578078e-001 2.249185e+000 -4.750427e+000 -1.866516e+000 8.349721e-001 6.826655e-001 -3.106723e+000 1.172497e+000 1.582294e+000 1.394922e+000 -3.927057e-001 1.887958e+000 -1.283744e+000 -1.935736e+000 -1.062309e+000 7.618875e-001 -4.859953e-001 -4.798381e-001 -9.962939e-002 1.221018e-001 
1.526447e+001 1.542382e+001 -5.510437e+000 5.986508e-001 1.081939e+000 2.505244e+000 -4.603013e+000 -2.241401e+000 1.553370e+000 6.440675e-001 -3.395090e+000 1.804609e+000 1.920801e+000 1.028358e+000 1.340108e-001 1.693308e+000 -1.327806e+000 -2.425211e+000 -1.101972e+000 4.737655e-001 -9.711434e-001 -3.757080e-001 -3.252976e-003 -1.167128e-001 
1.536260e+001 1.500788e+001 -4.678171e+000 2.579271e-001 3.672772e-001 3.203139e+000 -4.960591e+000 -2.009927e+000 1.650624e+000 2.928638e-001 -3.820969e+000 2.081212e+000 1.307364e+000 1.242387e+000 -2.950093e-001 1.960257e+000 -1.468344e+000 -1.865247e+000 -9.333842e-001 6.740471e-001 -8.344810e-001 -2.305063e-001 -1.040505e-001 2.829428e-002 
1.405217e+001 1.543352e+001 -4.984930e+000 1.479984e+000 -9.963801e-001 3.821590e+000 -4.833256e+000 -1.969809e+000 1.885370e+000 -6.226566e-001 -3.788512e+000 1.377463e+000 1.934375e+000 1.666556e+000 -1.263988e+000 2.418592e+000 -1.447897e+000 -1.869152e+000 -6.185780e-001 4.374551e-001 -7.839856e-001 -2.482131e-001 4.141445e-001 -1.602616e-001 
1.287996e+001 1.603659e+001 -5.007341e+000 2.168407e+000 -1.178539e+000 2.773779e+000 -3.853758e+000 -2.452215e+000 1.693058e+000 -1.379779e+000 -2.754151e+000 1.108466e+000 2.470163e+000 1.633798e+000 -1.713901e+000 2.486891e+000 -1.850489e+000 -1.533174e+000 6.679578e-002 -6.357071e-002 -8.707850e-002 -1.194409e+000 6.523352e-001 -5.642490e-001 
1.462531e+001 1.308036e+001 -2.895650e+000 3.584909e-001 6.287319e-001 1.236828e+000 -2.737470e+000 -2.238150e+000 1.093903e+000 -1.241104e+000 -2.097518e+000 -5.067545e-002 2.444735e+000 1.228506e+000 -4.119017e-001 1.132545e+000 -6.264329e-001 -1.588742e+000 -6.638431e-001 7.909020e-002 2.975819e-002 -7.700522e-001 1.738892e-001 3.342379e-001 
4.222897e+000 1.476623e+001 -4.641396e-001 1.791192e+000 1.752191e+000 4.139395e-001 -1.730661e+000 -1.559530e+000 5.556675e-001 -3.805654e-001 -1.440562e+000 2.295168e-002 1.344855e+000 5.558584e-001 1.671136e-001 1.026792e+000 -2.087037e-001 -1.836605e+000 -2.514955e-001 -8.599923e-003 -6.196063e-001 9.158443e-003 -2.074462e-001 1.393148e-001 
1.574090e+000 1.719440e+001 -2.276282e+000 1.765743e+000 1.017236e+000 1.097979e+000 -1.926462e+000 -2.528948e+000 1.566307e+000 -1.646014e-002 -7.785444e-001 -6.338035e-001 1.494428e+000 7.823161e-001 -1.755471e-001 2.261817e+000 -7.700844e-001 -2.744683e+000 1.731389e-001 5.215883e-002 -8.264719e-001 -7.049655e-001 -3.376463e-001 2.504870e-001 
-1.239704e+000 2.026971e+001 -5.478520e+000 2.931667e+000 1.122059e+000 -4.169012e-001 -9.798046e-001 -3.318930e+000 3.151783e+000 -1.173855e+000 1.682115e-001 -4.426543e-001 1.536431e+000 8.326880e-001 -7.393748e-001 2.838119e+000 -1.489566e+000 -2.390821e+000 6.121442e-001 -2.968194e-001 -5.891943e-001 -1.129408e+000 -2.529555e-001 -4.048302e-001 
-8.705075e-001 1.717211e+001 -3.941333e+000 2.611046e+000 5.132221e-001 8.424680e-001 -6.572169e-001 -1.858888e+000 2.074595e+000 -1.011773e+000 -4.557312e-001 -7.045443e-001 1.322010e+000 6.114730e-001 -3.848958e-001 2.465234e+000 -1.337463e+000 -2.499633e+000 3.642716e-001 -1.306117e-001 -4.843985e-001 -1.248969e-001 3.254332e-001 -4.588658e-001 
-6.079700e-001 1.832085e+001 -3.078653e+000 2.198766e+000 1.342544e+000 9.922435e-001 -2.016575e+000 -2.721711e+000 1.530086e+000 -1.123247e+000 -6.396418e-001 -5.689881e-001 1.941072e+000 1.036744e+000 9.744110e-002 2.525961e+000 -1.492234e+000 -2.634778e+000 3.311144e-001 -3.041171e-001 -6.173246e-001 -2.587346e-001 5.787901e-001 -3.993240e-002 
-8.799044e-001 2.024285e+001 -4.002612e+000 3.704123e+000 9.257334e-001 5.045944e-001 -1.104516e+000 -3.524983e+000 2.479624e+000 -1.920918e+000 -4.933388e-001 -9.690733e-001 1.449608e+000 1.421925e+000 -5.904807e-001 2.767061e+000 -1.401601e+000 -2.280377e+000 4.030735e-001 -1.369309e-001 -1.865892e-001 -6.476603e-001 2.279063e-001 -8.587956e-002 
-7.797902e-002 1.823803e+001 -7.984719e-001 1.571178e+000 1.533771e+000 8.041638e-001 -1.086842e+000 -2.305251e+000 7.855165e-001 -5.568603e-001 -1.773123e+000 -3.887030e-001 1.039305e+000 5.828886e-001 8.211492e-001 2.032233e+000 -8.483676e-001 -2.436621e+000 1.220778e-001 -1.114784e-001 -8.120992e-001 1.394111e-001 1.451758e-001 -9.069046e-002 
-1.193730e+000 1.870941e+001 -2.336333e+000 2.342761e+000 2.409920e+000 1.462670e+000 -8.231596e-001 -2.172462e+000 1.318039e+000 -3.713752e-001 -1.182087e+000 -1.369316e+000 1.103148e+000 -1.656344e-001 -3.720418e-001 2.485477e+000 -5.257566e-001 -2.180410e+000 6.451756e-002 1.618897e-001 -1.341815e-001 -2.897681e-001 -9.836332e-002 1.530142e-001 
2.818418e-001 2.007417e+001 -3.470487e+000 2.494742e+000 1.770791e+000 1.383421e+000 -1.429691e+000 -1.523317e+000 1.713107e+000 -4.182553e-001 -1.538139e+000 -1.723773e+000 1.556582e+000 4.372222e-002 2.162987e-001 1.781352e+000 -4.184235e-001 -2.599787e+000 -1.376172e-001 6.658636e-001 -2.795152e-001 -1.387511e-001 -3.597497e-001 1.710427e-001 
5.783732e+000 1.791129e+001 -3.473922e+000 1.887207e+000 3.122954e-001 1.945653e+000 -3.884587e+000 -5.245112e-001 2.394260e+000 3.317580e-001 -2.613753e+000 -9.418758e-001 2.382709e+000 -3.863052e-001 -3.396081e-001 1.876118e+000 -7.435643e-001 -1.996072e+000 -2.490102e-001 9.372683e-002 -1.063200e+000 7.756227e-001 -6.618300e-001 -2.912101e-001 
1.048825e+001 1.657953e+001 -3.446825e+000 -4.683269e-001 6.215077e-001 1.509755e+000 -4.040766e+000 -7.883099e-001 2.423410e+000 -5.614050e-001 -3.655025e+000 -2.919857e-001 2.328578e+000 9.623790e-001 4.996656e-002 2.333532e+000 -1.166811e+000 -2.214840e+000 -6.770666e-001 3.281059e-001 -3.023043e-001 6.713981e-002 -1.670754e-001 -3.382125e-001 
1.121568e+001 1.760394e+001 -5.154340e+000 -5.346895e-002 -2.847935e-001 2.389126e+000 -4.354132e+000 -1.991067e+000 2.000844e+000 1.984339e-001 -4.097409e+000 -5.676056e-002 2.520537e+000 8.470026e-001 -1.499379e-001 2.321196e+000 -1.051746e+000 -2.252366e+000 -1.101288e+000 7.388505e-001 -1.548457e-001 -3.247902e-001 1.110680e-001 -1.555749e-001 
1.381368e+001 1.547806e+001 -5.672007e+000 -3.761798e-001 8.825862e-001 1.226543e+000 -4.098801e+000 -2.260311e+000 1.956976e+000 4.626375e-001 -3.360776e+000 5.232837e-001 2.532393e+000 1.053731e+000 -6.447884e-001 2.544102e+000 -1.393663e+000 -2.283476e+000 -7.387349e-001 2.479030e-001 -5.204467e-001 -4.315843e-001 -4.581989e-002 -3.055173e-001 
1.455864e+001 1.516544e+001 -5.689199e+000 -1.417655e-001 8.130114e-001 1.719171e+000 -4.692439e+000 -2.243344e+000 1.182279e+000 5.123499e-001 -3.675118e+000 1.110454e+000 2.174370e+000 1.032615e+000 -5.025045e-001 2.495254e+000 -1.446151e+000 -2.263543e+000 -7.862044e-001 5.059036e-001 -7.620370e-001 -9.854540e-002 1.596009e-002 -2.225912e-001 
1.554861e+001 1.493678e+001 -5.151643e+000 7.743718e-001 2.801987e-001 2.261602e+000 -5.149042e+000 -2.926923e+000 1.349720e+000 -1.402151e-001 -2.927307e+000 4.934206e-001 2.406160e+000 1.210064e+000 -8.994148e-001 2.470512e+000 -1.159810e+000 -2.205262e+000 -5.130378e-001 4.372574e-001 -2.459447e-001 -3.119090e-001 -1.834025e-002 1.140346e-001 
1.539366e+001 1.543546e+001 -5.558494e+000 9.540013e-001 5.535577e-001 2.104639e+000 -4.917078e+000 -2.464876e+000 7.355274e-001 6.882346e-001 -2.941038e+000 1.354773e+000 1.783212e+000 1.774621e+000 -5.073279e-001 1.922962e+000 -1.265893e+000 -2.065778e+000 -1.219047e+000 5.692723e-001 -4.291738e-001 -5.919379e-001 -2.401419e-001 2.951227e-001 
1.543823e+001 1.533578e+001 -4.925131e+000 3.186021e-001 1.480813e+000 2.297526e+000 -4.855094e+000 -2.382211e+000 1.098143e+000 2.350092e-001 -2.639199e+000 1.188333e+000 2.075336e+000 1.267887e+000 -1.821327e-001 1.836958e+000 -1.348282e+000 -2.380574e+000 -8.939844e-001 3.453895e-001 -6.117558e-001 -4.847556e-001 7.255464e-002 1.079829e-001 
1.556820e+001 1.525766e+001 -4.796956e+000 5.327711e-001 5.136910e-001 2.871305e+000 -5.083714e+000 -2.196157e+000 1.183580e+000 3.717452e-001 -4.095448e+000 2.224916e+000 1.473812e+000 1.278338e+000 -2.124629e-001 2.028201e+000 -1.560640e+000 -1.764278e+000 -1.088418e+000 7.241699e-001 -9.131012e-001 -8.951995e-002 -5.329760e-003 5.986623e-002 
1.542969e+001 1.380942e+001 -3.706036e+000 2.263221e-002 5.049525e-001 2.457198e+000 -4.265369e+000 -2.227252e+000 2.126754e+000 -8.662776e-001 -3.099699e+000 1.019749e+000 2.199731e+000 1.308923e+000 -4.073721e-001 1.626637e+000 -1.078382e+000 -2.065498e+000 -7.952025e-001 1.927576e-001 -3.929331e-001 -4.072820e-001 1.857991e-001 1.627455e-001 
1.361219e+001 1.553075e+001 -5.045428e+000 1.733943e+000 -1.696202e+000 2.930304e+000 -3.841114e+000 -2.391622e+000 2.036633e+000 -1.114669e+000 -3.428441e+000 1.338225e+000 2.476095e+000 1.652121e+000 -1.480667e+000 2.612778e+000 -1.656483e+000 -2.003513e+000 -7.719371e-002 -3.980806e-002 -5.311800e-001 -8.012602e-001 7.806019e-001 -5.432302e-001 
