-1.017568e+001 1.933319e+001 -8.941288e+000 -1.855145e+000 4.306085e-001 9.947258e-001 -1.686114e+000 -4.094511e+000 8.665023e-001 -4.400932e+000 -1.636876e+000 3.730281e-001 2.375665e+000 -2.194881e+000 -2.543094e+000 -1.411324e+000 -2.401334e+000 -9.737091e-001 -5.768878e-001 1.268103e+000 -2.073255e+000 -2.226913e+000 -4.377951e-001 -1.890733e-001 4.775526e-001 -1.060624e+000 -4.889124e-002 1.033129e-001 -3.085860e-001 3.984655e-001 1.052432e+000 -2.266665e-002 -1.270545e+000 1.580849e+000 2.340908e-001 -3.056537e-001 
-1.035579e+001 1.749713e+001 -8.864143e+000 -2.447408e+000 -9.409275e-001 1.067430e+000 -1.962423e+000 -2.922270e+000 1.683214e+000 -4.187538e+000 -1.900889e+000 1.803112e-001 1.400651e+000 -2.269703e+000 -1.910688e+000 -7.772970e-001 -1.194853e+000 -1.424064e+000 -8.460965e-001 5.155954e-001 -1.556522e+000 -1.425737e+000 -1.084174e-001 5.093287e-001 2.801172e-002 -7.821191e-001 2.797873e-001 6.071081e-001 -1.019533e-001 -1.926788e-001 5.318912e-001 -1.634057e-001 -6.387466e-001 1.783831e+000 3.327973e-001 -7.648997e-001 
-7.326289e+000 1.557429e+001 -6.445229e+000 -2.504416e+000 -1.728558e+000 1.672561e+000 -3.740387e+000 -2.304526e+000 -1.814141e+000 -2.505494e+000 -3.029332e+000 -6.614455e-001 1.134857e+000 -1.421068e+000 -7.913046e-001 -1.248574e+000 -1.373490e+000 -2.893930e+000 1.292738e-001 -8.995988e-002 -1.247277e+000 -2.136900e+000 -8.424608e-001 -6.056658e-001 -6.111925e-001 -8.462332e-001 -7.025914e-002 5.272387e-001 -6.968311e-002 4.747886e-001 5.203028e-001 1.335390e-001 -3.789114e-001 9.238395e-001 1.644259e-001 -2.508380e-001 
-6.818574e-001 9.280643e+000 -6.552876e+000 2.225470e+000 -2.559323e+000 2.464286e+000 -3.096814e+000 1.495578e+000 -3.959318e+000 -2.889654e+000 -3.121132e+000 -7.681319e-001 3.532961e-001 -2.283053e-001 -3.299296e-001 -7.042978e-001 -3.684553e-001 -1.461886e+000 -3.275753e-001 -1.434847e+000 -2.360398e-001 -1.853600e+000 -9.658730e-001 -8.402424e-001 -2.199859e-001 -7.028205e-001 4.358748e-001 5.987112e-001 3.824704e-001 5.155001e-001 5.598736e-002 4.592834e-001 5.910046e-001 6.377365e-002 -2.413396e-001 3.098979e-001 
6.220846e+000 5.302748e+000 -6.758081e+000 4.274469e+000 -4.578054e+000 2.084890e+000 -4.556786e+000 1.266510e+000 -4.401343e+000 -6.237011e-001 -1.841342e+000 1.235406e+000 1.043303e-001 2.376529e-001 -8.511808e-001 -2.810531e-001 -3.541848e-001 -5.274000e-003 -1.220630e-001 -1.364346e+000 -7.923743e-001 -2.066634e+000 -8.455898e-001 -9.774498e-001 6.016406e-001 -1.453031e+000 8.115744e-001 5.041859e-001 1.129787e+000 -1.569551e-001 5.076367e-001 3.099207e-001 9.160415e-001 3.959389e-001 1.628159e-001 5.593559e-001 
7.259597e+000 6.333765e+000 -6.670432e+000 5.626384e+000 -4.607985e+000 1.512714e+000 -4.526436e+000 1.269175e+000 -4.326438e+000 -1.372355e+000 -1.584915e+000 4.542722e-001 -1.137474e+000 -2.134273e-001 -2.221449e+000 -1.561199e+000 -1.395705e+000 -5.356828e-001 7.903370e-001 -9.150084e-001 7.653880e-002 -1.240850e+000 5.716756e-001 -5.650417e-001 1.463438e+000 -1.697418e+000 2.314670e-001 3.702867e-001 4.860623e-001 -5.705538e-001 -1.352835e-001 2.886403e-001 1.778591e-001 -1.111340e-001 1.653069e-001 3.177062e-001 
5.500331e+000 8.726987e+000 -8.834474e+000 3.529189e+000 -1.195543e+000 2.789157e+000 -4.918099e+000 -1.401805e+000 -5.034338e+000 -2.562960e+000 -1.301946e+000 5.267795e-001 -2.969972e+000 -1.724966e+000 -3.225808e+000 -1.405993e+000 -1.359064e+000 -1.444398e+000 5.709425e-001 -3.717516e-001 -4.175468e-002 -1.407374e+000 9.822786e-001 7.723152e-002 1.240470e+000 -1.350631e+000 -1.745563e-002 9.414388e-001 -1.614959e-001 -1.156633e+000 1.467185e-001 1.612810e-001 -6.947623e-002 -2.551962e-001 -7.187942e-001 1.421278e-001 
7.060039e+000 1.305559e+001 -9.840424e+000 2.369656e+000 -3.975706e-001 4.845610e+000 -4.286887e+000 -2.744005e+000 -3.754964e+000 -2.904714e+000 -2.184255e+000 -7.444811e-001 -2.059399e+000 -1.878373e+000 -2.897115e+000 -2.174385e+000 -1.091370e+000 -2.749765e+000 -2.168159e-001 5.973447e-001 -6.523303e-001 -8.582411e-001 1.760019e+000 -2.391048e-001 1.547987e+000 -1.508302e+000 3.101995e-001 2.334846e+000 -1.201637e+000 -6.418241e-001 6.482592e-001 2.893330e-001 -1.169799e+000 -4.160854e-001 -6.340948e-001 2.309884e-001 
9.148944e+000 1.223398e+001 -1.176795e+001 2.185862e+000 1.136372e+000 4.190647e+000 -5.615062e+000 -2.985205e+000 -4.927543e+000 -1.481820e+000 -2.789871e+000 -1.554298e+000 -7.430558e-001 -3.254485e+000 -2.873070e+000 -2.197193e+000 -1.098516e-001 -3.179646e+000 6.803357e-001 5.065948e-001 -9.942465e-001 -4.463447e-002 6.882065e-001 1.939713e-001 2.024909e+000 -1.198961e+000 4.387462e-001 2.413582e+000 -2.108376e+000 1.261567e-001 9.045503e-001 6.119845e-001 -1.322564e+000 1.058014e-001 -9.678316e-001 4.593624e-001 
1.050855e+001 1.308923e+001 -1.159454e+001 3.814150e+000 8.794747e-001 5.348135e+000 -6.422017e+000 -1.962334e+000 -4.283062e+000 -6.420040e-001 -2.475562e+000 -2.317330e+000 -6.296965e-001 -3.881957e+000 -1.571938e+000 -1.785950e+000 4.296056e-001 -2.622212e+000 -1.101663e-001 -1.432151e-001 -9.628530e-001 -4.675804e-001 6.247762e-001 -2.105349e-001 1.395761e+000 -5.838250e-001 3.736160e-001 2.365666e+000 -1.723283e+000 -5.791463e-002 2.599280e-001 4.902884e-001 -1.282151e+000 1.867404e-002 -6.106082e-001 3.626204e-001 
9.364416e+000 1.293411e+001 -1.287804e+001 5.505453e+000 9.220030e-001 6.209278e+000 -6.401094e+000 -2.729542e+000 -3.411488e+000 -2.135435e+000 -1.326891e+000 -3.870945e+000 -5.311644e-001 -3.348085e+000 -4.255423e-001 -6.696122e-001 1.173483e-001 -1.879109e+000 -1.098052e+000 1.040556e-001 -9.168670e-001 -1.099546e-001 9.499604e-001 -7.536954e-001 1.892784e+000 -8.733980e-001 5.454633e-001 2.227301e+000 -1.925406e+000 3.456751e-001 2.879818e-001 4.441894e-001 -7.750496e-001 -1.856651e-001 -5.720047e-001 -7.316535e-002 
1.106922e+001 1.027553e+001 -1.220854e+001 3.643131e+000 8.302310e-001 4.760402e+000 -5.295437e+000 -4.005888e+000 -2.846001e+000 -3.133321e+000 -2.713605e-001 -4.623462e+000 -9.268290e-001 -3.882675e+000 -2.430068e+000 -1.123073e+000 -1.237775e+000 -5.651394e-001 -2.718622e+000 7.167752e-001 -2.026112e+000 2.629297e-001 9.698559e-001 -4.523460e-001 2.520703e+000 -1.416479e+000 7.921804e-001 9.683558e-001 -1.192195e+000 2.313721e-001 1.389671e-001 2.334923e-001 -9.725194e-001 -5.624600e-001 -8.021808e-001 -4.374006e-001 
9.715773e+000 1.311771e+001 -1.415686e+001 5.355077e+000 4.926527e-001 5.746482e+000 -4.436693e+000 -4.018993e+000 -1.007945e+000 -3.619011e+000 -3.960982e-001 -4.035597e+000 -1.039712e+000 -2.194334e+000 -2.191267e+000 2.404440e-001 -1.629845e+000 -5.492222e-001 -3.000063e+000 1.921169e+000 -8.196765e-001 4.323981e-002 2.090497e+000 -1.312383e+000 2.852379e+000 -1.280125e+000 1.695759e+000 8.255454e-001 -2.831462e-001 -1.745977e-001 -5.304170e-001 9.233425e-001 -1.344058e+000 3.631538e-001 -8.524011e-001 -7.618667e-001 
1.263711e+001 1.056093e+001 -1.197893e+001 2.685463e+000 2.180558e-001 5.546199e+000 -5.269432e+000 -3.515623e+000 -2.018952e+000 -3.691263e+000 -2.219062e+000 -2.577306e+000 -1.708111e+000 -1.445837e+000 -2.841174e+000 7.584811e-001 -2.058681e+000 -1.793435e-001 -2.107057e+000 9.080351e-001 -3.307882e-001 -5.335735e-001 1.869840e+000 -1.059668e+000 2.942418e+000 -1.089816e+000 1.441460e+000 6.281723e-001 3.510345e-001 -2.958157e-001 -6.867344e-002 5.703195e-001 -1.135585e+000 1.199660e-001 -6.647133e-001 -3.039669e-001 
1.328278e+001 1.202098e+001 -1.164533e+001 3.959654e+000 1.105384e-001 5.271706e+000 -4.381130e+000 -4.698557e+000 -1.613788e+000 -2.875776e+000 -2.109811e+000 -2.125024e+000 -1.905672e+000 -1.243357e+000 -2.652266e+000 6.795007e-001 -2.387738e+000 -6.607588e-001 -2.561999e+000 7.757113e-001 3.028255e-002 -3.787088e-001 1.596442e+000 -1.745680e+000 2.447989e+000 -1.333811e+000 1.751830e+000 2.731294e-001 9.620996e-002 -4.965620e-001 -5.341692e-001 1.085518e+000 -8.738462e-001 -6.636709e-003 -7.272252e-001 -5.741789e-001 
1.103994e+001 1.299247e+001 -1.484248e+001 3.206883e+000 -1.844976e+000 3.816543e+000 -5.253883e+000 -5.646412e+000 -2.063647e+000 -4.779365e+000 -1.082076e+000 -4.146034e+000 -1.657824e+000 -2.855255e+000 -1.950829e+000 -1.095248e+000 -1.052983e+000 -3.441834e-001 -2.437116e+000 5.124184e-001 -8.565751e-001 -5.130333e-001 7.130130e-001 -4.902511e-001 1.790351e+000 -3.947785e-001 8.105455e-001 1.047562e+000 -2.424381e-002 -6.024490e-002 -1.638775e-001 6.323611e-001 -8.157237e-001 1.387914e-002 -4.160461e-001 -4.291613e-001 
1.328367e+001 1.158883e+001 -1.208393e+001 3.242743e+000 2.417592e-001 4.667622e+000 -5.035840e+000 -3.884141e+000 -2.760820e+000 -2.073877e+000 -1.481461e+000 -2.116094e+000 -2.674212e+000 -1.906042e+000 -2.881093e+000 -1.097422e+000 -9.505596e-001 -7.025459e-001 -2.500909e+000 -2.933310e-001 -3.224824e-001 -1.206061e+000 1.603950e+000 -5.205561e-001 1.761035e+000 -6.345483e-001 3.341503e-001 6.138298e-001 1.619689e-003 -5.527694e-002 -3.633462e-001 6.802134e-001 -9.577810e-001 -8.636273e-001 -1.650838e-001 -1.079412e+000 
1.299997e+001 1.007583e+001 -1.153945e+001 2.560423e+000 1.660673e+000 3.810129e+000 -5.121723e+000 -4.209471e+000 -3.991898e+000 -1.208365e+000 -1.670232e+000 -2.173663e+000 -2.440154e+000 -1.048564e+000 -2.709025e+000 -1.729989e-001 -1.017977e+000 -7.766377e-001 -1.815345e+000 -7.837602e-001 8.321319e-001 -8.290476e-001 1.771466e+000 -6.955629e-001 1.353206e+000 1.132830e-001 6.350225e-001 1.437020e+000 1.330248e-001 -5.897863e-001 -7.634230e-002 4.843536e-001 -3.305831e-001 -7.422685e-001 -1.859510e-001 -5.816292e-001 
1.471334e+001 1.103563e+001 -8.167617e+000 2.968656e+000 3.109384e+000 4.937283e+000 -3.270281e+000 -3.761770e+000 -1.088232e+000 -1.113652e+000 -2.745175e-001 -1.632309e+000 -3.018837e-001 -5.970391e-001 -7.715861e-001 5.011506e-001 -3.125645e-001 4.309510e-001 -1.864008e+000 -3.760711e-001 6.857225e-001 -1.203113e+000 9.585286e-001 -5.733250e-001 6.771704e-001 2.699740e-001 4.474699e-001 1.514625e+000 -7.196175e-002 -2.714110e-001 -4.198904e-001 5.860023e-001 -6.609791e-001 -8.067910e-001 -1.063845e-001 -6.450819e-001 
-7.304777e+000 1.747969e+001 -5.704700e+000 -1.072892e+000 1.155324e+000 1.724990e+000 -2.755359e+000 -3.516228e+000 -5.038070e-001 -3.104375e+000 -2.293777e+000 2.632491e-002 1.429624e+000 -8.849213e-001 3.116795e-001 1.839121e+000 -5.902172e-001 -1.454533e+000 -6.708356e-001 1.117696e+000 -1.225160e+000 -2.138139e+000 -5.281663e-001 -9.590176e-001 -2.171666e-001 -6.646032e-001 2.988865e-001 1.214848e+000 6.026591e-002 4.256244e-001 1.569916e+000 3.701412e-001 -5.222553e-001 9.097329e-001 3.037344e-002 -7.979916e-001 
-1.102959e+001 1.737690e+001 -9.483383e+000 -2.578314e+000 -3.721993e-001 3.798807e-001 -3.481996e+000 -4.336752e+000 5.418872e-001 -4.171339e+000 -2.528970e+000 -6.272337e-001 1.650137e+000 -1.782041e+000 -4.807304e-001 9.582049e-001 -4.642300e-001 -1.159619e+000 -8.769859e-001 -1.515274e-001 -2.064339e+000 -2.491584e+000 -7.857072e-001 -5.270018e-001 -3.896146e-001 -7.249046e-001 6.185387e-001 3.452847e-001 2.924094e-002 3.307275e-001 1.522511e+000 3.124558e-001 -1.110905e+000 1.479456e+000 3.416702e-001 -5.290940e-001 
-8.206720e+000 1.424536e+001 -8.743759e+000 -3.617885e+000 -1.440965e+000 1.058243e+000 -4.450044e+000 -1.952022e+000 -1.062348e+000 -2.317751e+000 -2.535769e+000 8.955412e-002 5.566963e-001 -1.620115e+000 -9.173775e-001 -8.063906e-001 2.490739e-003 -1.843264e+000 5.471826e-001 -3.044316e-002 -1.743820e+000 -2.613111e+000 -2.877163e-001 -2.437358e-001 -1.251650e-001 -6.432730e-001 4.092097e-002 7.845743e-001 -8.140267e-001 5.198003e-001 4.433860e-001 3.829529e-001 -8.012081e-001 1.298163e+000 4.356415e-001 -5.999931e-002 
-1.804157e+000 1.013684e+001 -7.651069e+000 -5.359676e-001 -2.330233e+000 1.362701e+000 -4.311334e+000 9.684378e-002 -3.926774e+000 -2.049240e+000 -1.553569e+000 1.068151e+000 8.674035e-001 -1.062576e+000 -9.881811e-001 -1.298441e-001 6.759872e-001 -3.515732e-001 8.218538e-001 -1.320411e+000 -1.506901e+000 -2.428045e+000 -3.508081e-001 -3.505832e-001 -7.882147e-002 -6.432582e-001 3.831228e-001 9.701432e-001 -1.398458e-001 7.907913e-001 2.990180e-001 8.762907e-001 4.676882e-001 9.893324e-001 2.807236e-001 1.059220e-001 
6.119810e+000 5.007816e+000 -7.680735e+000 3.473156e+000 -4.343155e+000 3.106588e+000 -4.149003e+000 1.194632e+000 -5.599668e+000 -9.356440e-001 -1.968197e+000 5.916050e-001 -2.095796e-001 3.751172e-001 -1.026883e-001 6.975716e-001 7.515735e-001 9.919849e-001 5.890324e-001 -2.010616e+000 -1.340816e+000 -2.494245e+000 -1.302517e+000 -1.408083e+000 3.630319e-001 -9.916321e-001 1.268498e+000 6.079126e-001 1.233465e+000 2.140748e-001 4.242896e-001 1.234885e-001 5.390600e-001 3.328269e-001 2.603938e-001 2.321129e-001 
6.916513e+000 5.942150e+000 -6.815822e+000 5.424487e+000 -4.058839e+000 2.811495e+000 -4.013408e+000 4.742476e-001 -5.817401e+000 -2.590167e+000 -2.189778e+000 2.995828e-001 -1.131825e+000 3.970895e-001 -1.218870e+000 -2.044332e-002 -4.221312e-001 3.608641e-001 8.887027e-001 -1.464534e+000 -1.014688e+000 -2.179301e+000 -5.795159e-001 -7.847506e-001 1.359520e+000 -1.194695e+000 7.427681e-001 6.176383e-001 1.212641e+000 1.005452e-001 2.564682e-001 1.744905e-001 6.022934e-002 -4.716409e-002 -1.612250e-001 -1.241962e-001 
5.479672e+000 8.007721e+000 -8.323959e+000 3.844317e+000 -1.365127e+000 2.751364e+000 -3.888974e+000 -5.446096e-001 -5.567326e+000 -3.672269e+000 -2.200872e+000 -1.863528e-001 -2.232875e+000 -9.514599e-001 -2.029473e+000 -6.025437e-001 -1.373410e-001 -6.481100e-001 8.726312e-001 -2.108591e-001 -1.709276e-001 -1.302918e+000 8.345828e-001 1.382281e-002 1.503242e+000 -6.202599e-001 4.590807e-001 1.833156e+000 5.024785e-001 -2.589415e-001 5.253967e-002 3.955444e-001 1.692316e-001 -2.224517e-001 -3.708829e-001 1.800654e-001 
5.424242e+000 1.112208e+001 -8.556551e+000 3.667333e+000 9.087006e-001 4.986264e+000 -4.129360e+000 -2.628285e+000 -3.259584e+000 -2.057394e+000 -1.897024e+000 -6.942231e-001 -3.166942e+000 -2.414921e+000 -2.557227e+000 -1.170379e+000 -4.579198e-001 -2.395096e+000 -1.970136e-001 4.554632e-001 -4.727074e-001 -5.120387e-001 1.913171e+000 -1.527351e-001 1.473639e+000 -1.485677e+000 5.200672e-001 2.377423e+000 -1.224895e+000 -7.953102e-001 5.763924e-001 4.966551e-001 -1.001548e+000 -3.937047e-001 -7.329060e-001 2.800015e-001 
7.981371e+000 1.006082e+001 -1.041583e+001 1.868583e+000 2.051936e+000 4.204741e+000 -5.621442e+000 -2.753048e+000 -3.832827e+000 -8.491515e-001 -2.658475e+000 -2.178389e+000 -2.309377e+000 -3.766018e+000 -2.937213e+000 -2.006413e+000 -3.201440e-001 -3.759997e+000 -8.421274e-001 -4.748697e-001 -1.089022e+000 2.334477e-001 1.521597e+000 -1.876457e-001 2.035906e+000 -1.193300e+000 6.403815e-001 2.836402e+000 -2.338078e+000 -2.352593e-001 -7.223878e-002 2.487886e-001 -1.589923e+000 -4.487064e-001 -1.258181e+000 6.312660e-002 
8.923891e+000 1.168125e+001 -1.289543e+001 3.663758e+000 5.881825e-001 5.144600e+000 -6.613841e+000 -2.457715e+000 -4.448586e+000 -1.023827e+000 -2.867856e+000 -2.849797e+000 -1.374589e+000 -4.211206e+000 -1.582052e+000 -1.753494e+000 5.756828e-001 -3.104600e+000 -5.369157e-001 -5.708048e-001 -8.935097e-001 -1.831623e-001 1.133688e+000 5.671767e-002 1.602276e+000 -7.441179e-001 4.174543e-001 2.437394e+000 -1.782912e+000 1.641215e-001 4.029471e-001 4.974502e-001 -1.499024e+000 -1.518410e-001 -9.474425e-001 2.775820e-001 
1.061820e+001 1.247748e+001 -1.216213e+001 3.798001e+000 7.274470e-001 5.060908e+000 -6.143608e+000 -2.747905e+000 -3.596095e+000 -1.648105e+000 -1.848825e+000 -3.559774e+000 -6.788909e-001 -3.248039e+000 -7.833287e-001 -5.783567e-001 2.169582e-001 -1.626283e+000 -8.458723e-001 2.385475e-001 -1.224703e+000 -6.792969e-002 8.895529e-001 -2.471748e-001 2.254054e+000 -3.195025e-001 6.651237e-001 2.415503e+000 -1.690660e+000 2.983176e-001 7.304611e-001 1.062807e-001 -5.859611e-001 -3.358206e-001 -2.548771e-001 2.308693e-001 
9.875282e+000 1.388280e+001 -1.436878e+001 5.668280e+000 -3.804539e-001 5.941094e+000 -5.674844e+000 -3.425548e+000 -1.998653e+000 -4.196991e+000 7.052638e-001 -5.334998e+000 5.515282e-001 -4.440335e+000 -1.321447e+000 -9.204583e-001 -1.281229e+000 -2.398725e-001 -2.757897e+000 8.964878e-001 -2.259038e+000 5.908339e-001 7.865790e-001 -3.975529e-001 2.265570e+000 -1.437371e+000 6.272858e-001 8.683154e-001 -9.682624e-001 6.432971e-002 4.236421e-001 7.925044e-002 -8.787499e-001 -4.962399e-001 -7.782079e-001 -1.024058e-001 
1.044120e+001 1.210158e+001 -1.238183e+001 5.196485e+000 1.165049e+000 5.642677e+000 -5.323081e+000 -4.812560e+000 -8.873353e-001 -2.802398e+000 3.177153e-001 -3.358756e+000 -8.830395e-001 -3.297860e+000 -2.437819e+000 -1.207734e-001 -5.736078e-001 -6.637493e-001 -2.444773e+000 1.584065e+000 -1.361158e+000 1.164680e-001 1.866031e+000 -5.323715e-001 1.859785e+000 -9.608199e-001 7.184676e-001 9.870078e-001 -3.680953e-001 1.310553e-001 -1.866544e-001 2.677359e-001 -1.005671e+000 -1.585706e-001 -1.309255e-001 -7.469151e-001 
1.108413e+001 1.082203e+001 -1.233015e+001 4.842082e+000 4.450999e-001 5.435044e+000 -5.931243e+000 -4.378091e+000 -1.320034e+000 -2.539565e+000 -1.555793e+000 -3.146603e+000 -2.726265e+000 -1.698271e+000 -3.246511e+000 1.669367e+000 -2.006420e+000 -4.052600e-001 -3.640618e+000 9.818762e-001 -1.215751e-001 -6.475271e-001 2.918165e+000 -1.831707e+000 2.994026e+000 -2.304384e+000 1.897357e+000 -5.385468e-002 1.510042e-001 -5.411634e-001 -4.699858e-001 1.076413e+000 -1.536162e+000 5.759681e-001 -1.009449e+000 -5.633255e-001 
1.298790e+001 1.059095e+001 -1.128288e+001 3.114028e+000 5.372055e-001 4.622480e+000 -5.822640e+000 -4.955063e+000 -1.651059e+000 -2.561813e+000 -1.203248e+000 -2.035462e+000 -2.297084e+000 -2.293060e+000 -3.170373e+000 4.787993e-001 -1.484067e+000 -3.344120e-001 -2.298482e+000 8.627499e-001 -2.225072e-001 -3.757180e-001 1.873643e+000 -8.451010e-001 2.461620e+000 -1.149567e+000 1.524168e+000 4.719887e-001 8.059720e-002 -2.072339e-001 -6.749514e-002 8.144205e-001 -8.753714e-001 1.453896e-001 -4.904025e-001 -4.852204e-001 
1.234351e+001 1.058398e+001 -1.251801e+001 3.268476e+000 5.244165e-001 3.365554e+000 -4.829055e+000 -5.046180e+000 -1.635824e+000 -2.613885e+000 -5.094341e-001 -3.355337e+000 -1.582496e+000 -2.857940e+000 -2.048345e+000 -8.326238e-001 -1.319658e+000 -8.581879e-001 -2.812706e+000 5.170927e-001 8.491711e-002 3.367712e-001 1.297418e+000 -2.226881e-001 1.757135e+000 1.600216e-001 9.151885e-001 1.385154e+000 -1.068102e-001 -4.461120e-001 -2.983773e-001 4.695593e-001 -5.461614e-001 -4.014240e-001 -5.342597e-001 -8.336351e-001 
1.286482e+001 1.260850e+001 -1.300325e+001 4.232158e+000 -5.497603e-001 5.245452e+000 -5.126125e+000 -3.451785e+000 -2.106678e+000 -1.518537e+000 -1.394921e+000 -2.188979e+000 -2.364804e+000 -1.641933e+000 -2.569286e+000 -2.202906e-001 -7.937374e-001 -9.142307e-001 -2.557976e+000 8.151902e-002 -1.224409e-002 -1.109307e+000 2.233263e+000 -5.049885e-001 1.795624e+000 -6.878602e-001 7.571017e-001 7.637306e-001 2.182683e-001 -1.012361e-001 -2.217005e-001 4.042907e-001 -9.369388e-001 -6.719536e-001 -3.950960e-001 -1.004942e+000 
1.371525e+001 9.333361e+000 -1.153360e+001 2.286416e+000 1.257644e+000 4.168882e+000 -4.816926e+000 -3.937895e+000 -3.734016e+000 -1.532582e+000 -2.092922e+000 -1.832647e+000 -2.734378e+000 -1.560403e+000 -3.324458e+000 -9.959289e-001 -1.077489e+000 -1.433669e+000 -2.242557e+000 -1.240319e+000 3.373054e-001 -1.308655e+000 1.695564e+000 -3.058029e-001 1.468970e+000 -3.451108e-002 1.542641e-001 9.982677e-001 -9.698428e-002 -2.599507e-001 -4.117652e-001 2.706333e-001 -8.990259e-001 -1.040283e+000 -3.005745e-001 -9.784231e-001 
