1.016184e+001 1.188719e+001 -9.194700e+000 4.136521e+000 2.313295e+000 3.333475e+000 -8.612157e+000 -4.589082e+000 -1.597289e+000 -1.956176e+000 -8.644589e-001 -1.282507e+000 4.432727e-001 -4.208911e+000 -8.369903e-001 -1.643344e-001 -1.369351e+000 -2.511330e+000 -2.778770e+000 3.519785e-001 -7.381854e-001 -1.238869e+000 -3.015560e-001 6.793407e-001 4.862029e-001 5.248629e-001 7.511143e-001 7.372971e-001 -5.594433e-001 -8.455718e-001 1.240752e+000 9.299387e-003 -1.314217e+000 -9.940134e-001 -2.720209e-001 -1.082898e-001 
9.654478e+000 1.207511e+001 -1.009409e+001 3.258323e+000 1.302923e+000 2.216663e+000 -7.583126e+000 -4.393943e+000 -1.972623e+000 -2.188210e+000 -1.417653e+000 -1.812064e+000 5.714620e-001 -3.984101e+000 -5.383283e-001 7.053735e-001 -1.097171e+000 -2.317105e+000 -2.506572e+000 4.460781e-001 -2.338278e-001 -1.462826e-001 3.745997e-001 8.866361e-001 1.065074e+000 7.065992e-001 8.756142e-001 1.403735e+000 -6.685417e-002 -8.919001e-001 1.549204e+000 3.086899e-002 -1.317293e+000 -5.846180e-001 -5.539822e-001 1.224239e-001 
9.883684e+000 1.303535e+001 -9.986035e+000 4.406664e+000 9.625006e-001 2.345850e+000 -8.511602e+000 -4.763394e+000 -1.490315e+000 -2.564376e+000 -2.048650e+000 -2.025991e+000 8.840348e-002 -4.586094e+000 -1.181444e+000 -1.240582e-001 -2.168999e+000 -3.368268e+000 -2.887634e+000 -5.027366e-001 -4.403747e-001 -5.297877e-001 -6.132124e-001 1.254044e-001 5.824847e-002 3.780145e-001 4.023463e-001 1.359384e+000 -4.086919e-001 -1.413466e+000 7.393085e-001 -5.037174e-001 -1.070598e+000 -8.421573e-001 -4.046034e-001 -3.345179e-001 
1.046080e+001 1.315073e+001 -9.626050e+000 2.954347e+000 1.044588e+000 2.541205e+000 -8.080068e+000 -5.228626e+000 -1.497289e+000 -2.126557e+000 -2.453055e+000 -1.003822e+000 5.140733e-001 -3.407241e+000 -4.290258e-001 -4.049075e-001 -1.052471e+000 -2.797139e+000 -1.982640e+000 5.073192e-001 -7.035973e-001 -3.961273e-001 -2.709153e-002 1.105553e+000 4.411427e-001 1.260203e-001 1.155669e+000 1.623375e+000 -1.363106e-001 -6.468316e-001 1.073608e+000 -6.437185e-002 -1.040646e+000 -6.944505e-001 -4.236839e-002 -1.860660e-001 
9.444365e+000 1.537047e+001 -9.803524e+000 4.091912e+000 -3.583169e-001 3.789955e+000 -9.523821e+000 -4.274173e+000 -1.786724e+000 -1.496969e+000 -3.443497e+000 -8.703902e-001 1.004628e+000 -4.006216e+000 -4.124550e-002 -1.036633e+000 -6.663228e-001 -3.600271e+000 -1.874303e+000 -8.121376e-001 -5.110140e-001 -1.072924e+000 1.260528e-001 8.382543e-001 2.037972e-001 2.533360e-001 7.013797e-003 1.544812e+000 -3.857552e-001 -4.469032e-001 4.055384e-001 2.188146e-002 -1.333015e+000 -1.053561e-001 -3.244920e-001 -5.948672e-001 
8.742036e+000 1.198924e+001 -8.248597e+000 1.282605e+000 1.135922e+000 3.300852e+000 -8.749781e+000 -7.022951e+000 -1.234296e+000 -2.159954e+000 -3.706110e+000 -1.055518e+000 2.010010e+000 -4.361222e+000 -1.709602e+000 5.428464e-003 -1.364546e+000 -2.526619e+000 -2.244537e+000 6.887064e-001 -1.477500e+000 -1.008311e+000 6.329813e-001 9.503919e-001 1.177484e+000 1.270886e-001 5.916033e-001 1.379978e+000 -1.720292e-001 -5.098147e-001 1.222617e+000 -3.553586e-001 -1.312598e+000 -1.010879e-002 -1.720746e-001 -4.814537e-001 
7.572115e+000 1.339507e+001 -9.459356e+000 3.622259e+000 2.107987e-001 6.846017e+000 -7.758588e+000 -6.589654e+000 -1.604943e-001 -1.720468e+000 -5.032983e+000 -2.370388e+000 3.333611e+000 -4.917021e+000 -1.668141e+000 2.138884e-001 -7.666529e-001 -3.932685e+000 -2.975520e+000 1.626262e+000 -2.095633e+000 -1.243839e+000 8.097922e-001 9.849455e-001 -1.075794e-002 4.141191e-001 5.075627e-001 7.278183e-001 -1.338453e-001 -5.121522e-001 9.355810e-001 -9.523444e-001 -1.034350e+000 -6.437672e-001 -5.945752e-002 -5.231886e-001 
8.050433e+000 1.388867e+001 -1.039448e+001 3.365734e+000 -7.566480e-001 6.224693e+000 -7.719118e+000 -5.676388e+000 1.116862e+000 -1.374755e+000 -4.665236e+000 -2.043679e+000 2.452840e+000 -5.468154e+000 -1.833712e+000 -2.539861e-001 -1.544914e-001 -2.905194e+000 -1.311427e+000 2.124814e+000 -2.045987e+000 -5.875686e-001 4.466174e-001 1.065606e+000 9.329320e-001 5.059171e-001 5.584513e-001 1.008521e+000 5.794016e-001 5.821387e-002 1.153953e+000 -4.565431e-001 -1.164665e+000 -1.110675e+000 -2.964116e-001 -8.594763e-001 
9.236439e+000 1.183327e+001 -9.568208e+000 2.361920e+000 1.709362e+000 4.991389e+000 -6.676909e+000 -4.619247e+000 5.666246e-001 -2.026515e+000 -3.899753e+000 -1.540424e+000 1.872934e-001 -5.033070e+000 -1.862848e+000 -7.691442e-001 -5.485113e-001 -2.214058e+000 -1.671049e+000 1.494073e+000 -1.251632e+000 -4.661134e-001 1.568417e-001 1.790041e-001 8.549658e-001 2.076588e-001 3.379104e-001 1.449172e+000 7.661085e-001 -1.738883e-001 6.691812e-001 -3.148918e-001 -1.285064e+000 -1.291496e+000 -5.774220e-001 -7.579145e-001 
9.535233e+000 1.339884e+001 -1.013803e+001 4.029019e+000 1.053548e+000 4.979690e+000 -7.810143e+000 -4.813197e+000 -3.765739e-001 -3.155488e+000 -4.210837e+000 -1.348295e+000 1.624786e+000 -4.464619e+000 -6.464297e-001 -1.009274e+000 -1.569898e+000 -3.045692e+000 -2.423152e+000 5.506528e-001 -1.644035e+000 -1.206645e-001 -1.628338e-001 9.147183e-001 1.253038e+000 5.892702e-002 2.937276e-002 9.111686e-001 3.804723e-001 -8.472189e-001 7.670439e-001 -5.032709e-001 -1.436371e+000 -7.294424e-001 2.992893e-002 -2.928010e-001 
1.026323e+001 1.276152e+001 -9.144355e+000 4.280966e+000 2.219358e+000 4.572172e+000 -9.117735e+000 -5.525901e+000 -8.571228e-001 -2.533960e+000 -3.938023e+000 -4.894121e-001 1.353720e+000 -4.894010e+000 3.555027e-001 -6.888527e-001 -1.520685e+000 -3.352118e+000 -2.796480e+000 7.087936e-001 -1.527122e+000 1.219040e-001 5.143073e-002 9.542173e-001 1.082123e+000 2.854383e-001 2.918356e-001 1.195156e+000 1.469768e-001 -1.184317e+000 6.834066e-001 -1.955748e-001 -1.124817e+000 -8.414176e-001 2.764900e-001 -4.456808e-001 
9.356416e+000 1.420863e+001 -1.043173e+001 4.780795e+000 9.782816e-001 4.509056e+000 -9.634194e+000 -4.605837e+000 -2.119391e+000 -2.041317e+000 -3.506171e+000 2.475880e-001 1.388022e+000 -5.028462e+000 -4.563171e-003 -1.315998e+000 -2.691704e-001 -3.501342e+000 -2.161687e+000 7.205418e-001 -1.549581e+000 -6.479795e-001 5.708167e-001 1.325878e+000 1.391653e+000 5.306836e-001 1.511876e-001 1.359452e+000 -2.600181e-001 -6.854377e-001 6.064267e-001 -6.994233e-003 -1.031944e+000 -6.167956e-001 -6.925803e-002 -3.944775e-001 
1.072290e+001 1.058049e+001 -9.062510e+000 4.215231e+000 1.695278e+000 4.400057e+000 -9.008992e+000 -5.177086e+000 -2.903746e+000 -1.532508e+000 -3.601232e+000 4.846063e-001 1.403515e+000 -4.986453e+000 -1.488542e+000 -5.119698e-001 -2.243737e-002 -3.600078e+000 -1.873541e+000 3.144268e-001 -1.451031e+000 -1.843726e+000 7.876054e-001 1.385702e+000 1.863361e+000 1.125312e+000 -3.575381e-001 4.454819e-001 -9.653671e-001 2.390275e-002 6.891471e-001 5.386689e-001 -1.323559e+000 -9.564000e-001 2.863665e-002 -9.587482e-001 
1.115372e+001 9.893273e+000 -1.009046e+001 2.671812e+000 1.195014e+000 3.509666e+000 -8.377462e+000 -5.439121e+000 -2.659993e+000 -2.213573e+000 -3.112804e+000 1.896305e+000 1.263647e+000 -4.868366e+000 -1.016103e+000 -9.701549e-001 1.131106e-002 -2.612798e+000 -1.398998e+000 1.021468e+000 -1.219695e+000 -1.206995e+000 6.463450e-001 1.090660e+000 2.066193e+000 1.423218e+000 2.388047e-002 1.102861e+000 -2.971431e-001 -1.852021e-001 6.743796e-001 3.699703e-001 -7.355408e-001 -6.891889e-001 -9.479276e-002 -9.356815e-001 
1.137597e+001 1.010331e+001 -9.723097e+000 2.604056e+000 1.582585e+000 3.079373e+000 -7.633476e+000 -5.420616e+000 -2.506515e+000 -2.195349e+000 -2.443520e+000 1.233126e+000 1.725766e+000 -5.327180e+000 -1.575879e+000 -5.329368e-001 6.784140e-002 -2.433188e+000 -1.701290e+000 1.124058e+000 -1.593332e+000 -4.136814e-001 3.274486e-001 1.036737e+000 1.778256e+000 9.430506e-001 7.734906e-001 1.264211e+000 -5.095012e-001 -5.415050e-001 1.055829e+000 1.527936e-001 -7.484405e-001 -1.030753e+000 3.603485e-002 -6.678149e-001 
1.061867e+001 1.040789e+001 -9.532429e+000 3.447352e+000 1.849041e+000 3.498776e+000 -7.463161e+000 -4.903480e+000 -2.539816e+000 -1.823692e+000 -3.475231e+000 8.650458e-001 1.599719e+000 -4.951501e+000 -8.716149e-001 -5.717060e-001 3.438932e-001 -2.935652e+000 -2.296064e+000 7.036680e-001 -1.645712e+000 -8.575118e-001 8.177688e-001 1.731263e+000 1.722638e+000 1.027201e+000 -1.412963e-001 6.987257e-001 -2.874335e-001 -5.656672e-001 1.414607e+000 2.034549e-001 -1.064009e+000 -6.976152e-001 -4.607296e-001 -7.278617e-001 
1.121822e+001 9.692145e+000 -8.527575e+000 2.594316e+000 2.394212e+000 2.525427e+000 -7.213537e+000 -4.855140e+000 -1.790356e+000 -2.932894e+000 -4.098739e+000 -2.009834e-001 1.301313e+000 -4.725526e+000 -9.503444e-001 -4.310659e-001 -7.468965e-001 -2.633654e+000 -3.103429e+000 8.513918e-001 -1.054874e+000 -9.908821e-001 6.234788e-001 1.019980e+000 1.035597e+000 4.273688e-001 8.204470e-002 1.015430e+000 2.627638e-001 -6.151520e-001 9.219184e-001 -8.287816e-002 -1.357524e+000 -6.809342e-001 2.860898e-002 -6.059066e-001 
1.645263e+001 9.793808e+000 -7.428737e+000 4.098036e+000 4.053579e+000 2.020524e+000 -5.528187e+000 -3.580071e+000 -3.971936e-001 -2.239865e+000 -1.836982e+000 3.619876e-001 5.877469e-001 -3.400116e+000 -6.446912e-001 4.918534e-001 -5.734171e-001 -8.085378e-001 -2.368780e+000 1.725138e-001 1.369397e-001 -6.358714e-001 7.490566e-001 6.025339e-001 2.776561e-001 8.451515e-002 4.432338e-001 1.108542e+000 4.090615e-001 -4.330180e-001 2.892612e-001 -6.017625e-002 -3.399457e-001 -1.447236e-001 -7.513362e-001 1.138782e-001 
1.170164e+001 1.071161e+001 -9.035002e+000 2.733936e+000 2.960354e+000 2.742267e+000 -6.659395e+000 -4.019282e+000 -1.228550e+000 -1.987572e+000 -1.618132e+000 -9.968168e-001 4.010950e-001 -3.758392e+000 -9.914488e-001 3.667170e-001 -1.340605e+000 -2.614342e+000 -2.053575e+000 7.541563e-001 -1.623332e-001 -2.988874e-001 -1.320352e-001 4.693818e-001 6.234293e-001 3.857853e-001 1.106763e+000 9.730488e-001 -1.704307e-001 -5.450875e-001 8.740638e-001 -2.491167e-002 -1.403621e+000 -7.055133e-001 -8.593412e-002 6.447583e-002 
8.161727e+000 1.259074e+001 -1.183469e+001 4.154759e+000 3.113623e-001 3.729928e+000 -7.211814e+000 -3.590415e+000 -2.095021e+000 -2.702353e+000 -2.133796e+000 -3.170213e+000 2.687958e-001 -5.608406e+000 -1.334552e+000 -3.989137e-001 -1.813308e+000 -2.590406e+000 -2.625922e+000 2.782203e-001 -3.109623e-001 -5.091417e-001 -1.971607e-001 6.722438e-001 3.925259e-001 7.489049e-001 2.373046e-001 1.315563e+000 1.464283e-001 -1.037096e+000 1.330523e+000 -5.780531e-001 -1.696968e+000 -1.136473e+000 -6.924611e-001 -8.154773e-003 
9.348013e+000 1.215746e+001 -1.041442e+001 4.258099e+000 1.494375e+000 3.033662e+000 -7.290494e+000 -4.461162e+000 -9.709185e-001 -2.255480e+000 -2.109375e+000 -1.663700e+000 -1.833200e-001 -4.966803e+000 -1.297065e+000 -2.721729e-001 -1.399436e+000 -2.577777e+000 -2.481532e+000 4.650741e-001 -6.812028e-001 -4.638222e-001 -5.716763e-003 6.313404e-001 9.324326e-001 4.682737e-001 4.213936e-001 1.178457e+000 -1.440301e-002 -7.940437e-001 1.039388e+000 -3.365421e-001 -1.408862e+000 -8.184757e-001 -7.840617e-001 -5.323563e-001 
9.174003e+000 1.399851e+001 -1.080603e+001 5.165243e+000 3.690632e-001 4.176628e+000 -8.836368e+000 -4.877571e+000 -1.472034e+000 -2.202539e+000 -1.868995e+000 -1.229774e+000 6.462627e-001 -4.349641e+000 -4.875995e-001 -5.578100e-001 -1.079755e+000 -2.677207e+000 -1.598964e+000 1.627382e-001 -2.720155e-001 -7.240463e-001 1.457103e-001 1.409148e+000 8.139237e-001 8.445711e-001 7.326680e-001 1.603471e+000 -4.325532e-001 -6.942739e-001 1.171846e+000 -5.769693e-002 -8.357110e-001 -8.734044e-001 -3.247774e-001 -4.291996e-001 
1.144218e+001 1.317713e+001 -8.071968e+000 2.699755e+000 1.667069e+000 3.031248e+000 -8.416939e+000 -4.418397e+000 -2.079234e+000 -1.912102e+000 -3.801964e+000 -1.255426e+000 6.501309e-001 -3.945778e+000 -9.142827e-001 -1.077900e+000 -1.647028e+000 -3.524201e+000 -2.264235e+000 -2.816951e-001 -5.000439e-001 -9.599096e-001 -6.350180e-002 8.424450e-001 2.173133e-001 2.958190e-001 4.143421e-001 1.587340e+000 -4.727988e-001 -1.137252e+000 4.694395e-001 -4.960465e-001 -1.057208e+000 -4.671431e-001 -3.487761e-001 -5.183598e-001 
8.715053e+000 1.448822e+001 -9.853828e+000 3.932201e+000 -4.166002e-001 5.585494e+000 -9.567265e+000 -5.092351e+000 -1.388558e+000 -2.308737e+000 -3.875061e+000 -1.127128e+000 1.711367e+000 -4.280545e+000 -3.723432e-001 -1.100985e+000 -6.188719e-001 -3.285556e+000 -1.729583e+000 1.814755e-001 -8.670553e-001 -6.722688e-001 8.267414e-001 1.472824e+000 9.587325e-001 5.680373e-001 1.707892e-001 1.638015e+000 -4.277827e-001 -1.518316e-001 1.011518e+000 -6.457377e-002 -1.411563e+000 -3.050007e-001 -1.972246e-001 -6.028389e-001 
8.949984e+000 1.302183e+001 -8.225921e+000 3.040007e+000 6.366163e-001 6.495102e+000 -7.885727e+000 -6.035373e+000 1.753760e-001 -1.698906e+000 -5.136097e+000 -1.913128e+000 2.959278e+000 -5.143239e+000 -2.255248e+000 -1.565848e-001 -9.777153e-001 -3.430083e+000 -2.113074e+000 1.787139e+000 -1.638013e+000 -1.563350e+000 6.682506e-001 1.001305e+000 -1.921420e-001 5.539025e-001 4.542699e-001 1.036382e+000 2.593055e-001 -4.819954e-001 1.116728e+000 -9.268101e-001 -1.314032e+000 -8.104820e-001 -2.063161e-001 -6.450698e-001 
8.031658e+000 1.385828e+001 -1.047015e+001 3.745878e+000 -4.033313e-001 6.472283e+000 -7.139325e+000 -5.965725e+000 5.084953e-001 -2.487577e+000 -5.491139e+000 -2.025377e+000 2.488599e+000 -4.842700e+000 -1.663614e+000 -6.024556e-001 -7.015885e-001 -3.758372e+000 -2.523893e+000 1.996735e+000 -1.620685e+000 -8.359528e-001 3.610152e-001 6.989395e-001 2.166180e-001 5.659504e-001 4.517021e-001 1.013829e+000 5.396692e-001 -5.019847e-001 7.466753e-001 -7.701745e-001 -1.295175e+000 -9.186859e-001 1.789177e-001 -7.933450e-001 
8.577088e+000 1.204876e+001 -8.989675e+000 3.669166e+000 1.836152e+000 5.132856e+000 -7.516389e+000 -5.778521e+000 -5.890430e-001 -2.380911e+000 -5.043775e+000 -2.016318e+000 1.039388e+000 -4.304950e+000 -7.818436e-001 -8.180733e-001 -8.729657e-001 -3.338599e+000 -2.641746e+000 3.780882e-001 -2.374786e+000 -5.830531e-001 4.882283e-001 1.249505e+000 1.116423e+000 4.112430e-001 -2.953232e-001 5.876909e-001 2.036761e-001 -7.736499e-001 6.330647e-001 -3.943871e-001 -9.898449e-001 -1.013042e+000 -3.570795e-002 -6.530116e-001 
9.107729e+000 1.487330e+001 -1.040837e+001 4.128800e+000 9.924698e-002 5.636650e+000 -8.314196e+000 -4.489695e+000 -3.874493e-001 -3.250993e+000 -4.007421e+000 -2.320846e+000 1.322509e+000 -5.072963e+000 -6.301311e-001 -1.476810e+000 -1.297574e+000 -2.890873e+000 -2.496961e+000 5.221537e-001 -1.930074e+000 -2.445860e-001 -2.523601e-001 1.014582e+000 9.470758e-001 2.154519e-001 -2.356215e-001 8.218864e-001 5.149749e-001 -8.342972e-001 6.460851e-001 -6.024997e-001 -1.043897e+000 -1.203034e+000 -1.038539e-001 -7.780266e-001 
8.578155e+000 1.400106e+001 -1.152892e+001 5.970755e+000 4.613268e-001 5.196617e+000 -9.218596e+000 -5.256185e+000 -7.117620e-001 -2.952405e+000 -3.555741e+000 -1.926857e+000 1.238233e+000 -6.265647e+000 -5.956181e-001 -2.160552e+000 -1.231106e+000 -3.332641e+000 -2.271291e+000 1.127931e+000 -1.326800e+000 4.982907e-002 -9.198129e-001 5.309995e-001 8.693360e-002 6.019514e-001 5.297141e-001 1.443412e+000 8.529517e-001 -1.419627e+000 4.733789e-001 -1.143000e+000 -1.155537e+000 -1.074728e+000 2.208812e-001 -4.439710e-001 
9.228752e+000 1.467835e+001 -1.094949e+001 5.058182e+000 1.285324e+000 5.198952e+000 -9.183152e+000 -4.799396e+000 -1.961823e+000 -2.542017e+000 -3.383814e+000 -5.913048e-001 1.473442e+000 -6.053396e+000 -8.609599e-001 -1.995956e+000 -1.391366e+000 -3.377383e+000 -2.159846e+000 1.235300e+000 -1.412071e+000 -6.146656e-001 -2.696613e-001 5.089389e-001 2.721739e-001 7.792616e-001 4.599616e-001 1.455885e+000 2.139274e-001 -1.255169e+000 1.240218e-001 -6.238589e-001 -1.391058e+000 -9.165734e-001 1.332547e-001 -7.882566e-002 
1.010497e+001 1.323145e+001 -1.005684e+001 4.254150e+000 5.449175e-001 4.635193e+000 -8.501138e+000 -4.874898e+000 -2.641763e+000 -1.601330e+000 -3.955077e+000 -4.397263e-001 1.845415e+000 -5.274944e+000 -1.317963e-002 -4.954915e-001 -4.996995e-001 -3.531920e+000 -2.232654e+000 9.554172e-001 -3.788825e-001 -6.029660e-001 9.534554e-001 1.248635e+000 1.224415e+000 9.080927e-001 5.775486e-001 1.790434e+000 -2.573535e-001 -4.231107e-001 6.134914e-001 -2.346614e-002 -1.147478e+000 -3.891568e-001 1.617897e-002 -5.920097e-001 
1.058088e+001 1.281266e+001 -1.028987e+001 5.489102e+000 4.775196e-001 4.934251e+000 -9.146566e+000 -3.976377e+000 -2.713843e+000 -1.508121e+000 -3.933690e+000 -1.279315e-001 8.896077e-001 -5.446641e+000 6.301249e-001 -3.611199e-001 2.902567e-002 -4.686038e+000 -2.858448e+000 4.746934e-002 -5.566540e-001 -4.479339e-001 1.188400e+000 3.095082e-001 1.411174e+000 8.721500e-001 1.269348e-001 1.444172e+000 -8.424790e-001 -2.902983e-001 -4.139630e-001 6.077908e-001 -1.169803e+000 -3.674404e-001 -2.226693e-001 -8.836005e-001 
1.068814e+001 1.215525e+001 -1.076378e+001 4.363244e+000 4.829755e-001 4.302568e+000 -8.632645e+000 -4.105740e+000 -2.866345e+000 -2.067468e+000 -3.540461e+000 2.042061e-001 1.448962e+000 -5.042927e+000 -3.482371e-001 1.688611e-001 1.783603e-001 -3.797250e+000 -2.311892e+000 2.732706e-001 -6.704587e-001 1.201250e-001 1.542925e+000 1.426262e+000 1.888510e+000 9.789816e-001 4.048781e-001 1.706832e+000 -5.426608e-001 -9.090092e-002 3.830358e-001 4.323228e-001 -8.948358e-001 -5.071934e-001 -8.181776e-002 -8.142344e-001 
1.041442e+001 1.289977e+001 -1.035935e+001 4.917456e+000 3.894316e-001 4.613765e+000 -8.508089e+000 -3.387727e+000 -2.324845e+000 -1.494340e+000 -4.184405e+000 -1.260869e-001 1.359460e+000 -5.452132e+000 -1.031012e-001 -3.147633e-001 8.168453e-002 -4.472722e+000 -2.409680e+000 7.856282e-001 -5.859708e-001 -6.479760e-001 9.301015e-001 1.040058e+000 1.418372e+000 8.512593e-001 7.202005e-003 1.403905e+000 -2.533109e-001 -3.417265e-001 3.617307e-001 -1.058175e-001 -1.181078e+000 -2.786000e-001 -4.110491e-001 -7.372538e-001 
9.808697e+000 1.178795e+001 -9.791989e+000 4.079004e+000 1.272740e+000 4.256658e+000 -8.525360e+000 -3.761323e+000 -2.234876e+000 -2.186208e+000 -4.358128e+000 -8.293684e-001 2.414181e-001 -5.966635e+000 -3.654904e-001 -9.896094e-001 1.091019e-001 -3.102867e+000 -2.966879e+000 2.185025e-001 -1.179612e+000 -7.045307e-001 5.376859e-001 1.257443e+000 9.066883e-001 6.540162e-001 -1.036739e-001 1.109684e+000 -5.219885e-002 -7.426933e-001 8.988535e-001 1.956737e-005 -1.238081e+000 -9.829064e-001 -3.734259e-001 -9.457649e-001 
