5.994246 16.27182 -8.096283 3.6645369999999997 -4.150339 -3.7574639999999997 -0.3971205 -3.637962000000001 0.37376800000000004 -1.974406 -2.464801 -0.6201534 -0.9913955000000001 -1.2206019999999997 -2.044469 -2.377818 -0.2894566 0.2967046 -0.23859420000000003 -0.22490600000000002 -0.4717221999999999 -0.6475562999999999 -0.4498346 0.1507529 
6.29148 16.72717 -8.931227 3.746447 -4.461703 -4.072409999999999 -0.1447946 -5.067156 -0.025665899999999995 -2.193004 -2.3722880000000006 -0.549986 -1.209208 -1.316288 -1.7824539999999998 -2.35139 -1.130172 -0.0358396 -0.3729441 -0.101599 -0.3382548 -1.088713 0.001449705 -0.07213000999999998 
8.271498 14.781639999999998 -6.965666999999998 3.1770579999999997 -3.7140449999999996 -3.5870740000000003 -1.972104 -4.381187 -0.3810783 -1.742485 -2.257557 -0.752399 -0.9173958999999999 -1.408479 -1.6993919999999998 -1.9201619999999997 -1.2416289999999999 -0.3011514 -0.2753249 -0.27715470000000003 -0.7169588 -0.7550735 0.22734990000000005 0.022196799999999996 
8.103993000000001 15.028499999999998 -7.440353000000001 3.036255 -4.155275 -4.2608880000000005 -1.9887479999999997 -4.021508 -0.7875061 -1.57859 -1.881314 -1.814909 -1.928203 -1.4822299999999997 -1.466794 -2.1665260000000006 -1.517196 -0.4151182000000001 -0.03434531 -0.3918322 -0.9633358000000001 -0.6775626 0.06466996999999998 0.6782483 
7.695515 14.690420000000001 -7.445331000000001 2.5157780000000005 -4.008068000000001 -4.4296739999999994 -1.618812 -3.9609060000000005 -0.7357107000000002 -1.6929650000000005 -2.5547350000000004 -1.9653829999999997 -2.3657989999999995 -1.4901040000000003 -1.9366869999999996 -2.3997169999999994 -1.052367 -0.4341371 -0.21024700000000002 -0.4803202 -0.7164685 -0.6777774 -0.20103169999999998 0.9034912000000002 
7.664355999999999 13.640960000000003 -6.894755000000002 1.0794689999999998 -3.556497 -2.7570550000000003 -0.47716229999999993 -2.878342 -0.5064569 -2.126376 -3.1556600000000006 -2.286078 -2.542728 -1.8052460000000001 -1.886338 -2.853149 -1.6102829999999995 0.6779818 0.30783089999999996 -0.3027126 -0.42749529999999997 -1.069737 0.1511641 0.7541012 
5.381751 15.38292 -8.440319 2.217262 -4.212536 -1.748704 -0.2914788 -3.1236150000000005 1.234831 -3.0320460000000002 -3.073682 -2.4572040000000004 -2.179009 -2.0201120000000006 -2.705122 -2.287803 -1.7816910000000001 0.8158019999999999 0.4622142 -0.3703536 -0.09605178000000002 -1.246588 0.4287136 0.28363620000000006 
5.210715 17.50917 -7.677962999999999 2.6063429999999994 -3.6751539999999996 -1.49236 -1.1666 -3.5782619999999996 1.9229610000000004 -2.273882 -2.806723 -2.427628 -1.5856899999999998 -1.891456 -2.091193 -2.076019 -1.082713 0.5301925 0.4782642 -0.08722954 -0.508163 -0.6703881000000002 0.1959729 0.6208076 
6.074824 16.63767 -7.085583999999999 1.2971710000000003 -3.8799360000000003 -2.12635 -1.6481220000000003 -3.1553879999999994 0.6867080999999999 -1.7502840000000002 -3.445428 -2.872035 -1.736542 -2.463474 -2.083256 -2.335189 -1.246563 0.39417519999999995 0.4321842 -0.08269933 -0.9279085 -0.5719792 0.14425599999999997 0.5072333000000001 
6.2763029999999995 16.97686 -6.801693 1.245061 -3.8020740000000006 -1.46579 -0.6938969999999999 -1.9853880000000002 1.122313 -2.407904 -3.3323019999999994 -2.270934 -1.655607 -2.462774 -1.8829460000000002 -2.35864 -1.119096 0.7495726 1.140305 0.09268688000000001 -1.112334 -0.34511320000000006 0.005301565 0.616496 
6.34668 15.820189999999998 -5.828184 0.5532223 -3.075552 -1.577472 0.2080719 -1.3878210000000002 0.3178085 -2.012867 -3.4401210000000004 -2.331524 -2.13273 -2.4051639999999996 -2.14859 -2.304878 -0.9784959000000002 0.8737513999999998 1.2017550000000001 0.1306783 -0.6671424000000001 -0.5826523 -0.17535940000000003 0.7304459000000001 
5.258081 15.42245 -7.137196000000001 1.007746 -3.856673999999999 -1.3494930000000003 -0.8201663999999999 -2.310518 0.5923626 -2.379691 -3.658977 -3.1266579999999995 -2.541649 -3.234749999999999 -2.283339 -2.495535 -1.596916 0.7668619999999999 0.8933082 0.2385172 -0.9104625999999999 -0.7893323 0.1543727 0.5255953 
3.2821190000000007 16.34357 -7.470571999999999 3.6084950000000005 -3.0501609999999997 -1.1515640000000003 -0.9588004999999999 -2.047284 2.2578290000000005 -1.8331130000000004 -2.143307 -3.728082 -3.073587 -3.686833 -1.5059950000000002 -1.713742 -1.168899 1.042891 0.48322030000000005 0.6837973 -0.5562996 -0.2700029 -0.026578219999999993 0.8446309999999999 
2.807411 16.605549999999997 -8.566522 2.9385629999999994 -3.276592999999999 -0.1114214 0.02534517 -2.634444 3.0529979999999997 -3.046431 -3.1225440000000004 -3.114372 -2.866199 -3.968425 -2.447296 -1.721304 -2.09665 0.9954403999999999 1.439038 0.8687845000000001 -0.780395 -0.1686656 0.46031740000000004 0.3372072 
6.125974 14.838319999999998 -6.218330000000001 1.212042 -3.1186280000000006 -1.591411 -0.38922390000000007 -2.674982 0.2781735 -2.9654400000000005 -3.8499030000000003 -1.357838 -2.1355539999999995 -2.756862 -2.113967 -2.1305170000000007 -1.484745 0.3742276 1.200166 0.24128330000000003 -0.7176986000000001 -0.7836955000000001 -0.09902827999999998 0.31843740000000004 
6.956491 16.67218 -7.013736000000001 2.431453 -2.997733 -3.0089700000000006 -1.399742 -2.63673 0.3067969 -2.4498840000000004 -2.3984039999999998 -0.9015902000000001 -1.4832219999999998 -1.7529159999999995 -1.150861 -2.1229219999999995 -1.3372469999999999 0.3864626 0.4412615 -0.06967206999999999 -0.4989945000000001 -0.7862253 -0.2948499 0.8261041999999998 
4.972983 17.99348 -9.300409 2.688928 -4.193677 -4.402957999999999 -1.917073 -3.978484000000001 0.9652466000000002 -4.195452 -2.956619 -1.135705 -1.002294 -1.995849 -2.4093510000000005 -2.0215150000000004 -2.187737 -0.02371804 0.49141049999999986 -0.660975 -0.9671788 -1.035308 0.3824716000000001 -0.03804268 
6.713639 15.943 -6.473627 1.7856070000000002 -3.1393039999999997 -3.9244610000000004 -2.335428 -3.0294789999999994 -0.12319190000000001 -3.356196 -2.765779 -0.1705687 -0.9508976000000001 -1.51318 -1.983316 -2.107172 -1.819903 -0.5051880999999999 0.789694 -0.08999095999999998 -1.127243 -0.9986291000000003 0.1142472 0.3442531 
10.52538 13.396370000000001 -2.9736359999999995 1.7132730000000005 -0.9455191999999999 -3.621648 -1.4736379999999998 -1.5432559999999997 -0.035348 -1.219005 -1.7561079999999998 0.40581129999999993 -0.07501299 -0.638055 -0.7287048 -1.436769 -0.7568262 -0.009707271000000002 0.22384779999999999 0.00406435 -0.4341224000000001 -0.43056619999999995 0.05729771 0.5680115 
8.434126 13.984880000000002 -6.172908999999999 2.5127519999999994 -2.4949809999999997 -3.0104569999999997 -0.1587248 -2.480871 -0.4491743000000001 -1.558781 -2.165896 -0.5531568 -0.8856905 -0.7422329000000001 -1.5480479999999999 -2.452254 -0.6762870000000001 0.4892053 0.3739047 0.11319610000000001 -0.44868229999999987 -0.7999647000000001 -0.2743791 0.49834999999999996 
5.722461000000001 16.31329 -8.325134 3.0896429999999997 -4.058895 -5.021006 -0.6770551 -5.099046 -0.14308619999999997 -1.083172 -3.001958 -0.6623123 -2.5024529999999996 -1.897297 -1.5400810000000003 -2.593605 -0.5398899999999999 -0.5388219 -0.17866359999999998 -0.18115569999999998 -1.2079129999999998 -0.8813649000000001 -0.1712053 0.7521695 
7.965353 15.89201 -8.070814 2.636472 -4.008869 -4.556787 -0.5413714 -3.7069079999999994 0.3097195 -1.5240899999999997 -2.9413720000000003 -0.8348728999999999 -2.122366 -1.5404730000000002 -1.6779879999999996 -2.152765 -0.320894 -0.43431290000000006 9.28318E-4 -0.2008523 -0.9509285 -0.6482888 -0.3374337 0.44599620000000006 
7.361538000000001 15.18306 -6.766807 2.311244 -4.994255 -5.054665 -1.1756150000000003 -2.9562880000000002 -0.8777974999999999 -1.6431699999999998 -2.244812 -1.7538699999999996 -2.231392 -2.200097 -1.8875849999999998 -1.8581090000000002 -0.9215685000000001 -0.23843940000000002 -0.21434100000000006 -0.5539915999999999 -0.8926537000000001 -0.5190727 -0.1630376 0.2156696 
8.026207 14.73889 -6.844278000000001 2.537058 -4.368626 -4.185130999999999 -1.1238530000000002 -2.7413370000000006 -0.27432759999999995 -1.7617290000000003 -2.291395 -1.626932 -2.2157650000000007 -2.19243 -2.2583230000000003 -2.0048619999999997 -0.06673866 0.2609598 -0.7182196999999999 -0.7106719999999999 -0.18723660000000003 -0.1807097 -0.4580351 0.1254687 
7.0731329999999994 13.899689999999996 -7.340674 2.036761 -3.9077519999999994 -3.028457 -0.3977762 -3.000549 0.1868744 -2.379626 -2.999454 -1.973772 -3.319457 -2.498359 -2.5345030000000004 -2.178372 -0.2430668 0.33552090000000007 -0.3472833 -0.6378284 0.0140315 -0.35205490000000006 -0.4775033 0.24165860000000003 
4.691149 17.98862 -10.25958 2.692014 -4.115099999999999 -2.016007 0.2628991 -4.007531 2.137375 -4.244613 -2.154486 -2.1453449999999994 -2.046692 -1.751747 -3.3068400000000002 -1.517882 -1.663549 0.9969099000000001 0.154554 -0.8361375999999999 0.3180709 -1.268352 0.46190899999999996 -0.2884631 
7.188836000000001 16.401569999999996 -8.380879 1.6108969999999998 -3.6213319999999998 -2.345699 -0.8780699 -2.8258170000000002 0.7962109 -2.496456 -2.740824 -1.7351139999999998 -2.0664790000000006 -2.050414 -2.496072 -1.924683 -0.8709993000000001 0.4849142999999999 0.09767203999999999 -0.5566225 -1.8231410000000002E-4 -0.5990891 -0.1272801 0.18799260000000004 
6.739632 15.075540000000002 -7.138787999999999 0.2796565 -3.1632749999999996 -2.083518 -1.3889739999999997 -2.462507 0.44080280000000005 -1.435846 -2.8631090000000006 -2.846667 -2.87557 -2.642419 -1.9354820000000001 -1.7909140000000003 -0.8339587999999998 0.37159610000000004 0.1798465 -0.09801742999999999 -0.3779431 -0.530744 -0.1614561 0.28618269999999996 
6.192965999999999 14.67685 -6.561179000000001 0.6432833000000001 -2.906974 -2.419024 -1.232308 -1.817088 0.9730771000000001 -2.1501370000000004 -3.596861 -2.13983 -2.7113669999999996 -3.054411 -2.216448 -1.8545490000000002 -1.0325299999999997 0.22746010000000003 0.6771193000000001 0.05613279999999999 -0.6021328 -0.3603852 0.11587349999999999 0.30441619999999997 
4.225452 16.24735 -7.253585999999999 2.7861860000000003 -2.535684 -1.492516 -0.9056642999999999 -2.990153 1.814093 -2.437579 -3.195323 -1.8028879999999998 -2.3079889999999996 -2.4939199999999997 -1.9194549999999997 -1.5669939999999998 -1.258037 0.27211730000000006 1.043188 0.002447835 -0.6462203999999999 -0.3574639 0.2165796 0.6190544 
4.212381999999999 14.118480000000002 -5.616472000000001 0.7550793999999998 -3.1786500000000006 -1.842585 -0.5905576 -3.671471 -0.4719071000000001 -2.0824980000000006 -3.9033130000000003 -2.239653 -2.160827 -2.374324 -2.225626 -2.492924 -1.548349 0.16816769999999998 0.45906549999999996 -0.07044669999999999 -0.47660569999999997 -0.688126 0.14107270000000002 0.4473791999999999 
4.439588999999999 15.559709999999999 -6.645671 1.423192 -4.017649 -0.7477445 0.06429847 -2.599764 0.5859353 -2.349416 -3.6788470000000006 -2.38508 -1.1242719999999997 -2.413758 -2.443482 -2.311308 -1.2856249999999998 0.7470327 0.8103533 0.17002239999999996 -0.5924744 -0.5303119 0.1793985 0.1401002 
4.698647 17.34841 -8.567707999999998 1.4867810000000001 -4.460186 -0.5512296 -0.6799606999999999 -2.6824979999999994 1.0389859999999997 -2.9127149999999995 -2.7675389999999997 -2.8323889999999996 -0.9525882 -3.1647700000000003 -1.7335410000000002 -2.577387 -1.6057780000000004 1.0238060000000002 0.4230459999999999 0.7073330000000001 -1.1689559999999999 -0.447435 -0.2687895 0.5829965 
6.773299000000001 14.58475 -7.369726 0.7605904 -3.499715000000001 -1.8201889999999996 -0.6179674 -1.858155 0.4851910999999999 -3.2412929999999998 -3.6842399999999995 -1.575543 -2.158561 -2.847649 -2.293351 -2.2420259999999996 -1.139074 0.6474801 0.6689521000000002 0.15462639999999997 -0.42695919999999987 -0.9185977999999999 -0.310939 0.298221 
5.07086 18.76897 -7.950994000000001 2.5869630000000003 -5.401001 -2.638049 0.18670809999999996 -3.529716 1.501218 -3.352839 -2.197792 -0.6726580000000001 -1.5054420000000002 -1.931614 -1.572958 -1.207027 -1.8592510000000002 0.18690110000000001 1.397151 0.1263533 -1.163063 -1.1254410000000001 0.31279039999999997 0.5235822 
4.438464 18.9782 -9.778496000000002 2.6942939999999997 -5.223637 -4.431193999999999 -1.023944 -5.207356 1.667356 -4.233012000000001 -1.9191350000000003 -1.4918549999999997 -2.3684289999999995 -1.5591240000000002 -2.596686 -1.176889 -2.39053 0.12329270000000002 0.17899069999999997 -0.7472487 -0.45800300000000005 -1.709854 0.4755965999999999 0.1552104 
5.274828 18.86948 -9.138135 3.4362239999999997 -3.6492280000000004 -4.458799 -2.037996 -3.768774 2.2236310000000006 -3.3331209999999993 -1.62199 -1.320525 -2.148388 -1.060399 -1.9544980000000005 -1.118168 -1.738446 0.11354869999999997 0.24240949999999997 -0.6836571 -0.2898687 -1.2782420000000003 0.20652479999999998 0.4886094 
