-2.269393e+000 1.974607e+001 -9.447969e-001 3.949009e+000 4.862251e-001 -1.656271e+000 -3.955479e-001 1.909766e-001 1.514176e+000 -2.151249e-001 1.678865e+000 -1.632358e-001 -1.686501e+000 -1.479450e+000 -1.978935e-002 -8.651802e-001 -1.393364e+000 2.429128e-002 5.527983e-002 3.106027e-001 1.441989e-001 -8.577198e-001 -6.540754e-001 5.630795e-001 
-2.057457e+000 1.746340e+001 1.596064e+000 3.153833e+000 1.434709e+000 -1.096034e+000 -1.674907e-001 1.620205e+000 1.682964e+000 -6.270301e-001 1.830245e-001 -3.951684e-002 -1.221840e+000 -5.190854e-001 -1.540436e-001 -1.139067e+000 -8.314860e-001 -4.272976e-001 -5.386506e-001 -9.061949e-002 -6.323268e-002 -9.321141e-001 -4.183241e-001 7.250537e-001 
-5.768221e+000 1.860064e+001 2.283647e+000 2.540137e+000 1.027539e+000 -5.082466e-002 4.984996e-001 1.115151e+000 1.129713e+000 -9.070933e-001 2.881599e-001 -4.157152e-001 -1.335204e+000 3.370909e-002 7.114748e-001 -8.889958e-001 -1.043964e+000 -7.414711e-001 -6.478018e-001 -1.587524e-001 -5.690815e-002 -1.023671e+000 -2.564557e-001 8.090766e-001 
-5.591205e+000 1.770998e+001 4.522044e+000 7.060825e-001 -1.180758e-001 -4.046788e-002 2.770543e-001 3.941484e-001 5.406414e-001 5.720182e-002 2.176387e-001 -3.173236e-001 -4.268652e-001 2.309200e-001 5.295941e-001 -4.464226e-001 -1.079378e+000 -1.026034e+000 -5.582278e-001 -3.030835e-001 -3.246825e-001 -4.579703e-001 3.434538e-002 4.315516e-001 
-9.984959e+000 2.040041e+001 4.125550e+000 1.346762e+000 1.024517e+000 2.297121e-001 1.099150e-001 8.823632e-001 7.820804e-001 -5.461714e-001 -9.629108e-002 -9.075666e-001 -2.926018e-001 1.759918e-001 8.936115e-001 -3.373621e-001 -1.159717e+000 -9.529664e-001 -8.482476e-001 -4.681706e-001 1.455911e-001 -6.232350e-001 -7.702226e-002 5.436446e-001 
-7.165217e+000 1.621906e+001 5.688785e+000 2.366113e+000 1.410371e+000 4.715614e-001 3.029543e-001 8.133401e-001 9.529589e-001 -1.602572e-001 -7.772449e-001 -8.747061e-001 -3.127788e-001 1.398604e-001 2.799708e-001 -2.935551e-001 -8.810493e-001 -1.089178e+000 -7.639111e-001 -2.565418e-001 -1.320032e-001 -2.530279e-001 3.938680e-002 3.718553e-001 
-1.146168e+001 2.080148e+001 4.960417e+000 2.637953e+000 2.175676e+000 -2.267912e-001 -3.497762e-001 1.848769e-001 1.220495e+000 -1.751493e-001 9.471976e-002 -8.078589e-001 9.694750e-002 -3.411576e-001 1.396407e-002 -9.099698e-001 -1.112343e+000 -5.469345e-001 -3.845779e-001 6.483864e-002 -4.617340e-001 -5.178695e-001 -2.653530e-001 7.691182e-001 
-6.396521e+000 1.588211e+001 6.086477e+000 3.203476e+000 2.191088e+000 5.791114e-001 -4.327059e-001 -2.017190e-001 3.953093e-001 1.534649e-001 -2.250651e-001 -3.662143e-001 4.934562e-002 7.572581e-002 -3.426896e-001 -1.111302e+000 -1.142437e+000 -6.256430e-001 -8.054198e-002 -1.935484e-002 -3.691718e-001 -5.674215e-001 -2.038551e-001 2.076279e-001 
-8.753231e+000 1.803463e+001 6.456842e+000 2.675124e+000 1.759021e+000 6.117077e-001 3.005535e-001 6.903559e-001 7.050582e-001 -1.086540e-001 -1.060197e+000 -1.145494e+000 -1.975951e-001 4.292171e-001 3.757218e-001 -4.296567e-001 -8.574982e-001 -1.133982e+000 -8.820969e-001 -6.135152e-001 -1.133296e-001 -4.943274e-002 -6.405254e-002 -5.825062e-002 
-9.514072e+000 1.734451e+001 6.728305e+000 3.774487e+000 2.439206e+000 1.063237e+000 7.131948e-001 9.261452e-001 6.325001e-001 -8.911550e-001 -1.213935e+000 -1.009224e+000 -1.519001e-001 2.381763e-001 5.243384e-001 -1.280612e-001 -9.745571e-001 -1.349966e+000 -9.437732e-001 -6.163159e-001 -4.718135e-001 -2.480749e-001 1.379501e-001 2.539738e-001 
-6.190986e+000 1.626336e+001 6.420489e+000 3.664078e+000 2.361326e+000 1.190156e+000 4.685047e-001 2.002473e-001 2.709471e-001 -3.431203e-001 -6.303349e-001 -6.488787e-001 -3.132780e-001 -3.026416e-001 2.072802e-002 -5.500744e-002 -6.682612e-001 -1.038120e+000 -8.902799e-001 -7.361213e-001 -4.940902e-001 -2.680023e-001 -1.393993e-001 2.291933e-002 
1.018010e+000 1.951872e+001 3.330010e+000 2.205540e+000 9.409417e-001 -4.691665e-001 -7.212272e-001 -4.648363e-001 4.759688e-001 -5.381808e-002 -2.467915e-001 -1.623548e-001 -5.695153e-001 -9.941622e-001 -3.693271e-001 -4.507162e-001 -7.808350e-001 -4.315059e-001 -4.358403e-001 -5.793829e-001 -2.601025e-001 -3.193289e-001 -6.457408e-001 -3.957670e-001 
3.480173e+000 1.879646e+001 3.446687e+000 4.080261e+000 4.732565e-001 -2.737829e+000 -3.104602e+000 -1.123422e+000 5.862680e-001 -7.941283e-001 -1.380674e+000 -7.047496e-001 -2.809607e-001 -6.325043e-001 1.210850e-001 9.095007e-002 -4.993751e-001 -1.898443e-001 -6.132918e-001 -7.647180e-001 -3.401810e-001 -6.410252e-001 -9.160614e-001 -5.365362e-001 
7.092925e+000 1.710439e+001 3.184896e+000 2.734759e+000 4.074018e-001 -2.681985e+000 -3.865912e+000 -2.163789e+000 -1.105299e-001 -1.017281e+000 -1.550827e+000 -4.264277e-001 4.504835e-001 -4.191560e-001 -9.560936e-001 -4.596757e-001 -8.768901e-002 -1.287553e-001 -5.411270e-001 -9.216809e-001 -6.182131e-001 -7.151566e-001 -1.003164e+000 -2.013597e-001 
7.098060e+000 1.870482e+001 1.297418e+000 4.112348e+000 -4.497308e-002 -1.589162e+000 -4.305988e+000 -2.869246e+000 -4.830267e-002 -9.696633e-001 -9.975727e-001 -4.240057e-001 1.510389e+000 -7.742980e-001 -1.966782e+000 -5.093199e-001 -4.298257e-001 1.191178e-001 -4.159747e-001 -8.136295e-001 -3.746207e-001 -8.966116e-001 -1.293828e+000 -9.639321e-001 
8.612974e+000 1.721913e+001 1.059341e+000 5.185565e+000 -3.813715e-002 -2.061571e+000 -4.381463e+000 -2.268378e+000 -2.073963e-001 -1.287601e+000 -9.546580e-001 -9.461689e-001 1.703829e+000 -8.146636e-001 -2.084589e+000 -9.275942e-002 -6.335476e-001 2.919125e-001 -8.132643e-001 -1.311338e+000 -3.869263e-002 -9.386503e-001 -1.076006e+000 -9.216118e-001 
9.662762e+000 1.586237e+001 1.237322e+000 3.552830e+000 3.166086e-001 -2.810710e+000 -4.259474e+000 -2.149632e+000 -4.772241e-001 -1.724067e+000 -1.392469e+000 -2.884381e-001 1.023673e+000 -8.672480e-001 -2.001672e+000 -6.209641e-001 -2.323614e-001 -1.352574e-001 -1.116620e+000 -1.116884e+000 -5.548037e-002 -6.443015e-001 -1.262411e+000 -1.093947e+000 
8.937885e+000 1.689933e+001 -3.647373e-001 4.630448e+000 -7.284745e-002 -2.699771e+000 -4.876914e+000 -2.617275e+000 -3.914818e-001 -1.923118e+000 -6.844956e-001 -3.924008e-001 7.997303e-001 -1.005630e+000 -2.201047e+000 -8.318237e-001 -4.844602e-001 2.778965e-001 -1.252144e+000 -9.459964e-001 3.556399e-001 -1.147407e+000 -1.386416e+000 -9.812242e-001 
1.543275e+001 1.076895e+001 2.836399e+000 1.809768e+000 4.761815e-001 -2.062593e+000 -2.619925e+000 -1.101562e+000 -5.025967e-001 -1.143507e+000 -7.846742e-001 3.897093e-001 6.183117e-001 -4.870783e-001 -8.538665e-001 -3.033373e-001 -5.422799e-002 -3.577811e-001 -8.166234e-001 -5.057921e-001 7.775523e-003 -2.173323e-001 -5.218557e-001 -4.212877e-001 
-1.298355e+000 1.809467e+001 4.094505e-001 3.264639e+000 8.431509e-001 -1.796819e+000 -3.569333e-001 5.298059e-001 9.578928e-001 1.968886e-001 1.379195e+000 1.390115e-001 -1.888299e+000 -1.398780e+000 -3.530863e-002 -9.901449e-001 -1.291618e+000 -3.322701e-002 1.615028e-001 1.635163e-001 1.464542e-001 -8.465469e-001 -6.059495e-001 4.413415e-001 
-2.347360e+000 1.722166e+001 1.774232e+000 3.118245e+000 1.599072e+000 -1.114746e+000 -3.133479e-001 1.649263e+000 1.767272e+000 -6.321703e-001 2.327116e-001 -8.893341e-002 -1.278750e+000 -5.107570e-001 -8.725688e-002 -1.139051e+000 -8.240754e-001 -4.355858e-001 -6.108661e-001 -7.839314e-002 1.951537e-002 -9.351445e-001 -4.431850e-001 6.808045e-001 
-6.159362e+000 1.843267e+001 2.512094e+000 2.505612e+000 1.096570e+000 -1.482986e-001 4.969134e-001 1.055763e+000 1.179414e+000 -9.610301e-001 2.876540e-001 -4.568107e-001 -1.224445e+000 5.230994e-002 7.321056e-001 -8.834668e-001 -1.109166e+000 -6.512534e-001 -7.412478e-001 -1.887682e-001 -7.847171e-002 -9.134002e-001 -3.124574e-001 8.257082e-001 
-7.376132e+000 1.912184e+001 4.249139e+000 6.589832e-001 -2.163479e-001 -1.883370e-001 2.428810e-001 4.638948e-001 8.431267e-001 -3.717298e-001 2.502340e-001 -2.849489e-001 -3.638311e-001 2.602506e-001 6.623274e-001 -5.715512e-001 -1.086700e+000 -9.391994e-001 -6.496312e-001 -2.084329e-001 -3.501540e-001 -5.571851e-001 3.216623e-002 6.365105e-001 
-9.730818e+000 1.971235e+001 4.592621e+000 1.255487e+000 1.001774e+000 -5.160604e-002 1.453270e-001 8.273247e-001 1.024672e+000 -6.682364e-001 -3.397633e-001 -8.805269e-001 -1.488693e-001 2.723925e-001 6.806952e-001 -2.829737e-001 -1.149256e+000 -8.926031e-001 -8.195823e-001 -3.176098e-001 -1.540001e-001 -4.525476e-001 -4.281633e-002 5.078986e-001 
-8.786694e+000 1.726568e+001 5.756789e+000 2.119657e+000 1.431384e+000 3.838370e-001 2.758266e-001 7.609284e-001 1.095873e+000 -1.706211e-001 -7.463352e-001 -9.630646e-001 -2.184955e-001 6.547071e-002 2.769039e-001 -2.791469e-001 -8.842001e-001 -1.125469e+000 -7.194504e-001 -2.089850e-001 -1.499496e-001 -3.804937e-001 6.136027e-002 4.699096e-001 
-1.001540e+001 1.897321e+001 5.653980e+000 2.530277e+000 1.956835e+000 -5.683723e-002 -4.552284e-001 1.837738e-001 1.096519e+000 2.517705e-001 -1.321505e-001 -6.628143e-001 -6.251885e-002 -2.071772e-001 -6.343310e-002 -8.228683e-001 -1.058686e+000 -8.513200e-001 -3.184462e-001 3.488651e-002 -2.986394e-001 -6.139141e-001 -1.845589e-001 4.937172e-001 
-7.997832e+000 1.702762e+001 6.071163e+000 3.030349e+000 2.260515e+000 5.557887e-001 -5.304413e-001 -1.536507e-001 7.199668e-001 2.603453e-001 -3.088485e-001 -4.687709e-001 1.039621e-001 1.196562e-001 -2.631535e-001 -1.185347e+000 -1.205543e+000 -6.400675e-001 -1.081682e-001 -1.977325e-002 -4.504696e-001 -6.337658e-001 -1.765921e-001 3.211977e-001 
-7.064170e+000 1.653158e+001 6.499127e+000 2.914565e+000 1.592258e+000 6.833391e-001 5.109081e-001 6.283761e-001 6.619062e-001 -2.948184e-001 -9.981046e-001 -1.058631e+000 -1.512593e-001 3.573296e-001 2.901794e-001 -3.094508e-001 -8.526876e-001 -1.107822e+000 -9.912207e-001 -5.827366e-001 -1.801856e-001 -1.665929e-002 -6.258308e-002 -4.311103e-002 
-1.325677e+001 2.044409e+001 6.158469e+000 3.750068e+000 2.435537e+000 8.328659e-001 7.582882e-001 7.812732e-001 1.297103e+000 -1.693185e+000 -8.612324e-001 -1.426519e+000 3.957163e-001 -5.447777e-002 7.674257e-001 -2.599641e-001 -1.063578e+000 -1.114412e+000 -1.129168e+000 -5.185757e-001 -5.863700e-001 -8.290280e-002 7.240389e-003 3.842792e-001 
-6.020060e+000 1.616419e+001 6.294684e+000 3.596927e+000 2.434076e+000 1.226191e+000 3.674452e-001 1.315276e-001 2.645797e-001 -4.166630e-001 -6.807287e-001 -5.035772e-001 -1.844038e-001 -3.129716e-001 -9.009651e-002 -1.148846e-001 -6.146704e-001 -9.974393e-001 -8.784374e-001 -6.727094e-001 -4.888987e-001 -3.083596e-001 -1.849065e-001 -5.581464e-002 
-6.014231e-001 2.139112e+001 1.976453e+000 2.897277e+000 6.980419e-001 -6.180029e-001 -6.713109e-001 -6.476521e-001 7.613158e-001 -3.506108e-001 -1.657524e-001 -2.938344e-001 -4.821512e-001 -1.090225e+000 -2.701799e-001 -4.175899e-001 -8.077489e-001 -2.873066e-001 -4.519469e-001 -6.461624e-001 -1.891035e-001 -3.025559e-001 -7.768510e-001 -3.935465e-001 
2.173355e+000 1.968372e+001 2.635215e+000 4.516201e+000 2.376955e-001 -2.665888e+000 -2.959807e+000 -1.238882e+000 5.298168e-001 -8.828410e-001 -1.288072e+000 -7.517953e-001 -1.996515e-001 -6.260602e-001 2.279939e-001 -7.680535e-002 -6.830654e-001 -2.082410e-001 -6.255707e-001 -7.304268e-001 -3.270945e-001 -5.265909e-001 -1.013254e+000 -5.880676e-001 
4.363329e+000 2.010003e+001 1.185649e+000 4.325862e+000 -4.067603e-001 -2.242417e+000 -4.028325e+000 -2.239663e+000 1.936678e-002 -1.261493e+000 -1.126882e+000 -6.999379e-001 9.532731e-001 -6.625679e-001 -9.978099e-001 -6.458427e-001 -2.322326e-001 1.204891e-001 -5.064405e-001 -8.926535e-001 -7.362268e-001 -4.996203e-001 -1.201460e+000 -2.531822e-001 
5.855370e+000 1.995710e+001 1.408779e-001 5.151422e+000 -4.345622e-001 -1.132055e+000 -4.580571e+000 -2.946645e+000 -7.532315e-002 -1.112573e+000 -6.706870e-001 -4.772669e-001 2.040863e+000 -1.036625e+000 -1.861664e+000 -7.791640e-001 -4.715663e-001 2.037663e-001 -2.733787e-001 -5.760965e-001 -4.367040e-001 -8.943420e-001 -1.556469e+000 -1.069606e+000 
7.830226e+000 1.754030e+001 2.282904e-001 5.384804e+000 -1.755114e-001 -2.037010e+000 -4.676605e+000 -2.626502e+000 -4.131010e-001 -1.251581e+000 -8.521106e-001 -9.568211e-001 1.808226e+000 -8.692079e-001 -2.001890e+000 -2.575863e-001 -8.840489e-001 2.581827e-001 -6.138065e-001 -1.059431e+000 -6.856399e-002 -1.095998e+000 -1.230388e+000 -1.038643e+000 
6.734991e+000 1.929410e+001 -1.628795e+000 6.066455e+000 -1.305313e+000 -1.758720e+000 -5.184202e+000 -2.019195e+000 -1.767849e-001 -2.003925e+000 -7.703192e-001 -1.079047e+000 1.620331e+000 -1.326459e+000 -1.664232e+000 -6.799099e-001 -2.041012e-001 -1.450848e-001 -1.291969e+000 -9.281710e-001 2.235055e-002 -5.505821e-001 -1.461242e+000 -1.164616e+000 
