4.447759e+000 2.060856e+001 -5.556654e+000 1.068269e+000 -4.418930e-001 2.702425e+000 -1.545274e+000 -1.972187e+000 1.494074e+000 -2.273449e+000 -8.697100e-001 2.936831e-001 2.203577e+000 -1.331808e+000 3.113594e-001 6.552804e-001 -1.334702e+000 -1.369331e+000 -4.597653e-001 5.412253e-001 -1.314018e+000 -4.912169e-001 -5.739615e-001 -8.972326e-001 
3.278977e+000 2.046693e+001 -5.361469e+000 6.139238e-001 1.671028e+000 1.974862e+000 -7.873550e-001 -1.315451e+000 1.889004e+000 -1.589801e+000 -1.979148e+000 6.833954e-001 1.410594e+000 -1.037708e+000 -2.428275e-001 -4.531451e-002 -1.123157e+000 -1.192561e+000 -3.994878e-001 1.948086e-001 -1.165126e+000 -6.958906e-001 -1.544051e-001 -8.059418e-001 
3.359261e+000 1.954620e+001 -5.297655e+000 9.048318e-001 2.141563e+000 7.271528e-001 1.106518e-001 -6.456495e-001 1.478485e+000 -1.268006e+000 -1.518919e+000 1.242175e+000 4.746111e-001 -9.530819e-001 -7.020422e-002 -6.975130e-001 -1.269594e+000 -1.029536e+000 -6.737720e-002 3.061993e-001 -7.815178e-001 -7.374109e-001 -4.267768e-001 -4.630722e-001 
3.917361e+000 2.125835e+001 -5.506671e+000 4.629373e-002 2.616613e+000 1.952847e+000 -7.397451e-001 -2.264010e+000 1.251481e+000 -1.595588e+000 -2.103485e+000 1.804271e+000 1.445656e+000 -1.209670e+000 -4.232597e-001 4.115304e-002 -7.625542e-001 -1.513444e+000 -1.198483e-001 2.209129e-001 -1.206300e+000 -7.100046e-001 -5.215651e-001 -6.443753e-001 
4.514887e+000 1.838464e+001 -3.416280e+000 -1.923819e-001 2.709808e+000 1.175665e+000 -1.185310e+000 -1.398565e+000 1.020869e+000 -1.268551e+000 -1.966612e+000 1.397181e+000 1.084511e+000 -1.116833e+000 -3.927659e-002 4.076083e-001 -6.244967e-001 -7.287111e-001 3.554661e-001 -6.898659e-002 -2.121887e+000 -1.526403e+000 9.202837e-002 -4.197927e-001 
3.311004e+000 2.208615e+001 -5.914688e+000 1.175914e+000 1.858703e+000 1.969051e+000 -8.097025e-001 -1.677415e+000 2.006236e+000 -2.366044e+000 -1.204235e+000 3.064612e-001 1.982236e+000 -1.445323e+000 6.717415e-002 -4.713664e-001 -1.403137e+000 -7.229667e-001 -3.079476e-001 7.751734e-001 -1.938453e+000 -8.690023e-001 -2.898161e-001 -3.265969e-001 
2.956065e+000 1.938372e+001 -4.935439e+000 1.343232e-001 1.968513e+000 2.718784e+000 -1.621943e+000 -4.281366e-001 1.609148e+000 -5.536517e-001 -1.418048e+000 9.271368e-001 7.860444e-001 -1.550073e+000 -1.009447e-001 -3.222079e-001 -9.791591e-001 -1.013986e+000 2.529599e-002 -2.607872e-001 -1.511129e+000 -7.447423e-001 4.519169e-001 4.456109e-002 
7.043305e+000 1.586664e+001 -2.139826e+000 1.019078e+000 4.061742e-001 3.022677e+000 -2.647172e+000 1.508403e+000 1.860855e-001 3.851422e-001 -9.836718e-001 6.565618e-001 -1.835267e-001 -1.502359e+000 -1.225062e+000 -7.219689e-001 -1.137465e+000 -4.364453e-001 -7.020544e-001 4.144614e-001 -4.959168e-001 -7.976596e-001 4.002718e-001 4.237642e-001 
9.022016e+000 1.452814e+001 -9.976063e-001 2.557060e-001 5.248280e-001 2.139233e+000 -2.209116e+000 -8.369590e-002 4.427686e-001 -1.155284e+000 -2.034251e+000 7.694168e-001 4.684983e-001 -1.239539e+000 -4.785106e-001 -7.267326e-001 -1.467878e+000 -8.017739e-001 -9.145696e-001 4.981494e-001 1.281843e-001 -1.140783e+000 5.371612e-001 -4.398487e-001 
8.228766e+000 1.540353e+001 -2.313997e+000 -6.508806e-001 -9.526356e-001 1.486106e+000 -4.564562e+000 -1.623180e+000 4.675410e-001 -5.718200e-001 -2.756836e+000 1.475567e+000 -6.590628e-002 -1.140294e+000 -5.034452e-001 -4.879441e-001 -1.998436e+000 -7.445239e-001 -9.047925e-001 8.381730e-001 -7.160261e-002 -1.445895e+000 1.842298e-001 -7.587353e-001 
8.331476e+000 1.471543e+001 -1.029762e+000 -2.797587e-001 -1.349058e-002 3.044178e+000 -3.542992e+000 -1.210881e+000 4.114564e-001 -5.733513e-001 -2.650466e+000 1.485201e+000 -1.206885e-001 -1.658030e+000 2.426009e-001 -1.913631e-001 -1.866059e+000 -1.060471e+000 -4.282278e-001 4.969348e-001 -4.098395e-001 -1.162120e+000 4.528956e-001 -1.369241e+000 
7.987978e+000 1.507502e+001 -1.740183e+000 2.564517e-001 -3.690764e-001 2.794682e+000 -3.632134e+000 -1.522600e+000 -7.555573e-001 -2.434837e-001 -2.780435e+000 1.081857e+000 -2.600527e-002 -1.120615e+000 -7.422585e-002 -6.040196e-001 -1.503115e+000 -4.545461e-001 -1.095283e+000 6.581301e-001 -1.527139e-001 -1.684612e+000 -1.507880e-001 -9.353070e-001 
8.424905e+000 1.545872e+001 -1.954395e+000 1.109956e+000 -2.322500e-001 3.275953e+000 -4.327378e+000 -2.181722e+000 -1.093120e+000 -1.773246e-001 -2.459548e+000 1.585645e+000 3.924644e-001 -9.417607e-001 -1.241586e+000 2.374040e-001 -1.308517e+000 -2.133653e-001 -1.231856e+000 3.297455e-001 -3.776549e-001 -1.213158e+000 -5.462306e-001 -6.554925e-001 
7.653618e+000 1.502576e+001 -1.662168e+000 1.331131e+000 -1.443685e+000 3.081393e+000 -3.649652e+000 -1.817056e+000 -1.218974e+000 -1.447226e+000 -3.115477e+000 1.321264e+000 9.390433e-001 -1.285582e+000 -7.276452e-001 2.396072e-001 -1.458542e+000 -1.237697e-001 -4.759667e-001 -1.067146e-001 -1.315104e+000 -1.268967e+000 -9.268076e-002 -6.810465e-001 
7.887738e+000 1.413844e+001 -1.543248e+000 2.364369e+000 -6.975854e-001 2.380824e+000 -3.105485e+000 -1.520906e+000 -1.549401e+000 -4.904043e-001 -3.421785e+000 1.115792e+000 5.271731e-001 -1.208631e+000 -8.036891e-001 1.167075e+000 -1.567167e+000 2.760710e-002 -8.230948e-001 -1.613526e-001 -9.824150e-001 -1.264878e+000 -4.096257e-001 -9.690190e-001 
8.900092e+000 1.362643e+001 -1.354099e+000 1.387759e+000 -4.774767e-001 1.640041e+000 -2.044206e+000 -1.488988e+000 -1.366059e+000 -7.484279e-001 -4.414552e+000 4.062102e-001 1.589810e+000 -5.132419e-001 -1.293902e+000 1.213287e+000 -1.141926e+000 -7.525318e-001 -6.728929e-001 -1.684755e-001 -9.331267e-001 -1.813091e+000 -1.455812e-001 3.546077e-002 
9.352896e+000 1.433425e+001 -2.529258e+000 1.797123e+000 -1.608302e-001 2.014413e-001 -2.190484e+000 -5.687388e-001 -2.174620e+000 -9.747296e-001 -3.768977e+000 1.200934e+000 8.344916e-001 -8.706648e-001 -7.407695e-001 1.077293e+000 -1.653000e+000 -4.383544e-001 -4.210143e-001 -2.306639e-002 -1.074843e+000 -1.282525e+000 -3.876416e-001 -7.570190e-001 
1.084013e+001 1.400507e+001 -1.610708e+000 2.543220e+000 -1.351054e+000 -1.870889e-001 -3.675451e+000 -1.080712e+000 -1.788984e+000 -3.230909e-001 -2.217214e+000 9.852325e-001 9.157760e-001 -1.450879e+000 -5.643655e-001 1.430646e-001 -1.385814e+000 4.063189e-002 -7.588681e-001 3.935248e-001 -6.841932e-001 -1.664270e+000 -2.572937e-002 -6.538990e-001 
1.253976e+001 1.310952e+001 -8.873641e-001 6.719082e-001 2.837763e-001 4.154640e-002 -2.374815e+000 -1.255589e+000 3.353787e-001 -9.379583e-001 -1.401899e+000 5.200232e-001 8.839001e-001 -9.055414e-001 -2.179761e-001 -2.741456e-002 -1.384547e+000 -6.458611e-001 -1.382954e-001 3.434083e-001 -7.521956e-001 -1.201520e+000 2.581429e-001 -4.274000e-001 
3.919681e+000 1.774265e+001 -4.730491e+000 5.553276e-002 7.507387e-001 2.568469e+000 -1.122621e+000 -7.308103e-001 2.445113e+000 -1.167216e+000 -1.457883e+000 6.502031e-001 1.211011e+000 -1.357079e+000 -7.968638e-002 5.400758e-001 -1.475150e+000 -1.392821e+000 1.880646e-001 1.449458e-001 -1.735567e+000 -1.012174e+000 -1.352858e-001 -8.074103e-001 
2.033835e+000 2.034432e+001 -6.325702e+000 9.612319e-001 1.653535e+000 2.609201e+000 -3.197585e-001 -5.922688e-001 2.891617e+000 -2.191927e+000 -1.218324e+000 1.781006e-001 1.715377e+000 -2.459455e+000 -5.093541e-002 7.376691e-002 -1.462925e+000 -5.867422e-001 -6.564989e-001 4.306505e-001 -1.683525e+000 -2.947433e-001 2.003677e-001 -7.327424e-001 
1.913442e+000 2.013021e+001 -6.095369e+000 3.082311e-001 2.000745e+000 1.533801e+000 2.781047e-001 -1.132850e+000 1.820538e+000 -1.046979e+000 -1.256579e+000 1.718375e+000 1.259062e+000 -1.045474e+000 2.375841e-001 -4.705600e-001 -1.457724e+000 -1.217613e+000 -4.363664e-001 9.512794e-002 -1.173830e+000 -1.129553e+000 -8.099912e-001 -7.307927e-001 
1.205922e+000 2.109644e+001 -6.663267e+000 1.406018e+000 2.776830e+000 2.909891e+000 8.711804e-001 -2.080924e+000 1.980624e+000 -2.376728e+000 -2.029940e+000 8.157896e-001 1.085227e+000 -1.427976e+000 8.464596e-001 5.008740e-001 -9.539627e-001 -1.352401e+000 -5.476694e-001 -4.760095e-002 -1.959126e+000 -1.122782e-001 -5.435353e-001 -1.056467e+000 
3.189444e+000 1.782239e+001 -4.895460e+000 -6.857904e-001 2.507130e+000 2.258246e+000 -9.911146e-002 -1.361918e+000 1.760101e+000 2.005682e-001 -6.311474e-001 1.736937e+000 8.808826e-001 -1.666387e+000 -7.168914e-001 -6.288323e-002 -1.211630e+000 -1.666341e+000 -3.676612e-001 -8.703915e-002 -1.222117e+000 -6.491579e-001 -1.373704e-001 -1.010904e+000 
2.717955e+000 2.132976e+001 -6.417969e+000 6.724542e-001 1.703144e+000 2.525913e+000 4.162564e-001 -7.597906e-001 1.960952e+000 -2.296956e+000 -8.360154e-001 8.233066e-001 1.758577e+000 -2.218567e+000 -5.486580e-001 -3.605775e-001 -1.497921e+000 -1.089912e+000 -6.062316e-001 5.370953e-001 -1.547636e+000 5.584346e-002 2.873804e-001 -4.828907e-002 
3.341497e+000 1.762847e+001 -5.047087e+000 -5.779747e-001 2.073446e+000 3.360797e+000 1.254826e-001 3.215172e-001 1.088069e+000 -1.346759e+000 -1.657986e+000 1.670989e+000 1.627964e+000 -1.175798e+000 -3.680067e-001 -7.610290e-001 -1.534795e+000 -1.088829e+000 2.747508e-002 -4.601613e-001 -1.447575e+000 -8.290314e-001 2.847287e-001 -4.072800e-001 
7.054797e+000 1.547639e+001 -3.478030e+000 1.152347e+000 1.028971e+000 4.242812e+000 -2.280104e+000 1.986898e+000 2.244069e-001 -2.675682e-001 -1.410225e+000 1.272653e-001 -2.639157e-001 -1.716451e+000 -8.149965e-001 -4.406929e-001 -1.128841e+000 -2.528762e-001 -7.864708e-001 1.110031e-001 -6.973577e-001 -4.199420e-001 5.426611e-001 1.642731e-001 
7.885854e+000 1.505374e+001 -2.292908e+000 1.000633e+000 2.919406e-001 3.365321e+000 -3.032525e+000 -7.679995e-001 -7.332235e-001 -5.220629e-001 -2.041241e+000 1.490162e+000 5.654242e-001 -1.101298e+000 -1.450305e+000 -2.323392e-001 -6.771369e-001 -5.074798e-001 -1.765245e+000 1.934110e-001 8.477387e-002 -1.102364e+000 7.713991e-001 3.175812e-002 
6.580851e+000 1.455688e+001 -1.853980e+000 -4.572416e-001 -1.687346e+000 1.797202e+000 -3.179281e+000 -1.026925e+000 -3.131398e-001 -1.779697e+000 -3.075842e+000 1.858029e+000 2.814063e-001 -1.609605e+000 -1.977848e-001 -3.907928e-001 -1.579506e+000 -6.236782e-001 -1.080507e+000 3.879084e-001 -4.136388e-001 -1.451038e+000 4.150438e-001 -4.798079e-001 
8.026071e+000 1.508815e+001 -1.309790e+000 -6.578093e-001 -1.070204e+000 2.715276e+000 -3.552594e+000 -1.179028e+000 2.745317e-001 -9.971644e-001 -2.393702e+000 2.067392e+000 1.507348e-001 -1.443626e+000 -1.073027e-001 -3.757102e-001 -2.233782e+000 -8.680474e-001 2.974947e-002 5.369162e-001 -7.551515e-001 -1.476410e+000 6.692679e-001 -1.010825e+000 
8.545501e+000 1.470949e+001 -2.414123e+000 -5.704664e-001 -8.742501e-001 2.299396e+000 -3.702129e+000 -1.345857e+000 -6.153579e-001 -6.487940e-001 -2.300412e+000 1.477979e+000 -3.049712e-002 -1.172592e+000 -3.465927e-001 -5.796672e-001 -1.358998e+000 -5.703559e-001 -6.712712e-001 1.981526e-001 -5.167046e-001 -1.307829e+000 1.614408e-001 -6.279364e-001 
8.372529e+000 1.462619e+001 -1.692080e+000 -3.048270e-001 -1.286756e+000 2.635680e+000 -3.506569e+000 -1.945413e+000 -5.119577e-001 -5.950352e-001 -2.768603e+000 1.229019e+000 1.733150e+000 -8.493716e-001 -1.684861e+000 -6.815080e-001 -6.445178e-001 -8.529659e-002 -9.115059e-001 -1.128597e-002 -3.305834e-001 -1.669889e+000 -1.883181e-001 1.398704e-001 
7.577368e+000 1.465218e+001 -2.817661e+000 6.436088e-001 -1.233371e+000 1.496903e+000 -4.165995e+000 -1.806879e+000 -4.120784e-001 -8.798326e-001 -3.516784e+000 1.624457e+000 4.066299e-001 -1.348933e+000 -7.009126e-001 4.353151e-001 -1.614817e+000 1.038833e-001 -3.342830e-001 -2.692161e-001 -1.537573e+000 -1.103999e+000 3.148771e-001 -6.470084e-001 
8.933544e+000 1.455815e+001 -2.798807e+000 1.145240e+000 -1.068049e+000 2.316090e+000 -3.067508e+000 -1.044353e+000 -1.602903e+000 -8.432236e-001 -3.144806e+000 1.582214e+000 7.133474e-001 -1.247304e+000 -7.244941e-001 8.554544e-001 -1.736258e+000 3.276252e-001 -2.186487e-001 -3.188976e-002 -1.659708e+000 -1.324421e+000 -1.151258e-001 -8.150830e-001 
8.375833e+000 1.465393e+001 -2.362281e+000 8.608495e-001 -2.150678e+000 8.044680e-001 -2.428874e+000 -1.415793e+000 -2.035026e+000 -9.264428e-001 -3.841738e+000 1.288817e+000 1.297272e+000 -9.991046e-001 -1.600284e+000 5.925991e-001 -1.431036e+000 -1.689873e-001 -9.684148e-002 -3.754503e-001 -1.331908e+000 -1.285899e+000 -7.663218e-002 -5.759768e-001 
8.563057e+000 1.495799e+001 -1.128708e+000 2.215238e+000 -9.577614e-001 8.535904e-001 -3.080634e+000 -9.321385e-001 -2.229859e+000 2.168991e-001 -3.271746e+000 1.420957e+000 1.011642e+000 -1.023913e+000 -1.316284e+000 1.022335e+000 -1.508116e+000 1.197691e-001 -2.518692e-001 -2.037739e-001 -1.422474e+000 -1.363142e+000 1.171921e-002 -3.595358e-001 
