-5.548637e+000 1.709939e+001 -1.250562e+001 3.595046e-001 2.394549e+000 1.561662e+000 -1.578062e+000 -5.157493e+000 1.542299e+000 -4.912510e+000 -5.176197e+000 3.232787e-001 -7.037254e-002 -2.054543e+000 -1.588334e+000 -2.439893e-001 2.601619e-001 -1.697202e+000 -7.685353e-001 6.333027e-001 -1.737784e-001 1.204487e+000 7.918059e-001 9.922437e-001 9.002569e-001 -3.771238e-001 1.259066e+000 -9.164612e-002 -1.954374e+000 -6.615032e-001 5.705694e-001 -7.885427e-002 -6.196023e-001 1.145377e+000 5.841394e-001 -2.796322e-001 
-6.579728e+000 1.782670e+001 -1.321424e+001 -1.084902e-001 1.163606e+000 2.005306e+000 -2.005360e+000 -6.070108e+000 2.116839e+000 -4.855832e+000 -4.170203e+000 -1.213879e+000 -5.654840e-001 -2.304190e+000 -5.783459e-001 8.315623e-002 2.126805e-001 -1.792125e+000 -2.250013e-001 8.188879e-001 2.948822e-001 2.397846e+000 1.353980e+000 1.614491e+000 5.289220e-001 -1.219105e-001 1.617523e+000 -2.049892e-001 -6.472158e-001 -5.537157e-001 9.335715e-001 1.266477e-001 -1.241757e-001 1.100683e+000 2.755540e-001 5.459082e-001 
-6.139229e+000 1.715230e+001 -1.223577e+001 -9.042556e-001 1.718948e+000 2.429644e+000 -2.333544e+000 -5.950482e+000 2.710543e+000 -3.758789e+000 -4.444066e+000 7.361654e-002 -2.914257e-001 -2.267518e+000 -2.082508e+000 -6.634686e-001 -9.417930e-002 -3.793593e-001 1.601084e+000 4.034437e-001 -8.196222e-001 6.072586e-001 5.937499e-001 1.779946e+000 5.970913e-001 6.081384e-001 1.523104e+000 -9.335391e-001 -1.156252e+000 -6.256853e-001 5.182694e-001 -1.290696e-001 1.274194e-001 1.518113e+000 -5.387255e-001 -7.793195e-001 
-7.623084e+000 1.702927e+001 -1.339820e+001 -9.398927e-001 1.235792e+000 1.436638e+000 -6.450077e-001 -6.144300e+000 2.036633e+000 -4.565402e+000 -5.311744e+000 -8.380286e-001 -1.315546e+000 -1.437337e+000 -1.810872e+000 -1.032132e+000 1.188494e-001 -4.075170e-001 1.331239e+000 -4.398509e-002 -2.128887e-001 1.024015e+000 7.140923e-001 1.483838e+000 6.473970e-001 5.274145e-001 1.138314e+000 -2.869987e-001 -8.615102e-001 -4.034278e-001 1.641821e-001 2.084686e-001 5.063709e-001 6.685381e-001 -1.610370e-001 2.686341e-001 
-1.045270e+001 1.906576e+001 -1.407712e+001 -1.014700e+000 2.281574e+000 4.732298e-001 1.648524e+000 -6.559525e+000 3.369844e+000 -3.623226e+000 -3.999254e+000 3.755273e-001 -3.222865e+000 -1.484467e+000 -1.886562e+000 -8.147749e-001 1.045195e+000 -8.616409e-001 8.879032e-001 8.839786e-001 2.376974e-001 1.225527e+000 -1.283155e-001 4.729017e-001 1.215722e+000 4.471258e-001 4.251504e-001 -7.248627e-001 -1.023783e+000 -1.440250e-001 1.577294e-001 1.915025e-001 -1.407020e-002 3.417207e-001 5.387938e-001 7.212367e-002 
-1.020534e+001 1.799343e+001 -1.401878e+001 -1.100525e+000 1.348374e+000 1.025366e-001 5.178452e-001 -5.177513e+000 3.056416e+000 -3.871339e+000 -2.265287e+000 1.102102e+000 -3.322651e+000 -1.591455e+000 -1.269125e+000 -2.691245e-001 6.080615e-001 -9.247524e-001 5.523874e-001 7.269302e-002 6.373801e-001 9.720354e-001 -6.939531e-001 7.480352e-001 8.362119e-001 7.733394e-001 1.188039e+000 -8.489864e-002 -1.176411e+000 -7.976903e-001 2.621325e-001 -4.951262e-001 -9.039852e-001 1.019494e+000 4.421476e-001 1.811902e-001 
-1.001444e+001 1.792325e+001 -1.436976e+001 -1.396916e+000 7.866260e-002 -1.772609e+000 -3.865447e-003 -4.846028e+000 4.620773e+000 -4.121614e+000 -4.395488e+000 6.978934e-001 -1.801092e+000 -1.281593e+000 -2.023582e+000 -4.851001e-001 8.429510e-001 -4.351674e-001 1.000642e+000 -3.042501e-002 9.121431e-002 1.071221e+000 7.916986e-002 1.181919e+000 9.260021e-001 5.994009e-001 1.914694e+000 2.538221e-001 -1.103666e+000 -8.089248e-001 7.629754e-001 -2.641928e-001 -5.507077e-001 5.545936e-001 6.659152e-001 4.676175e-001 
-8.979427e+000 1.953417e+001 -1.443277e+001 -2.031014e-001 1.097936e+000 -2.203668e+000 1.783295e+000 -5.162354e+000 4.289041e+000 -3.129833e+000 -3.004559e+000 1.305361e+000 -1.891680e+000 -1.193228e+000 -2.937339e+000 -5.395613e-001 6.726744e-001 -1.664088e+000 5.277550e-001 -6.540337e-001 -2.497475e-001 -8.926043e-002 -8.188749e-001 7.445046e-001 8.692845e-002 6.707858e-001 2.036637e+000 1.924676e-001 -1.333924e+000 -9.489509e-001 9.528661e-001 -5.283549e-001 -1.017873e+000 3.397670e-001 2.311717e-001 8.687751e-002 
-3.600717e+000 2.212444e+001 -9.646929e+000 1.222678e+000 1.279657e+000 -1.599003e+000 5.788504e-001 -4.475512e+000 1.540248e+000 -1.282610e+000 -2.870961e+000 7.789536e-001 2.347745e-001 -9.570531e-001 -1.140781e+000 -2.276808e-001 4.471032e-001 -1.029698e+000 -4.963011e-001 -4.261813e-002 -7.307618e-001 -5.873956e-001 -1.052090e+000 -1.486401e-002 -1.256273e-001 -6.498489e-001 9.578822e-001 2.880031e-001 -1.012714e+000 -6.109257e-001 2.252123e-001 4.604623e-001 -4.602301e-001 -3.345728e-001 8.929017e-001 3.562112e-001 
-5.387017e+000 1.729486e+001 -1.157320e+001 3.601351e-001 -9.133395e-001 -1.730113e+000 -1.250792e+000 -4.172761e+000 1.365150e+000 -4.015654e+000 -3.406413e+000 4.013368e-001 -1.139353e-002 -9.434174e-001 -1.623144e+000 -5.172638e-002 -1.810557e-001 -9.456113e-001 3.629720e-001 1.489649e-001 4.272249e-002 -8.412094e-002 4.195315e-001 1.509033e+000 1.003985e-001 3.415856e-001 2.483170e+000 1.139870e+000 -1.102970e+000 -4.102375e-001 6.250682e-001 -5.650916e-001 -8.216766e-001 1.792959e-001 6.599822e-001 2.363457e-001 
-1.680373e+000 1.736422e+001 -1.070062e+001 1.526335e+000 -1.504690e+000 -1.340127e+000 -3.258069e+000 -6.007892e+000 6.156061e-001 -3.527443e+000 -3.702966e+000 -1.464137e+000 -1.171420e-001 -2.187996e+000 -3.139815e+000 3.849161e-001 -6.569593e-001 -1.057247e+000 5.950585e-002 2.982339e-001 1.409419e+000 -7.927685e-001 5.744030e-001 2.179831e+000 8.618936e-001 1.699411e+000 1.782463e+000 2.327689e-001 -7.537738e-001 -6.935232e-002 5.097236e-001 -9.170205e-001 -4.054406e-001 1.079729e+000 9.270076e-001 -4.864654e-002 
-9.923971e-001 1.930437e+001 -1.125464e+001 3.599392e+000 -2.289794e+000 -2.053074e+000 -2.148219e+000 -6.770014e+000 7.014530e-001 -4.006448e+000 -3.712422e+000 -2.649934e+000 1.170997e-001 -5.485631e-001 -3.280728e+000 -3.845837e-001 -7.458927e-001 -4.256256e-001 2.137024e-001 3.107025e-002 1.646839e+000 -6.370276e-001 3.331387e-002 2.456030e+000 1.651768e+000 1.603245e+000 9.382470e-001 1.047837e-002 -7.818377e-001 -4.337327e-001 2.068631e-001 -4.731990e-001 -2.890035e-001 1.336987e+000 1.573452e+000 -1.087819e-001 
2.444760e+000 1.553273e+001 -1.141422e+001 4.122954e+000 -2.531318e+000 -3.651871e+000 -2.534317e+000 -6.047340e+000 -8.875543e-001 -3.821330e+000 -4.455403e+000 -2.680998e+000 -8.264307e-002 7.686246e-003 -3.699365e+000 -1.041954e+000 1.486239e-001 -2.525448e-002 6.791430e-001 -1.045960e+000 1.506807e+000 4.421017e-001 2.854390e-001 3.805074e+000 1.095290e+000 8.644500e-001 2.082155e+000 1.650590e-001 -1.136183e-001 -8.467218e-001 -4.156722e-001 9.383948e-002 4.944508e-001 2.208147e+000 1.105726e+000 -6.014273e-001 
2.782591e+000 1.505542e+001 -1.224910e+001 5.886898e+000 -3.779259e+000 -3.614942e+000 -1.869657e+000 -5.476795e+000 -5.552814e-001 -4.922279e+000 -3.896649e+000 -3.074303e+000 2.316471e-001 -8.288441e-001 -4.345420e+000 -2.674648e-001 -2.090299e-001 1.437340e-001 1.582271e-001 -1.850835e+000 2.066877e+000 2.776140e-001 4.039986e-001 3.231787e+000 4.766488e-001 7.085541e-001 1.846212e+000 1.318700e-001 -4.675297e-001 -7.163415e-001 -1.029458e+000 -1.621980e-001 7.387963e-001 2.043981e+000 1.649979e+000 -1.131036e+000 
1.018898e+001 1.091153e+001 -4.794922e+000 3.458198e+000 2.702411e-001 -1.789663e+000 -8.220355e-001 -2.158793e+000 -1.135079e-001 -1.224709e+000 -2.895985e+000 -1.647780e+000 -9.189140e-003 -1.212121e+000 -2.309120e+000 3.682436e-002 1.118590e-001 2.614217e-001 9.129956e-001 -5.631934e-001 8.903079e-001 6.625559e-001 1.128169e-001 2.116308e+000 3.520442e-001 2.416144e-001 1.523406e+000 -7.823405e-001 -1.181320e+000 -5.934530e-001 -2.161700e-001 3.214885e-001 -3.597284e-001 8.508493e-001 1.710008e+000 -1.470248e-001 
7.310741e+000 1.223761e+001 -6.381893e+000 -1.132779e+000 2.391731e+000 4.953196e-001 -7.449100e-001 -1.149481e+000 7.670023e-001 -8.483643e-001 -3.053359e+000 -3.232567e-001 6.235726e-001 -2.023249e+000 -1.925454e+000 2.194817e-001 7.361902e-001 2.682624e-001 6.881839e-001 3.883474e-001 -3.736937e-001 1.951605e-001 5.536799e-001 2.844018e-001 1.169398e-001 4.168143e-001 1.536101e+000 5.297781e-001 -1.403193e+000 -4.687125e-001 5.382171e-001 -2.508530e-001 -2.171319e-001 6.827050e-001 6.358549e-001 -1.201435e-001 
-4.731715e+000 1.981851e+001 -1.382267e+001 -2.264470e+000 -3.226475e-001 -1.135439e+000 -1.355789e+000 -5.111040e+000 3.524655e+000 -4.410276e+000 -5.146222e+000 1.776281e-001 -1.756638e+000 -2.311565e+000 -2.389738e+000 -7.763487e-001 1.114233e+000 -5.401412e-001 1.512319e+000 7.907861e-001 -4.630843e-001 1.439794e+000 1.166294e+000 7.736635e-001 7.337484e-001 8.020671e-001 2.137513e+000 3.709391e-001 -1.135626e+000 -3.964966e-001 4.245441e-001 2.379217e-002 -2.601695e-001 1.072140e+000 1.145747e+000 -2.631570e-002 
-3.194322e+000 1.729388e+001 -1.169215e+001 -1.773580e+000 7.732858e-001 -6.758861e-001 -2.936016e+000 -3.454689e+000 2.568595e+000 -4.429930e+000 -5.085400e+000 -1.186626e-001 -1.430880e+000 -7.127253e-001 -8.529233e-001 -1.845003e+000 -6.458705e-003 3.594881e-002 9.191959e-001 5.512861e-001 -1.094298e-001 9.853164e-001 9.809610e-001 1.534586e+000 1.067843e+000 4.653221e-001 1.666901e+000 5.562191e-001 -1.436508e+000 -6.264205e-001 6.751226e-001 -7.286152e-002 -7.950358e-001 1.105999e+000 1.656126e+000 -2.124311e-001 
-5.701834e+000 1.687466e+001 -1.326938e+001 -1.601149e+000 9.503708e-001 4.014487e-001 -1.757292e+000 -4.485011e+000 1.451947e+000 -4.956883e+000 -4.837988e+000 -1.426090e-001 -1.675270e+000 -1.176139e+000 -1.907639e+000 -1.475520e+000 8.613115e-001 -6.098642e-002 6.638287e-001 5.063717e-001 6.753773e-001 1.550786e+000 1.018788e+000 1.744221e+000 1.289475e+000 4.075680e-001 1.612018e+000 8.175516e-001 -7.073104e-001 -7.288425e-001 5.442894e-001 4.380954e-001 -4.969481e-002 1.168667e+000 1.115249e+000 -3.067647e-001 
-6.790005e+000 1.887630e+001 -1.276615e+001 -5.896659e-001 2.983739e-001 -8.676734e-002 5.258583e-002 -4.855426e+000 3.122007e+000 -4.738899e+000 -5.543152e+000 2.564128e-001 -1.072357e+000 -1.342892e+000 -2.098536e+000 -8.838760e-001 4.321232e-001 -6.733730e-001 6.134735e-001 -1.373349e-002 7.404826e-001 1.808154e+000 1.217956e+000 1.626934e+000 -2.641639e-001 -7.000063e-001 1.379957e+000 2.039444e-001 -4.324345e-001 -5.408530e-001 6.733571e-002 6.627517e-002 2.474044e-001 9.520236e-001 2.996616e-001 -2.457666e-001 
-4.360580e+000 1.491365e+001 -1.027088e+001 -2.403548e+000 6.034330e-001 5.034479e-001 -2.464369e+000 -4.039575e+000 1.169951e+000 -3.521771e+000 -4.474102e+000 -2.108363e-001 -9.901002e-001 -1.529041e+000 -1.828019e+000 -1.672190e+000 1.947821e-001 -1.259361e-001 2.504865e-001 6.812956e-001 7.212771e-001 9.364167e-001 5.540643e-001 1.119511e+000 9.214640e-001 3.938903e-001 1.413519e+000 7.209794e-001 -1.407730e+000 -1.009267e+000 2.999047e-001 -1.069498e-001 -4.098533e-002 9.517677e-001 9.347420e-001 5.513743e-001 
-7.916030e+000 1.907985e+001 -1.374371e+001 -2.024288e+000 5.033345e-002 -1.323830e+000 -5.505673e-001 -5.559074e+000 3.776365e+000 -4.291207e+000 -4.288900e+000 3.358299e-002 -1.558744e+000 -1.105878e+000 -3.337538e+000 -1.323200e+000 1.643099e+000 1.925336e-003 1.148358e-001 -4.563874e-001 5.146813e-001 1.353782e+000 1.483680e-001 1.102836e+000 2.202619e-001 4.833110e-001 2.107452e+000 5.110622e-001 -9.485646e-001 -1.201756e+000 -3.507833e-001 -5.711701e-002 -1.340960e-001 9.537631e-001 6.206342e-001 2.511593e-001 
-6.849447e+000 1.711725e+001 -1.163258e+001 -3.025158e+000 -5.428652e-001 -9.485494e-001 -3.264456e+000 -4.330286e+000 3.907451e+000 -2.532226e+000 -4.377703e+000 -3.332093e-001 -1.332227e+000 -1.234706e+000 -1.814708e+000 -1.504456e+000 7.578885e-001 -6.156728e-001 -5.970793e-001 -7.649005e-002 -2.100921e-001 7.306261e-001 1.098439e+000 8.125840e-001 -3.300078e-001 3.397773e-001 1.947474e+000 3.153852e-001 -1.326670e+000 -1.064269e+000 -3.592132e-001 -4.730713e-001 -6.165375e-001 4.350340e-001 1.126993e+000 5.392042e-001 
-4.896045e+000 2.456832e+001 -1.185346e+001 1.711108e+000 1.547146e+000 -1.805520e+000 2.379897e+000 -7.218906e+000 5.112271e+000 -2.756422e+000 -3.774422e+000 7.129942e-001 -1.589975e+000 1.002406e-001 -3.265166e+000 2.760436e-002 1.084375e+000 -1.826596e+000 4.675661e-001 -8.928658e-001 -1.316649e-001 3.167612e-001 -3.206302e-002 5.552169e-001 -1.198172e+000 3.170856e-001 1.669594e+000 -5.102486e-002 -6.468022e-001 -1.139216e+000 -6.526904e-002 -4.164486e-001 -4.693366e-001 3.643964e-001 1.416375e-001 6.114306e-001 
-5.394161e+000 2.157645e+001 -1.164981e+001 5.783362e-001 1.439489e+000 -1.316475e+000 7.770999e-002 -6.489076e+000 3.358550e+000 -2.916674e+000 -4.325655e+000 1.034052e+000 -6.683387e-001 -1.264440e+000 -2.321011e+000 -6.729918e-001 6.891411e-001 -1.488206e+000 4.022769e-001 4.356973e-001 -1.281662e+000 1.149949e-001 -3.291017e-001 7.237249e-002 1.855330e-001 -1.537407e-002 1.624625e+000 -3.616961e-001 -2.011797e+000 -6.501559e-001 -1.006504e-001 -4.420253e-001 -4.853129e-001 1.239493e-001 6.823896e-001 2.991121e-001 
-3.690489e+000 1.745737e+001 -1.093840e+001 -8.321084e-001 -1.055357e+000 -5.792880e-001 -2.145131e+000 -5.255139e+000 1.365661e+000 -3.326800e+000 -3.651425e+000 5.842688e-001 1.143837e+000 -2.724015e-001 -1.862144e+000 -2.016981e-001 3.562791e-001 -1.142122e+000 -3.427350e-002 -2.354126e-002 -3.086849e-001 1.134048e-001 1.477693e+000 1.933481e+000 1.340251e+000 1.950031e+000 2.197847e+000 2.306914e-001 -8.526239e-001 -1.344027e-001 2.680000e-001 -6.185660e-001 9.884134e-002 8.979934e-001 3.096823e-001 1.147433e-001 
-1.444896e+000 1.755628e+001 -1.081473e+001 2.633779e-001 -3.403414e+000 -1.352021e+000 -2.182758e+000 -6.395668e+000 -1.918982e-001 -4.305554e+000 -4.419329e+000 -1.795765e+000 1.667889e-001 -1.880619e+000 -3.963481e+000 -7.837243e-001 9.298013e-002 7.902528e-002 -6.504924e-001 -1.172437e+000 1.043943e+000 -5.120371e-002 8.634684e-001 2.103225e+000 5.874889e-001 1.091982e+000 1.318530e+000 7.750010e-001 -6.421533e-001 -1.099384e+000 -9.264561e-002 -7.960128e-002 1.721143e-001 1.113828e+000 7.998910e-001 -4.743922e-001 
1.319641e+000 1.590088e+001 -9.864614e+000 2.266410e+000 -2.526746e+000 -3.254117e+000 -2.200538e+000 -4.787053e+000 -1.192879e+000 -3.959684e+000 -4.650261e+000 -1.898569e+000 1.228312e+000 -5.432133e-001 -4.172878e+000 -1.222437e+000 5.853695e-001 8.196848e-001 1.733447e-001 -1.498213e+000 1.109701e+000 1.262833e+000 1.230874e+000 2.437618e+000 1.914486e-001 1.325888e+000 2.705473e+000 3.732387e-001 -1.144568e+000 -9.267394e-001 3.780935e-001 3.476156e-001 -1.947680e-001 1.446711e+000 1.415826e+000 -3.238864e-001 
2.831688e+000 1.575002e+001 -1.099416e+001 4.318874e+000 -3.450666e+000 -2.696742e+000 -5.649762e-001 -4.643654e+000 -1.232558e+000 -4.380551e+000 -3.904090e+000 -1.768350e+000 8.800698e-001 -9.179942e-002 -4.210157e+000 -7.843976e-001 2.656004e-001 2.653884e-001 2.378828e-001 -1.333593e+000 1.639880e+000 6.169740e-001 3.849753e-001 2.904480e+000 2.986231e-001 9.574530e-001 2.375499e+000 -1.681730e-001 -1.378129e+000 -1.005538e+000 1.310719e-001 2.417374e-001 -1.295063e-001 1.453581e+000 1.485448e+000 -3.676921e-001 
