5.993102e-001 1.593522e+001 -8.893510e+000 -3.323475e-001 -5.839898e-001 -5.010792e-001 -2.996235e+000 -1.354038e+000 9.286503e-001 -2.602123e+000 -3.473497e-001 8.867637e-001 1.965073e+000 -1.539854e+000 -2.939398e-001 -7.811545e-001 -1.106701e+000 -4.919709e-001 5.717804e-002 4.612557e-001 -1.487907e+000 -7.614888e-002 -2.304081e-001 5.645926e-001 
1.219697e+000 1.577955e+001 -6.227512e+000 -1.951732e-001 1.289301e+000 2.429713e-001 -2.433691e+000 -3.539616e-001 3.355724e-001 -2.788112e+000 -1.526364e+000 8.829493e-001 1.643684e+000 -1.000679e+000 -7.564262e-001 -9.134748e-001 -1.469225e+000 -4.292089e-001 4.420734e-001 -1.319053e-002 -1.318685e+000 -9.195393e-001 2.928988e-001 4.185586e-001 
4.640862e+000 1.514504e+001 -5.952750e+000 -1.119846e+000 3.545431e-001 4.903575e-001 -3.792278e+000 -1.739851e-001 -1.505488e+000 -2.350749e+000 -2.741566e+000 1.580052e+000 8.859539e-001 -7.401711e-001 -6.416297e-001 4.466635e-001 -7.624917e-001 -3.175118e-001 5.216763e-001 -8.930257e-002 -1.292831e+000 -1.124475e+000 -2.430988e-001 3.392364e-001 
7.761871e+000 8.498351e+000 -3.441746e+000 2.755504e-001 -9.721317e-001 2.677379e+000 -5.304216e+000 -7.395377e-001 -1.509983e+000 -8.645245e-001 -2.482282e+000 1.763164e+000 9.236572e-001 1.564027e+000 -2.023817e+000 3.097486e-001 -1.243095e+000 -4.274863e-002 5.665453e-001 -5.153285e-001 -1.075329e+000 -5.630920e-001 -3.526079e-002 -5.850240e-001 
1.101278e+001 6.154733e+000 -8.030850e-001 2.045666e+000 -3.280799e+000 3.139018e+000 -5.988051e+000 -6.278399e-001 -2.141242e+000 -1.617191e-001 -1.997491e+000 9.686826e-001 -6.964736e-001 1.278755e+000 -2.748641e+000 1.102944e+000 -1.152582e+000 5.841767e-002 -5.462095e-001 -4.936958e-001 -1.418152e+000 -5.471220e-001 -3.151402e-001 1.004242e-001 
8.627510e+000 1.079865e+001 -2.871325e+000 1.894387e+000 -1.755750e+000 2.961487e+000 -3.796173e+000 7.898128e-001 -1.556194e+000 -2.154669e+000 -2.886001e+000 6.038496e-001 -5.312421e-001 1.499122e-001 -2.714604e+000 3.559860e-001 -1.085055e+000 -5.132818e-001 5.485001e-002 -2.025769e-002 -1.641525e+000 -3.750507e-001 3.143987e-001 4.798969e-001 
7.860623e+000 1.415876e+001 -3.022233e+000 -5.257364e-001 -2.433951e+000 2.922531e+000 -3.960252e+000 -3.883979e-001 -4.487964e-001 -7.043327e-001 -4.030098e+000 -1.253743e+000 1.687456e+000 -1.884130e+000 -1.879553e+000 5.081896e-001 -9.852476e-001 -5.486446e-001 6.164574e-001 -7.878678e-001 -2.375203e+000 -4.796268e-001 1.022237e+000 7.415775e-002 
8.681734e+000 1.353095e+001 -2.131830e+000 -8.876417e-001 -1.904549e+000 1.780798e+000 -4.168311e+000 2.796086e-001 -1.720720e-001 -4.237847e-001 -4.147734e+000 -8.149993e-001 4.138638e-001 -2.493395e+000 -1.436537e+000 -4.926341e-001 -1.072072e+000 6.183787e-001 -5.035958e-001 -1.591401e-001 -2.086901e+000 -8.959362e-001 1.464789e+000 1.868748e-001 
8.475282e+000 1.327577e+001 -2.926429e+000 3.620179e-001 -1.750689e+000 2.501713e+000 -4.765395e+000 2.972619e-001 -1.708904e+000 -7.554315e-001 -3.725903e+000 2.695918e-001 3.656559e-001 -2.200646e+000 -1.661892e+000 -1.227204e+000 -1.182662e+000 8.287220e-001 -8.480260e-001 7.729266e-001 -1.398178e+000 -1.697190e+000 1.195207e+000 -1.048802e+000 
7.954253e+000 1.224817e+001 -2.870096e+000 7.713291e-001 -1.897778e+000 5.210380e-001 -4.857625e+000 -1.373881e-002 -1.625059e+000 -1.390218e+000 -2.173467e+000 -5.615556e-001 1.081531e+000 -2.385179e+000 -1.431883e+000 -1.740584e+000 -1.011588e+000 3.412229e-001 -1.658480e-001 1.023840e+000 -1.300470e+000 -2.072886e+000 5.707381e-001 -7.695510e-001 
8.509047e+000 1.214218e+001 -2.395856e+000 1.725978e+000 -3.432370e+000 -1.034971e-001 -5.205813e+000 1.151626e+000 -2.422502e+000 -3.106219e-001 -1.307700e+000 -8.923695e-001 1.339564e+000 -2.276936e+000 -2.881302e+000 -1.387723e+000 -1.247356e+000 6.507579e-001 -2.797712e-001 8.747024e-001 -1.108577e+000 -1.416854e+000 -1.879877e-001 -1.294154e-001 
8.284045e+000 1.249095e+001 -2.668205e+000 3.201529e-001 -1.158447e+000 3.997993e-003 -5.906574e+000 5.670034e-001 -2.414432e+000 -9.905835e-001 -1.402741e+000 -1.292148e+000 1.075538e+000 -1.681104e+000 -1.788431e+000 -1.317668e+000 -1.556035e+000 2.487923e-001 1.397119e-001 3.894372e-001 -1.475415e+000 -1.791420e+000 3.885120e-001 -1.501314e-001 
7.289508e+000 1.299109e+001 -3.161559e+000 2.244991e+000 -6.026696e-001 2.485763e+000 -5.457904e+000 7.668100e-001 -2.524251e+000 -2.045978e+000 -1.110023e+000 -1.091415e+000 1.491261e+000 -1.971399e+000 -1.715065e+000 -1.870602e+000 -9.727230e-001 7.308703e-002 -3.643173e-001 1.062796e+000 -1.211709e+000 -1.254482e+000 1.064689e-001 -1.201969e-001 
6.685577e+000 1.196883e+001 -3.201165e+000 1.355781e+000 -1.888688e+000 1.396894e+000 -5.628127e+000 -2.485635e-001 -2.302874e+000 -2.218802e+000 -1.173953e+000 -1.947030e+000 5.574082e-001 -2.150338e+000 -7.819823e-001 -1.928887e+000 -9.125106e-001 -3.922291e-001 -5.573574e-001 2.353083e-001 -1.193096e+000 -1.237421e+000 3.235778e-001 -4.941404e-002 
7.643063e+000 1.284859e+001 -2.924511e+000 1.732813e+000 -2.334815e+000 1.466990e+000 -4.973179e+000 9.071860e-001 -2.955530e+000 -2.523002e+000 -1.439533e+000 2.133308e-001 1.362124e+000 -1.396659e+000 -1.192445e+000 -1.187445e+000 -1.095831e+000 -2.518085e-001 -8.351307e-001 8.297414e-001 -1.208260e+000 -1.311695e+000 2.931795e-001 -2.121026e-001 
7.764459e+000 1.325359e+001 -3.323153e+000 1.998224e+000 -1.619853e+000 4.871452e-001 -4.854415e+000 -1.138888e-002 -2.416308e+000 -2.006749e+000 -1.936498e+000 9.871147e-002 7.975413e-001 -1.002137e+000 -9.329786e-001 -1.095201e+000 -1.024292e+000 -8.855614e-001 -3.956424e-001 2.749249e-001 -1.275201e+000 -1.592529e+000 6.748050e-001 -1.239455e-001 
6.992837e+000 1.227411e+001 -2.436567e+000 1.327431e+000 -2.424806e+000 3.886153e-001 -5.043407e+000 -8.372931e-001 -2.388040e+000 -2.147932e+000 -2.183976e+000 -3.121783e-001 9.978908e-001 -8.314033e-001 -1.088301e+000 -1.569039e+000 -7.540250e-001 -9.071947e-001 -6.946239e-001 -1.061802e-001 -1.051549e+000 -1.511998e+000 5.599558e-001 -1.714160e-001 
8.620045e+000 1.123822e+001 -1.831532e+000 -5.714891e-001 9.641042e-001 1.195665e-001 -2.776900e+000 -1.044837e+000 -1.058196e+000 -2.617998e+000 -1.095226e+000 1.420042e+000 1.908817e+000 -5.160040e-001 -6.727883e-001 -3.638943e-001 -4.868627e-001 -3.430686e-001 -2.933303e-001 3.694469e-001 -6.097424e-001 -8.403634e-001 3.861539e-001 2.200274e-001 
3.354392e-001 1.639413e+001 -1.003275e+001 -1.829927e-001 -1.159418e+000 -8.395912e-001 -2.349390e+000 -1.247361e+000 -2.151915e-001 -4.105348e+000 -7.370828e-001 -1.240081e-001 1.564760e+000 -1.893179e+000 4.496261e-002 -2.764986e-001 -6.504953e-001 2.523674e-002 -4.476302e-001 9.524752e-001 -2.158882e+000 -7.676108e-001 -7.140344e-001 6.439086e-001 
8.171129e-002 1.479840e+001 -8.469312e+000 -1.165234e+000 -6.555365e-001 9.935625e-002 -2.950855e+000 -1.325947e+000 -6.209570e-001 -2.762454e+000 -1.765765e+000 5.548798e-001 1.798696e+000 -5.591041e-001 1.449393e-001 -1.788229e-001 -7.224258e-001 -2.187117e-001 3.866666e-001 -2.211428e-001 -1.292064e+000 -9.043585e-001 1.321309e-002 3.027127e-002 
2.788720e+000 1.125507e+001 -6.332970e+000 -1.529640e+000 -3.319733e-001 4.822927e-001 -4.302142e+000 -8.558943e-001 -1.187344e+000 -1.976794e+000 -2.564830e+000 5.301826e-001 1.858961e-001 -1.880398e-001 -1.039250e+000 1.607055e-001 -1.155380e+000 -2.938702e-001 2.905247e-001 -2.608733e-001 -1.571770e+000 -9.246987e-001 1.502934e-002 2.533791e-002 
9.455125e+000 7.186305e+000 -4.181441e+000 2.069465e-002 -2.028241e+000 3.140797e+000 -5.656305e+000 -4.925643e-001 -1.823732e+000 -9.638522e-002 -2.075593e+000 1.302355e+000 2.183985e-001 1.897712e+000 -2.210002e+000 1.047451e+000 -7.310951e-001 5.421392e-001 4.331707e-001 -5.551962e-001 -1.234478e+000 -5.854386e-001 -3.108838e-001 -4.816340e-001 
1.063306e+001 6.171314e+000 -1.081156e+000 2.676716e+000 -2.645216e+000 3.611563e+000 -5.030598e+000 5.511831e-001 -1.464547e+000 -5.212675e-001 -2.128946e+000 8.066542e-001 -5.541552e-001 1.108995e+000 -2.400218e+000 1.040502e+000 -1.160500e+000 -3.028078e-001 -7.435926e-001 -4.282884e-001 -1.299771e+000 -4.439343e-001 -3.071605e-001 -1.294172e-001 
8.113376e+000 1.141598e+001 -2.692305e+000 1.409656e+000 -2.281908e+000 2.764645e+000 -3.525959e+000 8.731960e-001 -3.224672e-001 -1.638380e+000 -3.013031e+000 -3.241049e-001 -6.883951e-001 -1.804468e-001 -2.276139e+000 3.486039e-001 -4.905428e-001 -4.768228e-001 1.233261e-001 -1.597682e-001 -1.560046e+000 -3.516317e-001 6.519401e-001 4.603782e-001 
7.912445e+000 1.435630e+001 -2.595016e+000 1.066417e+000 -2.635146e+000 1.859914e+000 -4.930152e+000 3.703694e-001 1.730787e-001 -1.019402e+000 -4.168947e+000 -1.324075e+000 1.012723e+000 -2.487520e+000 -1.235163e+000 1.499909e+000 -1.056326e+000 -8.623823e-001 3.460869e-001 -9.558927e-001 -2.340129e+000 -3.340884e-001 6.208909e-001 -7.340027e-001 
8.648653e+000 1.272550e+001 -1.256705e+000 -5.072295e-001 -9.026111e-001 1.464101e+000 -4.476781e+000 -7.507317e-002 4.894757e-001 -1.720485e-001 -4.101097e+000 -9.218161e-001 1.233823e-001 -1.869515e+000 -1.354174e+000 -3.551212e-001 -8.650226e-001 4.020334e-001 -7.433967e-001 3.841729e-003 -1.412602e+000 -1.203025e+000 1.423999e+000 7.753892e-002 
9.115095e+000 1.375338e+001 -3.028615e+000 9.778340e-001 -1.483488e+000 2.020144e+000 -4.607337e+000 1.442647e-001 -1.049584e+000 -9.968646e-001 -3.205955e+000 8.267224e-001 3.639019e-001 -1.930802e+000 -1.225664e+000 -1.081747e+000 -1.445621e+000 6.780763e-001 -4.482652e-001 6.526289e-001 -1.718372e+000 -1.514827e+000 1.395833e+000 -9.728358e-001 
8.028917e+000 1.206751e+001 -3.196263e+000 -4.632377e-001 -1.548108e+000 5.585812e-002 -5.744475e+000 -1.670304e+000 -1.463697e+000 -4.938022e-001 -1.489927e+000 -1.410297e+000 4.532964e-001 -2.298317e+000 -1.152838e+000 -1.237230e+000 -1.521799e+000 -2.807662e-001 -4.583305e-001 8.038849e-001 -1.047266e+000 -1.808374e+000 1.639575e-001 -6.578226e-001 
8.809614e+000 1.287131e+001 -2.684927e+000 2.150740e+000 -2.948624e+000 9.713186e-002 -5.599687e+000 9.470226e-001 -1.436963e+000 6.106696e-001 -1.232223e+000 -1.352166e+000 3.928506e-001 -1.616196e+000 -1.971086e+000 -1.021070e+000 -1.616824e+000 3.996164e-001 -1.708200e-001 8.662525e-001 -1.067983e+000 -1.339466e+000 1.238891e-001 -1.637925e-001 
8.152088e+000 1.309493e+001 -2.120267e+000 6.395668e-001 -1.127854e+000 5.222988e-001 -4.800736e+000 1.021898e+000 -2.571354e+000 -1.581581e+000 -1.796906e+000 -6.635609e-001 1.325256e+000 -1.665947e+000 -1.963473e+000 -1.266195e+000 -9.681921e-001 4.083702e-002 -4.535701e-001 6.189350e-001 -1.110343e+000 -1.801454e+000 3.171011e-001 -1.381790e-001 
6.818749e+000 1.234041e+001 -3.360731e+000 2.168719e+000 -1.642268e+000 1.028594e+000 -6.510813e+000 6.345316e-001 -2.255714e+000 -2.613938e+000 -1.235160e+000 -2.242242e+000 5.722393e-001 -2.771339e+000 -8.390610e-001 -1.364565e+000 -1.116930e+000 -5.476022e-001 -1.141298e+000 5.256563e-001 -1.607832e+000 -8.723215e-001 4.943537e-001 1.612925e-001 
6.358777e+000 1.308772e+001 -3.540793e+000 3.070412e+000 -1.617143e+000 2.440767e+000 -5.798853e+000 7.210470e-001 -2.665968e+000 -2.388834e+000 -7.388053e-001 -7.541137e-001 9.089776e-001 -2.576405e+000 -1.046117e+000 -1.961467e+000 -6.568559e-001 -8.759085e-001 -3.437342e-001 3.161416e-001 -3.813260e-001 -9.221472e-001 5.028005e-001 -3.315344e-001 
8.316382e+000 1.233850e+001 -2.625487e+000 4.805331e-001 -1.628349e+000 7.269991e-001 -4.903905e+000 -2.889414e-001 -2.422053e+000 -2.473303e+000 -1.433969e+000 -6.984079e-001 1.130536e+000 -1.090501e+000 -8.183415e-001 -1.310409e+000 -1.033494e+000 -3.618366e-001 -6.059415e-001 1.794633e-001 -1.741342e+000 -1.150130e+000 5.434758e-001 2.010141e-001 
7.431824e+000 1.310967e+001 -2.979027e+000 1.967580e+000 -2.212999e+000 4.852305e-001 -5.033498e+000 -5.427527e-001 -2.942349e+000 -1.805279e+000 -1.754434e+000 1.519694e-001 7.682496e-001 -6.787476e-001 -1.000754e+000 -1.297680e+000 -1.063751e+000 -1.150817e+000 -4.196702e-001 -1.664723e-001 -1.049722e+000 -1.393778e+000 5.830410e-001 -2.202539e-001 
