7.093503e+000 1.269882e+001 -1.664469e+000 -1.477267e-001 7.233131e-002 2.473985e+000 -1.933214e+000 2.294511e+000 1.568542e+000 -2.056467e-001 -2.711081e+000 7.843272e-001 
6.833598e+000 1.386104e+001 -2.140451e+000 -1.655975e-001 2.847691e-001 3.223451e+000 -2.058866e+000 2.001492e+000 1.395804e+000 -6.955615e-001 -2.543249e+000 1.116096e+000 
6.902155e+000 1.370624e+001 -1.746180e+000 1.635046e-001 7.318803e-001 2.952740e+000 -1.396435e+000 1.484572e+000 4.981108e-001 -1.513966e-001 -1.983543e+000 7.436567e-001 
7.318915e+000 1.425428e+001 -1.776330e+000 2.348718e-001 1.159533e+000 2.794280e+000 -2.216969e+000 1.853708e+000 5.923533e-001 -6.772309e-001 -1.675999e+000 9.072643e-001 
9.737424e+000 1.292845e+001 -9.660799e-001 -5.837819e-001 -4.610871e-002 3.339857e+000 -2.606615e+000 1.784070e+000 8.485723e-001 -3.038841e-001 -2.092053e+000 5.361972e-001 
1.178781e+001 1.013464e+001 -1.025939e+000 1.678399e-001 3.025521e-001 3.022663e+000 -2.866558e+000 1.447308e+000 7.085041e-001 -5.801956e-001 -1.589493e+000 9.626230e-001 
1.222961e+001 9.455180e+000 -1.914535e+000 9.404971e-001 6.318906e-001 2.682677e+000 -3.092287e+000 8.829073e-001 4.023950e-001 -3.914090e-001 -1.396171e+000 1.299671e+000 
1.244204e+001 9.487832e+000 -2.112851e+000 1.855463e-001 -2.044150e-001 1.845763e+000 -3.215083e+000 1.494044e+000 9.294934e-001 -2.215531e-001 -1.466865e+000 1.133137e+000 
1.102519e+001 8.157334e+000 -2.095470e+000 -8.029197e-001 -6.540427e-001 1.582896e+000 -3.443970e+000 2.496311e+000 6.257089e-001 1.824690e-001 -7.616288e-001 5.771301e-001 
1.063141e+001 8.309965e+000 -1.295544e+000 7.693014e-001 5.300157e-001 1.664456e+000 -3.618984e+000 5.538392e-001 -1.713626e-001 -3.474320e-001 -6.906621e-001 1.098193e+000 
1.150574e+001 9.115914e+000 -7.809522e-001 1.540432e+000 5.027900e-001 1.859464e+000 -3.599495e+000 8.143764e-001 -2.702069e-001 2.862216e-002 -7.126621e-001 1.108043e+000 
1.084634e+001 1.012529e+001 -1.971941e+000 1.969313e+000 6.582955e-001 2.182430e+000 -3.254596e+000 1.460162e+000 -8.404376e-001 6.692099e-001 -6.593964e-001 1.301140e+000 
1.132262e+001 9.369552e+000 -8.389145e-001 2.076889e+000 7.334319e-001 1.933078e+000 -3.151308e+000 9.325076e-001 -8.386773e-001 6.825505e-001 1.406220e-001 8.743313e-001 
1.175252e+001 9.831726e+000 -1.222284e+000 2.039890e+000 7.647266e-001 1.771798e+000 -3.150217e+000 3.381376e-001 -9.606198e-002 7.812612e-001 -1.535165e-001 1.332136e+000 
1.152222e+001 1.022918e+001 -1.677460e+000 2.213456e+000 7.989005e-001 2.005342e+000 -3.469940e+000 6.851560e-001 -7.608745e-001 9.726396e-001 -1.784824e-001 1.282207e+000 
1.059698e+001 1.056851e+001 -1.543533e+000 2.993693e+000 1.607615e-001 3.225308e+000 -3.679571e+000 1.347196e+000 -1.174758e+000 1.004179e+000 -6.165817e-001 1.005165e+000 
1.124532e+001 1.050945e+001 -7.362518e-001 2.426430e+000 7.497833e-001 2.492725e+000 -3.199457e+000 5.759942e-001 -7.510686e-001 6.262619e-001 -2.587512e-001 8.803724e-001 
1.200505e+001 9.655283e+000 -7.490568e-001 2.189741e+000 1.082084e+000 1.994044e+000 -2.879151e+000 6.640060e-001 -6.276746e-001 5.015378e-001 -2.494195e-001 6.773157e-001 
1.218086e+001 9.392874e+000 -1.651369e+000 2.354403e+000 9.480995e-001 2.518585e+000 -3.329438e+000 8.556046e-001 -9.035508e-001 6.951734e-001 -2.073248e-001 1.086896e+000 
1.310412e+001 9.249909e+000 -1.107298e+000 1.840734e+000 1.235185e+000 2.283227e+000 -3.054582e+000 5.881725e-001 -7.986533e-001 7.053069e-001 -8.185170e-002 1.186965e+000 
1.160407e+001 9.299578e+000 -1.001002e+000 -2.920750e-003 1.434586e+000 8.579749e-001 -7.877466e-001 1.241749e+000 3.752875e-001 -1.042866e-001 -9.628051e-001 -2.352359e-001 
7.611258e+000 1.253816e+001 -1.295461e+000 -6.180400e-001 4.245798e-001 2.434765e+000 -1.342140e+000 1.908110e+000 1.427709e+000 -4.065223e-001 -2.505584e+000 7.844616e-001 
6.634553e+000 1.402580e+001 -1.724171e+000 -2.806177e-001 8.485942e-001 3.067491e+000 -1.608632e+000 1.696950e+000 1.365253e+000 -8.307476e-001 -2.440131e+000 8.511884e-001 
6.667358e+000 1.353365e+001 -1.300458e+000 4.310594e-002 1.464091e+000 3.204437e+000 -1.592631e+000 1.646415e+000 7.724151e-001 -9.682168e-001 -2.225077e+000 6.854482e-001 
7.819638e+000 1.324390e+001 -1.263419e+000 -1.970738e-001 1.816551e+000 2.495891e+000 -1.911619e+000 1.695794e+000 9.991832e-001 -1.113572e+000 -1.971149e+000 6.981748e-001 
1.094228e+001 1.158088e+001 -9.264293e-001 -6.884742e-001 3.109658e-001 2.960099e+000 -2.130103e+000 1.738647e+000 9.819083e-001 -3.893227e-001 -2.075877e+000 2.820236e-001 
1.118490e+001 1.074961e+001 -1.635489e+000 1.180086e+000 -1.951990e-001 3.946245e+000 -3.427231e+000 1.679007e+000 9.162636e-002 -1.779968e-001 -1.806862e+000 1.099260e+000 
1.171887e+001 1.058924e+001 -2.157711e+000 1.697598e+000 -1.046930e-001 2.929310e+000 -3.441676e+000 1.191593e+000 2.198602e-001 -1.788484e-001 -1.527206e+000 1.204717e+000 
1.237386e+001 9.709400e+000 -2.154247e+000 2.768685e-001 -3.770025e-001 1.874407e+000 -3.662419e+000 1.754770e+000 9.877461e-001 -6.039841e-002 -1.685810e+000 9.737497e-001 
1.082966e+001 8.382287e+000 -2.199181e+000 -3.279785e-001 -5.296280e-001 1.941900e+000 -3.567175e+000 2.274850e+000 3.737771e-001 -1.320255e-002 -7.783303e-001 5.793502e-001 
1.098226e+001 8.385659e+000 -3.554324e-001 1.086034e+000 7.866186e-001 1.810164e+000 -3.480231e+000 6.581681e-001 -2.296408e-001 -1.067584e-001 -6.500417e-001 1.169315e+000 
1.119447e+001 9.496852e+000 -7.117526e-001 1.838050e+000 1.038170e+000 2.075825e+000 -3.317809e+000 6.636264e-001 -5.334598e-001 2.773307e-001 -5.954075e-001 1.442938e+000 
1.158769e+001 9.103976e+000 -1.265966e+000 1.693860e+000 1.077902e+000 1.873436e+000 -2.831493e+000 1.062105e+000 -5.501267e-001 4.233558e-001 -5.615757e-001 1.076917e+000 
1.170260e+001 9.358686e+000 -1.009030e+000 2.006817e+000 5.204116e-001 1.550966e+000 -3.485508e+000 6.164964e-001 -7.391107e-001 5.784489e-001 -9.705967e-002 1.007789e+000 
1.154713e+001 9.467870e+000 -1.177192e+000 1.742869e+000 8.576696e-001 1.697916e+000 -3.129313e+000 4.358302e-001 -2.060479e-001 8.573245e-001 6.964155e-002 1.201656e+000 
1.166612e+001 9.564526e+000 -6.942608e-001 2.000144e+000 1.238251e+000 1.776252e+000 -3.216687e+000 3.076659e-001 -5.673064e-001 7.783076e-001 6.316190e-002 1.192263e+000 
1.120903e+001 1.013725e+001 -1.001934e+000 2.950770e+000 7.167622e-001 2.961409e+000 -3.801022e+000 9.239991e-001 -9.539623e-001 9.656862e-001 -3.581844e-001 1.242612e+000 
1.138707e+001 1.025179e+001 -5.208200e-001 2.146473e+000 1.470556e+000 2.061739e+000 -2.560889e+000 -9.391769e-002 -4.972734e-001 5.999775e-001 -1.075775e-001 1.018626e+000 
1.176365e+001 9.489015e+000 -1.153408e+000 2.174925e+000 1.199827e+000 2.340895e+000 -3.336143e+000 5.916164e-001 -8.170294e-001 6.686913e-001 -1.651892e-001 1.098862e+000 
1.166494e+001 9.817884e+000 -2.223374e+000 2.624375e+000 4.896701e-001 2.662322e+000 -3.882852e+000 9.132813e-001 -1.145228e+000 1.064726e+000 -1.512708e-001 1.343964e+000 
