8.817197e+000 1.129798e+001 -2.143756e+000 2.351780e+000 -1.816122e-001 3.896452e-001 -2.378499e+000 1.100021e+000 3.121311e-001 -4.502282e-003 3.245266e-001 1.456957e-001 
6.887026e+000 1.185352e+001 -2.211471e+000 1.495935e+000 -3.976938e-001 2.577943e-001 -1.384042e+000 1.041060e+000 1.404100e+000 -2.501262e-002 -1.738221e-001 2.786192e-001 
7.017763e+000 1.187976e+001 -3.070710e+000 9.201067e-001 -2.533147e-001 4.092307e-002 -1.183971e+000 8.842941e-001 4.740982e-001 -7.274214e-001 -3.825013e-001 4.006938e-002 
6.481643e+000 1.128112e+001 -2.688912e+000 9.510445e-001 -1.696603e-002 -4.315867e-001 -1.319533e+000 8.535156e-001 7.007849e-001 -3.798551e-001 -1.940822e-001 2.915115e-002 
5.762778e+000 1.064152e+001 -2.593472e+000 5.816039e-001 9.125420e-002 1.167252e-001 -1.936961e+000 9.051985e-001 6.219597e-001 2.469649e-001 -6.083101e-002 4.775902e-001 
6.648700e+000 1.029949e+001 -2.361227e+000 1.024996e+000 4.655407e-001 1.850053e-001 -1.625842e+000 1.200822e+000 5.012422e-001 -5.405758e-001 -1.904604e-001 1.416167e-001 
7.388105e+000 8.853920e+000 -3.073067e+000 2.096427e+000 -1.924180e+000 1.428955e+000 -1.562680e+000 1.101335e+000 3.320835e-001 -2.827459e-001 -7.159430e-001 5.876664e-001 
1.103606e+001 8.104973e+000 -1.547607e+000 3.312266e+000 -1.913144e+000 1.578880e+000 -2.221869e+000 1.210628e+000 1.962181e-001 1.083665e-001 -6.953251e-001 7.778668e-001 
1.308810e+001 9.667164e+000 -2.297871e+000 3.443026e+000 -8.511019e-001 -9.878997e-001 -3.062368e+000 1.738661e+000 -7.407761e-001 -1.338169e-001 1.669624e-001 -1.306484e-001 
1.456553e+001 1.115272e+001 -3.230534e+000 3.037052e+000 3.855216e-001 -2.830655e+000 -2.400478e+000 1.702626e+000 -1.314574e-001 -2.597070e-001 6.439208e-001 -9.462246e-001 
1.582828e+001 1.083014e+001 -2.798904e+000 3.758268e+000 1.913738e-001 -2.935966e+000 -2.552634e+000 1.906743e+000 2.706827e-001 3.896382e-002 1.330509e-001 -1.040846e+000 
1.648540e+001 1.006670e+001 -3.058819e+000 3.550029e+000 -1.091739e+000 -2.546037e+000 -3.432537e+000 2.245107e+000 4.915329e-001 -2.586582e-001 3.753583e-002 -1.483895e+000 
1.763301e+001 9.069972e+000 -2.962788e+000 3.442599e+000 -1.241453e+000 -2.161573e+000 -3.694909e+000 1.853015e+000 5.941126e-001 -5.787925e-001 4.894497e-002 -1.602363e+000 
1.798509e+001 9.026127e+000 -2.583360e+000 3.265638e+000 -9.265698e-001 -1.727974e+000 -3.536111e+000 2.019392e+000 4.399060e-001 -5.117877e-001 -1.438033e-001 -1.379388e+000 
1.776742e+001 9.075587e+000 -2.407125e+000 3.073100e+000 -1.125051e+000 -1.486725e+000 -3.787729e+000 2.353481e+000 2.610569e-001 -2.459537e-001 -3.467036e-001 -1.378412e+000 
1.766651e+001 8.868345e+000 -2.641527e+000 2.966364e+000 -9.442634e-001 -1.544066e+000 -3.445959e+000 2.228265e+000 8.209780e-001 -4.114197e-001 -5.094169e-001 -1.468040e+000 
1.595483e+001 7.917169e+000 -4.001180e-001 1.544347e+000 6.810020e-001 -1.715641e+000 -1.789825e+000 1.059540e+000 8.331805e-001 -5.039138e-001 -5.749813e-002 -6.622019e-001 
9.086198e+000 1.040203e+001 -1.612007e+000 6.771694e-001 -4.015600e-001 1.347442e-001 -1.187728e+000 7.368406e-001 6.046005e-001 -5.865057e-001 1.089159e-001 2.165374e-001 
6.177954e+000 1.028821e+001 -2.890410e+000 6.370993e-001 -7.055508e-001 1.531609e-001 -1.925294e+000 5.587493e-001 4.605922e-001 -1.212931e-001 1.001942e-001 2.219694e-001 
6.061760e+000 1.108325e+001 -3.110633e+000 1.306733e+000 -3.302273e-001 1.752821e-001 -1.625813e+000 1.025817e+000 1.041995e+000 1.715152e-001 -3.303510e-002 9.477820e-002 
5.439860e+000 1.212128e+001 -3.651738e+000 1.241510e+000 -4.729999e-001 5.786665e-001 -1.255601e+000 4.558040e-001 7.753025e-001 -7.541951e-001 -2.204459e-001 1.749420e-001 
6.197741e+000 1.187538e+001 -3.227496e+000 8.839590e-001 7.884915e-002 3.334473e-001 -1.751724e+000 1.283361e+000 4.971839e-001 -8.041591e-001 -3.371965e-001 2.214243e-001 
6.068038e+000 1.073231e+001 -2.961575e+000 4.281120e-001 -1.745632e-002 3.526625e-001 -1.541179e+000 9.116562e-001 1.457128e-001 -7.450080e-001 -3.200216e-001 1.049381e-002 
8.507314e+000 8.373924e+000 -2.473919e+000 3.260822e+000 -2.434601e+000 1.680640e+000 -2.260439e+000 7.736995e-001 -1.620582e-001 -1.397027e-001 -1.012376e+000 3.362995e-001 
1.037614e+001 9.058653e+000 -1.757672e+000 4.371501e+000 -2.102759e+000 1.564571e+000 -3.285786e+000 1.421031e+000 -7.210433e-001 1.251238e-001 -9.450886e-001 7.141644e-001 
1.378623e+001 1.003920e+001 -2.622400e+000 3.176117e+000 -6.633585e-001 -1.527262e+000 -3.095373e+000 1.708667e+000 -4.963842e-001 -3.024542e-002 2.463459e-001 -4.793834e-001 
1.314168e+001 1.266187e+001 -5.139150e+000 4.237100e+000 -1.119397e+000 -2.252541e+000 -3.555134e+000 2.593863e+000 -7.942392e-001 1.524876e-001 3.161912e-001 -9.068314e-001 
1.551606e+001 1.094654e+001 -3.443055e+000 4.247279e+000 -6.798485e-001 -2.720043e+000 -3.255315e+000 2.293692e+000 2.793501e-001 1.621695e-001 -1.716883e-001 -1.222711e+000 
1.661765e+001 9.871804e+000 -3.355964e+000 3.655026e+000 -1.230216e+000 -2.449836e+000 -3.888826e+000 2.316380e+000 4.286759e-001 -1.756962e-001 -8.126730e-002 -1.594988e+000 
1.808946e+001 8.571093e+000 -2.767974e+000 2.800070e+000 -8.919366e-001 -2.175685e+000 -3.289738e+000 1.507392e+000 6.064575e-001 -7.501088e-001 2.454174e-001 -1.473641e+000 
1.789870e+001 8.743914e+000 -2.800428e+000 3.104428e+000 -1.173861e+000 -1.960432e+000 -3.679172e+000 2.126314e+000 2.220774e-001 -5.271807e-001 -1.802632e-001 -1.381268e+000 
1.806303e+001 8.521507e+000 -2.128352e+000 2.677786e+000 -7.450216e-001 -1.700645e+000 -3.446201e+000 2.128597e+000 5.172876e-001 -4.022568e-001 -3.451699e-001 -1.450415e+000 
