-9.492795e+000 1.189730e+001 5.216394e+000 3.013579e+000 2.181671e+000 8.247984e-002 -4.724259e-001 1.194594e-001 7.875837e-001 -1.985773e-001 -5.423746e-001 -2.757943e-001 
-9.214678e+000 1.217097e+001 5.350967e+000 2.899082e+000 2.077816e+000 4.424244e-002 -4.476994e-001 1.323781e-001 9.134057e-001 -1.399920e-001 -4.449767e-001 -3.017401e-001 
-1.213156e+001 1.427152e+001 6.144127e+000 2.738246e+000 2.095568e+000 -7.269664e-001 -3.780351e-001 4.054377e-003 1.251633e+000 -3.340679e-001 -2.609148e-001 -3.329548e-001 
-1.025177e+001 1.299575e+001 5.425900e+000 2.627689e+000 2.047943e+000 -4.996019e-003 -3.528057e-001 -2.402355e-001 9.519255e-001 1.554918e-001 -2.496220e-001 -5.067911e-001 
-8.105880e+000 1.390497e+001 2.689055e+000 1.329631e+000 3.238464e+000 9.181920e-001 -6.311019e-001 -7.717198e-001 7.383261e-001 3.704692e-001 6.651238e-002 -1.716303e-001 
-7.275906e+000 1.481697e+001 1.734238e+000 1.002835e+000 3.675075e+000 8.860501e-001 -5.888474e-001 -7.076281e-001 8.964954e-001 1.048102e-001 -1.459582e-001 1.892260e-001 
-6.817368e+000 1.470174e+001 1.819625e+000 1.219146e+000 3.559099e+000 9.557257e-001 -1.184596e+000 -4.724948e-001 1.726397e+000 -3.551480e-001 -7.874818e-001 5.027049e-001 
-4.904409e+000 1.232442e+001 1.753893e+000 2.434447e+000 4.068388e+000 4.966035e-001 -2.032746e+000 -2.631651e-001 1.191694e+000 -5.012053e-001 -5.548377e-001 4.570452e-001 
-2.195839e+000 1.315367e+001 1.720001e+000 3.038841e+000 3.815657e+000 -3.703560e-001 -2.489311e+000 -1.096295e-001 1.341761e+000 -3.779791e-001 -7.215432e-001 -4.043727e-002 
5.868591e-001 1.310792e+001 1.393394e+000 3.086691e+000 3.663006e+000 -1.206470e+000 -2.987453e+000 -4.165785e-001 8.523641e-001 -1.750103e-001 -2.362465e-001 4.133589e-002 
1.104742e+000 1.367207e+001 6.958851e-001 3.520589e+000 4.083818e+000 -1.525511e+000 -3.174938e+000 -4.916350e-001 5.929483e-001 -2.751455e-001 1.238108e-003 -3.931863e-002 
2.197997e+000 1.295247e+001 1.498478e+000 3.109892e+000 3.374787e+000 -1.643013e+000 -3.223020e+000 -4.650488e-001 5.337586e-001 -2.765523e-001 3.540678e-002 2.024980e-001 
4.559380e-001 1.570646e+001 -2.426160e-002 3.584824e+000 2.247745e+000 -1.706231e+000 -2.490406e+000 -9.721023e-001 1.315442e-001 -6.306070e-001 9.061132e-001 -1.083297e-001 
1.706989e+000 1.503500e+001 -7.163392e-001 3.385122e+000 2.234150e+000 -2.244917e+000 -2.493792e+000 -7.879658e-001 -3.448972e-001 -5.078968e-001 8.978356e-001 -2.444103e-001 
2.520864e+000 1.480557e+001 -1.221831e+000 3.112434e+000 2.450443e+000 -2.568520e+000 -2.184056e+000 -7.363861e-001 -6.794154e-001 -3.363752e-001 7.200290e-001 -1.266430e-001 
2.923144e+000 1.505236e+001 -1.730276e+000 3.427835e+000 2.064000e+000 -2.161964e+000 -2.363226e+000 -4.438352e-001 -1.008374e+000 -6.273029e-001 1.368637e+000 -3.960241e-001 
3.345881e+000 1.498643e+001 -1.598702e+000 3.834888e+000 1.423341e+000 -2.005598e+000 -2.380380e+000 -1.098762e-001 -9.555007e-001 -7.670289e-001 1.380269e+000 -6.970306e-001 
4.189356e+000 1.370458e+001 -7.446022e-002 3.001599e+000 1.745216e+000 -2.273223e+000 -2.417755e+000 -4.300701e-002 -7.710741e-001 -6.394418e-001 7.246924e-001 -4.513673e-001 
5.169240e+000 1.280713e+001 9.398590e-001 2.431525e+000 1.941159e+000 -1.720965e+000 -2.635644e+000 -1.956642e-001 -3.501417e-001 -7.272116e-001 1.964139e-001 -1.376342e-002 
4.647359e+000 1.387410e+001 -1.833857e-001 3.473239e+000 1.484214e+000 -1.603127e+000 -2.831466e+000 4.107535e-001 -6.588172e-001 -7.351844e-001 4.512589e-001 -4.857363e-001 
6.629157e+000 1.142295e+001 1.380823e+000 2.744159e+000 1.745551e+000 -1.808557e+000 -2.076215e+000 -2.942264e-002 -4.841473e-001 -6.636056e-001 1.517407e-001 -2.288979e-001 
4.655638e+000 1.346696e+001 1.604830e-001 3.452981e+000 1.297745e+000 -1.296150e+000 -2.625150e+000 1.564145e-001 -4.807359e-001 -7.477000e-001 2.704075e-001 -1.684642e-001 
5.815537e+000 1.200174e+001 1.015308e+000 2.535810e+000 1.576240e+000 -1.269188e+000 -2.657282e+000 -2.339367e-001 5.068443e-002 -9.092830e-001 -2.986682e-002 1.881359e-001 
8.393525e+000 7.967119e+000 2.241519e+000 1.592543e+000 8.566958e-001 -7.081389e-001 -1.331177e+000 -4.551704e-001 -5.276553e-002 -4.532752e-001 -2.906374e-001 -3.226187e-002 
-1.138595e+001 1.309674e+001 5.494341e+000 2.677036e+000 2.510515e+000 -4.101862e-001 -5.729338e-001 1.952477e-001 1.338175e+000 -3.123009e-001 -7.051195e-001 -5.535325e-001 
-1.135679e+001 1.356934e+001 5.533675e+000 2.645710e+000 2.576133e+000 -2.942900e-001 -9.089810e-001 1.543821e-001 1.571897e+000 -2.855810e-001 -6.157151e-001 -3.358770e-001 
-1.044345e+001 1.260669e+001 6.035838e+000 3.061766e+000 1.692320e+000 -2.854882e-001 -2.529198e-001 5.782053e-002 6.763051e-001 -5.552662e-002 -1.439985e-001 -1.767051e-001 
-1.087333e+001 1.342745e+001 5.256344e+000 2.420222e+000 2.277985e+000 -1.841768e-002 -5.976158e-001 -4.068177e-001 1.081158e+000 1.880001e-001 -1.855992e-001 -5.025591e-001 
-8.532280e+000 1.444411e+001 2.188323e+000 1.258092e+000 3.682523e+000 6.411974e-001 -4.241991e-001 -1.017104e+000 8.701992e-001 1.730299e-001 2.968570e-001 -2.642887e-001 
-7.482325e+000 1.493321e+001 1.397520e+000 9.054750e-001 4.195088e+000 1.017958e+000 -6.304241e-001 -1.110110e+000 7.489188e-001 5.578243e-002 2.714901e-001 2.614961e-001 
-7.161795e+000 1.385942e+001 2.382271e+000 1.650372e+000 3.490140e+000 8.160316e-001 -1.236616e+000 -2.814104e-001 1.583374e+000 -2.470114e-001 -6.905710e-001 4.875286e-001 
-6.819298e+000 1.394347e+001 9.206259e-001 2.571990e+000 4.820613e+000 1.253278e-001 -2.089079e+000 -5.876094e-001 1.377340e+000 -7.832907e-001 7.203964e-002 3.646264e-001 
-3.471281e+000 1.486534e+001 5.792152e-001 3.590413e+000 4.090264e+000 -9.247390e-001 -2.552905e+000 -4.256529e-001 1.466256e+000 -4.641858e-001 -2.491416e-001 -1.915118e-001 
-1.208056e+000 1.503763e+001 3.458969e-001 3.447479e+000 3.940990e+000 -1.627151e+000 -2.917279e+000 -4.945932e-001 8.217524e-001 -2.738605e-001 5.844992e-002 -5.700148e-002 
2.051984e+000 1.261508e+001 1.128730e+000 3.294734e+000 3.870799e+000 -1.397893e+000 -3.168030e+000 -5.015668e-001 5.931882e-001 -2.349597e-001 -1.119645e-001 8.721118e-002 
-5.767364e-001 1.592005e+001 -5.372085e-002 3.505938e+000 3.342569e+000 -1.993066e+000 -2.985441e+000 -5.095086e-001 5.978808e-001 -7.157064e-001 6.757710e-001 -1.582818e-001 
1.915335e+000 1.373033e+001 1.191922e+000 2.772223e+000 2.385251e+000 -1.789854e+000 -2.509630e+000 -6.948477e-001 -2.777999e-001 -3.198935e-001 5.267701e-001 9.963364e-002 
1.627232e+000 1.499670e+001 -7.461434e-001 3.057371e+000 2.362347e+000 -2.199553e+000 -2.512312e+000 -8.345476e-001 -2.288557e-001 -5.369060e-001 7.420216e-001 -1.089201e-001 
3.256956e+000 1.382233e+001 -7.514937e-001 2.908666e+000 2.292024e+000 -2.301377e+000 -2.248685e+000 -6.939085e-001 -7.040905e-001 -3.284403e-001 7.225226e-001 -8.455884e-002 
4.337823e+000 1.284723e+001 -1.498797e-001 2.704711e+000 2.278403e+000 -2.291447e+000 -2.309428e+000 -4.322997e-001 -9.596611e-001 -3.664582e-001 9.301987e-001 -2.303209e-001 
3.419964e+000 1.433562e+001 -1.003694e+000 3.497298e+000 1.727716e+000 -2.345377e+000 -2.274198e+000 -1.273640e-001 -8.648489e-001 -7.392226e-001 1.213470e+000 -6.853363e-001 
4.815271e+000 1.274879e+001 6.096206e-001 2.519340e+000 1.778234e+000 -2.113757e+000 -2.335804e+000 -2.060277e-001 -6.359415e-001 -6.289784e-001 4.298366e-001 -2.033506e-001 
5.064022e+000 1.273709e+001 9.664534e-001 2.387897e+000 1.943349e+000 -1.703598e+000 -2.586425e+000 -1.825008e-001 -3.025325e-001 -7.510108e-001 1.091785e-001 9.444064e-003 
4.588903e+000 1.366965e+001 -7.644889e-002 3.245185e+000 1.754666e+000 -1.829733e+000 -2.570062e+000 2.675376e-001 -5.180813e-001 -8.149447e-001 4.229188e-001 -5.042209e-001 
4.355514e+000 1.363693e+001 -2.374112e-002 3.621850e+000 1.331646e+000 -1.467274e+000 -2.711369e+000 5.805671e-001 -7.937822e-001 -6.349384e-001 3.510847e-001 -4.435181e-001 
4.552550e+000 1.314856e+001 4.998958e-001 3.141806e+000 1.383124e+000 -1.281770e+000 -2.514421e+000 4.295036e-002 -4.111440e-001 -8.368181e-001 2.862525e-001 -1.062575e-001 
