1.040757e+001 9.490453e+000 -2.278977e+000 2.782139e+000 -1.195615e+000 1.604487e+000 -2.282693e+000 1.200457e+000 -3.091630e-001 -3.760787e-001 -5.242260e-001 -4.189286e-001 
1.050678e+001 7.612969e+000 -1.211986e+000 2.755940e+000 -1.534525e+000 3.301824e+000 -1.535033e+000 1.089743e+000 -2.691452e-001 -1.144146e-001 -1.284414e+000 3.692524e-001 
1.185476e+001 6.215260e+000 -6.842226e-001 3.748952e+000 -1.565551e+000 2.822203e+000 -1.407552e+000 6.268883e-001 -5.310093e-001 -3.118467e-001 -1.083488e+000 2.599705e-001 
1.362609e+001 4.447276e+000 -8.613816e-001 3.159121e+000 -1.585553e+000 2.992690e+000 -2.242593e+000 6.398303e-001 -5.209416e-001 1.932839e-002 -8.112977e-001 -1.390533e-001 
1.370943e+001 3.471561e+000 -3.334477e-001 3.040950e+000 -2.161745e+000 2.086394e+000 -2.042627e+000 8.324663e-001 -4.337556e-001 3.146282e-001 -5.116216e-001 2.631875e-001 
1.444026e+001 4.310385e+000 -5.508858e-001 2.210875e+000 -1.793882e+000 2.255551e+000 -1.587216e+000 6.802919e-001 -4.830201e-001 -3.701177e-001 -1.192402e+000 -2.351801e-002 
1.271093e+001 4.103673e+000 -2.516836e-001 2.791535e+000 -1.680392e+000 2.609416e+000 -1.767312e+000 1.226032e+000 -3.450005e-001 -3.541910e-001 -1.013606e+000 2.267745e-001 
1.283847e+001 3.976786e+000 9.831879e-002 2.661344e+000 -2.148818e+000 2.215633e+000 -1.915154e+000 1.183295e+000 4.015513e-001 3.744479e-001 -6.806106e-001 1.854923e-001 
1.218517e+001 4.059751e+000 -7.523465e-001 1.025073e+000 -2.834270e+000 2.019311e+000 -1.830046e+000 1.190450e+000 -3.608954e-001 -4.595493e-001 -8.728903e-001 2.317699e-001 
1.191361e+001 3.999891e+000 -6.781010e-001 1.958743e+000 -2.816426e+000 1.986415e+000 -2.400706e+000 3.298992e-001 -4.833114e-001 2.760191e-002 -8.688041e-001 4.695006e-001 
1.147071e+001 3.733479e+000 -1.158981e+000 1.434685e+000 -2.407526e+000 1.978360e+000 -2.245236e+000 7.577003e-001 -3.792841e-001 7.445222e-002 -6.634515e-001 1.215612e-001 
1.062775e+001 3.095713e+000 -1.379045e+000 1.957244e+000 -1.760657e+000 2.312944e+000 -1.829910e+000 9.894491e-001 -3.365689e-001 4.492728e-001 -4.460263e-001 6.572101e-001 
1.091376e+001 4.111532e+000 -5.861110e-001 2.724843e+000 -1.011387e+000 2.726421e+000 -1.704184e+000 6.857085e-001 -8.233174e-001 -3.881009e-001 -9.464243e-001 3.957452e-001 
1.163051e+001 4.907666e+000 -2.061392e-001 2.131153e+000 -1.834785e+000 2.469482e+000 -1.628778e+000 8.042900e-001 -4.189537e-001 2.185336e-001 -2.911633e-001 3.041477e-001 
1.206540e+001 4.995608e+000 -3.395796e-001 2.713172e+000 -1.627534e+000 2.375064e+000 -2.019882e+000 5.670042e-001 -4.168960e-001 -1.513489e-001 -8.624346e-001 9.791050e-002 
1.064196e+001 5.258205e+000 8.205050e-003 2.883909e+000 -7.426983e-001 2.496876e+000 -1.778733e+000 3.932616e-001 -6.364894e-001 -8.004168e-002 -9.954232e-001 -1.154783e-001 
1.090417e+001 7.300022e+000 -1.919036e-001 2.415075e+000 -3.668587e-001 1.922132e+000 -1.894245e+000 2.052816e-001 -3.587149e-001 -1.959962e-001 -9.594875e-001 1.150127e-001 
1.302595e+001 8.883189e+000 -6.675542e-002 1.573142e+000 9.530407e-001 5.399650e-001 -1.275273e+000 2.681525e-001 3.193107e-001 -7.853302e-001 -4.128058e-001 -1.043357e-001 
1.215027e+001 9.248555e+000 -1.763679e+000 1.768588e+000 3.850989e-001 5.264042e-001 -1.109832e+000 1.194994e+000 4.909015e-001 -5.353721e-001 -1.832396e-001 -7.073601e-001 
1.046323e+001 8.684118e+000 -1.066718e+000 2.645226e+000 -9.079043e-001 3.212765e+000 -1.549659e+000 1.267054e+000 -1.449639e-001 -4.378878e-001 -1.295614e+000 1.803273e-001 
1.114130e+001 6.375038e+000 -1.526729e+000 2.414215e+000 -1.964781e+000 2.200893e+000 -2.298845e+000 6.723161e-001 1.576717e-001 4.863635e-001 -5.456298e-001 5.459711e-001 
1.386227e+001 5.312593e+000 -1.271953e+000 2.725354e+000 -2.287750e+000 2.475580e+000 -2.470906e+000 4.940904e-001 -1.288267e-001 2.717583e-001 -4.971848e-001 1.782955e-001 
1.327609e+001 3.456750e+000 -2.161745e-001 3.792682e+000 -1.114786e+000 2.999647e+000 -2.156557e+000 8.492442e-001 -4.511048e-001 3.393267e-001 -6.485689e-001 -7.023636e-002 
1.426381e+001 4.226845e+000 2.779034e-001 3.276816e+000 -1.571145e+000 2.445205e+000 -1.213568e+000 8.564712e-001 -7.117116e-001 -3.345254e-001 -1.038810e+000 -1.133452e-001 
1.377451e+001 4.220547e+000 -4.197214e-001 3.068407e+000 -1.182219e+000 2.855490e+000 -1.837764e+000 6.042817e-001 -6.630401e-001 -1.225904e-001 -1.043530e+000 2.260571e-002 
1.308484e+001 4.440738e+000 -7.972676e-002 2.911193e+000 -1.889890e+000 2.694649e+000 -1.886373e+000 8.402702e-001 -3.042627e-001 -2.710961e-001 -1.347792e+000 -1.500273e-001 
1.363958e+001 4.831074e+000 -1.934749e-001 1.710327e+000 -1.903245e+000 2.545935e+000 -1.503368e+000 1.195189e+000 -2.048244e-001 -5.929541e-001 -1.159533e+000 -5.164283e-002 
1.251352e+001 4.590184e+000 -4.531382e-001 2.436321e+000 -1.590953e+000 2.879239e+000 -1.609459e+000 1.229132e+000 -3.328622e-001 -8.982698e-002 -1.037060e+000 1.488172e-001 
1.158313e+001 4.195145e+000 -5.829648e-001 2.474667e+000 -1.709625e+000 2.571707e+000 -1.759092e+000 1.073531e+000 -2.568439e-001 -2.030413e-001 -1.025182e+000 1.522963e-001 
1.085568e+001 3.200516e+000 -1.130971e+000 2.257201e+000 -1.529660e+000 2.712898e+000 -1.939376e+000 6.374211e-001 -5.600189e-001 -5.223249e-002 -1.010464e+000 1.880247e-001 
1.102766e+001 4.050532e+000 -8.098921e-001 1.772608e+000 -1.027639e+000 2.949724e+000 -1.335774e+000 1.184579e+000 -3.214908e-001 -8.771839e-002 -1.048640e+000 -1.523990e-001 
1.120993e+001 4.692013e+000 2.489111e-001 3.217223e+000 -1.149775e+000 2.823763e+000 -1.761295e+000 3.837126e-001 -1.082351e+000 -6.133784e-001 -1.272075e+000 4.689017e-003 
1.209580e+001 5.336659e+000 7.826284e-001 3.676389e+000 -1.159299e+000 2.523923e+000 -1.740291e+000 2.221336e-001 -9.073472e-001 -6.020474e-001 -1.148134e+000 -2.235063e-001 
1.151699e+001 4.880892e+000 -5.786318e-002 3.306739e+000 -2.747256e-001 2.440813e+000 -1.921061e+000 6.958944e-001 -6.684918e-001 -4.148485e-001 -1.293135e+000 -6.939363e-002 
1.030538e+001 6.326250e+000 -4.934518e-001 2.575770e+000 -2.154147e-001 2.684618e+000 -1.357499e+000 6.352220e-001 -3.848892e-001 -3.580819e-001 -1.125171e+000 -1.340086e-001 
