9.978021e+000 8.730821e+000 -1.388998e+000 3.196879e+000 6.301409e-001 -9.005775e-001 -2.560719e+000 -1.143675e+000 3.592456e-001 -2.790572e-001 1.143319e-001 2.684210e-001 
1.077583e+001 9.653648e+000 -1.686165e+000 2.694818e+000 7.789251e-001 -2.855568e-001 -3.097205e+000 7.639505e-003 4.105705e-001 -5.842218e-001 -8.825982e-002 -5.075859e-002 
1.151737e+001 9.453109e+000 -2.138767e+000 3.218196e+000 9.998717e-001 -7.942029e-001 -3.306120e+000 -3.957055e-001 4.695906e-001 -3.314495e-001 -2.605990e-002 -3.181532e-002 
1.295700e+001 9.107236e+000 -2.348128e+000 3.044930e+000 4.772011e-001 -1.164625e+000 -3.728797e+000 -6.838679e-001 5.332457e-001 -1.926197e-001 -2.271463e-001 6.831718e-002 
1.421969e+001 8.402136e+000 -2.738100e+000 2.690349e+000 6.048323e-001 -1.616942e+000 -3.998375e+000 -1.000749e+000 6.447943e-001 -8.792878e-002 -4.545230e-001 2.149121e-001 
1.383476e+001 9.284121e+000 -3.536895e+000 2.867580e+000 6.500999e-001 -2.040040e+000 -4.175923e+000 -9.220283e-001 5.266892e-001 2.235166e-001 -6.264599e-001 1.682228e-001 
1.452440e+001 8.820890e+000 -3.249439e+000 2.860104e+000 6.521011e-001 -2.522968e+000 -3.686768e+000 -1.143648e+000 5.673213e-001 4.888084e-001 -8.497487e-001 2.489248e-001 
1.486311e+001 8.875258e+000 -2.622492e+000 2.161692e+000 1.139887e+000 -2.592004e+000 -3.603282e+000 -1.201686e+000 9.554465e-001 2.285701e-001 -1.194597e+000 1.780175e-001 
1.638197e+001 7.951247e+000 -2.690543e+000 1.845617e+000 1.245040e+000 -2.804235e+000 -3.417929e+000 -8.794575e-001 9.639682e-001 6.006862e-001 -1.703929e+000 -2.981835e-002 
1.680512e+001 8.081896e+000 -2.712218e+000 9.130424e-001 1.642782e+000 -3.034892e+000 -3.307361e+000 -9.250809e-001 1.397737e+000 2.012297e-001 -1.835738e+000 -1.226857e-001 
1.609610e+001 8.748246e+000 -3.328923e+000 1.399630e+000 4.235965e-001 -2.808532e+000 -3.147548e+000 -7.296496e-001 1.196959e+000 1.073269e-002 -1.839850e+000 -4.892680e-001 
1.686470e+001 8.091347e+000 -3.102901e+000 9.747733e-001 6.288207e-001 -3.693439e+000 -2.644059e+000 -5.123419e-001 1.013880e+000 3.756012e-001 -2.026355e+000 -7.249764e-001 
1.696955e+001 7.361808e+000 -2.450029e+000 1.141976e+000 2.750415e-002 -3.395181e+000 -2.495387e+000 -4.274765e-001 1.344173e+000 3.810338e-001 -1.915960e+000 -8.872176e-001 
1.098301e+001 8.569362e+000 -1.143869e+000 2.090532e+000 6.439910e-001 -1.255480e+000 -1.684510e+000 -9.749821e-001 7.458221e-001 -5.196946e-001 -4.478754e-001 8.448295e-002 
1.040157e+001 9.612120e+000 -2.053316e+000 2.871503e+000 3.910164e-001 -2.851398e-001 -3.260917e+000 -1.964067e-001 3.981037e-001 -5.775639e-001 -1.572864e-001 -7.252391e-002 
1.164648e+001 9.199099e+000 -1.919774e+000 3.222271e+000 5.708786e-001 -6.309832e-001 -3.625857e+000 -5.644199e-001 6.601665e-001 -4.381859e-001 -1.819820e-001 8.389989e-002 
1.216061e+001 8.989961e+000 -2.373741e+000 3.247930e+000 7.225205e-001 -9.297861e-001 -3.965868e+000 -7.162045e-001 6.273813e-001 -1.598473e-001 -4.008092e-002 1.946334e-001 
1.336704e+001 8.448664e+000 -2.916446e+000 3.190885e+000 6.882475e-001 -1.358161e+000 -3.834477e+000 -9.929899e-001 7.815574e-001 4.798149e-002 -3.486197e-001 3.154218e-001 
1.372301e+001 9.173785e+000 -3.005855e+000 2.657380e+000 8.449701e-001 -2.050194e+000 -4.197910e+000 -1.033660e+000 6.928766e-001 1.262832e-001 -6.176939e-001 2.600150e-001 
1.429473e+001 9.217738e+000 -3.173572e+000 2.736327e+000 9.736793e-001 -2.207980e+000 -3.907818e+000 -1.136932e+000 8.534527e-001 3.121179e-001 -7.130935e-001 3.435515e-001 
1.503403e+001 8.690882e+000 -3.049839e+000 1.850221e+000 9.631583e-001 -2.647037e+000 -3.542978e+000 -1.269384e+000 7.615274e-001 2.064957e-001 -1.272990e+000 2.953994e-001 
1.611035e+001 7.461547e+000 -2.877842e+000 1.593804e+000 9.010608e-001 -2.631579e+000 -3.717518e+000 -1.054227e+000 8.915835e-001 2.855076e-001 -1.496670e+000 1.931114e-002 
1.644309e+001 7.804185e+000 -2.876899e+000 9.949423e-001 1.347766e+000 -3.162737e+000 -3.650044e+000 -1.048467e+000 1.480095e+000 9.492565e-002 -1.720840e+000 -3.385811e-001 
1.597443e+001 8.853388e+000 -3.454142e+000 1.261420e+000 8.886435e-001 -3.136012e+000 -3.225877e+000 -9.183411e-001 1.335678e+000 5.110440e-002 -2.023013e+000 -3.752830e-001 
1.658347e+001 8.165647e+000 -3.108014e+000 9.374552e-001 8.004435e-001 -3.457138e+000 -2.784049e+000 -4.636541e-001 1.208796e+000 3.282169e-001 -1.932586e+000 -7.003579e-001 
