1.714048e+000 1.434198e+001 -9.936898e-001 4.532258e+000 2.137783e+000 5.339923e-001 -1.025262e-001 -9.588795e-001 1.828431e+000 3.382076e-001 -1.897920e+000 -9.799039e-001 
-1.130557e+000 1.423901e+001 1.865427e+000 4.759757e+000 1.055349e+000 1.201344e-001 5.182478e-001 -6.166029e-001 1.307984e+000 4.968626e-001 -1.469576e+000 -7.454550e-001 
-3.637430e-001 1.234299e+001 3.024204e+000 3.011207e+000 2.689763e+000 9.026779e-001 -8.134593e-001 -9.853514e-001 5.949300e-001 5.163077e-001 -3.189909e-001 7.573005e-003 
-8.859836e-001 1.157379e+001 3.411666e+000 2.756797e+000 2.477711e+000 6.950794e-001 -9.596437e-001 -7.524602e-001 6.750313e-001 6.210798e-001 -2.574137e-001 -3.009404e-001 
4.167142e-001 1.345001e+001 1.453536e-001 1.888090e+000 3.073557e+000 7.128356e-001 -8.775879e-001 -1.203521e-001 1.004908e+000 2.176966e-001 -6.852498e-001 -7.621045e-001 
3.700970e+000 1.406474e+001 -2.194405e+000 3.632968e+000 1.506501e+000 1.186250e+000 -7.079014e-001 -3.686926e-001 1.901552e+000 -6.813686e-001 -1.202971e+000 -9.628727e-001 
7.225558e+000 1.359818e+001 -2.029937e+000 3.502128e+000 6.045730e-001 7.697139e-001 -5.461217e-001 -2.575304e-001 1.819502e+000 -1.101641e+000 -1.158587e+000 -1.098376e+000 
8.598830e+000 1.201965e+001 2.468316e-001 3.146336e+000 7.172217e-001 -1.053113e+000 -6.498872e-001 2.463931e-001 1.400879e+000 -1.549958e-001 -1.515417e+000 -1.832293e+000 
8.485213e+000 1.184637e+001 9.305575e-001 3.827993e+000 8.408055e-001 -1.062763e+000 -1.050960e+000 -3.039455e-001 1.103202e+000 -1.744454e-001 -1.234024e+000 -1.660585e+000 
7.806455e+000 1.302102e+001 8.468340e-001 4.514083e+000 1.490802e-001 -1.265162e+000 -9.719359e-001 -7.444741e-001 9.922515e-001 -3.524624e-001 -8.070120e-001 -1.032402e+000 
8.873072e+000 1.219278e+001 2.295265e+000 3.114644e+000 4.002708e-002 -1.522261e+000 -6.339123e-001 -5.307159e-001 3.503380e-001 -1.685232e-001 -9.452479e-001 -3.761244e-001 
5.484249e+000 1.518287e+001 1.253499e+000 4.427824e+000 -6.075005e-001 -9.248232e-001 -4.943473e-001 -1.509129e+000 5.666994e-001 -7.463380e-002 -5.438905e-001 -4.033843e-001 
5.510472e+000 1.546064e+001 8.936219e-001 4.552932e+000 -5.157918e-001 -1.129036e+000 -8.351799e-001 -1.312689e+000 1.055007e+000 -2.949842e-001 -5.219453e-001 -2.306989e-001 
7.506477e+000 1.354003e+001 2.195732e+000 3.343395e+000 3.796606e-001 -1.608346e+000 -1.174204e+000 -7.459620e-001 7.762708e-001 1.825399e-001 -6.447840e-001 -1.104701e-002 
6.933306e+000 1.453730e+001 1.796766e+000 3.641663e+000 -2.652651e-001 -1.382660e+000 -9.283840e-001 -8.783639e-001 8.608958e-001 8.320487e-002 -3.358362e-001 6.676518e-002 
7.950303e+000 1.349939e+001 2.764804e+000 2.764142e+000 1.310249e-001 -1.348318e+000 -9.899873e-001 -8.252220e-001 4.647310e-001 3.595334e-001 -1.868934e-001 2.130510e-001 
7.595719e+000 1.419473e+001 1.867649e+000 3.293425e+000 -1.069741e-001 -1.280602e+000 -8.490648e-001 -9.503871e-001 5.978081e-001 2.358861e-001 -4.876494e-002 3.292494e-001 
6.791196e+000 1.581920e+001 1.579283e-002 3.900493e+000 8.517197e-002 -9.700247e-001 -1.306430e+000 -1.246094e+000 9.596451e-001 3.523589e-001 9.839963e-002 3.757987e-001 
1.150960e+001 1.052229e+001 2.802122e+000 1.744936e+000 1.125514e+000 -6.957610e-001 -1.762610e+000 -9.178502e-001 7.152630e-001 7.983358e-001 2.529976e-001 2.102719e-001 
6.277995e+000 1.093947e+001 1.655390e+000 1.990352e+000 2.152067e+000 2.713664e-001 -1.072760e+000 -4.117138e-001 1.498848e+000 6.118888e-001 -1.166105e+000 -6.660655e-001 
-3.587982e-001 1.426555e+001 5.277724e-001 5.338635e+000 1.308597e+000 1.767004e-001 5.567341e-001 -1.013294e+000 1.684182e+000 4.136639e-001 -1.557234e+000 -1.047191e+000 
-2.304700e+000 1.455149e+001 2.264284e+000 3.659235e+000 1.972991e+000 4.541723e-001 -4.236985e-001 -9.568387e-001 1.267169e+000 4.332697e-001 -6.731460e-001 -2.013042e-001 
-3.040236e+000 1.405334e+001 2.055933e+000 3.220375e+000 2.959792e+000 8.128685e-001 -1.163582e+000 -1.288217e+000 9.623892e-001 5.498020e-001 -3.545114e-001 1.770472e-001 
5.205428e-001 1.165726e+001 1.968846e+000 1.909614e+000 2.788158e+000 7.402811e-001 -9.307602e-001 -2.799337e-001 8.100801e-001 2.877575e-001 -5.643848e-001 -5.645506e-001 
3.685102e+000 1.212785e+001 -6.224155e-001 1.944249e+000 2.874495e+000 7.717028e-001 -8.216568e-001 7.534113e-002 1.523352e+000 -2.184915e-002 -1.318844e+000 -8.956444e-001 
5.549170e+000 1.478776e+001 -2.817167e+000 3.920868e+000 2.154227e-001 1.222343e+000 -3.939912e-001 -5.844325e-001 2.309801e+000 -1.327608e+000 -8.678664e-001 -1.179663e+000 
8.447939e+000 1.217164e+001 -3.050452e-001 3.033880e+000 8.159337e-001 -5.410644e-001 -5.056353e-001 8.887393e-002 1.230191e+000 -3.153376e-001 -1.189329e+000 -1.592560e+000 
6.600594e+000 1.432107e+001 -1.480938e+000 5.129110e+000 -2.070344e-001 -7.742280e-001 -7.733588e-001 -6.132365e-001 2.113890e+000 -9.226072e-001 -8.888393e-001 -2.253920e+000 
8.462362e+000 1.167919e+001 1.623682e+000 3.895136e+000 7.646066e-001 -1.247059e+000 -1.144869e+000 -4.960942e-001 7.947029e-001 -1.475696e-001 -9.539660e-001 -1.184333e+000 
7.040600e+000 1.413530e+001 6.793658e-001 4.357134e+000 -4.729323e-001 -1.547272e+000 -4.871823e-001 -7.724286e-001 8.767449e-001 -4.277188e-001 -8.435025e-001 -6.956533e-001 
7.354018e+000 1.277098e+001 2.744411e+000 3.418707e+000 -8.335959e-002 -1.242465e+000 -5.656633e-001 -1.109200e+000 2.154597e-001 1.046023e-001 -7.722354e-001 -2.998213e-001 
6.607999e+000 1.379071e+001 2.245166e+000 3.559291e+000 -1.097294e-002 -1.130966e+000 -7.978443e-001 -1.196746e+000 5.530985e-001 5.307901e-002 -6.898716e-001 -9.713812e-002 
6.208849e+000 1.466081e+001 1.406188e+000 4.007871e+000 1.217358e-002 -1.534455e+000 -1.058799e+000 -1.024776e+000 1.004339e+000 1.696453e-002 -6.483534e-001 -4.403360e-002 
7.443335e+000 1.367348e+001 2.225364e+000 3.400267e+000 4.118367e-002 -1.621772e+000 -9.900937e-001 -6.194228e-001 7.423602e-001 1.157090e-001 -4.675056e-001 4.772179e-002 
6.777379e+000 1.463490e+001 1.969892e+000 3.273942e+000 -1.893031e-001 -1.391722e+000 -8.093359e-001 -9.415084e-001 6.156489e-001 2.510134e-001 -2.517810e-001 1.808390e-001 
7.638125e+000 1.386570e+001 2.307856e+000 2.957789e+000 2.386359e-002 -1.210129e+000 -9.779771e-001 -8.671128e-001 5.992884e-001 2.473264e-001 -1.183877e-001 2.591337e-001 
7.511335e+000 1.455465e+001 1.068148e+000 3.114470e+000 5.675568e-001 -1.290974e+000 -1.204064e+000 -1.050671e+000 7.278193e-001 4.868529e-001 -1.045361e-001 3.995999e-001 
