-5.876555e+000 1.654629e+001 -6.013834e+000 2.826090e+000 -2.246258e+000 -2.105402e+000 -2.883440e+000 -1.161349e+000 3.209849e+000 -2.625508e+000 -4.231077e+000 -1.197287e+000 -6.198199e-001 -3.744743e+000 -4.919207e-001 -3.498146e-001 -5.027973e-001 1.918058e-002 -2.149386e+000 -1.048974e+000 1.193181e-001 -1.133509e+000 -8.606257e-001 8.467361e-001 7.641065e-001 5.222125e-001 2.065777e-001 3.210716e-001 4.506142e-001 2.960674e-001 6.710098e-001 -1.945781e-001 -3.956104e-001 -4.906812e-001 -9.595672e-001 -4.220428e-001 
-6.580379e+000 1.751391e+001 -6.969673e+000 4.248826e+000 -7.660929e-001 -1.757864e+000 -3.423695e+000 -1.599238e+000 3.393293e+000 -3.987603e+000 -3.686681e+000 -1.327244e+000 -1.509510e+000 -3.743875e+000 -7.254106e-002 -7.486843e-001 1.503833e-001 -3.708487e-001 -2.694820e+000 -4.868083e-001 -4.938298e-001 -8.950724e-001 -1.335186e+000 6.536897e-001 5.238839e-001 4.055036e-002 -3.654919e-001 6.649175e-001 1.066469e+000 4.074128e-001 1.729110e-001 -1.032823e+000 -2.210215e-001 -3.499894e-001 -1.647479e-001 -6.031191e-001 
-6.601889e+000 1.654609e+001 -5.810312e+000 3.973408e+000 -1.390271e+000 -3.588230e-001 -2.497087e+000 -1.025280e+000 3.572571e+000 -3.204498e+000 -4.047689e+000 -1.891835e+000 -1.338519e+000 -1.656916e+000 -1.071336e-002 1.477276e-001 4.777793e-001 -9.792603e-001 -2.351430e+000 -1.769266e+000 2.116265e-001 4.072877e-001 -1.833195e+000 4.458919e-001 3.251172e-001 -5.320750e-001 1.476535e-001 -2.398162e-001 1.135688e+000 3.966093e-001 4.165181e-001 1.336011e-001 -2.855348e-001 1.311342e-001 -3.451031e-001 -3.330130e-001 
-7.328854e+000 1.626639e+001 -7.528878e+000 3.343233e+000 -1.440869e+000 -1.592343e+000 -2.698404e+000 -1.581004e+000 3.441185e+000 -4.228264e+000 -3.859559e+000 -1.803526e+000 -1.792912e+000 -2.502309e+000 -2.103713e-002 3.388916e-001 -3.782612e-001 -1.540764e+000 -3.862360e+000 -1.873020e+000 1.312125e-001 1.815901e-001 -1.181103e+000 -2.757650e-001 3.846118e-001 -1.231243e+000 -2.747263e-001 -9.506648e-002 4.316982e-001 2.751480e-001 -1.626210e-001 -1.180596e-001 -7.048095e-001 6.583899e-001 6.146507e-001 1.521304e-001 
-2.935824e+000 1.003680e+001 -5.896503e+000 5.180492e+000 -2.458185e+000 -1.779768e-001 -4.947236e+000 1.929087e+000 -1.092907e-001 -2.032949e+000 -3.959985e+000 -2.091931e+000 -6.736726e-001 -1.287862e+000 9.423070e-001 -2.131468e-002 -4.520699e-002 -2.469462e+000 -2.949775e+000 -2.080175e+000 8.415300e-001 -8.583610e-001 1.413188e-001 -1.529180e-001 2.546139e-001 -2.145126e-001 -3.876483e-001 2.848843e-001 -2.724556e-001 3.483374e-001 -1.237760e+000 5.135219e-001 -2.390535e-001 7.932226e-001 1.937151e-001 6.969223e-001 
2.700706e+000 1.049502e+001 -7.488765e+000 5.809003e+000 -4.290373e+000 5.981087e-001 -4.772744e+000 1.688371e+000 1.426577e-002 -2.368934e+000 -2.730105e+000 -1.465158e+000 -1.536292e+000 -2.320488e+000 -1.530269e-001 -1.739459e+000 7.313335e-001 1.307270e-001 -5.828903e-001 -1.657875e+000 2.039890e+000 7.213660e-001 1.099509e+000 3.593537e-001 2.912258e-001 3.558939e-001 5.442204e-002 1.216736e+000 3.248764e-001 6.593191e-001 -1.036044e+000 4.329023e-001 -6.594953e-001 5.758680e-002 -4.207545e-001 4.693111e-001 
2.117549e+000 1.357999e+001 -7.754698e+000 7.117067e+000 -6.853274e+000 -5.771331e-001 -4.858858e+000 -1.925319e+000 4.380366e+000 -2.339044e+000 -3.360902e+000 -2.988609e+000 -1.140243e+000 -3.062074e+000 -2.812711e-001 -1.628852e+000 -4.301694e-002 -6.805430e-001 -2.201493e+000 -2.642298e-002 1.181370e+000 1.680468e+000 1.614594e-001 2.029524e+000 7.231819e-001 1.443012e+000 1.195445e+000 9.525793e-001 9.179969e-001 -2.762018e-001 2.885426e-001 -9.292982e-001 -6.576555e-001 -7.606959e-001 4.158658e-001 1.253236e-001 
9.052015e-001 1.408652e+001 -1.067816e+001 9.632574e+000 -6.574273e+000 -2.336237e+000 -2.141077e+000 -3.913488e+000 5.253233e+000 -5.546582e+000 -3.447633e+000 -4.347455e+000 -2.032484e+000 -1.152323e+000 -1.985629e+000 1.974236e-001 -1.275827e+000 2.288623e-001 -6.891469e-001 7.310790e-002 1.774052e+000 4.954047e-001 2.150325e+000 1.367849e+000 7.592661e-001 8.909651e-001 1.933754e+000 1.605488e+000 -4.094870e-001 7.474146e-001 5.664700e-001 -4.280290e-001 1.529798e-001 -8.138668e-001 1.126698e+000 -7.026793e-002 
5.169422e+000 1.504671e+001 -1.292232e+001 9.536495e+000 -6.033793e+000 -5.297468e-001 -3.454182e-001 -4.250523e+000 5.591830e+000 -5.939039e+000 -4.651004e+000 -4.902529e+000 -1.181730e+000 4.812252e-001 -3.216698e+000 4.286477e-002 -1.845474e+000 9.314562e-001 8.977684e-001 2.322079e-002 1.851895e+000 -1.262868e-001 2.211958e+000 1.107286e+000 4.878701e-002 1.546542e+000 1.614370e+000 1.220025e+000 -1.313213e+000 1.215917e+000 7.867616e-001 -2.435516e-001 6.355345e-001 -7.655255e-001 1.087513e+000 -4.834294e-001 
1.062404e+001 1.437488e+001 -1.495449e+001 7.182388e+000 -6.236383e+000 1.015369e+000 -6.412434e-001 -4.808589e+000 4.352669e+000 -4.678908e+000 -4.675571e+000 -4.427043e+000 -3.297911e-003 2.331291e-001 -3.305163e+000 -8.178567e-001 -2.142872e+000 1.333542e+000 5.898274e-001 -1.229560e+000 1.809914e+000 2.884343e-001 1.845290e+000 1.047663e+000 8.970538e-001 1.651481e+000 8.932862e-001 1.219771e+000 -1.441642e+000 7.897389e-001 7.802711e-001 -2.555310e-001 2.571775e-001 -8.926410e-001 1.130193e+000 -6.885471e-001 
9.669913e+000 1.420146e+001 -1.641641e+001 6.835075e+000 -4.345314e+000 2.094223e+000 -1.138582e+000 -6.126373e+000 1.911791e+000 -4.133012e+000 -4.283757e+000 -3.323143e+000 7.045106e-001 -1.436259e+000 -2.956711e+000 -4.082394e-001 -7.708962e-002 6.565126e-001 -2.639741e-001 -1.710972e+000 2.193129e+000 7.799586e-001 2.404041e+000 2.153139e+000 7.198658e-001 1.860155e+000 9.393799e-002 2.521885e+000 -6.654296e-001 3.587324e-001 6.152844e-001 -8.409903e-001 1.390572e+000 -1.022407e+000 1.580610e+000 -6.495904e-001 
9.618831e+000 1.196130e+001 -1.693410e+001 6.361387e+000 -2.626583e+000 2.816495e+000 -1.722710e+000 -5.665847e+000 -1.307500e+000 -3.304079e+000 -5.082021e+000 -2.453682e+000 -8.120541e-001 -2.760432e+000 -2.222488e+000 -2.177847e+000 2.051479e+000 1.364542e-001 2.224836e-001 -1.695121e+000 1.430896e+000 2.204188e+000 1.076196e+000 2.062704e+000 1.547162e+000 7.396387e-001 -2.283337e-001 2.059751e+000 2.960243e-001 -6.228601e-002 -2.138135e-001 2.112502e-001 1.255804e+000 -3.240571e-001 1.033544e+000 9.146969e-001 
8.576199e+000 1.165450e+001 -1.444411e+001 4.374784e+000 2.546186e-001 2.586964e+000 -1.386604e+000 -5.416677e+000 -2.118749e+000 -1.376204e+000 -5.979701e+000 -2.629983e+000 -1.227878e+000 -3.045207e+000 -1.160922e+000 -2.637191e+000 2.432430e+000 1.045736e+000 -2.159481e-001 -1.722025e-001 7.170733e-001 2.450106e+000 2.574200e-001 1.312495e+000 1.169723e+000 4.820396e-001 4.968500e-001 1.085451e+000 1.661765e-001 -8.121266e-001 1.442581e-001 7.463224e-001 6.435692e-001 -1.632638e-001 1.413694e+000 7.714460e-001 
9.568862e+000 1.275336e+001 -1.302475e+001 3.124227e+000 4.310419e-001 8.677475e-001 -3.555839e-001 -6.102639e+000 1.274257e-001 -4.817924e-001 -5.887605e+000 -3.682058e+000 -2.465978e+000 -1.816208e+000 -1.166825e+000 -7.071899e-001 2.805155e+000 1.259341e+000 -5.573623e-001 3.632719e-001 1.511180e+000 2.454308e+000 1.275421e+000 7.873255e-001 5.619076e-001 7.353072e-001 1.006126e+000 1.105139e+000 5.849068e-001 -2.940869e-001 3.479875e-001 7.535839e-001 2.444887e-001 3.908421e-001 1.241206e+000 5.659794e-001 
1.057874e+001 1.290074e+001 -1.168136e+001 3.500506e+000 4.396998e-001 -5.196529e-001 -6.470995e-001 -5.387946e+000 -2.995586e-001 -1.460038e+000 -5.178714e+000 -3.966376e+000 -3.509935e+000 -1.629498e+000 -3.082013e-001 5.697093e-001 1.685525e+000 6.076933e-001 -4.484638e-001 -2.883038e-001 1.917276e+000 2.543057e+000 7.579926e-001 6.280877e-001 7.665216e-001 3.011813e-001 2.953928e-001 7.610582e-001 6.676723e-001 -5.795662e-001 -3.735671e-001 7.087469e-001 8.581240e-001 7.179396e-001 6.797687e-001 7.488116e-001 
1.092410e+001 1.259554e+001 -1.161076e+001 5.098338e+000 -5.359695e-002 6.061869e-001 -2.054843e+000 -5.152088e+000 -7.459799e-001 -2.563682e+000 -4.191714e+000 -5.264332e+000 -3.661803e+000 -1.835100e+000 -2.084603e-001 3.465095e-001 1.040147e+000 1.937747e+000 -6.685570e-001 4.095177e-001 2.372918e+000 1.551838e+000 6.368282e-001 1.718056e-001 1.274147e+000 1.360671e-001 -4.147693e-001 1.180949e+000 6.497741e-001 -9.906710e-001 -4.131884e-001 1.149469e+000 1.065736e+000 6.670546e-001 7.661265e-001 8.434986e-001 
1.163157e+001 1.102726e+001 -1.252864e+001 3.769904e+000 -2.114675e-001 -9.001510e-001 -2.909330e+000 -5.861825e+000 -2.427610e+000 -2.540008e+000 -5.370450e+000 -5.860275e+000 -3.848691e+000 -2.604370e+000 -8.949499e-001 2.983358e-001 4.694619e-001 1.517026e+000 -5.992740e-002 6.708409e-001 1.924009e+000 1.250943e+000 7.100965e-001 6.014457e-001 1.308263e+000 -5.043595e-001 6.983177e-002 8.385616e-001 4.924259e-001 -3.206159e-001 -1.473215e-001 1.112287e+000 8.932449e-001 8.588079e-001 7.441144e-001 1.168232e+000 
1.306836e+001 1.240888e+001 -1.119783e+001 5.795092e+000 -2.696602e-001 1.196874e+000 -2.641158e+000 -4.957352e+000 -1.533741e+000 -1.633071e+000 -3.785712e+000 -6.110240e+000 -3.227721e+000 -1.603785e+000 -5.957306e-001 1.661020e+000 -3.303472e-001 1.708981e+000 1.955497e-001 4.713713e-001 2.150518e+000 9.664512e-001 1.278698e+000 6.357720e-001 1.397246e+000 -7.636744e-001 -1.091147e-002 4.083407e-001 1.644484e-001 -6.485426e-001 -1.522132e-001 1.005620e+000 7.161617e-001 1.138136e+000 5.335271e-001 1.809907e+000 
1.346986e+001 1.131344e+001 -1.056606e+001 5.802237e+000 -5.815283e-001 2.308077e+000 -1.668915e+000 -4.877311e+000 -1.569934e+000 -1.938956e+000 -3.048741e+000 -6.468895e+000 -4.164361e+000 -2.442925e+000 -3.509257e-002 1.064856e+000 -9.179378e-002 1.988620e+000 6.679861e-001 7.282124e-001 2.658592e+000 1.423225e+000 2.652946e-001 4.341711e-001 8.837677e-001 -2.505278e-001 -1.484457e-001 5.034562e-001 4.225370e-001 -1.211948e-001 -2.242038e-001 1.031146e+000 1.021139e+000 5.462526e-001 8.414348e-001 1.555461e+000 
1.439940e+001 1.002455e+001 -1.013115e+001 5.817548e+000 -5.064233e-001 1.744460e+000 -2.834594e+000 -3.816522e+000 -3.245215e+000 -1.857201e+000 -2.273979e+000 -5.968078e+000 -4.569121e+000 -2.827984e+000 4.007075e-001 2.222209e-001 -7.617241e-002 1.512254e+000 2.395402e-001 8.498415e-001 2.817756e+000 1.686948e+000 -2.375684e-001 -2.802250e-001 1.844185e+000 6.720584e-001 -2.615729e-001 9.099262e-003 1.180689e+000 2.363232e-001 -7.068305e-001 1.331790e+000 1.856445e-001 7.711588e-001 1.136926e+000 1.571201e+000 
1.296553e+001 9.797015e+000 -1.083131e+001 4.495698e+000 -5.370764e-001 2.434833e+000 -2.679891e+000 -5.537139e+000 -3.420195e+000 -2.534312e+000 -2.777343e+000 -4.108315e+000 -4.342992e+000 -2.350315e+000 -7.131082e-001 -2.270034e-001 2.879574e-002 3.912002e-001 8.072715e-001 5.310958e-001 1.856513e+000 1.848763e+000 2.107313e-001 3.115295e-001 2.330278e+000 1.078358e+000 7.252779e-001 1.337804e-001 -1.618392e-001 6.892702e-002 -9.860859e-002 1.674718e+000 6.256107e-001 5.097334e-001 1.036578e+000 1.203343e+000 
1.127267e+001 1.149377e+001 -1.279453e+001 4.033123e+000 -2.172136e+000 3.108625e+000 -3.848086e+000 -4.014972e+000 -3.797478e+000 -7.546245e-001 -3.169526e+000 -4.023461e+000 -4.270199e+000 -2.188507e+000 -7.472983e-001 -1.215114e+000 -9.123239e-001 -4.460469e-001 9.921403e-001 -1.330187e+000 1.707881e+000 1.248655e+000 1.540065e+000 1.305917e+000 1.897928e+000 4.094178e-001 8.572285e-001 1.196231e+000 2.690342e-001 4.462674e-001 -6.171729e-001 1.351953e+000 -4.235190e-002 -2.361930e-001 1.801703e-001 9.459328e-001 
1.290404e+001 1.203189e+001 -1.145324e+001 2.094098e+000 6.185240e-002 1.805771e+000 -2.368806e+000 -6.049403e+000 -1.303637e+000 -1.272170e+000 -4.467938e+000 -2.942912e+000 -4.659488e+000 -1.351201e+000 -8.228526e-001 -1.132661e+000 -1.497480e-002 -4.506572e-001 4.483543e-001 7.855691e-002 1.654354e+000 1.677251e+000 5.726201e-001 8.716783e-001 2.379087e+000 2.232387e-001 6.055717e-001 1.157751e+000 6.287484e-001 6.199889e-001 -5.089610e-001 1.245087e+000 3.536033e-001 -4.176467e-001 9.804281e-001 7.294571e-002 
1.169709e+001 1.038294e+001 -1.278372e+001 1.966575e+000 5.205352e-001 2.310132e+000 -1.538566e+000 -5.860172e+000 -1.401285e+000 -1.386264e-001 -4.340520e+000 -2.902314e+000 -3.358799e+000 -1.722143e+000 -1.591551e+000 -1.456402e+000 -5.924129e-001 -1.272585e+000 -1.607438e-001 1.442392e-001 2.270535e+000 1.311820e+000 3.239400e-001 1.255859e+000 2.339692e+000 1.066685e+000 1.215298e+000 9.211142e-001 8.418635e-001 5.354200e-001 -7.534013e-001 9.654698e-001 -5.965037e-002 -5.030247e-001 -1.057239e-002 -2.323475e-001 
1.283247e+001 1.253908e+001 -1.263287e+001 3.131769e+000 -9.817455e-001 2.465466e+000 -3.366746e+000 -4.802063e+000 -2.318236e+000 8.985477e-001 -5.078646e+000 -3.023686e+000 -3.391814e+000 -2.185811e+000 -1.786504e+000 -7.685444e-003 -4.646136e-001 -9.641401e-001 -5.064860e-001 -8.055439e-001 2.084252e+000 6.888830e-001 8.449770e-001 8.506695e-001 2.042403e+000 -7.983741e-002 8.245255e-001 4.396213e-001 1.152410e+000 3.748369e-001 -5.241427e-001 3.307191e-001 -3.149265e-001 -4.651623e-003 3.842721e-001 1.927394e-001 
1.362040e+001 1.110460e+001 -1.154175e+001 2.864587e+000 -4.941467e-001 3.306038e+000 -4.396863e+000 -6.048207e+000 -1.234122e+000 -3.884728e-001 -3.597787e+000 -2.618765e+000 -2.095030e+000 -2.264119e+000 -2.443534e+000 -5.056159e-001 -1.014486e+000 -8.470112e-001 1.192975e-001 4.005321e-001 1.496882e+000 5.950881e-001 2.148413e-001 8.008897e-001 2.558416e+000 8.140657e-001 1.687538e+000 6.454262e-001 1.177629e-001 7.850871e-002 -6.845422e-001 5.839041e-001 1.926896e-001 7.124260e-002 -2.445628e-002 -1.181198e-002 
1.384154e+001 1.071376e+001 -1.184832e+001 3.096422e+000 -5.062363e-001 3.785658e+000 -3.113248e+000 -5.059871e+000 -5.495492e-001 -4.105138e-001 -4.138142e+000 -3.702201e+000 -1.465916e+000 -1.493976e+000 -1.980384e+000 6.672322e-001 -1.233491e+000 -7.937741e-001 -2.688636e-001 1.229999e-001 1.951643e+000 8.651975e-001 1.100778e+000 1.311254e+000 2.192282e+000 5.566136e-001 1.230651e+000 5.024513e-001 7.214893e-001 3.189410e-001 -2.885074e-001 5.127506e-001 -1.489116e-001 1.756090e-001 9.143881e-002 1.566772e-001 
1.170418e+001 1.516870e+001 -1.025332e+001 2.769612e+000 1.280862e-001 4.553851e+000 -9.270236e-001 -1.560638e+000 1.227806e+000 -3.103101e-001 -4.086230e+000 -2.073348e+000 -8.804736e-001 -7.665146e-001 5.480235e-001 1.373752e+000 -7.714439e-001 -4.261002e-001 -1.833922e-001 -1.237479e+000 9.229831e-001 -2.191829e-001 5.169343e-001 -2.683978e-002 3.352167e-001 -2.319419e-001 -3.194618e-001 3.603821e-001 9.533286e-001 2.979484e-001 -8.170248e-001 5.016203e-001 -6.868010e-001 -1.523626e-001 1.725471e-001 -2.095376e-001 
-4.814278e+000 1.799318e+001 -6.628496e+000 2.715711e+000 -3.865593e+000 -1.303797e+000 -2.585409e+000 -1.401260e+000 4.492150e+000 -3.348694e+000 -4.406882e+000 -2.866009e+000 -1.499723e+000 -2.883629e+000 7.689239e-001 3.091727e-002 6.369974e-001 -8.976790e-001 -4.748437e+000 -2.485562e+000 1.030979e+000 1.870807e+000 -4.988252e-001 8.417147e-001 5.778161e-001 -9.708502e-001 -2.057219e-001 9.606965e-001 1.531934e+000 4.562478e-001 -3.575960e-001 -1.071050e+000 -6.686110e-001 -7.195539e-001 6.625789e-001 6.005749e-001 
-4.956328e+000 1.780584e+001 -7.063388e+000 4.252468e+000 -3.044233e+000 -2.407894e+000 -2.295656e+000 -9.656447e-001 5.583323e+000 -3.630300e+000 -4.122097e+000 -3.217965e+000 -1.895672e+000 -2.989165e+000 2.754788e-001 1.166379e+000 -3.830431e-001 -8.716383e-001 -3.533564e+000 -1.153796e+000 5.710789e-001 -5.384045e-002 -5.835564e-001 -1.732186e-001 -4.287442e-001 -1.156076e+000 5.842029e-001 1.246993e+000 8.350988e-001 1.013880e+000 -5.621537e-002 -1.000250e+000 -8.683692e-001 -3.228868e-001 3.287108e-001 2.263722e-002 
-3.982566e+000 1.750120e+001 -6.108102e+000 2.896179e+000 -3.223237e+000 -1.854022e+000 -1.926651e+000 -4.141812e-001 5.508329e+000 -2.931478e+000 -4.428053e+000 -2.031522e+000 -2.072115e+000 -2.472621e+000 -3.308825e-001 6.639906e-003 2.618953e-001 -4.877145e-002 -1.870546e+000 -7.768380e-001 3.311487e-001 -2.972531e-001 -1.213542e+000 -4.990116e-001 -8.194605e-001 -6.021706e-001 1.180372e+000 9.481539e-001 6.202865e-001 8.942286e-001 1.285682e-001 -5.142071e-001 -8.215430e-001 -3.583442e-001 -2.092639e-002 2.301785e-001 
-4.945198e+000 1.647156e+001 -6.895374e+000 1.582703e+000 -3.547336e+000 -1.989602e+000 -2.523991e+000 -1.140047e+000 3.445417e+000 -2.984070e+000 -3.509790e+000 -1.698342e+000 -2.783697e+000 -3.664697e+000 -5.587424e-001 9.275004e-002 -5.412729e-001 -7.569111e-001 -3.375052e+000 -1.633832e+000 1.172581e+000 -5.502480e-001 -1.581722e+000 -9.205554e-001 -2.471539e-001 -7.163474e-001 1.736706e-001 2.833234e-001 -7.158722e-002 6.040785e-001 -2.868068e-001 -2.136112e-001 -3.852413e-001 -1.985425e-001 5.502008e-001 1.238646e-001 
5.571707e-001 1.082589e+001 -5.250210e+000 4.265385e+000 -4.269346e+000 -5.777205e-001 -4.337196e+000 3.383101e+000 4.460821e-001 -5.197294e-001 -2.660073e+000 -2.038066e+000 -1.583271e+000 -2.147956e+000 7.506890e-001 -4.737137e-001 5.055293e-001 -9.056011e-001 -1.650473e+000 -1.671510e+000 1.439707e+000 -8.992839e-001 2.042653e-003 -7.082122e-001 6.570006e-002 4.785821e-001 -4.786509e-002 6.669538e-001 2.117244e-001 8.666245e-001 -1.035490e+000 2.755569e-001 -6.209311e-001 3.897725e-001 -2.485154e-001 5.272937e-001 
3.105914e+000 1.231695e+001 -6.477684e+000 5.277978e+000 -6.701350e+000 -9.901851e-001 -4.966864e+000 2.098855e+000 1.880612e+000 -1.557514e+000 -2.763167e+000 -1.822823e+000 -2.286309e+000 -3.049138e+000 4.586003e-001 -1.014756e+000 7.052724e-001 -3.811810e-001 -4.748852e-001 -9.448626e-001 1.837751e+000 7.056979e-001 8.921590e-001 3.218846e-001 -2.646714e-002 7.064369e-001 1.056364e+000 1.801849e+000 6.257372e-001 4.385179e-001 -7.359097e-001 -5.403557e-002 -1.152425e+000 -4.179512e-001 4.010470e-002 7.810019e-001 
1.864947e+000 1.285480e+001 -7.204042e+000 6.710321e+000 -6.776048e+000 -2.365228e-001 -3.002165e+000 -5.980462e-001 4.780685e+000 -1.746416e+000 -3.839195e+000 -4.185568e+000 -2.882471e+000 -3.027551e+000 3.617542e-001 -1.970509e-001 5.733522e-001 -1.183246e+000 -1.910914e+000 -8.414750e-002 1.443224e+000 2.421272e+000 8.073820e-001 1.760857e+000 -1.036965e-001 6.035949e-001 1.375091e+000 1.115634e+000 1.280134e+000 4.499299e-001 5.824223e-001 -1.203159e+000 -9.358125e-001 -6.318020e-001 4.403169e-001 2.559397e-001 
4.425790e+000 1.264858e+001 -1.016491e+001 6.338236e+000 -6.268138e+000 -2.298439e+000 -2.646255e+000 -2.478994e+000 5.320076e+000 -3.766796e+000 -4.855223e+000 -4.476790e+000 -3.318722e+000 -1.713961e+000 -2.216559e+000 6.149812e-001 -1.268889e-001 -3.270199e-001 -6.403566e-001 -1.286295e-001 2.417692e+000 9.279553e-001 1.669048e+000 1.262226e+000 1.839130e-003 7.243008e-001 1.870463e+000 1.740111e+000 -1.243432e-001 1.074782e+000 7.661872e-001 -3.849354e-001 -2.773110e-001 -6.010302e-001 8.514888e-001 -1.976761e-001 
7.474880e+000 1.436694e+001 -1.282854e+001 7.417886e+000 -6.176686e+000 1.287039e-001 -7.209273e-001 -4.143588e+000 4.486341e+000 -4.545815e+000 -4.972689e+000 -4.576027e+000 -9.696087e-001 -2.362944e-001 -2.999545e+000 -1.052020e-001 -1.290287e+000 5.339690e-001 9.583470e-001 1.998460e-001 1.581497e+000 1.674683e-001 2.019584e+000 9.773137e-001 2.305402e-001 1.737944e+000 1.769302e+000 1.093263e+000 -1.001049e+000 1.205700e+000 9.054204e-001 -2.316007e-001 2.868207e-001 -6.408234e-001 8.487102e-001 -4.135645e-001 
1.237290e+001 1.031871e+001 -1.327894e+001 4.617624e+000 -4.520591e+000 1.184903e+000 -6.044011e-001 -4.276246e+000 2.060028e+000 -4.246999e+000 -5.954560e+000 -3.873501e+000 1.825881e-001 3.302027e-001 -2.272943e+000 -8.253745e-001 -1.429116e+000 9.806883e-001 -3.141391e-002 -1.022091e+000 2.031686e+000 1.517213e+000 2.435589e+000 1.689440e+000 1.100397e+000 1.487379e+000 1.248341e+000 1.178040e+000 -6.520751e-001 8.987168e-001 1.248628e+000 3.182794e-001 1.679558e-001 -4.574866e-001 8.418704e-001 -6.015343e-001 
1.024492e+001 1.399774e+001 -1.670408e+001 5.499740e+000 -5.213039e+000 2.482830e+000 -8.925446e-001 -5.348331e+000 1.951218e+000 -3.905068e+000 -5.231907e+000 -3.248412e+000 5.087464e-001 -1.326445e+000 -2.601038e+000 -1.210544e-001 4.822401e-001 1.480122e-002 -8.008994e-001 -1.822619e+000 2.125848e+000 1.330533e+000 2.791982e+000 2.430692e+000 6.543906e-001 1.576366e+000 -1.628568e-001 2.557690e+000 -4.377282e-001 5.677277e-001 4.798159e-001 -7.643120e-001 1.395825e+000 -1.016117e+000 1.503136e+000 -4.440844e-001 
1.224182e+001 1.076394e+001 -1.443089e+001 2.293846e+000 -2.744773e+000 1.146197e+000 -7.538055e-001 -5.136650e+000 4.346501e-001 -2.522701e+000 -5.767989e+000 -2.566470e+000 -1.948380e+000 -2.081958e+000 -2.493306e+000 -9.977281e-001 1.935984e+000 1.626056e-001 -2.109024e-001 -8.560316e-001 1.198261e+000 2.573950e+000 1.099272e+000 1.991493e+000 1.028831e+000 2.412610e-001 3.856337e-001 1.683472e+000 8.898278e-001 -1.584435e-001 2.019554e-001 9.068920e-002 7.477410e-001 6.852316e-004 7.049935e-001 8.720590e-001 
9.530796e+000 1.239203e+001 -1.377176e+001 2.052974e+000 -9.624296e-001 1.994989e+000 -5.627822e-001 -4.468782e+000 4.073798e-002 -1.063516e+000 -6.460331e+000 -3.524568e+000 -2.194865e+000 -2.286016e+000 -6.744557e-001 -1.306306e+000 2.758951e+000 5.894642e-001 -8.568831e-001 -3.414839e-001 1.136569e+000 2.991990e+000 1.221840e+000 1.392726e+000 1.109853e-001 1.942742e-001 4.643644e-001 1.020486e+000 7.851513e-001 -5.059243e-001 5.419081e-001 5.056731e-001 -1.058423e-002 -1.036439e-002 1.451950e+000 8.138247e-001 
8.590161e+000 1.406477e+001 -1.376109e+001 4.080481e+000 1.836109e-001 2.138720e+000 5.905956e-002 -5.209598e+000 8.492029e-001 -1.248343e+000 -5.586302e+000 -4.573558e+000 -3.286333e+000 -1.402555e+000 -7.412011e-001 1.516617e-001 2.709551e+000 9.470647e-001 -7.654380e-001 -6.660767e-001 1.679378e+000 2.667323e+000 1.112715e+000 8.144120e-001 1.303395e-001 2.948345e-001 2.699661e-002 7.883892e-001 6.640894e-001 -5.494771e-001 2.384400e-001 5.755100e-001 3.816046e-001 2.639662e-001 1.134625e+000 7.239337e-001 
9.762781e+000 1.178644e+001 -1.163560e+001 3.374535e+000 -1.240165e-001 6.424515e-001 -9.080810e-001 -5.208720e+000 -5.327196e-001 -2.133121e+000 -4.648890e+000 -4.925412e+000 -3.916014e+000 -2.690257e+000 -1.051091e+000 7.988160e-001 9.374355e-001 1.822868e+000 4.004759e-001 5.887288e-002 2.681864e+000 2.256401e+000 9.921614e-001 4.831828e-001 7.181033e-001 -1.443988e-001 -1.122013e-001 1.292813e+000 6.148034e-001 3.738917e-001 1.388910e-001 7.207910e-001 1.163865e+000 3.852407e-001 1.142914e+000 5.900461e-001 
1.005596e+001 1.204513e+001 -1.228634e+001 5.457154e+000 5.331137e-001 1.714920e+000 -1.037246e+000 -4.647519e+000 -2.750142e-001 -2.574586e+000 -4.641262e+000 -5.703212e+000 -4.107018e+000 -2.551727e+000 -6.238753e-001 2.956591e-001 1.067248e+000 2.509315e+000 3.888661e-001 1.324227e+000 2.627258e+000 1.254508e+000 2.686298e-001 -4.255484e-001 7.362930e-001 -3.668989e-001 -5.163718e-001 1.292206e+000 4.315014e-001 -7.076985e-001 3.857595e-003 1.237890e+000 1.124622e+000 5.703868e-001 6.643325e-001 6.170440e-001 
1.069782e+001 1.367977e+001 -1.310192e+001 5.545464e+000 -3.122119e-001 1.339867e+000 -1.637088e+000 -4.521668e+000 -1.226531e+000 -1.869253e+000 -5.073845e+000 -5.800157e+000 -3.749834e+000 -1.469386e+000 -1.132272e+000 9.681503e-001 1.877794e-001 2.365637e+000 1.191944e-001 1.126820e+000 2.583940e+000 9.664879e-001 9.626095e-001 -4.260327e-001 1.787391e+000 -1.359231e+000 1.217297e-001 4.370051e-001 5.619595e-001 -5.928556e-001 -3.418404e-001 1.534982e+000 7.536674e-001 1.047626e+000 1.774593e-001 1.518287e+000 
1.317017e+001 1.051039e+001 -1.066152e+001 4.220387e+000 -3.027593e-001 1.461180e+000 -2.254982e+000 -5.490414e+000 -2.509703e+000 -2.320528e+000 -4.198619e+000 -6.523370e+000 -3.090379e+000 -2.121764e+000 -6.884357e-001 9.488489e-001 -6.707643e-001 1.951471e+000 4.369040e-001 4.184067e-001 2.428552e+000 9.028512e-001 8.547572e-001 7.214623e-001 1.083140e+000 -2.587136e-001 -5.160857e-001 7.216083e-001 4.185629e-001 -7.966762e-001 1.987664e-001 1.028030e+000 9.188210e-001 9.385286e-001 4.077266e-001 1.926589e+000 
1.217931e+001 1.151608e+001 -1.144640e+001 7.055631e+000 -1.864687e-001 4.044874e+000 -1.979169e+000 -4.439684e+000 -2.083291e+000 -2.636934e+000 -3.168433e+000 -6.451592e+000 -4.061471e+000 -2.334264e+000 5.383661e-001 9.233374e-001 6.031985e-003 1.932570e+000 9.858063e-001 8.657243e-001 2.417874e+000 1.235188e+000 -1.231568e-001 2.598127e-001 1.320827e+000 8.109475e-002 2.280603e-002 4.677496e-001 2.642306e-001 -5.664785e-002 -2.340631e-001 9.824693e-001 7.757751e-001 6.432754e-001 1.038271e+000 1.552784e+000 
1.386871e+001 1.000495e+001 -1.074279e+001 5.659331e+000 -3.434384e-001 1.427621e+000 -3.041564e+000 -4.172697e+000 -3.544280e+000 -1.902025e+000 -2.606678e+000 -5.721872e+000 -4.944258e+000 -2.863223e+000 2.288872e-001 4.214729e-001 -2.026985e-001 9.606165e-001 7.595190e-001 6.239984e-001 2.961161e+000 1.353302e+000 -2.621498e-001 1.042977e-002 1.687809e+000 1.157959e+000 -2.120175e-002 -8.608813e-003 6.999187e-001 2.601353e-001 -4.552873e-001 1.353540e+000 2.102316e-001 9.002013e-001 1.245017e+000 1.507733e+000 
1.205316e+001 1.122126e+001 -1.160299e+001 4.534617e+000 -1.680023e+000 3.507980e+000 -2.781408e+000 -4.753473e+000 -3.457701e+000 -2.230784e+000 -2.743767e+000 -4.078380e+000 -4.087494e+000 -2.041095e+000 -2.516888e-001 -6.204693e-001 1.206319e-002 1.190883e-001 6.490932e-001 1.994433e-001 2.120524e+000 1.822028e+000 6.476137e-001 7.145374e-001 2.206700e+000 7.374785e-001 5.672270e-001 6.880391e-001 -1.613296e-001 7.811812e-002 -7.695127e-002 1.960907e+000 2.605432e-001 3.185662e-001 7.595358e-001 1.345796e+000 
1.114212e+001 1.127011e+001 -1.220311e+001 4.204383e+000 -3.235055e-001 3.180392e+000 -3.457200e+000 -5.298515e+000 -4.265332e+000 -1.316677e+000 -2.952626e+000 -3.408738e+000 -4.085658e+000 -1.313969e+000 -1.059773e+000 -1.723490e+000 -1.011643e+000 1.236329e-001 1.029925e+000 -7.562854e-001 1.437906e+000 1.522545e+000 8.165592e-001 1.120501e+000 2.479586e+000 3.136019e-001 9.801429e-001 8.435042e-001 2.998848e-001 -5.278501e-002 -2.447995e-001 1.403020e+000 5.251551e-001 -2.795610e-001 3.494755e-001 6.207716e-001 
1.065021e+001 1.309709e+001 -1.320099e+001 4.370802e+000 -4.321354e-001 3.905081e+000 -3.332729e+000 -6.136887e+000 -2.381157e+000 -1.468188e+000 -4.859523e+000 -2.877223e+000 -4.782902e+000 -1.041884e+000 -1.589056e+000 -5.488559e-001 1.153268e-001 -1.030708e-001 9.142557e-001 -3.863298e-001 2.496218e+000 1.098435e+000 7.877422e-001 9.968710e-001 2.570989e+000 6.007618e-001 5.821274e-001 7.149290e-001 1.133785e+000 1.372174e-001 3.530674e-002 1.242872e+000 8.328128e-001 -2.884969e-001 1.060911e+000 2.521803e-002 
1.337350e+001 1.064254e+001 -1.222770e+001 8.988360e-001 -2.898180e-001 9.592879e-001 -2.134715e+000 -5.465221e+000 -1.423246e-002 1.934163e-001 -3.625406e+000 -3.660735e+000 -3.532624e+000 -2.432405e+000 -1.854039e+000 -8.244253e-001 -7.084513e-001 -1.481107e+000 -6.470518e-001 -6.108890e-003 1.713031e+000 1.338307e+000 1.864826e-001 1.402690e+000 2.237715e+000 1.191275e+000 1.467372e+000 1.016650e+000 7.772787e-001 2.622812e-001 -7.547006e-001 4.250901e-001 -8.400078e-002 -5.014591e-001 -1.448927e-001 -1.626001e-001 
1.355787e+001 1.184128e+001 -1.245384e+001 2.360995e+000 -1.713929e+000 2.126292e+000 -4.411355e+000 -5.517461e+000 -2.075266e+000 6.872911e-001 -4.645901e+000 -3.615995e+000 -3.295349e+000 -2.299653e+000 -2.215943e+000 -6.572208e-002 -8.908160e-001 -1.090223e+000 -3.276336e-001 -6.473677e-001 2.055483e+000 6.230756e-001 5.871231e-001 7.089868e-001 1.924446e+000 3.119801e-001 1.173256e+000 7.301525e-001 7.538309e-001 1.886633e-001 -5.626487e-001 2.983724e-001 3.779186e-002 1.050259e-001 1.237028e-001 3.225681e-001 
1.257021e+001 1.148943e+001 -1.324651e+001 2.953617e+000 -1.720496e+000 4.447700e+000 -4.490035e+000 -4.383178e+000 -1.612533e+000 -3.617966e-002 -5.080620e+000 -3.221762e+000 -2.407868e+000 -1.087963e+000 -1.646728e+000 5.534871e-001 -1.447026e+000 -2.207869e+000 -1.235888e+000 -4.915926e-001 1.554448e+000 1.152773e+000 1.913570e+000 1.370370e+000 2.804961e+000 1.589572e-001 1.638143e+000 -5.327497e-002 9.208871e-001 1.874216e-001 -1.658042e-001 -5.685833e-002 8.462767e-002 -5.192876e-001 4.528925e-002 -5.303956e-003 
