1.464136e+001 1.324886e+001 -5.150267e+000 2.054277e+000 5.051350e-001 -5.721032e-001 -2.504744e+000 -4.799675e-001 1.395891e+000 -1.312746e+000 -8.886394e-001 -2.053576e-002 
1.485167e+001 1.278082e+001 -4.981557e+000 1.889767e+000 7.708135e-001 -6.076036e-001 -2.741828e+000 -5.944636e-001 1.655626e+000 -1.366282e+000 -9.564198e-001 1.011485e-001 
1.354801e+001 1.442585e+001 -6.332181e+000 2.692957e+000 -2.768538e-001 1.438266e-001 -3.243850e+000 -1.511054e-001 1.900247e+000 -1.352622e+000 -1.598873e+000 3.244260e-001 
1.535765e+001 1.169091e+001 -3.818881e+000 6.272923e-001 9.178350e-001 -9.229248e-001 -2.141760e+000 -1.720022e-001 2.007921e+000 -1.244569e+000 -2.128912e+000 2.372649e-001 
1.362167e+001 1.404207e+001 -5.462533e+000 1.805851e+000 -4.210544e-002 -6.025306e-001 -1.838376e+000 1.676655e-001 1.905036e+000 -1.282079e+000 -2.206064e+000 -3.222415e-002 
1.335272e+001 1.285353e+001 -4.082176e+000 1.612556e+000 6.651502e-001 -8.938768e-001 -1.793922e+000 -3.587683e-001 1.766771e+000 -1.228860e+000 -1.962076e+000 2.585126e-001 
1.159058e+001 1.261552e+001 -3.722436e+000 2.478969e+000 4.583366e-001 -5.091276e-001 -2.259654e+000 -5.733879e-001 1.589753e+000 -1.151501e+000 -1.443608e+000 1.132040e-001 
1.143402e+001 1.152588e+001 -3.447177e+000 1.403447e+000 9.888068e-001 -3.896337e-001 -1.386327e+000 -2.955170e-001 1.051652e+000 -1.352700e+000 -1.454166e+000 -4.850689e-002 
1.447839e+001 1.270310e+001 -3.219039e+000 1.708832e+000 1.308758e+000 -9.793603e-001 -2.134245e+000 -2.708698e-001 1.127862e+000 -1.177241e+000 -1.172011e+000 2.319431e-002 
1.449135e+001 1.343775e+001 -3.777485e+000 2.135033e+000 4.642390e-001 -4.345666e-001 -2.366759e+000 -4.865515e-001 1.295848e+000 -1.461725e+000 -8.865646e-001 8.609448e-002 
1.534347e+001 1.266898e+001 -3.312940e+000 1.568319e+000 9.360300e-001 -9.333165e-001 -2.300788e+000 -4.404217e-001 1.303497e+000 -1.305057e+000 -1.061935e+000 1.897776e-001 
1.433108e+001 1.454058e+001 -4.849249e+000 2.234674e+000 4.667736e-001 -4.865939e-001 -2.615778e+000 -4.765310e-001 1.752009e+000 -1.336702e+000 -1.543222e+000 3.899068e-001 
1.468610e+001 1.424702e+001 -4.634677e+000 1.959783e+000 3.885336e-001 -4.392008e-001 -2.697939e+000 -4.085585e-001 2.115916e+000 -1.234238e+000 -2.077623e+000 3.799941e-001 
1.407830e+001 1.424987e+001 -3.917207e+000 1.865424e+000 -1.972938e-001 -7.173243e-001 -2.200360e+000 2.783570e-001 1.590985e+000 -1.207240e+000 -2.189525e+000 2.722228e-001 
1.408071e+001 1.329266e+001 -3.374347e+000 1.416019e+000 7.433335e-001 6.072173e-002 -2.910917e+000 -5.085182e-001 1.750817e+000 -1.459530e+000 -1.512871e+000 5.386119e-001 
1.128847e+001 1.415869e+001 -4.546432e+000 3.954727e+000 -3.194894e-002 2.938135e-001 -2.907675e+000 -6.052910e-001 7.768723e-001 -8.551206e-001 -1.078014e+000 3.002381e-001 
