2.836990e-001 2.336582e+001 -5.223872e+000 2.567267e+000 1.216400e-001 3.275797e-001 -3.236142e-002 -1.478729e+000 -2.134427e+000 -4.649382e+000 -3.368358e+000 -4.376456e+000 -1.725516e+000 -1.398937e+000 -1.903038e-001 5.057891e-001 -2.283350e+000 -4.306231e+000 -1.935594e+000 -4.065202e-001 2.908129e-002 -4.067627e-001 -2.363518e-001 -8.561593e-002 6.456319e-002 -3.840596e-001 3.665587e-001 1.656785e+000 3.854195e-001 -3.107160e-001 1.626950e-002 -2.758735e-001 -1.420059e+000 -8.104628e-001 -7.689543e-001 -3.878031e-001 
2.161527e+000 2.245874e+001 -2.768431e+000 1.393367e+000 3.229657e-001 -2.160520e-001 -5.215558e-001 -1.262528e+000 -1.881793e+000 -3.949234e+000 -3.428433e+000 -3.534736e+000 -2.462679e+000 -1.523326e+000 -3.469095e-001 5.745095e-001 -1.849649e+000 -3.727921e+000 -2.119131e+000 -1.816213e-001 -1.934172e-001 -8.356328e-001 -3.785915e-001 -8.539900e-002 4.988416e-002 -5.201509e-001 3.869282e-001 2.063768e+000 5.174764e-001 -7.477142e-001 8.112102e-002 -4.680797e-002 -1.532451e+000 -1.254447e+000 -1.504249e-001 -7.995149e-002 
2.646846e+000 2.338594e+001 -3.830016e+000 2.004284e+000 4.242383e-001 -9.419108e-001 -3.123331e-002 -3.563590e-001 -2.448395e+000 -4.226718e+000 -2.728738e+000 -4.119512e+000 -2.982055e+000 -9.953608e-001 2.770123e-001 2.611800e-001 -1.905600e+000 -3.071257e+000 -2.299310e+000 -9.486182e-001 4.917066e-001 -9.169916e-001 -9.584883e-001 3.871820e-001 1.944134e-001 -1.024940e+000 -1.554268e-002 1.928025e+000 7.644437e-001 -5.608342e-001 5.222606e-001 1.100929e-001 -1.970508e+000 -1.386808e+000 8.915562e-002 -1.958545e-002 
2.405828e+000 2.263917e+001 -3.124273e+000 2.004450e+000 5.640436e-001 -1.414794e+000 -3.164686e-001 -6.512108e-001 -2.456482e+000 -4.112859e+000 -2.509970e+000 -3.996384e+000 -3.859817e+000 -1.324635e+000 -1.043592e-002 -2.026422e-001 -1.679414e+000 -2.893863e+000 -2.726259e+000 -1.714106e+000 3.156549e-001 -3.749644e-002 -1.420050e+000 -2.175467e-001 4.143415e-001 -1.449725e+000 -6.732954e-001 1.879511e+000 9.341940e-001 -3.861615e-001 2.876169e-001 -2.317139e-002 -1.817711e+000 -1.542091e+000 4.440803e-002 2.017714e-001 
6.843715e+000 2.516008e+001 -5.402154e+000 1.357107e+000 -2.391921e+000 -2.007421e+000 -1.113021e+000 -1.799348e+000 -9.494826e-001 -3.195945e+000 -3.429603e+000 -3.333574e+000 -1.018441e+000 -5.619213e-001 -8.227848e-001 -9.221087e-001 -1.719424e+000 -2.194067e+000 -1.606104e+000 -9.510305e-001 -3.632801e-001 -5.728511e-002 -7.698919e-001 -7.105001e-001 9.584218e-001 -1.559679e-001 2.180536e-001 1.696411e+000 -1.372323e-001 -5.742300e-001 4.378472e-001 1.902033e-002 -1.455144e+000 -1.019648e+000 3.652784e-001 2.712401e-001 
1.151125e+001 2.332962e+001 -7.768411e+000 3.749849e-001 -3.982650e+000 -3.345521e+000 -2.131870e+000 -2.320782e+000 -7.292418e-001 -5.077662e+000 -3.928679e+000 -1.329386e+000 4.188718e-001 -5.254688e-003 -1.731258e+000 -1.398580e+000 -1.603089e+000 -1.815016e+000 -2.420420e-001 -7.488446e-001 -1.811441e+000 -1.305406e+000 -1.840467e+000 -1.360306e+000 5.503341e-001 1.176441e-001 3.485099e-001 2.726557e-001 -3.906790e-001 7.769866e-001 9.397353e-001 -1.379120e-001 -7.816806e-001 -5.162613e-001 1.013417e-001 -1.235881e-001 
1.151066e+001 2.572053e+001 -1.132071e+001 1.485654e+000 -4.353916e+000 -2.034619e+000 -1.268645e+000 -2.678106e+000 3.651748e-001 -5.906046e+000 -2.103451e+000 -9.775340e-001 8.697096e-001 -2.942445e-001 -2.062266e+000 -4.426914e-001 -1.310942e+000 -1.152706e+000 1.552707e-001 -2.775959e-001 -1.238090e+000 -1.466354e+000 -1.844560e+000 -1.086373e+000 4.445176e-001 3.497264e-001 8.472077e-001 1.466021e-001 -3.270258e-001 9.696747e-001 9.381478e-001 4.107472e-001 -4.185750e-001 -3.818919e-001 -6.373775e-002 -2.284801e-001 
1.401260e+001 2.163553e+001 -7.455366e+000 -4.207456e-001 -3.255743e+000 -3.332669e+000 -1.557900e+000 -2.623100e+000 -5.641336e-001 -3.698924e+000 -3.468735e+000 -4.607135e-001 -1.314434e-001 -8.614691e-001 -2.066382e+000 -3.939098e-001 -6.114112e-001 -1.899433e+000 -2.087365e-001 -8.574643e-001 -1.194763e+000 -9.339799e-001 -1.739688e+000 -1.150275e+000 -4.284827e-001 6.982743e-001 8.603999e-001 -2.794502e-001 1.162715e-001 5.871159e-001 6.491033e-001 2.955538e-001 -3.680363e-001 -1.107516e-001 -6.110548e-002 -2.949753e-001 
1.277406e+001 2.342730e+001 -8.661695e+000 7.667442e-001 -3.472041e+000 -2.923865e+000 -1.287622e+000 -2.555101e+000 1.851274e-001 -4.052341e+000 -2.852628e+000 -1.460522e-001 2.322130e-001 -3.361244e-001 -2.374201e+000 -3.003512e-001 -1.681470e-001 -1.565364e+000 -5.275714e-002 -5.897523e-001 -1.015114e+000 -8.836867e-001 -1.320750e+000 -1.254905e+000 -1.818279e-001 9.989805e-001 7.249146e-001 -1.192694e-001 4.144829e-002 8.926390e-001 7.463155e-001 1.355807e-001 -1.263452e-001 -5.679225e-002 2.521964e-002 -5.294595e-001 
1.631414e+001 1.871433e+001 -5.871016e+000 -1.859522e+000 -2.786431e+000 -3.338480e+000 -2.130800e+000 -1.866232e+000 -5.901632e-001 -3.496222e+000 -3.435763e+000 -4.370269e-001 3.674227e-001 -8.415536e-001 -2.334317e+000 -6.594130e-001 -4.003817e-001 -1.662364e+000 -2.873246e-001 -7.940118e-001 -1.380664e+000 -7.097993e-001 -1.663439e+000 -1.476374e+000 -1.481203e-001 6.207863e-001 7.329285e-001 -2.665889e-001 -1.513177e-001 8.223353e-001 6.912101e-001 1.503810e-001 -2.817931e-001 2.529320e-002 2.063779e-001 -4.999162e-001 
1.277283e+001 2.335440e+001 -9.151559e+000 8.365773e-001 -4.326335e+000 -2.768868e+000 -1.279118e+000 -2.907939e+000 7.707060e-001 -3.794868e+000 -3.069478e+000 -2.031753e-001 5.812238e-001 -1.968771e-001 -2.512438e+000 -1.371732e-001 -2.991172e-001 -1.516520e+000 -9.559968e-002 -8.255711e-001 -8.591813e-001 -9.188858e-001 -1.403871e+000 -1.240970e+000 -4.174944e-001 9.000693e-001 8.015203e-001 -1.360722e-001 -1.590031e-001 7.606818e-001 1.012431e+000 2.489039e-001 -2.231205e-001 3.818017e-002 2.854414e-001 -3.916385e-001 
1.228614e+001 2.297526e+001 -9.615489e+000 5.481332e-001 -4.721046e+000 -3.430160e+000 -1.591508e+000 -3.011605e+000 3.004794e-001 -4.359650e+000 -3.256540e+000 -2.753015e-001 2.710709e-001 -5.319250e-001 -2.468897e+000 -6.833000e-001 -7.284521e-001 -1.544152e+000 -3.217770e-001 -9.714663e-001 -9.815930e-001 -1.107714e+000 -1.742729e+000 -1.465655e+000 -4.061954e-001 6.155813e-001 6.654363e-001 -1.113009e-001 -2.723504e-001 5.999159e-001 9.593683e-001 3.201070e-001 -3.186466e-001 -5.362944e-003 2.499889e-001 -5.906354e-001 
1.252937e+001 2.308471e+001 -9.946236e+000 9.806566e-001 -5.128133e+000 -3.290629e+000 -1.466780e+000 -2.947433e+000 2.666940e-001 -4.377928e+000 -2.982097e+000 -7.708956e-001 2.749974e-001 -4.404681e-001 -2.472448e+000 -5.417925e-001 -9.415009e-001 -1.657901e+000 -2.601878e-001 -9.697741e-001 -9.157539e-001 -1.115419e+000 -1.947970e+000 -1.381027e+000 -1.997008e-001 5.342195e-001 6.258461e-001 -1.300200e-001 -3.000290e-001 5.911472e-001 1.004587e+000 2.595968e-001 -4.287166e-001 1.112189e-001 1.671592e-001 -5.180055e-001 
1.425971e+001 2.093492e+001 -7.985897e+000 1.750465e-001 -4.871026e+000 -3.497880e+000 -1.388638e+000 -2.521918e+000 2.045591e-002 -4.293766e+000 -3.385206e+000 -3.119072e-001 1.127509e-001 -8.315455e-002 -2.406732e+000 -8.331167e-001 -4.135327e-001 -2.052037e+000 -2.796759e-001 -3.931073e-001 -1.041674e+000 -1.040990e+000 -1.887358e+000 -1.220503e+000 -1.392865e-001 4.412590e-001 6.506647e-001 -1.622423e-003 -1.466470e-001 6.256846e-001 1.028174e+000 2.876690e-001 -4.403065e-001 2.243906e-002 6.018422e-002 -5.138542e-001 
1.623136e+001 1.815692e+001 -6.589007e+000 -1.084005e+000 -4.041084e+000 -4.264062e+000 -1.391882e+000 -1.495106e+000 -1.447101e+000 -4.665592e+000 -3.517278e+000 -4.806354e-001 2.050255e-001 -3.923463e-001 -2.138857e+000 -1.438628e+000 -1.086728e+000 -1.516103e+000 -6.221076e-001 -7.240326e-001 -7.668402e-001 -1.423893e+000 -2.159291e+000 -1.079636e+000 -6.137813e-002 1.822596e-001 2.427220e-001 1.757811e-001 8.101779e-002 4.633209e-001 1.066944e+000 2.116264e-001 -8.078492e-001 5.241271e-002 1.165654e-001 -1.064070e+000 
1.400044e+001 2.130871e+001 -8.536636e+000 1.403255e+000 -4.757078e+000 -3.358738e+000 -5.288489e-001 -1.501166e+000 -4.810967e-001 -5.192926e+000 -2.959074e+000 -2.825685e-001 8.037836e-001 5.289999e-001 -1.944076e+000 -1.202281e+000 -1.218508e+000 -5.278940e-001 1.084859e-001 -7.426175e-001 -2.973941e-001 -1.503465e+000 -1.901489e+000 -7.033911e-001 5.200401e-001 4.728870e-001 1.814418e-001 5.856917e-001 1.439617e-001 7.872003e-001 1.303647e+000 2.427300e-001 -7.025716e-001 -2.527759e-001 2.274637e-001 -1.199411e+000 
1.605859e+001 1.825182e+001 -6.317558e+000 -8.258567e-001 -3.740763e+000 -4.226648e+000 -1.311219e+000 -1.088831e+000 -1.276565e+000 -4.862960e+000 -3.778405e+000 -6.577685e-001 3.359498e-001 3.963078e-001 -1.737888e+000 -2.213958e+000 -1.200710e+000 -7.876987e-001 -2.719139e-001 -6.356195e-001 -8.543444e-001 -1.486656e+000 -2.179354e+000 -7.903232e-001 4.220096e-001 1.575443e-001 2.355727e-001 2.102758e-001 2.220129e-001 8.502131e-001 1.071282e+000 2.078018e-001 -9.912141e-001 -3.686986e-001 1.556836e-001 -1.015320e+000 
1.334047e+001 2.129340e+001 -8.048491e+000 1.741402e+000 -4.929251e+000 -3.764046e+000 -1.622547e+000 -1.237566e+000 3.476157e-001 -5.335321e+000 -3.346518e+000 -4.256791e-001 3.151193e-001 7.289742e-001 -1.399734e+000 -1.763511e+000 -1.114575e+000 -1.517993e-001 -1.020038e-001 -1.132542e+000 -6.271200e-001 -6.713088e-001 -1.847041e+000 -7.935466e-001 6.669256e-001 -6.540372e-004 2.907644e-001 6.803711e-001 5.522774e-001 8.846486e-001 9.777811e-001 3.706959e-001 -1.049369e+000 -4.092420e-001 4.027642e-001 -9.774943e-001 
9.790071e+000 2.461560e+001 -1.026128e+001 4.114097e+000 -6.516682e+000 -2.469809e+000 -2.050882e+000 -3.146242e+000 2.449093e+000 -7.166022e+000 -1.531408e+000 -2.315925e+000 2.939471e-001 5.419651e-001 -1.798344e+000 -7.403993e-001 -2.052287e+000 1.212201e-001 -1.294549e+000 -1.103594e+000 -1.280065e-001 -1.044830e+000 -1.546473e+000 -1.323548e+000 6.171636e-001 -4.747541e-001 3.593487e-001 9.421310e-001 2.885628e-001 1.095073e+000 7.675035e-001 1.405025e-002 -1.042553e+000 -3.800260e-001 1.678571e-001 -6.012362e-001 
1.279759e+001 2.022521e+001 -5.919814e+000 1.241986e+000 -4.441221e+000 -3.520097e+000 -2.362689e+000 -1.758252e+000 3.047811e-001 -4.937516e+000 -3.255278e+000 -1.492952e+000 -9.133169e-001 2.759521e-001 -1.227099e+000 -5.284578e-001 -1.081894e+000 -1.967296e+000 -1.160105e+000 -6.392562e-001 -1.046083e-001 -1.056512e+000 -1.673861e+000 -9.208746e-001 2.029620e-001 -3.225942e-001 -2.136971e-001 1.079237e+000 7.581103e-001 1.093539e+000 6.337048e-001 -4.509351e-001 -7.815961e-001 -6.394640e-001 2.609771e-001 -3.415051e-001 
2.032729e+001 1.344486e+001 5.534968e-001 -1.646384e+000 -2.227395e+000 -2.577900e+000 -1.667957e+000 -3.304881e-001 -1.778533e-001 -2.501653e+000 -3.238936e+000 -1.691150e+000 -2.856626e-001 2.194246e-001 1.058797e-001 3.965347e-001 -5.702824e-002 -1.886195e+000 -1.642053e+000 5.830970e-002 4.147655e-001 -2.323204e-001 -5.194527e-001 3.098152e-002 3.629029e-001 1.265922e-001 4.978521e-001 1.013731e+000 7.829655e-001 3.708545e-001 3.034910e-001 2.182223e-001 -1.942089e-001 -5.402329e-001 -1.634635e-001 4.053253e-001 
1.000235e+001 1.407933e+001 9.615486e-001 1.572457e-001 1.136935e+000 3.231333e-001 -1.092515e-001 -7.164809e-001 -1.772737e+000 -2.913772e+000 -3.195271e+000 -2.723372e+000 -1.631188e+000 -7.171170e-001 -2.632338e-001 -2.965085e-001 -1.665802e+000 -3.110000e+000 -1.929598e+000 -3.410662e-002 3.513165e-001 6.724846e-002 4.921558e-002 3.240682e-001 3.981905e-001 2.483086e-001 7.423727e-001 1.215736e+000 5.633228e-001 -1.946397e-001 -2.325114e-001 -4.876770e-001 -8.525104e-001 -6.580458e-001 -4.072992e-001 -2.404165e-001 
-4.890121e-002 2.382123e+001 -4.510962e+000 2.878259e+000 -1.650519e-001 3.986072e-001 -5.034329e-001 -1.738262e+000 -1.762909e+000 -4.662639e+000 -3.108354e+000 -3.915532e+000 -1.580852e+000 -1.546998e+000 -3.490699e-001 3.738294e-001 -2.190871e+000 -4.138541e+000 -2.013940e+000 -7.255732e-002 4.546601e-002 -8.131259e-001 -1.359111e-002 -2.544005e-001 -3.197993e-002 -7.272901e-001 4.158895e-001 2.030588e+000 2.877356e-001 -4.804170e-001 2.319391e-001 6.291428e-002 -1.631408e+000 -1.173113e+000 -5.608207e-001 -2.765106e-001 
2.137713e+000 2.338554e+001 -3.579648e+000 1.979195e+000 4.970752e-001 -8.341605e-001 -2.920486e-001 -6.797055e-001 -2.313220e+000 -4.215868e+000 -2.954503e+000 -3.737243e+000 -2.614987e+000 -1.029932e+000 -9.940875e-002 3.437183e-001 -1.876299e+000 -3.133706e+000 -2.332116e+000 -5.330126e-001 3.287123e-001 -1.042043e+000 -7.528652e-001 9.760134e-002 4.839954e-002 -8.705525e-001 1.423677e-001 2.209938e+000 6.109148e-001 -6.610906e-001 4.029442e-001 8.622609e-002 -1.891176e+000 -1.282683e+000 9.670864e-002 -1.305781e-001 
2.490916e+000 2.123608e+001 -3.536899e+000 2.059578e+000 1.329167e+000 -6.396447e-001 2.375900e-001 -3.438792e-001 -2.770535e+000 -4.743743e+000 -3.043040e+000 -4.393489e+000 -4.156144e+000 -8.695884e-001 4.997879e-001 2.992953e-001 -1.407001e+000 -2.802752e+000 -2.747710e+000 -1.789851e+000 1.167567e-001 -4.275788e-001 -1.205908e+000 4.585973e-002 3.423742e-001 -1.311698e+000 -4.927253e-001 1.890274e+000 1.013829e+000 -2.147421e-001 5.222289e-001 8.524024e-003 -2.060317e+000 -1.750805e+000 -1.011707e-001 1.172899e-001 
5.753040e+000 2.327350e+001 -3.190897e+000 4.030759e-001 -8.461912e-001 -1.755976e+000 -4.338019e-001 -9.755312e-001 -1.206946e+000 -2.877104e+000 -3.281983e+000 -3.328567e+000 -1.995763e+000 -1.087454e+000 -6.206110e-001 -8.652074e-001 -2.055981e+000 -2.617861e+000 -2.022779e+000 -1.044268e+000 1.376638e-002 2.092386e-003 -6.697168e-001 -3.648722e-001 6.656393e-001 -3.886922e-001 1.725292e-001 1.767196e+000 -1.390484e-002 -8.772397e-001 5.017542e-001 1.981458e-002 -1.759771e+000 -1.278283e+000 2.361795e-001 1.982520e-001 
8.734570e+000 2.519787e+001 -8.497223e+000 1.846208e+000 -4.567996e+000 -3.151913e+000 -2.142615e+000 -2.510007e+000 -1.023569e+000 -4.795652e+000 -3.452568e+000 -2.125026e+000 4.176630e-001 -1.937774e-002 -9.557861e-001 -1.509376e+000 -1.347197e+000 -1.698603e+000 -5.818428e-001 -6.828649e-001 -1.480452e+000 -6.592125e-001 -1.411149e+000 -1.301068e+000 1.174679e+000 -5.473241e-002 3.160356e-001 8.579494e-001 -3.603166e-001 8.213340e-001 5.660409e-001 1.424704e-001 -8.458834e-001 -5.728210e-001 2.449966e-001 -9.245318e-002 
1.315741e+001 2.266199e+001 -8.616447e+000 -5.000498e-001 -3.168672e+000 -2.450554e+000 -1.585172e+000 -2.192153e+000 -8.602794e-001 -5.054413e+000 -3.329475e+000 -4.351028e-001 5.940736e-001 1.689845e-001 -1.999029e+000 -1.247603e+000 -1.210005e+000 -1.378304e+000 1.900279e-001 -4.331013e-001 -1.296892e+000 -1.336332e+000 -1.986252e+000 -1.172035e+000 3.378279e-001 3.462701e-001 6.579928e-001 1.914239e-001 -3.443999e-001 9.844030e-001 1.083708e+000 2.104077e-001 -4.568485e-001 -5.748152e-001 -6.476641e-003 -2.284892e-001 
9.952748e+000 2.693411e+001 -1.193754e+001 2.668132e+000 -4.720993e+000 -2.744108e+000 -5.929782e-001 -4.188574e+000 1.532453e+000 -6.020117e+000 -1.230299e+000 -1.281144e+000 3.972902e-001 -3.168802e-001 -2.341536e+000 3.437720e-002 -1.405728e+000 -1.156581e+000 -4.022736e-001 -5.396143e-001 -7.313199e-001 -1.298805e+000 -1.448740e+000 -1.282231e+000 -9.281776e-002 4.472541e-001 1.027893e+000 -2.047273e-001 -8.081025e-003 9.500106e-001 5.290516e-001 4.988140e-001 -3.881668e-001 -3.558329e-002 -3.020996e-001 -1.366351e-001 
1.268129e+001 2.322899e+001 -8.407441e+000 5.877958e-001 -3.402441e+000 -2.797655e+000 -1.244124e+000 -2.499658e+000 1.777612e-001 -3.847181e+000 -2.831613e+000 -6.777838e-002 1.235403e-001 -3.615054e-001 -2.178794e+000 -2.479720e-001 -1.640231e-001 -1.531606e+000 -1.243213e-001 -6.248541e-001 -8.556854e-001 -8.060229e-001 -1.273512e+000 -1.023593e+000 -3.237633e-001 9.187187e-001 8.565379e-001 -2.012367e-001 1.431126e-001 9.392058e-001 6.766572e-001 1.330184e-001 -1.465692e-001 -4.605707e-002 3.705842e-002 -3.860998e-001 
1.220789e+001 2.351422e+001 -9.397577e+000 5.464127e-001 -3.613559e+000 -3.225273e+000 -1.332917e+000 -2.527326e+000 3.850102e-001 -4.155952e+000 -3.000522e+000 -1.128149e-001 1.526900e-001 -4.586361e-001 -2.515214e+000 -2.289539e-001 -2.943454e-001 -1.802095e+000 1.405117e-001 -8.986191e-001 -1.156710e+000 -8.523949e-001 -1.714956e+000 -1.254616e+000 -1.171501e-001 8.122943e-001 7.369943e-001 -2.784261e-001 -3.674280e-002 8.233006e-001 7.885934e-001 1.428610e-001 -1.855403e-001 4.988897e-002 1.082651e-001 -5.012170e-001 
9.396550e+000 2.738720e+001 -1.246366e+001 3.026925e+000 -4.933002e+000 -3.605599e+000 1.608533e-001 -4.828643e+000 2.635483e+000 -5.660557e+000 -1.687505e+000 -7.066138e-001 2.620407e-001 3.518211e-001 -3.545685e+000 8.359310e-001 -1.219651e+000 -1.279639e+000 -4.192741e-002 -1.207656e+000 -6.280483e-002 -1.679380e+000 -9.172216e-001 -1.640389e+000 -2.615866e-001 1.119818e+000 2.822612e-001 1.989367e-001 -4.474070e-001 1.006181e+000 9.593938e-001 -6.354602e-002 2.043702e-001 -3.253515e-001 4.980415e-001 -6.512123e-001 
1.368201e+001 2.119134e+001 -7.548832e+000 -5.508799e-001 -3.676984e+000 -3.364349e+000 -1.597699e+000 -2.164987e+000 -9.773869e-003 -3.596389e+000 -3.267611e+000 -7.330978e-002 5.595446e-001 -6.187471e-001 -2.216507e+000 -3.859719e-001 -3.701844e-001 -1.493390e+000 -3.423070e-001 -7.814695e-001 -8.059398e-001 -9.220842e-001 -1.709779e+000 -1.202703e+000 -2.901831e-001 7.291707e-001 7.731582e-001 -1.416334e-001 -1.290996e-001 6.413177e-001 1.008106e+000 2.692324e-001 -3.025842e-001 2.448395e-001 1.834194e-001 -5.121195e-001 
1.182798e+001 2.325933e+001 -1.026137e+001 8.139917e-001 -5.031373e+000 -3.403851e+000 -1.638417e+000 -3.122517e+000 2.367485e-001 -4.574702e+000 -3.077151e+000 -6.561495e-001 5.165469e-002 -4.574990e-001 -2.483040e+000 -6.342795e-001 -9.527228e-001 -1.701102e+000 -3.792657e-001 -9.718217e-001 -9.517668e-001 -1.199361e+000 -1.989942e+000 -1.421434e+000 -3.019681e-001 4.926195e-001 6.640809e-001 -1.446781e-001 -4.157694e-001 6.661566e-001 9.257448e-001 2.669604e-001 -3.458966e-001 -1.509530e-002 2.156540e-001 -5.044506e-001 
1.328434e+001 2.210287e+001 -9.062747e+000 1.087685e+000 -5.093556e+000 -3.161167e+000 -1.387405e+000 -2.719026e+000 2.956825e-001 -4.404614e+000 -3.109486e+000 -5.731451e-001 1.943670e-001 -5.975765e-002 -2.322693e+000 -7.539782e-001 -7.088692e-001 -1.808234e+000 -2.498353e-001 -6.337019e-001 -9.526397e-001 -1.058624e+000 -1.830320e+000 -1.322245e+000 -1.989826e-001 4.901580e-001 6.969313e-001 -6.084733e-002 -1.654905e-001 5.976608e-001 1.067193e+000 2.841192e-001 -4.846517e-001 2.710354e-002 9.650543e-002 -4.784034e-001 
1.222812e+001 2.296251e+001 -1.020294e+001 1.665908e+000 -6.092000e+000 -3.565269e+000 -9.540215e-001 -2.569201e+000 -3.081101e-001 -5.548554e+000 -2.685668e+000 -9.207212e-001 9.419934e-002 -3.646729e-002 -2.504583e+000 -7.635031e-001 -1.405999e+000 -1.465307e+000 -4.928388e-001 -9.461816e-001 -4.537426e-001 -1.730802e+000 -1.932985e+000 -1.199324e+000 -1.323088e-001 3.966632e-001 1.132568e-001 3.517896e-001 -1.864565e-001 7.194827e-001 1.018813e+000 5.420786e-002 -4.805325e-001 -1.630805e-001 3.145682e-001 -1.001603e+000 
1.587981e+001 1.869987e+001 -6.169957e+000 -4.451508e-001 -3.786800e+000 -3.756947e+000 -8.401672e-001 -1.057211e+000 -1.130563e+000 -4.439136e+000 -3.261776e+000 -2.868837e-001 7.318274e-001 3.296105e-001 -1.740047e+000 -1.509727e+000 -9.113438e-001 -7.146417e-001 -1.429224e-001 -6.033834e-001 -4.425029e-001 -1.212108e+000 -2.034829e+000 -7.023648e-001 3.959397e-001 3.264674e-001 3.243355e-001 4.687381e-001 2.564530e-001 5.885025e-001 1.268956e+000 3.475090e-001 -8.284681e-001 -4.278933e-002 9.381869e-002 -1.081707e+000 
1.373863e+001 2.113859e+001 -8.519993e+000 1.082626e+000 -4.896017e+000 -3.322865e+000 -1.037862e+000 -1.476086e+000 -3.684901e-001 -5.339885e+000 -3.090019e+000 -2.830260e-001 4.410036e-001 5.426633e-001 -1.636832e+000 -1.607843e+000 -1.325662e+000 -5.037301e-001 -5.478971e-002 -6.482152e-001 -3.993053e-001 -1.492455e+000 -2.095053e+000 -7.211381e-001 6.491898e-001 2.923536e-001 1.813620e-001 4.494226e-001 1.917899e-001 9.052275e-001 1.238840e+000 2.464532e-001 -9.103360e-001 -2.837419e-001 3.036024e-001 -1.203877e+000 
1.599160e+001 1.735343e+001 -5.380495e+000 -1.003672e+000 -3.572201e+000 -4.433522e+000 -1.594833e+000 -9.033274e-001 -9.658604e-001 -4.640395e+000 -4.095136e+000 -5.242390e-001 3.616894e-001 2.620579e-001 -1.284222e+000 -2.293915e+000 -1.299974e+000 -4.010058e-001 -3.194628e-001 -1.046071e+000 -8.311897e-001 -9.313461e-001 -2.049546e+000 -9.009023e-001 5.862599e-001 -1.058378e-002 5.791258e-002 5.847895e-001 5.060075e-001 6.995151e-001 1.001346e+000 2.278333e-001 -1.051834e+000 -3.835015e-001 1.900545e-001 -9.264437e-001 
9.939276e+000 2.409556e+001 -1.022687e+001 3.757902e+000 -6.409535e+000 -2.451942e+000 -2.406378e+000 -2.404310e+000 1.762030e+000 -6.944480e+000 -1.970048e+000 -1.861307e+000 3.369210e-001 2.510278e-001 -1.509748e+000 -1.220675e+000 -1.835733e+000 1.771535e-001 -1.218585e+000 -1.057293e+000 -3.898930e-001 -9.405479e-001 -1.698162e+000 -1.234905e+000 5.906700e-001 -3.774260e-001 3.954600e-001 7.839596e-001 3.307668e-001 9.916513e-001 7.443355e-001 2.358683e-001 -1.170479e+000 -2.747722e-001 8.440061e-002 -6.058531e-001 
9.291320e+000 2.423068e+001 -9.855527e+000 3.784534e+000 -6.014944e+000 -3.144796e+000 -1.928865e+000 -3.204141e+000 1.842701e+000 -6.494788e+000 -2.315142e+000 -1.883185e+000 -6.604940e-001 6.206831e-001 -2.111519e+000 -7.000896e-003 -1.997436e+000 -1.198046e+000 -9.411744e-001 -1.339014e+000 3.006809e-001 -1.511663e+000 -1.389658e+000 -1.093737e+000 1.222313e-001 -1.530188e-001 -4.897103e-001 1.497297e+000 2.790517e-001 1.211581e+000 7.019170e-001 -6.734384e-001 -4.122886e-001 -1.008117e+000 6.542254e-001 -7.592055e-001 
