1.554468e+001 1.816567e+001 -4.394257e+000 5.839571e-001 3.882840e-001 2.622353e+000 -4.926276e+000 -3.108067e+000 -4.089215e-001 -3.123571e+000 -3.000102e+000 -1.981179e+000 -2.227385e+000 -2.399086e+000 9.864743e-002 7.210271e-001 -1.760654e+000 -2.709346e+000 2.547426e-003 -5.011804e-001 -5.009368e-001 -1.034918e+000 -2.226355e+000 -8.539741e-001 -9.633437e-001 -1.139150e+000 -1.162832e+000 -6.605559e-001 1.825767e-001 3.781543e-002 -7.727271e-001 -7.653371e-002 1.114618e+000 2.846555e-001 -3.248684e-001 -1.239377e-001 
1.309479e+001 1.856296e+001 -6.088145e+000 3.686673e+000 7.402042e-002 2.927500e+000 -4.847473e+000 -2.804072e+000 -1.973129e+000 -2.424674e+000 -2.683146e+000 -1.218741e+000 -1.460450e+000 -2.125926e+000 -1.924245e-001 -7.916230e-001 -1.730621e+000 -2.601510e+000 3.468089e-002 -1.280751e+000 -8.263003e-001 -1.436343e+000 -1.566937e+000 -1.567880e-001 -1.023384e+000 -1.246580e+000 -1.693625e+000 -8.033869e-001 9.131818e-002 6.781618e-001 -1.804213e-001 -2.437559e-001 9.029061e-001 4.143237e-001 -2.392542e-001 7.136689e-001 
1.342431e+001 1.766972e+001 -6.063090e+000 2.809575e+000 5.267282e-001 2.070473e+000 -4.300266e+000 -2.984002e+000 -1.508444e+000 -2.540813e+000 -3.083404e+000 -1.478119e+000 -1.062855e+000 -1.548692e+000 -4.148519e-001 -4.795997e-001 -2.062541e+000 -2.497433e+000 5.651475e-001 -1.412872e+000 -1.362229e+000 -1.738828e+000 -1.406822e+000 -1.119930e-001 -1.230266e+000 -9.915584e-001 -1.469892e+000 -1.009772e+000 1.449967e-001 4.237033e-001 -7.199396e-001 -2.950891e-001 1.307788e+000 4.499492e-001 -2.128145e-001 8.182674e-001 
1.363766e+001 1.659554e+001 -4.682885e+000 3.154976e+000 1.992775e-001 1.701715e+000 -3.626187e+000 -2.900556e+000 -1.573884e+000 -3.363143e+000 -3.612204e+000 -2.402898e+000 -1.033497e+000 -1.330269e+000 -1.442554e-001 -3.606318e-001 -2.288294e+000 -2.518589e+000 5.778935e-001 -9.198546e-001 -1.679831e+000 -2.181510e+000 -2.142908e+000 1.937293e-001 -9.138210e-001 -9.267458e-001 -8.291544e-001 -7.065734e-001 -2.368716e-001 -2.687261e-001 -9.607155e-001 -2.801068e-001 1.485881e+000 3.991413e-001 3.404070e-001 5.597707e-001 
1.173825e+001 1.803504e+001 -5.342085e+000 5.208029e+000 5.531390e-001 1.742156e+000 -4.819494e+000 -2.550526e+000 -1.369650e+000 -1.705873e+000 -2.907460e+000 -2.059176e+000 -5.869165e-001 -1.578984e+000 7.389673e-001 -5.698981e-001 -2.568747e+000 -3.096533e+000 3.800522e-001 2.446331e-001 -4.004029e-001 -1.750326e+000 -2.021576e+000 -7.016491e-002 -1.335735e+000 -1.331185e+000 -8.243934e-001 -5.577539e-001 -2.205271e-001 4.844177e-002 -2.881740e-001 1.835313e-001 1.113698e+000 4.484293e-001 -2.398545e-001 4.513072e-001 
1.400849e+001 2.067209e+001 -7.382803e+000 4.154980e+000 -2.620503e+000 2.935778e+000 -4.598248e+000 -8.276195e-001 -1.085296e+000 -2.536926e+000 -4.038821e+000 -2.302870e+000 -4.562275e-001 -1.064540e+000 1.384419e+000 1.364145e-001 -1.865450e+000 -2.810651e+000 4.639728e-001 -1.474187e+000 -2.670915e-001 -2.282634e+000 -1.907740e+000 -1.595309e-001 -1.413968e+000 -1.078240e+000 -5.630512e-001 3.536193e-001 2.624020e-001 1.523156e-001 -6.487336e-001 1.698812e-001 1.189742e+000 2.895821e-001 4.360196e-002 -2.855317e-002 
2.122045e+001 1.888319e+001 -5.721901e+000 -1.948898e-001 -2.217167e+000 9.811726e-001 -4.610132e+000 -2.186797e-001 6.012339e-001 -3.904350e+000 -3.258749e+000 -1.533699e+000 4.297574e-001 -1.715532e+000 -1.283313e-001 3.203545e-002 -2.902808e+000 -1.377070e+000 1.085003e+000 -2.980605e-001 -3.830609e-001 -1.152830e+000 -2.081601e+000 -5.361779e-001 -9.407403e-001 -1.311745e+000 -7.063614e-001 -1.360287e-001 -4.578517e-001 -2.027831e-001 -2.226069e-001 3.372098e-001 1.191732e+000 -1.366380e-001 1.022635e-001 -4.161151e-001 
2.139585e+001 1.989830e+001 -8.794651e+000 4.168086e-001 -3.990459e+000 2.015498e+000 -6.492348e+000 1.021793e+000 1.801463e-001 -4.200252e+000 -3.191406e+000 -1.484618e+000 4.581832e-002 -1.690773e+000 -9.091870e-001 -8.427253e-001 -2.467926e+000 -8.925631e-001 1.454501e+000 -7.842567e-001 -2.086324e-001 -9.814891e-001 -1.943409e+000 -9.883209e-001 -1.781662e+000 -1.709154e+000 3.640553e-001 -4.182037e-001 -7.834234e-001 3.552238e-002 -2.437619e-001 4.175580e-001 8.606529e-001 -1.725434e-001 -5.528120e-001 1.480629e-002 
2.382846e+001 1.775622e+001 -7.331256e+000 -3.057099e-001 -2.076602e+000 -3.925097e-001 -5.138213e+000 1.010573e-001 1.002310e+000 -4.355297e+000 -2.511742e+000 -1.756233e+000 1.496109e-002 -2.028143e+000 -1.983518e+000 -1.161257e+000 -2.869423e+000 -4.150670e-001 1.521946e+000 -7.116904e-001 -1.065926e+000 -7.882338e-001 -1.731833e+000 -9.286301e-001 -2.042566e+000 -1.845848e+000 4.646903e-001 -2.938200e-001 -5.117083e-001 1.635731e-001 -2.226332e-001 2.593028e-001 8.635711e-001 -9.343757e-003 -4.108215e-001 -2.211668e-003 
2.355071e+001 1.894915e+001 -1.031583e+001 1.751483e+000 -4.081123e+000 3.048836e-001 -6.009493e+000 2.141781e-001 4.825974e-001 -4.418231e+000 -1.758397e+000 -1.954435e+000 5.527155e-001 -2.178413e+000 -1.626875e+000 -9.608896e-001 -2.386421e+000 -6.077273e-002 1.818856e+000 -4.071107e-001 -8.766030e-001 -8.599050e-001 -1.716404e+000 -1.164896e+000 -2.592952e+000 -1.180764e+000 3.574571e-001 -4.417248e-001 -3.368284e-001 -1.674784e-001 -5.949842e-002 4.748955e-002 4.338288e-001 -1.937295e-001 -4.217044e-001 7.544677e-002 
2.488722e+001 1.739446e+001 -9.151951e+000 -1.932384e-001 -2.819981e+000 -1.085509e+000 -5.752954e+000 -3.079042e-001 6.210673e-001 -4.818365e+000 -1.788613e+000 -2.115891e+000 -4.383664e-001 -1.988435e+000 -2.666035e+000 -1.277259e+000 -2.828425e+000 -5.153197e-001 1.294787e+000 -4.462029e-001 -1.077005e+000 -1.318812e+000 -1.458359e+000 -1.686160e+000 -2.740364e+000 -1.191766e+000 4.343561e-001 -4.345472e-001 -4.910472e-001 -4.558698e-002 -4.674107e-002 7.449600e-002 5.657183e-001 3.014116e-002 -6.071946e-001 1.448550e-001 
2.455700e+001 1.817629e+001 -9.691381e+000 6.779249e-001 -3.116704e+000 -1.787393e-001 -5.250814e+000 3.559165e-001 1.371027e+000 -4.379713e+000 -1.520836e+000 -1.536152e+000 -1.643082e-002 -1.767299e+000 -2.141847e+000 -1.116174e+000 -2.813388e+000 -4.578386e-001 1.540819e+000 9.755207e-002 -7.103165e-001 -1.213238e+000 -1.043900e+000 -1.970897e+000 -2.517262e+000 -6.684395e-001 4.792540e-001 -3.560607e-001 -4.913921e-001 2.549452e-001 -1.621733e-001 2.065893e-001 8.286282e-001 -7.652629e-004 -5.395162e-001 3.411048e-001 
2.336004e+001 1.899613e+001 -1.123246e+001 2.155988e+000 -5.578353e+000 8.314854e-001 -6.789652e+000 5.435496e-001 9.662384e-001 -4.600326e+000 -1.889192e+000 -2.090108e+000 4.038970e-001 -2.158954e+000 -1.608410e+000 -1.571336e+000 -2.576391e+000 -4.926469e-001 1.708913e+000 6.314050e-002 -9.474556e-001 -1.040372e+000 -1.495235e+000 -1.938433e+000 -2.810796e+000 -6.843840e-001 4.325168e-001 -6.298182e-001 -4.253282e-001 -4.257587e-002 -3.880206e-001 7.571916e-002 7.750429e-001 6.716714e-003 -9.192303e-001 4.156808e-001 
2.496583e+001 1.710511e+001 -7.810108e+000 -6.753598e-001 -2.882621e+000 -3.424608e-001 -5.523238e+000 2.167026e-002 1.955946e+000 -4.692337e+000 -2.179808e+000 -1.779143e+000 -3.534727e-001 -1.402463e+000 -1.860861e+000 -1.278688e+000 -2.921422e+000 -7.067166e-001 1.385921e+000 2.890634e-001 -9.453362e-001 -1.171675e+000 -1.449161e+000 -2.027778e+000 -2.515674e+000 -6.856679e-001 7.647102e-001 -5.473036e-001 -2.504818e-001 -2.550580e-002 -2.874770e-001 3.205156e-001 9.738362e-001 1.663213e-001 -1.019728e+000 3.973168e-001 
2.353234e+001 1.761608e+001 -8.365025e+000 -8.300790e-002 -3.333397e+000 1.691698e-001 -5.862369e+000 9.208779e-002 2.317757e+000 -4.614607e+000 -2.046912e+000 -2.059246e+000 -2.740448e-001 -1.222385e+000 -1.554343e+000 -9.226388e-001 -2.812926e+000 -7.792735e-001 1.373711e+000 5.888736e-001 -5.594157e-001 -8.545014e-001 -1.524683e+000 -2.232568e+000 -2.553464e+000 -5.266377e-001 1.095199e+000 -5.518533e-001 -4.225828e-001 -1.436173e-001 -2.400391e-001 6.513037e-001 9.322647e-001 1.371522e-001 -8.671024e-001 5.743602e-002 
2.187778e+001 1.909848e+001 -1.116498e+001 2.046431e+000 -5.485500e+000 6.956115e-001 -6.856858e+000 8.453554e-001 1.822625e+000 -4.899092e+000 -1.798419e+000 -2.465854e+000 -3.991849e-001 -1.032087e+000 -1.042186e+000 -1.319768e+000 -2.092985e+000 -1.051391e+000 1.558730e+000 8.129043e-001 -4.388246e-001 -7.045090e-001 -1.477495e+000 -2.429660e+000 -2.677714e+000 -3.800640e-001 4.028384e-001 -4.204761e-001 -5.735178e-001 -6.310268e-001 -2.068924e-001 4.398983e-001 5.865933e-001 1.834582e-001 -1.079692e+000 -6.493759e-002 
2.133844e+001 1.952211e+001 -1.104534e+001 2.410382e+000 -5.333971e+000 4.347734e-001 -6.782449e+000 8.115750e-001 1.908552e+000 -5.397479e+000 -1.745380e+000 -2.962671e+000 -7.343936e-001 -1.701339e+000 -1.138894e+000 -1.711893e+000 -3.053416e+000 -1.400306e+000 8.073909e-001 7.055174e-001 -7.702720e-001 -1.012233e+000 -1.866621e+000 -2.216824e+000 -2.693770e+000 -6.024170e-001 4.739902e-001 -5.495154e-001 -2.918894e-001 -5.768491e-001 -1.460092e-001 4.579743e-001 9.454974e-001 1.633539e-001 -7.928857e-001 -3.021155e-001 
2.164243e+001 1.879145e+001 -9.553227e+000 1.806539e+000 -4.855581e+000 -2.948686e-001 -6.591632e+000 2.890971e-003 2.375977e+000 -5.007010e+000 -2.930139e+000 -2.194627e+000 -1.062953e+000 -1.909597e+000 -3.327646e-001 -1.224809e+000 -3.045338e+000 -1.360684e+000 6.349015e-001 5.523840e-001 -3.099690e-001 -1.169865e+000 -1.821356e+000 -2.516044e+000 -2.782223e+000 -9.429773e-002 4.687718e-001 -5.884805e-001 -4.536501e-001 -5.021125e-001 -1.901590e-001 5.414948e-001 1.064684e+000 -2.312532e-001 -1.008446e+000 -2.310532e-001 
2.089653e+001 1.895996e+001 -8.678602e+000 1.081550e+000 -3.970925e+000 -9.659292e-001 -5.718549e+000 7.347961e-001 2.135765e+000 -4.294456e+000 -2.866138e+000 -2.221053e+000 -4.132976e-001 -1.213678e+000 -3.469196e-001 -9.027098e-001 -2.757754e+000 -9.262937e-001 1.344551e+000 5.120824e-001 -9.913234e-002 -8.583130e-001 -1.742250e+000 -2.083221e+000 -2.620393e+000 -2.829568e-001 4.676459e-001 -4.957423e-001 -3.525678e-001 -2.608546e-001 -3.201473e-001 3.693680e-001 1.235759e+000 -2.329366e-001 -1.088291e+000 -3.376439e-001 
1.990085e+001 1.795287e+001 -7.985449e+000 -7.029803e-001 -3.573151e+000 -1.963597e+000 -5.484749e+000 3.025672e-001 1.576140e+000 -4.692149e+000 -3.647977e+000 -2.365734e+000 -1.001814e+000 -2.162333e+000 -9.558427e-001 -1.356017e+000 -3.827497e+000 -1.087574e+000 9.863322e-001 -2.690026e-001 -3.172094e-001 -1.251675e+000 -2.083041e+000 -1.947333e+000 -2.589513e+000 -7.753402e-001 -7.299012e-002 -9.562424e-001 -2.115541e-001 -5.272850e-002 -5.363365e-001 1.716854e-001 1.215588e+000 6.980155e-002 -1.033593e+000 -4.100283e-001 
2.588282e+001 1.365426e+001 -2.606199e+000 -1.564071e+000 -4.070184e-001 -1.663293e+000 -2.590664e+000 8.025810e-001 1.809001e+000 -2.268780e+000 -2.439974e+000 -2.862030e-001 9.949960e-002 -3.636124e-001 4.204636e-001 7.974544e-002 -1.651492e+000 -2.323772e-001 1.764276e+000 9.167216e-001 1.493027e-001 -3.771695e-001 -1.072473e+000 -1.556181e+000 -1.534881e+000 -1.830284e-001 1.600185e-001 -3.101131e-001 2.157579e-001 -4.877235e-002 -2.164811e-001 4.849710e-001 7.359523e-001 2.285682e-001 -5.202060e-001 -4.037395e-001 
1.947011e+001 1.587881e+001 -2.045709e+000 -9.748245e-001 8.480341e-001 1.182749e+000 -4.074952e+000 -2.577700e+000 -7.658331e-004 -3.000091e+000 -3.052858e+000 -2.360145e+000 -1.969018e+000 -1.159439e+000 1.745329e-001 8.560585e-001 -1.327241e+000 -2.378589e+000 -1.914820e-001 2.590863e-001 4.125098e-002 -1.117194e+000 -2.324157e+000 -1.117566e+000 -7.613585e-001 -7.681996e-001 -6.748390e-001 -3.917242e-001 2.193783e-001 -5.143472e-001 -7.709190e-001 4.331316e-001 1.122179e+000 2.484349e-001 -6.149817e-001 -4.022631e-001 
1.243201e+001 2.017158e+001 -5.874616e+000 4.187241e+000 -6.034419e-001 3.666117e+000 -5.648230e+000 -1.989150e+000 -1.504911e+000 -2.023875e+000 -4.130990e+000 -2.258272e+000 -1.782575e+000 -1.426034e+000 9.908595e-001 3.166777e-001 -1.061971e+000 -3.115098e+000 -1.487829e-001 -6.775740e-001 -2.835636e-001 -1.978133e+000 -1.362642e+000 -3.219540e-001 -7.868383e-001 -8.290254e-001 -7.240281e-001 -7.233487e-001 -7.210104e-001 1.215647e-001 -5.377055e-001 -3.111670e-001 1.109813e+000 9.597665e-001 -9.082242e-002 2.283471e-001 
1.437770e+001 1.648865e+001 -3.743655e+000 2.262283e+000 1.799214e+000 1.395550e+000 -3.438547e+000 -3.756852e+000 -1.744665e+000 -2.681170e+000 -3.665651e+000 -2.311654e+000 -1.198583e+000 -1.018622e+000 5.247225e-001 4.453757e-001 -1.308328e+000 -2.084254e+000 -5.693066e-001 -1.078634e+000 -1.201270e+000 -1.735883e+000 -1.736387e+000 2.131703e-002 -4.215863e-001 -1.058036e+000 -1.034471e+000 -9.211450e-001 -5.312304e-001 1.726045e-001 -5.960737e-001 -3.674532e-001 1.112285e+000 4.199731e-001 3.133140e-001 5.958140e-001 
1.318869e+001 1.706062e+001 -4.703630e+000 3.841771e+000 8.593348e-001 2.261844e+000 -4.021968e+000 -3.492280e+000 -1.885239e+000 -3.166947e+000 -3.597114e+000 -2.455861e+000 -1.620607e+000 -1.516960e+000 4.425149e-001 6.477753e-002 -2.158206e+000 -2.554095e+000 2.393667e-001 -1.388473e+000 -1.688877e+000 -1.967698e+000 -1.747759e+000 -2.527854e-001 -1.255757e+000 -9.513211e-001 -9.655144e-001 -4.053936e-001 -2.003405e-002 6.463665e-002 -8.632458e-001 -2.324052e-001 1.263604e+000 6.603376e-003 3.164576e-001 6.957661e-001 
1.389934e+001 1.697262e+001 -4.392967e+000 4.692040e+000 6.383868e-001 1.284465e+000 -3.735756e+000 -3.145374e+000 -1.353695e+000 -2.376638e+000 -2.860017e+000 -2.376046e+000 -1.106757e+000 -1.316340e+000 1.212050e+000 3.632309e-001 -2.438007e+000 -2.784284e+000 1.049696e-001 -2.479382e-001 -1.044820e+000 -1.020171e+000 -1.745955e+000 -3.671619e-001 -1.094770e+000 -1.770554e+000 -1.003456e+000 -6.787280e-002 5.717662e-002 1.988618e-001 -3.941144e-001 1.129220e-002 1.254092e+000 -3.467766e-001 -1.044362e-001 8.589857e-002 
1.371179e+001 1.772141e+001 -4.294361e+000 3.658321e+000 2.413578e-001 1.251655e+000 -3.705910e+000 -2.495009e+000 -4.469293e-001 -2.581597e+000 -3.716995e+000 -2.607621e+000 -1.582136e+000 -1.163482e+000 1.102539e+000 9.740109e-001 -1.776822e+000 -3.051577e+000 2.585826e-002 -6.072312e-001 -8.738399e-001 -1.690124e+000 -1.697338e+000 6.956641e-003 -1.356810e+000 -1.220566e+000 -1.027757e+000 -9.427787e-003 4.233452e-001 8.038793e-002 -5.123179e-001 -2.183423e-001 1.083792e+000 -4.498087e-002 1.710289e-001 3.946514e-001 
1.846800e+001 2.023780e+001 -6.439108e+000 1.034142e+000 -3.248860e+000 1.430329e+000 -5.545415e+000 -4.673013e-001 4.980481e-002 -3.602146e+000 -3.886850e+000 -1.987674e+000 4.855012e-001 -1.756321e+000 6.249253e-002 7.338044e-002 -2.663770e+000 -2.285441e+000 7.850863e-001 -6.938770e-001 -5.954924e-001 -1.484730e+000 -2.382941e+000 -1.976381e-001 -8.972040e-001 -1.573288e+000 -1.049346e+000 -3.173088e-002 -3.973521e-001 2.552381e-002 -2.385490e-001 9.994952e-002 1.212292e+000 -5.523122e-002 1.526677e-001 -3.880566e-001 
2.079866e+001 2.114789e+001 -8.668324e+000 1.259408e+000 -4.048351e+000 2.596497e+000 -6.422598e+000 1.647045e+000 -2.270979e-001 -3.593251e+000 -3.560738e+000 -1.022419e+000 -1.577706e-002 -1.538918e+000 -5.169963e-001 -7.542566e-001 -2.759568e+000 -1.232368e+000 1.519850e+000 -8.625064e-001 1.511730e-001 -1.346469e+000 -1.790585e+000 -9.348843e-001 -1.171905e+000 -1.735797e+000 2.666105e-001 -3.894193e-001 -5.248815e-001 -3.258043e-002 -7.589871e-002 3.936078e-001 1.013156e+000 -1.005475e-001 -1.756114e-001 -1.827339e-001 
2.158271e+001 2.062387e+001 -1.010992e+001 1.273872e+000 -4.403248e+000 1.719428e+000 -6.782122e+000 6.919298e-001 1.172402e-001 -4.292637e+000 -2.439519e+000 -1.755969e+000 1.559761e-001 -2.136522e+000 -9.624916e-001 -1.161268e+000 -2.291989e+000 -9.715805e-001 1.906086e+000 -7.065400e-001 -7.919839e-001 -7.597912e-001 -1.886360e+000 -8.906991e-001 -1.970821e+000 -1.718641e+000 2.064188e-001 -3.778491e-001 -6.337012e-001 1.384494e-001 -4.160922e-001 1.885599e-001 8.699757e-001 -1.064579e-001 -5.800169e-001 8.843424e-002 
2.336634e+001 1.930431e+001 -9.764924e+000 1.753561e+000 -3.445439e+000 6.473588e-001 -6.039068e+000 3.982722e-001 7.175964e-001 -4.148844e+000 -1.462030e+000 -2.259785e+000 4.378068e-001 -2.213919e+000 -1.671568e+000 -8.919246e-001 -2.579335e+000 -2.800509e-001 1.716705e+000 -4.878308e-001 -8.561656e-001 -6.818251e-001 -1.829217e+000 -1.070374e+000 -2.430154e+000 -1.291681e+000 5.473512e-001 -4.525410e-001 -3.832764e-001 -1.615889e-003 1.769933e-002 2.191461e-001 6.670349e-001 1.455136e-002 -3.611749e-001 -4.308129e-002 
2.244217e+001 2.048167e+001 -1.215293e+001 2.908343e+000 -5.235619e+000 1.067590e+000 -6.998398e+000 6.572379e-001 -1.563047e-001 -4.244604e+000 -1.739288e+000 -2.452628e+000 9.512902e-002 -2.749376e+000 -1.724552e+000 -1.733168e+000 -2.081790e+000 -7.752365e-001 1.942835e+000 -7.134402e-001 -6.991530e-001 -1.347210e+000 -1.542147e+000 -1.401988e+000 -2.944418e+000 -1.051893e+000 6.457604e-002 -2.025359e-001 -6.698629e-001 1.132406e-002 -5.470109e-002 -1.110900e-002 4.391695e-001 6.008609e-002 -5.237452e-001 6.735285e-003 
2.264497e+001 1.999260e+001 -1.183652e+001 2.242333e+000 -4.808670e+000 4.161489e-001 -6.888199e+000 6.798012e-001 3.118278e-001 -4.656475e+000 -1.667822e+000 -2.152125e+000 -1.601410e-001 -2.298785e+000 -2.094460e+000 -1.699998e+000 -2.212135e+000 -5.966702e-001 1.603680e+000 -2.867762e-001 -9.975685e-001 -1.376793e+000 -1.202706e+000 -1.867320e+000 -2.845909e+000 -9.740142e-001 2.603967e-001 -3.529906e-001 -6.016229e-001 2.033761e-001 -3.055712e-001 2.069665e-001 3.990284e-001 9.435244e-002 -6.704160e-001 2.410925e-001 
2.471086e+001 1.783045e+001 -9.346277e+000 9.906942e-001 -3.934534e+000 2.123529e-001 -5.330031e+000 4.387467e-001 1.668111e+000 -4.455103e+000 -1.712378e+000 -1.642849e+000 3.194982e-001 -1.942223e+000 -2.346411e+000 -1.024432e+000 -2.739057e+000 -3.460421e-001 1.743973e+000 -5.754557e-002 -8.846565e-001 -8.667156e-001 -1.137140e+000 -2.043246e+000 -2.596002e+000 -7.383141e-001 5.738656e-001 -3.800655e-001 -4.540852e-001 2.194072e-001 -1.779245e-001 2.081775e-001 9.603003e-001 -5.500768e-002 -6.968347e-001 5.183830e-001 
2.401168e+001 1.643567e+001 -9.804695e+000 -5.060334e-001 -4.561374e+000 -8.262182e-001 -6.370518e+000 -6.217647e-001 1.153580e+000 -5.256828e+000 -2.409575e+000 -2.250807e+000 -5.419562e-001 -2.248542e+000 -2.414735e+000 -1.704015e+000 -2.994247e+000 -7.147938e-001 7.876032e-001 -1.230705e-001 -1.206789e+000 -1.474184e+000 -1.861100e+000 -2.501206e+000 -2.986841e+000 -9.869376e-001 5.877093e-001 -8.070846e-001 -6.996780e-001 -2.595438e-001 -1.872056e-001 1.717852e-001 6.769026e-001 -3.321105e-002 -1.037702e+000 4.418542e-001 
2.140605e+001 2.101335e+001 -1.126278e+001 2.618446e+000 -5.225542e+000 2.404403e+000 -7.203573e+000 1.435024e+000 2.080638e+000 -4.323825e+000 -1.892544e+000 -2.392433e+000 -4.585977e-002 -2.273768e+000 -8.150733e-001 -1.722910e+000 -2.577109e+000 -1.121410e+000 1.470875e+000 5.781972e-001 -3.216460e-001 -9.180192e-001 -1.733164e+000 -2.175365e+000 -2.764542e+000 -2.067526e-001 8.732435e-001 -5.884210e-001 -5.161131e-001 7.006030e-002 -3.446544e-001 7.660207e-001 8.905480e-001 8.968239e-002 -8.679034e-001 2.695216e-001 
2.362469e+001 1.709740e+001 -8.476450e+000 1.986703e-001 -3.139113e+000 -2.676495e-001 -5.688145e+000 4.480560e-001 2.261568e+000 -4.761826e+000 -1.778726e+000 -2.324354e+000 -5.676978e-001 -7.719630e-001 -1.888506e+000 -1.183647e+000 -2.763832e+000 -1.278630e+000 1.300192e+000 7.050504e-001 -7.679633e-001 -1.108925e+000 -1.770712e+000 -2.461670e+000 -2.505361e+000 -5.228008e-001 8.195201e-001 -4.006816e-001 -2.457734e-001 -3.415220e-001 -1.583883e-001 5.427747e-001 7.185037e-001 2.243552e-001 -9.834580e-001 9.429752e-002 
2.195593e+001 1.938174e+001 -1.112616e+001 2.404048e+000 -5.099120e+000 7.350306e-001 -6.098114e+000 7.099739e-001 1.845249e+000 -5.004345e+000 -1.281137e+000 -2.510905e+000 -4.853563e-001 -1.489061e+000 -8.095969e-001 -1.055470e+000 -2.627646e+000 -1.112544e+000 1.330901e+000 1.117605e+000 -4.093123e-001 -8.613339e-001 -1.975935e+000 -2.076497e+000 -2.331342e+000 -6.401754e-001 5.678623e-001 -4.119824e-001 -1.637729e-001 -4.673374e-001 -1.735389e-001 4.373288e-001 6.999899e-001 1.948017e-001 -8.880948e-001 -2.900324e-001 
2.184563e+001 1.896802e+001 -1.001567e+001 1.755633e+000 -4.876730e+000 2.534178e-001 -5.952836e+000 4.783581e-001 2.148992e+000 -5.195620e+000 -2.165630e+000 -2.012762e+000 -8.495312e-001 -1.619868e+000 -6.373697e-001 -1.473811e+000 -2.876397e+000 -8.622091e-001 1.088319e+000 7.836437e-001 -1.686483e-001 -1.268919e+000 -1.794392e+000 -1.916395e+000 -2.617464e+000 -2.807395e-001 1.883165e-001 -6.025581e-001 -7.267526e-002 -2.568632e-001 -9.710573e-002 2.364569e-001 8.912718e-001 2.644555e-002 -7.404389e-001 -1.373797e-001 
2.174847e+001 1.816066e+001 -8.476584e+000 6.578204e-001 -3.762835e+000 -6.919643e-001 -5.480026e+000 7.071222e-001 2.265754e+000 -4.457612e+000 -2.583859e+000 -2.070518e+000 -6.047996e-001 -1.374283e+000 -7.379520e-001 -9.625485e-001 -2.792423e+000 -8.834250e-001 1.481787e+000 8.523365e-001 -1.759855e-001 -9.460534e-001 -1.734213e+000 -1.998519e+000 -2.330181e+000 -4.808065e-001 2.356939e-001 -6.316560e-001 -3.846064e-001 -6.260495e-002 -1.171905e-001 2.394275e-001 9.484890e-001 -1.409947e-001 -8.058239e-001 -4.275253e-002 
1.905115e+001 2.013833e+001 -9.508251e+000 1.438264e+000 -5.022397e+000 -5.622804e-001 -5.993330e+000 1.132504e+000 1.264302e+000 -4.421148e+000 -3.123840e+000 -1.991334e+000 -2.629414e-001 -2.210055e+000 -2.467277e-001 -1.500583e+000 -2.978631e+000 -8.654316e-001 1.605058e+000 1.919200e-001 -1.219927e-001 -1.180156e+000 -1.957824e+000 -1.876178e+000 -2.423300e+000 -4.423524e-001 -1.486378e-001 -8.738767e-001 -2.239084e-001 3.055953e-001 -3.820509e-001 1.334631e-002 8.570329e-001 7.621258e-002 -7.919998e-001 -1.404975e-001 
