-3.945484e+000 1.771129e+001 -1.933951e+000 1.037122e+000 2.741671e+000 3.159045e+000 -2.195856e+000 -1.187437e+000 5.644684e-001 -1.151513e+000 -8.077834e-001 -1.444030e+000 1.283666e+000 -5.131121e-001 2.334673e-001 1.668713e+000 4.494522e-001 -1.178455e+000 -6.819040e-001 7.608097e-001 -3.613620e-001 -3.793644e-001 -5.292018e-001 -5.324789e-001 
1.570431e+000 1.340137e+001 -2.583246e+000 4.567009e+000 9.757233e-001 5.942808e+000 -2.914155e+000 2.593747e-001 6.841463e-001 -8.974180e-001 -1.390248e+000 -1.805096e+000 1.535217e+000 -1.063116e+000 5.095942e-001 4.068269e-001 3.132575e-001 -1.555727e+000 -1.087775e+000 1.503419e-001 -2.160089e-001 -3.753477e-001 -5.057153e-001 -3.463389e-001 
5.438922e+000 8.993595e+000 -2.913923e+000 5.503946e+000 -1.510616e+000 4.740838e+000 -3.055728e+000 -4.921456e-002 3.493858e-001 -4.353657e-001 -5.799681e-001 -1.726672e+000 1.485256e+000 -7.512717e-001 8.642157e-001 1.793025e-001 3.338306e-001 -6.345629e-001 -7.614544e-001 3.404282e-001 -3.613219e-001 -1.188942e-002 -2.727345e-001 6.676807e-002 
7.347091e+000 8.518792e+000 -3.691636e+000 8.624608e+000 -1.824715e+000 6.705782e+000 -2.611188e+000 1.548079e-001 -2.384607e-001 -1.681258e+000 -2.153425e+000 -2.296415e+000 1.160583e+000 -9.758819e-002 2.014117e+000 -2.969476e-001 7.537945e-001 -1.202514e+000 -1.105046e+000 -1.443169e+000 -5.244988e-002 -4.218003e-001 7.411803e-002 -1.450901e-001 
7.280468e+000 7.564697e+000 -5.224460e+000 7.391167e+000 -1.997415e+000 6.140001e+000 -2.267280e+000 5.698146e-001 1.205934e+000 -3.010502e-001 -1.894071e+000 -2.599686e+000 1.013382e+000 -9.964383e-001 5.295075e-001 -6.367576e-001 2.959493e-002 -7.224238e-001 -8.502379e-001 2.223052e-001 -3.940213e-001 6.584607e-002 -2.520429e-001 2.045124e-001 
7.713725e+000 7.796576e+000 -6.184850e+000 6.222712e+000 -1.160302e+000 6.371110e+000 -1.729280e+000 -2.989180e-001 1.141325e+000 9.041062e-001 -8.249968e-001 -7.638104e-001 1.402377e+000 -1.274923e+000 -1.633161e+000 -9.169316e-001 5.010532e-001 -1.496220e-001 -1.690405e+000 1.046885e-001 -4.173981e-001 -5.594347e-001 -8.083131e-001 2.875862e-001 
7.542030e+000 1.014664e+001 -5.885643e+000 6.371566e+000 -1.175266e-001 6.534725e+000 -2.033083e+000 -1.318693e+000 1.632647e+000 -3.484478e-001 -9.402402e-001 -2.608750e+000 2.130130e+000 -9.915566e-001 -1.105497e+000 4.168294e-002 8.087440e-001 -9.025063e-002 -2.128016e+000 2.116862e-001 -4.881745e-001 -1.020552e+000 -1.199890e+000 5.435802e-001 
5.675268e+000 1.310606e+001 -7.064495e+000 6.624833e+000 4.063433e-001 6.780509e+000 -1.943999e+000 -2.037217e+000 2.522692e+000 -1.109620e+000 -2.368222e-001 -3.218590e+000 2.366232e+000 -1.011699e+000 1.235054e-001 -3.421474e-001 -3.503918e-002 -6.128221e-001 -2.917337e+000 4.649421e-001 -9.641931e-001 -2.310007e-001 -7.746378e-001 1.286847e+000 
5.717481e+000 1.372141e+001 -5.770910e+000 4.406891e+000 2.552244e+000 7.041578e+000 -1.334417e+000 -1.728931e+000 1.880084e+000 -2.850562e-001 -1.141130e+000 -2.580667e+000 1.598954e+000 -1.298964e+000 -9.023303e-001 -2.698585e-001 1.261696e-001 -7.031388e-001 -2.169211e+000 4.466475e-001 -7.031796e-001 -4.993702e-001 2.549251e-001 1.018998e+000 
5.440263e+000 1.587432e+001 -6.721596e+000 5.002856e+000 2.318032e+000 7.344424e+000 -2.324393e+000 -2.905505e+000 2.068124e+000 -9.483574e-001 -1.841396e+000 -2.644237e+000 2.828616e+000 -2.095107e+000 -8.812013e-002 1.066023e+000 1.477890e-001 -3.446165e-001 -1.608600e+000 2.672748e-001 -1.951800e+000 -3.600396e-001 -1.427907e-002 1.565724e-001 
5.079226e+000 1.672185e+001 -7.604304e+000 5.415980e+000 2.991048e+000 6.721459e+000 -1.873271e+000 -3.629388e+000 2.142388e+000 -1.380003e+000 -2.350035e+000 -2.069672e+000 3.535379e+000 -2.794277e+000 3.252573e-002 1.704415e+000 -1.943524e-001 -2.794782e-001 -1.659676e+000 -7.263711e-002 -2.307294e+000 1.489280e-002 6.409452e-001 -4.663612e-001 
5.819210e+000 1.519896e+001 -7.032783e+000 3.992423e+000 3.499271e+000 6.499625e+000 -2.378526e+000 -2.402006e+000 9.447139e-001 -8.894009e-001 -2.214946e+000 -2.041763e+000 3.063069e+000 -2.501289e+000 -3.254960e-001 1.294346e+000 1.563844e-001 -1.971766e-001 -1.696074e+000 -3.020264e-001 -1.473012e+000 -2.617225e-001 2.750245e-001 -7.120922e-002 
5.383836e+000 1.533123e+001 -7.473372e+000 4.867847e+000 3.831123e+000 6.957376e+000 -2.332560e+000 -3.090790e+000 1.252083e+000 -4.065776e-001 -1.427729e+000 -1.624697e+000 3.335052e+000 -3.390570e+000 -1.017866e+000 5.108172e-001 -1.168284e-001 -2.526032e-001 -1.799119e+000 4.927414e-001 -1.661397e+000 5.005007e-002 1.685344e-001 -1.706192e-001 
5.761262e+000 1.484163e+001 -7.764111e+000 4.162735e+000 3.949396e+000 7.124379e+000 -1.233765e+000 -2.737788e+000 1.800421e+000 -1.874556e-001 -1.583402e+000 -1.410809e+000 2.210107e+000 -2.513081e+000 -9.853241e-001 5.485119e-001 -8.321530e-002 -1.056868e+000 -1.742690e+000 6.211971e-002 -1.334512e+000 -5.376895e-002 6.045353e-001 -6.263283e-002 
4.606885e+000 1.590917e+001 -8.110770e+000 4.488935e+000 3.176470e+000 8.109988e+000 -5.784932e-001 -2.941433e+000 2.346937e+000 -7.359299e-001 -1.913391e+000 -2.518840e+000 2.875420e+000 -4.059857e+000 -1.144644e+000 1.249207e+000 -3.465356e-001 -9.829161e-001 -1.290167e+000 7.481177e-001 -1.902883e+000 7.115504e-001 5.086205e-001 -2.356188e-001 
5.757615e+000 1.645369e+001 -7.647777e+000 5.517608e+000 2.475909e+000 7.230814e+000 -1.475467e+000 -4.546087e+000 1.783657e+000 -7.302685e-001 -1.647205e+000 -1.505379e+000 3.278097e+000 -3.425576e+000 -9.630983e-001 1.114916e+000 2.840818e-001 -5.096982e-001 -2.340421e+000 3.332391e-001 -1.716487e+000 -1.084030e-001 4.966199e-001 1.954898e-001 
6.262686e+000 1.588141e+001 -6.413894e+000 4.951797e+000 3.966314e+000 6.238911e+000 -1.281991e+000 -4.176042e+000 7.716675e-001 -4.702209e-001 -2.102616e+000 -4.672013e-001 2.234366e+000 -3.111243e+000 -1.157866e+000 1.120300e+000 4.648792e-001 -1.526660e-001 -2.205513e+000 -2.900374e-001 -9.684301e-001 -7.547354e-001 7.555101e-001 -5.312267e-001 
7.002475e+000 1.630686e+001 -7.599788e+000 4.995420e+000 3.342849e+000 5.454097e+000 -1.084650e+000 -3.767248e+000 1.422701e+000 1.871343e-001 -1.875659e+000 -1.050267e+000 2.320490e+000 -3.424656e+000 -1.363039e+000 8.564484e-001 5.026025e-002 -6.104177e-001 -1.760739e+000 4.766929e-002 -8.053935e-001 -2.976341e-001 4.352754e-001 -6.079101e-001 
7.076202e+000 1.649506e+001 -6.579790e+000 4.733518e+000 3.316671e+000 6.306079e+000 -1.980872e+000 -5.218916e+000 8.990113e-001 1.140643e+000 -2.916209e+000 -1.351593e+000 2.885227e+000 -2.932011e+000 -1.799659e+000 1.627181e+000 9.697209e-001 -1.086401e+000 -1.598582e+000 -3.203937e-001 -5.753636e-001 -1.227751e+000 2.397037e-001 -5.065617e-001 
9.193136e+000 1.409460e+001 -4.958918e+000 2.897658e+000 4.315805e+000 4.642405e+000 -1.351972e+000 -5.223487e+000 6.601323e-001 9.565390e-001 -3.184758e+000 -5.189745e-001 1.934108e+000 -2.097665e+000 -1.664002e+000 1.516433e+000 8.923270e-001 -1.275001e+000 -1.796695e+000 -2.573599e-001 -6.103400e-001 -9.627817e-001 3.498863e-001 -3.356251e-001 
7.817166e+000 1.350627e+001 -6.595661e+000 3.581035e+000 3.526028e+000 4.372304e+000 -2.017050e+000 -5.524474e+000 4.437691e-001 3.368709e-001 -3.213392e+000 -4.323065e-001 1.659769e+000 -3.021529e+000 -1.203450e+000 1.390738e+000 3.909652e-001 -6.475540e-001 -1.552697e+000 -2.312774e-003 -7.715133e-001 -1.441466e+000 3.605443e-001 -1.007268e+000 
1.174540e+001 1.155874e+001 -1.410158e+000 9.679086e-001 4.348909e+000 2.629086e+000 -8.914778e-001 -1.940102e+000 8.654681e-001 4.630320e-001 -1.916668e+000 -4.359661e-001 3.881460e-001 -1.268305e+000 -1.003445e+000 4.573165e-001 6.349495e-001 -5.095768e-001 -8.371123e-001 3.101360e-001 6.693468e-001 -6.437403e-003 1.016635e-001 3.923762e-001 
-3.901721e+000 1.874304e+001 -1.321632e+000 1.907436e+000 2.561340e+000 3.070681e+000 -1.836584e+000 -4.341824e-002 1.479946e+000 -1.294467e+000 -1.555181e+000 -3.056787e+000 9.540956e-001 -1.416886e+000 -3.436162e-002 9.847922e-001 -1.447583e-002 -1.306976e+000 -8.743593e-001 4.081008e-001 -8.658568e-001 -5.228555e-001 -8.582463e-001 -4.322554e-001 
1.174727e+000 1.236703e+001 -1.412147e+000 4.771022e+000 1.725649e+000 5.526254e+000 -2.765933e+000 6.657579e-001 1.605866e+000 -2.324890e-001 -6.825392e-001 -1.621048e+000 1.335087e+000 -1.338616e+000 1.494609e-001 6.912066e-002 -3.037779e-001 -1.499521e+000 -1.644688e+000 1.036291e-001 -7.146202e-001 -3.608947e-001 -5.377256e-001 -2.073370e-001 
5.451818e+000 9.549228e+000 -2.374357e+000 6.860799e+000 -4.746577e-001 5.931003e+000 -2.743353e+000 1.418702e+000 7.812904e-001 -5.362813e-001 -2.103410e+000 -2.868645e+000 7.853493e-001 -7.498376e-001 1.083967e+000 3.342696e-001 4.881437e-001 -1.440871e+000 -1.141322e+000 -4.378604e-001 -1.450165e-001 -4.633526e-001 -3.519158e-001 -1.876333e-001 
7.694695e+000 8.616029e+000 -3.563666e+000 8.509120e+000 -2.471403e+000 5.601680e+000 -4.071393e+000 7.648768e-002 3.244954e-001 -8.878586e-001 -1.908357e+000 -2.137379e+000 8.078621e-001 -7.342835e-001 1.170807e+000 -6.206253e-001 6.681751e-001 -1.003226e+000 -5.385575e-001 -8.710142e-001 2.913266e-001 -7.392154e-001 -3.298963e-001 -2.922260e-001 
7.413108e+000 7.771693e+000 -4.774198e+000 8.267255e+000 -2.117390e+000 5.724555e+000 -3.547890e+000 -1.058892e+000 1.219785e-001 -7.772684e-001 -1.832897e+000 -2.189726e+000 1.204838e+000 -7.940438e-001 7.849678e-001 -2.112521e-001 5.411118e-001 -2.263006e-001 -6.576440e-001 6.273750e-002 -7.912195e-001 -3.669128e-001 -5.321707e-001 8.538008e-002 
7.710063e+000 7.816469e+000 -5.634929e+000 6.534936e+000 -7.887822e-001 6.594062e+000 -1.602174e+000 -6.651148e-001 6.955655e-001 -1.865829e-002 -1.467607e+000 -1.464145e+000 9.354411e-001 -1.079953e+000 -1.174231e+000 -5.500662e-001 8.619555e-001 1.208014e-001 -1.584104e+000 6.887414e-002 -5.132570e-001 -6.915031e-001 -7.365424e-001 1.844577e-001 
8.514172e+000 1.096503e+001 -4.969590e+000 6.513219e+000 3.985698e-001 6.580962e+000 -2.067183e+000 -1.551215e+000 1.333299e+000 -6.810946e-001 -1.034030e+000 -2.328805e+000 2.259756e+000 -6.197317e-001 -1.096685e+000 -3.124318e-002 5.159369e-001 -5.008115e-001 -2.493593e+000 6.599093e-002 -1.295399e-001 -7.273992e-001 -6.389469e-001 7.388962e-001 
6.282436e+000 1.335457e+001 -5.878604e+000 7.146387e+000 1.523725e+000 6.925245e+000 -2.172217e+000 -2.188827e+000 1.770723e+000 -1.050362e+000 -6.346693e-001 -3.375700e+000 1.585076e+000 -1.432789e+000 -1.394700e-001 -1.382639e-001 9.171558e-001 1.500110e-001 -2.228433e+000 4.586017e-001 -1.290147e+000 -9.263377e-001 -1.419065e+000 9.509797e-001 
6.004343e+000 1.554990e+001 -5.958818e+000 5.412393e+000 1.796931e+000 6.855301e+000 -2.195299e+000 -2.598673e+000 1.252193e+000 -1.050952e+000 -8.782395e-001 -3.043764e+000 2.335001e+000 -1.330526e+000 -5.298280e-001 2.051174e-001 4.821917e-001 -1.089226e-001 -2.225282e+000 4.455225e-001 -1.403779e+000 -7.573676e-001 -4.023839e-001 9.085304e-001 
5.420822e+000 1.504451e+001 -6.239863e+000 4.767809e+000 3.099439e+000 7.420734e+000 -2.128710e+000 -2.237182e+000 2.188632e+000 -5.674297e-001 -1.976230e+000 -2.736056e+000 2.630382e+000 -2.284538e+000 -4.619618e-001 1.214988e+000 1.094695e-001 -3.407450e-001 -1.697435e+000 -1.356457e-001 -1.803229e+000 -5.353279e-001 5.673013e-002 1.843376e-001 
5.216980e+000 1.438830e+001 -7.605496e+000 4.190172e+000 3.882537e+000 6.872328e+000 -9.267226e-001 -1.956309e+000 2.958737e+000 4.365162e-001 -2.350350e+000 -1.587405e+000 2.537544e+000 -2.931203e+000 -1.147884e+000 1.225400e+000 -4.413610e-001 -5.628727e-001 -1.418042e+000 -4.886037e-001 -1.779362e+000 -4.130063e-001 7.061834e-001 -5.154987e-001 
5.941446e+000 1.599439e+001 -7.212887e+000 4.139635e+000 3.331011e+000 6.568123e+000 -2.298382e+000 -2.043427e+000 1.846323e+000 -5.443384e-001 -1.820157e+000 -2.104448e+000 3.017612e+000 -3.156858e+000 -5.671172e-001 7.779712e-001 1.108752e-002 7.541783e-002 -1.752312e+000 -3.049048e-002 -1.475920e+000 -3.760869e-001 4.595172e-002 -1.023721e-001 
5.240502e+000 1.567086e+001 -7.093816e+000 4.794796e+000 4.217333e+000 6.964576e+000 -2.260809e+000 -3.008416e+000 9.223984e-001 -7.915752e-001 -2.142636e+000 -2.060619e+000 2.945177e+000 -2.760438e+000 -4.341463e-001 1.415926e+000 5.164544e-001 -8.496627e-002 -1.720111e+000 -1.824388e-001 -1.962967e+000 -2.471336e-001 1.785541e-001 5.530378e-002 
6.076058e+000 1.657756e+001 -6.931060e+000 5.387650e+000 3.837799e+000 6.606621e+000 -2.781199e+000 -3.726059e+000 6.971213e-001 -7.445940e-001 -1.516263e+000 -1.703292e+000 2.783998e+000 -2.709897e+000 -7.120574e-001 1.338604e+000 6.473904e-001 -1.377345e-001 -1.667319e+000 -3.800521e-002 -2.004315e+000 -5.290596e-001 2.196103e-002 -1.277994e-001 
5.878290e+000 1.692344e+001 -6.607518e+000 4.838012e+000 2.943492e+000 7.075997e+000 -2.353889e+000 -4.182728e+000 1.240630e+000 -8.649064e-001 -1.842282e+000 -1.830677e+000 3.251341e+000 -3.148509e+000 -8.327563e-001 2.033637e+000 2.183939e-001 -9.211057e-001 -1.530799e+000 -1.438015e-001 -2.160668e+000 1.579076e-001 6.253294e-001 -2.368191e-001 
5.851311e+000 1.585721e+001 -6.682776e+000 5.191393e+000 3.159409e+000 7.267362e+000 -1.754998e+000 -4.672981e+000 1.070703e+000 -1.792106e-001 -1.833446e+000 -1.062937e+000 2.604943e+000 -3.343878e+000 -1.239378e+000 1.396765e+000 6.737722e-001 -3.548842e-001 -2.103445e+000 -2.384508e-001 -1.661798e+000 -5.003569e-001 7.060947e-001 2.849722e-001 
6.902485e+000 1.533440e+001 -6.245265e+000 4.136418e+000 3.664348e+000 5.503397e+000 -1.098775e+000 -4.424109e+000 4.898867e-001 -6.021392e-001 -2.662512e+000 -3.230620e-001 2.163779e+000 -2.788178e+000 -1.092160e+000 1.348746e+000 6.100691e-001 -2.855159e-001 -1.940581e+000 -3.088451e-001 -1.050068e+000 -9.311537e-001 5.576621e-001 -8.224178e-001 
7.538827e+000 1.594418e+001 -7.202560e+000 5.354420e+000 3.096233e+000 5.318526e+000 -1.268165e+000 -4.253500e+000 1.263908e+000 1.392374e-001 -2.232982e+000 -5.731500e-001 2.285216e+000 -3.043234e+000 -9.407841e-001 1.023203e+000 1.343802e-001 -5.311323e-001 -1.969864e+000 -1.258451e-001 -9.716665e-001 -4.466795e-001 4.627823e-001 -6.909706e-001 
7.537151e+000 1.641808e+001 -6.645494e+000 4.580402e+000 2.644892e+000 6.141351e+000 -1.712986e+000 -4.915026e+000 1.325987e+000 1.099039e+000 -2.868287e+000 -1.404384e+000 2.574008e+000 -2.668731e+000 -1.851075e+000 1.336457e+000 9.367356e-001 -1.073803e+000 -1.862711e+000 -1.424478e-001 -2.683300e-001 -1.374990e+000 3.189254e-001 -4.796526e-001 
9.091933e+000 1.379618e+001 -4.944349e+000 3.188332e+000 4.875514e+000 5.155543e+000 -1.052348e+000 -4.861959e+000 7.382927e-001 5.505976e-001 -3.589637e+000 -9.580174e-001 1.696738e+000 -1.854810e+000 -1.352294e+000 1.735775e+000 1.151310e+000 -1.183834e+000 -2.185807e+000 -5.015287e-001 -6.436281e-001 -1.097354e+000 5.119086e-001 -9.351393e-002 
