1.368695e+001 1.420510e+001 -3.543657e+000 2.952804e+000 -4.098362e+000 -8.788516e-001 -1.940505e+000 2.266523e+000 9.153904e-001 -2.712247e-001 -1.378823e+000 -6.430449e-001 
1.402625e+001 1.345125e+001 -2.749239e+000 2.644744e+000 -3.491157e+000 -1.227965e+000 -1.661336e+000 1.633965e+000 1.380669e+000 -4.475155e-001 -1.174333e+000 -6.574330e-001 
1.342560e+001 1.403416e+001 -3.058375e+000 2.892100e+000 -3.854350e+000 -6.516052e-001 -2.198884e+000 2.082957e+000 1.022714e+000 -1.567735e-001 -1.219817e+000 -4.750578e-001 
1.551526e+001 1.160058e+001 -1.376673e+000 6.091272e-001 -2.103880e+000 -1.874804e+000 -9.192126e-001 1.245003e+000 1.577587e+000 -6.298252e-001 -9.317415e-001 -3.820091e-001 
1.494260e+001 1.248564e+001 -2.481579e+000 1.014616e+000 -2.886012e+000 -1.863806e+000 -6.052697e-001 1.743869e+000 1.087363e+000 -4.771405e-001 -5.431778e-001 -7.882454e-001 
1.507669e+001 1.186866e+001 -1.216407e+000 -4.268775e-001 -2.630756e+000 -2.283982e+000 -1.994239e-001 1.654075e+000 1.386364e+000 -4.607499e-001 -6.594150e-001 -8.300627e-001 
1.291291e+001 1.416437e+001 -2.204226e+000 1.418422e-001 -4.007581e+000 -1.293343e+000 -9.080881e-001 2.176756e+000 1.650003e+000 -2.739076e-001 -9.137188e-001 -6.788947e-001 
1.463975e+001 1.207659e+001 -1.716703e+000 -1.988693e-001 -2.587144e+000 -2.296064e+000 -4.574999e-001 1.588957e+000 2.049113e+000 -2.452546e-001 -1.049734e+000 -7.237434e-001 
1.331443e+001 1.302837e+001 -3.662204e+000 2.125232e+000 -2.814778e+000 -1.272520e+000 -1.505096e+000 2.067718e+000 5.960451e-001 2.333661e-001 -9.219550e-001 -6.136475e-001 
1.305586e+001 1.318387e+001 -4.011165e+000 2.447226e+000 -2.959055e+000 -4.861184e-001 -2.088478e+000 2.427475e+000 9.089640e-002 4.358983e-001 -1.071477e+000 -3.316561e-001 
1.302926e+001 1.301071e+001 -3.764017e+000 2.286287e+000 -2.887821e+000 3.276793e-001 -1.886633e+000 2.049098e+000 1.201061e-001 2.106466e-001 -1.199003e+000 3.678942e-002 
1.293713e+001 1.381063e+001 -4.231756e+000 1.874979e+000 -2.825094e+000 6.030998e-001 -1.729164e+000 2.020314e+000 -1.049519e-002 -2.802162e-001 -1.005298e+000 -2.232079e-002 
1.381449e+001 1.276549e+001 -2.683353e+000 -6.987800e-002 -1.634370e+000 -3.836188e-001 -3.054180e-001 1.297685e+000 2.483859e-001 -8.777356e-001 -7.673826e-001 1.116198e-001 
1.433692e+001 1.210494e+001 -2.051455e+000 -9.271822e-001 -1.062484e+000 -6.247239e-001 5.328745e-002 1.332744e+000 1.066349e-001 -7.158322e-001 -9.603615e-001 1.574199e-001 
1.269660e+001 1.403408e+001 -3.394386e+000 2.770232e-001 -1.788891e+000 7.977328e-002 -4.086451e-001 1.470962e+000 -8.726333e-002 -6.072498e-001 -1.203965e+000 3.600572e-001 
1.330907e+001 1.269431e+001 -1.987697e+000 -4.480078e-001 -1.073577e+000 -5.140887e-001 -9.667490e-002 1.176310e+000 5.654446e-002 -8.111843e-001 -8.499632e-001 1.445916e-001 
1.249415e+001 1.351318e+001 -2.351971e+000 -1.281158e-001 -1.123892e+000 -4.995026e-001 -2.435296e-001 1.081612e+000 1.039064e-001 -7.454390e-001 -8.190452e-001 1.744850e-001 
1.161734e+001 1.449273e+001 -2.946645e+000 4.726506e-001 -1.752485e+000 1.827017e-002 -5.401327e-001 1.176737e+000 -5.928135e-002 -5.638242e-001 -9.802951e-001 3.763868e-001 
1.203564e+001 1.358654e+001 -2.182920e+000 -1.281292e-001 -1.007855e+000 -5.479290e-001 -2.862660e-001 8.257851e-001 2.106438e-001 -8.290578e-001 -9.453926e-001 3.616741e-001 
1.117499e+001 1.442433e+001 -3.046957e+000 1.251297e+000 -1.863085e+000 -8.560877e-003 -6.523682e-001 9.838427e-001 -2.986747e-002 -4.721728e-001 -9.891327e-001 4.461510e-001 
1.467218e+001 1.043720e+001 -4.554229e-001 -7.293983e-001 -4.230937e-001 -8.590074e-001 -2.028113e-001 5.692493e-001 3.038343e-001 -7.083464e-001 -6.184203e-001 5.817740e-002 
1.702103e+001 1.026571e+001 -3.065637e-001 -5.589251e-001 -1.938439e+000 -2.054443e+000 -3.279410e-001 1.237863e+000 1.015182e+000 -7.542001e-001 -9.095289e-001 -4.611310e-001 
1.464093e+001 1.258489e+001 -2.060440e+000 1.882953e+000 -2.930679e+000 -1.718043e+000 -1.186571e+000 1.334043e+000 1.573806e+000 -7.208840e-001 -9.997965e-001 -6.907626e-001 
1.458704e+001 1.212253e+001 -1.301857e+000 1.523175e+000 -2.692253e+000 -1.878425e+000 -1.093700e+000 1.198708e+000 1.643366e+000 -6.556611e-001 -9.150656e-001 -7.267603e-001 
1.454931e+001 1.218775e+001 -1.536508e+000 1.161510e+000 -2.378203e+000 -1.753692e+000 -1.239884e+000 1.285441e+000 1.621005e+000 -6.430637e-001 -8.547071e-001 -5.263434e-001 
1.501432e+001 1.177319e+001 -1.829300e+000 7.694069e-001 -2.264400e+000 -2.063540e+000 -8.037010e-001 1.521681e+000 1.391062e+000 -4.735098e-001 -9.209379e-001 -6.030231e-001 
1.462361e+001 1.220195e+001 -2.021387e+000 6.643351e-001 -2.926973e+000 -2.240836e+000 -3.595734e-001 1.689436e+000 1.246108e+000 -5.222900e-001 -5.694959e-001 -1.033608e+000 
1.389534e+001 1.298451e+001 -1.797686e+000 -1.903606e-001 -3.046651e+000 -1.923590e+000 -5.484636e-001 1.773865e+000 1.681503e+000 -5.115210e-001 -7.608855e-001 -7.761208e-001 
1.249620e+001 1.431612e+001 -2.633135e+000 6.794426e-001 -4.170113e+000 -1.300472e+000 -1.158385e+000 2.339812e+000 1.795167e+000 -7.776081e-003 -1.185977e+000 -7.502964e-001 
1.358782e+001 1.323330e+001 -3.561279e+000 1.574848e+000 -2.931573e+000 -1.457332e+000 -1.015028e+000 1.763046e+000 1.318568e+000 -1.190475e-001 -8.437824e-001 -6.883115e-001 
1.398182e+001 1.181619e+001 -2.607764e+000 9.677688e-001 -1.746688e+000 -2.064342e+000 -9.379408e-001 1.625513e+000 1.038242e+000 -1.138011e-001 -6.645870e-001 -6.900173e-001 
1.354189e+001 1.228529e+001 -3.084378e+000 1.617037e+000 -2.129252e+000 -7.137324e-001 -1.296451e+000 1.500847e+000 6.270291e-001 -3.210167e-002 -8.590063e-001 -2.169101e-001 
1.447251e+001 1.121722e+001 -2.067790e+000 4.182855e-001 -1.362061e+000 -8.676410e-001 -6.495112e-001 1.109871e+000 8.603505e-001 -5.623401e-001 -7.259559e-001 -1.682862e-001 
1.290778e+001 1.373092e+001 -4.057010e+000 1.272066e+000 -2.600651e+000 5.365677e-001 -1.345010e+000 1.965406e+000 -4.151867e-002 -3.579580e-001 -9.980133e-001 1.207179e-001 
1.284311e+001 1.379062e+001 -3.510249e+000 6.257475e-001 -2.079256e+000 1.411552e-001 -6.260210e-001 1.711819e+000 -1.093715e-001 -5.288084e-001 -1.056022e+000 1.970909e-001 
1.294244e+001 1.369864e+001 -3.318566e+000 2.289146e-001 -1.966433e+000 2.511658e-001 -6.026836e-001 1.840601e+000 -3.911116e-001 -3.111481e-001 -1.368500e+000 4.058818e-001 
1.209449e+001 1.451802e+001 -3.598891e+000 7.036601e-001 -2.100996e+000 3.990754e-001 -7.420513e-001 1.706419e+000 -3.319955e-001 -4.507443e-001 -1.254861e+000 3.438608e-001 
1.186081e+001 1.430598e+001 -3.408580e+000 7.901426e-001 -1.923507e+000 1.538898e-001 -7.174486e-001 1.614546e+000 -3.378608e-001 -4.392300e-001 -9.876218e-001 1.858705e-001 
1.131618e+001 1.462628e+001 -3.191252e+000 6.964535e-001 -1.917230e+000 9.261596e-002 -6.445912e-001 1.349789e+000 -2.523480e-001 -3.905871e-001 -1.033435e+000 3.409225e-001 
1.151999e+001 1.424028e+001 -2.828404e+000 2.381484e-001 -1.525045e+000 -1.066731e-001 -4.531222e-001 1.121415e+000 1.776626e-002 -5.901113e-001 -1.060601e+000 4.679542e-001 
1.079416e+001 1.473583e+001 -3.204859e+000 1.143473e+000 -1.976439e+000 1.602401e-001 -8.784820e-001 1.361524e+000 -2.387115e-001 -4.402112e-001 -1.073758e+000 5.025332e-001 
1.068068e+001 1.477998e+001 -3.584263e+000 1.602833e+000 -1.883612e+000 8.156779e-002 -8.898978e-001 1.176460e+000 -1.686056e-001 -2.522359e-001 -1.000316e+000 4.533854e-001 
