9.665664e+000 1.056558e+001 -1.354333e+000 2.527526e+000 1.882540e+000 2.030620e+000 -1.667426e+000 6.412041e-001 7.500327e-002 -5.612706e-001 -1.544889e+000 3.769478e-001 
8.304763e+000 1.118375e+001 -1.193358e+000 2.759193e+000 1.946624e+000 1.980018e+000 -1.640854e+000 1.029241e+000 6.026687e-002 -4.716916e-001 -1.442623e+000 5.385604e-002 
7.452442e+000 1.039835e+001 -9.703082e-001 1.897854e+000 2.237570e+000 1.969648e+000 -1.523746e+000 1.311526e+000 1.208483e-001 -8.510312e-001 -1.442116e+000 2.019119e-001 
7.572642e+000 1.099011e+001 -1.254155e+000 1.635920e+000 2.671546e+000 1.678385e+000 -1.173377e+000 1.088858e+000 7.414912e-001 -1.111218e+000 -1.595607e+000 2.288915e-001 
7.327766e+000 1.098737e+001 -7.916386e-001 7.892471e-001 3.118161e+000 1.582814e+000 -1.390581e+000 1.509165e+000 1.299762e+000 -1.007323e+000 -1.482423e+000 6.318954e-001 
6.949132e+000 9.761569e+000 5.183492e-001 1.403482e+000 1.582328e+000 1.644732e+000 -2.523644e+000 1.928646e+000 1.115405e+000 -1.130256e+000 -1.140925e+000 2.200884e-001 
5.870821e+000 7.253266e+000 1.033901e+000 1.608892e+000 4.292930e-001 1.639009e+000 -1.875558e+000 1.475755e+000 1.110859e+000 -5.800265e-001 -7.856807e-001 -6.372638e-003 
6.969412e+000 6.595787e+000 2.079062e+000 2.013168e+000 1.406556e-001 1.406949e+000 -1.452818e+000 1.047047e+000 6.544539e-001 -3.956052e-001 -8.336863e-001 -4.093555e-001 
8.110702e+000 6.872679e+000 1.192955e+000 1.981320e+000 -6.145661e-002 1.126193e+000 -1.844165e+000 8.708059e-001 -2.898922e-001 -3.111730e-001 -8.880587e-001 -7.814126e-003 
6.857680e+000 5.829656e+000 1.220079e+000 2.669533e+000 9.909941e-001 1.171449e+000 -1.691734e+000 1.189765e+000 9.564633e-002 -2.546535e-001 -5.679659e-001 1.528604e-001 
6.866141e+000 5.205043e+000 9.557811e-001 2.188557e+000 4.484477e-001 8.442745e-001 -2.649559e+000 3.018211e-001 -8.754787e-001 -1.037104e+000 -6.878089e-001 1.549265e-001 
6.428200e+000 5.944217e+000 4.323014e-001 1.817893e+000 4.085513e-001 8.847605e-001 -1.884608e+000 6.253913e-001 -1.081750e+000 -7.161331e-001 -3.370466e-001 2.653519e-001 
6.847506e+000 6.749778e+000 5.456300e-001 2.470234e+000 1.265784e+000 1.846549e+000 -1.697535e+000 1.243379e+000 -5.748333e-001 -6.492328e-001 -6.057307e-001 1.944310e-002 
6.019852e+000 7.467692e+000 1.671138e+000 3.046662e+000 1.248887e+000 1.191916e+000 -1.705045e+000 1.534157e+000 7.474767e-002 -1.949535e-001 -5.137133e-001 -2.096722e-001 
5.031283e+000 6.364731e+000 6.217106e-001 2.346035e+000 1.225031e+000 1.454451e+000 -1.266168e+000 1.024106e+000 -2.993355e-001 -3.801341e-001 -6.002077e-001 -5.706081e-002 
5.291059e+000 6.866705e+000 1.030740e+000 2.643363e+000 9.588706e-001 1.327932e+000 -1.107248e+000 1.258087e+000 -1.733587e-001 -3.723610e-001 -9.253225e-001 -2.283356e-001 
5.813561e+000 7.528255e+000 1.579997e+000 1.965329e+000 -1.386770e-001 9.866129e-001 -1.164416e+000 1.450903e+000 8.755699e-002 4.104369e-002 -9.078536e-001 -4.092459e-002 
5.591917e+000 8.673327e+000 1.612634e+000 2.558214e+000 1.126822e+000 1.878821e+000 -9.838835e-001 2.192717e-001 -4.457919e-001 -6.187983e-001 -9.285153e-001 -1.370857e-002 
9.892018e+000 8.371004e+000 -6.319064e-001 7.120328e-001 1.717849e+000 1.059896e+000 -1.203415e+000 2.429131e-001 6.867574e-001 -5.841814e-001 -7.906988e-001 3.447307e-001 
9.306504e+000 1.055234e+001 -1.614924e+000 2.364298e+000 2.218469e+000 2.080569e+000 -1.473234e+000 7.127502e-001 1.734705e-001 -3.469832e-001 -1.579525e+000 3.816816e-001 
8.330854e+000 1.146126e+001 -1.036015e+000 2.541581e+000 2.053697e+000 1.867401e+000 -1.373099e+000 1.101404e+000 4.576037e-001 -4.630442e-001 -1.378666e+000 2.041566e-001 
7.607100e+000 1.044048e+001 -5.397946e-001 1.937965e+000 2.096824e+000 1.650563e+000 -1.525797e+000 1.433731e+000 4.661960e-001 -6.129325e-001 -1.427326e+000 1.003733e-001 
6.883233e+000 1.111603e+001 -2.042645e+000 1.707153e+000 2.114068e+000 1.414424e+000 -1.313785e+000 1.065197e+000 6.789724e-001 -8.686264e-001 -1.711815e+000 1.978631e-001 
6.976173e+000 1.127224e+001 -7.768382e-001 1.156578e+000 3.049642e+000 1.769833e+000 -1.739464e+000 1.489184e+000 1.097729e+000 -1.087259e+000 -1.509835e+000 6.895912e-001 
6.637593e+000 8.906700e+000 1.150991e-001 9.359657e-001 1.559889e+000 1.699541e+000 -2.015036e+000 2.055167e+000 1.213783e+000 -8.242408e-001 -8.441498e-001 2.534583e-001 
5.684327e+000 7.402526e+000 1.699778e+000 2.304714e+000 9.603768e-001 2.178732e+000 -1.576255e+000 1.738094e+000 8.895713e-001 -5.315881e-001 -5.388358e-001 5.574727e-002 
6.398590e+000 5.736996e+000 1.586973e+000 1.924582e+000 6.413384e-001 1.845250e+000 -1.111048e+000 9.673345e-001 6.613422e-001 -3.848586e-001 -4.856062e-001 -3.336255e-001 
6.321850e+000 5.380285e+000 4.793594e-001 1.825785e+000 -1.572835e-002 1.139986e+000 -1.766717e+000 1.031284e+000 -1.971020e-001 -1.352958e-001 -9.014449e-001 -3.437483e-001 
7.310097e+000 6.230097e+000 1.314574e+000 2.833401e+000 1.285108e+000 1.623699e+000 -1.705723e+000 8.858461e-001 -4.239957e-001 -9.126336e-001 -1.044442e+000 -1.523223e-001 
7.678640e+000 6.554986e+000 1.983552e+000 2.881372e+000 8.622963e-001 1.232667e+000 -1.952701e+000 1.510886e+000 2.471195e-001 -3.393840e-001 -7.389069e-001 -2.355405e-001 
6.580828e+000 6.714096e+000 7.651003e-001 2.646528e+000 9.164637e-001 9.596030e-001 -1.837740e+000 9.693475e-001 -5.871996e-001 -7.973882e-001 -1.008158e+000 -3.611319e-001 
6.106634e+000 5.559818e+000 4.746326e-001 2.561505e+000 1.253435e+000 1.284677e+000 -1.995270e+000 1.187169e+000 -2.404476e-002 -5.776063e-001 -9.661379e-001 -3.719389e-001 
5.807031e+000 6.597482e+000 6.051374e-001 1.934404e+000 8.263341e-001 1.042470e+000 -1.842429e+000 1.373825e+000 7.938771e-004 -2.815335e-001 -4.975242e-001 -3.432633e-001 
5.979240e+000 7.104233e+000 1.049670e+000 2.187806e+000 1.116800e+000 1.155059e+000 -1.287816e+000 1.038232e+000 -5.735706e-002 -2.583660e-001 -5.912109e-001 -1.431120e-001 
5.073286e+000 6.130304e+000 -1.119522e-001 1.652530e+000 1.210019e-001 8.706054e-001 -1.790372e+000 8.698721e-001 -3.681238e-001 -4.145574e-001 -8.392604e-001 -1.180127e-002 
4.339518e+000 6.557404e+000 7.919223e-001 2.434108e+000 9.989441e-001 1.405615e+000 -1.377926e+000 3.420400e-001 -2.739609e-001 4.180970e-002 -5.256979e-001 5.613539e-002 
