8.337965e+000 1.168553e+001 -3.302697e+000 4.319172e+000 2.259113e-001 5.434069e+000 -6.808894e+000 6.961174e-001 -2.238955e+000 -1.657989e+000 -1.850234e+000 -2.500858e+000 -7.051958e-001 -1.805817e-001 -7.314927e-001 -3.847787e-001 -9.546222e-001 -2.270777e+000 -1.339820e+000 -1.261963e-001 8.368178e-001 -1.877598e+000 -1.093052e+000 -8.496470e-001 7.990435e-001 -6.199860e-001 -2.473356e-001 4.608396e-001 8.571513e-001 -4.107582e-001 -4.830798e-001 7.894672e-001 -4.352427e-002 1.338515e-001 -9.370086e-001 -4.648028e-001 
8.946842e+000 7.831294e+000 -4.912992e+000 6.252853e+000 -1.054416e+000 6.836707e+000 -6.901922e+000 8.539506e-001 -1.177682e+000 -5.597559e-001 -2.759463e+000 -2.253167e+000 -2.003618e+000 9.565122e-002 -1.978097e+000 -1.291991e+000 -1.663000e+000 -2.860542e+000 -1.914092e+000 -2.661035e-001 1.183794e+000 -2.084347e+000 -1.468681e-001 -1.555974e+000 3.426697e-001 -1.209194e+000 -5.820654e-001 1.157408e-001 -4.741298e-002 -2.611853e-001 2.340882e-001 2.274735e-001 4.887623e-001 -4.292876e-001 -4.737100e-002 -1.304571e-001 
8.138647e+000 6.164442e+000 -5.250736e+000 6.585382e+000 -1.643798e+000 5.797861e+000 -8.583861e+000 2.832731e-001 -7.852745e-001 -1.559695e+000 -3.066404e+000 -1.379982e+000 -1.558017e+000 1.386021e+000 -1.165781e-001 5.797863e-001 -1.563112e+000 -2.397455e+000 -1.219871e+000 -4.161440e-001 1.795641e+000 -2.530189e+000 -6.333104e-001 -1.571205e+000 7.086235e-002 -1.274023e+000 -7.574095e-001 -1.622326e-001 -2.425241e-001 -1.800641e-001 3.276300e-001 1.309000e-001 5.192942e-001 -8.401266e-001 -5.492781e-001 -7.663297e-001 
7.668134e+000 6.272623e+000 -4.944814e+000 8.604006e+000 -1.952025e+000 6.185206e+000 -6.568940e+000 5.820015e-001 -1.711128e+000 -1.940095e+000 -1.500294e+000 -2.449790e+000 -1.347021e+000 5.480186e-001 1.400195e-001 -6.104635e-001 -8.259005e-001 -1.869891e+000 -8.808908e-001 -9.211383e-001 5.383678e-001 -1.914269e+000 -2.127643e-001 -1.415283e+000 -1.344401e-001 -1.476078e+000 -8.933736e-001 7.779850e-001 4.662408e-001 3.732309e-001 -4.655180e-001 6.079526e-001 1.184320e-001 7.264316e-002 -4.102836e-001 -2.217813e-001 
5.621595e+000 7.790849e+000 -5.129196e+000 9.713433e+000 -2.277419e+000 7.889561e+000 -8.781918e+000 -2.218297e-001 -1.021790e+000 -3.389743e+000 -6.623251e-001 -4.806119e+000 1.895701e-001 -1.719889e+000 -5.141508e-001 -2.808887e+000 -1.680050e+000 -2.099268e+000 -1.865052e+000 -4.105949e-001 -6.764067e-001 -2.274324e+000 -1.238130e+000 -1.285535e+000 4.213723e-001 -6.683024e-001 -1.222084e+000 4.094837e-001 2.729209e-003 8.540350e-002 -6.143184e-001 1.086470e+000 -8.766646e-001 7.642976e-002 -4.809692e-001 9.350013e-001 
3.804489e+000 8.120823e+000 -5.829134e+000 8.653212e+000 -3.931102e+000 7.597876e+000 -8.078799e+000 -9.684516e-001 1.174620e-001 -2.338799e+000 5.503429e-001 -4.900286e+000 8.523849e-001 -4.030262e+000 2.336910e-002 -1.798739e+000 -1.170068e+000 -2.753859e+000 -2.355206e+000 8.077707e-001 -1.481417e+000 -6.157410e-001 -1.808904e+000 -4.615494e-001 -1.097168e+000 -1.036822e+000 -8.372318e-001 1.668729e-002 1.028313e-002 -8.378777e-001 1.148979e+000 1.648951e-001 1.054656e+000 -1.692562e-001 1.760936e-001 2.745025e-001 
5.796651e+000 9.140873e+000 -5.164515e+000 7.535938e+000 -2.690188e+000 7.835338e+000 -7.002597e+000 3.599399e-001 -6.886013e-001 -2.392308e+000 1.200462e-001 -3.910680e+000 1.343064e+000 -2.991544e+000 -9.908909e-004 -2.333740e+000 -1.276832e+000 -2.529514e+000 -2.794374e+000 1.509250e+000 -6.956507e-001 -7.174237e-001 -2.101127e+000 -7.327270e-001 -1.139014e+000 -4.502384e-001 -7.381889e-001 -2.468754e-001 7.175674e-001 -7.188685e-001 5.625983e-001 5.404222e-001 1.093992e+000 -8.000028e-002 1.690724e-001 -5.734031e-001 
4.930203e+000 1.122564e+001 -5.718649e+000 8.154815e+000 -2.648929e+000 7.756941e+000 -7.263021e+000 -3.371572e-001 1.114458e+000 -4.015552e+000 6.794996e-002 -5.066978e+000 6.989168e-001 -2.963091e+000 -4.839524e-001 -3.078991e+000 -1.881624e+000 -2.856423e+000 -3.743558e+000 1.870856e+000 -4.042272e-001 -2.390581e-001 -1.732178e+000 -1.166119e+000 -1.004141e+000 -5.056748e-001 -5.482223e-001 -2.032878e-001 2.054060e-001 -1.377898e+000 1.053974e-001 7.473366e-001 1.050095e+000 -4.573231e-001 -1.845600e-001 -5.227603e-001 
3.565169e+000 9.393534e+000 -5.405427e+000 7.560474e+000 -2.261568e+000 7.390338e+000 -7.356822e+000 6.527326e-001 1.604359e+000 -2.806366e+000 -2.392406e-001 -4.226505e+000 1.214883e+000 -2.664116e+000 -1.141615e-001 -1.397370e+000 -1.249095e+000 -2.737928e+000 -1.958305e+000 1.754582e+000 -7.620106e-001 -2.446852e-001 -1.605098e+000 -9.285234e-001 -1.220852e+000 -3.351661e-001 1.237022e-001 -1.975270e-001 -3.223675e-001 -1.032067e+000 5.607799e-001 6.768073e-002 5.857992e-001 -2.456039e-001 -2.182706e-001 -3.676092e-001 
4.276352e+000 8.922715e+000 -6.190704e+000 8.842719e+000 -3.059416e+000 8.916891e+000 -7.285906e+000 8.769361e-001 1.732433e+000 -3.434266e+000 2.331176e-001 -4.996895e+000 1.692047e+000 -4.310399e+000 -8.964016e-002 1.773504e-001 -5.551922e-001 -1.378165e+000 -3.612607e+000 1.542564e+000 -4.392609e-001 -6.479539e-001 -1.587031e+000 -9.502835e-001 -3.421111e-001 -4.878128e-001 -3.771855e-001 -4.106677e-001 2.322707e-001 -5.979026e-001 6.386647e-001 3.133217e-001 5.148951e-001 -1.605139e-002 2.319443e-001 -6.164799e-001 
3.030040e+000 1.001866e+001 -6.590687e+000 8.724505e+000 -2.859749e+000 6.635861e+000 -6.853101e+000 -1.753162e+000 1.781921e+000 -3.816842e+000 9.707608e-001 -4.337464e+000 1.755215e+000 -1.957094e+000 -1.477637e+000 -2.496295e-001 -1.065221e+000 -1.616573e+000 -2.921910e+000 1.607507e+000 -3.296435e-001 -8.714831e-001 -1.677613e+000 -1.340023e+000 -1.310410e-002 -1.741470e+000 3.388395e-001 2.203682e-001 -9.119126e-002 -2.853067e-001 3.306055e-002 8.889563e-001 6.526960e-001 9.591202e-001 -1.924273e-001 -3.751459e-001 
4.346267e+000 1.067501e+001 -5.446779e+000 6.475203e+000 -1.309225e+000 5.242447e+000 -8.403306e+000 -1.605294e+000 1.733759e+000 -3.310955e+000 -3.434802e-001 -3.792559e+000 3.173408e-001 -1.000359e+000 -1.096003e+000 -3.033778e-001 -4.070663e-001 -1.871573e+000 -1.739799e+000 1.199974e+000 -9.490695e-001 -1.099332e+000 -9.772134e-001 -8.842066e-001 6.134235e-001 -7.502802e-001 -3.564147e-001 3.200442e-001 3.085334e-001 5.295150e-002 -3.216975e-001 5.426479e-001 7.243266e-001 1.766798e-001 -5.818229e-001 -1.135590e-002 
2.559504e+000 1.378809e+001 -6.099831e+000 4.115956e+000 6.122080e-002 5.250307e+000 -8.406381e+000 -6.023321e-001 2.223864e+000 -2.107963e+000 -2.914514e+000 -4.447253e+000 -3.771996e-001 -1.867735e+000 -4.742070e-001 -3.007636e-001 1.991945e-001 -2.894991e+000 -1.724064e+000 1.435045e-001 -9.228148e-001 -1.156795e+000 -9.379416e-001 -2.972401e-001 7.307890e-002 -2.060276e-001 4.729006e-002 5.586069e-001 5.862616e-002 5.326325e-001 -5.672483e-001 -2.640425e-001 9.285000e-002 5.566033e-001 -8.590314e-001 -5.383835e-002 
3.542414e+000 1.589370e+001 -3.898676e+000 1.721357e+000 7.226368e-001 3.418377e+000 -6.114102e+000 -2.613993e+000 2.828971e+000 -1.832810e+000 -5.588023e+000 -4.984634e+000 1.080544e+000 -2.257222e+000 -1.370118e+000 1.662903e+000 2.517966e-001 -2.282410e+000 -3.075572e+000 -1.300508e-005 -1.197614e+000 -1.592024e+000 -8.702009e-001 -2.195732e-001 -2.574383e-001 -1.169370e+000 6.314318e-001 7.437572e-001 6.799676e-001 2.080518e-001 -2.406667e-001 -5.356202e-001 -7.093087e-001 4.873815e-001 -2.552588e-001 -6.981346e-002 
7.314570e+000 1.539187e+001 -2.139405e+000 1.095037e+000 1.041380e+000 3.519361e+000 -5.472340e+000 -1.204740e+000 1.358977e+000 -1.232479e+000 -5.262106e+000 -3.608517e+000 6.662570e-001 -2.309617e+000 -3.403637e-001 1.606981e+000 -3.477624e-001 -2.131231e+000 -2.943220e+000 -8.472567e-001 -6.686628e-001 -1.065611e+000 -6.769557e-001 -4.499233e-001 2.763788e-001 -9.358449e-001 -1.418329e-001 5.185322e-001 6.496752e-001 6.804700e-002 -9.289937e-002 3.806635e-002 -5.796749e-001 3.855563e-001 -3.188365e-002 -9.435754e-002 
7.185374e+000 1.048839e+001 -3.074565e+000 2.255476e+000 -2.488902e-001 5.341782e+000 -5.801002e+000 2.513557e-003 -2.406440e+000 -1.620907e+000 -1.481759e+000 -2.449497e+000 -1.377936e+000 -1.211294e+000 -5.150412e-001 -7.198816e-001 -8.926701e-001 -2.434300e+000 -1.306026e+000 2.232797e-001 9.055563e-001 -1.156386e+000 -9.386438e-001 -2.030492e-001 9.230852e-001 -2.311466e-001 -7.428189e-001 6.437268e-001 9.194884e-001 -8.229820e-002 -7.187662e-002 3.682740e-001 -2.232238e-001 3.530679e-001 -8.165737e-001 -2.203848e-001 
9.125831e+000 1.002357e+001 -4.261399e+000 6.322161e+000 1.582193e-001 6.071735e+000 -6.550016e+000 4.490252e-001 -2.502049e+000 -1.664004e+000 -3.574688e+000 -3.413667e+000 -1.780783e+000 -2.553319e-001 -1.610406e+000 1.488765e-001 1.643392e-003 -1.993716e+000 -2.163834e+000 -8.419709e-001 2.060782e-001 -2.919809e+000 -7.230638e-001 -1.820990e+000 4.551009e-001 -7.334838e-001 -2.361015e-001 5.710572e-001 8.429917e-001 -5.234912e-001 -2.494401e-001 3.359169e-001 3.696111e-001 -3.159793e-001 -1.945132e-001 -9.171446e-002 
8.147097e+000 7.655675e+000 -3.553161e+000 7.345727e+000 -9.370718e-001 6.550343e+000 -7.774473e+000 4.313442e-001 -1.377420e+000 -2.533351e+000 -4.538406e+000 -2.685005e+000 -3.064926e+000 7.680640e-001 -1.349429e+000 9.123000e-002 -9.354127e-001 -2.450575e+000 -1.648851e+000 -1.353942e+000 1.152632e-001 -3.065835e+000 -9.956036e-001 -1.908706e+000 7.116477e-001 -9.165712e-001 -9.838039e-002 -1.669603e-001 2.076376e-001 3.010955e-001 4.169168e-001 2.679546e-001 2.043286e-001 -6.365379e-001 -4.398816e-002 -1.076113e-001 
8.700680e+000 6.420488e+000 -5.176861e+000 7.806497e+000 -1.371941e+000 5.594250e+000 -6.846769e+000 4.684957e-001 -4.412098e-001 -2.197475e+000 -2.818523e+000 -2.736178e+000 -1.655020e+000 -1.819328e-001 -1.206514e+000 -1.059158e+000 -1.848955e+000 -2.543727e+000 -2.332611e+000 -1.223875e+000 9.177934e-002 -2.760771e+000 -6.851975e-001 -1.482778e+000 8.578597e-003 -1.301250e+000 -7.185366e-001 8.045814e-001 2.377121e-001 2.338507e-001 -4.385423e-002 4.875066e-001 7.272968e-002 -3.644864e-002 -1.332981e-001 -1.493318e-001 
7.005735e+000 8.390059e+000 -4.367221e+000 8.575223e+000 -3.201214e+000 7.202625e+000 -6.423181e+000 1.356148e+000 -9.375098e-001 -3.139533e+000 -1.261560e+000 -5.537075e+000 -2.044280e+000 -1.664135e+000 -8.373285e-001 -2.794765e+000 -1.336769e+000 -2.382737e+000 -2.221597e+000 -8.367454e-001 3.145728e-002 -1.382602e+000 -1.121061e+000 -1.802179e+000 8.636443e-002 -1.132238e+000 -1.664832e+000 4.745131e-001 3.306025e-001 -5.003249e-003 -1.013802e+000 1.126391e+000 -5.906590e-001 1.130999e-001 -3.998200e-001 1.141482e+000 
6.030416e+000 7.260737e+000 -3.291035e+000 7.817893e+000 -2.833395e+000 7.071978e+000 -6.371135e+000 1.410353e-002 5.677708e-001 -3.420049e+000 -1.424799e+000 -5.442098e+000 -2.975406e-001 -3.043816e+000 -1.389974e+000 -2.406333e+000 -2.341096e+000 -2.926456e+000 -2.689254e+000 9.682823e-001 -5.607818e-001 -3.754008e-001 -1.428674e+000 -1.141008e+000 -6.575293e-001 -3.347598e-001 -3.114993e-001 -2.322209e-002 7.374468e-002 -9.360566e-001 1.590166e-001 -2.167167e-001 2.441070e-001 -5.014410e-001 -5.316374e-001 2.241923e-001 
5.732394e+000 6.949452e+000 -5.168097e+000 6.666748e+000 -2.006496e+000 6.901671e+000 -7.555688e+000 3.300672e-001 -5.788143e-002 -2.276026e+000 -1.754916e-001 -3.872728e+000 6.999023e-001 -3.184333e+000 -3.832036e-001 -1.959072e+000 -1.231921e+000 -2.561272e+000 -2.580855e+000 1.898869e+000 -7.397219e-001 -4.417979e-001 -9.699198e-001 6.194441e-002 -5.226154e-001 -6.321493e-001 -2.221198e-001 1.926065e-001 7.936764e-001 -8.743920e-001 -1.065132e-001 -2.617343e-001 -3.566293e-002 -2.619460e-001 1.254695e-001 -1.414002e-001 
5.227358e+000 9.722450e+000 -3.963753e+000 8.718836e+000 -1.678646e+000 7.090715e+000 -7.708943e+000 -7.599056e-001 -6.656414e-001 -4.272189e+000 -9.449394e-001 -4.134250e+000 1.600861e+000 -1.787056e+000 5.514500e-001 -1.414876e+000 -8.282558e-001 -2.079528e+000 -3.314602e+000 1.222043e+000 -5.986491e-001 -6.956844e-001 -1.715527e+000 -1.512253e+000 -1.282543e+000 -7.422520e-001 -3.518182e-001 3.682498e-001 9.332802e-001 -3.881914e-001 2.279657e-001 3.492370e-001 6.507157e-001 -4.301171e-001 -2.123210e-001 -6.515103e-001 
4.859518e+000 8.604673e+000 -3.479981e+000 6.764792e+000 -1.498128e+000 6.092736e+000 -6.697039e+000 4.288946e-001 1.221424e+000 -3.016721e+000 -1.727969e+000 -5.119926e+000 8.527610e-001 -1.526200e+000 4.269847e-001 -6.936354e-001 -1.448482e+000 -2.064681e+000 -2.473846e+000 1.316618e+000 -1.470686e+000 -1.748009e+000 -1.686229e+000 -9.193051e-001 -3.779422e-001 -6.284614e-001 -4.879706e-002 -9.798183e-002 3.736132e-002 -7.315619e-001 -2.645749e-001 2.249583e-001 7.477388e-001 2.482919e-001 -2.390448e-001 -2.400319e-001 
3.452981e+000 9.028463e+000 -4.630211e+000 9.773837e+000 -2.046735e+000 8.390387e+000 -6.997775e+000 3.437502e-002 4.218318e-001 -4.280783e+000 -7.591812e-001 -5.860127e+000 1.321273e+000 -3.284519e+000 7.217713e-003 -8.851001e-001 -1.635844e+000 -2.337623e+000 -3.127732e+000 9.397216e-001 -1.620837e+000 -8.801082e-001 -1.584644e+000 -8.992349e-001 -5.471597e-001 -6.671627e-001 -1.163011e-001 4.286170e-001 2.969866e-001 -6.711556e-001 1.358526e-001 -5.020326e-001 3.972983e-001 -2.842178e-002 -9.158435e-002 -5.260097e-001 
3.074825e+000 1.123819e+001 -5.813997e+000 9.746715e+000 -2.768525e+000 7.365566e+000 -6.810531e+000 -1.421606e+000 1.805880e+000 -4.867149e+000 3.500555e-001 -6.719596e+000 7.473860e-001 -2.613033e+000 -5.148931e-001 -2.997690e-001 -2.337037e+000 -2.072630e+000 -4.166700e+000 1.269513e+000 -1.251265e+000 -1.446337e+000 -1.732292e+000 -1.360926e+000 4.886366e-001 -1.151747e+000 7.286769e-001 2.027312e-001 1.091481e-001 -4.797810e-001 -5.635363e-001 8.118385e-002 -2.414902e-001 4.696042e-001 -1.556922e-001 -4.142257e-001 
3.773258e+000 1.263413e+001 -6.699493e+000 7.837132e+000 -2.765468e+000 6.489594e+000 -7.346227e+000 -1.011189e+000 1.818423e+000 -4.087708e+000 2.037750e-001 -5.054726e+000 1.512054e+000 -1.000929e+000 -7.659622e-001 -9.248543e-002 -1.081819e+000 -2.602126e+000 -2.441351e+000 1.061742e+000 -1.254947e+000 -1.474778e+000 -2.011929e+000 -1.597412e+000 -4.826372e-001 -1.257484e+000 -2.734453e-002 5.363016e-001 5.046174e-001 3.470068e-002 3.869854e-002 4.691180e-001 7.894058e-001 1.483465e-001 -2.271358e-001 -7.329841e-002 
3.636214e+000 1.348522e+001 -5.659538e+000 5.631588e+000 -5.267952e-001 5.917431e+000 -8.411652e+000 -4.810828e-001 1.748637e+000 -2.456639e+000 -1.711453e+000 -3.838614e+000 -8.529277e-001 -2.121266e+000 -8.539841e-001 -8.760198e-001 -8.390689e-002 -3.258055e+000 -1.297475e+000 3.052709e-001 -5.478511e-001 -9.728313e-001 -3.515105e-001 -9.277882e-001 2.521317e-001 -1.335431e-001 -6.450630e-001 4.709159e-001 -8.062952e-002 6.566330e-001 -4.670830e-001 7.219546e-002 4.754038e-001 3.679817e-001 -8.788717e-001 2.264124e-001 
2.352281e+000 1.605630e+001 -5.197291e+000 2.026121e+000 3.559633e-002 3.558250e+000 -7.517073e+000 -2.734876e+000 2.961306e+000 -1.938816e+000 -3.931484e+000 -4.706368e+000 6.282788e-001 -2.543850e+000 -2.466068e+000 4.002985e-001 -5.378761e-001 -3.250966e+000 -3.388629e+000 2.197807e-001 -6.029442e-001 -1.057340e+000 -6.617601e-001 -4.958663e-002 -3.793548e-001 -1.353068e+000 2.429147e-001 2.901304e-001 3.213901e-001 2.514722e-001 -1.115753e-001 -7.226427e-001 -6.861723e-001 3.616915e-001 -4.359013e-001 -1.564107e-001 
