7.921481e+000 1.346191e+001 -2.847417e+000 4.775347e+000 9.026276e-001 1.786811e+000 -2.337803e+000 -1.129622e+000 7.022486e-001 -3.283440e+000 -1.222939e+000 -5.687222e-001 -3.766728e-001 1.990272e-001 4.983960e-001 5.535759e-003 -1.449379e+000 3.605504e-001 7.191906e-001 -2.493834e-001 4.689889e-001 1.450862e-001 -3.370602e-002 -4.230706e-001 
4.685363e+000 1.282624e+001 -4.124664e+000 5.389813e+000 -1.618984e+000 1.429288e+000 -2.835552e+000 -1.397043e-001 1.098153e+000 -1.633241e+000 -1.304115e+000 -1.650780e-001 -3.760559e-001 -6.608810e-001 5.563938e-001 4.928320e-001 -1.291708e+000 -8.632408e-001 4.711733e-001 -4.260421e-002 4.644724e-001 8.095711e-002 2.784446e-001 -2.248136e-002 
3.105905e+000 1.281082e+001 -4.573169e+000 5.554145e+000 -1.708945e+000 1.503947e+000 -2.418293e+000 -4.277959e-002 1.042094e+000 -2.835434e+000 -1.366844e+000 1.155048e-001 -1.645949e-001 -8.664050e-001 9.145825e-001 1.257702e+000 -1.076424e+000 -7.474381e-001 4.151316e-001 -1.127951e-001 8.386812e-001 1.725308e-001 1.378208e-001 -6.268508e-001 
1.380149e+000 1.179953e+001 -5.239207e+000 4.753123e+000 -3.149957e+000 9.980191e-001 -1.756018e+000 -7.110539e-001 1.159828e+000 -3.476998e+000 -1.465814e+000 3.174012e-002 -1.466728e-001 -7.327046e-001 9.630594e-002 4.573821e-001 -1.455528e+000 -2.195347e-001 4.943715e-001 -2.034067e-001 1.006612e+000 -5.761547e-001 5.031810e-001 -6.095478e-002 
1.482794e+000 1.345137e+001 -6.313519e+000 5.272450e+000 -2.267331e+000 7.204691e-001 -1.649357e+000 -7.366091e-001 2.217306e+000 -3.345876e+000 -3.862262e-001 -3.628001e-001 6.144436e-001 -7.324040e-001 4.820490e-001 7.950985e-001 -1.521100e+000 -7.455509e-003 8.468594e-001 2.088296e-001 2.358503e-001 -4.313565e-001 2.466509e-002 4.024185e-002 
4.176778e+000 1.430289e+001 -5.676439e+000 4.669537e+000 -2.583544e+000 1.190697e-001 -2.261289e+000 -1.166273e+000 7.825856e-001 -3.554943e+000 -1.286839e+000 -1.061655e+000 1.014246e-001 -1.028924e+000 1.074050e+000 4.022133e-001 -1.333207e+000 2.123713e-001 3.221428e-001 1.467139e-001 7.181021e-002 6.816768e-001 1.950869e-001 2.163132e-001 
3.203137e+000 1.392118e+001 -5.763811e+000 4.949134e+000 -2.613540e+000 4.639570e-001 -2.847955e+000 -7.220292e-001 1.600164e+000 -3.236105e+000 -8.441342e-001 -1.082856e+000 3.759384e-002 -1.623801e+000 1.005260e+000 9.075901e-001 -8.273340e-001 2.912165e-001 6.052877e-001 5.892163e-001 -2.711706e-001 -1.854218e-002 6.732668e-002 -1.919534e-001 
2.853846e+000 1.222445e+001 -7.463100e+000 4.626602e+000 -2.272594e+000 6.391366e-001 -2.826609e+000 -8.532857e-001 1.679069e+000 -3.034793e+000 1.805214e-002 -6.151645e-001 9.407719e-001 -1.908231e-001 9.117557e-001 -4.342341e-001 -8.002048e-001 8.167725e-001 -3.555054e-001 1.776606e-003 8.646777e-002 5.423793e-001 9.914026e-002 4.915282e-001 
8.890842e+000 1.477198e+001 -7.707599e+000 5.844536e+000 2.882081e-001 2.656783e+000 -3.610864e+000 -1.138571e+000 9.350016e-001 -4.162474e+000 6.565754e-001 -6.807734e-001 1.082324e-001 -6.215510e-001 8.671542e-001 2.991627e-001 -1.284666e+000 1.481668e+000 2.355493e-001 -5.878062e-001 -1.522329e-002 -3.244499e-002 1.688221e-001 9.039454e-001 
1.105915e+001 1.448054e+001 -6.862943e+000 4.457970e+000 4.268463e-001 2.281145e+000 -4.002958e+000 -1.070367e+000 9.403316e-001 -3.798654e+000 1.134539e+000 -8.403022e-002 -8.305075e-002 -4.016209e-001 7.540225e-001 1.204818e+000 -9.086022e-001 1.018341e+000 2.926791e-001 -9.279855e-001 -2.329938e-001 -4.263089e-001 -1.850524e-001 6.352798e-001 
9.838256e+000 1.668740e+001 -8.696112e+000 5.920300e+000 5.165882e-001 4.003790e+000 -3.941512e+000 -1.037919e+000 1.426945e+000 -5.451936e+000 1.261886e+000 -1.487786e+000 6.454438e-001 -1.273133e+000 1.569795e+000 1.247508e+000 -1.156536e+000 8.373232e-001 -3.972507e-001 3.655644e-001 -6.843207e-001 1.387975e-001 -7.638942e-001 4.678540e-001 
1.233004e+001 1.304087e+001 -5.331260e+000 3.612080e+000 3.126696e+000 3.461226e+000 -2.998056e+000 -1.207099e+000 1.590967e+000 -4.380874e+000 -2.821733e-001 4.734538e-001 -1.484741e+000 -8.408273e-001 6.615538e-001 1.473362e+000 -1.724094e+000 7.008759e-003 1.003734e+000 1.232397e-001 9.328566e-001 -6.085404e-001 -2.977601e-001 -1.482228e-001 
1.203422e+001 1.589200e+001 -6.483607e+000 5.786821e+000 2.163273e+000 2.850608e+000 -3.621387e+000 -1.982213e+000 2.190322e+000 -4.421154e+000 4.207541e-001 1.679770e-001 -2.172603e+000 -7.152563e-001 9.592509e-001 1.851481e+000 -1.729116e+000 4.362711e-001 4.241542e-001 -6.242399e-001 1.487273e+000 -1.009238e+000 -5.274199e-001 2.351240e-001 
1.366908e+001 1.291219e+001 -3.925915e+000 4.275661e+000 3.931159e+000 1.960060e+000 -3.734426e+000 -1.260239e+000 1.333958e+000 -3.710179e+000 1.030557e-001 4.850448e-001 -2.419258e+000 -4.383770e-001 1.788371e+000 1.282712e+000 -1.138000e+000 6.450557e-002 2.728759e-001 -6.128822e-002 1.100813e+000 -9.421372e-001 -1.352278e+000 3.461055e-002 
1.229208e+001 1.568842e+001 -5.310645e+000 5.640960e+000 2.414852e+000 2.769542e+000 -4.596110e+000 -4.240870e-001 9.410608e-001 -4.125324e+000 5.658982e-001 -1.543240e-001 -1.965859e+000 -1.557348e+000 1.978936e+000 6.303716e-001 -8.568687e-001 4.012525e-001 2.218011e-001 4.538226e-001 2.610389e-001 -2.077516e-001 -1.515302e+000 7.644505e-001 
1.254549e+001 1.365635e+001 -3.977122e+000 4.561784e+000 3.561192e+000 2.362329e+000 -3.612723e+000 -5.821819e-001 1.111334e+000 -4.257959e+000 -1.024945e+000 1.886204e-001 -1.911750e+000 -8.009387e-001 2.179169e+000 2.793817e-001 -1.489666e+000 4.233133e-001 3.255404e-001 2.626477e-001 7.056848e-001 -4.484997e-001 -1.166489e+000 3.780615e-001 
1.066417e+001 1.584015e+001 -5.066990e+000 6.640666e+000 1.672566e+000 3.437591e+000 -4.883891e+000 1.180983e-001 1.244267e+000 -4.025464e+000 -9.894974e-001 1.229895e-002 -1.909804e+000 -5.973158e-001 2.115654e+000 4.074391e-001 -1.318910e+000 -5.008666e-001 1.403904e-001 3.129906e-002 7.407606e-001 1.239255e-001 -2.382365e-001 7.967122e-001 
1.087246e+001 1.454047e+001 -4.476039e+000 5.235726e+000 2.610882e+000 3.522873e+000 -3.843062e+000 -3.919424e-001 1.877241e+000 -4.241965e+000 -1.456386e+000 1.552191e-001 -2.112788e+000 -4.792087e-001 2.208153e+000 5.121064e-001 -1.364267e+000 2.565834e-001 5.303192e-001 -5.015499e-001 7.686916e-001 -3.044066e-001 -6.335268e-001 7.499838e-001 
9.395905e+000 1.550188e+001 -5.147827e+000 6.571295e+000 1.614117e+000 3.216753e+000 -4.313669e+000 5.273246e-001 6.248453e-001 -3.926170e+000 -1.166319e+000 -2.000041e-001 -1.076395e+000 -5.582908e-001 2.185879e+000 3.829793e-001 -1.404002e+000 -2.593017e-001 7.160497e-001 -6.608835e-002 7.666703e-001 -4.096521e-001 -7.171202e-001 3.901643e-001 
1.085285e+001 1.415784e+001 -3.268648e+000 4.441484e+000 2.375165e+000 2.474210e+000 -3.952150e+000 -4.353232e-001 6.672339e-001 -4.564672e+000 -6.459627e-001 2.751641e-001 -8.920236e-001 -7.018589e-001 1.717538e+000 2.993901e-001 -1.466059e+000 3.827085e-001 3.917424e-001 6.710104e-002 3.402942e-001 -2.601048e-002 -7.739356e-001 8.160567e-001 
9.288039e+000 1.550937e+001 -4.593153e+000 5.445308e+000 2.664258e+000 2.264373e+000 -4.082340e+000 -9.011978e-001 1.881567e+000 -4.061553e+000 -1.131782e-001 -5.495512e-001 -2.425653e+000 -7.172778e-001 1.727236e+000 1.115798e+000 -1.134438e+000 3.788275e-001 4.738058e-001 7.446178e-002 7.804600e-001 -5.733740e-001 -1.059092e+000 5.505437e-001 
1.113494e+001 1.524552e+001 -3.956807e+000 5.660750e+000 2.122480e+000 2.495248e+000 -4.082599e+000 -1.055551e+000 1.844118e+000 -4.525946e+000 -5.338764e-001 -6.133000e-001 -2.253921e+000 -2.595909e-001 1.749286e+000 1.089551e+000 -1.504459e+000 -5.090196e-001 1.890860e-001 2.727054e-001 1.233080e+000 1.578605e-001 -4.038168e-001 5.929358e-001 
1.167358e+001 1.678126e+001 -5.377295e+000 7.004523e+000 1.183822e+000 3.347665e+000 -5.256248e+000 -8.504565e-001 7.866331e-001 -3.387527e+000 -6.603219e-001 -3.569727e-001 -2.011078e+000 -1.515762e+000 2.433296e+000 5.081151e-001 -5.607017e-001 -5.493224e-001 7.740984e-001 -4.323309e-001 1.404528e+000 -1.223603e-001 -3.454962e-001 6.439835e-001 
1.416535e+001 1.415633e+001 -3.182257e+000 4.659883e+000 2.625878e+000 2.620707e+000 -3.982388e+000 -2.089206e+000 7.340357e-001 -3.509341e+000 -4.982942e-001 -9.950847e-002 -1.286750e+000 -4.003708e-001 1.133140e+000 6.692950e-001 -1.358372e+000 -7.360756e-002 1.077305e+000 5.610793e-001 6.040233e-001 4.255863e-002 -6.368886e-001 -9.084358e-002 
1.304104e+001 1.204657e+001 -2.026602e+000 4.350129e+000 2.895591e+000 8.224558e-001 -2.537748e+000 -1.140815e+000 5.775300e-001 -2.230924e+000 -9.910442e-001 -3.651806e-001 -1.167012e+000 -2.843592e-002 1.127301e+000 2.423899e-001 -9.493284e-001 1.114220e-001 6.909233e-001 1.400655e-001 6.597282e-001 4.659193e-001 -1.686320e-001 -4.765227e-002 
5.536789e+000 1.329519e+001 -3.758514e+000 6.053336e+000 -1.689795e+000 1.374460e+000 -2.300481e+000 -6.583934e-001 1.254888e+000 -2.361299e+000 -1.294981e+000 4.844261e-001 -4.077353e-001 -9.934305e-002 1.227567e-002 3.094738e-001 -1.572946e+000 -1.742990e-001 6.495939e-001 -2.025544e-001 9.036795e-001 -3.756676e-001 3.304132e-002 -3.949330e-001 
3.644986e+000 1.285501e+001 -4.142135e+000 5.691160e+000 -6.921686e-001 2.278347e+000 -1.834772e+000 -2.930315e-001 8.086033e-001 -2.602845e+000 -1.403110e+000 -2.199105e-001 6.448633e-002 -4.278190e-001 1.879881e-001 5.226230e-001 -1.380254e+000 -2.435779e-001 1.127720e+000 -1.977270e-001 7.829147e-001 -2.535580e-001 3.283504e-001 -6.221257e-001 
2.994269e+000 1.317874e+001 -4.519451e+000 6.031125e+000 -1.607675e+000 1.908773e+000 -2.091779e+000 -5.791363e-001 1.326492e+000 -2.963858e+000 -7.380408e-001 2.521111e-001 7.546872e-001 -7.087879e-001 5.735645e-001 5.942873e-001 -1.250001e+000 -2.838003e-001 6.746253e-001 -5.361664e-003 6.296026e-001 -2.161472e-002 2.362171e-001 -1.045072e-002 
2.600978e+000 1.261180e+001 -5.014962e+000 3.730471e+000 -1.530536e+000 1.009277e+000 -1.651271e+000 -7.317329e-001 2.159935e+000 -3.005973e+000 8.393027e-002 3.316405e-001 1.294799e-001 -1.041298e-001 1.212922e-001 1.062366e+000 -1.638899e+000 6.392637e-002 7.781744e-001 -5.669396e-002 8.306355e-001 -6.906583e-002 3.071696e-001 6.388553e-003 
2.070681e+000 1.326954e+001 -5.117249e+000 5.735706e+000 -1.702180e+000 1.928644e+000 -1.820328e+000 -4.191729e-001 1.382253e+000 -3.061950e+000 -3.282597e-001 2.979034e-002 3.842529e-001 -1.243030e+000 9.557907e-001 6.940028e-001 -1.256675e+000 -4.515189e-001 4.068465e-001 -3.769958e-001 6.695943e-001 -3.945907e-002 6.184424e-001 -2.307393e-001 
2.340362e+000 1.249404e+001 -4.845705e+000 4.309961e+000 -1.799730e+000 8.603390e-001 -2.647678e+000 -8.781084e-001 8.164905e-001 -2.753415e+000 -1.348879e+000 -3.977793e-001 -2.574374e-001 -9.062773e-001 7.907462e-001 1.905222e-001 -3.022909e-001 -1.339580e-002 3.284632e-001 3.526674e-002 5.293408e-001 3.200410e-001 7.322062e-001 -1.721807e-001 
1.247600e+000 1.245495e+001 -5.270815e+000 4.962315e+000 -1.699475e+000 1.296866e+000 -2.211043e+000 -1.491801e-001 1.696464e+000 -2.468352e+000 -6.419774e-001 5.296800e-002 6.021189e-001 -9.811793e-001 1.372774e+000 -3.555939e-001 -1.617064e+000 -6.250771e-001 -5.616289e-002 9.172969e-002 3.861962e-001 3.872300e-001 5.986996e-001 -1.679779e-001 
4.348316e+000 1.193218e+001 -7.266403e+000 2.979976e+000 -1.032939e+000 1.340033e+000 -1.048925e+000 -6.591430e-002 1.833486e+000 -3.868539e+000 -8.312915e-001 -3.651745e-001 -1.302583e-001 4.340526e-001 2.484837e-001 1.135631e-001 -1.301177e+000 8.321055e-001 -2.182763e-001 -7.299037e-001 1.526124e+000 -6.005237e-002 -1.040987e-001 1.132152e-001 
1.117694e+001 1.304116e+001 -6.640682e+000 3.701667e+000 1.302084e+000 1.568625e+000 -3.368361e+000 -1.433561e+000 9.900405e-001 -3.900061e+000 5.845292e-001 -2.029059e-001 -1.005166e+000 2.126166e-001 4.280122e-001 1.115639e+000 -1.287938e+000 1.324739e+000 4.822579e-001 -1.568176e+000 4.823651e-001 -8.509877e-001 1.933380e-001 6.629894e-001 
1.089558e+001 1.440376e+001 -6.636720e+000 4.215008e+000 8.269943e-001 2.579036e+000 -4.637081e+000 -8.187216e-001 9.405013e-001 -4.375461e+000 1.067336e+000 5.917065e-002 -7.835506e-001 -1.107493e+000 9.160248e-001 1.157585e+000 -8.626088e-001 1.417610e+000 8.793257e-002 -1.212568e+000 2.512579e-002 -6.353530e-001 -6.812107e-001 8.457100e-001 
1.117898e+001 1.287333e+001 -6.268784e+000 2.616161e+000 1.979248e+000 2.387189e+000 -4.374061e+000 -1.719420e+000 1.060461e+000 -4.204539e+000 -1.418522e-001 5.122936e-001 -1.394884e+000 -1.262719e+000 8.151506e-001 8.800203e-001 -1.367965e+000 7.272585e-001 2.613489e-001 -5.322684e-001 4.244197e-001 -8.040194e-001 -3.214856e-001 4.283135e-001 
9.300580e+000 1.691308e+001 -8.650513e+000 5.880536e+000 8.249796e-001 3.877141e+000 -4.264816e+000 -2.163626e+000 3.382018e+000 -4.903947e+000 7.850597e-001 -7.806210e-001 -1.641000e+000 -2.000005e+000 1.037321e+000 1.943454e+000 -1.854787e+000 6.765545e-001 1.383337e-001 -5.711247e-001 9.633940e-001 -6.535819e-001 -3.256275e-001 2.409485e-001 
1.051860e+001 1.637332e+001 -7.953771e+000 6.333009e+000 2.219982e+000 3.271327e+000 -3.326875e+000 -2.325724e+000 2.315658e+000 -5.673832e+000 2.852521e-001 -1.205009e-001 -2.364521e+000 -3.054300e-001 1.048059e+000 2.061534e+000 -1.663321e+000 6.055659e-001 3.319719e-001 -6.903058e-001 1.439111e+000 -1.671630e+000 -7.382366e-001 -5.405242e-002 
9.909425e+000 1.702846e+001 -7.689278e+000 7.272047e+000 1.684153e+000 3.859881e+000 -5.226170e+000 -1.545626e+000 2.198537e+000 -5.554568e+000 1.488903e+000 -9.457561e-001 -1.902518e+000 -1.935402e+000 2.767450e+000 1.051086e+000 -1.206558e+000 9.364194e-001 -6.949412e-001 4.391672e-001 2.459124e-001 -1.714863e-001 -1.782037e+000 7.553041e-001 
1.157384e+001 1.515011e+001 -5.403742e+000 5.897482e+000 2.821953e+000 2.690414e+000 -4.768204e+000 -4.294212e-001 8.528688e-001 -4.364131e+000 -1.241687e-001 -4.420226e-001 -1.875701e+000 -1.071041e+000 2.566508e+000 4.499854e-001 -1.108115e+000 -1.383408e-001 -3.514109e-001 6.229739e-001 4.825140e-001 1.383606e-001 -1.519489e+000 4.933686e-001 
1.020764e+001 1.611608e+001 -6.001700e+000 7.238147e+000 2.301496e+000 3.346014e+000 -5.000515e+000 -8.742726e-002 1.153648e+000 -4.989387e+000 -2.121465e-001 -8.057186e-001 -1.410530e+000 -9.282146e-001 3.064821e+000 2.471825e-001 -1.513265e+000 -4.267001e-001 -2.761084e-001 3.707367e-001 7.279492e-001 2.567913e-001 -9.878571e-001 8.067957e-001 
1.105624e+001 1.331803e+001 -3.622733e+000 5.270600e+000 3.611170e+000 3.084901e+000 -4.046522e+000 -7.401352e-001 1.542614e+000 -4.447026e+000 -9.782688e-001 3.920145e-001 -2.348714e+000 -4.884990e-001 1.914636e+000 3.037538e-001 -1.284708e+000 1.043255e-001 4.511318e-001 -9.948905e-002 8.607020e-001 -2.437475e-001 -7.270265e-001 7.610826e-001 
1.077253e+001 1.450198e+001 -3.774571e+000 5.367328e+000 2.789632e+000 2.619265e+000 -3.601971e+000 -3.446581e-001 1.180666e+000 -3.589010e+000 -1.047594e+000 6.696641e-002 -1.021490e+000 -4.447707e-001 1.485519e+000 2.993378e-001 -1.534092e+000 -2.728284e-001 8.932338e-001 2.898656e-001 4.894485e-001 -1.994127e-001 -4.958291e-001 2.456290e-001 
1.090712e+001 1.405970e+001 -2.962283e+000 5.298018e+000 2.520517e+000 1.912068e+000 -4.098382e+000 -4.739944e-001 1.215610e+000 -3.381468e+000 -1.945646e-001 3.056374e-001 -1.252582e+000 -5.778242e-001 1.614664e+000 9.793313e-002 -1.675261e+000 -2.237012e-001 6.526946e-001 4.218252e-001 5.811728e-001 3.775829e-002 -6.109524e-001 8.222502e-001 
9.191097e+000 1.571977e+001 -3.579613e+000 6.449429e+000 1.946344e+000 2.703580e+000 -5.278147e+000 -1.289311e+000 1.549460e+000 -3.689784e+000 7.375432e-001 3.333617e-001 -1.007972e+000 -1.493481e+000 1.433844e+000 2.199797e-001 -1.458239e+000 2.809477e-001 3.612107e-001 4.903753e-001 3.999362e-001 3.872605e-001 -8.207951e-001 8.237473e-001 
1.000852e+001 1.621976e+001 -4.968537e+000 6.217079e+000 2.156984e+000 2.138597e+000 -4.245683e+000 -1.258307e+000 2.104560e+000 -3.952513e+000 2.000171e-001 -1.513060e-001 -1.941691e+000 -7.681650e-001 1.471265e+000 8.246746e-001 -1.315110e+000 -1.674520e-001 3.012607e-001 3.569355e-001 1.106222e+000 1.048827e-001 -7.804144e-001 7.785292e-001 
1.092878e+001 1.658254e+001 -4.375280e+000 5.753830e+000 1.481559e+000 3.395121e+000 -4.568276e+000 -1.952003e-001 1.331013e+000 -4.161277e+000 -8.199542e-001 -6.602737e-001 -1.859161e+000 -8.273445e-001 2.107574e+000 1.128046e+000 -9.143156e-001 -3.872117e-001 7.583211e-001 9.721434e-002 6.166320e-001 -1.129654e-001 -8.583174e-001 3.560611e-001 
1.374497e+001 1.451950e+001 -2.998325e+000 3.520833e+000 2.584682e+000 2.327604e+000 -4.060755e+000 -6.012984e-001 9.277199e-001 -4.294999e+000 -8.930241e-001 3.028933e-002 -2.031105e+000 -5.768446e-001 1.984131e+000 6.152651e-001 -1.189844e+000 -3.558019e-001 3.103027e-001 3.908334e-001 9.441276e-001 2.404333e-001 -4.566404e-001 7.854324e-001 
