2.091542e+001 6.994311e+000 -3.401614e+000 3.423818e-001 -4.098760e-001 -1.027506e+000 -1.513356e+000 -5.526326e-001 1.483001e+000 -6.186875e-001 -6.025717e-001 -2.767740e-001 
2.021046e+001 7.428243e+000 -3.574264e+000 3.643923e-001 -6.792451e-001 -8.739165e-001 -1.810050e+000 -2.511300e-001 1.129390e+000 2.214441e-002 -5.442063e-001 -3.593207e-001 
2.019863e+001 7.199526e+000 -3.862316e+000 -1.123275e-001 -2.969373e-001 -1.526665e+000 -1.418961e+000 -5.990808e-001 1.373392e+000 1.239575e-001 -8.269999e-001 -4.877516e-001 
2.028650e+001 7.272538e+000 -4.060686e+000 5.375653e-001 -6.495470e-001 -1.303680e+000 -1.267970e+000 -2.189470e-001 1.252798e+000 5.155796e-001 -1.027448e+000 -5.144489e-001 
2.003982e+001 7.754861e+000 -4.241513e+000 4.905285e-001 -8.023935e-001 -1.124042e+000 -1.360289e+000 -1.059311e-001 1.488082e+000 4.182868e-001 -1.158094e+000 -5.644290e-001 
2.111561e+001 7.210701e+000 -3.815621e+000 3.704928e-001 -6.063469e-001 -9.358310e-001 -1.314258e+000 -2.006475e-001 1.405771e+000 -1.444341e-001 -8.489244e-001 -2.411158e-001 
2.086222e+001 7.488528e+000 -3.064824e+000 8.509823e-001 -3.644498e-001 -6.816428e-001 -1.509323e+000 -2.488721e-001 1.576129e+000 -4.985416e-001 -5.708762e-001 -1.670106e-001 
2.025899e+001 7.905697e+000 -2.950195e+000 5.394882e-001 -3.617403e-001 -7.436205e-001 -1.565419e+000 -4.587793e-002 1.256574e+000 -2.394295e-002 -4.280943e-001 -2.994870e-001 
2.049753e+001 7.735912e+000 -3.462284e+000 5.108935e-001 -1.307057e-001 -1.301511e+000 -1.130145e+000 -4.031950e-001 1.526587e+000 2.163901e-001 -7.105185e-001 -4.725075e-001 
2.073886e+001 7.804980e+000 -3.460441e+000 6.996703e-001 -2.177275e-001 -1.079734e+000 -9.356543e-001 -1.449738e-001 1.455888e+000 4.867422e-001 -9.100030e-001 -5.495314e-001 
2.036393e+001 8.254309e+000 -3.918625e+000 9.309732e-001 -4.118937e-001 -1.022077e+000 -9.990936e-001 5.121394e-002 1.645687e+000 4.650693e-001 -9.797299e-001 -6.074193e-001 
