5.168922e+000 1.673541e+001 -3.688722e+000 4.321804e+000 -1.915517e+000 2.016666e+000 -1.209688e+000 -1.381311e+000 2.492121e+000 -2.550601e+000 -8.187871e-001 1.483044e-001 8.336438e-002 -3.305994e-001 2.217956e-001 -2.666373e-001 -2.181746e+000 -5.707144e-001 1.103298e-001 -1.542834e-001 3.634680e-001 -9.692240e-002 1.299229e-001 -5.818274e-003 
3.957451e+000 1.572881e+001 -3.600522e+000 1.935279e+000 -1.530052e+000 1.318488e+000 -3.517441e+000 -1.364237e+000 5.177435e-001 -1.547708e+000 1.445430e-001 -2.408389e-001 3.208743e-001 -5.643555e-001 1.015282e+000 4.961367e-001 -1.538015e+000 -4.035835e-001 9.060215e-001 -9.036814e-002 -4.028207e-001 -8.227025e-002 -2.855105e-002 -1.627281e-001 
3.369423e+000 1.543932e+001 -4.533870e+000 1.263699e+000 -3.636952e+000 -1.791752e-001 -4.426045e+000 -5.754180e-001 5.131113e-001 -3.386440e+000 -7.479615e-001 -4.347338e-001 6.154448e-001 -7.098586e-001 2.322256e+000 3.766461e-001 -1.498132e+000 -3.404768e-001 1.242880e+000 1.086177e+000 3.524500e-001 4.082910e-001 -4.216469e-001 2.985100e-001 
4.407093e+000 1.461524e+001 -4.389559e+000 5.495379e-001 -1.235016e+000 1.207304e+000 -3.068095e+000 9.225454e-001 5.536411e-001 -2.599185e+000 -1.524529e+000 9.161072e-002 -2.602471e-001 -5.893541e-001 1.340206e+000 2.785014e-001 -1.270573e+000 -5.383275e-001 9.734324e-001 -3.173053e-002 5.714741e-001 -1.634317e-001 -5.340204e-001 -8.642961e-002 
5.877407e+000 1.156723e+001 -4.842294e+000 9.289486e-001 -2.356864e+000 2.802287e+000 -3.652416e+000 2.314622e+000 2.585427e-001 -1.319984e+000 -1.065204e+000 2.220943e-001 1.683461e-001 -9.205073e-001 7.178822e-001 -3.194792e-001 -1.436611e+000 -1.323915e+000 3.012606e-001 2.870487e-001 3.241579e-001 -4.338664e-001 -3.289433e-001 4.770803e-002 
1.591095e+001 5.091440e+000 -4.722214e+000 6.313497e+000 -5.214112e+000 3.903553e+000 -4.583726e+000 2.462677e+000 -1.175620e+000 -1.051485e+000 -1.427814e+000 -5.501749e-001 -7.159587e-001 -4.606206e-001 1.152777e+000 -6.683971e-001 -6.428303e-001 -6.115831e-001 2.739726e-001 -7.295677e-002 3.231779e-001 -8.286268e-001 -3.581360e-001 -3.105060e-001 
1.490006e+001 4.691857e+000 -3.962284e+000 7.793053e+000 -4.760344e+000 4.265253e+000 -4.464019e+000 1.845532e+000 -2.930639e-001 -1.076239e+000 -1.667903e+000 3.310859e-001 -6.078206e-001 9.984565e-002 1.106572e-001 -6.846205e-001 -1.093516e+000 -4.547222e-001 -4.502723e-001 7.962587e-002 -5.486804e-002 -1.078548e-001 1.360704e-001 -1.080452e-001 
1.346419e+001 6.630155e+000 -2.974158e+000 6.102951e+000 -3.897354e+000 3.546033e+000 -3.452954e+000 2.018592e-003 8.072527e-001 -1.471925e+000 -1.234878e+000 7.113623e-001 -1.497992e-001 2.668937e-001 4.336047e-001 -1.714278e-001 -2.534851e-001 9.811370e-002 -5.667740e-001 -2.293541e-001 -2.532114e-001 -4.930537e-001 6.059450e-002 8.777398e-002 
1.193611e+001 1.063787e+001 -2.018744e+000 6.608989e+000 -3.592178e+000 4.697314e+000 -1.557694e+000 9.954544e-001 1.968539e-001 -1.144747e+000 -1.358368e+000 6.520854e-001 -8.826464e-002 3.250617e-001 5.478633e-001 3.768662e-003 -6.186548e-001 6.768993e-001 2.148973e-001 2.178391e-001 -2.599240e-001 -8.340494e-001 -5.264858e-001 -1.197076e-001 
1.169423e+001 1.161585e+001 -1.703677e+000 3.507844e+000 -6.257272e-001 3.356010e+000 -1.916803e+000 -1.163705e+000 1.765754e+000 -1.809605e+000 -1.580732e+000 -7.736178e-001 3.134042e-001 -5.025050e-001 -9.479510e-003 -3.889079e-001 -1.014718e+000 -8.349025e-002 -1.242391e-001 1.363518e-001 -4.105334e-001 -9.773706e-001 -6.854123e-001 -6.363143e-002 
1.197403e+001 1.612623e+001 -2.905680e+000 4.058342e+000 -9.964908e-002 3.449379e+000 -4.850941e+000 -1.538182e+000 1.429646e+000 -1.866916e+000 -1.937215e+000 -5.070158e-001 -5.300484e-001 2.002866e-001 1.243857e+000 -7.468020e-002 -1.281644e+000 -1.135685e+000 5.289359e-001 -2.926034e-001 -1.925641e-001 -1.113580e+000 -7.412775e-001 -4.047033e-001 
1.541810e+001 1.562607e+001 -2.527947e+000 3.440846e+000 1.986392e-001 1.456282e+000 -4.340405e+000 -2.570000e+000 2.891851e+000 -2.055419e+000 -1.702487e+000 -3.245780e-002 -1.705435e-001 -2.708665e-001 1.331598e-001 2.775046e-001 -1.439439e+000 -6.255415e-001 2.163198e-001 -2.706198e-001 1.067581e-001 -8.542061e-001 -1.364823e+000 -6.213844e-001 
1.536276e+001 1.705603e+001 -4.260151e+000 4.077763e+000 -6.054930e-001 4.164054e-001 -4.706073e+000 -3.470199e+000 3.421424e+000 -2.230777e+000 -1.357811e+000 7.816795e-001 -3.623991e-001 -5.950792e-001 -7.106822e-001 1.405166e-001 -1.138550e+000 -8.626812e-001 3.615753e-001 -5.578728e-001 -3.434905e-002 -2.607823e-001 -1.231724e+000 -2.754195e-001 
1.571181e+001 1.641335e+001 -3.103868e+000 3.010980e+000 6.299069e-001 8.850088e-001 -4.465057e+000 -2.762743e+000 2.310336e+000 -2.461499e+000 -8.707896e-001 6.644813e-001 -1.987005e-001 1.978158e-002 -5.546326e-001 -2.159895e-001 -1.232020e+000 -1.368413e+000 -1.051912e-001 3.922587e-002 5.363700e-002 -4.985867e-001 -9.100432e-001 -4.317252e-001 
1.379499e+001 1.847943e+001 -4.565645e+000 3.662329e+000 1.747908e-001 1.912055e+000 -4.808448e+000 -3.126637e+000 2.333228e+000 -2.094658e+000 4.149277e-002 6.827061e-001 -1.025299e-001 -1.018709e+000 -2.124432e-002 -3.372704e-002 -2.313916e+000 -1.269790e+000 -1.226100e-001 3.567009e-001 1.768128e-001 -7.977127e-001 -9.074015e-001 -2.491360e-001 
1.302237e+001 1.815363e+001 -3.806770e+000 3.144784e+000 5.280098e-001 1.182028e+000 -5.380827e+000 -3.578988e+000 2.064197e+000 -1.226138e+000 6.120654e-002 8.497809e-001 -8.601324e-001 -1.619539e+000 3.074667e-001 5.992505e-003 -2.002517e+000 -1.096549e+000 -8.270772e-002 -1.590447e-001 4.992447e-002 -6.055906e-001 -9.898073e-001 4.986441e-001 
1.491077e+001 1.606940e+001 -2.623545e+000 2.116971e+000 1.115948e+000 7.309274e-001 -3.998115e+000 -3.033225e+000 1.896034e+000 -1.487132e+000 -1.385751e+000 9.087265e-001 -3.811055e-001 -1.107784e+000 6.094694e-001 1.966505e-002 -2.360355e+000 -1.140422e+000 2.722918e-001 -6.855129e-002 4.444886e-002 -6.817431e-001 -1.067772e+000 -1.517431e-001 
1.702559e+001 9.870837e+000 4.711397e-001 1.283118e+000 1.654001e+000 2.380440e-001 -1.588956e+000 -9.873659e-001 3.258954e-001 -1.093617e+000 -1.131736e+000 3.512591e-001 2.813157e-001 -1.507440e-001 4.381641e-001 6.387205e-002 -1.293325e+000 -7.167925e-001 6.233786e-001 4.682639e-001 -2.467987e-002 -5.905467e-001 -6.628814e-001 5.146736e-002 
5.738356e+000 1.498775e+001 -3.898268e+000 1.940365e+000 -2.031991e+000 1.656726e+000 -2.226880e+000 -1.298815e+000 8.548760e-001 -2.957457e+000 -2.235390e+000 7.491954e-001 2.691905e-001 -4.015666e-002 9.232622e-001 3.983999e-001 -1.463632e+000 -6.252464e-001 9.105903e-001 -5.725426e-002 4.048240e-001 9.403110e-002 7.016415e-002 -2.817486e-001 
4.029342e+000 1.457597e+001 -4.140280e+000 1.119322e+000 -1.245586e+000 2.521971e+000 -3.156688e+000 1.642740e-001 -7.174031e-002 -1.920285e+000 -1.431579e+000 2.473216e-001 1.910587e-001 -4.913171e-001 7.781119e-001 3.344248e-001 -1.019166e+000 -1.453955e-001 1.188784e+000 -3.082742e-001 -2.180710e-001 -5.800404e-001 -2.884756e-001 4.564689e-002 
4.437285e+000 1.607835e+001 -3.894335e+000 1.594850e+000 -1.838883e+000 1.935450e+000 -2.916252e+000 4.842013e-001 9.031447e-001 -2.476263e+000 -1.453944e+000 -7.579639e-001 5.080859e-001 -7.554157e-001 1.529954e+000 1.041802e-002 -1.530940e+000 -7.543026e-001 6.054689e-001 6.559641e-002 5.648221e-002 -8.513564e-002 -4.765319e-001 2.085724e-001 
4.078273e+000 1.465320e+001 -3.486614e+000 1.108921e+000 -6.376806e-001 2.039005e+000 -2.736500e+000 1.140379e+000 6.969959e-001 -2.100162e+000 -1.224987e+000 3.643012e-002 -4.209293e-001 -3.330951e-001 1.787906e+000 4.207205e-001 -1.340840e+000 -5.120866e-001 1.006500e+000 -5.209225e-001 -6.089219e-002 -9.158460e-001 -7.899121e-001 -1.934726e-001 
8.907960e+000 1.085839e+001 -3.755951e+000 3.329509e+000 -3.256038e+000 3.092224e+000 -4.108647e+000 2.452729e+000 -2.407479e-001 -8.897582e-001 -8.707920e-001 1.824030e-001 2.137447e-001 -7.051320e-001 5.553960e-001 -1.223428e+000 -1.219179e+000 -7.337899e-001 4.158787e-001 4.850835e-002 3.626491e-001 -1.294489e-001 2.103709e-001 1.416679e-001 
1.654588e+001 5.173091e+000 -4.230037e+000 6.927313e+000 -5.825263e+000 3.342584e+000 -4.972667e+000 2.523467e+000 -1.365388e+000 -6.528835e-001 -5.078384e-001 9.749995e-001 -8.288422e-002 -6.154490e-001 -2.456791e-002 -1.519202e+000 -1.359134e+000 -7.276700e-001 1.360737e-001 2.487675e-001 6.882693e-001 -2.027618e-001 1.359222e-001 -3.003870e-003 
1.449418e+001 5.047435e+000 -4.111406e+000 7.017429e+000 -4.816380e+000 4.674913e+000 -3.512105e+000 2.560357e+000 7.886647e-001 -1.170400e+000 -2.171815e+000 -9.074219e-002 -8.020775e-001 -2.560623e-001 -3.650872e-001 -1.047403e+000 -9.982561e-001 -4.492521e-001 -3.624485e-001 1.331606e-001 -9.249490e-002 -3.995261e-001 -6.965481e-002 -1.981892e-001 
1.282300e+001 7.878446e+000 -3.175980e+000 6.942669e+000 -3.963518e+000 4.657838e+000 -2.821097e+000 9.052552e-001 6.105625e-001 -6.860395e-001 -1.565082e+000 5.086261e-001 -9.209543e-001 -1.182573e-001 -3.513751e-001 4.170245e-002 -2.771964e-001 4.593792e-001 -6.411815e-001 2.815117e-001 3.659694e-002 -6.921076e-001 -5.130183e-001 8.268170e-002 
1.155629e+001 1.151763e+001 -2.127178e+000 6.809411e+000 -3.128852e+000 4.851447e+000 -1.849543e+000 8.896028e-001 8.330290e-001 -8.177481e-001 -1.176980e+000 1.289852e-001 -1.085851e+000 -2.982740e-001 6.150122e-001 1.319550e-001 -9.856490e-001 1.769569e-001 4.522004e-001 3.181105e-001 -2.951063e-001 -5.960251e-001 -7.250332e-002 -2.599968e-003 
1.068890e+001 1.503579e+001 -3.952534e+000 4.789403e+000 -1.779391e+000 4.640804e+000 -3.940668e+000 -1.121895e+000 8.476473e-001 -1.637913e+000 -1.357446e+000 -1.047148e+000 1.026790e-001 -9.100952e-001 9.239520e-001 -4.131476e-001 -9.139151e-001 -7.972915e-001 8.898949e-002 -8.861188e-002 -3.616416e-001 -9.946338e-001 -6.871050e-001 -2.416624e-001 
1.312804e+001 1.672396e+001 -2.712509e+000 3.197802e+000 -5.502324e-001 2.564712e+000 -4.893197e+000 -1.273555e+000 2.144373e+000 -2.099882e+000 -1.897147e+000 -1.416517e-001 -6.267173e-001 -1.836840e-001 8.057043e-001 -2.748919e-001 -1.308129e+000 -6.087229e-001 7.700055e-001 -2.703115e-001 -3.551459e-001 -1.089453e+000 -6.532204e-001 -6.426922e-001 
1.582697e+001 1.585316e+001 -3.376106e+000 3.250790e+000 -3.663260e-001 9.365880e-001 -4.316516e+000 -2.173963e+000 3.333871e+000 -2.186325e+000 -1.623101e+000 1.493492e-001 -9.689002e-002 -3.054255e-001 -2.266763e-002 -2.615907e-002 -1.806392e+000 -7.329938e-001 2.830378e-001 -3.496758e-001 1.379000e-001 -5.449722e-001 -1.309854e+000 -4.412079e-001 
1.301078e+001 2.020875e+001 -7.102279e+000 6.336870e+000 -1.775442e+000 1.441024e+000 -4.448803e+000 -3.695070e+000 4.199263e+000 -3.327526e+000 -3.645474e-001 -1.407067e-001 2.636571e-001 -5.174659e-001 -2.275245e-001 6.145459e-002 -1.585707e+000 -9.503290e-001 -1.840223e-001 1.208150e-001 -1.313142e-002 7.428837e-002 -1.696068e+000 -3.649576e-001 
1.508025e+001 1.656398e+001 -3.409839e+000 3.190827e+000 6.291506e-001 5.581796e-001 -4.800143e+000 -3.648631e+000 2.151823e+000 -1.933929e+000 -1.631805e-001 6.938531e-001 -8.002726e-001 -2.384276e-001 -7.165047e-001 1.034991e-001 -1.014156e+000 -1.156939e+000 -2.042292e-001 -1.942388e-001 1.386019e-001 -7.061762e-001 -5.430839e-001 -1.526316e-001 
1.231041e+001 2.024992e+001 -6.353894e+000 4.597567e+000 -1.083389e+000 1.567818e+000 -5.431982e+000 -3.644716e+000 2.745724e+000 -2.464149e+000 4.242446e-001 1.136909e-001 -3.887656e-002 -1.502890e+000 7.423747e-001 1.525469e-001 -2.183712e+000 -1.150304e+000 -3.068139e-001 4.482189e-001 -1.914295e-001 -3.260294e-001 -1.009630e+000 -1.620456e-001 
1.287352e+001 1.814437e+001 -4.713452e+000 2.945489e+000 -3.417130e-001 1.454216e+000 -5.279797e+000 -2.916234e+000 1.571516e+000 -1.782861e+000 -5.406528e-002 5.708242e-001 -3.897317e-001 -1.503679e+000 5.198986e-001 -9.539454e-002 -2.050976e+000 -1.269784e+000 1.315746e-001 1.530417e-001 -1.943785e-001 -4.815597e-001 -9.651521e-001 3.852391e-001 
