8.692329 2.229545 -5.927915 11.548900000000001 -8.4895 2.6435740000000005 -3.8354910000000006 -0.1467265 0.2344765 -2.983454 1.040946 -2.145516 2.440025 -0.42397110000000005 0.9717146000000001 -0.06423197000000001 -0.8467776999999999 -0.4011828 -1.5137750000000003 0.5078226 -0.2671123 1.236986 -0.41533089999999995 0.9545285999999998 
8.47395 2.502074 -6.114795 10.73254 -8.187247 2.643425 -3.514826 -0.2551356 0.3159029 -3.175217 0.22779419999999997 -1.965019 2.920893 -0.07374018 1.2285959999999998 -0.1176315 -1.202426 -0.5872631 -1.227215 0.48624210000000007 -0.41156380000000004 1.5651379999999997 -0.38782540000000004 1.033603 
8.462987 3.3470909999999994 -7.038864000000002 11.484049999999998 -7.901983 2.287403 -3.9859620000000002 -0.6379652 0.9965761000000002 -2.449385 0.9394533999999999 -2.182079 2.473606 -0.9914915999999999 1.228943 -0.10781969999999999 -0.9161918 -0.3940618 -1.003961 0.6770145999999999 -0.8383689 1.6158400000000002 -0.7270338 0.9060598999999999 
7.754244999999999 2.1712190000000002 -6.962736 11.906710000000002 -8.837686 1.580541 -3.687922 -0.10344960000000002 1.031699 -2.09647 1.267628 -2.445074 2.240724 -1.4083179999999997 0.5800679 0.08173293999999999 -0.7558154000000001 0.08032132000000002 -0.9862867 0.12421530000000001 -0.5205854 1.401619 -0.9202607 0.8422596999999998 
7.6631 1.818503 -8.311599 10.25446 -9.521569999999999 1.8054729999999997 -4.072338000000001 -0.7930165999999998 1.760617 -1.9481400000000002 1.349119 -2.0358319999999996 2.589947 -0.06373021 0.5280883 -0.1446244 -0.8462429 0.05773764999999999 -0.9980757999999998 -0.2573621 -0.8731144999999999 0.8410956 -0.9665074000000001 0.8662981 
5.790312999999999 1.9577139999999997 -8.674391 10.258539999999998 -9.869167 0.9612094999999999 -3.813772 -1.271693 0.740743 -3.1516899999999994 1.4056289999999998 -2.282119 3.2673370000000004 -0.226602 1.4325329999999998 -0.05951559 -1.4624050000000002 0.15133869999999996 -1.213869 0.2783089 -1.205491 1.1741270000000001 -0.39126990000000006 1.2054290000000003 
4.497843 0.9536353999999998 -8.23462 10.42817 -9.240453 0.40889849999999994 -3.3347170000000004 -1.635534 0.20682739999999994 -2.596664 1.7342759999999997 -1.65607 2.2434219999999994 -0.4980319 1.1679329999999999 0.7720215 -0.4437867 0.08970222 -0.3824345 1.1540289999999997 -0.01658298 0.8301492 -0.5905223 1.4812200000000002 
4.9635299999999996 4.442818 -7.266039 10.38117 -7.899019000000001 1.5443960000000003 -2.394121 -0.1394582 0.8724980999999998 -3.713389 1.129039 -2.148869 1.5290680000000003 -0.194393 0.3138043 0.35682519999999995 -1.0939689999999997 -0.18545009999999998 -1.058784 -0.20191509999999996 -0.267966 0.7701431999999999 -0.1886702 1.061269 
4.575803 5.5978580000000004 -6.274029 10.86099 -6.517483999999998 1.6787030000000003 -0.4325355000000001 1.160227 1.855656 -3.2858519999999993 0.07302220999999999 -2.0418869999999996 1.8149580000000003 -1.0772580000000003 0.7593471999999999 0.1304704 -0.6695061999999999 0.2227154 -0.7581463 0.06161541999999999 -0.7268863000000001 0.5398784 -0.45546169999999997 0.9153139 
5.491770000000001 6.012841000000001 -6.091318 10.36204 -4.045049 0.6157541000000001 -1.043092 1.02009 2.0100459999999996 -2.93094 -0.7658807999999999 -1.8344609999999997 0.611427 -1.1935140000000002 0.37612539999999994 0.7858997 -0.3879967999999999 0.1400076 -0.4094313 0.46478160000000013 0.22999250000000002 0.2711941 -0.6267814 0.8846688 
6.385406 9.364000000000003 -5.772601000000001 11.54208 -4.699037 0.08289462000000002 -3.184794 0.21986609999999998 2.0193240000000006 -4.372152 -0.1347552 -2.551516 1.7673400000000004 -1.3412070000000003 0.8237283 1.039256 -0.5424894 0.0015801170000000002 -0.5467119 1.149532 -0.473315 0.9719328999999999 -0.3944245 0.9497172000000002 
9.110792000000002 9.741927000000002 -3.6692369999999994 8.712512000000002 -3.2273679999999993 -0.6142986 -3.6678500000000005 0.550966 2.776225 -3.8000259999999995 -1.5564459999999998 -1.227775 0.2367138 -1.661042 -0.33421870000000004 1.4261079999999997 -0.11405 0.8286903 0.7764447 0.1919194 -0.35066830000000004 -0.1599288 -0.1612524 0.5853107 
11.435379999999999 12.38248 -4.574348999999999 9.016467 -3.4239229999999994 -1.0989699999999998 -4.220592 -0.11099550000000001 2.934283 -3.3896319999999998 -1.569325 -1.796716 -0.11703969999999998 -1.5122300000000002 0.38816419999999996 1.8560009999999996 -0.30359319999999995 0.8171064 0.9598437999999999 0.3374297 -0.5995024 -0.30349009999999993 -0.0066916070000000005 0.5471453 
14.658109999999997 12.079930000000001 -3.0010450000000004 6.299529999999999 -2.125492 -1.4753810000000003 -3.9961629999999997 -0.8061888 2.883647 -3.395153999999999 -2.488222 -1.887221 -0.15715560000000003 0.34965100000000005 0.7197657 2.054206 -1.279927 -0.21322660000000002 0.7793441999999999 -0.1644059 0.7641497 0.16274049999999998 0.29330569999999995 0.1919115 
12.30227 16.30053 -7.065241 7.7670129999999995 -3.029178 0.311081 -3.95994 -1.7198569999999997 2.596339 -4.855507 -1.8992780000000002 -1.891406 1.8161869999999998 0.8480407999999999 0.6567994 1.011024 -1.873799 -0.03639335999999999 0.2732471 -0.3976218 0.42514919999999995 0.8809188 1.106293 0.6687957999999999 
13.84187 13.16605 -5.756858 6.135485000000001 -0.8689460000000001 1.227728 -3.1557290000000005 -2.16075 0.5212652000000001 -4.363939000000001 -2.313219 -0.6236635 2.499431 1.114542 -0.02237256 0.5062376999999999 -1.8122070000000003 -0.38144199999999995 0.6205436999999999 -0.1187283 0.23305590000000004 0.9299656 0.9220202000000002 0.5366254 
14.096630000000001 12.35562 -4.933312 5.218133000000001 -0.1809433 1.685027 -3.639242 -2.786678 0.6535193 -3.258986 -1.8119189999999998 -0.6199975000000001 1.4355150000000003 0.0501353 -0.2823711 0.7734316000000001 -0.775322 0.4116952 0.7218470999999999 -0.41991129999999993 -0.3344425 0.49937990000000004 0.7827332 0.6325672999999999 
17.7831 7.507361000000001 -2.822529 5.241511 -1.151021 2.067288 -3.3357129999999993 -2.315045 -0.3026844 -3.0050549999999996 -1.44883 -1.645707 0.62143 0.29915510000000006 -0.5865727 0.8629831 0.0021966250000000002 0.05205947 0.31488659999999996 -0.47410290000000005 -0.2754347 0.22777549999999996 0.06811566000000001 0.6783514999999999 
11.674819999999999 1.224424 -4.110316 8.190556 -6.725003999999999 1.939437 -2.117341 0.42025470000000004 1.3684139999999998 -2.334088 0.3590787 -1.862226 0.7277825 -0.9121170999999999 0.22910539999999996 0.9495912000000002 -0.419343 -0.3164197 -0.7498476 0.37278870000000003 -0.15818580000000002 0.1494477 -0.7165393 0.7468407 
8.977047 2.662485 -4.662843 9.624009 -8.672754 1.82718 -3.0194119999999995 0.18655449999999998 0.8636375999999999 -2.488199 -0.338177 -3.7780130000000005 0.29820469999999993 -1.383148 0.9925829000000002 1.188407 0.4306402 0.8513390999999999 -0.2653072 0.8623189 -0.47084409999999993 0.5844239 -1.176628 0.47606629999999994 
9.225203 1.6425269999999998 -5.394455 8.916517 -7.776111 2.364718 -2.41934 -0.11035260000000001 0.8199772000000001 -2.23574 -0.5044423 -3.334754 0.6639447 -1.041599 0.8504679 0.6386342000000002 0.2846457 1.028427 -0.06530062000000002 0.7066049999999999 -0.4197598 0.8516200000000003 -1.302366 0.130327 
6.873274000000001 1.5727860000000002 -8.640624 10.094700000000001 -9.299138 2.281898 -3.1471860000000005 0.6668802 1.787936 -1.841868 1.040996 -3.3875309999999996 1.348063 -1.29685 0.7300914 2.59506E-4 -0.2790478 0.7426677 -0.372957 0.031217240000000004 -1.136338 0.7436711000000001 -1.421596 0.34820619999999997 
8.738794 0.474158 -6.710079999999999 8.483342 -8.671853 1.1754 -2.361338 -0.11340740000000002 1.3571019999999998 -1.9387690000000002 0.35862900000000003 -2.10861 1.9520269999999997 0.3374367 0.8645576999999999 0.6425081 -0.8189574000000002 -0.4868218 -1.02276 0.08562747000000001 -0.048477969999999995 0.8876957 -0.7903032999999999 0.6207378 
8.275524000000003 4.142152 -7.603605000000001 9.470795 -9.601051 1.204421 -2.932554 -1.1053689999999998 1.016777 -3.21689 0.1202054 -3.3039990000000006 1.967801 -0.06599120999999998 0.576385 0.4115734999999999 -0.7705059 0.6826388999999999 -0.33147640000000006 0.5704192 0.2280377 0.8644800000000001 -0.24262929999999996 1.195111 
7.744433999999999 4.541498 -7.801552999999999 9.540436 -9.910933 0.3572234 -3.4412039999999995 -1.24123 0.5380765 -3.086608 -0.17889709999999998 -3.34797 1.9202550000000005 -0.5945296999999999 0.8579796999999998 0.40434629999999994 -0.4555799 0.3190716 -0.4146485000000001 0.9126712999999997 -0.014958559999999997 0.864459 -0.4511744000000001 1.122861 
6.461908 5.295327999999999 -7.330377999999998 10.18795 -8.949109 1.399566 -3.1078550000000003 -0.9921948 1.1897339999999998 -3.5882730000000005 1.001829 -2.858172 1.6328890000000003 -0.6489935 0.9322615 0.625317 -0.6790927 -0.09500187000000002 -0.9875848000000003 0.6079268 -0.09666850000000002 1.3133040000000002 -0.6635096000000001 1.236065 
5.645085000000001 4.909793999999999 -6.814248 9.901916 -5.570828 2.787308 -1.6785700000000001 0.41564429999999997 2.0594870000000003 -2.006661 0.572985 -1.991268 1.389277 -0.9946972 0.1566641 0.4353755000000001 -0.5477108 -0.6080612 -1.3884609999999997 0.1652584 -0.5633303 0.36489420000000006 -0.436413 0.8858740999999999 
5.959874 6.815679000000001 -7.8174399999999995 10.989990000000002 -6.103358999999999 2.314529 -1.724195 -0.0012392900000000003 2.3370980000000006 -3.361122000000001 0.9839070999999999 -2.5465440000000004 2.325224 -1.16657 0.47510800000000003 0.26317149999999995 -1.220543 -0.03237032 -0.9370646999999999 0.7920502000000001 -0.7681923 1.035964 -0.5222894 1.421901 
8.117295 8.909063000000002 -7.108341000000001 10.17463 -6.071556 1.176411 -2.793355 -0.33426439999999996 2.2383920000000006 -3.9632350000000005 -0.18030670000000001 -2.0949829999999996 2.21707 -1.325336 0.7833236 1.223261 -1.151057 -0.244637 -0.4534371999999999 0.8906245000000002 -0.03412844 1.011647 -0.6975072 0.5900542 
8.845394 9.829788 -5.161584 9.251886999999998 -5.07594 0.33606630000000004 -2.998469 0.6077352 2.7198759999999997 -3.768667 -1.478719 -2.161838 1.232727 -1.376291 0.1901587 1.3820630000000003 -0.7941218 0.18338579999999996 0.5592619 0.8765484 -0.1331753 0.3826261 -0.5260002999999999 0.4213149 
11.69645 11.465149999999998 -4.997599999999999 9.498826 -4.25871 -0.7246553999999998 -4.747701 0.2584259 2.224558 -3.3047879999999994 -1.108875 -2.321774 0.7576828999999999 -2.068623 0.43873959999999995 1.8677810000000004 -0.2038913 0.6639805 0.6381892000000001 0.6074273999999998 -0.6851162999999999 0.2786369 -0.39505830000000003 0.5968214 
13.93267 12.04909 -4.083046 7.603879 -3.527186 -0.5758252 -4.152102 -0.4195218 2.454754 -3.0600960000000006 -2.093671 -2.276657 0.1211894 -0.7045760999999999 1.046734 1.731854 -0.6820591 0.4526799000000001 0.6575637 0.31610240000000006 -0.059932849999999996 0.1463532 -0.12173349999999997 0.45621009999999995 
12.92712 15.18191 -7.465764999999999 8.720369 -4.332258 1.5269600000000003 -4.326751000000001 -1.177811 2.568153 -4.447704000000001 -1.248329 -3.5374149999999998 2.278207 -0.7081802 1.855281 0.9917406 -1.3848090000000002 0.08046684 -0.4772828000000001 0.8463621999999998 -0.6997505000000002 1.8486069999999997 -0.12086589999999998 0.8131792000000002 
14.681039999999998 12.75902 -5.030651 5.598111000000001 -2.587935 0.9082477000000002 -3.5993369999999993 -1.276984 1.57826 -3.9967499999999996 -2.0459649999999994 -1.193379 1.5185320000000002 0.5076779 0.04653753 0.312395 -1.183593 0.4379876 0.7024201999999999 0.09780184000000001 0.11117789999999997 0.5368190999999999 0.2768507 0.21607320000000002 
12.49035 14.31398 -6.747518999999999 7.628709999999999 -2.894009 2.504745 -4.220762999999999 -2.419791 0.6042116000000001 -4.015605999999999 -0.44863069999999994 -2.026313 2.614779 -0.15218679999999998 -0.09930258000000002 0.2947502 -0.6644213 0.3363323999999999 0.0364642 0.20443110000000003 -0.6970865 0.9982013 0.7066067 0.8942167999999999 
