1.728128e+001 9.040631e-001 -8.627050e-002 5.220536e+000 -1.873022e+000 2.843137e+000 -2.688311e+000 1.398166e+000 -4.368842e-001 -2.090911e-001 -1.117596e+000 9.234176e-002 
1.828399e+001 2.028347e-001 1.692158e-001 4.553700e+000 -2.158841e+000 2.376883e+000 -2.635776e+000 1.065381e+000 -9.189578e-001 -2.801721e-001 -8.381543e-001 4.187720e-001 
1.764223e+001 3.395386e-001 2.204060e-001 6.061198e+000 -2.065220e+000 3.208129e+000 -2.808932e+000 1.257403e+000 -1.325546e+000 -5.525386e-001 -1.637647e+000 1.050867e-001 
1.842514e+001 2.020109e-001 8.796871e-001 5.776078e+000 -1.925028e+000 3.075848e+000 -2.874903e+000 9.580946e-001 -1.050395e+000 -3.764866e-001 -1.468046e+000 1.498768e-001 
1.814130e+001 4.396148e-001 5.871494e-001 4.839808e+000 -1.944080e+000 3.160772e+000 -2.299217e+000 1.033507e+000 -1.122698e+000 -5.034219e-001 -1.332907e+000 1.493129e-001 
1.762674e+001 4.793745e-001 1.269126e+000 4.631829e+000 -2.502833e+000 3.521400e+000 -2.774457e+000 9.750254e-001 -9.815769e-001 -2.737333e-001 -1.141328e+000 2.324589e-002 
1.615748e+001 1.005006e+000 5.368476e-001 4.785937e+000 -1.983948e+000 3.039475e+000 -3.037669e+000 1.541226e+000 -6.386292e-001 1.367999e-001 -9.090573e-001 2.876250e-001 
1.484557e+001 2.793369e+000 -6.811436e-002 5.112961e+000 -1.950711e+000 2.962765e+000 -2.854074e+000 9.871963e-001 -4.447278e-001 2.099145e-001 -5.000347e-001 7.237451e-001 
1.399329e+001 6.968103e+000 -5.733051e-001 4.763946e+000 -1.086921e+000 2.534080e+000 -4.110028e+000 8.085826e-001 -2.176700e-001 4.834727e-001 -8.268845e-001 3.534170e-001 
1.529225e+001 7.942801e+000 -1.000319e+000 4.283851e+000 2.484072e-001 1.849141e+000 -4.846637e+000 3.193022e-001 1.131941e-001 6.655383e-002 -7.839826e-001 3.379130e-001 
1.586023e+001 8.838532e+000 -1.765869e+000 4.976757e+000 3.526298e-001 1.275852e+000 -4.967247e+000 7.850361e-001 -3.085741e-001 3.814236e-001 -6.706807e-001 2.083886e-001 
1.657899e+001 9.157797e+000 -1.199502e+000 4.238632e+000 2.180281e-001 1.297233e+000 -4.701326e+000 6.017356e-001 -2.836898e-001 1.901467e-002 -5.526466e-001 5.359874e-001 
1.693219e+001 1.004480e+001 -1.596269e+000 4.107738e+000 -2.208531e-002 1.407260e+000 -4.445234e+000 7.850615e-001 -4.616358e-001 -2.672317e-001 -8.040307e-001 4.796126e-001 
1.728216e+001 9.801590e+000 -1.798296e+000 3.856824e+000 6.946900e-001 6.818508e-001 -3.664224e+000 -4.641668e-002 6.380608e-002 -3.306367e-001 -7.118052e-001 7.926725e-001 
1.674849e+001 1.084025e+001 -2.739802e+000 4.565476e+000 4.793370e-002 9.912815e-001 -3.831977e+000 1.741306e-001 1.889482e-001 -1.064876e-001 -1.154187e+000 9.234800e-001 
1.734211e+001 1.035494e+001 -2.539625e+000 3.768828e+000 2.525061e-001 8.882593e-001 -3.212912e+000 -1.386433e-001 4.534733e-001 -3.045119e-001 -1.120038e+000 9.833865e-001 
1.721504e+001 1.011668e+001 -2.212699e+000 4.159130e+000 3.756095e-001 1.355813e+000 -3.286838e+000 -9.445465e-002 3.155344e-001 -3.817516e-001 -1.535480e+000 7.936867e-001 
1.715443e+001 9.725535e+000 -1.764252e+000 3.961866e+000 5.984033e-001 1.233436e+000 -2.548111e+000 -1.802670e-001 3.823635e-001 -7.422874e-001 -1.880047e+000 4.240424e-001 
1.647340e+001 1.003987e+001 -2.216317e+000 4.814069e+000 -2.077674e-001 1.258687e+000 -2.557366e+000 5.618818e-001 1.140663e-001 -7.481297e-001 -2.182655e+000 1.713829e-001 
1.521204e+001 9.686844e+000 -1.531432e+000 5.285167e+000 1.502525e-001 1.633669e+000 -2.328002e+000 1.794413e-001 -2.720850e-001 -1.054287e+000 -2.006608e+000 2.952628e-001 
1.282217e+001 8.709847e+000 -4.136635e-001 5.314384e+000 5.917698e-001 2.055367e+000 -2.196979e+000 -4.557090e-001 -3.883485e-001 -1.168674e-001 -1.430065e+000 -1.305879e-001 
1.167032e+001 8.068472e+000 -1.627608e-001 4.283685e+000 2.697992e-001 2.788153e+000 -1.993602e+000 -1.008482e-001 -2.065782e-002 -2.594861e-001 -1.061529e+000 -2.936067e-002 
1.521931e+001 2.982569e+000 1.305389e+000 5.356924e+000 -1.378883e+000 2.549435e+000 -2.022959e+000 1.154069e+000 -4.713657e-001 -4.415344e-001 -6.804032e-001 -2.219122e-002 
1.644893e+001 -2.656969e-001 -5.114382e-001 5.063187e+000 -2.041784e+000 2.621004e+000 -2.682560e+000 1.469303e+000 -5.632517e-001 -4.044616e-001 -1.138336e+000 2.276412e-001 
1.752423e+001 -6.851016e-001 -5.410723e-001 4.180804e+000 -2.131333e+000 2.866842e+000 -2.110973e+000 1.216546e+000 -1.095529e+000 -5.669284e-001 -1.190726e+000 2.300644e-001 
1.676916e+001 -8.100135e-001 -6.774473e-001 5.107936e+000 -2.675388e+000 3.096433e+000 -2.814633e+000 1.128560e+000 -1.395289e+000 -2.624446e-001 -1.108008e+000 4.853191e-001 
1.717816e+001 -1.298441e+000 -3.360614e-001 4.591254e+000 -2.868602e+000 2.758123e+000 -2.758178e+000 8.711516e-001 -1.130661e+000 -2.292510e-001 -1.368484e+000 1.893617e-002 
1.681673e+001 -1.323791e+000 -8.895133e-001 3.612399e+000 -2.761744e+000 2.734593e+000 -2.450127e+000 1.069972e+000 -1.000645e+000 -4.584835e-001 -1.277993e+000 1.883561e-001 
1.709088e+001 -1.290942e-001 6.201777e-001 4.301209e+000 -2.637497e+000 3.400959e+000 -3.110737e+000 6.342465e-001 -1.376854e+000 -6.187914e-001 -1.292872e+000 1.707810e-001 
1.606245e+001 7.779094e-001 -3.066936e-001 4.143954e+000 -2.292278e+000 2.855570e+000 -3.405476e+000 1.220859e+000 -9.039336e-001 -4.222915e-001 -1.479930e+000 1.467024e-001 
1.420157e+001 2.429628e+000 -8.084832e-001 4.627246e+000 -2.282484e+000 3.398781e+000 -2.180166e+000 1.132780e+000 -4.430233e-001 6.505227e-002 -1.024006e+000 2.681125e-001 
1.386611e+001 7.246039e+000 -8.447272e-001 4.863721e+000 -9.065193e-001 2.738018e+000 -4.111918e+000 1.042707e+000 -2.331052e-001 1.684835e-001 -1.335372e+000 1.320259e-001 
1.581674e+001 8.424526e+000 -1.306451e+000 4.571531e+000 -3.946611e-002 1.851912e+000 -4.573436e+000 7.408368e-001 -1.123638e-001 9.697189e-003 -1.145933e+000 1.425945e-001 
1.635158e+001 8.873866e+000 -1.548303e+000 4.933848e+000 3.734974e-001 1.232822e+000 -4.777845e+000 1.062820e+000 -5.006764e-001 4.935177e-002 -5.550155e-001 -1.216672e-002 
1.643796e+001 9.785637e+000 -1.460312e+000 4.663340e+000 -4.626984e-002 1.518642e+000 -4.687401e+000 9.743178e-001 -2.360280e-001 9.356868e-003 -1.150550e+000 3.971110e-001 
1.717081e+001 1.018495e+001 -1.735470e+000 4.184298e+000 2.144518e-002 1.495100e+000 -4.201869e+000 7.496045e-001 -3.485050e-001 -1.770831e-001 -7.980310e-001 6.571526e-001 
1.691358e+001 1.027880e+001 -2.156340e+000 4.403522e+000 3.945354e-001 9.498025e-001 -3.726235e+000 3.389797e-001 1.926168e-001 -2.926878e-001 -7.741365e-001 6.764289e-001 
1.698901e+001 1.068315e+001 -2.660164e+000 4.367660e+000 3.148346e-001 9.816684e-001 -3.588373e+000 1.452597e-001 3.407912e-001 -2.905125e-001 -8.987997e-001 9.076653e-001 
1.713125e+001 1.093201e+001 -2.777407e+000 4.280767e+000 1.519746e-001 1.162566e+000 -3.372482e+000 -4.537544e-003 4.524279e-001 -1.982748e-001 -1.091221e+000 1.040301e+000 
1.724185e+001 1.017509e+001 -2.146015e+000 4.108075e+000 4.417608e-001 1.209681e+000 -3.018808e+000 -1.019562e-001 5.971788e-001 -2.940361e-001 -1.477966e+000 8.210005e-001 
1.675931e+001 1.022610e+001 -2.273960e+000 4.407414e+000 1.613181e-001 1.547476e+000 -2.813669e+000 1.424531e-001 4.880866e-001 -5.450210e-001 -1.811312e+000 5.250169e-001 
1.642913e+001 1.016973e+001 -2.163872e+000 4.879635e+000 5.125320e-002 1.132999e+000 -2.362414e+000 5.826052e-001 1.823480e-001 -6.252148e-001 -2.226423e+000 2.508230e-001 
1.496883e+001 9.278471e+000 -1.489969e+000 5.409632e+000 1.292591e-001 2.309592e+000 -2.327676e+000 8.365274e-001 -4.460272e-001 -8.371923e-001 -2.233557e+000 2.073014e-001 
1.281258e+001 8.428903e+000 -5.627245e-001 5.400184e+000 8.199407e-001 3.123398e+000 -1.774325e+000 -7.724760e-002 -7.312676e-001 -3.584402e-001 -1.605667e+000 -4.529383e-001 
