3.523522e+000 1.949712e+001 -4.325685e+000 4.246155e+000 -1.163309e+000 2.052820e+000 -2.638359e+000 -3.635429e-001 -9.683488e-001 -4.091556e+000 -2.726411e+000 7.556593e-001 6.712792e-001 -1.424864e+000 5.499773e-001 -1.320011e+000 -2.889907e+000 -1.407651e+000 1.875635e+000 -8.412644e-002 2.540847e-001 -1.276134e+000 -1.880387e+000 -1.259647e+000 -1.042309e+000 -6.096323e-001 -5.346375e-002 -2.389460e-001 -1.024921e+000 2.625967e-001 -8.143561e-001 1.372943e-001 1.829003e-001 8.285953e-001 1.772602e-001 5.133321e-001 
4.819393e+000 1.880777e+001 -4.006188e+000 3.994309e+000 -2.120443e+000 1.983807e+000 -2.626314e+000 -4.756291e-001 1.058999e-001 -3.107764e+000 -2.663455e+000 -1.240792e-001 2.656349e-001 -4.025643e-001 -2.811162e-001 -2.526134e+000 -3.264561e+000 -1.001738e+000 1.034648e+000 -6.563277e-001 -2.020276e-001 -1.048172e+000 -9.086903e-001 -1.216920e+000 -1.128221e+000 -8.303171e-001 6.182303e-002 1.430438e-001 -1.050629e+000 -4.748411e-001 -3.539304e-001 6.842288e-001 2.970460e-001 4.960216e-001 2.436762e-001 7.748344e-001 
1.227482e+001 1.281344e+001 -6.374417e+000 8.127647e+000 -6.416747e+000 3.462030e+000 -3.562435e+000 -4.008625e-002 -6.095624e-001 -3.487055e+000 -2.420625e+000 -4.069905e-001 -2.988305e-001 -5.986177e-001 -5.374858e-001 -2.784849e+000 -2.464338e+000 -2.401141e+000 1.567520e+000 1.933062e-001 6.871688e-001 -1.202870e+000 -1.015034e+000 -1.817001e+000 -4.437513e-001 5.359903e-002 -7.448994e-001 -4.395591e-001 -1.059430e+000 -1.338765e-001 -1.030079e+000 5.573144e-001 -7.995710e-002 4.494898e-001 3.461556e-001 3.035280e-001 
1.561127e+001 7.766921e+000 -6.435424e+000 8.983338e+000 -6.769104e+000 3.547130e+000 -3.695048e+000 -3.349744e-001 -4.269527e-001 -2.024365e+000 -2.015899e+000 -4.926639e-002 -2.258111e-001 -6.516110e-001 -1.608415e-001 -2.517787e+000 -1.983947e+000 -1.086430e+000 1.121956e+000 -8.461236e-002 7.891813e-001 -1.236978e+000 -8.644176e-001 -1.363402e+000 -8.779635e-001 -5.279947e-001 -2.852259e-001 -1.290220e-001 -1.254122e+000 -4.040424e-001 -9.370482e-001 4.374415e-001 3.605505e-001 7.374750e-001 2.210279e-002 -8.642517e-002 
1.585819e+001 9.791710e+000 -7.443656e+000 1.040064e+001 -6.370519e+000 3.313937e+000 -2.963125e+000 -6.981925e-001 1.283651e-001 -3.250627e+000 -1.517540e+000 1.772475e-001 -4.618089e-001 -1.628600e+000 -7.542087e-001 -1.806745e+000 -1.983902e+000 -1.111713e+000 1.293166e+000 -1.638464e-001 5.756243e-001 -1.171599e+000 -1.091662e+000 -1.258271e+000 -1.025944e+000 -3.537662e-001 -2.608053e-001 -2.399114e-001 -1.325676e+000 -1.985541e-002 -6.763273e-001 2.361645e-001 2.884028e-001 5.404227e-001 2.047560e-002 2.224118e-002 
1.413284e+001 1.390506e+001 -1.059312e+001 1.060185e+001 -6.046228e+000 3.000319e+000 -4.655947e-001 -1.937782e+000 2.495146e+000 -5.520066e+000 -1.068185e+000 -7.602267e-001 3.319752e-001 -1.980994e+000 -2.334327e+000 -7.486739e-001 -3.532181e+000 -6.856566e-001 1.873531e-001 -3.783235e-001 -9.404675e-001 -1.372725e+000 -1.115735e+000 -1.090015e+000 -8.039184e-001 -1.246941e+000 1.370777e-001 -2.632476e-001 -8.576093e-001 -3.423238e-001 3.279218e-002 5.171738e-001 4.884423e-001 1.072706e+000 -1.798700e-001 -1.105828e-001 
1.768468e+001 1.296821e+001 -8.531551e+000 7.146782e+000 -1.683237e+000 2.107277e+000 -2.041133e+000 -3.269611e+000 6.157001e-001 -4.969663e+000 -2.768070e+000 -4.473989e-001 -1.028731e+000 -2.344997e+000 -1.110377e+000 -5.586194e-001 -2.552936e+000 -5.334157e-001 5.176294e-001 -1.308893e+000 -1.649677e+000 -1.652338e+000 -1.094983e+000 -3.004782e-001 -1.292063e+000 -1.244380e+000 -5.360626e-001 -8.384067e-001 -6.035751e-001 -4.472143e-001 6.719917e-002 2.602832e-001 6.596115e-001 7.616905e-001 -2.476651e-001 2.758564e-001 
1.601110e+001 1.839326e+001 -1.009666e+001 7.611775e+000 -9.393422e-001 4.077773e+000 -4.493987e+000 -2.574202e+000 -6.756209e-001 -4.942888e+000 -2.917138e+000 -7.125743e-001 4.811124e-001 -2.509299e+000 4.015344e-001 -2.637628e-001 -2.107459e+000 -1.295323e+000 1.009085e+000 -1.100528e+000 -1.971269e+000 -7.311531e-001 -3.200478e-001 -5.489751e-001 -1.184857e+000 -9.981562e-001 -9.785884e-001 -6.145319e-001 -2.387099e-001 -3.340111e-001 -4.665770e-001 3.788094e-001 9.170249e-001 4.131768e-001 -5.111891e-002 4.200245e-001 
2.101017e+001 1.594352e+001 -4.716479e+000 1.641209e+000 3.432064e+000 1.538350e+000 -3.791375e+000 -2.060187e+000 2.741304e-001 -3.617012e+000 -1.881080e+000 -3.369062e-001 -7.333894e-001 -8.606531e-001 2.173028e-001 1.135600e+000 -9.262553e-001 2.587347e-001 1.402222e+000 -8.579475e-001 -1.651969e+000 -8.827876e-001 4.631386e-002 -7.319420e-002 -2.877448e-001 -2.014326e-001 -3.697713e-001 -5.634032e-001 -1.737555e-001 -1.653484e-001 -4.293661e-001 3.077791e-001 5.758477e-001 3.131329e-001 3.245468e-001 4.409348e-001 
9.228174e+000 1.714714e+001 -2.572783e+000 2.004054e+000 1.529535e+000 6.271344e-001 -2.107004e+000 -1.128639e+000 4.259629e-001 -2.824165e+000 -2.019251e+000 2.696124e-001 -6.387367e-001 -5.571292e-001 9.623994e-002 -7.370458e-001 -1.978290e+000 -5.015325e-001 1.498735e+000 -1.677987e-001 -7.064488e-001 -8.462547e-001 -1.494984e+000 -9.544135e-001 -4.774039e-001 -6.438039e-002 -1.350863e-001 -8.265927e-001 -2.710397e-001 1.417181e-001 9.162024e-002 3.261488e-001 4.535065e-001 5.440626e-001 -9.726353e-002 5.836306e-001 
5.059366e+000 1.902767e+001 -4.364489e+000 2.983873e+000 -1.242708e+000 1.470222e+000 -3.514217e+000 -1.325521e+000 -4.440393e-001 -3.217206e+000 -2.161850e+000 2.605027e-001 2.111375e-001 -8.096821e-001 2.635024e-001 -1.198168e+000 -2.541521e+000 -6.618704e-001 1.196051e+000 -5.483190e-001 -1.341400e-001 -1.194797e+000 -1.573231e+000 -1.747023e+000 -1.393029e+000 -5.777393e-001 5.152954e-001 -2.104216e-001 -1.112019e+000 9.993163e-003 -5.187077e-001 3.850239e-001 4.135669e-001 7.555322e-001 3.462798e-001 1.348421e-001 
9.898562e+000 1.443793e+001 -5.410239e+000 6.442149e+000 -4.833392e+000 1.805769e+000 -3.630803e+000 1.090504e-001 4.129595e-001 -3.661536e+000 -2.499786e+000 -3.064807e-001 -1.942282e-001 -5.223464e-001 -3.164969e-002 -2.055297e+000 -2.265091e+000 -1.430783e+000 1.873784e+000 3.012835e-001 -3.631700e-001 -1.245697e+000 -1.183082e+000 -1.615747e+000 -8.736361e-001 -3.939089e-001 -6.346618e-001 -2.929702e-001 -6.460167e-001 -4.529673e-001 -6.615499e-001 5.865568e-001 2.540266e-001 5.676041e-001 2.139296e-001 -2.140171e-001 
1.437081e+001 9.042324e+000 -6.997246e+000 9.069071e+000 -7.333981e+000 3.629076e+000 -3.820868e+000 1.171425e+000 -8.853306e-002 -1.774823e+000 -2.332661e+000 2.517773e-002 -6.499200e-001 -9.077471e-001 -5.655733e-001 -2.446978e+000 -1.963712e+000 -1.591636e+000 8.390998e-001 -3.834129e-001 5.001834e-001 -2.122741e+000 -1.178445e+000 -2.033407e+000 -7.371241e-001 4.684350e-002 -2.497975e-002 -1.957313e-001 -9.768612e-001 1.959420e-001 -4.931581e-001 7.540664e-001 3.057710e-001 2.806263e-001 2.229799e-002 1.236456e-001 
1.479621e+001 8.639160e+000 -7.737323e+000 1.086755e+001 -7.275687e+000 3.962802e+000 -3.378111e+000 3.376017e-001 -2.169992e-001 -2.070060e+000 -1.367266e+000 2.875991e-001 -1.530978e+000 -2.107845e+000 -3.821655e-001 -1.827715e+000 -1.636250e+000 -1.052491e+000 1.655446e+000 -6.150821e-001 3.544965e-001 -1.293089e+000 -1.007147e+000 -1.434869e+000 -9.114515e-001 -5.650955e-001 -1.405032e-001 -3.419201e-001 -1.003641e+000 6.490627e-002 -3.183749e-001 4.570305e-001 4.802833e-002 3.268494e-001 -3.240838e-001 1.044410e-001 
1.547253e+001 1.035983e+001 -8.576678e+000 8.750481e+000 -5.761754e+000 2.543959e+000 -6.080121e-001 -2.083664e+000 1.723165e+000 -4.280214e+000 -9.155031e-001 -3.763665e-001 5.519056e-002 -1.326825e+000 -1.087850e+000 -4.410865e-001 -3.424094e+000 -1.314415e+000 7.293143e-002 -7.854632e-001 -1.250969e+000 -1.345645e+000 -5.583666e-001 -4.430050e-001 -6.319687e-001 -8.951731e-001 -1.786554e-001 -5.215203e-001 -1.006295e+000 -3.352245e-001 1.520290e-001 2.801072e-001 4.246882e-001 8.507360e-001 2.014077e-001 -9.365208e-002 
1.570306e+001 1.382212e+001 -1.045940e+001 9.465695e+000 -3.530144e+000 2.196510e+000 -1.949813e+000 -3.109239e+000 1.103931e+000 -5.780778e+000 -2.336885e+000 -3.507422e-001 -6.702615e-002 -1.785557e+000 -1.156675e+000 -3.810592e-001 -2.803061e+000 -8.912833e-001 2.853885e-001 -1.301556e+000 -1.221088e+000 -1.130842e+000 -6.501358e-001 6.280244e-002 -7.990400e-001 -1.169614e+000 -7.147401e-001 -8.276753e-001 -1.063891e+000 -8.809379e-001 -1.445334e-001 2.511082e-001 9.517153e-001 1.018281e+000 1.560749e-001 3.261888e-001 
1.801240e+001 1.443859e+001 -7.468495e+000 5.870138e+000 1.220485e-001 2.654573e+000 -3.150914e+000 -3.309790e+000 2.109606e-001 -5.058275e+000 -3.008664e+000 3.512577e-001 6.491254e-002 -1.702839e+000 -9.766567e-002 -2.006491e-001 -2.862403e+000 -1.242730e+000 7.047622e-001 -1.068246e+000 -2.042058e+000 -6.196006e-001 -1.038463e-001 -3.454714e-001 -1.237618e+000 -1.363854e+000 -8.977848e-001 -7.565181e-001 -1.039653e-001 -4.949017e-001 -3.988820e-001 3.872037e-001 9.480628e-001 8.474886e-001 2.019551e-002 4.367380e-001 
