1.939280e+000 1.748920e+001 -1.068758e+001 8.905319e-001 1.595285e+000 5.461877e-001 -1.802069e+000 -3.484745e+000 -1.682780e+000 -4.616729e+000 -4.026995e+000 -1.951016e+000 -9.258577e-001 -1.486735e+000 -5.514004e-001 -1.475839e+000 -2.137559e+000 -3.609936e-001 -7.963158e-001 -1.447308e+000 -1.516439e-001 3.850928e-001 3.515224e-001 4.865565e-001 5.474268e-001 8.516563e-001 5.866284e-001 -6.380772e-001 -1.292531e+000 -1.483488e-001 7.240192e-001 5.300741e-001 3.669682e-001 8.063722e-002 -6.119942e-001 -9.505426e-001 
-1.833693e+000 1.747695e+001 -1.360012e+001 2.773310e+000 1.571907e+000 1.924450e+000 -4.715182e-001 -2.979220e+000 7.495146e-001 -4.986180e+000 -3.044642e+000 -1.424949e+000 6.718551e-001 -1.601392e+000 -8.585334e-001 -2.699658e+000 -2.513284e+000 3.398503e-001 -1.189144e+000 -1.298758e+000 7.188599e-002 9.743757e-001 1.387974e-001 -1.390800e-001 -8.691144e-001 -7.269553e-001 3.880288e-001 -6.224583e-001 -8.074651e-001 2.716363e-001 1.275699e+000 9.059284e-001 2.007530e-001 -3.524512e-001 -1.210814e+000 -1.371389e+000 
-3.390420e+000 1.469900e+001 -1.509170e+001 -4.402781e-002 -1.014291e+000 -4.899220e-001 -1.831024e+000 -2.088414e+000 5.751010e-001 -4.383866e+000 -3.102566e+000 -1.882532e+000 1.246271e-002 -2.680417e+000 -1.207803e+000 -1.435366e+000 -1.254987e+000 5.354192e-001 -2.686039e-001 5.767634e-002 1.083169e+000 1.051625e+000 2.357396e-001 -1.665138e-001 -1.105657e+000 -6.803722e-001 -7.371469e-001 -2.063450e+000 -1.002309e+000 -3.548799e-001 1.126648e+000 1.541798e+000 7.448963e-001 -4.081707e-003 -8.522213e-001 -5.236350e-001 
-3.441181e+000 1.542575e+001 -1.424657e+001 -5.770534e-001 -3.690764e-001 -4.664713e-001 -2.434692e+000 -3.283910e+000 2.124921e-001 -3.453760e+000 -2.563937e+000 -6.936873e-001 2.541551e-001 -1.917365e+000 -1.187535e-001 -1.657125e+000 -1.509787e+000 1.382503e+000 3.295152e-001 1.975841e-001 2.226912e+000 2.108127e+000 8.825990e-001 1.032528e-002 -1.202730e+000 -5.352708e-001 -6.779384e-001 -2.216189e+000 -1.091890e+000 5.807186e-001 1.659060e+000 1.455893e+000 6.086979e-001 2.867845e-003 -6.758734e-001 -1.167989e+000 
-4.693879e+000 1.489751e+001 -1.452722e+001 -1.410490e+000 -9.390678e-001 -7.047357e-001 -1.735907e+000 -2.579719e+000 9.373784e-001 -3.378863e+000 -2.358164e+000 7.039590e-001 2.275289e-001 -2.419219e+000 -4.941888e-001 -1.773096e+000 -1.897084e+000 1.540487e+000 3.811901e-001 9.526627e-002 2.259407e+000 2.295511e+000 1.136701e+000 -5.513125e-001 -1.119626e+000 -9.028546e-001 -1.077652e+000 -1.797266e+000 -1.577933e+000 1.617624e-001 1.587033e+000 1.408872e+000 9.134169e-001 2.062519e-001 -5.978453e-001 -6.471857e-001 
-5.468593e+000 1.382233e+001 -1.348797e+001 -1.010117e+000 1.433559e+000 3.010647e-001 -1.932141e+000 -2.393932e+000 1.468466e+000 -1.477487e+000 -2.081169e+000 -1.200184e-001 9.042597e-001 -1.037996e+000 -2.096811e+000 -3.478666e+000 -2.444119e+000 7.552340e-001 -9.873418e-002 -2.678200e-002 2.170665e+000 3.105529e+000 2.189905e+000 -1.309414e-001 -1.278619e+000 -6.248594e-001 -7.292994e-001 -1.177785e+000 -8.888875e-001 4.695484e-001 1.867807e+000 1.547028e+000 7.525656e-001 2.469970e-001 -9.061005e-001 -1.056257e+000 
-5.031488e+000 1.548295e+001 -1.410418e+001 -9.788538e-002 1.103821e+000 -2.338966e-001 -3.516628e+000 -3.899526e+000 1.015294e+000 -2.006856e+000 -1.395710e+000 -3.415546e-001 5.004660e-001 -2.496935e+000 -1.418848e+000 -1.240717e+000 -5.374214e-001 1.901988e+000 8.399424e-001 8.034447e-001 1.964468e+000 2.526688e+000 2.085155e+000 9.406508e-001 -1.263163e+000 -6.055386e-001 -9.680073e-001 -1.614792e+000 -2.855519e-001 4.376104e-001 1.538012e+000 1.614307e+000 9.388629e-001 3.227457e-001 -1.906636e-001 -5.273176e-001 
-5.227672e+000 1.413478e+001 -1.342643e+001 -1.364412e+000 2.983516e-001 -1.059967e+000 -3.677384e+000 -4.887208e+000 7.509764e-001 -2.025951e+000 -2.980992e+000 -7.857310e-001 -5.713259e-002 -1.550835e+000 -5.911792e-001 -1.284126e+000 -3.230233e-001 2.108075e+000 6.817190e-001 2.432723e-001 1.888064e+000 1.916653e+000 1.289359e+000 3.059429e-001 -6.767232e-001 -7.583105e-001 -7.842364e-001 -1.544266e+000 -1.324193e+000 5.432492e-001 1.601400e+000 8.469374e-001 7.684517e-001 3.339375e-001 -8.643394e-001 -6.605837e-001 
-6.830925e+000 1.566621e+001 -1.437832e+001 8.285925e-001 -1.747634e-001 -1.559296e+000 -2.597709e+000 -3.038104e+000 1.993848e+000 -3.923475e+000 -9.568368e-001 -3.510600e-001 8.454739e-001 -1.803930e+000 -6.636061e-001 -1.235760e-001 -3.697312e-001 1.682209e+000 7.470045e-001 1.400482e+000 2.301656e+000 2.410042e+000 1.428458e+000 2.906877e-001 -2.458076e-001 -1.386247e+000 -1.726537e+000 -1.512287e+000 -8.087722e-001 2.564657e-001 1.000177e+000 1.712209e+000 9.723589e-001 1.600987e-001 -9.791075e-001 -3.971125e-001 
-4.049074e+000 1.566464e+001 -1.373131e+001 1.821055e+000 -1.090754e+000 -1.106660e+000 -1.276274e+000 -3.089152e+000 5.587813e-001 -4.313906e+000 -4.508580e-001 -1.247662e+000 7.554203e-001 -1.759953e+000 -1.720201e+000 -3.397828e-001 -7.605308e-001 6.341094e-001 5.616353e-002 -3.988487e-001 -1.621218e-001 8.511049e-001 1.149383e+000 -2.712992e-001 -1.372630e+000 -1.138319e+000 -1.207118e+000 -1.018827e+000 1.262478e-001 1.681708e-001 3.646701e-001 9.307400e-001 8.839112e-001 -4.077686e-001 -1.277898e+000 -5.245907e-001 
-1.756916e+000 1.353963e+001 -1.541156e+001 -3.549922e-001 3.520921e-001 1.374837e-001 -2.392837e+000 -4.107616e+000 3.081763e-001 -3.014895e+000 -2.256482e+000 -1.814470e-001 -6.144802e-001 -2.496193e+000 -8.565667e-001 5.086515e-002 -2.639256e-001 1.743698e+000 1.704436e+000 -4.408180e-001 -1.104400e-001 9.636313e-001 2.506491e+000 1.887233e+000 -2.246331e-001 -7.232259e-001 -1.208036e-001 4.546373e-001 1.565456e-001 4.745343e-001 2.732035e-001 3.699250e-001 1.038531e+000 1.400202e-001 -7.330448e-001 -7.855187e-001 
5.324578e+000 1.283477e+001 -1.718386e+001 3.406439e+000 1.899133e+000 1.954948e+000 -1.037905e+000 -4.280493e+000 -5.290855e-001 -3.523132e+000 -5.742062e+000 -1.605300e+000 -1.775515e+000 -2.757150e+000 6.214374e-001 1.148036e+000 6.422561e-001 1.778808e+000 2.758366e+000 -2.682888e-001 -6.257474e-001 1.637986e+000 1.892694e+000 6.542715e-001 2.826716e-001 -4.868100e-001 -4.198893e-001 2.855882e-001 -5.091118e-001 -5.310169e-002 7.813048e-002 7.507996e-001 7.353561e-001 7.245728e-001 4.194962e-001 -1.893614e-001 
8.311837e+000 1.239467e+001 -1.729711e+001 3.442867e+000 1.278503e+000 1.209682e-001 -2.469777e+000 -5.431341e+000 -1.137434e+000 -3.895767e+000 -6.891406e+000 -2.664134e+000 -2.038840e+000 -2.714805e+000 2.365162e-001 3.021629e-001 7.421042e-001 1.283732e+000 2.608597e+000 2.103863e+000 5.260980e-001 1.135140e+000 2.378686e+000 3.664044e-001 -2.203623e-001 -3.374718e-001 7.118311e-001 1.687405e-001 -1.352888e+000 5.739751e-001 1.115161e+000 1.144812e+000 1.105464e+000 4.790318e-001 3.031655e-001 -2.756674e-002 
8.274620e+000 1.185613e+001 -1.695346e+001 3.445910e+000 2.123149e+000 1.812831e+000 -2.252182e+000 -4.719514e+000 -1.193309e+000 -4.299314e+000 -6.545545e+000 -2.149927e+000 -1.288074e+000 -1.776378e+000 4.736884e-003 6.503359e-001 4.282055e-001 1.764727e+000 2.580457e+000 1.823944e+000 9.051602e-001 1.107352e+000 1.761096e+000 -3.123871e-001 -2.175527e-001 -1.843289e-001 4.735210e-001 -1.542237e-001 -2.236386e+000 -3.891262e-002 1.532210e+000 5.722491e-001 2.870666e-001 5.048543e-001 1.089991e+000 -1.366835e-001 
8.333491e+000 1.145316e+001 -1.807980e+001 2.122558e+000 1.280774e-001 1.171475e+000 -2.965833e+000 -4.530980e+000 -4.333316e-001 -4.025445e+000 -5.542826e+000 -3.059074e+000 -1.544155e+000 -3.192161e+000 -8.388866e-001 4.132977e-001 4.951686e-002 1.857142e+000 2.488609e+000 1.886966e+000 1.262699e+000 1.936545e+000 2.385261e+000 -4.057245e-002 -2.271581e-001 -4.089741e-002 -5.676221e-002 -3.009067e-001 -1.949234e+000 2.059508e-001 2.059586e+000 1.188544e+000 5.877180e-001 7.018683e-001 1.122437e+000 -5.310439e-002 
8.526331e+000 1.129227e+001 -1.768225e+001 1.523501e+000 1.526088e+000 1.010380e+000 -1.888213e+000 -4.876184e+000 -4.097143e-001 -3.703841e+000 -5.433312e+000 -2.755125e+000 -1.957388e+000 -2.609543e+000 -7.507808e-001 4.708163e-001 4.560091e-001 1.895405e+000 2.675917e+000 2.187972e+000 1.097054e+000 1.849976e+000 1.861451e+000 -4.701488e-001 -3.213797e-001 -1.396610e-001 -2.561792e-001 -5.478964e-001 -1.579893e+000 2.449236e-001 1.679488e+000 1.054382e+000 4.267360e-001 3.906172e-001 8.972387e-001 -3.027111e-002 
8.747527e+000 1.357612e+001 -1.787737e+001 2.631475e+000 6.088917e-001 4.664077e-001 -2.546984e+000 -4.559799e+000 -5.142326e-001 -2.655204e+000 -4.828428e+000 -2.696117e+000 -1.405748e+000 -2.350248e+000 -1.055614e+000 -9.880131e-002 -1.360478e-001 1.427557e+000 2.823891e+000 1.935835e+000 1.832626e+000 2.421443e+000 1.595834e+000 -1.591471e-001 -2.642166e-001 -8.142365e-001 -6.953949e-001 -9.870672e-001 -1.879393e+000 3.143278e-001 1.591894e+000 1.343685e+000 7.856689e-001 2.877442e-001 9.186134e-001 2.218509e-002 
8.740336e+000 1.371604e+001 -1.735650e+001 2.818215e+000 9.243863e-002 -6.746285e-002 -3.333836e+000 -5.612360e+000 -8.693591e-001 -3.103743e+000 -5.261964e+000 -2.515754e+000 -1.609915e+000 -2.677172e+000 -1.251089e+000 2.924661e-001 -1.393087e-001 9.296743e-001 2.811883e+000 9.704143e-001 1.602131e+000 2.160331e+000 1.281865e+000 3.311988e-001 -5.557611e-001 -4.658853e-001 -9.561691e-001 -1.154854e+000 -1.382517e+000 1.237553e-001 1.849912e+000 1.098379e+000 5.189155e-001 2.215830e-001 4.148301e-001 2.099103e-001 
8.412790e+000 1.516833e+001 -1.786852e+001 3.930862e+000 4.655795e-001 1.535184e+000 -2.496729e+000 -6.097667e+000 6.139169e-001 -3.085180e+000 -4.977303e+000 -2.539220e+000 -1.245133e+000 -2.306384e+000 -1.138733e+000 5.811952e-001 -1.468146e-001 1.808568e+000 3.260113e+000 7.915201e-001 1.376859e+000 2.174277e+000 1.714323e+000 6.657255e-001 -6.239694e-001 -6.183505e-001 -1.238953e+000 -1.039682e+000 -1.274786e+000 -2.046473e-001 1.553684e+000 9.403868e-001 8.289879e-001 7.800436e-001 3.175377e-001 1.994503e-001 
8.561052e+000 1.343835e+001 -1.779868e+001 4.089346e+000 -2.431137e-002 2.341200e+000 -3.344207e+000 -5.361050e+000 -5.770112e-001 -3.229115e+000 -5.312352e+000 -2.861799e+000 -1.207545e+000 -3.027089e+000 -9.197968e-001 4.908418e-002 6.131565e-002 1.917629e+000 3.240569e+000 4.228072e-001 1.898904e+000 1.795831e+000 1.704175e+000 7.925669e-001 -9.405017e-001 -8.082815e-001 -1.137396e+000 -8.098008e-001 -1.708231e+000 -1.619266e-002 1.602610e+000 8.130408e-001 8.643976e-001 1.088197e+000 1.688285e-001 2.660883e-001 
6.975884e+000 1.407326e+001 -1.819630e+001 3.741071e+000 -2.039179e-001 2.532120e+000 -3.097951e+000 -5.907382e+000 -6.180281e-001 -4.252579e+000 -6.013979e+000 -4.295117e+000 -8.777755e-001 -3.685380e+000 1.028232e-001 3.464562e-001 4.345133e-001 2.189598e+000 2.755846e+000 7.582680e-001 8.623532e-001 1.847359e+000 1.033569e+000 8.543954e-001 -1.896854e-001 -3.936829e-001 -5.481127e-001 -1.991735e-001 -1.592104e+000 -6.242900e-002 1.451621e+000 7.805915e-001 9.441276e-001 8.271718e-001 4.743758e-001 1.036817e-001 
9.869669e+000 1.333281e+001 -1.621994e+001 2.988926e+000 -2.136911e-001 1.305395e+000 -3.237886e+000 -5.931178e+000 -9.684550e-001 -3.311750e+000 -5.124388e+000 -3.225914e+000 -8.227777e-001 -2.768113e+000 -9.781735e-001 -2.434442e-001 -3.983358e-001 2.052648e+000 2.706448e+000 1.520404e+000 1.636275e+000 1.951986e+000 1.750713e+000 3.902018e-001 -3.848799e-001 -7.902299e-001 -8.837639e-001 -1.139551e-001 -1.629019e+000 -5.374538e-002 1.860295e+000 6.957812e-001 1.122907e+000 6.297242e-001 7.956541e-001 -8.570500e-002 
1.078537e+001 1.213059e+001 -1.395753e+001 1.333718e+000 1.821625e+000 7.250772e-001 -2.186375e+000 -5.272811e+000 -7.811276e-001 -2.426712e+000 -5.453689e+000 -2.951242e+000 -1.547254e+000 -2.031517e+000 -6.959048e-001 -1.457111e-001 4.482839e-001 2.189259e+000 2.223270e+000 1.091261e+000 1.388559e+000 1.858288e+000 1.725094e+000 4.350978e-001 -7.175703e-001 -5.566703e-001 -3.751020e-001 -6.925477e-001 -1.837002e+000 -6.347131e-002 2.056364e+000 4.458212e-001 3.359127e-001 1.032990e+000 5.588192e-001 3.200305e-001 
1.090263e+001 1.043415e+001 -1.584378e+001 2.225332e-001 1.425889e+000 1.035609e+000 -2.020878e+000 -4.955475e+000 -6.141866e-001 -3.364264e+000 -5.719357e+000 -3.058024e+000 -2.681966e+000 -2.834681e+000 -1.090082e+000 -5.484207e-001 -2.334883e-003 1.382387e+000 2.210802e+000 2.197684e+000 1.662476e+000 1.994432e+000 1.880633e+000 -3.559983e-003 -9.670222e-001 -8.511327e-001 -1.908927e-003 -8.742847e-001 -2.469987e+000 1.831922e-001 1.624687e+000 6.778719e-001 1.144318e+000 1.267375e+000 1.221237e+000 4.930947e-001 
9.730021e+000 1.265334e+001 -1.942201e+001 2.595989e+000 -1.093821e+000 2.149397e+000 -2.594400e+000 -5.553475e+000 5.863083e-001 -3.841988e+000 -5.793309e+000 -2.823215e+000 -2.281000e+000 -3.008908e+000 -2.602596e-001 -3.431296e-001 8.281107e-001 1.320044e+000 1.914997e+000 2.173321e+000 9.633667e-001 2.380094e+000 1.823459e+000 2.348703e-001 -3.758117e-001 -6.295680e-001 8.105069e-001 -9.765235e-001 -2.839079e+000 3.886160e-001 1.679491e+000 7.535094e-001 9.091907e-001 1.115382e+000 1.423668e+000 2.852726e-001 
1.232046e+001 1.012653e+001 -1.718367e+001 2.203413e-001 -9.005575e-002 1.089841e+000 -1.578455e+000 -5.138524e+000 5.165513e-001 -3.293421e+000 -5.186907e+000 -1.071339e+000 -2.501454e+000 -3.016289e+000 -5.934059e-001 -1.797768e-002 3.421943e-001 1.494805e+000 2.556324e+000 2.357580e+000 2.314239e+000 2.815015e+000 1.890315e+000 4.721719e-001 -4.112034e-001 -4.993799e-001 1.939920e-001 -1.221981e+000 -2.191899e+000 2.953420e-001 2.061284e+000 1.223531e+000 7.557849e-001 1.286554e+000 1.159409e+000 4.958595e-001 
1.234190e+001 1.032104e+001 -1.815000e+001 5.326929e-001 -1.952052e+000 5.233799e-001 -2.354820e+000 -5.819002e+000 -1.242497e+000 -3.606515e+000 -5.655287e+000 -1.879458e+000 -2.663632e+000 -4.078255e+000 -7.320794e-001 -2.642665e-001 -2.048739e-001 1.823619e+000 2.023217e+000 1.153953e+000 2.026979e+000 2.693529e+000 1.680436e+000 -6.989756e-002 -3.570953e-001 -2.930937e-001 -1.084857e-001 -1.155103e+000 -2.323837e+000 4.160641e-001 2.358501e+000 1.110539e+000 4.839715e-001 8.361701e-001 1.002373e+000 4.612009e-001 
1.599816e+001 1.277266e+001 -1.021467e+001 2.840147e+000 2.017864e+000 2.927258e+000 -5.646137e-001 -3.701186e+000 -5.068814e-001 -3.404632e+000 -3.465612e+000 -6.423853e-001 -1.481317e+000 -1.343926e+000 1.009712e+000 8.624929e-001 4.448107e-001 1.582687e+000 4.832598e-001 -6.913669e-001 5.520279e-001 9.410046e-001 2.910132e-001 1.978951e-002 -4.470343e-001 3.449435e-001 1.272207e+000 -7.537354e-001 -2.272789e+000 -1.787250e-001 1.433441e+000 -7.178055e-002 -4.397189e-001 4.616367e-001 2.405940e-001 2.615471e-001 
8.066811e+000 1.499665e+001 -6.830973e+000 6.944677e-001 2.974774e+000 2.039784e+000 -1.717071e+000 -2.291877e+000 -3.783422e-001 -3.860616e+000 -2.682889e+000 5.266033e-001 -3.334197e-001 -9.124553e-002 4.250052e-001 -1.107580e+000 -1.814844e+000 -5.081602e-001 3.314261e-001 -7.976376e-002 5.946495e-001 1.011394e+000 4.255773e-001 3.778946e-001 5.684223e-001 9.594370e-001 9.288415e-001 -4.327749e-001 -8.928915e-001 4.671774e-003 2.570153e-001 2.623146e-001 6.026085e-001 3.550522e-001 -3.313091e-001 -6.349182e-001 
4.429476e-001 1.653862e+001 -1.226131e+001 3.094687e+000 2.684752e+000 1.589601e+000 -1.217320e+000 -2.608708e+000 -1.174822e+000 -6.408060e+000 -4.019067e+000 -2.023905e+000 -1.079588e+000 -1.031723e+000 -1.737070e-001 -1.710827e+000 -2.727017e+000 3.278140e-002 -2.067466e-001 -1.100863e+000 2.317804e-001 1.210453e-002 -1.020516e+000 -6.725752e-001 -5.333419e-001 -2.705657e-001 6.546207e-001 -4.345357e-001 -8.675979e-001 1.423436e-001 7.467946e-001 5.709324e-001 1.651236e-001 -2.741375e-002 -4.339094e-001 -1.067413e+000 
-1.829596e+000 1.688178e+001 -1.249638e+001 2.276739e+000 -8.468000e-001 9.206525e-001 -3.146761e-001 -3.327225e+000 -4.162265e-001 -4.933729e+000 -2.425241e+000 -2.646018e+000 -3.278799e-001 -1.473329e+000 -4.300198e-001 -1.080892e+000 -8.014772e-001 1.336574e+000 -7.152864e-002 1.169991e+000 6.243553e-001 5.104187e-001 1.504130e-001 3.370591e-001 -9.893585e-001 -1.324002e+000 -1.067811e+000 -1.034222e+000 -8.191495e-001 -8.774334e-001 1.273221e+000 1.082090e+000 6.250237e-001 4.504898e-001 -5.532558e-001 -1.499205e+000 
-2.490478e+000 1.549010e+001 -1.446590e+001 1.056639e+000 -1.180330e+000 -8.865222e-001 -3.411417e+000 -4.129195e+000 1.616703e-001 -4.258144e+000 -2.205774e+000 -2.968837e+000 -3.429983e-001 -1.591194e+000 1.175965e-001 -6.213321e-001 -3.968999e-001 1.490406e+000 7.753395e-001 9.312933e-001 1.519559e+000 2.307879e+000 7.128868e-001 -5.048912e-001 -7.464340e-001 9.415080e-002 -9.283837e-001 -2.171047e+000 -1.104329e+000 4.073941e-001 1.863582e+000 1.062809e+000 4.464077e-001 -2.547269e-002 -4.021270e-001 -8.112339e-001 
-2.443356e+000 1.607481e+001 -1.458353e+001 1.137313e+000 2.670609e-001 4.154718e-001 -3.517048e+000 -5.222032e+000 4.757244e-001 -4.632381e+000 -2.220564e+000 -1.121840e+000 2.671143e-001 -1.431514e+000 -2.180889e-001 -1.991732e+000 -6.505395e-001 1.933206e+000 1.144263e+000 1.035608e+000 2.308976e+000 3.083910e+000 1.862707e+000 -1.142668e-001 -1.277192e+000 -8.546887e-001 -1.301011e+000 -1.888056e+000 -9.787983e-001 8.343981e-001 1.742795e+000 1.245285e+000 8.936550e-001 7.381462e-002 -7.127223e-001 -1.226822e+000 
-5.050877e-001 1.583133e+001 -1.400395e+001 5.544519e-001 3.267521e-001 -1.982414e+000 -2.713997e+000 -2.777831e+000 4.998123e-001 -3.957630e+000 -3.428590e+000 3.480160e-001 1.363641e-001 -2.035540e+000 -1.079977e+000 -2.129299e+000 -1.180874e+000 1.910612e+000 9.988508e-001 4.913783e-001 1.173352e+000 2.167545e+000 2.014311e+000 8.807180e-002 -1.119516e+000 -1.302981e+000 -1.163921e+000 -8.483879e-001 -7.141806e-001 -1.088788e-001 1.277003e+000 1.730699e+000 1.343038e+000 3.645318e-001 -1.182263e+000 -1.006968e+000 
-5.093120e-001 1.642032e+001 -1.581540e+001 2.013946e-001 -3.165707e-002 -9.397646e-001 -2.425090e+000 -2.331962e+000 3.646750e-002 -4.551343e+000 -2.763252e+000 -1.147856e+000 5.074225e-001 -1.448546e+000 -5.624955e-001 -1.833511e+000 -7.171011e-002 2.277179e+000 1.340010e+000 1.599025e+000 1.684558e+000 2.544501e+000 2.117108e+000 2.374941e-001 -1.416403e+000 -5.722977e-001 -6.222010e-001 -1.324490e+000 -8.622836e-001 -1.382135e-001 1.252796e+000 1.491594e+000 1.235495e+000 5.523568e-001 -7.794024e-001 -9.159383e-001 
-1.358861e+000 1.348999e+001 -1.316661e+001 -1.086222e+000 3.417236e-001 -7.678108e-001 -2.355442e+000 -3.064721e+000 -8.636087e-001 -4.015981e+000 -4.167847e+000 -1.474694e+000 4.704262e-001 7.979654e-002 -4.692780e-001 -7.790424e-001 -1.576260e-002 1.789408e+000 1.596214e+000 1.287241e+000 2.294698e+000 2.304418e+000 1.526169e+000 -1.400399e-001 -8.076168e-001 1.475846e-001 -2.286604e-001 -1.313997e+000 -9.460067e-001 2.373131e-001 1.239342e+000 1.309458e+000 9.487524e-001 2.005606e-001 -6.151110e-001 -6.097377e-001 
-4.966657e+000 1.523467e+001 -1.372549e+001 4.802343e-001 -1.278489e-001 -3.372441e-001 -2.099464e+000 -2.554543e+000 -1.734071e-001 -5.566397e+000 -1.424164e+000 -1.127466e+000 3.472747e-001 -7.703873e-001 -2.423031e-001 -6.942040e-001 -2.834737e-001 1.732635e+000 1.518631e+000 2.377171e+000 2.254999e+000 2.062873e+000 1.709559e+000 -1.561961e-001 -7.390697e-001 -1.074838e+000 -1.066799e+000 -1.333307e+000 -7.315586e-001 -2.384445e-002 7.854740e-001 1.491659e+000 1.111117e+000 4.080257e-001 -9.865584e-001 -7.077450e-001 
-2.762769e+000 1.473048e+001 -1.478136e+001 2.196053e+000 9.841573e-001 4.927432e-001 -1.860580e+000 -3.293570e+000 -3.775017e-001 -7.001842e+000 -2.372490e+000 7.437732e-001 1.425552e+000 -1.222491e+000 -1.086432e+000 -9.159736e-001 -8.661030e-001 1.725576e+000 1.555944e+000 9.584833e-001 1.865210e+000 2.339418e+000 7.037059e-001 -7.413968e-001 -1.434842e+000 -1.272739e+000 -6.249672e-001 -7.797373e-001 -5.595724e-001 -1.952388e-001 1.422317e-002 7.787838e-001 8.646397e-001 -8.821573e-002 -1.000889e+000 -3.714617e-001 
-2.166431e+000 1.476872e+001 -1.441425e+001 1.488197e+000 1.793645e-001 9.123394e-001 -1.327210e+000 -5.086540e+000 -2.208546e+000 -5.150301e+000 -2.613698e+000 -1.291392e+000 -2.559634e-001 -1.178280e+000 -1.362961e+000 -1.234357e+000 6.534857e-002 1.423135e+000 7.210486e-001 1.714958e-001 -1.542594e-002 5.958699e-001 6.453309e-001 -5.416980e-001 -1.193467e+000 -8.679832e-001 -7.431863e-001 -3.495429e-001 -2.184196e-001 -4.003207e-001 -3.285499e-001 9.056557e-002 6.519528e-001 -1.482151e-001 -9.001096e-001 -5.704458e-001 
3.231054e+000 1.047808e+001 -1.396939e+001 9.419878e-001 2.427947e+000 1.332889e+000 -2.401272e+000 -5.096080e+000 -1.522669e-001 -2.135939e+000 -3.513790e+000 -2.624607e-001 -1.238780e+000 -2.261450e+000 -2.332556e-001 -1.959896e-001 -5.000593e-001 1.245621e+000 2.389548e+000 7.373953e-001 3.063655e-001 1.909554e+000 1.942062e+000 5.279541e-001 7.757981e-003 -3.199713e-001 8.153712e-002 7.394327e-001 4.340944e-001 1.184362e-001 -2.070875e-001 6.235136e-002 7.282714e-001 8.181127e-001 5.451017e-001 4.670210e-003 
8.853141e+000 9.105095e+000 -1.567222e+001 2.336210e+000 2.435044e+000 -4.700486e-001 -2.400798e+000 -5.364736e+000 -1.103375e+000 -3.496046e+000 -6.023471e+000 -1.901883e+000 -1.864379e+000 -2.676301e+000 -1.751432e-001 3.768762e-001 6.588575e-002 1.582721e+000 3.136351e+000 1.820116e+000 6.858517e-001 1.877337e+000 2.083511e+000 3.753171e-001 -3.111308e-001 -3.203828e-001 4.214061e-001 5.221751e-001 -2.618627e-001 4.336459e-001 9.716292e-001 9.338980e-001 1.026092e+000 6.206970e-001 2.862029e-001 1.654547e-001 
1.107859e+001 9.574872e+000 -1.403663e+001 1.871628e+000 3.211098e+000 6.709297e-001 -2.143742e+000 -4.833217e+000 -1.112068e+000 -3.618303e+000 -6.249575e+000 -2.239509e+000 -1.521678e+000 -2.146335e+000 -3.372006e-002 7.615801e-001 9.087172e-001 1.680618e+000 2.326217e+000 1.893693e+000 5.168449e-001 1.041835e+000 1.812362e+000 4.434655e-002 -9.438331e-001 -6.594041e-001 6.097512e-001 -2.262180e-002 -1.699661e+000 3.337610e-001 1.353188e+000 3.821456e-001 1.709791e-001 2.966252e-001 5.924472e-001 -5.731337e-002 
1.002834e+001 9.806318e+000 -1.560148e+001 1.076792e+000 1.724952e+000 4.935022e-001 -2.585625e+000 -4.731885e+000 -3.720989e-001 -3.351859e+000 -5.841084e+000 -2.431362e+000 -1.901710e+000 -3.008759e+000 -6.609080e-001 6.951103e-001 5.892753e-001 1.957170e+000 2.402961e+000 1.650825e+000 1.063948e+000 1.939983e+000 2.417972e+000 1.565548e-001 -4.669990e-001 -5.761484e-001 -3.273841e-001 -4.794448e-001 -1.900976e+000 2.929270e-001 2.092992e+000 9.527503e-001 1.936493e-001 6.498508e-001 1.132042e+000 -5.048586e-002 
9.477911e+000 1.112684e+001 -1.672344e+001 7.442738e-001 6.768288e-001 1.205637e-001 -2.934583e+000 -4.710770e+000 5.601707e-003 -3.117386e+000 -5.160020e+000 -2.738623e+000 -1.802349e+000 -2.756501e+000 -5.968357e-001 7.594773e-001 2.984348e-001 1.751368e+000 2.374523e+000 1.931364e+000 1.318537e+000 2.247306e+000 2.512987e+000 -2.802570e-003 -1.793219e-001 -6.175019e-003 -3.828116e-001 -6.490154e-001 -1.650592e+000 3.388712e-001 2.125124e+000 1.288419e+000 4.359447e-001 4.287511e-001 8.712625e-001 -7.318071e-003 
7.444296e+000 1.399485e+001 -1.933871e+001 3.570740e+000 4.953196e-001 1.331592e+000 -1.803522e+000 -4.402346e+000 2.605316e-001 -3.474868e+000 -4.830760e+000 -3.500717e+000 -1.644673e+000 -2.719556e+000 -4.531843e-001 3.831795e-001 6.744604e-001 1.887876e+000 2.643183e+000 1.778796e+000 1.126334e+000 2.087334e+000 1.580192e+000 -6.153313e-002 -3.155846e-002 -6.196125e-001 -4.278526e-001 -7.654063e-001 -1.720554e+000 3.558153e-001 1.747621e+000 1.160843e+000 5.601208e-001 1.704587e-001 8.785121e-001 -3.022378e-002 
7.419092e+000 1.433450e+001 -1.821513e+001 3.323617e+000 7.979076e-001 8.897532e-001 -2.826117e+000 -4.286811e+000 -1.474492e+000 -2.633668e+000 -5.177977e+000 -2.269622e+000 -9.205449e-001 -2.430362e+000 -7.720389e-001 -1.367966e-001 5.490037e-002 9.456644e-001 3.185789e+000 1.465450e+000 2.173236e+000 2.283505e+000 1.568573e+000 -1.731848e-001 -6.496243e-001 -7.980194e-001 -8.198100e-001 -1.073869e+000 -1.546439e+000 2.606146e-001 1.530886e+000 1.137983e+000 5.936544e-001 1.550330e-001 7.641159e-001 1.500012e-001 
7.070831e+000 1.494403e+001 -1.826589e+001 4.483863e+000 -6.793779e-001 7.347128e-001 -2.314542e+000 -5.792215e+000 4.987044e-001 -3.713302e+000 -4.925692e+000 -2.934067e+000 -1.904687e+000 -2.954396e+000 -9.918882e-001 1.344123e+000 -2.135043e-001 1.099489e+000 3.310702e+000 1.187596e+000 1.715775e+000 1.793413e+000 1.327479e+000 7.800176e-001 -3.214065e-001 -2.994552e-001 -1.362955e+000 -8.918593e-001 -1.292027e+000 -2.055044e-001 1.725692e+000 1.169964e+000 9.088774e-001 5.149235e-001 5.017460e-001 2.308160e-001 
8.823321e+000 1.095929e+001 -1.641856e+001 2.148656e+000 2.674907e-001 6.791931e-001 -2.746251e+000 -5.824419e+000 -1.014521e+000 -4.183624e+000 -6.157452e+000 -3.513951e+000 -2.398943e+000 -2.796381e+000 -4.669465e-001 1.320761e+000 8.838881e-002 1.980665e+000 3.094749e+000 6.409666e-001 1.087494e+000 1.234332e+000 1.367833e+000 1.099344e+000 -1.494054e-001 -1.878621e-001 -5.316959e-001 -6.779965e-001 -1.285674e+000 -2.282234e-001 1.525558e+000 7.329106e-001 8.110313e-001 1.096721e+000 2.839272e-001 2.338459e-001 
1.007102e+001 1.299449e+001 -1.532871e+001 3.127259e+000 5.532090e-001 6.478283e-001 -2.775307e+000 -5.511344e+000 -4.471512e-001 -2.771669e+000 -4.941708e+000 -2.576437e+000 -1.514645e+000 -2.926651e+000 -8.918295e-001 1.196524e-001 -1.933470e-001 2.211275e+000 2.918597e+000 1.042436e+000 1.635474e+000 1.851243e+000 1.412596e+000 8.742489e-001 -3.796723e-001 -1.209673e+000 -9.758759e-001 -8.457042e-001 -1.520130e+000 2.050720e-003 1.814032e+000 9.117945e-001 7.280480e-001 8.952864e-001 1.516889e-001 1.609743e-001 
9.155188e+000 1.348068e+001 -1.580498e+001 3.474285e+000 1.064957e+000 1.603395e+000 -2.754575e+000 -5.536445e+000 -1.005442e-001 -2.731691e+000 -5.094075e+000 -2.943149e+000 -1.282891e+000 -2.805145e+000 -3.825268e-001 -6.927793e-002 -3.950162e-001 2.165915e+000 2.595118e+000 1.495121e+000 1.686192e+000 1.928049e+000 1.433267e+000 4.905132e-001 -2.926535e-001 -1.350911e+000 -1.303111e+000 -5.769837e-001 -1.964978e+000 -7.954083e-002 1.709200e+000 6.411141e-001 1.037018e+000 6.573637e-001 8.144400e-001 -6.859191e-003 
1.069796e+001 1.054806e+001 -1.494204e+001 9.070932e-001 1.262902e+000 9.087786e-001 -2.170216e+000 -5.290412e+000 -9.615842e-001 -3.597088e+000 -6.507273e+000 -3.260917e+000 -1.648832e+000 -2.683426e+000 -6.116027e-001 3.826793e-001 8.202813e-002 2.550923e+000 2.769089e+000 1.197324e+000 1.659480e+000 1.863321e+000 1.691828e+000 8.322582e-001 -7.471225e-002 -3.458367e-001 -7.397751e-002 -9.845869e-003 -1.591096e+000 -4.042367e-003 2.175327e+000 8.926625e-001 7.758396e-001 1.057057e+000 7.680961e-001 4.126630e-001 
9.259390e+000 1.142928e+001 -1.748794e+001 1.481971e+000 3.452844e-001 1.130399e+000 -2.525474e+000 -5.531577e+000 -9.815673e-001 -3.753115e+000 -5.903058e+000 -3.326552e+000 -2.163444e+000 -3.376556e+000 -8.395805e-001 1.949319e-002 -6.205927e-003 2.014856e+000 2.591859e+000 1.911030e+000 1.746285e+000 1.991424e+000 2.169354e+000 7.435593e-001 -6.701792e-001 -5.430113e-001 2.188085e-001 -2.534237e-001 -2.018029e+000 3.424183e-001 2.010654e+000 6.774965e-001 1.104859e+000 1.195042e+000 1.405703e+000 6.087253e-001 
9.231989e+000 1.334008e+001 -1.804907e+001 2.169721e+000 -1.032128e+000 1.738382e+000 -2.335539e+000 -5.902341e+000 -4.639735e-002 -2.938581e+000 -5.145725e+000 -2.940407e+000 -2.282611e+000 -2.534070e+000 -4.425515e-001 -9.601520e-001 5.293229e-001 1.458323e+000 2.025088e+000 2.106129e+000 1.458393e+000 2.527060e+000 1.982495e+000 3.447199e-001 -6.174433e-001 -7.766849e-001 5.526046e-001 -8.164884e-001 -2.722314e+000 6.712052e-001 1.740420e+000 6.794872e-001 1.077196e+000 1.067087e+000 1.358102e+000 3.955634e-001 
1.135201e+001 1.098071e+001 -1.652021e+001 8.870981e-001 -8.486108e-001 1.904933e+000 -8.973155e-001 -5.380568e+000 5.144012e-001 -3.096335e+000 -4.922141e+000 -1.829908e+000 -2.680384e+000 -2.441924e+000 -7.781971e-002 1.087670e-001 8.673396e-001 1.711404e+000 1.930959e+000 1.909150e+000 1.188894e+000 2.223686e+000 1.701735e+000 2.057416e-001 -1.063825e-001 -5.950999e-001 4.765193e-001 -1.149051e+000 -2.529898e+000 2.999694e-001 1.598654e+000 9.034705e-001 5.324324e-001 9.405129e-001 1.105035e+000 2.829095e-001 
1.070773e+001 1.013487e+001 -1.798368e+001 1.325129e+000 -1.346425e+000 2.219711e+000 -2.201832e-001 -5.029831e+000 -4.023708e-001 -2.929195e+000 -4.998496e+000 -1.929749e+000 -2.725922e+000 -2.687825e+000 1.185269e-001 7.065011e-001 7.185429e-001 1.832926e+000 2.501279e+000 1.248118e+000 1.896084e+000 2.267561e+000 1.508991e+000 2.651858e-001 -9.236877e-002 2.271694e-001 2.772544e-001 -9.122941e-001 -2.308073e+000 -5.070136e-002 1.983271e+000 8.765332e-001 4.730057e-001 1.076926e+000 1.101498e+000 2.731188e-001 
