4.532174e+000 2.180292e+001 -7.086661e+000 2.412140e+000 -1.558664e+000 -2.065284e-001 -3.511136e+000 -2.445894e+000 1.134574e+000 -4.287624e+000 -2.488241e+000 -6.102909e-001 1.797768e-001 -1.578017e+000 -6.076436e-001 -7.518003e-001 -1.557109e+000 -1.169148e+000 -6.885374e-001 -1.736827e-001 -2.346670e+000 -1.911587e+000 -2.300161e-001 -5.203142e-001 -4.030364e-001 -7.015600e-001 -4.666242e-001 -6.886498e-002 -2.698951e-001 2.499045e-001 8.486796e-001 4.302264e-001 3.147621e-001 5.004266e-001 1.917650e-001 -2.083250e-001 
3.922332e+000 1.805552e+001 -6.555534e+000 3.292004e+000 -6.342375e-001 1.011509e+000 -2.852283e+000 -4.723960e-001 9.491220e-001 -3.355466e+000 -2.349453e+000 -1.456913e+000 9.225855e-001 -1.924699e+000 -1.455529e+000 -8.167567e-001 -4.826575e-001 -6.262437e-001 -1.240817e+000 -1.119727e+000 -2.120687e+000 -1.620534e+000 -9.348272e-001 -1.957088e-001 -1.113966e+000 -1.337187e+000 -1.575893e-001 -6.612292e-002 -5.875779e-001 -5.441295e-001 1.327089e+000 9.117592e-001 -1.667935e-001 7.679680e-001 5.950514e-001 -3.858584e-001 
2.717616e+000 1.648960e+001 -6.897424e+000 6.254342e+000 -3.428468e+000 1.346275e+000 -1.359168e+000 2.237182e-001 1.812281e+000 -1.200849e+000 -7.768838e-003 -7.436083e-001 2.118890e+000 -2.269336e+000 -1.813558e+000 -2.846203e+000 -1.249154e+000 -8.694654e-001 -1.196691e+000 -6.947303e-001 -1.844932e+000 -8.520665e-001 -1.401024e+000 3.239784e-001 -5.486087e-001 -2.492066e-001 -1.779175e-002 -7.364472e-001 -7.346242e-001 -8.800692e-001 1.263034e+000 3.016753e-001 5.847799e-001 6.351126e-001 9.514654e-001 8.822599e-002 
3.036719e+000 1.447019e+001 -6.933874e+000 4.769089e+000 -3.901857e+000 1.522256e+000 -2.732392e+000 -9.182577e-001 2.366341e+000 -9.887575e-001 1.088359e+000 1.076728e+000 1.673195e+000 -2.090661e+000 -1.540338e+000 -2.001777e+000 -6.869682e-001 -6.921313e-001 -9.804801e-001 -7.627394e-001 -1.726234e+000 -3.290503e-001 2.261388e-001 5.189299e-001 -1.029685e+000 -7.560697e-001 3.781764e-001 -1.632101e-002 -6.837633e-001 -8.513779e-001 1.350917e-001 -2.145350e-001 -7.512161e-002 5.111387e-001 1.210331e+000 2.501754e-001 
2.207907e+000 1.259498e+001 -9.672822e+000 5.119328e+000 -5.643668e+000 7.192953e-001 -4.304914e+000 -6.140520e-001 5.656292e-001 -1.963396e+000 4.729554e-001 1.460556e-001 2.962734e+000 -2.092663e+000 -4.415240e-001 -1.980791e+000 -1.325633e-001 -6.748520e-001 -4.858782e-002 2.546056e-001 -2.073743e+000 -5.213931e-001 -5.331505e-001 9.879417e-001 -1.337609e+000 -3.603715e-001 3.687986e-001 1.898160e-001 -4.518112e-001 -1.345627e+000 2.438349e-001 -2.368355e-001 9.019451e-001 -4.190199e-002 9.251995e-001 2.279220e-001 
2.593202e+000 9.109476e+000 -9.726747e+000 3.877997e+000 -7.076036e+000 9.426385e-001 -3.958819e+000 -4.945124e-002 -6.092584e-001 -2.370315e+000 -2.394336e-001 2.165893e+000 2.096744e+000 -2.687209e+000 4.051018e-001 -2.206301e+000 -4.085153e-001 -1.361115e+000 -6.350814e-002 -9.992617e-002 -7.748076e-001 -1.123320e+000 -5.280300e-001 9.186382e-001 -7.802408e-001 -7.082207e-001 6.666800e-002 4.522778e-001 -5.705428e-001 -3.668289e-001 3.155774e-001 4.289555e-001 8.386139e-001 1.029839e+000 6.331961e-001 2.475067e-001 
2.620761e+000 9.882086e+000 -9.243613e+000 3.534450e+000 -6.550306e+000 6.611467e-001 -4.902029e+000 1.953459e-001 1.389004e-001 -1.217577e+000 2.626327e-001 1.713947e+000 3.647719e+000 -1.214181e+000 3.598968e-001 -7.678970e-001 5.651047e-001 -9.836250e-001 3.993349e-001 1.804692e-001 -5.936502e-001 -3.648840e-001 -4.790054e-001 1.004937e+000 -4.882737e-001 -2.592387e-001 -1.390697e-001 5.347527e-001 -5.799224e-001 -5.346378e-001 7.888758e-001 8.489370e-001 3.969397e-001 5.642480e-001 9.863094e-001 3.109950e-001 
3.157366e+000 1.162297e+001 -9.527019e+000 5.084086e+000 -6.495512e+000 3.096916e-001 -3.997064e+000 -4.632060e-001 5.471970e-001 -1.769073e+000 4.329319e-001 -1.106714e-002 2.999653e+000 -2.121151e+000 5.512406e-001 -1.228222e+000 -7.278425e-002 -1.200877e+000 -4.128758e-001 5.081340e-001 -1.176425e+000 6.100275e-001 -8.144687e-001 7.027926e-001 -1.425219e+000 -5.702490e-001 2.116777e-001 -4.316040e-001 -1.166936e-001 -7.052091e-001 7.703572e-001 -2.124808e-001 5.897387e-001 4.565252e-001 1.741919e+000 3.277612e-001 
2.516701e+000 1.267929e+001 -8.657986e+000 6.249466e+000 -5.567172e+000 3.763330e-001 -3.373139e+000 -1.789176e-001 1.173930e+000 -1.743443e+000 8.718901e-001 -1.093584e+000 2.791876e+000 -1.584443e+000 5.562617e-001 -1.344325e+000 -5.434126e-001 -1.082348e+000 -1.449243e+000 -2.306360e-001 -1.595428e+000 4.382878e-001 -2.435837e-001 5.996696e-001 -1.395543e+000 -5.877850e-001 -7.515128e-001 -7.295016e-001 2.948777e-001 -3.165611e-001 1.626878e+000 5.525649e-001 5.931702e-001 9.620125e-002 1.061158e+000 2.547845e-001 
1.802000e+000 1.230649e+001 -1.104283e+001 5.207067e+000 -6.080317e+000 7.098835e-001 -3.857911e+000 -1.169373e+000 2.528228e+000 -1.407813e+000 6.403395e-001 -1.447599e+000 2.731716e+000 -1.064923e+000 1.492130e+000 -4.470479e-001 -9.538736e-001 -1.426592e-001 -1.053304e+000 2.402877e-001 -1.519773e+000 6.048779e-001 -9.976767e-002 9.099711e-001 -9.490871e-001 -1.185507e+000 -4.950025e-001 -2.676328e-001 1.376028e-001 -4.698777e-001 9.949137e-001 1.031017e+000 8.108292e-001 1.303011e-001 8.911609e-001 3.999046e-001 
2.117077e+000 1.380500e+001 -8.961514e+000 6.122402e+000 -4.976364e+000 -3.463944e-001 -3.552907e+000 -1.678020e+000 1.992735e+000 -2.565482e+000 4.654448e-001 -6.854338e-001 1.944193e+000 -1.324189e+000 -1.218867e-001 -5.741184e-001 -1.222539e+000 3.460831e-001 -1.458746e+000 -2.037141e-002 -1.713424e+000 -5.425873e-001 1.247395e-001 -4.311717e-001 -4.178298e-001 -2.009784e+000 1.524583e-001 -5.042591e-001 -1.037132e-001 -1.837002e-002 4.922238e-001 1.058686e+000 1.548932e-001 1.090288e+000 5.318233e-001 4.387453e-001 
1.046622e+000 1.416801e+001 -9.484403e+000 5.481658e+000 -4.358984e+000 -1.934926e-001 -4.535545e+000 -1.966590e+000 1.257968e+000 -2.929100e+000 7.547023e-001 -5.488835e-001 3.026856e+000 -6.482326e-002 -1.052132e+000 -1.321471e+000 -5.857209e-001 2.233808e-001 -8.815446e-001 8.379258e-002 -9.393463e-001 3.931353e-001 5.950946e-001 4.875747e-001 -4.870027e-001 -1.197819e+000 4.131452e-001 -1.321253e-001 1.764792e-001 5.934347e-002 1.109164e+000 1.370487e+000 6.471757e-001 9.110168e-001 3.900242e-001 3.777096e-001 
-9.315439e-001 1.428819e+001 -9.521017e+000 4.244751e+000 -4.092181e+000 -1.247153e+000 -3.728976e+000 -3.173417e+000 1.413388e+000 -2.846205e+000 1.919250e-001 2.760777e-001 2.502405e+000 4.006855e-001 -7.932023e-002 3.055579e-001 -8.188252e-002 7.271315e-001 -8.838345e-001 -2.407843e-001 -5.423743e-001 5.966229e-001 1.480867e+000 4.958264e-001 -5.685185e-001 -1.894014e+000 3.896653e-001 -1.145986e-002 -2.063703e-003 7.742065e-001 1.049885e+000 1.088102e+000 -5.293059e-002 1.128472e+000 6.753977e-001 5.337736e-002 
-2.155883e+000 1.396861e+001 -8.422457e+000 4.612535e+000 -2.829263e+000 -7.029838e-001 -2.467380e+000 -1.175538e+000 2.064446e+000 -3.067753e+000 -5.705662e-001 8.627144e-001 2.728545e+000 4.172710e-001 -2.284931e-001 -6.245706e-002 2.102926e-002 4.286881e-001 -6.079200e-001 1.510952e-001 -8.211450e-001 -1.860420e-001 8.610339e-001 -2.465772e-001 -9.497918e-001 -1.589302e+000 1.871494e-002 1.469884e-001 -5.226385e-001 1.220910e-001 9.380140e-001 9.379375e-001 2.093710e-001 5.867960e-001 8.511342e-001 3.913027e-001 
-3.190834e+000 1.610392e+001 -8.780312e+000 3.554895e+000 -2.851156e+000 -4.526750e-001 -3.616447e+000 -2.652912e+000 2.324169e+000 -3.012765e+000 -1.292919e+000 3.835401e-001 2.042729e+000 -1.267089e+000 3.248237e-001 2.845747e-001 4.035764e-002 -7.843597e-001 -3.499630e-001 4.753094e-001 -1.193687e+000 9.447425e-002 4.277924e-001 7.175641e-001 -1.822636e-001 -1.027436e+000 3.152336e-001 2.496330e-001 5.256292e-001 1.414988e-001 1.139685e+000 6.659265e-001 4.065128e-001 1.031440e+000 9.243290e-001 1.105547e-001 
-3.147962e+000 1.752004e+001 -1.014555e+001 5.896340e-001 -8.802245e-001 2.211008e+000 -3.051535e+000 -5.042485e+000 3.554095e+000 -1.430771e+000 -2.114553e+000 9.391004e-001 1.571463e+000 -1.251150e+000 -2.565996e-001 1.045452e+000 -1.547645e+000 -2.533929e+000 6.860974e-001 1.799676e+000 -1.083549e+000 -1.487128e-001 1.432976e+000 1.163356e+000 -4.407613e-001 -2.500372e-001 5.247862e-001 2.353960e-001 5.363824e-001 1.978501e-001 5.544679e-001 7.676385e-001 2.496379e-002 8.534763e-001 6.761008e-001 5.011536e-001 
2.241630e+000 1.855231e+001 -1.205386e+001 1.815027e+000 1.954843e+000 2.975285e+000 -3.179655e+000 -6.045993e+000 1.583726e+000 -1.019711e+000 -2.376619e+000 -3.890402e-001 1.524816e+000 -2.610538e+000 -3.928878e-001 1.842990e+000 -2.391517e+000 -2.786246e+000 8.954225e-001 1.167353e+000 -2.229754e+000 2.259740e-001 2.559313e+000 3.441164e-001 -7.587860e-002 8.352219e-001 7.222419e-001 -9.934318e-003 1.344980e+000 -2.275151e-001 -5.845911e-001 7.059708e-001 -3.922241e-001 -2.014651e-001 -1.431819e-001 1.273991e+000 
4.495229e+000 1.807140e+001 -1.403014e+001 3.037605e+000 4.671438e-001 1.719943e+000 -3.603091e+000 -7.257792e+000 1.427277e+000 -8.371747e-001 -3.033230e+000 -1.180933e+000 8.132438e-001 -2.741122e+000 -2.513175e-001 1.264657e+000 -2.294762e+000 -2.317013e+000 2.978855e-001 1.370907e+000 -1.542776e+000 -2.410460e-001 2.464776e+000 1.283768e+000 -7.439166e-002 3.716570e-001 1.257355e+000 3.477255e-001 7.170194e-002 -2.197592e-001 9.343137e-001 1.084508e+000 -6.450219e-001 -2.932604e-001 -3.496553e-001 7.930396e-001 
7.747426e+000 1.554170e+001 -1.264785e+001 2.831505e+000 1.229140e+000 1.371801e+000 -3.628372e+000 -6.702033e+000 2.534660e+000 -5.311547e-001 -3.120142e+000 -4.958724e-001 -3.018102e-001 -1.747651e+000 -9.819107e-001 7.669043e-001 -1.846722e+000 -2.461627e+000 7.610741e-001 1.646195e+000 -8.188604e-001 -1.014519e+000 2.761780e+000 1.721325e+000 -2.180186e-001 6.476059e-001 1.141349e+000 1.354551e+000 -4.354749e-001 -3.597218e-001 1.290265e+000 4.921662e-001 -5.040735e-001 -4.365900e-001 3.326458e-001 4.608183e-001 
1.752159e+001 8.302871e+000 -6.560612e+000 7.368239e-001 4.709103e+000 1.336258e+000 -2.940639e+000 -2.378342e+000 1.708182e+000 2.539151e-001 -2.024080e+000 -3.699792e-001 -6.332473e-001 -1.560929e+000 -1.692397e-001 2.997103e-001 -5.417145e-001 -1.121046e+000 -3.962829e-002 1.086725e+000 -3.151770e-001 -7.811924e-001 9.677527e-001 8.901910e-001 1.945896e-001 7.861617e-001 1.156582e+000 5.150270e-001 -7.276570e-001 -6.418643e-001 5.604678e-001 9.435956e-002 -8.424187e-001 -5.900927e-001 -4.500026e-002 2.454586e-001 
9.273917e+000 1.563818e+001 -4.134351e+000 5.349563e-001 4.810656e-001 -1.388838e+000 -3.001893e+000 -1.901033e+000 1.094109e+000 -2.029150e+000 -2.691710e+000 3.578991e-001 -2.877424e-001 -1.392051e+000 -1.019479e+000 -1.086559e+000 -9.619495e-001 -1.132764e+000 -7.324891e-001 -3.301619e-001 -1.515276e+000 -1.791910e+000 -1.639501e-001 8.275032e-001 -1.351843e-001 -9.179108e-001 -2.532343e-002 -3.646185e-003 -3.388627e-001 3.632642e-001 6.737440e-001 4.075119e-001 1.100866e-001 3.648159e-001 3.603825e-001 -4.396925e-001 
2.632317e+000 1.960003e+001 -7.704183e+000 4.428003e+000 -1.526760e+000 2.892054e-001 -4.454889e+000 -1.924631e+000 1.684014e+000 -3.584990e+000 -1.716065e+000 -2.679081e-001 1.963752e+000 -2.873146e+000 -1.114919e+000 -2.177889e+000 -1.282274e+000 -2.090576e+000 -2.129285e+000 -9.258870e-001 -2.591905e+000 -6.892365e-001 -5.826851e-001 6.360907e-001 -1.261284e+000 -1.321117e+000 -1.521752e-001 -1.045097e-001 -5.878361e-001 -4.221683e-001 1.520033e+000 2.921485e-001 4.635844e-002 -1.381661e-001 5.673063e-001 -5.950545e-001 
4.958047e+000 1.840695e+001 -7.928748e+000 6.576196e+000 -2.111805e+000 8.279312e-001 -3.497489e+000 -9.388545e-001 6.813141e-001 -2.445582e+000 -3.836336e-001 -1.121468e+000 2.593406e+000 -2.499070e+000 -1.559321e+000 -1.592832e+000 -2.561964e-001 -4.503950e-001 -8.475286e-001 -6.934293e-001 -2.426460e+000 -1.126788e+000 -8.738360e-001 3.806111e-002 -1.706147e+000 -1.260455e+000 3.474369e-001 9.258016e-002 -1.130811e+000 -5.645291e-001 1.786254e+000 1.770890e-001 1.715962e-001 5.066051e-001 1.038127e+000 -3.163571e-001 
4.623932e+000 1.640061e+001 -6.842531e+000 4.900876e+000 -2.892384e+000 3.005798e-001 -4.201307e+000 -1.171164e+000 1.868462e+000 -7.321541e-001 2.084319e-001 -4.785466e-001 1.186457e+000 -2.092346e+000 -7.612751e-001 -5.413047e-001 1.208983e-001 3.422686e-001 -8.981263e-002 -8.531560e-001 -1.975153e+000 -1.177549e+000 -9.987519e-001 -2.491712e-001 -1.671941e+000 -4.879022e-001 -5.648232e-002 -4.258770e-001 -3.830088e-001 -2.787616e-001 1.193098e+000 3.167370e-001 5.106814e-002 2.887378e-001 8.589620e-001 5.021082e-002 
4.567118e+000 1.407877e+001 -7.792395e+000 5.105568e+000 -4.794475e+000 -2.633344e-001 -3.664636e+000 -3.333178e-001 1.212938e+000 -2.031901e+000 -1.442117e+000 -9.802661e-001 1.357201e+000 -2.516615e+000 -3.321152e-001 -5.908122e-001 1.343552e-001 -5.209713e-001 2.555905e-001 2.723516e-001 -2.494280e+000 -1.740573e+000 -9.324500e-001 6.804703e-001 -1.205974e+000 -6.869107e-001 2.884331e-001 1.291203e-001 3.728587e-001 4.633889e-002 1.051882e+000 3.917570e-001 4.735637e-001 1.139667e-001 3.627411e-001 -4.553169e-001 
3.632921e+000 9.021808e+000 -1.000616e+001 3.301384e+000 -6.928369e+000 7.998149e-001 -4.283208e+000 -1.289466e+000 3.279729e-001 -2.892503e+000 -1.264700e+000 -5.330587e-001 8.373117e-001 -3.560815e+000 -5.290966e-001 -1.567801e+000 -3.114591e-001 -1.246582e-001 -1.668930e-002 5.152706e-001 -1.621269e+000 -1.727734e+000 -2.321203e+000 4.337671e-001 -7.440081e-001 -1.084863e+000 -5.407229e-002 -3.578032e-002 -2.205974e-002 -4.422598e-001 8.002974e-001 2.265667e-001 5.568850e-001 -1.070109e-002 2.530386e-001 -1.232002e-001 
3.254637e+000 9.905991e+000 -8.387068e+000 3.593858e+000 -5.474992e+000 6.044152e-001 -4.404689e+000 -7.174597e-001 1.169516e+000 -1.912965e+000 -4.589219e-001 -5.190296e-001 1.118055e+000 -2.748015e+000 -1.080300e+000 -7.528151e-001 -2.734905e-001 -4.844747e-001 -2.654884e-001 3.340251e-001 -1.135871e+000 -7.430540e-001 -5.696190e-001 5.542308e-001 -7.050107e-001 -4.547893e-001 3.434833e-001 3.649784e-001 4.889108e-001 2.547215e-002 3.590885e-001 -7.214621e-002 8.805118e-002 3.127929e-001 1.240109e+000 3.204720e-002 
1.251172e+000 1.138208e+001 -9.210577e+000 6.302834e+000 -5.944530e+000 1.623470e+000 -3.754193e+000 3.576942e-001 1.197417e+000 -1.619019e+000 -1.258157e-001 -1.456441e+000 2.448561e+000 -2.298978e+000 4.004505e-001 -2.448110e+000 -3.412452e-001 3.378631e-001 6.580361e-001 1.011186e+000 -1.808034e+000 -3.976294e-001 -1.803952e+000 1.088768e+000 -5.812750e-001 -1.021077e-001 4.503044e-001 1.875370e-001 4.973649e-001 -6.019084e-001 1.235721e+000 -1.181508e-001 7.156534e-001 1.593251e-001 9.975359e-001 -4.813085e-001 
3.917298e+000 1.131560e+001 -8.848419e+000 5.066065e+000 -4.150202e+000 1.201375e+000 -2.756402e+000 -4.323358e-001 9.415421e-001 -1.632198e+000 -7.474791e-001 -1.031228e+000 1.529850e+000 -1.237979e+000 -9.514818e-002 -1.488300e+000 -6.888151e-001 -6.368988e-001 3.630202e-001 9.950395e-001 -1.560178e+000 -9.824433e-001 -1.252700e+000 3.077191e-001 -2.987047e-001 8.456881e-002 1.974543e-001 -3.295754e-001 3.996421e-001 -2.080733e-001 6.244366e-001 4.117477e-001 2.587152e-002 3.919161e-001 9.972315e-001 2.208497e-001 
2.891973e+000 1.225682e+001 -1.053658e+001 4.880881e+000 -4.534743e+000 8.365948e-001 -4.802413e+000 -1.170527e+000 1.292815e+000 -2.302576e+000 -2.660579e-001 -5.589537e-001 1.545914e+000 -1.983259e+000 -3.008778e-002 -8.221737e-001 2.169739e-001 -1.617282e-001 -3.704875e-001 2.966203e-001 -1.870321e+000 -6.632760e-001 -9.025253e-001 2.491806e-001 -1.122105e+000 -9.514906e-001 1.888370e-001 -7.828183e-002 -3.069680e-001 -8.001922e-001 8.454604e-001 5.718956e-001 1.749890e-001 -1.741220e-001 5.244802e-001 -3.187601e-001 
1.411680e+000 1.308174e+001 -9.573318e+000 6.661209e+000 -5.046054e+000 1.129858e+000 -3.915319e+000 -1.943557e+000 1.364315e+000 -2.475370e+000 2.137469e-001 -3.295800e-001 2.124742e+000 -2.393057e+000 8.846041e-002 -5.242732e-001 -4.845175e-001 7.190704e-002 -1.067280e+000 2.297384e-001 -1.559947e+000 5.794796e-001 6.472612e-001 2.834126e-001 -5.987388e-001 -1.582309e+000 -6.353472e-002 -4.496412e-001 2.953059e-001 2.386903e-001 7.283602e-001 5.902260e-001 1.961720e-001 6.192717e-001 3.755349e-001 1.015442e-001 
2.210336e+000 1.389760e+001 -9.407618e+000 6.338717e+000 -4.166889e+000 -2.549109e-001 -3.717278e+000 -2.426639e+000 1.838756e+000 -3.092433e+000 4.002621e-001 -6.365278e-001 2.122689e+000 -1.115288e+000 -7.120114e-001 -3.436544e-001 -5.049688e-001 5.246549e-001 -2.045800e-001 1.052957e+000 -1.121718e+000 -4.426055e-001 3.213991e-001 -2.830062e-001 1.812974e-001 -6.276766e-001 1.193958e+000 3.628005e-001 2.016309e-001 -1.691222e-002 5.959177e-001 9.380944e-001 -3.480456e-001 1.048870e+000 7.081872e-001 9.590090e-001 
5.813943e-001 1.383708e+001 -8.451156e+000 4.532673e+000 -2.842280e+000 -5.615087e-001 -3.738364e+000 -2.036617e+000 2.159713e+000 -2.143584e+000 1.927350e-002 -3.311374e-001 1.197295e+000 -1.765078e+000 -1.515585e+000 -7.074172e-002 -7.984882e-002 -9.466563e-002 -4.376717e-001 2.167265e-001 -9.425914e-001 -2.410681e-001 1.022087e-001 2.068684e-001 -8.183673e-002 -8.356238e-001 1.152145e+000 4.780873e-001 -3.681941e-001 -2.540967e-001 1.070433e+000 6.481134e-001 -5.536368e-001 1.288218e+000 8.748145e-001 8.531740e-001 
-1.644418e+000 1.509223e+001 -9.585598e+000 4.366369e+000 -2.872429e+000 7.026632e-001 -3.159112e+000 -1.746277e+000 2.919571e+000 -2.545459e+000 -7.295868e-002 -7.260858e-001 1.798528e+000 -1.442879e+000 -5.808425e-001 -9.167521e-001 7.137779e-001 5.863109e-001 -1.123373e+000 1.882510e-001 -1.117988e+000 7.436000e-001 7.108031e-001 8.114602e-001 -2.752151e-001 -7.346747e-001 7.079940e-001 4.783307e-001 -2.199758e-001 1.929189e-001 1.237920e+000 2.392311e-001 2.613584e-001 4.443882e-001 1.015689e+000 1.377096e-001 
-2.180760e+000 1.614716e+001 -1.016706e+001 4.278590e+000 -2.637352e+000 -7.517510e-001 -2.381741e+000 -2.072375e+000 2.261182e+000 -2.517825e+000 4.971707e-002 -8.639515e-001 2.199296e+000 -1.292481e+000 -1.273828e-001 -6.057572e-001 -5.292577e-001 -3.533218e-001 -4.256245e-001 9.154099e-001 -1.045256e+000 7.912421e-002 3.165312e-001 1.092230e+000 1.404542e-001 -8.833649e-001 5.791192e-001 3.799877e-002 -5.966564e-001 3.886553e-001 1.499789e+000 9.473855e-001 2.143512e-001 6.626770e-001 2.831349e-001 -3.254686e-001 
-8.754047e-001 1.599721e+001 -9.322566e+000 1.997932e+000 -2.000980e-001 2.377270e-001 -2.445921e+000 -2.634118e+000 1.267410e+000 -9.664399e-001 -1.029534e+000 -2.028029e-001 1.728239e+000 -1.303538e+000 -1.159988e+000 -8.815947e-001 -9.396925e-001 -1.124465e+000 -1.911147e-001 1.226428e+000 -1.740326e-001 -3.241679e-001 3.533028e-001 1.703230e+000 7.653305e-002 -1.235872e+000 8.245976e-001 1.716649e-001 -3.970152e-001 -9.737812e-002 1.473271e+000 9.972003e-001 -6.149685e-001 1.113040e+000 5.546515e-001 -6.162868e-001 
2.791233e+000 1.797892e+001 -1.342752e+001 3.331581e+000 1.053713e+000 1.977810e+000 -2.307328e+000 -4.028687e+000 9.175532e-001 -2.147501e+000 -2.140664e-001 -1.073271e+000 1.107790e-001 -1.869965e+000 -4.569274e-001 -3.175654e-001 -1.541230e+000 -1.263042e+000 -2.635123e-002 8.685937e-001 -1.023885e+000 -2.854429e-001 9.180182e-001 1.712929e+000 6.973161e-001 -1.671223e-001 5.133066e-001 5.842940e-001 -8.170445e-002 -6.843454e-001 1.213479e+000 9.150320e-001 -8.576020e-001 3.041623e-001 3.638582e-001 -6.590110e-001 
3.138104e+000 1.874118e+001 -1.574942e+001 3.552320e+000 7.299945e-001 1.238248e+000 -1.976589e+000 -6.481757e+000 3.271005e+000 -1.284225e+000 -1.622570e+000 -1.757495e+000 -4.781642e-003 -2.311843e+000 -9.810145e-001 1.439660e+000 -3.058482e+000 -2.095239e+000 -1.588513e-001 4.572111e-001 -5.178494e-001 -9.098732e-002 2.771598e+000 1.252502e+000 2.076144e-001 4.967075e-001 5.454078e-001 1.011732e+000 -8.693150e-002 -1.690666e-001 8.669781e-001 6.031077e-001 -7.062411e-001 -1.299176e+000 -1.101167e-001 7.235306e-002 
5.966075e+000 1.489765e+001 -1.331582e+001 2.346289e+000 1.078233e+000 2.069767e+000 -2.525171e+000 -6.728090e+000 2.731592e+000 4.784696e-001 -3.512342e+000 -8.382057e-001 7.082059e-001 -1.893047e+000 -1.671102e+000 1.255005e+000 -1.731526e+000 -2.434708e+000 1.223955e+000 1.626433e+000 -9.536117e-001 -1.120602e+000 2.835759e+000 1.686440e+000 -4.796709e-001 1.084162e+000 1.306530e+000 1.063204e+000 -1.162165e-001 -1.507211e-001 1.132360e+000 -2.059155e-002 -8.581045e-001 -6.655336e-001 -1.654738e-001 3.592021e-001 
