6.783236e+000 1.507250e+001 -1.600525e+000 2.578674e+000 2.724285e-001 9.948643e-001 5.135461e-001 9.956212e-001 3.663946e-001 -7.477638e-001 -1.382145e+000 -5.080970e-001 
7.498448e+000 1.452214e+001 -6.502437e-001 1.967368e+000 8.580978e-001 6.080156e-001 3.902142e-001 9.683647e-001 5.205315e-001 -9.558700e-001 -1.178018e+000 -4.516005e-001 
8.070126e+000 1.493462e+001 -1.476809e+000 2.437779e+000 6.235007e-001 -3.297933e-002 9.381446e-001 1.334451e+000 -1.101532e-001 -5.739272e-001 -7.934576e-001 -1.103168e+000 
7.954408e+000 1.459100e+001 -1.114943e+000 2.579015e+000 7.734399e-001 -1.309574e-001 1.152290e+000 1.281158e+000 -2.156672e-001 -6.561133e-001 -5.237409e-001 -1.203890e+000 
9.885734e+000 1.523424e+001 -1.973112e+000 2.208853e+000 -7.078277e-001 2.813258e-001 2.988050e-001 5.818118e-001 4.242572e-001 -5.078155e-001 -9.662239e-001 -5.172244e-001 
1.305307e+001 1.457658e+001 -3.358064e+000 1.168031e+000 -1.509353e+000 3.823180e-001 -2.385142e-001 5.062723e-002 -1.443821e-001 -1.735414e+000 -5.536128e-001 5.576042e-002 
1.334691e+001 1.505854e+001 -5.156527e+000 1.401730e+000 -2.078370e+000 1.078987e+000 -5.431724e-001 7.119573e-001 -3.240986e-001 -1.811672e+000 -5.962571e-001 1.756261e-001 
1.381858e+001 1.327277e+001 -3.252439e+000 1.146132e+000 -9.954883e-001 -1.051805e-001 -2.555473e-001 -2.172992e-001 3.344173e-001 -1.491191e+000 -3.824606e-001 1.758608e-001 
1.332503e+001 1.389013e+001 -4.095992e+000 1.561791e+000 -1.290654e+000 1.699038e-001 -5.107182e-001 -7.597837e-002 3.060846e-001 -1.560025e+000 -2.114141e-001 6.117143e-002 
1.509372e+001 1.176685e+001 -2.699166e+000 2.558875e-001 -5.259704e-001 -3.068092e-001 -4.032812e-001 -7.843101e-002 2.878805e-001 -1.295101e+000 -4.013006e-001 1.516580e-001 
1.349009e+001 1.369143e+001 -4.297382e+000 1.515205e+000 -1.687097e+000 3.544017e-001 -7.197892e-001 -1.047910e-001 3.924830e-001 -1.442760e+000 -3.960437e-001 1.464505e-001 
1.335029e+001 1.382024e+001 -4.376511e+000 1.458879e+000 -1.829725e+000 2.557601e-001 -5.791756e-001 -8.113714e-002 3.340103e-001 -1.576285e+000 -3.423425e-001 1.471213e-001 
1.356125e+001 1.375166e+001 -4.435625e+000 1.623851e+000 -2.119025e+000 4.173123e-001 -5.442178e-001 4.370745e-002 1.950910e-001 -1.422263e+000 -4.255449e-001 1.472383e-001 
1.433146e+001 1.289693e+001 -3.602950e+000 1.100191e+000 -1.966561e+000 2.254153e-001 -2.923778e-001 -6.055756e-002 3.949750e-001 -1.855527e+000 -1.789109e-001 6.694020e-002 
1.543145e+001 1.184546e+001 -2.958096e+000 3.615745e-001 -1.372671e+000 -3.810088e-001 4.087122e-001 1.674382e-001 -2.465409e-001 -1.594364e+000 -3.800539e-001 9.536320e-002 
1.464585e+001 1.306863e+001 -4.131278e+000 1.093888e+000 -2.278907e+000 3.016431e-001 4.278895e-001 3.993553e-001 -6.130881e-001 -1.661559e+000 -4.194257e-001 -1.484394e-002 
1.558999e+001 1.202763e+001 -3.050397e+000 1.431582e-001 -1.396099e+000 -2.626436e-001 6.342057e-001 2.451286e-001 -5.348446e-001 -1.629372e+000 -2.826066e-001 -1.801076e-001 
1.424461e+001 1.297896e+001 -3.864717e+000 1.661419e+000 -2.100902e+000 1.105793e-001 -2.499529e-001 2.421490e-001 -3.915132e-001 -1.545959e+000 -4.829149e-002 -3.726071e-001 
1.296434e+001 1.352851e+001 -3.808561e+000 2.820656e+000 -2.817805e+000 1.166919e+000 -1.735664e+000 1.042844e+000 -6.789189e-001 -8.498812e-001 -4.881743e-001 -3.836439e-001 
1.343131e+001 1.248663e+001 -2.099846e+000 1.740126e+000 -1.633965e+000 -1.792919e-001 -8.252967e-001 5.750431e-001 3.074376e-001 -1.432446e+000 -4.750495e-001 -5.050395e-001 
1.669771e+001 8.830976e+000 7.390846e-001 -2.879124e-001 -4.840663e-001 -7.893089e-001 -3.048568e-001 8.017408e-001 5.369378e-001 -9.837052e-001 -1.062684e+000 -4.079489e-001 
1.104031e+001 9.752986e+000 1.553213e+000 9.211246e-001 1.120159e+000 6.271297e-001 6.801981e-001 8.206764e-001 2.546594e-001 -7.383117e-001 -1.013747e+000 -6.068524e-001 
6.497905e+000 1.507436e+001 -1.367132e+000 2.748671e+000 4.203434e-001 1.072098e+000 1.040576e-001 1.117273e+000 3.743412e-001 -8.915104e-001 -1.325513e+000 -3.460275e-001 
7.649315e+000 1.486547e+001 -1.274745e+000 2.403079e+000 7.615977e-001 6.858539e-002 7.231552e-001 1.243258e+000 7.407047e-002 -7.392603e-001 -9.501132e-001 -8.550460e-001 
8.295451e+000 1.415132e+001 -1.248499e+000 2.428790e+000 8.957332e-001 -1.246626e-001 1.174202e+000 1.316197e+000 -2.865079e-001 -6.844579e-001 -4.452002e-001 -1.310408e+000 
9.151522e+000 1.457116e+001 -9.350485e-001 1.696198e+000 1.375956e-001 -2.427780e-003 8.468398e-001 8.539131e-001 4.806711e-001 -4.570611e-001 -9.223607e-001 -6.831952e-001 
1.147586e+001 1.526491e+001 -3.398706e+000 2.208997e+000 -1.953791e+000 5.161578e-001 -4.668860e-001 7.101488e-002 -3.629338e-001 -1.249725e+000 -5.952237e-001 -1.535039e-001 
1.392522e+001 1.414485e+001 -4.077521e+000 3.807462e-001 -1.324797e+000 5.795121e-001 5.831651e-002 2.642872e-001 -1.488591e-001 -1.986878e+000 -5.179854e-001 -2.369848e-002 
1.249782e+001 1.497642e+001 -4.902281e+000 2.246847e+000 -2.197768e+000 9.224612e-001 -9.444206e-001 4.286410e-001 -1.451012e-001 -1.412633e+000 -3.735120e-001 9.980675e-002 
1.310860e+001 1.374389e+001 -3.928386e+000 1.476421e+000 -1.232792e+000 1.456362e-001 -5.203919e-001 -8.452234e-002 3.228454e-001 -1.522230e+000 -1.863228e-001 7.727365e-002 
1.317582e+001 1.391019e+001 -4.503808e+000 1.544082e+000 -1.391370e+000 1.266087e-001 -5.342883e-001 -4.179237e-002 4.051837e-001 -1.608004e+000 -2.057007e-001 9.368795e-002 
1.260593e+001 1.469417e+001 -5.233044e+000 2.430749e+000 -2.326626e+000 7.812944e-001 -1.101353e+000 2.800623e-001 8.852199e-002 -1.192769e+000 -4.814825e-001 2.248527e-001 
1.372795e+001 1.295270e+001 -3.594907e+000 8.071800e-001 -1.172941e+000 -1.667458e-001 -4.160853e-001 -1.276940e-001 3.495622e-001 -1.442222e+000 -4.293560e-001 2.240964e-001 
1.318555e+001 1.392768e+001 -4.554189e+000 1.612855e+000 -2.023198e+000 3.938552e-001 -6.038472e-001 3.067298e-002 2.536862e-001 -1.558251e+000 -3.486845e-001 9.364850e-002 
1.387852e+001 1.330032e+001 -4.047412e+000 1.536062e+000 -2.150822e+000 4.665700e-001 -4.727417e-001 4.565029e-002 2.711521e-001 -1.651851e+000 -2.977383e-001 4.765018e-002 
1.371040e+001 1.373387e+001 -4.333542e+000 1.710576e+000 -2.692480e+000 5.533971e-001 -1.866563e-001 4.578690e-001 -4.273319e-001 -1.539088e+000 -4.019385e-001 1.209629e-001 
1.525484e+001 1.200161e+001 -3.048261e+000 2.964903e-001 -1.554257e+000 -2.547107e-001 6.504444e-001 1.871939e-001 -4.866573e-001 -1.570799e+000 -3.734058e-001 -5.061190e-002 
1.454941e+001 1.306638e+001 -4.115803e+000 1.018483e+000 -2.263597e+000 2.946562e-001 2.735457e-001 4.418063e-001 -6.099143e-001 -1.708681e+000 -2.495920e-001 -1.599517e-001 
1.543479e+001 1.145480e+001 -2.585629e+000 2.248438e-001 -1.160873e+000 -5.074882e-001 4.331883e-001 1.045702e-001 -4.909599e-001 -1.395849e+000 -3.078366e-001 -2.122928e-001 
1.288091e+001 1.360535e+001 -4.109746e+000 2.728451e+000 -2.716987e+000 1.056065e+000 -1.525085e+000 1.027113e+000 -7.718469e-001 -9.592177e-001 -3.984429e-001 -3.488910e-001 
1.241660e+001 1.357089e+001 -3.460278e+000 2.869167e+000 -2.624062e+000 7.838493e-001 -1.621190e+000 1.031552e+000 -2.843897e-001 -1.014965e+000 -6.539164e-001 -3.059904e-001 
