6.000547875 12.073541250000002 -2.490772 1.71781125 0.32680308750000003 1.0183050625 -0.6148962625 0.13996896375 0.8852529374999999 -0.8742985500000001 -0.51733865 -0.15219888575 
6.3567845 12.02621625 -2.6121082125 1.9962413875 0.79950955 0.9677130125 -0.7121607125 0.15963954874999997 0.707619275 -0.8280887500000002 -0.5433583425 -0.041145025 
6.656713 11.881485 -2.794947762499999 2.136530625 0.661471 0.94727603375 -0.580283625 0.10081788874999999 0.43463307374999993 -0.6640418375 -0.5168926712499999 -0.36995628375 
6.8731082500000005 11.748031125 -2.769081725000001 2.0439598125 0.7762651500000002 1.0629917624999998 -0.3697132625 0.15969670625000004 0.46950936249999997 -0.71185754125 -0.596563825 -0.333985525 
7.041488375 12.208520625000002 -3.11040075 2.20040131 0.5944388125 1.1151635225 -0.6341179749999999 0.14591928 0.44269075 -0.62031534625 -0.56891878 -0.1431856 
7.684466624999999 12.282522499999999 -3.3196994999999996 1.8778176375000002 0.354360275 1.1547245 -0.706615575 0.13722600249999997 0.36324445624999996 -0.68836279625 -0.7407154875 -0.11069869499999999 
8.344611 12.133250375 -3.346243125 1.4252037675000002 0.1762174375 0.88887813 -0.59278748 0.2422018425 0.3462542962499999 -0.9506096500000001 -0.6807681674999999 0.008705664999999991 
10.177102375 11.957892875 -3.9662790000000006 1.2473660625 -0.008876399999999979 0.7688369 -0.96322665 0.6170826775 0.3627260200000001 -1.05658035 -0.6587162 0.05789639625 
12.289241125 11.410991124999999 -4.460979750000001 1.21289955 -0.23406402499999998 0.5749168 -1.4813229749999999 0.5215409 0.194857875 -1.0078423125 -0.53787045 0.10705256624999997 
13.93639225 10.825494500000001 -4.48585025 1.02581764125 -0.31615662499999997 0.70553315 -1.4843663 0.40211216125 0.26518333125 -0.93811668125 -0.6532206875000001 0.040017717499999994 
14.270133625 10.791718125 -5.112449499999999 0.9006105875 -0.6565019625 0.7801182087500003 -1.758004025 0.47599202500000004 0.19555727499999997 -0.9760836162500001 -0.6611009 0.035247662500000006 
14.73664675 10.974480750000001 -5.1128642499999994 1.0035422475 -0.5643981625000001 0.6652044125 -1.6781121625000002 0.55630122375 0.27757838749999997 -0.9887538375 -0.57634186875 0.1627030175 
15.83450375 10.85630325 -5.293557750000001 0.69327663 -0.716606025 0.51291293875 -1.8751900375 0.41878184 0.32987169525 -1.0383091349999998 -0.57189530375 0.16381906999999998 
16.25943625 10.349526874999999 -5.207673000000001 0.21599702374999996 -0.5841972875 0.307747205 -1.81788255 0.37863273 0.2890114723750001 -1.1465587875 -0.5597319762499999 0.09499500250000001 
16.26003125 10.43895675 -5.656229875 0.5909731250000001 -1.107062475 0.4060564875 -1.8780758124999997 0.48811664624999995 0.11730853875000001 -1.0728999375 -0.40367542624999997 0.007157912499999981 
16.02601125 10.616207 -5.984216875 0.8410292575 -1.456707865 0.57196222125 -1.9606866875 0.5855381875000001 -0.08212496250000001 -1.0865977125 -0.42326448375000003 -0.013034776249999984 
16.1271825 10.576860875 -5.5771935 0.5428405749999999 -1.0933780625 0.524751185 -1.8407942874999998 0.519176205 0.17812313749999997 -1.20920335 -0.41446885250000004 0.064727875 
16.289094999999996 10.437331625 -5.140373625 0.575818925 -0.9854123625000001 0.493658775 -1.6023173250000002 0.489235225 0.23872543749999997 -1.23184015 -0.36583918249999997 0.08079531500000003 
15.8492225 10.609127125 -5.423311375000001 1.0140688625 -1.3536571750000002 0.520629575 -1.899673875 0.7611871875 0.008901537499999966 -1.0141980625 -0.335877250375 -0.00560292624999997 
15.686308749999998 10.554666750000003 -5.282867875 0.9896372625000001 -1.22933083 0.13432186625 -1.5231303625 0.5270058362500001 0.13890533125 -1.1575032874999998 -0.21639951999999998 -0.042043722500000005 
17.339912499999997 8.201014125 -3.176648425 -0.245233925 -0.0633257525 -0.34799023749999997 -1.0791119875 0.35654132499999996 0.1516133125 -0.8924095375000001 -0.45046740875 -0.008633263749999998 
9.741050375 9.21779575 -1.4653358125 0.2996660875 0.687864815625 0.267471485 -0.5118500625 0.2710019 0.504904025 -0.5949949125 -0.539651475 -0.115807325 
6.515496337500001 12.298533749999999 -2.7280263750000002 1.8747698375 0.3305961125 0.68457007875 -0.8462375 0.106404365 0.933665275 -0.8013588 -0.600207125 -0.1373162275 
6.887819 12.295147874999998 -3.4196095 2.0536660374999998 0.2713963625000001 0.433146364875 -0.555812375 0.10448229999999997 0.7968623899999998 -0.7111257937500001 -0.45656241762500005 -0.1344504643625 
6.93779925 12.17861375 -3.2052822499999998 2.0767765875 0.36857723124999997 0.7737830125 -0.28376582125 0.20573216250000004 0.48772139999999997 -0.6824695125 -0.25009661875 -0.40015938875 
7.370226124999999 11.831420750000001 -3.3323598125000005 1.8464506625000001 0.46709293749999997 0.9037251900000001 -0.4989618324999999 0.145722395 0.4892877124999999 -0.6473065874999999 -0.51986714 -0.16099326625 
7.678833000000001 12.257232499999999 -3.276363125 1.9810338 0.273570325 1.0410894625 -0.510542975 0.13630972249999995 0.5007388924999999 -0.860233325 -0.6492262875 -0.27899730699999997 
8.403583874999999 12.070083125 -3.3747123375 1.4907633875000001 0.21205588750000004 0.91797935 -0.49836356125000003 0.07572296001250002 0.6530780624999999 -1.01001545 -0.64670043375 0.04345883750000001 
9.569707375 12.078093124999999 -3.8420115 1.383910725 0.029671387499999938 0.98981900125 -0.7318812625 0.454996125 0.28324179125 -0.984320825 -0.6259095124999999 0.002208696250000009 
11.573321875000001 11.9447035 -4.529717375 1.3122370525 -0.38927187500000004 0.7571021 -1.3954209999999998 0.63957998875 0.281741055 -1.0556435625 -0.65611470125 0.07200324000000001 
13.196242 11.533808375 -4.7689725 1.3684906262499998 -0.45298935 0.7350028249999999 -1.547981575 0.4914384787499999 0.27559206875 -0.9289234625 -0.57461938875 0.04679728075000003 
14.236142750000003 11.0066825 -4.6456425249999995 0.9896846300000001 -0.5626148875 0.90055525125 -1.7206459375 0.5648934875 0.19600538374999998 -0.8573151512500001 -0.7092286375000001 0.05945889250000003 
14.795912750000003 10.579390124999998 -4.565210025 0.6666036 -0.4374699624999999 0.652863725 -1.7015927375 0.551747585 0.25891500999999995 -0.9633493037499999 -0.6139587225 0.13986572875 
15.370899375 11.098963874999999 -5.26602275 0.8346264575 -0.684336214875 0.55104295 -1.7453984125000002 0.443921585 0.4661243999999999 -1.0614723000000001 -0.5785442275 0.18622784 
15.992116249999999 10.866438624999999 -5.43370525 0.5834865275000001 -0.7504665500000001 0.511131895 -1.8798899750000002 0.45464691125 0.3310797375 -1.0755856375 -0.5736454237499999 0.16190027249999994 
15.779231250000002 11.081534125000001 -5.8102995 0.9212549125 -1.2042695 0.67268545 -2.0549682375000002 0.6317380125 0.13211016625 -0.9208976 -0.47769315 0.13230143749999998 
16.1970675 10.320150125 -5.598584249999999 0.5964516999999999 -1.1763252874999999 0.35154527249999995 -1.79253155 0.4936726 0.060575528124999986 -1.0415191125 -0.31091818 -0.005539712500000009 
16.187022499999998 10.39715625 -5.534632 0.534149835 -1.1009331875 0.49565359999999997 -1.8329139749999999 0.5736591875000001 0.15310446249999998 -1.0945058125000002 -0.29482342375 0.04058726250000004 
16.22850875 10.205122874999999 -5.129618 0.28642250375000006 -0.936966 0.41726663750000004 -1.6197555499999998 0.49966181 0.27769342499999994 -1.1791864375 -0.32570757125 0.12839463875000004 
15.69492625 10.580857624999998 -5.38391225 0.768415975 -1.2252245875 0.420448525 -1.8350192500000002 0.6735452474999999 0.13147628125000002 -1.0609235625 -0.27673878625 0.044272808749999996 
15.409992500000001 10.950892375 -5.577018875 1.289606598875 -1.6092565875000002 0.365766865 -1.864414 0.686357195 -0.1107485875 -1.0839484000000001 -0.36335510749999994 -0.019430607500000002 
