6.648341e+000 1.345216e+001 -1.187413e+001 1.649965e+000 9.492043e-001 1.343606e+000 -3.232939e+000 1.084914e+000 -5.885401e+000 -2.886359e+000 -2.170492e+000 -4.667952e+000 -5.729033e-001 1.185006e+000 -3.098696e+000 -2.350590e+000 -1.525920e-001 -3.214733e+000 6.520685e-001 -6.242407e-001 -5.049334e-001 -2.766511e+000 6.837933e-001 2.654613e+000 1.841148e-002 -2.121235e-001 8.846008e-001 1.765375e+000 -6.599064e-001 -2.786919e-001 7.231602e-001 -7.473964e-002 -1.491358e+000 -5.519186e-001 -7.373545e-002 -4.054801e-001 
6.863407e+000 1.352133e+001 -1.112390e+001 1.572011e+000 9.909341e-002 1.131460e+000 -2.732879e+000 3.874750e-001 -6.482881e+000 -3.736793e+000 -3.870224e+000 -4.224541e+000 -1.119514e+000 5.836997e-001 -2.625633e+000 -3.942013e+000 -1.353287e+000 -3.201382e+000 4.995444e-001 -1.602738e+000 -9.596623e-001 -3.655997e+000 1.471133e-001 2.339297e+000 -5.153877e-001 2.241163e-001 -4.857304e-001 8.418281e-001 -5.725911e-001 -7.820739e-001 6.290154e-002 1.237035e-001 -1.015127e+000 -4.018035e-001 -4.871096e-001 -5.332798e-001 
8.795536e+000 1.399008e+001 -9.783121e+000 2.572355e+000 -3.621430e-001 2.728686e-001 -3.815679e+000 2.801750e-001 -5.233861e+000 -2.801142e+000 -3.787161e+000 -2.669267e+000 -7.843718e-001 3.838172e-001 -3.253763e+000 -2.775673e+000 -2.148388e+000 -3.670095e+000 -4.019052e-002 -8.722958e-001 -5.991814e-001 -3.609224e+000 2.280870e-001 1.962806e+000 -6.362633e-001 -8.557214e-001 6.483832e-001 9.718052e-001 3.974098e-002 -8.116603e-001 6.346505e-002 -3.342359e-001 -1.108945e+000 -9.366557e-001 -3.173863e-002 -7.458261e-001 
9.133830e+000 1.312876e+001 -9.332571e+000 3.037997e+000 1.170593e+000 -4.170004e-002 -2.597429e+000 -1.363272e+000 -3.912710e+000 -2.826578e+000 -3.810077e+000 -2.378812e+000 -4.077440e-001 -1.424791e+000 -4.026998e+000 -1.768608e+000 -1.305592e+000 -2.862454e+000 -1.205791e+000 2.555251e-001 -1.626342e-001 -4.566885e+000 3.798733e-001 1.710822e+000 -6.774508e-001 7.327921e-002 7.735438e-002 1.655179e+000 -1.019400e+000 -1.389185e+000 1.368953e+000 -2.738961e-001 -1.085521e+000 -7.841807e-001 -4.064507e-001 -1.090332e+000 
1.041983e+001 1.337756e+001 -9.469568e+000 4.058337e+000 8.950300e-001 1.458375e+000 -3.590649e+000 -2.374780e+000 -4.440097e+000 -6.576712e-001 -4.608928e+000 -1.101791e+000 5.094995e-001 -1.247463e+000 -3.248099e+000 -2.146924e+000 -8.671770e-001 -2.418108e+000 -1.264005e+000 7.837587e-001 -7.101567e-001 -4.391810e+000 1.352638e+000 1.374101e+000 -5.644300e-001 -7.329074e-001 -9.746039e-002 1.936060e+000 -2.067265e-001 -1.356891e+000 1.419222e+000 -4.273848e-001 -9.662458e-001 -2.301498e-001 -9.755605e-002 -1.412470e+000 
1.001845e+001 1.446444e+001 -1.108818e+001 3.410089e+000 -3.563378e-001 1.341562e+000 -3.014829e+000 -2.498098e+000 -4.437039e+000 -1.840825e+000 -4.438122e+000 -7.279502e-001 -9.466581e-001 -1.770431e-001 -2.294950e+000 -2.004370e+000 -1.122256e+000 -1.960591e+000 -1.516536e+000 -4.931256e-001 -1.217692e+000 -4.143769e+000 1.226580e+000 4.679481e-001 -5.186624e-001 6.726404e-002 -4.024963e-001 1.025359e+000 5.182813e-001 -1.581986e+000 7.679151e-001 -2.642563e-001 -4.368059e-001 -3.690480e-001 2.804484e-001 -3.839149e-001 
9.837026e+000 1.392426e+001 -1.109859e+001 2.958511e+000 -8.664996e-001 1.616251e+000 -3.996021e+000 -3.257308e+000 -5.019549e+000 -3.282574e+000 -4.772466e+000 -2.242520e-001 -1.527256e+000 -1.116083e-001 -2.587454e+000 -3.000478e+000 -1.176887e+000 -2.134500e+000 -1.412541e+000 -9.206459e-001 -1.563206e+000 -4.161488e+000 7.826759e-002 -2.257578e-001 -3.814038e-001 -4.858212e-001 -4.009645e-001 8.553812e-001 6.058800e-001 -1.267387e+000 -1.028381e-001 -1.128367e-001 -2.522197e-001 -5.714778e-001 1.700677e-001 -2.906053e-001 
1.077188e+001 1.369857e+001 -9.943929e+000 3.213247e+000 -6.028724e-001 2.692636e+000 -3.332566e+000 -3.170393e+000 -5.511223e+000 -2.208966e+000 -4.384192e+000 8.032227e-001 -2.321582e+000 2.187721e-001 -2.504931e+000 -3.534299e+000 -5.354911e-002 -1.838130e+000 -1.154810e+000 -1.967609e+000 -1.576079e+000 -2.288368e+000 6.046722e-001 3.691946e-001 3.644090e-001 -5.889210e-001 -8.523735e-001 6.759037e-001 8.787660e-001 -1.345097e+000 -2.674390e-001 6.098072e-002 2.530190e-001 -1.134862e+000 4.781093e-001 5.100217e-001 
1.260937e+001 1.328938e+001 -1.048141e+001 3.011041e+000 2.662504e-001 2.108723e+000 -3.242671e+000 -3.923333e+000 -4.572407e+000 -2.706063e+000 -4.808550e+000 1.209215e+000 -3.212781e+000 6.267400e-002 -2.645824e+000 -2.117435e+000 -5.793433e-001 -2.696691e+000 -3.394777e-001 -2.411284e+000 -1.269234e+000 -2.783476e+000 1.167757e+000 6.048767e-001 -8.824649e-001 -4.279589e-001 -9.826679e-001 1.377275e+000 7.812847e-001 -8.027825e-001 9.892035e-002 -8.245545e-001 -1.322403e-002 -1.175738e+000 8.039980e-001 -2.789207e-001 
1.306517e+001 1.169432e+001 -1.059022e+001 3.634396e+000 1.275923e+000 2.243486e+000 -3.783576e+000 -3.832871e+000 -3.543427e+000 -2.161563e+000 -4.132957e+000 5.238449e-001 -3.292423e+000 1.079115e+000 -2.858512e+000 -1.107998e+000 -6.913628e-001 -2.662968e+000 -9.573759e-001 -2.332373e+000 -4.316953e-003 -3.270076e+000 1.213514e+000 3.572369e-001 -5.416598e-001 -1.797764e-001 -6.772741e-001 1.566193e+000 1.909623e-001 -6.165416e-001 3.347347e-001 -6.769244e-001 2.564704e-001 -1.168801e+000 3.002984e-001 -5.495482e-002 
1.348745e+001 1.139837e+001 -1.129071e+001 2.509227e+000 6.400208e-001 2.494760e+000 -4.346821e+000 -3.562630e+000 -3.472283e+000 -3.241147e+000 -3.697527e+000 -2.244921e-001 -2.881227e+000 3.287883e-001 -4.064630e+000 -6.817737e-001 -1.066581e+000 -2.831100e+000 -1.376429e+000 -1.510510e+000 2.606880e-001 -4.465083e+000 1.013799e+000 7.738756e-001 -8.645499e-001 -5.554439e-001 7.392050e-002 1.815173e+000 -6.242930e-001 -1.069973e+000 7.118729e-001 -6.262956e-001 -8.573838e-002 -8.557204e-001 7.771645e-002 -5.725026e-001 
1.429873e+001 1.113380e+001 -1.201000e+001 4.123945e+000 9.066561e-001 3.950243e+000 -4.781523e+000 -2.908782e+000 -3.996364e+000 -1.159358e+000 -4.353098e+000 2.544494e-001 -3.179382e+000 1.384317e-001 -4.172119e+000 -5.070326e-001 -6.261297e-001 -2.786336e+000 -1.174449e+000 -9.175649e-001 1.086000e+000 -3.750223e+000 9.525249e-001 8.464673e-001 -6.214294e-001 -1.195590e+000 1.490637e+000 7.722776e-001 5.731628e-001 -1.436943e+000 1.169851e+000 -7.518751e-001 -5.936380e-001 -2.787879e-001 -5.917066e-001 -5.865685e-001 
1.451682e+001 8.426950e+000 -1.080688e+001 2.880743e+000 2.862638e+000 3.282991e+000 -4.097259e+000 -3.414679e+000 -3.698096e+000 -2.019133e+000 -3.117419e+000 -7.462649e-001 -2.526839e+000 -1.126205e+000 -2.737074e+000 -2.021478e-001 2.106497e-002 -2.791230e+000 -2.326959e+000 -7.336684e-001 2.802278e-001 -2.681328e+000 7.588492e-001 8.599152e-001 -5.952282e-001 -7.345307e-001 1.020304e+000 1.652420e+000 -1.391993e-001 -9.033400e-001 5.354275e-001 -6.592641e-001 -5.799038e-001 -2.467964e-001 -2.508665e-001 -4.091154e-001 
1.417645e+001 1.062349e+001 -1.128490e+001 2.953905e+000 4.103947e-001 3.987344e+000 -6.164384e+000 -3.391440e+000 -4.032807e+000 -9.661963e-001 -3.366288e+000 3.212120e-001 -3.207744e+000 -7.209542e-001 -3.132313e+000 -2.040912e-002 -1.544559e-001 -3.092219e+000 -3.163965e+000 -1.625331e+000 4.086510e-001 -2.700112e+000 1.001413e+000 -2.374774e-001 -8.676029e-001 -5.934044e-001 1.443682e+000 1.057713e+000 -1.287256e-001 -1.732996e+000 9.065338e-001 -5.459391e-001 -2.227890e-001 -7.276630e-001 7.501562e-002 -4.148630e-001 
1.613436e+001 9.495161e+000 -1.001786e+001 1.630155e+000 1.436977e+000 4.042211e+000 -4.616019e+000 -4.447268e+000 -2.628204e+000 -2.445050e+000 -2.852894e+000 4.027490e-001 -2.114093e+000 -3.411876e-001 -3.405464e+000 -7.049451e-001 -1.376691e+000 -3.062682e+000 -2.601432e+000 -1.301142e+000 1.302589e+000 -2.112610e+000 1.181535e+000 3.887623e-001 -1.143315e+000 1.478701e-002 8.495704e-001 1.470655e+000 -4.353804e-001 -1.380729e+000 7.734144e-001 -3.860055e-001 -1.570502e-001 -1.415884e+000 1.557400e-001 -6.725014e-001 
1.370129e+001 1.097870e+001 -1.100903e+001 2.683877e+000 1.321385e+000 4.479284e+000 -6.065019e+000 -4.320744e+000 -3.540612e+000 -2.242343e+000 -4.407591e+000 5.438358e-001 -2.313661e+000 4.232222e-001 -2.784819e+000 1.246313e-001 -1.961721e+000 -2.529589e+000 -2.896943e+000 -2.539396e+000 7.673256e-001 -3.274718e+000 9.411033e-001 -4.235984e-001 -2.069089e-001 -2.424948e-002 6.511304e-001 6.435801e-001 -6.670145e-001 -1.739061e+000 5.310791e-001 -5.210233e-001 8.601508e-001 -1.275216e+000 8.703939e-001 2.146930e-001 
1.363645e+001 9.880742e+000 -9.904450e+000 3.603746e+000 1.764722e+000 3.519047e+000 -4.964207e+000 -6.202993e+000 -3.398249e+000 -1.569228e+000 -3.777853e+000 9.122822e-001 -3.034624e+000 -1.732997e-002 -3.538943e+000 7.873067e-002 -3.114234e+000 -2.215059e+000 -2.139798e+000 -2.412465e+000 1.127630e+000 -2.849372e+000 7.293757e-001 -9.460579e-001 -3.813878e-002 -3.308469e-001 1.181748e-001 3.798757e-001 -2.656867e-001 -9.385709e-001 4.571832e-001 -7.031791e-001 5.802177e-001 -1.470513e+000 3.819336e-001 2.292221e-001 
1.374408e+001 1.080484e+001 -8.580223e+000 4.078120e+000 -5.723972e-001 5.500047e+000 -5.180350e+000 -5.504578e+000 -3.898212e+000 -2.009263e-001 -3.925178e+000 1.125395e+000 -1.531197e+000 -5.569829e-001 -2.301467e+000 1.624575e+000 -2.926091e+000 -2.197397e+000 -1.632771e+000 -1.870084e+000 3.439410e-001 -2.680962e+000 3.491963e-001 -1.309846e+000 3.375990e-001 -3.342766e-001 7.838532e-001 -2.380368e-001 6.351347e-001 -9.377700e-001 6.075421e-001 5.560479e-002 3.914145e-001 -9.503545e-001 4.425816e-001 -1.564989e-001 
1.300704e+001 8.764953e+000 -7.094738e+000 2.923074e+000 1.372100e+000 5.156452e+000 -4.316422e+000 -6.029301e+000 -2.781178e+000 -1.060383e+000 -3.145530e+000 -7.439716e-002 -1.339746e+000 -2.265054e+000 -1.929306e+000 8.081177e-001 -2.362263e+000 -1.866732e+000 -1.743903e+000 -1.472100e+000 -2.429870e-001 -1.641948e+000 -3.056004e-001 -1.252761e+000 -9.708373e-002 -2.510972e-001 3.620809e-001 -6.233808e-001 8.490533e-001 -6.091527e-001 -1.896553e-001 6.408509e-001 -2.911867e-001 -2.148820e-001 -5.133886e-002 4.900472e-001 
1.635177e+001 1.052541e+001 -7.349985e+000 3.846004e+000 1.406162e+000 4.183467e+000 -3.379878e+000 -4.029925e+000 -1.881127e+000 -6.458082e-001 -1.312407e+000 5.975027e-001 2.010034e-001 -1.728944e-001 -1.153977e-001 7.982846e-001 -8.422203e-001 -9.394253e-001 -2.095219e+000 -1.089107e+000 4.561944e-001 -1.512584e+000 -2.892260e-001 -2.729145e-001 7.104684e-002 -1.575647e-001 4.859164e-001 1.206410e-002 1.069642e+000 3.046579e-001 7.917007e-001 6.108277e-001 -5.508187e-001 1.143004e-002 -3.347138e-001 4.853125e-001 
1.217795e+001 1.260409e+001 -8.300037e+000 3.188488e+000 2.100845e+000 9.750451e-001 -6.096734e-001 -1.197600e+000 -4.334575e+000 -1.525056e+000 -1.841325e+000 -2.463822e+000 1.205430e+000 1.635779e+000 -1.680957e+000 -1.589830e+000 -2.658272e-001 -1.224769e+000 -2.827171e-001 1.492021e-001 -5.880898e-002 -2.084310e+000 8.932399e-001 2.260925e+000 4.955950e-002 2.050594e-001 7.061429e-001 9.353303e-001 -8.171824e-002 -2.905162e-001 8.729973e-001 2.512212e-001 -1.391396e+000 -1.773391e-001 4.368217e-001 -5.534098e-001 
7.259870e+000 1.339113e+001 -9.862294e+000 8.282618e-001 9.312006e-001 9.559075e-001 -2.518764e+000 2.501679e-001 -5.907612e+000 -4.039466e+000 -2.918100e+000 -4.438208e+000 -1.035910e+000 1.116799e+000 -2.652960e+000 -3.539302e+000 -6.051999e-001 -2.324333e+000 2.957588e-001 -2.772912e-001 -7.421080e-001 -3.062118e+000 -2.733336e-001 1.971202e+000 -6.980038e-001 -2.579256e-001 3.177802e-001 1.593316e+000 3.412147e-001 -2.977653e-001 2.697571e-001 2.064984e-001 -1.468383e+000 -9.785255e-001 -5.650899e-001 -3.326311e-001 
7.298061e+000 1.435707e+001 -1.069941e+001 1.742771e+000 -2.062981e-001 8.638838e-002 -2.989784e+000 1.015370e+000 -5.729090e+000 -2.839878e+000 -3.987369e+000 -1.844657e+000 -1.734972e-001 1.264333e+000 -2.360777e+000 -3.467992e+000 -1.500114e+000 -3.963732e+000 2.815942e-001 -9.439840e-001 -5.999627e-001 -3.199326e+000 7.286221e-001 2.344013e+000 -3.954635e-001 -1.519113e-001 4.836871e-001 1.265885e+000 -2.789395e-001 -6.351766e-001 -2.666178e-001 -1.677527e-002 -1.271255e+000 -2.857802e-001 -1.441543e-001 -3.045051e-001 
7.633285e+000 1.369013e+001 -1.101325e+001 3.107000e+000 -3.868336e-001 -9.871085e-001 -3.647723e+000 -5.050723e-001 -5.594877e+000 -3.434020e+000 -4.700147e+000 -1.407535e+000 -3.120743e-001 -4.218032e-001 -3.897513e+000 -1.801191e+000 -1.299022e+000 -3.443566e+000 -7.339526e-001 -2.742094e-001 -4.188517e-001 -4.376732e+000 -1.869221e-001 1.225015e+000 -7.506980e-001 -1.091750e+000 5.056760e-001 9.851180e-001 -3.144491e-001 -8.045067e-001 8.286709e-001 5.829564e-003 -1.097391e+000 -5.842683e-001 1.996142e-002 -8.122198e-001 
9.620617e+000 1.463475e+001 -1.064460e+001 4.225562e+000 1.015060e-001 1.626778e-001 -3.953265e+000 -2.734039e+000 -5.105777e+000 -1.850309e+000 -5.276896e+000 -2.181820e+000 1.742073e-001 -7.420519e-001 -3.065577e+000 -7.240406e-001 -6.376613e-001 -2.404178e+000 -1.844458e+000 1.130871e-001 -6.014996e-001 -5.033588e+000 9.199476e-001 1.263132e+000 -8.477839e-001 -7.820648e-001 2.741848e-001 2.170352e+000 -1.025665e-002 -1.491892e+000 1.473426e+000 -7.767985e-001 -1.201380e+000 -1.317661e-001 1.650070e-001 -1.039356e+000 
1.110518e+001 1.276806e+001 -8.828926e+000 2.145355e+000 -1.571959e-001 -3.839281e-001 -3.670372e+000 -2.565987e+000 -4.086024e+000 -1.610984e+000 -4.193788e+000 -1.144514e+000 -2.281859e-001 -2.583172e-001 -2.609889e+000 -1.457854e+000 -5.461804e-001 -2.581511e+000 -2.023366e+000 -2.937311e-001 -1.389043e+000 -4.259120e+000 7.409988e-001 7.680503e-001 -5.297339e-001 -4.981257e-001 -1.736324e-001 1.141930e+000 1.803832e-001 -1.242213e+000 5.940243e-001 -6.285458e-002 -7.465487e-001 5.380149e-002 3.511813e-001 -3.971403e-001 
1.013988e+001 1.351167e+001 -1.076646e+001 3.084823e+000 -9.191459e-002 7.103405e-001 -3.818714e+000 -2.317741e+000 -4.221712e+000 -2.659553e+000 -4.713894e+000 -1.786454e-001 -1.112917e+000 -2.782476e-001 -2.722671e+000 -1.935364e+000 -8.593590e-001 -1.708896e+000 -1.937731e+000 -1.147728e+000 -8.300798e-001 -3.690693e+000 1.024297e+000 4.904321e-001 -4.667227e-001 -5.188497e-001 -4.085469e-001 7.924482e-001 9.000956e-001 -6.893525e-001 7.524039e-003 -3.824612e-001 -6.131769e-001 -1.651777e-001 2.220703e-001 -4.673581e-001 
1.124634e+001 1.317770e+001 -8.983063e+000 2.443886e+000 2.949910e-001 1.543349e+000 -3.376150e+000 -3.345595e+000 -4.042912e+000 -3.072192e+000 -3.945451e+000 1.123197e-001 -1.500295e+000 -2.109658e-001 -2.101975e+000 -3.001107e+000 2.681441e-001 -1.456013e+000 -1.599103e+000 -1.397614e+000 -2.199555e+000 -2.655450e+000 6.683631e-001 1.227840e-001 -8.163095e-002 -6.940317e-001 -7.995505e-001 1.301006e+000 8.198248e-001 -5.379956e-001 -4.981200e-001 -4.621738e-004 -1.432807e-001 -9.361353e-001 3.712776e-001 2.791725e-001 
1.262676e+001 1.193875e+001 -9.806570e+000 2.499421e+000 1.049871e+000 1.410114e+000 -2.484331e+000 -3.985396e+000 -4.911950e+000 -3.270041e+000 -4.729928e+000 5.865188e-001 -2.751011e+000 5.779797e-001 -2.367373e+000 -2.501801e+000 -4.794884e-001 -2.730607e+000 -1.051728e+000 -2.177763e+000 -1.941361e+000 -2.491617e+000 1.405717e+000 5.627878e-001 -9.728441e-001 -9.921088e-001 -7.176255e-001 1.081311e+000 8.778563e-001 -7.894460e-001 -2.676910e-001 -2.693050e-001 -3.644386e-001 -8.444209e-001 6.023079e-001 8.011601e-002 
1.269547e+001 1.287547e+001 -1.078639e+001 3.401796e+000 8.466731e-001 2.914534e+000 -3.331467e+000 -2.613637e+000 -4.466833e+000 -1.680348e+000 -5.454673e+000 1.228497e+000 -3.488725e+000 6.378860e-001 -2.484637e+000 -2.068340e+000 -5.614849e-001 -2.936391e+000 -4.731329e-001 -2.112687e+000 -3.068050e-001 -2.820915e+000 1.146820e+000 7.200001e-001 -7.162253e-003 -3.160671e-001 -3.972675e-001 1.003230e+000 7.586479e-001 -1.080539e+000 3.088295e-001 -1.000754e+000 4.162157e-001 -1.159512e+000 2.130205e-001 -3.441580e-001 
1.423821e+001 1.124659e+001 -9.636740e+000 2.548743e+000 1.738346e+000 2.183903e+000 -3.723503e+000 -2.873106e+000 -2.976506e+000 -2.628576e+000 -2.892105e+000 3.121783e-001 -2.393539e+000 7.198920e-001 -2.977350e+000 -9.012762e-001 -8.009008e-001 -2.625355e+000 -1.265133e+000 -1.370913e+000 5.072165e-001 -3.458016e+000 1.119151e+000 1.200445e+000 -4.529509e-001 -1.413500e-001 -3.618021e-001 1.898432e+000 3.411643e-001 -6.716736e-001 5.117450e-001 -9.869340e-001 -1.676315e-001 -8.689196e-001 9.556163e-002 -3.333464e-001 
1.399869e+001 9.752732e+000 -1.121031e+001 2.623614e+000 1.163677e+000 2.706849e+000 -4.522792e+000 -3.989050e+000 -3.178349e+000 -1.793247e+000 -3.328376e+000 6.080951e-001 -2.964751e+000 -2.844581e-001 -4.861341e+000 -8.159946e-001 -9.087091e-001 -2.915732e+000 -1.976087e+000 -1.092789e+000 4.419158e-001 -3.990410e+000 1.287197e+000 1.349424e+000 -4.242932e-001 -7.261585e-001 1.029805e+000 9.421324e-001 -3.391885e-001 -1.283867e+000 6.991007e-001 -7.566626e-001 -7.003381e-001 -3.965316e-001 -3.311413e-001 -6.410306e-001 
1.415316e+001 1.004981e+001 -1.229336e+001 3.924436e+000 4.461784e-001 3.673990e+000 -5.729477e+000 -3.054678e+000 -4.589442e+000 -1.498408e+000 -3.900130e+000 -1.533581e-001 -2.737090e+000 -4.050035e-001 -3.353077e+000 -3.296384e-002 -7.555898e-001 -3.592517e+000 -2.440194e+000 -1.555029e+000 7.847591e-001 -3.010314e+000 1.320908e+000 9.844207e-001 -4.182021e-001 -1.229997e+000 1.258421e+000 9.474321e-001 7.849772e-002 -1.437931e+000 8.263276e-001 -1.073822e+000 -3.839775e-001 -3.309168e-001 -1.492855e-001 -2.955703e-001 
1.426699e+001 1.034851e+001 -1.197611e+001 2.985044e+000 -4.014461e-001 3.732349e+000 -6.681079e+000 -3.464934e+000 -4.604821e+000 -1.876456e+000 -3.280834e+000 -6.411198e-001 -2.553511e+000 -4.395793e-001 -3.019795e+000 2.222450e-001 -1.080979e-001 -3.577960e+000 -3.079797e+000 -1.304005e+000 9.194605e-002 -3.009569e+000 4.978507e-001 -2.937312e-001 -1.026394e+000 -1.218775e+000 1.692627e+000 8.561799e-001 7.557214e-002 -1.640133e+000 7.945702e-001 -6.103373e-001 -1.741118e-001 -2.220110e-001 1.159319e-001 -3.542313e-001 
1.502383e+001 1.025149e+001 -1.142660e+001 2.890314e+000 1.565528e-001 4.008037e+000 -5.755695e+000 -4.347294e+000 -4.106520e+000 -1.578688e+000 -3.442874e+000 3.592516e-001 -2.768777e+000 -9.559586e-001 -3.567285e+000 -2.590283e-001 -6.206159e-001 -2.695306e+000 -2.597403e+000 -1.125937e+000 8.547479e-001 -3.500921e+000 7.360717e-001 -3.494854e-001 -1.406250e+000 -3.392297e-001 1.191199e+000 1.057341e+000 -4.097238e-001 -1.431841e+000 8.346174e-001 -1.021691e-001 2.107929e-001 -1.122144e+000 -1.315537e-001 -5.976980e-001 
1.481924e+001 9.367931e+000 -1.101467e+001 2.194824e+000 4.561872e-001 3.926325e+000 -5.819554e+000 -5.399101e+000 -3.066643e+000 -3.165626e+000 -4.280758e+000 -7.547540e-001 -3.115856e+000 -7.436703e-001 -3.276441e+000 -2.913101e-001 -1.374193e+000 -2.222603e+000 -2.639359e+000 -2.261214e+000 1.648862e-001 -3.486095e+000 1.380497e-001 -5.895528e-001 -1.023054e+000 -3.058615e-002 6.476154e-001 1.303803e+000 -6.693993e-001 -1.533940e+000 5.645850e-001 -5.380924e-001 3.499912e-001 -1.522198e+000 2.540661e-001 -3.480588e-001 
1.349732e+001 1.029451e+001 -1.094292e+001 3.462477e+000 2.520145e+000 5.252723e+000 -4.671904e+000 -3.659601e+000 -2.367197e+000 -1.116930e+000 -4.798917e+000 8.426937e-001 -3.729883e+000 2.537035e-001 -3.004265e+000 6.610043e-001 -1.707444e+000 -1.310871e+000 -1.704498e+000 -1.967938e+000 1.394309e+000 -3.386951e+000 5.647018e-001 -7.897220e-001 -4.437907e-001 -2.373670e-001 8.274314e-001 5.392217e-001 3.681016e-001 -1.043685e+000 9.369846e-001 -6.160103e-001 9.181459e-001 -1.822066e+000 2.958064e-001 1.548082e-001 
1.193854e+001 9.910481e+000 -1.069006e+001 4.135136e+000 -1.832316e-001 5.117029e+000 -4.993771e+000 -5.617919e+000 -3.911109e+000 -9.743208e-001 -5.244562e+000 -9.865231e-001 -4.077600e+000 -2.012317e+000 -3.444589e+000 5.346486e-001 -2.302864e+000 -2.402309e+000 -1.616318e+000 -2.858807e+000 4.111087e-001 -2.970868e+000 -4.101253e-001 -1.495876e+000 -7.552995e-001 -6.165810e-001 3.039618e-001 3.397994e-002 6.204128e-001 -9.706375e-001 3.468666e-001 -7.458376e-001 -1.530396e-001 -1.505967e+000 2.705912e-001 2.917104e-002 
1.282698e+001 1.104387e+001 -8.602179e+000 4.535465e+000 4.755439e-001 6.535333e+000 -4.319933e+000 -4.433025e+000 -3.981098e+000 -3.679202e-001 -4.117075e+000 1.053258e+000 -1.600339e+000 -1.534469e+000 -2.442068e+000 6.426025e-001 -2.749321e+000 -1.257850e+000 -1.325264e+000 -7.825496e-001 1.061127e-001 -2.418489e+000 6.521300e-002 -1.884828e+000 3.694781e-001 -6.592615e-001 1.128613e+000 -6.228730e-001 1.102502e+000 -5.800834e-001 3.656808e-001 2.832797e-001 -1.996585e-001 -9.042987e-001 -7.185551e-002 1.170066e-001 
