0.31314330000000007 16.57415 -15.497699999999998 3.0094260000000004 0.6514535 0.6340144 -2.058575 -5.551583 2.1151580000000005 -3.604924 -1.9770710000000002 -1.5735150000000002 -1.5899800000000002 -2.860607 -2.5348 -0.057778119999999995 -2.493319 -0.6014929000000001 -0.05114203 -0.7857355000000001 -0.5021136999999999 -1.9867690000000002 1.142201 0.6470321 0.4722799000000001 1.071194 0.1495225 1.8084620000000002 -0.19534720000000003 -0.5145253 0.4100538 -1.430759 -0.8045576 0.04096836 0.43148620000000004 -0.5861925 
2.295971 13.819469999999999 -17.89563 3.2447170000000005 -0.7473580000000001 0.3979952 -0.9248927 -4.762816999999999 3.1151890000000004 -2.049433 -2.9662970000000004 -1.616301 -1.7375170000000002 -2.4197850000000005 -1.6232229999999999 -0.46700389999999997 -2.7811349999999995 -0.7887275999999999 0.08955689 -0.5513766000000001 -0.52612 -1.371036 2.048342 1.043182 -0.1843513 0.9894265000000002 0.3568064 1.8044790000000002 0.06439585000000002 -1.272797 1.055369 -0.7137252 -1.046372 0.10142070000000002 -0.33078349999999995 -0.42671 
8.115794 9.887303000000001 -14.881789999999999 3.440908 1.4835650000000002 -0.27067560000000007 -2.216428 -5.131430000000001 0.9274891 -1.314224 -3.5979029999999996 -1.8644619999999998 -1.8386789999999995 -2.305291 -1.954165 -0.9031783999999999 -1.5479769999999997 -0.06732665 1.726934 0.3880404 -0.6141289 -0.47833939999999997 1.9011390000000001 1.5016029999999998 -0.2998445 0.640898 0.7022301 1.2205519999999999 -0.3692407 -1.6309020000000003 1.031827 -0.1066536 -0.7116186999999999 1.1076239999999997 -0.03911708 -0.2885208000000001 
8.090643 14.93042 -16.7784 5.281282 -0.6362699000000002 0.8617882000000001 -3.674239 -7.169946000000001 1.5161870000000002 -3.765022000000001 -3.4332290000000003 -3.292251 -1.3491540000000002 -1.547778 -3.021123 -0.012581850000000002 -2.155034 0.5598834999999999 2.0299459999999994 -0.9027833000000001 -0.40005740000000006 -1.045549 1.9678369999999998 1.9429389999999995 -0.21516920000000003 0.46107079999999995 0.7366082 1.7375310000000002 -1.141059 -1.918614 0.5945679999999999 0.2589527999999999 -0.15984850000000003 0.6923174000000001 0.9422606 -0.6404605 
10.95604 13.481080000000002 -15.856359999999999 4.864866 0.5464923 0.5121549 -2.9449229999999997 -5.3326780000000005 0.4288922 -3.514232 -3.505475 -3.1405950000000002 -1.119998 -1.8664310000000002 -2.704739 0.26209980000000005 -1.317344 0.5597024 1.401766 -0.2003078 0.2678886999999999 -0.4213931 1.8185059999999997 1.146122 -0.37445990000000007 0.1013442 0.6844858 1.4217130000000002 -1.2615239999999999 -1.028948 0.4546466000000001 -0.2107459 -0.15341080000000004 0.6839795 1.5416229999999997 -0.3051536000000001 
9.925731999999998 13.999849999999999 -16.7911 5.129734 0.02594351 1.185309 -2.043393 -6.3594289999999996 1.9022419999999998 -4.334276 -4.458682 -2.318932 -1.6049559999999998 -0.4267770999999999 -2.4716589999999994 -0.00460922 -1.157032 0.1515521 3.3209820000000003 -0.44806599999999996 0.8441397000000002 1.276388 1.008001 1.789004 -0.5733586 0.11229559999999997 0.7032293000000001 1.047715 0.40643569999999996 -1.5703189999999998 0.48854830000000005 0.03295707 -0.1447689 2.1509010000000006 0.7203102 -0.3636868999999999 
8.987916999999998 16.109620000000003 -19.21184 5.063633 -0.3261224 1.0641420000000001 -0.7574157 -7.227445000000001 2.5319989999999994 -5.358308999999999 -4.980302000000001 -2.088303 -2.4406719999999997 -0.49540009999999995 -3.0421930000000006 0.4825606000000001 0.3344111 -0.43095589999999995 3.3617990000000004 -1.0348310000000003 0.8472150999999999 1.282559 0.09585644000000001 2.351373 -0.6088006999999999 0.2452215 1.163025 0.7377295000000001 0.9830797999999998 -1.7510239999999997 0.9646378999999998 -0.12224599999999998 -0.7357161000000001 2.4560479999999996 -0.1264389 0.3173123 
8.754109999999999 15.370319999999996 -20.34363 5.301585 -0.153705 0.5743416999999998 -1.3902 -7.072332000000001 2.288543 -5.609695000000001 -4.982878 -1.646238 -3.299500000000001 -1.589703 -2.6034590000000004 1.119616 1.062957 -0.1946291 2.58694 -0.5793334999999998 0.6043756 1.325102 0.3096769 1.7465329999999997 -0.3579078 0.5980655 0.8523069000000001 0.5111888000000001 0.4833102 -1.6705399999999995 0.9658705000000001 0.03233424000000001 -0.2549142 2.194174 -0.04194881 0.9296344000000001 
11.615089999999999 12.775549999999999 -16.440429999999996 3.259832 0.056030750000000004 2.131143 -1.551318 -6.075223 1.323906 -5.441169000000001 -5.526863 -1.6378850000000003 -3.538065 -1.887789 -1.8140839999999998 1.016516 1.1017910000000002 -0.1207842 2.173399 -0.3406228 0.1524103 1.0792079999999997 0.4144657 1.28383 -0.28891510000000004 0.2883562 0.37139340000000004 0.20451069999999996 0.24321299999999996 -1.4703459999999997 0.8283104000000001 0.1660121 -0.6016909999999999 1.7663519999999997 0.5345835 0.6746647 
12.322069999999998 11.47386 -15.02593 1.770783 0.3542603999999999 2.0878149999999995 -2.073078 -6.289627000000001 0.4839318000000001 -4.894651 -4.8780399999999995 -1.8866879999999997 -3.5673 -1.9902499999999999 -2.100031 0.3830046 0.9624084 0.4992549 2.403774 0.1045433 0.9763346000000002 1.6481309999999998 0.4904937 1.366758 -0.1615947 -0.4386815 0.145213 0.49480110000000005 -0.02307289 -1.008324 1.517403 0.45037910000000003 -0.5751134000000001 1.6385989999999997 0.6801239 0.5225961 
9.761233000000002 14.14268 -17.81626 1.9561759999999997 -2.5899129999999997 2.180572 -3.930055 -7.1848719999999995 1.317635 -6.165894000000001 -3.476934 -3.220488 -3.147791 -2.086722 -2.479491 1.814852 0.2785469 1.298515 2.403685 1.007002 1.8819149999999998 0.3087906 1.704238 0.8855357 -0.2931506 0.3006947 0.6410321 1.58061 -0.5803256 0.3559879000000001 1.199079 0.33856600000000003 0.2934466 0.117359 1.3784849999999997 -0.25613710000000006 
12.35886 13.071200000000001 -16.69049 2.8146610000000005 -2.039843 3.297794 -3.9413139999999993 -7.209879 1.4809230000000002 -6.190379999999999 -4.244818000000001 -3.160321 -3.335386 -1.9356569999999995 -2.7131040000000004 1.071459 0.48486930000000006 0.6381614 1.5663160000000003 1.539334 1.3879870000000003 -0.3665028000000001 2.236787 0.8228375000000001 -0.9763516 0.44748369999999993 0.1948727 0.6424506 -0.6871581999999999 -0.09935284 1.241804 0.8009842000000001 0.011754929999999999 0.41497310000000004 1.764417 -0.6124603 
9.354151 15.55561 -20.36524 3.512957 -3.36928 2.506703 -3.5806399999999994 -8.259386 1.7751559999999995 -7.759504999999999 -3.842495 -3.700301 -3.233825 -1.5646830000000003 -2.6843490000000005 1.523384 0.048086069999999995 0.5919608 1.652877 1.4802669999999998 1.170973 -0.520909 2.3832990000000005 0.5820135999999999 -0.5261839999999999 0.4346803000000001 -0.6386951 0.7947229 -0.7879113000000001 -0.2644317 1.028277 0.616209 0.14631949999999996 0.1246454 2.026876 -0.4988549 
10.25468 14.623999999999999 -19.838580000000004 4.006208999999999 -2.192957 3.152184 -2.8954510000000004 -7.860197 1.879526 -7.259011999999999 -4.057887999999999 -3.995825 -3.7521440000000004 -1.5627910000000003 -2.8382140000000002 1.9820220000000002 0.5618667 0.11067530000000002 2.0999510000000003 0.9132791000000002 1.212708 -0.1437887 1.810594 1.143388 -0.4630307 0.45045990000000014 0.12204729999999998 0.44014359999999997 -0.7588036999999999 -0.6250121000000001 0.9356827 0.8811215 0.34123629999999994 0.7549960999999998 1.872021 -0.31514100000000006 
9.04995 15.52596 -20.28941 4.450005 -1.566924 4.026358000000001 -1.769589 -7.747765 3.5445290000000003 -7.643168000000001 -3.3667249999999997 -3.8868900000000006 -3.897576999999999 -1.5137350000000003 -3.2235669999999996 2.14884 0.8900316000000001 0.47152230000000006 2.8613749999999993 1.1246539999999998 1.742625 0.4702986 1.538081 1.627409 -0.6703178999999999 -0.15354200000000004 0.11541639999999999 0.008404915 -0.7106702 -0.6812950999999999 1.1385500000000002 1.0375689999999997 0.4195891 1.153265 2.099733 0.03276879 
9.668045 13.837779999999999 -20.292370000000002 3.11833 -2.886142 3.5143449999999996 -3.689083 -7.899977 2.464055 -7.472436000000001 -3.7151120000000004 -4.244776000000001 -4.015427 -1.563112 -3.0925590000000005 2.361568 0.9111950000000001 0.581425 2.51327 0.8144758000000001 1.764868 -0.19729060000000004 1.4610710000000002 1.286736 -0.2874145000000001 0.1637608 0.4139876 0.7767258000000001 -0.7808253 -0.22902289999999997 0.7643703 0.6692771999999999 0.5501367 0.44265659999999996 2.0378070000000004 -0.4137773 
9.50915 14.968289999999998 -18.39854 4.246333 -3.0127680000000003 5.1071990000000005 -3.054184 -7.734243 3.393341 -7.705613 -3.8333450000000004 -3.703236 -3.6450120000000004 -2.4444440000000003 -3.4698889999999993 2.3718940000000006 0.6696226999999999 0.6980966 1.5030199999999998 1.099888 1.644957 -0.23705 2.313177 1.28358 -0.4586731999999999 0.39839940000000007 -0.1630266 0.1128125 -1.1679829999999998 0.1330321 0.475539 0.6702249 1.133559 0.7518994 2.6550030000000002 -0.2758751 
10.985749999999998 14.617549999999998 -18.025090000000002 3.2826850000000003 -3.3394669999999995 5.04662 -2.9502470000000005 -7.775063000000001 3.221767 -6.893738 -4.658026 -3.1248049999999994 -3.027179 -2.8374619999999995 -2.4698309999999997 1.7805490000000002 0.4515262 1.232424 0.7504824 1.1585339999999997 2.261505 -0.7736606000000001 2.536374 0.8491207000000001 -0.4952797000000001 0.7498208000000001 -0.17038700000000004 0.6242799 -1.001111 -0.3401779999999999 0.6235223 0.4489828 0.7084998999999998 1.013541 2.660147 -0.7150645 
9.869597999999998 15.315 -18.3473 3.5022139999999995 -3.0740079999999996 5.229425 -2.360968 -7.859681000000001 3.3143400000000005 -6.27626 -4.512231 -2.9771889999999996 -2.459175 -3.3818100000000006 -2.367167 2.570472 0.5874644 1.216411 0.9030370999999999 1.249472 2.139197 -0.3660513 2.531829 0.4637229 -0.4884171999999999 0.9118515 -0.45696929999999997 0.5855144 -0.7450918 -0.4286615999999999 0.4897361 0.39830720000000003 0.7146548 0.9210392 2.516038 -0.6995502 
17.44528 10.183729999999999 -9.782866999999998 0.7026570999999999 1.479341 4.460146000000001 -2.3488520000000004 -5.576098000000001 1.457833 -3.457397 -4.76292 -0.4306163 -1.7350320000000001 -2.7714059999999994 -1.2491260000000002 1.061589 1.486711 0.2833792 0.22053579999999998 1.4776279999999997 1.069352 -0.36708309999999994 1.217148 0.9955909 -0.7937026 0.02220463 0.2251965 -0.20644679999999999 -0.15511680000000003 -0.4115440000000001 0.1720983 0.3414298 -0.40395039999999993 0.8049809999999998 1.3847699999999998 -0.5967558999999999 
9.247918 9.073516 -8.290121999999998 0.5092783 1.694329 2.3452419999999994 -1.739435 -4.070745 -0.1029633 -2.154284 -2.268811 0.4122370000000001 -1.301767 -2.474759 -0.9177337000000001 -0.17960240000000002 -0.0036253309999999994 0.38959620000000006 0.1582157 0.5021412 0.18113770000000004 -1.034607 0.2015703 0.9912827000000001 0.48160470000000005 0.6291994 0.6183005 0.7090574 0.8268754000000003 0.6959068000000002 0.4019146 -0.4365676 -0.6405895 0.302354 0.42767549999999993 -0.44547649999999994 
3.742684 11.445499999999997 -14.6579 0.9553380000000001 0.9093459 0.42886779999999997 -2.599539 -4.53934 1.5810910000000002 -1.636972 -2.935312 -1.7966340000000005 -2.041642 -1.641828 -1.243663 0.08362924 -1.3855760000000001 -0.6676951999999999 0.8647095 -0.9653926999999999 -0.6295215 -0.5460443 0.8594643 1.750679 -0.40908459999999996 0.1222362 0.9686389999999998 1.100175 0.22840759999999996 -0.5004565 0.8385571 -0.7211172 -1.6098300000000003 0.17421449999999997 0.128103 0.2660133 
4.748817 13.772320000000004 -17.805049999999998 3.1351860000000005 -1.417104 -0.6374354000000001 -2.717579 -6.118416 1.46885 -3.5096400000000005 -3.710977 -2.902989 -2.2792169999999996 -2.415862 -2.382691 -0.44143860000000007 -1.807183 0.5250231 1.1074850000000003 -0.15513449999999998 -0.21800439999999993 -0.9989299000000001 2.454736 1.618133 0.04664511999999999 0.8370772999999999 0.7998098999999999 2.27425 -0.1424632 -0.39790949999999997 1.1160890000000003 -0.7894902000000001 -0.6885152000000001 0.2584743 0.38741799999999993 -0.1649897 
6.487879 13.76338 -16.42017 5.232247999999999 -0.14557109999999998 0.8111745 -2.660573 -5.446520999999999 1.384345 -4.10398 -3.591814 -3.4764629999999994 -1.195396 -1.8310220000000004 -3.114632 0.22016290000000002 -2.1007220000000006 0.9870995999999999 2.919796 0.0016602520000000005 0.5510365 -0.106785 2.3486 2.101696 -0.1617218 0.025707929999999997 0.54568 2.298653 -0.1744569 -0.6861648000000001 1.248229 0.1907283 -0.020795160000000004 0.616005 0.7837408999999999 -0.2481365 
9.840931 10.93781 -13.801109999999998 1.6778700000000002 -0.01008138 -0.5154329999999999 -3.475489 -4.497747 -0.013919910000000004 -3.658670999999999 -4.808139 -3.9516719999999994 -1.666504 -2.299216 -3.079784 -0.7219331000000001 -1.7869379999999997 1.237439 2.4724469999999994 -0.2526142 0.3109726 0.053697679999999984 1.6247369999999999 1.488854 -0.5637057 -0.17073209999999997 0.7343991 1.5143199999999999 -0.3896164 -1.0459689999999997 0.6822682000000001 0.2444902 0.1250876 1.180582 0.9421783 -0.42212039999999995 
8.941621 16.039330000000003 -17.84876 5.415190000000001 -0.3655347 0.9294724 -2.2494720000000004 -5.718113000000001 1.6923790000000003 -3.9972029999999994 -2.920748 -3.14199 -0.9748511999999999 -0.9134992999999999 -2.760365 0.49389470000000013 -1.107024 1.431165 3.15933 -0.2556402 0.5859591000000001 -0.19916430000000002 0.9916568999999998 1.3143650000000002 -0.0541312 0.45450189999999996 0.8573904 1.4922179999999998 -0.7069646 -0.7765902999999998 0.6625772 -0.21268090000000003 -0.24304110000000007 0.7924482 1.01124 -0.43189540000000004 
10.25208 14.49646 -15.43911 3.592496 -0.2527312 0.6057926 -3.099663 -6.627586 1.32824 -4.29113 -4.837394 -2.293307 -1.9728840000000003 -0.9075172 -2.9109909999999997 0.2692687999999999 -0.5621271 -0.4968347 2.711343 -1.392688 0.6589411 1.4335520000000002 -0.059459670000000006 2.213749 -0.7763355 -0.4054807 1.497135 1.113262 0.8279931000000003 -1.105067 0.7029707 -0.2381001 -1.013053 1.7596710000000004 0.04237409 -0.268962 
9.814778000000002 16.52194 -18.37344 5.026040000000001 -0.5434643 1.047352 -1.6858470000000003 -6.752974000000001 2.2644559999999996 -5.392406 -4.534592 -1.6142299999999996 -1.927201 -0.9076187000000002 -2.634848 0.2058848 0.44589759999999995 -0.2792898 2.8391300000000004 -0.8355733 0.3201858 0.9364923999999999 0.20375959999999999 1.9941580000000003 -0.1348813 0.40359340000000005 0.9613151000000001 0.7766051999999999 0.8445587000000001 -1.214844 0.7245404999999999 -0.2610815 -0.8560331999999999 1.6814199999999997 -0.08837956999999999 0.5366193 
10.86513 13.665580000000002 -17.4556 3.47119 -0.2258612 0.5708304000000001 -1.99882 -6.170400999999999 0.9760643 -5.677701 -5.18433 -1.5285790000000001 -2.678661 -1.16775 -2.417494 0.8366033999999998 1.225923 -0.300733 2.322428 -0.6176128 0.11418819999999999 0.9995747 0.046306049999999994 1.827031 0.0612198 0.2438931 0.6878368000000001 0.2870537 0.29796399999999995 -1.0786879999999999 0.8955504000000001 -0.24277030000000005 -0.8052868000000001 1.665127 0.23285549999999994 0.7143376000000001 
11.64595 10.436189999999998 -15.01356 0.9575399000000002 -0.7571887999999999 1.8413800000000005 -2.6873110000000002 -6.465245000000001 0.5131750999999999 -5.637897000000001 -5.47936 -2.291316 -3.911535999999999 -2.0965090000000006 -2.304921 0.5614932 0.8602543999999999 -0.17691199999999999 2.257304 0.1254714 0.5296827 1.038201 0.1074045 0.9631264 -0.7586386999999999 -0.1195094 0.4559718999999999 0.1151622 -3.3129390000000006E-4 -1.229388 0.910627 0.2669061 -0.5144359 1.5217899999999998 0.37901780000000007 0.5327094 
8.691575 15.61645 -17.2263 3.9126009999999996 -2.181408 2.3148249999999995 -2.270016 -7.308414999999998 1.898052 -6.081170999999999 -3.778838 -2.907693 -3.330826000000001 -2.3057720000000006 -2.76506 1.5926519999999997 0.5569940999999999 0.6619427 2.208226 0.5489147 1.630219 0.7421881 1.1962399999999997 0.6628036 -0.3410945 0.164498 0.23850710000000003 1.296771 -0.3862834 -0.2885705 1.492934 0.3621686 -0.08694722 0.7061614 1.181082 -0.1862199 
11.88628 9.915541 -14.472480000000001 0.4007690999999999 -1.894007 2.597892 -3.497118 -5.978549999999999 0.5973943999999999 -5.331672 -4.958458 -3.525692 -3.326810000000001 -3.0558450000000006 -2.5730019999999993 1.327369 0.3837423 0.5436413 1.7855919999999998 1.925787 1.7811260000000002 -0.02057517 1.162389 0.41267489999999996 -0.9664998000000001 -0.5398617 0.002273373 0.3884254 -0.9933759999999998 0.09739790000000001 1.0046289999999998 0.44691170000000013 0.2310477 0.7147426 1.359812 -1.070568 
9.872783999999998 13.99243 -17.70575 3.264906 -3.0793600000000003 2.563136 -3.602710000000001 -7.470197 1.1746 -6.708167000000001 -4.775148000000001 -3.6142089999999993 -3.275091 -2.809904 -3.0979160000000006 1.506833 0.6755323999999999 0.9282548000000002 1.7366740000000003 1.937877 1.5816339999999998 -0.1058428 2.302609 0.8865901999999999 -0.1395307 0.4659657 -0.15317840000000002 0.9991328 -0.5531455 0.5715120000000001 1.466165 0.6975677 0.47274750000000004 0.5727566 1.8991749999999998 -0.4469623 
11.31116 12.795100000000001 -16.636889999999998 2.668464 -1.5516179999999997 2.69609 -3.8478850000000007 -6.71277 1.092379 -6.19313 -3.910491 -3.0696319999999995 -4.052104 -2.449753 -2.555456 1.359831 0.5314351999999999 0.07404167 2.037393 1.312632 0.9913622000000001 0.01643293 1.4773809999999998 0.7080384999999999 -0.8073664999999999 -0.22829119999999997 -0.6534185 -0.08464762000000002 -0.42944849999999996 -0.4416414 0.7265778999999999 0.7847859 0.03611902 0.6117382 1.5310609999999998 -0.4866218 
12.62898 10.18369 -15.531310000000001 0.6141422 -0.26339280000000004 3.574669 -3.2681420000000005 -6.544741000000001 1.064862 -5.589548999999999 -5.098464 -2.6722940000000004 -4.358791 -2.544535 -2.454048 0.5950987 0.8288741000000001 0.15331549999999997 2.834327 2.117316 1.9466180000000004 1.28015 1.3886070000000001 1.6564499999999998 -0.9379348 -0.46443419999999996 0.3023213 -0.22171870000000002 -0.09619352000000002 -0.2875725 1.39921 1.4169339999999997 0.2816271000000001 1.696676 1.578234 -0.022132850000000003 
11.663160000000001 11.935609999999999 -16.5832 1.613346 -0.9360192000000003 4.194197 -3.593826 -6.297829 1.6624060000000003 -6.556472999999999 -4.87612 -2.8151380000000006 -3.745404 -1.7684169999999997 -1.9689580000000002 1.496084 0.6934326999999999 0.7518982000000001 2.477024 0.7493304 1.698905 0.8008620999999999 0.6706333 1.347544 -0.4263396999999999 -0.308076 0.5265754 0.21338539999999998 -0.7366837000000002 -0.2707183 0.8546893999999999 0.6522031999999999 0.05296496 1.032811 1.720703 -0.23692819999999998 
13.511700000000001 8.468119 -13.60798 -0.46658970000000005 0.18290690000000004 4.084781 -3.6993499999999995 -6.365656 0.6195971 -6.290976999999999 -5.952554 -3.1004639999999997 -4.219041 -2.473081 -1.838552 0.9725172000000002 1.054196 0.23948670000000002 1.705245 1.094959 1.4710160000000003 1.0233170000000003 1.0846599999999997 1.670166 -0.16631189999999998 -0.2297764 0.7294358 0.1407433 -0.6697261 -0.6052818000000001 0.8496442999999998 1.274045 0.38818509999999995 1.4919390000000001 2.061178 0.01092994 
11.271240000000002 12.317840000000002 -15.315039999999998 2.639308 -1.5827849999999999 5.630386000000001 -2.8984209999999995 -6.915649000000001 2.8772139999999995 -6.081851999999999 -5.5942 -2.82751 -2.996112 -2.644427 -2.1673830000000005 2.60115 1.114387 0.5323373 1.272473 1.5740909999999997 1.910216 -0.08594303999999998 1.87068 0.6255862 -0.6205655 0.6063453 0.10221400000000001 0.19373639999999998 -0.8241398000000001 -0.2870706 0.05873102000000001 0.6706912000000002 0.9272839 0.8718370000000001 2.290009 -0.5583683 
13.97148 10.27136 -13.602599999999999 -0.1091902 -0.5448659 4.385719000000001 -3.2193879999999995 -6.6451 1.188897 -5.0378 -5.871184999999999 -2.7350980000000003 -2.968529 -2.8937449999999996 -1.533457 0.7857097 0.6756333999999999 1.4139940000000002 0.7355505 1.487285 1.9084350000000003 -0.0809055 2.252177 1.035484 -1.004854 0.4861046 0.6293924 0.30389739999999993 -0.8378493000000001 -0.2198837 0.7422617000000001 0.4725412000000001 0.40647639999999996 1.3352249999999999 2.125327 -0.2682168 
