5.873183e+000 1.313661e+001 -1.182853e+001 9.452485e-001 -3.845842e+000 -1.089708e+000 6.712587e-001 -2.213569e+000 -3.130606e-001 -4.153757e+000 -2.287046e+000 -2.201606e+000 -2.264484e+000 -6.682923e-001 -1.419987e+000 -1.005038e+000 -1.050590e+000 -4.309264e-001 -2.481633e-002 6.205579e-002 1.034682e+000 1.925587e-001 8.544370e-002 -2.400561e-001 
3.882099e+000 1.402765e+001 -1.408862e+001 6.301058e-001 -4.310979e+000 -1.639430e+000 2.133552e+000 -1.091965e+000 1.741989e-001 -4.658665e+000 -1.916790e+000 -1.725781e+000 -8.300194e-001 -1.239449e+000 -8.271032e-001 -8.702558e-001 -3.753705e-001 3.957182e-001 -1.234259e-001 7.481649e-001 2.629199e-001 7.304952e-001 -1.407216e-001 -2.039811e-001 
5.350410e+000 1.150945e+001 -1.158639e+001 -4.948940e-001 -2.086602e+000 -1.434286e+000 9.927645e-001 -7.211416e-001 -1.100351e+000 -3.482461e+000 -2.842299e+000 -8.647065e-001 -5.402289e-001 -7.596094e-001 -5.884475e-001 -1.017305e+000 -5.455071e-001 1.675390e-001 5.227397e-002 4.507035e-001 7.416045e-001 6.773287e-001 1.038795e-001 -4.580956e-001 
3.718732e+000 1.290749e+001 -1.326747e+001 -1.620532e-001 -2.301695e+000 -1.608357e+000 2.122748e+000 -1.376080e+000 -8.159909e-001 -4.533383e+000 -3.575960e+000 -7.782336e-001 -9.214075e-001 -5.576097e-001 -5.915116e-001 -6.306569e-001 -2.381090e-001 -4.673012e-001 3.409501e-001 4.139387e-001 6.376354e-001 5.067922e-001 -3.620847e-001 -3.488873e-001 
3.776312e+000 1.199152e+001 -1.190518e+001 3.083507e-001 -1.895222e+000 -2.453507e+000 9.893456e-001 -2.300967e+000 -1.764460e+000 -4.118295e+000 -3.607360e+000 -1.024427e+000 -1.859984e+000 -9.384985e-001 -1.113619e+000 -1.300714e+000 -4.833927e-001 -1.132662e+000 1.912254e-002 -1.411741e-001 9.563694e-002 9.987023e-001 -5.993339e-002 4.310429e-001 
1.946637e+000 1.334291e+001 -1.341130e+001 1.002451e+000 -1.791318e+000 -3.032522e+000 1.808861e+000 -1.689639e+000 -4.231057e-001 -3.607253e+000 -1.816612e+000 5.543523e-001 -1.218432e+000 -1.421824e-001 -6.316384e-001 -1.497179e+000 -4.004668e-001 -4.175313e-001 4.828813e-001 4.492391e-001 5.382916e-001 8.830463e-001 -6.357076e-002 6.219258e-001 
2.190831e+000 1.347049e+001 -1.277690e+001 6.845092e-001 -2.689985e+000 -2.060703e+000 8.368600e-001 -2.622881e+000 -4.589425e-001 -4.181436e+000 -2.319006e+000 -8.945159e-001 -1.341963e+000 -9.482461e-001 -1.797748e+000 -1.564354e+000 -9.589191e-001 -1.584012e-001 -3.695161e-001 -4.990341e-001 7.606944e-001 6.668717e-001 5.356137e-001 1.177415e-001 
4.074499e+000 1.326386e+001 -1.256009e+001 -1.186586e+000 -2.665678e+000 -1.892248e+000 8.962410e-001 -2.256140e+000 -9.617524e-002 -2.325215e+000 -2.227042e+000 -6.120608e-001 -1.158095e+000 -5.686107e-001 -1.382008e+000 -1.362448e+000 -3.124257e-001 -4.984549e-001 1.831115e-001 1.021061e-001 6.717112e-001 1.092381e+000 1.358536e-001 2.060720e-001 
4.913778e+000 1.256741e+001 -1.272762e+001 7.398890e-001 -1.909370e+000 -1.136951e+000 9.086178e-001 -2.177296e+000 -4.324212e-001 -2.980377e+000 -1.768296e+000 -1.130649e+000 -1.108426e+000 -8.319175e-001 -1.378792e+000 -1.141213e+000 -1.439043e+000 -6.709978e-001 6.141724e-002 5.472663e-001 1.384750e+000 6.831523e-001 6.110510e-001 -3.054017e-001 
1.017188e+001 1.228547e+001 -1.441869e+001 3.127955e+000 -2.621536e+000 -1.669910e-001 7.395184e-001 -3.833519e+000 -1.001856e+000 -3.813705e+000 -2.171554e+000 -1.941919e+000 -2.301185e+000 -9.975977e-001 -7.983854e-001 -7.013221e-001 -1.109162e+000 3.206774e-001 -9.621445e-001 -2.045488e-001 1.801825e+000 -1.715182e-001 8.604478e-002 -6.830932e-001 
1.432397e+001 1.108875e+001 -1.465993e+001 4.094521e+000 -2.132264e+000 8.119881e-001 -4.109726e-001 -4.868417e+000 -5.277708e-001 -3.176753e+000 -1.775580e+000 -2.615719e+000 -2.603885e+000 -1.931376e+000 -1.658243e+000 8.253659e-001 -5.897592e-001 4.679461e-001 -3.901690e-001 -1.079590e+000 7.814835e-001 -6.077197e-002 7.833944e-001 -7.868609e-001 
1.649080e+001 9.277416e+000 -1.440206e+001 2.354751e+000 -8.597709e-001 1.036326e+000 -7.923438e-001 -4.370433e+000 -6.485405e-001 -3.317847e+000 -2.660268e+000 -2.808281e+000 -2.848253e+000 -1.524308e+000 -7.821512e-001 5.801739e-001 -6.302140e-001 2.791153e-001 -2.849935e-001 -4.971902e-001 8.965474e-001 -1.123803e-001 -1.376279e-001 -1.640126e+000 
1.541604e+001 9.744986e+000 -1.446471e+001 2.702658e+000 1.141558e+000 1.084665e+000 -9.029716e-002 -4.703239e+000 -8.787474e-001 -3.084876e+000 -3.078691e+000 -1.539896e+000 -3.213678e+000 -1.016221e+000 9.404009e-003 -1.849899e-001 4.377853e-001 3.584824e-001 -1.085305e-001 -5.820170e-001 5.969901e-001 5.079262e-001 -1.046079e+000 -7.995900e-001 
1.446497e+001 8.043279e+000 -1.466407e+001 2.379302e+000 1.411668e+000 1.568877e+000 -7.900621e-001 -4.755877e+000 -2.069844e+000 -4.382669e+000 -3.217313e+000 -2.251727e+000 -3.132384e+000 -7.789469e-001 -2.376998e-002 -4.344727e-001 -4.787704e-002 1.563818e-001 -7.854838e-001 -7.230636e-001 9.369247e-001 2.370647e-001 -1.155508e+000 -6.321157e-001 
1.634465e+001 7.949429e+000 -1.326591e+001 2.445319e+000 9.150245e-001 2.045104e+000 -1.474467e+000 -4.088648e+000 -1.409336e+000 -3.551100e+000 -1.872068e+000 -1.914174e+000 -2.854180e+000 -9.959956e-001 3.706419e-002 -2.476904e-001 2.938463e-001 4.102521e-001 -9.939929e-001 -4.950353e-001 1.050892e+000 5.553975e-001 -6.712203e-001 -3.003192e-001 
1.452600e+001 9.609248e+000 -1.505011e+001 3.719560e+000 -3.567718e-003 1.824784e+000 -2.261256e+000 -4.540963e+000 -1.161915e+000 -4.370597e+000 -1.407631e+000 -2.025871e+000 -2.852958e+000 -1.445210e+000 -6.087704e-001 -9.806020e-002 -5.744108e-001 3.701488e-001 -6.186499e-001 -6.715305e-001 1.189719e+000 3.426577e-001 -7.497634e-001 -5.495682e-001 
1.497944e+001 8.968458e+000 -1.462585e+001 3.050048e+000 -6.644651e-001 2.850759e-001 -1.429660e+000 -3.858894e+000 -3.110728e-001 -3.621405e+000 -2.035718e+000 -2.221463e+000 -2.797607e+000 -1.205215e+000 -1.092380e+000 -1.695295e-001 -7.419114e-001 4.094651e-001 -3.559452e-001 -7.063035e-001 1.165900e+000 -2.366345e-002 2.999131e-002 -3.816950e-001 
1.058555e+001 1.263386e+001 -2.009716e+001 5.499737e+000 -1.359920e+000 2.837500e-001 5.410624e-001 -6.495088e+000 9.318574e-001 -6.402521e+000 -1.108882e+000 -2.258621e+000 -2.212673e+000 -6.594571e-001 -2.476694e+000 -2.505280e-001 -2.497936e+000 5.277791e-001 -6.249536e-001 -8.829541e-001 2.244061e+000 -1.103375e+000 1.530561e+000 -5.481556e-001 
1.620454e+001 7.073548e+000 -1.387939e+001 2.033362e+000 5.283349e-001 -9.717822e-002 -5.560532e-001 -3.276673e+000 -1.234862e+000 -3.984307e+000 -3.133335e+000 -1.209234e+000 -2.216676e+000 -1.006706e+000 -5.793868e-001 -1.283282e+000 -1.073487e+000 -3.796920e-001 -6.835516e-001 1.418496e-001 1.277505e+000 2.242690e-001 9.996643e-003 1.095937e-001 
1.598747e+001 9.276563e+000 -1.418921e+001 3.397390e+000 -3.558038e-001 2.515946e-001 -1.894192e+000 -3.486890e+000 -3.637184e-001 -4.273396e+000 -2.301707e+000 -2.043594e+000 -1.686940e+000 -2.465295e-001 -1.411153e+000 -6.279254e-001 -1.208545e+000 -2.503861e-001 -3.314878e-001 7.589213e-002 1.396614e+000 -2.675948e-001 2.840327e-001 -2.794629e-003 
2.022756e+001 6.468666e+000 -8.523154e+000 7.814614e-001 1.999967e+000 -1.121066e-002 -1.489648e+000 -1.949057e+000 -1.257242e-001 -2.205710e+000 -2.343796e+000 -5.542624e-001 -1.361516e+000 -1.225863e+000 -2.729601e-001 -3.609505e-001 1.496844e-002 4.450433e-001 -4.475698e-001 -3.725577e-001 4.906819e-001 2.608844e-002 8.135626e-002 5.538126e-001 
9.016653e+000 1.106935e+001 -9.235139e+000 8.558980e-003 -2.018086e+000 -1.372833e+000 2.460820e-001 -1.548285e+000 -6.623040e-001 -2.654651e+000 -2.094138e+000 -1.394758e+000 -1.987144e+000 -6.324116e-001 -9.243191e-001 -1.426287e+000 -7.008182e-001 -4.335534e-002 -5.052480e-002 -3.253314e-002 7.789294e-001 7.223001e-001 3.702092e-001 3.317445e-001 
4.061060e+000 1.415131e+001 -1.461135e+001 6.804621e-001 -2.998734e+000 -1.626007e+000 1.298795e+000 -2.990594e+000 6.340505e-001 -3.436464e+000 -6.992665e-001 -3.481750e-001 -1.279524e+000 -5.208307e-001 -1.514202e+000 -4.571943e-001 -7.645474e-001 -5.006971e-001 5.782318e-002 5.177681e-001 1.367490e+000 5.585532e-001 7.357568e-001 1.032505e-001 
2.650924e+000 1.434952e+001 -1.547233e+001 1.101885e+000 -4.208730e+000 -2.957166e+000 1.792805e+000 -3.195214e+000 9.626046e-001 -3.982883e+000 3.542190e-001 -7.198074e-001 -1.063973e+000 -2.748161e-001 -2.269901e+000 7.562304e-002 -8.876624e-001 3.170957e-001 -1.953132e-001 -5.291163e-001 1.540713e+000 9.216746e-002 1.438017e+000 2.366334e-001 
3.850197e+000 1.150844e+001 -1.277986e+001 2.718872e-001 -3.576012e+000 -2.585480e+000 8.552081e-001 -2.033997e+000 9.787069e-003 -3.085292e+000 -2.128456e+000 -8.378243e-001 -1.079292e+000 -1.294851e-001 -1.505105e+000 -1.337906e+000 -8.907583e-001 -1.237735e+000 2.039640e-001 3.084767e-001 7.492204e-001 1.117404e+000 3.239148e-001 1.251388e-001 
2.031093e+000 1.408995e+001 -1.393349e+001 1.905545e+000 -3.652005e+000 -3.353004e+000 7.630089e-001 -3.004964e+000 1.049988e+000 -4.384422e+000 -1.092234e+000 -2.793635e+000 -1.862111e+000 -2.836517e-001 -2.648846e+000 -8.626128e-001 -2.320514e+000 4.883086e-001 -6.534427e-002 -7.844418e-001 1.595113e+000 -7.282140e-002 1.026639e+000 -6.239508e-001 
3.429511e+000 1.059155e+001 -1.307387e+001 8.900771e-001 -3.014609e+000 -1.953573e+000 7.741799e-001 -8.929309e-001 8.550391e-001 -3.205764e+000 -1.203207e+000 -9.011850e-001 -1.371795e+000 3.046732e-001 -1.062589e+000 -1.566329e+000 -1.063830e+000 -2.745872e-001 -2.759696e-001 -1.284848e-001 1.163291e+000 5.695972e-001 1.276682e-001 -3.270543e-001 
3.805208e+000 1.239148e+001 -1.493433e+001 -9.770271e-003 -2.705912e+000 -2.387688e+000 1.167286e+000 -1.558537e+000 6.201415e-001 -3.454982e+000 -2.712597e+000 -1.518610e+000 -2.038474e+000 -4.994621e-001 -1.429478e+000 -1.691772e+000 -7.549127e-001 -3.537561e-001 6.177802e-002 -2.643553e-001 8.285791e-001 6.531057e-001 -6.149451e-001 -3.124167e-001 
1.279747e+000 1.459261e+001 -1.572641e+001 8.713482e-001 -2.019946e+000 -2.539348e+000 3.259814e+000 -3.489669e+000 1.163253e+000 -4.319065e+000 -2.340354e+000 -2.152198e-002 -1.962254e+000 2.990705e-001 -1.667844e+000 -1.602834e+000 -8.407966e-001 -9.328890e-001 1.779987e-001 7.332142e-002 9.000528e-001 1.053939e+000 -5.627135e-001 -3.242548e-001 
4.398546e+000 9.903628e+000 -1.175426e+001 1.162978e-001 -2.004521e+000 -1.140145e+000 7.186512e-001 -1.270065e+000 -1.566881e-001 -2.237526e+000 -1.344422e+000 -6.363081e-001 -1.020717e+000 -8.261357e-001 -1.380954e+000 -9.010861e-001 -4.107760e-001 6.955464e-002 -1.169890e-001 -9.707664e-002 6.503358e-001 4.910428e-001 4.935839e-001 -1.998720e-001 
9.755065e+000 1.234726e+001 -1.329407e+001 2.459860e+000 -2.839480e+000 -9.611205e-001 2.536237e-001 -3.615634e+000 -1.067801e+000 -3.104339e+000 -1.437867e+000 -1.512088e+000 -2.238983e+000 -1.329319e+000 -1.002215e+000 -8.039874e-001 -8.133836e-001 5.452524e-001 -9.949158e-001 -1.558748e-001 1.633583e+000 -1.938197e-001 4.361109e-001 -4.648772e-001 
1.268303e+001 1.344095e+001 -1.508428e+001 4.687447e+000 -3.606069e+000 1.757677e-001 -4.167246e-001 -5.242171e+000 -7.044579e-002 -3.353746e+000 -1.144973e+000 -2.903550e+000 -2.450595e+000 -1.583810e+000 -1.722347e+000 5.055856e-001 -1.042111e+000 3.287344e-001 -5.631807e-001 -8.878055e-001 1.325244e+000 -3.885114e-002 7.804636e-001 -8.928172e-001 
1.403003e+001 1.253909e+001 -1.623675e+001 3.863945e+000 -2.426048e+000 9.440640e-001 -1.119439e+000 -5.357155e+000 -1.050196e+000 -3.890787e+000 -1.742022e+000 -2.869516e+000 -2.747851e+000 -1.872659e+000 -1.570908e+000 1.117702e-001 -9.799307e-001 3.761126e-001 -6.692130e-001 -1.165414e+000 8.584126e-001 2.725846e-002 8.711962e-001 -1.156816e+000 
1.324893e+001 1.414962e+001 -1.702717e+001 3.565774e+000 -1.508821e+000 2.273855e-001 1.670015e-002 -5.224414e+000 2.365084e-002 -3.769374e+000 -2.396357e+000 -2.759803e+000 -3.871985e+000 -1.231203e+000 -6.589688e-001 -1.467049e-001 1.817432e-001 5.307981e-001 -3.019794e-001 -1.074360e+000 6.670537e-001 1.877048e-001 -5.976252e-001 -9.887063e-001 
1.406464e+001 1.414010e+001 -1.654322e+001 3.285579e+000 -2.080061e+000 6.811551e-001 -3.047061e-001 -4.152864e+000 -3.262207e-001 -3.953209e+000 -2.442827e+000 -2.797701e+000 -3.235874e+000 -1.431221e+000 -1.267037e-001 -7.504215e-001 4.413802e-001 6.412961e-001 -7.189798e-001 -4.158075e-001 3.798808e-001 5.256822e-001 -1.198435e+000 -5.056721e-001 
1.568314e+001 1.009796e+001 -1.441683e+001 1.658973e+000 -1.128334e+000 1.615938e+000 -2.189582e+000 -4.111171e+000 -1.995504e+000 -4.555985e+000 -2.273356e+000 -2.730383e+000 -3.445538e+000 -1.870147e+000 -4.212782e-001 -1.042539e+000 1.906887e-001 8.796150e-001 -1.437348e+000 -8.792987e-001 4.814142e-001 1.672114e-001 -7.199979e-001 -7.394915e-002 
1.519552e+001 1.156154e+001 -1.475024e+001 3.377929e+000 6.806698e-003 2.152871e+000 -1.870143e+000 -4.146744e+000 -1.431537e+000 -4.596720e+000 -1.680773e+000 -1.817719e+000 -2.281685e+000 -1.111531e+000 -3.353075e-001 -7.501296e-001 -5.652486e-001 4.342830e-001 -5.822731e-001 -2.748874e-001 1.068521e+000 5.356926e-001 -9.279124e-001 -5.189707e-001 
1.470959e+001 1.013692e+001 -1.361716e+001 3.592769e+000 1.559791e-001 3.345042e-001 -1.624441e+000 -4.839748e+000 -1.083368e+000 -3.634813e+000 -2.237514e+000 -1.718584e+000 -3.123077e+000 -1.502958e+000 -7.702597e-001 -1.483458e-001 -4.958366e-001 -3.530155e-002 -6.395453e-001 -8.959019e-001 1.109171e+000 4.375354e-001 -2.953753e-001 -1.319078e-001 
1.454195e+001 1.096836e+001 -1.544696e+001 3.726136e+000 -4.809019e-001 -1.599334e-001 -6.027815e-001 -4.307032e+000 -9.765319e-001 -4.407275e+000 -2.949503e+000 -1.375035e+000 -2.496157e+000 -9.469910e-001 -6.226846e-001 -1.139659e+000 -1.233559e+000 -9.080452e-002 -7.139898e-001 -2.388682e-001 1.372418e+000 7.886886e-002 5.630014e-002 -1.200703e-001 
1.401286e+001 1.262161e+001 -1.603968e+001 4.508571e+000 -1.398609e+000 8.949212e-002 -1.287210e-001 -3.857319e+000 -6.020059e-002 -4.905981e+000 -2.647005e+000 -1.567452e+000 -2.325330e+000 -7.684797e-001 -7.956426e-001 -4.282490e-001 -1.508834e+000 -3.011970e-001 -6.088821e-001 1.866191e-002 1.823293e+000 -2.585685e-001 8.464121e-002 -3.333426e-001 
1.277371e+001 1.343869e+001 -1.732321e+001 4.976658e+000 -2.303311e+000 4.046224e-001 -1.056097e+000 -4.619641e+000 3.009485e-001 -6.362122e+000 -1.879971e+000 -2.770773e+000 -1.502799e+000 1.971317e-001 -2.284862e+000 -3.772848e-001 -2.178313e+000 -3.069470e-001 -4.630516e-001 -2.783752e-001 1.934466e+000 -7.379824e-001 7.009368e-001 -3.429931e-001 
