1.371183e+001 1.468847e+001 -3.376865e+000 4.458999e+000 8.660978e-001 4.348201e+000 -2.516612e+000 -6.055622e-001 -1.094203e+000 -3.586782e+000 -1.611896e+000 -2.129586e-002 -7.883101e-001 -1.339567e+000 1.564484e+000 1.297159e+000 1.284844e-001 -1.045884e-001 1.369820e+000 1.310683e-001 -1.773618e+000 -7.031880e-001 -1.782939e-001 1.098588e-001 
8.744333e+000 1.378259e+001 -1.249506e+000 3.443617e+000 2.118545e+000 3.471426e+000 -1.693184e+000 -1.047773e+000 -1.834275e-001 -1.879344e+000 -4.793851e-001 8.358483e-003 -2.605667e-001 -5.731816e-001 6.689905e-001 3.459382e-002 -9.602912e-001 7.220326e-004 8.870295e-001 -2.780209e-001 -1.013019e+000 -7.002012e-001 -6.835995e-001 -5.931041e-002 
6.208885e+000 1.694510e+001 -2.936970e+000 4.438165e+000 8.046755e-001 2.927553e+000 -3.188420e+000 -8.105872e-001 -2.036842e-001 -2.673743e+000 -1.307520e+000 3.096331e-002 -3.773328e-001 -1.148722e+000 1.368211e+000 1.026071e+000 -2.521343e-001 -2.129496e-001 9.775260e-001 1.631950e-001 -1.851030e-001 -3.582836e-001 -2.058502e-001 -4.676037e-001 
6.914140e+000 1.395568e+001 -2.054981e+000 2.900894e+000 1.839534e+000 1.690383e+000 -2.367651e+000 -1.372070e+000 -2.243710e-001 -2.090639e+000 -1.189173e+000 6.521235e-002 -1.052307e+000 -8.348342e-001 1.468768e+000 1.200716e+000 -3.158876e-001 2.294860e-001 1.061651e+000 1.281524e-001 -2.471105e-001 -8.982044e-001 -4.825989e-001 8.101093e-002 
5.135026e+000 1.570759e+001 -4.902753e+000 3.750504e+000 3.045233e-002 2.101741e+000 -3.344534e+000 -8.105139e-001 -1.827271e-001 -2.512812e+000 -1.156753e+000 -4.927822e-001 -1.394208e+000 -7.030241e-001 2.313186e+000 8.732964e-001 7.159639e-001 5.171783e-001 1.496154e+000 -1.223855e-001 1.806696e-001 -7.284662e-001 -3.696043e-001 6.964879e-002 
6.454902e+000 1.424679e+001 -2.082305e+000 2.676802e+000 2.632558e-001 9.858986e-001 -2.690250e+000 -4.082168e-001 3.143857e-001 -2.908897e+000 -1.510736e+000 -4.627790e-001 9.508392e-003 -7.246158e-002 1.096576e+000 1.198722e+000 -5.843475e-001 6.377785e-001 1.751890e+000 -1.539453e-001 -4.049905e-003 -3.349939e-002 -3.636865e-001 2.049049e-001 
9.914073e+000 1.180207e+001 -3.535222e+000 5.426248e+000 -1.981762e+000 4.107820e+000 -2.685129e+000 -2.145981e-001 -1.028688e+000 -2.467428e+000 -1.019375e+000 -4.759667e-002 -4.142110e-001 -7.856703e-001 1.547024e+000 8.204529e-001 1.929039e-001 -3.295742e-001 1.497249e+000 4.726659e-001 -3.454441e-001 -7.556820e-001 -4.473935e-001 -3.691436e-002 
1.232107e+001 1.324097e+001 -5.030540e+000 5.791281e+000 1.992268e-001 4.518051e+000 -3.303817e+000 -5.066836e-001 -8.487560e-001 -3.114304e+000 -6.711476e-001 -3.331851e-001 -1.125757e-001 -1.661742e+000 1.264424e+000 6.231215e-001 1.376704e-001 1.667557e-001 9.885990e-001 3.889820e-001 -6.337501e-001 5.153310e-003 -9.839769e-002 2.985684e-001 
1.337156e+001 1.411328e+001 -6.360477e+000 5.785851e+000 1.477852e+000 5.128477e+000 -3.038046e+000 -8.359682e-001 -6.822844e-001 -3.171535e+000 -4.634865e-002 -9.027031e-001 -1.184570e+000 -2.076228e+000 6.829235e-001 6.450051e-001 2.379130e-001 -5.604094e-002 7.563858e-001 7.196064e-001 -4.401148e-001 5.403708e-001 -3.135533e-001 4.242679e-001 
1.443608e+001 1.502958e+001 -6.262839e+000 5.031658e+000 2.609401e+000 4.783214e+000 -4.091807e+000 -3.126775e-001 -1.924192e+000 -3.154112e+000 -6.795650e-002 -4.512609e-001 -1.922002e+000 -1.521441e+000 1.452882e+000 6.056571e-002 5.474298e-001 -1.946870e-001 6.916765e-001 1.790260e-001 5.443665e-001 8.538080e-002 -5.296875e-001 5.546181e-001 
1.435032e+001 1.460286e+001 -5.643728e+000 4.729768e+000 3.108310e+000 3.935589e+000 -4.033747e+000 -2.793537e-001 -1.096435e+000 -3.515030e+000 -3.276958e-001 -7.381826e-001 -2.413213e+000 -1.249813e+000 1.706075e+000 3.876538e-001 5.976335e-001 -2.903127e-002 2.129982e-001 3.295028e-001 5.326159e-001 1.883966e-002 -6.974412e-001 7.307608e-001 
1.488700e+001 1.343573e+001 -5.171622e+000 3.882857e+000 3.344106e+000 2.938975e+000 -2.885730e+000 -1.232880e+000 -6.969890e-001 -2.923882e+000 -9.917155e-001 -8.592749e-001 -1.792369e+000 -1.547527e+000 1.432606e+000 6.955261e-001 -2.018803e-001 2.383397e-001 6.125566e-001 6.247225e-001 3.517156e-001 1.447659e-001 -9.280903e-001 5.391723e-001 
1.471599e+001 1.692200e+001 -7.627822e+000 5.807869e+000 2.414837e+000 3.511261e+000 -5.310329e+000 -7.586746e-001 -1.285180e+000 -3.439015e+000 4.619240e-002 -3.801466e-001 -2.174208e+000 -1.231607e+000 1.903272e+000 1.218454e-001 3.186895e-001 1.876050e-001 7.561649e-001 9.021070e-002 1.071592e+000 -5.588148e-001 -9.224608e-001 5.118722e-001 
1.667297e+001 1.436393e+001 -5.130733e+000 3.644968e+000 3.950486e+000 1.848596e+000 -4.101352e+000 -1.095920e+000 1.392368e-001 -3.275968e+000 5.447791e-001 -3.627656e-001 -2.435345e+000 -6.935588e-001 1.228118e+000 4.593817e-001 -4.358065e-001 3.044169e-001 -3.379056e-002 3.971196e-001 1.040538e+000 -4.243991e-002 -5.450799e-001 4.840461e-001 
1.539997e+001 1.645118e+001 -6.546820e+000 5.298966e+000 2.857354e+000 2.735507e+000 -5.555271e+000 -7.041162e-001 -8.850231e-001 -3.403176e+000 2.120030e-001 -5.643774e-001 -1.866039e+000 -8.191666e-001 1.917159e+000 -6.050272e-002 9.558898e-002 3.574283e-001 3.009203e-001 2.873257e-001 8.515164e-001 3.073893e-002 -9.227639e-001 5.972536e-001 
1.727410e+001 1.362164e+001 -4.565599e+000 2.824371e+000 4.345053e+000 1.041063e+000 -3.828986e+000 -9.896386e-001 1.504219e-001 -2.850302e+000 -1.398465e-001 -1.281895e-001 -1.841095e+000 -4.267116e-001 1.224786e+000 5.500166e-001 -5.263090e-001 -2.162434e-001 -1.669182e-002 5.902623e-001 1.124143e+000 5.222212e-002 -4.581532e-001 2.096885e-001 
1.741316e+001 1.427191e+001 -4.503629e+000 2.979830e+000 3.997163e+000 1.504204e+000 -4.192917e+000 -9.497697e-001 -2.728147e-002 -3.326217e+000 -2.541657e-001 -1.293833e-001 -1.958383e+000 -1.476022e-001 1.511863e+000 6.715273e-001 -1.936460e-001 -3.039074e-001 5.013276e-002 5.021653e-001 9.166154e-001 -8.433917e-002 -5.108454e-001 3.109484e-001 
1.745687e+001 1.450662e+001 -4.657080e+000 2.789440e+000 4.283374e+000 2.535798e+000 -4.305060e+000 -1.420280e+000 -2.310923e-001 -3.588801e+000 -9.058367e-002 2.148416e-002 -1.827163e+000 -1.163582e-001 1.385802e+000 6.335788e-001 -4.543019e-001 -4.260565e-001 1.865024e-001 1.470901e-001 7.729525e-001 2.762159e-001 -4.398161e-001 5.489648e-001 
1.767062e+001 1.413941e+001 -4.567715e+000 2.856617e+000 3.878046e+000 2.371965e+000 -4.562095e+000 -1.408807e+000 3.575794e-001 -3.341286e+000 3.554644e-001 -7.554577e-002 -2.689558e+000 -3.476862e-001 1.742866e+000 6.722739e-001 -3.740101e-001 -2.418728e-001 3.477552e-002 3.765985e-001 1.074318e+000 7.851923e-002 -7.544341e-001 4.122274e-001 
1.559259e+001 1.774643e+001 -7.496260e+000 5.519732e+000 1.656581e+000 4.260723e+000 -6.121061e+000 -6.660753e-001 -1.061876e+000 -3.596624e+000 6.106329e-001 -7.534598e-002 -2.152050e+000 -3.252910e-001 2.188476e+000 -2.862649e-001 3.400599e-001 -7.125498e-001 5.254123e-001 -1.235148e-002 1.237872e+000 -1.842818e-001 -3.985855e-001 5.024467e-001 
1.928936e+001 1.398404e+001 -4.338928e+000 2.761076e+000 2.784798e+000 2.210528e+000 -3.651054e+000 -1.463993e+000 -5.395040e-002 -2.644182e+000 5.146602e-001 4.557256e-001 -1.896871e+000 -4.180363e-001 1.365177e+000 4.548197e-001 8.758203e-002 3.314527e-001 4.946195e-001 3.181336e-001 5.161684e-001 3.469013e-001 -2.511500e-001 8.965506e-001 
1.495854e+001 1.535118e+001 -3.825913e+000 4.818788e+000 -6.441860e-002 3.262756e+000 -3.393967e+000 -5.485009e-001 -1.317281e+000 -3.324806e+000 -1.005102e+000 3.387449e-001 -1.133191e+000 -1.240276e+000 1.519691e+000 7.496065e-001 9.481391e-002 -1.495525e-001 1.113975e+000 3.107726e-001 -1.141684e+000 -4.322670e-001 2.389069e-002 5.806849e-001 
8.350551e+000 1.531860e+001 -3.513147e+000 4.042487e+000 -6.079625e-001 3.809265e+000 -3.207172e+000 -1.246593e-001 3.028843e-001 -7.853719e-001 -6.673323e-001 -6.263087e-001 -7.746944e-001 -1.292440e+000 1.146126e+000 -6.451174e-002 -4.842985e-001 -4.040618e-001 1.169778e+000 4.125604e-002 -3.671388e-001 -4.365864e-001 1.327986e-001 1.888791e-001 
5.670205e+000 1.492227e+001 -3.958590e+000 3.464662e+000 5.429772e-001 2.462173e+000 -2.120841e+000 -3.846651e-001 5.690826e-001 -1.653487e+000 -4.093515e-001 -2.082710e-001 -7.287581e-001 -1.345027e+000 1.054487e+000 5.081538e-001 -8.178363e-001 -7.856207e-002 8.927539e-001 1.868654e-001 -3.099403e-001 -7.434140e-002 -1.317951e-004 2.021916e-001 
5.035995e+000 1.389515e+001 -3.824954e+000 2.863457e+000 1.023956e+000 3.455047e+000 -1.271762e+000 1.128094e-001 -2.157670e-002 -1.823478e+000 -6.398423e-001 3.122237e-001 -8.535192e-001 -7.527346e-001 3.587220e-001 -8.178531e-002 -8.652072e-001 -1.753241e-001 9.916212e-001 -1.814976e-001 3.912695e-001 3.206478e-002 -8.974248e-002 -2.510418e-001 
3.564552e+000 1.470275e+001 -5.520146e+000 2.830202e+000 -4.427800e-001 2.975647e+000 -1.319123e+000 8.960968e-001 1.234192e+000 -2.029446e+000 -4.061615e-002 2.625336e-001 -2.179969e-001 -1.510842e+000 7.925653e-001 -1.885922e-001 -1.399915e+000 5.594265e-002 1.145877e+000 1.077326e-001 2.354390e-001 1.019451e-001 -2.488529e-002 1.833920e-001 
4.896581e+000 1.385709e+001 -4.574914e+000 2.887426e+000 1.959068e-001 2.576660e+000 -1.702182e+000 5.744777e-001 1.355149e+000 -1.787468e+000 -5.469333e-001 3.231753e-001 -1.937544e-001 -8.556940e-001 7.810557e-001 4.954969e-002 -9.259147e-001 -4.492204e-002 1.267632e+000 -2.624002e-001 -2.406284e-001 8.473008e-002 -1.823514e-002 -4.883041e-002 
8.322898e+000 1.152205e+001 -4.772198e+000 4.822000e+000 -2.283104e+000 4.890804e+000 -2.252861e+000 6.629308e-001 6.499819e-002 -7.534862e-001 -1.936612e-001 6.967288e-001 -5.479629e-002 -9.026693e-001 3.808290e-001 -7.666745e-001 -6.611488e-001 -4.601852e-001 1.309552e+000 5.178962e-002 -2.790064e-001 -2.913870e-001 -1.961113e-002 -1.936586e-002 
1.286623e+001 1.250958e+001 -4.493282e+000 4.912444e+000 1.350870e-001 4.110076e+000 -2.504425e+000 -5.066379e-001 -6.111127e-001 -2.922216e+000 -5.741582e-001 -2.508953e-001 -1.095615e-001 -1.706898e+000 6.899712e-001 3.539208e-001 -1.227968e-001 2.951638e-001 1.168390e+000 8.587952e-001 -4.623533e-001 -3.898814e-002 -2.574571e-001 3.286739e-001 
1.311672e+001 1.519108e+001 -7.085905e+000 5.885245e+000 2.251580e-001 5.658328e+000 -2.935743e+000 -1.068171e-001 -4.229022e-001 -2.802729e+000 -7.896433e-002 -1.274317e+000 -1.135520e+000 -2.454480e+000 1.010069e+000 3.700133e-001 2.326101e-001 -2.881618e-001 1.245444e+000 6.706560e-001 -2.247659e-001 4.274873e-001 -1.981131e-001 4.189972e-001 
1.514753e+001 1.407934e+001 -5.619560e+000 4.329059e+000 3.257868e+000 4.308171e+000 -3.169631e+000 -7.795634e-001 -1.525759e+000 -3.262380e+000 2.170818e-001 -2.407960e-001 -1.990021e+000 -1.600464e+000 8.486197e-001 2.830392e-002 2.366055e-001 1.137174e-001 8.051564e-001 5.941200e-001 2.337285e-001 2.567077e-001 -6.060931e-001 4.824385e-001 
1.310311e+001 1.560118e+001 -6.940038e+000 5.977837e+000 2.413480e+000 5.287526e+000 -4.956554e+000 2.563132e-001 -1.874334e+000 -3.387167e+000 -3.487239e-001 -6.593198e-001 -2.236563e+000 -1.599849e+000 1.890755e+000 -2.641183e-001 9.680324e-001 -4.450453e-001 9.802977e-001 1.555760e-001 9.977078e-001 -5.064491e-001 -7.416801e-001 3.470589e-001 
1.503735e+001 1.341759e+001 -4.936574e+000 4.054702e+000 3.488224e+000 2.698583e+000 -3.462986e+000 -1.424963e+000 -5.971353e-001 -2.808794e+000 -7.939010e-001 -9.668789e-001 -1.989253e+000 -1.632032e+000 1.423328e+000 9.109249e-001 -1.219156e-001 1.257748e-001 6.634636e-001 6.605772e-001 3.065887e-001 1.746301e-001 -1.111091e+000 4.066927e-001 
1.430302e+001 1.625814e+001 -7.514846e+000 6.120270e+000 2.489344e+000 3.140796e+000 -5.644730e+000 -4.490896e-001 -7.141396e-001 -2.636328e+000 1.409072e-001 -7.043185e-001 -2.613395e+000 -1.309820e+000 2.070272e+000 2.641548e-001 1.809581e-001 -6.981748e-002 6.545427e-001 2.497512e-001 1.472250e+000 -4.385022e-001 -1.199134e+000 2.462244e-001 
1.679937e+001 1.390034e+001 -4.713489e+000 3.580632e+000 3.929217e+000 1.228620e+000 -4.355145e+000 -1.124749e+000 3.874741e-001 -2.957606e+000 4.363686e-001 -4.442422e-001 -2.472857e+000 -4.665537e-001 1.583619e+000 6.256985e-001 -6.959958e-001 -7.480799e-002 -6.333287e-002 5.512229e-001 1.245439e+000 4.393797e-002 -6.271205e-001 3.404053e-001 
1.507076e+001 1.576022e+001 -6.595977e+000 5.339210e+000 2.938602e+000 2.730087e+000 -5.129124e+000 -5.018773e-001 -5.780603e-001 -3.425920e+000 4.041466e-001 -5.085688e-001 -1.643233e+000 -5.309427e-001 1.867010e+000 -3.096357e-001 -4.011676e-001 1.080895e-001 1.003456e-001 4.882252e-001 1.204631e+000 2.120441e-001 -9.229074e-001 4.835242e-001 
1.615008e+001 1.471888e+001 -5.647628e+000 3.847354e+000 4.127834e+000 2.053695e+000 -4.285642e+000 -1.489424e+000 -3.611914e-001 -3.457479e+000 -3.235245e-001 -2.718740e-001 -1.651524e+000 -4.596672e-001 1.710642e+000 6.392625e-001 -5.846144e-001 -2.314640e-001 -6.690220e-002 7.309348e-001 1.080917e+000 4.260855e-002 -5.173045e-001 3.117676e-001 
1.664444e+001 1.433176e+001 -4.996185e+000 3.536148e+000 4.072453e+000 1.817610e+000 -4.760674e+000 -1.114582e+000 9.237952e-002 -3.182604e+000 -2.170518e-001 -5.134304e-001 -2.337104e+000 -1.870307e-001 1.885573e+000 8.257287e-001 -3.342684e-001 -5.726126e-001 -1.392955e-002 6.380147e-001 1.191692e+000 -9.230730e-003 -6.953215e-001 2.039099e-001 
1.487995e+001 1.678628e+001 -6.498196e+000 5.047484e+000 2.411090e+000 3.242687e+000 -6.480114e+000 -3.881240e-001 -1.257143e-001 -2.665196e+000 -1.617722e-001 -4.079280e-001 -2.437649e+000 -4.633127e-001 2.222853e+000 5.221080e-001 -2.732243e-002 -9.637471e-001 4.663406e-001 1.154463e-001 1.639658e+000 -8.939318e-002 -7.678562e-001 1.515840e-001 
1.675337e+001 1.482658e+001 -4.768317e+000 3.343725e+000 3.459812e+000 2.548181e+000 -5.405704e+000 -1.321249e+000 4.922221e-001 -3.558096e+000 3.814573e-001 -3.077667e-001 -2.903879e+000 -2.974531e-001 2.157314e+000 7.689701e-001 -3.286620e-001 -4.382038e-001 -2.083586e-001 4.084004e-001 1.272422e+000 1.541125e-001 -7.702075e-001 3.797050e-001 
1.677864e+001 1.507165e+001 -4.988857e+000 3.984381e+000 3.518355e+000 2.409240e+000 -5.405508e+000 -1.769853e+000 5.283056e-002 -3.278210e+000 9.011450e-001 -4.600240e-001 -3.116191e+000 -1.939796e-001 1.959643e+000 6.393516e-001 -6.146769e-002 -4.614437e-001 -1.958103e-001 5.252036e-001 1.138011e+000 1.971618e-001 -7.983528e-001 3.066347e-001 
