-7.016327e+000 1.710146e+001 3.714672e+000 5.242652e+000 4.401305e+000 1.867663e-001 -1.909656e+000 -1.880394e+000 -7.457382e-002 1.829919e-002 1.334967e-001 -4.591891e-001 -6.100948e-002 5.166913e-001 -5.477232e-001 -1.621090e+000 -1.097771e+000 -3.736893e-001 -1.280410e-001 -6.017668e-001 -5.809251e-001 -7.432382e-002 3.599120e-003 9.892186e-002 
-1.044175e+001 1.973716e+001 1.975680e+000 5.790707e+000 4.937813e+000 -2.284282e-001 -1.678467e+000 -2.922843e+000 8.169704e-001 -5.491245e-001 8.241597e-001 -1.664387e-002 1.704833e-001 2.068448e-001 -3.757327e-001 -1.409139e+000 -1.257561e+000 -5.451820e-001 -1.789414e-001 -4.136527e-002 -8.887964e-001 1.568803e-001 -1.435783e-001 -1.900833e-001 
-1.005817e+001 1.764318e+001 4.614950e+000 4.812943e+000 4.413443e+000 1.506738e-002 -2.229805e+000 -1.834548e+000 1.580055e-003 2.855846e-001 3.094973e-001 1.111583e-001 1.362067e-001 -2.734992e-001 -4.893947e-001 -8.590936e-001 -7.269231e-001 -5.786041e-001 1.304446e-002 -4.820407e-001 -9.587580e-001 -2.515922e-001 5.094348e-001 1.754043e-001 
-9.362930e+000 1.750956e+001 3.010771e+000 4.612793e+000 5.008901e+000 3.012882e-001 -2.090596e+000 -2.056281e+000 -2.798340e-001 -1.306704e-001 1.579899e-002 2.936910e-001 8.494467e-001 3.826666e-001 -1.921777e-001 -1.025923e+000 -1.387217e+000 -6.096559e-001 5.055273e-001 -2.901125e-001 -1.226607e+000 -1.440098e-001 5.796797e-001 1.437405e-001 
-5.691655e+000 1.679586e+001 3.489486e-001 4.338413e+000 5.253762e+000 5.886055e-001 -1.363344e+000 -2.593261e+000 -8.917047e-001 5.079869e-001 3.228236e-001 -4.257969e-001 7.000846e-001 5.190989e-001 -9.229857e-002 -4.969317e-001 -8.919646e-001 -1.044353e+000 1.951507e-002 -6.275420e-002 -8.694856e-001 -3.570362e-001 3.552900e-001 1.938274e-001 
-1.752668e+000 1.936995e+001 -5.155122e+000 4.885184e+000 5.657909e+000 -4.205310e-002 -2.670387e-001 -3.016402e+000 1.772868e-002 5.611829e-001 1.709459e-001 -1.165905e+000 -6.579062e-001 -2.370049e-001 -1.352712e-001 4.306044e-002 -2.413449e-001 -7.123981e-001 -2.974724e-001 -1.904392e-001 -7.748597e-001 -2.126816e-001 1.717714e-001 -2.667775e-001 
1.795714e+000 1.874798e+001 -5.931581e+000 5.409338e+000 5.754482e+000 -2.184225e-001 -1.105097e+000 -3.972529e+000 7.377606e-001 1.245467e+000 -6.715367e-001 -1.379207e+000 -1.620518e+000 -4.552857e-001 2.871557e-001 4.244587e-001 2.025763e-001 -8.647112e-001 -1.388929e-001 -7.190377e-001 -1.058135e+000 7.076672e-002 -5.181898e-001 -4.963368e-001 
2.490120e+000 1.941045e+001 -6.232115e+000 7.035484e+000 6.008794e+000 2.661164e-001 -7.730559e-001 -4.787986e+000 1.497636e+000 6.906936e-001 -1.148486e+000 -1.546874e+000 -2.835709e+000 -2.734473e-001 1.201744e+000 1.002423e+000 7.313418e-001 -1.250140e+000 -1.413340e-001 -8.028243e-001 -1.272427e+000 -1.049039e-001 -1.290096e+000 -7.962120e-001 
5.933703e+000 1.640044e+001 -3.701361e+000 5.749685e+000 6.076805e+000 1.018705e+000 -2.050264e+000 -3.834378e+000 4.051925e-001 5.456897e-001 -1.447236e+000 -2.504323e+000 -3.146744e+000 5.184166e-002 2.150831e+000 1.373896e+000 9.215891e-001 -2.894787e-001 -7.382338e-001 -1.105156e+000 -1.034178e+000 -8.434614e-001 -1.381778e+000 -6.578731e-001 
5.677707e+000 1.799349e+001 -5.604186e+000 6.933983e+000 5.681171e+000 6.304340e-001 -1.686105e+000 -4.468861e+000 6.993883e-001 -1.073672e-001 -1.077119e+000 -2.166419e+000 -3.862246e+000 5.104580e-001 2.220108e+000 1.058028e+000 1.528589e+000 -3.284920e-001 -8.785805e-001 -1.284821e+000 -9.853379e-001 -6.366142e-001 -1.467157e+000 -1.024487e-001 
7.132209e+000 1.660860e+001 -5.124161e+000 6.476737e+000 5.704554e+000 1.038225e+000 -1.876905e+000 -3.806560e+000 3.923699e-001 1.752355e-002 -7.833316e-001 -2.726258e+000 -3.870929e+000 5.200754e-001 2.154212e+000 1.365123e+000 1.175334e+000 -3.842723e-001 -9.350367e-001 -8.937858e-001 -7.381701e-001 -1.037059e+000 -1.572443e+000 -6.175528e-001 
8.877589e+000 1.472426e+001 -4.264529e+000 5.889992e+000 5.723829e+000 9.624460e-001 -2.062675e+000 -3.641901e+000 -1.530657e-002 2.162467e-001 -8.231675e-001 -2.455224e+000 -3.361844e+000 3.801462e-001 1.918318e+000 1.058558e+000 9.595709e-001 -3.981929e-001 -9.495667e-001 -6.980970e-001 -7.403670e-001 -1.145655e+000 -1.362240e+000 -4.217829e-001 
7.611244e+000 1.586091e+001 -4.958998e+000 7.117241e+000 5.204080e+000 1.394340e+000 -2.269918e+000 -4.158520e+000 7.540809e-001 1.535323e-002 -6.174613e-001 -2.553158e+000 -3.573359e+000 4.425890e-001 1.893114e+000 1.416570e+000 7.999273e-001 -5.489746e-001 -9.906421e-001 -6.961285e-001 -4.629766e-001 -1.286654e+000 -1.419216e+000 -5.937199e-001 
8.023507e+000 1.528566e+001 -4.575736e+000 6.826039e+000 5.188355e+000 1.598879e+000 -1.999007e+000 -3.954624e+000 5.507114e-001 1.329748e-001 -9.168034e-001 -2.861082e+000 -3.232867e+000 4.853556e-001 1.848071e+000 1.629451e+000 5.873185e-001 -8.354496e-001 -8.645153e-001 -5.116171e-001 -5.648762e-001 -1.320551e+000 -1.469566e+000 -8.894533e-001 
5.339477e+000 1.883241e+001 -7.504801e+000 8.397729e+000 4.583224e+000 1.566873e+000 -6.983266e-001 -5.270102e+000 1.724655e+000 -1.137658e+000 4.333729e-002 -3.422308e+000 -3.213120e+000 8.114834e-001 1.107250e+000 2.221866e+000 4.283076e-001 -5.152286e-001 -6.126896e-001 -8.298793e-001 -4.270868e-001 -1.877313e+000 -1.201003e+000 -1.060227e+000 
8.540873e+000 1.494128e+001 -4.395016e+000 6.094033e+000 5.433275e+000 1.181026e+000 -1.844793e+000 -3.846782e+000 2.043684e-001 3.366493e-001 -8.072605e-001 -2.631067e+000 -3.531447e+000 4.986692e-001 1.866594e+000 1.247083e+000 9.692242e-001 -8.279921e-001 -7.711586e-001 -5.094635e-001 -7.808616e-001 -1.119595e+000 -1.657719e+000 -6.254967e-001 
9.483038e+000 1.386582e+001 -3.796625e+000 5.714881e+000 5.814249e+000 6.848282e-001 -2.167338e+000 -3.600663e+000 -2.465278e-001 6.215617e-001 -7.564974e-001 -2.665127e+000 -3.192156e+000 4.189528e-001 1.979427e+000 1.125277e+000 7.150125e-001 -7.399487e-001 -9.863585e-001 -4.183863e-001 -5.725969e-001 -1.082917e+000 -1.443614e+000 -7.280575e-001 
8.136648e+000 1.534597e+001 -4.792443e+000 6.937397e+000 5.309094e+000 3.164441e-001 -2.141187e+000 -4.158016e+000 3.013368e-001 8.567744e-001 -9.093368e-001 -2.814331e+000 -3.205149e+000 6.344276e-001 1.784037e+000 1.149835e+000 8.496332e-001 -8.309859e-001 -9.170742e-001 -6.200004e-001 -5.573355e-001 -7.514567e-001 -1.510206e+000 -8.591656e-001 
9.177972e+000 1.421324e+001 -3.524214e+000 6.264124e+000 5.204657e+000 5.789865e-002 -2.572072e+000 -3.931018e+000 6.047840e-002 7.327649e-001 -1.123105e+000 -2.467302e+000 -2.365982e+000 4.299646e-001 1.332513e+000 9.368933e-001 8.300463e-001 -4.010410e-001 -9.511856e-001 -1.020771e+000 -7.022472e-001 -5.079204e-001 -9.680567e-001 -5.897041e-001 
7.254366e+000 1.709796e+001 -5.724348e+000 7.618019e+000 4.515692e+000 -6.827487e-002 -1.905898e+000 -4.965641e+000 3.297516e-001 4.152486e-001 -9.042872e-001 -1.753221e+000 -2.431834e+000 3.945620e-001 8.697894e-001 7.359658e-001 1.216131e+000 -2.708438e-001 -9.308549e-001 -1.257391e+000 -7.145316e-001 -2.214455e-001 -9.483956e-001 -4.868680e-001 
1.488486e+001 1.086597e+001 -6.631381e-001 1.911751e+000 3.583374e+000 3.664871e-001 -2.439941e+000 -2.884517e+000 -9.976287e-001 3.997978e-002 -6.874695e-001 -1.256335e+000 -6.225966e-001 3.360544e-001 3.368918e-001 -1.322559e-001 -2.649461e-001 -5.944173e-001 -6.734096e-001 -3.201316e-001 -9.391114e-002 -2.633552e-001 -7.468752e-001 -8.616470e-001 
-2.634274e+000 1.468773e+001 3.584958e+000 3.710540e+000 4.198178e+000 1.094614e+000 -1.681409e+000 -1.935223e+000 -3.926888e-001 1.351339e-001 -8.780513e-002 -3.732401e-001 -4.808334e-002 2.079309e-001 -3.091022e-001 -1.017699e+000 -1.172790e+000 -8.545634e-001 -2.861398e-001 -2.825764e-001 -2.737897e-001 -8.326618e-002 -3.334353e-001 -4.920652e-001 
-8.781887e+000 1.780729e+001 3.085459e+000 5.164228e+000 4.953448e+000 1.071405e-001 -2.063961e+000 -2.210009e+000 1.228194e-001 -9.390038e-002 3.802567e-001 1.567823e-001 3.114240e-002 2.018600e-001 -3.833005e-001 -1.415422e+000 -1.106567e+000 -6.027968e-001 -1.740876e-001 -3.595075e-001 -6.386683e-001 -5.901615e-002 4.629356e-002 -1.698977e-001 
-1.153154e+001 1.877361e+001 3.972386e+000 4.897141e+000 4.893219e+000 -3.593163e-001 -2.255146e+000 -2.339991e+000 2.696919e-001 4.816237e-001 7.705672e-001 -2.210953e-001 2.458912e-001 -3.744630e-001 -3.727125e-001 -1.035238e+000 -7.448177e-001 -4.628613e-001 -1.809231e-001 -3.134213e-001 -1.060539e+000 -1.636220e-001 3.962179e-001 1.559727e-001 
-9.996979e+000 1.771623e+001 3.129309e+000 4.694020e+000 5.057301e+000 1.159008e-001 -2.112831e+000 -2.178897e+000 -1.142559e-001 -1.616929e-001 1.970116e-001 2.836852e-001 7.712719e-001 1.680419e-001 -1.808899e-001 -9.341936e-001 -1.302810e+000 -4.667859e-001 3.094906e-001 -3.693929e-001 -1.275104e+000 -1.066586e-001 6.399581e-001 2.135678e-001 
-8.014172e+000 1.816625e+001 8.456348e-002 4.833975e+000 5.304547e+000 1.712623e-001 -1.005657e+000 -2.603869e+000 -7.382691e-001 2.845345e-001 1.742352e-001 -4.271801e-001 9.328697e-001 5.391010e-001 -1.761133e-001 -6.811134e-001 -1.063297e+000 -9.078022e-001 1.677818e-001 -1.027970e-001 -9.810498e-001 -1.788615e-001 2.670200e-001 3.964285e-001 
-2.700081e+000 1.901054e+001 -4.887665e+000 4.722639e+000 5.888498e+000 7.058695e-002 -1.868430e-001 -2.851583e+000 8.008418e-002 4.872735e-001 4.440820e-001 -1.166861e+000 -5.569752e-001 -6.368713e-002 -1.587068e-001 3.552048e-002 -2.235216e-001 -9.553759e-001 -4.497497e-001 -2.800896e-001 -9.884024e-001 -8.339550e-002 4.485390e-001 -1.457627e-001 
-5.612231e-001 2.064123e+001 -7.402294e+000 6.005235e+000 6.003310e+000 -8.537865e-001 1.628611e-001 -4.982380e+000 1.510219e+000 7.451640e-001 -5.169526e-001 -7.436054e-001 -1.974069e+000 -3.302015e-002 -2.908434e-003 2.513000e-001 2.296381e-001 -1.194422e+000 5.374757e-002 -7.565087e-001 -1.085727e+000 2.971906e-001 -5.967666e-001 -2.748330e-001 
4.558607e+000 1.621599e+001 -3.938800e+000 5.481626e+000 6.269033e+000 7.190296e-001 -1.852237e+000 -3.464075e+000 3.621314e-001 1.299291e+000 -9.471901e-001 -1.779249e+000 -2.122600e+000 -7.593503e-001 1.011737e+000 1.114486e+000 9.167879e-002 -8.030826e-001 -3.199665e-001 -7.275047e-001 -1.004222e+000 -3.779114e-001 -9.029194e-001 -9.804616e-001 
2.799922e+000 1.958105e+001 -6.190274e+000 7.389945e+000 5.968287e+000 4.367429e-001 -1.014603e+000 -5.207427e+000 1.533368e+000 2.146271e-001 -1.489582e+000 -2.166713e+000 -3.748757e+000 2.946744e-001 2.109962e+000 1.322053e+000 1.326832e+000 -7.045451e-001 -4.733859e-001 -1.095717e+000 -1.305164e+000 -4.803815e-001 -1.799859e+000 -5.638624e-001 
4.886494e+000 1.807543e+001 -5.706777e+000 7.152353e+000 5.936010e+000 5.999716e-001 -1.501768e+000 -4.479177e+000 4.913857e-001 7.021815e-002 -1.241934e+000 -2.235246e+000 -3.928988e+000 3.677088e-001 2.432877e+000 1.119305e+000 1.438889e+000 -1.852854e-001 -8.945928e-001 -1.171637e+000 -9.847084e-001 -8.359639e-001 -1.603088e+000 -3.059344e-001 
8.102490e+000 1.506397e+001 -3.813892e+000 5.597653e+000 6.025927e+000 8.787356e-001 -2.230945e+000 -3.446208e+000 3.545101e-002 4.404826e-001 -8.169191e-001 -2.723879e+000 -3.751400e+000 2.615574e-001 2.256908e+000 1.308939e+000 1.159967e+000 -2.482794e-001 -1.069831e+000 -8.988468e-001 -7.823257e-001 -1.012531e+000 -1.397412e+000 -5.847028e-001 
4.589062e+000 1.959398e+001 -8.063986e+000 8.510199e+000 4.913179e+000 8.043270e-001 -9.426187e-001 -5.562592e+000 1.893663e+000 -9.678932e-001 3.551274e-002 -2.815700e+000 -3.772729e+000 8.581607e-001 1.151307e+000 2.016526e+000 5.830030e-001 -2.170081e-001 -9.329460e-001 -1.038799e+000 -4.507950e-001 -1.498113e+000 -1.043289e+000 -6.202741e-001 
8.893487e+000 1.431295e+001 -3.575575e+000 5.772269e+000 5.700357e+000 1.190463e+000 -2.310928e+000 -3.797970e+000 3.556388e-001 4.137821e-001 -8.979206e-001 -2.271260e+000 -3.397374e+000 2.419517e-001 2.014958e+000 1.095344e+000 8.689982e-001 -6.263089e-001 -1.024623e+000 -5.269740e-001 -6.524504e-001 -1.105328e+000 -1.390839e+000 -5.210617e-001 
4.827789e+000 1.912688e+001 -7.742849e+000 8.912339e+000 4.408534e+000 1.343289e+000 -9.669831e-001 -5.457265e+000 2.106564e+000 -1.077086e+000 -9.253538e-002 -3.237661e+000 -3.380263e+000 8.561547e-001 1.272429e+000 2.183404e+000 2.554316e-001 -5.628814e-001 -8.498401e-001 -7.399888e-001 -1.597202e-001 -1.818583e+000 -1.169053e+000 -1.089755e+000 
5.809270e+000 1.789824e+001 -6.755126e+000 7.979828e+000 4.647135e+000 1.757007e+000 -1.275127e+000 -4.520432e+000 1.169489e+000 -5.694226e-001 -4.657223e-001 -3.291510e+000 -3.281192e+000 7.717690e-001 1.387616e+000 2.030789e+000 6.325022e-001 -7.175205e-001 -6.863381e-001 -5.937332e-001 -5.908739e-001 -1.685800e+000 -1.366152e+000 -1.103155e+000 
8.858315e+000 1.411913e+001 -3.722760e+000 5.803350e+000 5.591826e+000 1.148290e+000 -2.122498e+000 -3.693345e+000 1.737884e-001 4.569604e-001 -7.207694e-001 -2.705817e+000 -3.495855e+000 5.427507e-001 1.844155e+000 1.189318e+000 9.525114e-001 -9.085808e-001 -8.720178e-001 -3.897174e-001 -7.394758e-001 -1.117074e+000 -1.590223e+000 -7.209504e-001 
6.613451e+000 1.695221e+001 -6.305923e+000 7.447391e+000 5.087097e+000 8.361344e-001 -1.586241e+000 -4.498072e+000 6.731759e-001 1.399166e-001 -7.436862e-001 -2.707380e+000 -3.514255e+000 6.562230e-001 1.853946e+000 1.311390e+000 8.802598e-001 -9.061262e-001 -7.923238e-001 -4.979135e-001 -5.640670e-001 -1.129506e+000 -1.616068e+000 -8.156043e-001 
9.437629e+000 1.378205e+001 -3.521961e+000 5.845030e+000 5.471116e+000 3.756206e-001 -2.271745e+000 -3.743651e+000 -8.021746e-002 8.964843e-001 -9.079218e-001 -2.776202e+000 -2.906652e+000 5.182693e-001 1.759999e+000 1.037261e+000 7.165287e-001 -7.418146e-001 -9.713259e-001 -5.356580e-001 -5.465832e-001 -8.278382e-001 -1.368100e+000 -8.015281e-001 
5.738909e+000 1.813227e+001 -6.773862e+000 8.579426e+000 4.297765e+000 9.322191e-002 -1.843129e+000 -5.161579e+000 1.197329e+000 -5.238087e-002 -5.755874e-001 -2.571675e+000 -2.597861e+000 7.050105e-001 9.718494e-001 1.165297e+000 8.353092e-001 -5.039503e-001 -7.681867e-001 -1.092715e+000 -5.252678e-001 -7.315806e-001 -1.003457e+000 -6.265021e-001 
6.841093e+000 1.698513e+001 -5.750710e+000 7.615812e+000 4.565632e+000 8.506201e-002 -1.959530e+000 -4.925516e+000 4.705225e-001 2.702290e-001 -8.599511e-001 -1.881341e+000 -2.499966e+000 3.330566e-001 9.669981e-001 7.937691e-001 1.150114e+000 -1.731560e-001 -8.790823e-001 -1.252397e+000 -6.154391e-001 -4.297087e-001 -1.110828e+000 -5.049604e-001 
