3.820470e+000 1.370762e+001 -4.222529e+000 4.728829e+000 -2.225051e+000 -1.690266e+000 -2.776273e+000 9.482654e-001 2.364925e+000 2.017972e-001 -2.051798e-001 -2.041087e+000 -1.247883e-001 -6.981520e-001 -1.248678e+000 -6.584992e-001 1.628207e+000 3.525307e-001 -1.197989e+000 5.935542e-002 5.194052e-002 -4.112799e-001 -5.364606e-001 1.491133e-001 
2.867513e+000 1.442017e+001 -4.418142e+000 4.754266e+000 -3.044152e+000 -2.069112e+000 -2.939009e+000 5.741953e-001 1.987421e+000 7.305758e-002 -1.225046e+000 -2.057465e+000 -3.593114e-001 -3.700628e-001 -2.971831e-001 -2.917591e-001 1.947429e+000 3.727872e-001 -5.334823e-001 -2.958295e-001 1.870282e-001 -4.668725e-001 -1.486978e-001 -1.121210e-001 
2.825167e+000 1.434051e+001 -2.324897e+000 4.514851e+000 2.059446e-001 -1.775914e+000 -1.254893e+000 9.805495e-001 2.112388e+000 -8.754914e-002 -1.828954e+000 -1.538483e+000 -2.840913e-001 -3.847304e-001 -4.902026e-001 -3.423568e-001 1.232275e+000 3.240849e-001 -6.111514e-001 4.359338e-001 9.409971e-002 -6.165934e-001 -1.339001e-001 -3.332654e-001 
6.945774e+000 1.760823e+001 -1.395885e+000 3.237758e+000 7.298888e-001 -3.424876e+000 -3.149477e+000 3.102458e-001 2.673535e+000 1.570736e-001 -2.664992e+000 -1.695522e+000 1.249802e-001 -8.541733e-002 -1.669069e-001 -2.872397e-001 1.144288e+000 8.412868e-001 -9.369873e-001 -5.853057e-001 -3.823550e-001 -3.715442e-001 1.313433e-002 -5.005782e-002 
9.325474e+000 2.022111e+001 -5.092527e+000 4.399398e+000 7.897915e-001 -4.801009e+000 -4.178473e+000 8.964575e-002 2.077882e+000 -8.977841e-002 -2.316756e+000 -2.272638e+000 -3.010559e-001 -3.583632e-001 1.372269e-001 1.499883e-001 1.218713e+000 5.694679e-001 -1.252409e+000 -4.434754e-001 -9.075695e-002 -5.117720e-001 1.218927e-002 -5.313062e-001 
1.501902e+001 1.693018e+001 -1.912183e+000 1.037617e+000 7.152352e-001 -5.112159e+000 -3.626052e+000 1.196371e+000 1.483028e+000 -8.407293e-001 -1.859443e+000 -1.619591e+000 -5.272747e-001 -2.697765e-001 -7.718785e-001 1.561024e-001 1.448497e+000 3.749993e-001 -9.019734e-001 -3.456961e-001 -1.757276e-001 -7.540611e-001 -8.368568e-001 -6.277708e-001 
1.214769e+001 2.141182e+001 -4.840106e+000 1.422289e+000 -6.496693e-001 -4.515820e+000 -3.868409e+000 9.548075e-001 1.570423e+000 -1.400948e+000 -1.255920e+000 -1.480661e+000 -2.602348e-001 -6.639193e-001 -7.154192e-001 8.909596e-002 1.061318e+000 1.844588e-001 -1.380971e+000 -2.433249e-001 -1.111062e-001 -7.419667e-001 -6.294243e-001 -8.379362e-001 
1.662588e+001 1.619593e+001 -1.555262e+000 -2.320290e-001 -4.067234e-001 -4.331317e+000 -3.821142e+000 6.730986e-001 1.970203e+000 -6.350277e-001 -1.701581e+000 -7.206197e-001 6.479552e-002 -6.702093e-001 -1.004699e+000 -4.174925e-002 9.013409e-001 7.362240e-002 -1.452578e+000 -5.687297e-001 4.422317e-001 -3.199949e-001 -7.115554e-001 -5.913141e-001 
1.368354e+001 1.096618e+001 -1.013981e+000 -8.811263e-002 -1.515433e+000 -3.472731e+000 -2.146654e+000 8.278045e-001 1.738248e+000 -5.930343e-002 -9.455146e-001 -5.489464e-001 4.075610e-001 2.185907e-001 -9.511736e-001 -2.122513e-001 1.330840e+000 3.686080e-001 -9.948069e-001 3.823955e-002 7.606224e-001 -1.891853e-001 -4.124244e-001 4.846343e-003 
2.896897e+000 1.454544e+001 -4.281126e+000 5.177454e+000 -2.684353e+000 -1.973032e+000 -3.475691e+000 3.891765e-001 1.847880e+000 -5.231894e-002 -4.921936e-001 -2.016055e+000 -1.729513e-001 -6.577829e-001 -4.098021e-001 -5.882749e-001 1.770562e+000 1.903139e-001 -6.832419e-001 -1.475824e-001 -5.530494e-002 -5.140738e-001 -2.190403e-001 1.447889e-001 
1.806030e+000 1.432381e+001 -4.289673e+000 4.959055e+000 -2.363086e+000 -1.986184e+000 -2.172982e+000 9.924885e-001 1.798652e+000 -4.860860e-002 -1.182386e+000 -1.820766e+000 -4.866251e-001 -5.101312e-001 -2.664755e-001 -3.884289e-001 1.872110e+000 4.207174e-001 -5.074598e-001 -4.783015e-002 4.091739e-001 -1.083891e-002 -7.766533e-002 -3.196931e-001 
4.610648e+000 1.503006e+001 -1.661632e+000 3.720804e+000 1.102170e+000 -2.361839e+000 -2.360194e+000 4.232868e-001 2.489829e+000 7.722140e-002 -2.722484e+000 -1.932069e+000 3.951775e-002 -2.406510e-001 -3.817961e-001 2.756222e-001 1.752975e+000 9.367109e-001 -8.261783e-001 -2.788852e-001 -6.062489e-001 -9.577896e-001 4.064728e-002 -1.066854e-001 
8.617254e+000 1.748268e+001 -1.726062e+000 3.203781e+000 1.234291e+000 -4.029562e+000 -3.626530e+000 -9.614144e-002 2.391994e+000 2.109022e-002 -2.520729e+000 -1.621172e+000 -2.432890e-001 8.645154e-002 1.651438e-001 -1.934903e-001 7.409370e-001 4.844896e-001 -9.102784e-001 -3.265942e-001 -6.847991e-002 -4.550154e-001 -1.018337e-001 -5.561230e-002 
1.200143e+001 1.885543e+001 -3.791909e+000 2.657718e+000 1.373203e+000 -5.606108e+000 -3.904877e+000 8.061556e-001 1.650136e+000 -4.717581e-001 -2.222291e+000 -2.234435e+000 -4.429774e-001 -1.637414e-002 -3.076116e-001 3.314946e-001 1.299888e+000 4.436268e-001 -1.114718e+000 -4.943897e-001 -8.626080e-002 -4.599522e-001 -3.797536e-001 -6.614404e-001 
1.229334e+001 2.053661e+001 -4.151567e+000 1.594157e+000 3.071720e-001 -4.619148e+000 -3.428442e+000 1.124485e+000 1.406379e+000 -1.214070e+000 -1.650455e+000 -1.585696e+000 -1.919617e-001 -2.873330e-001 -8.999337e-001 1.485760e-001 1.392710e+000 2.389034e-001 -1.065740e+000 -3.439683e-001 -2.583337e-001 -7.070923e-001 -6.914486e-001 -7.277587e-001 
1.164746e+001 2.189063e+001 -5.222814e+000 2.040070e+000 -1.471487e+000 -3.898188e+000 -4.293361e+000 6.908630e-001 1.912866e+000 -1.233061e+000 -1.245068e+000 -1.640555e+000 2.720796e-001 -1.118274e+000 -5.241505e-001 1.427787e-001 7.692557e-001 4.914269e-002 -1.561993e+000 -9.705825e-002 -3.041446e-003 -6.863141e-001 -6.378993e-001 -7.909436e-001 
