1.016603e+001 1.200450e+001 -3.413650e+000 6.235275e+000 1.151411e+000 2.285585e+000 -2.368402e+000 -1.019291e+000 -8.862027e-001 5.737725e-001 5.723365e-001 6.867688e-002 
1.156651e+001 1.068168e+001 -2.363889e+000 4.976825e+000 1.912980e+000 1.489309e+000 -1.402372e+000 -1.671540e+000 -2.786270e-001 -1.682910e-002 8.349452e-001 -2.290498e-001 
1.237643e+001 9.847524e+000 -1.782965e+000 4.603571e+000 2.136470e+000 1.082510e+000 -1.038941e+000 -1.757519e+000 -2.537648e-001 -1.665430e-001 9.391201e-001 -3.334627e-001 
1.200020e+001 1.071452e+001 -3.005037e+000 5.863646e+000 1.291339e+000 1.442906e+000 -1.449501e+000 -1.400666e+000 -3.178019e-001 -3.348860e-001 9.161236e-001 -3.433130e-001 
1.266612e+001 9.854564e+000 -2.180427e+000 5.364120e+000 1.640221e+000 8.752281e-001 -1.478778e+000 -1.439001e+000 -2.017243e-001 -2.717619e-001 7.726590e-001 -3.212430e-001 
1.321028e+001 9.939609e+000 -2.040565e+000 4.677134e+000 1.707219e+000 6.449448e-001 -1.517001e+000 -1.475616e+000 -3.352271e-001 -3.535098e-001 7.577779e-001 -9.867489e-002 
1.300173e+001 1.178459e+001 -4.161116e+000 5.522876e+000 3.024639e-001 1.921330e+000 -2.155441e+000 -1.168559e+000 -1.339219e+000 -1.824576e-001 7.568473e-001 3.495086e-001 
1.421770e+001 1.099947e+001 -3.314042e+000 4.184163e+000 9.812392e-001 8.554823e-001 -1.599490e+000 -1.818465e+000 -1.071063e+000 -5.797343e-001 9.402192e-001 2.085799e-001 
1.355366e+001 1.252899e+001 -4.831160e+000 5.619341e+000 -5.483347e-001 1.030288e+000 -2.346454e+000 -1.180749e+000 -1.254544e+000 -4.941521e-001 7.159543e-001 -1.195445e-001 
1.422356e+001 1.240778e+001 -4.811494e+000 4.586738e+000 -3.479855e-001 3.893379e-001 -1.475924e+000 -1.364645e+000 -1.228113e+000 -7.418115e-001 6.407149e-001 -1.432066e-001 
1.427176e+001 1.250145e+001 -4.909808e+000 3.938324e+000 -3.775412e-001 -2.980878e-002 -1.083477e+000 -9.190466e-001 -7.868001e-001 -9.309607e-001 3.620278e-001 -5.218243e-001 
1.580609e+001 1.070126e+001 -3.142742e+000 1.775016e+000 5.325101e-001 -8.363367e-001 -1.713476e-001 -6.353261e-001 -8.213682e-001 -6.880102e-001 3.763206e-002 -1.233121e-001 
1.305559e+001 9.323910e+000 -9.844703e-001 3.245831e+000 2.407980e+000 5.803221e-001 -7.789250e-001 -1.131849e+000 -2.845332e-001 2.985221e-002 4.594980e-001 -2.876919e-001 
1.046783e+001 1.153341e+001 -3.042116e+000 5.803987e+000 1.541570e+000 1.871002e+000 -1.920376e+000 -1.427216e+000 -5.120965e-001 2.522016e-001 7.962954e-001 -5.207919e-002 
1.063032e+001 1.178365e+001 -3.518575e+000 6.116544e+000 9.707572e-001 2.165304e+000 -1.918724e+000 -1.217132e+000 -6.409080e-001 1.204261e-001 8.299368e-001 -2.512658e-001 
1.119524e+001 1.124950e+001 -3.227798e+000 5.991467e+000 9.841376e-001 1.822520e+000 -1.538752e+000 -1.335077e+000 -4.726203e-001 -1.092073e-001 7.745651e-001 -2.571288e-001 
1.174383e+001 1.079027e+001 -3.069163e+000 5.940982e+000 1.217824e+000 1.394650e+000 -1.575456e+000 -1.269818e+000 -4.589705e-001 -1.769172e-001 7.958726e-001 -3.069294e-001 
1.172827e+001 1.088766e+001 -2.932271e+000 5.908100e+000 1.060950e+000 1.250870e+000 -1.910835e+000 -1.179248e+000 -4.222729e-001 -1.676847e-001 6.601590e-001 -1.598084e-001 
1.338238e+001 1.013936e+001 -2.465184e+000 4.632316e+000 1.471070e+000 8.371140e-001 -1.441871e+000 -1.640628e+000 -5.761983e-001 -4.511154e-001 9.321374e-001 6.537781e-002 
1.395386e+001 1.079490e+001 -3.215600e+000 4.146143e+000 1.092078e+000 1.168804e+000 -1.558788e+000 -1.683526e+000 -1.151004e+000 -5.223488e-001 9.420325e-001 3.025882e-001 
1.306966e+001 1.248711e+001 -4.701420e+000 5.636281e+000 -4.127416e-001 1.337235e+000 -2.436246e+000 -1.206981e+000 -1.287790e+000 -3.678507e-001 6.854995e-001 -9.752999e-003 
1.490267e+001 1.074453e+001 -3.160112e+000 3.723029e+000 6.914509e-001 -2.621318e-001 -1.226428e+000 -1.794013e+000 -9.961615e-001 -7.584503e-001 7.128924e-001 -6.580651e-002 
1.491230e+001 1.132111e+001 -3.849043e+000 3.392140e+000 3.372935e-001 -3.939728e-001 -7.794251e-001 -1.511585e+000 -8.751889e-001 -9.883575e-001 6.220499e-001 -3.317343e-001 
1.413165e+001 1.257541e+001 -4.935885e+000 3.493414e+000 -4.946740e-001 -2.041737e-001 -6.343214e-001 -8.476162e-001 -6.958527e-001 -1.059339e+000 3.800001e-001 -4.216470e-001 
