6.195918e+000 2.154001e+001 -9.569309e+000 8.932653e-002 -2.407951e+000 -8.367214e-001 -6.430923e-001 -1.349888e+000 1.897404e+000 -1.291273e+000 -1.162560e+000 -1.534005e+000 -1.473229e+000 -2.571116e+000 -9.141447e-001 8.387800e-002 -6.123767e-001 7.419393e-001 -4.974987e-001 1.383202e-002 -4.932352e-002 -1.622799e+000 -2.079540e-001 5.709369e-002 2.406069e-001 6.924349e-002 4.421759e-001 1.366323e+000 -1.263346e-001 -6.198862e-001 6.274457e-002 1.502984e-001 -5.377692e-001 -8.949808e-001 -1.029206e-001 2.383979e-001 
4.866227e+000 2.225152e+001 -1.010818e+001 -6.154618e-001 -1.609930e+000 1.951409e-001 -2.066292e-002 -1.695472e+000 2.769624e+000 -7.912035e-001 -1.283689e+000 -1.696360e+000 -1.490907e+000 -1.203654e+000 2.337713e-001 9.170768e-002 -9.078131e-001 4.600043e-001 1.916784e-002 1.729313e-002 -1.445170e-001 -1.447949e+000 3.263456e-001 2.628466e-001 2.368834e-001 1.067083e-001 -2.285066e-001 7.991321e-001 -2.733119e-002 -5.151911e-001 3.260062e-001 7.231493e-003 -6.006162e-001 -4.190371e-001 1.350540e-001 -2.119604e-001 
1.047791e+000 2.195885e+001 -1.029406e+001 -1.341615e-002 -1.513514e+000 8.139436e-002 5.546205e-001 -2.479702e-001 2.474392e+000 -1.354539e+000 -1.175165e+000 -1.476673e+000 -1.252668e+000 -2.386056e+000 2.899631e-001 1.203155e-001 -8.504537e-001 2.730333e-002 -1.076065e+000 7.220693e-001 5.153463e-001 -1.709585e+000 -5.864671e-001 -1.496636e-002 4.204767e-001 -9.856345e-002 -6.081969e-001 2.057430e-001 -7.162983e-001 -1.090580e+000 5.602308e-002 -2.017233e-001 -3.106324e-001 8.432923e-002 2.631950e-001 6.303768e-002 
-6.889293e-001 2.222217e+001 -9.258662e+000 -1.271650e+000 -2.012268e+000 9.263314e-001 1.047227e+000 -3.707245e-001 3.263529e+000 4.131317e-001 -5.754979e-001 -1.341991e+000 -1.357019e+000 -1.668247e+000 -3.058457e-003 -1.000563e+000 -1.232434e+000 1.243977e-001 -2.328454e-001 -9.894684e-002 2.358478e-001 -2.025467e+000 3.404444e-001 -2.060473e-001 -9.169769e-001 3.565976e-001 -1.287937e-001 1.350322e+000 -4.012392e-001 -5.083161e-001 -2.756199e-001 -4.137916e-001 -3.760249e-001 -1.310454e-001 3.639970e-001 7.723453e-002 
-9.100037e-001 2.269048e+001 -7.923247e+000 -2.094960e+000 -3.974711e+000 -5.972024e-001 9.379183e-001 -2.004665e+000 1.749267e+000 -5.265255e-002 -1.346335e+000 -1.369969e+000 -8.317741e-001 -2.595554e-001 1.411784e+000 -9.131342e-001 -9.030878e-001 7.005892e-001 -9.748813e-001 3.096820e-001 4.258461e-002 -2.030086e+000 -3.766045e-001 -3.354267e-001 -4.534591e-001 -7.681060e-002 2.184032e-001 6.954896e-001 -7.354397e-001 6.956538e-002 7.307334e-001 -3.155697e-001 -6.813710e-001 -8.561439e-001 -7.933186e-001 -4.090575e-001 
-2.489892e+000 2.326245e+001 -6.870924e+000 -5.270897e+000 -6.338230e+000 -1.710964e+000 1.300266e-001 -1.744439e+000 2.649509e+000 8.581579e-001 -3.353376e-001 -2.765630e-001 4.857877e-001 -8.006869e-002 2.184293e+000 -4.868663e-001 -1.830896e+000 9.802236e-001 -6.221414e-001 2.173997e-001 1.114870e-001 -2.258724e+000 -8.745699e-001 -2.500765e-001 -5.100244e-001 4.380500e-002 8.969678e-001 1.209316e+000 -3.204535e-001 -5.099998e-001 2.806910e-001 -3.454667e-001 -4.818191e-001 -1.668478e-001 -6.643327e-002 3.707741e-001 
1.096509e+000 2.076838e+001 -6.732381e+000 -6.387820e+000 -5.690525e+000 -2.393599e+000 -2.502300e-001 -1.467914e+000 2.432557e+000 7.617603e-001 -2.151845e+000 2.905657e-001 5.702592e-001 -1.285659e-001 6.481677e-001 -1.171457e+000 -1.609234e+000 -3.128228e-001 2.766621e-001 7.278426e-001 -6.940809e-001 -2.111975e+000 -1.227408e+000 -7.894321e-001 -6.223699e-001 6.688508e-002 1.053223e+000 1.654097e+000 3.045698e-001 -5.744194e-001 4.156498e-001 3.010256e-001 -3.920945e-001 -2.157512e-002 -1.837088e-001 -7.531719e-001 
3.055476e+000 2.252248e+001 -1.186122e+001 -3.196481e+000 -4.464470e+000 -2.366935e+000 -3.776920e-002 -1.841664e+000 4.663183e+000 9.116370e-001 -2.568450e+000 1.184122e-001 9.136345e-001 -4.146389e-001 5.034848e-002 -3.213378e-001 -1.022596e+000 7.714870e-001 1.993598e+000 1.709577e-001 -1.012213e+000 -1.405084e+000 -1.008665e+000 -1.047129e+000 -2.280317e-001 -3.041474e-001 2.297995e-001 9.386450e-001 -3.661527e-001 -1.036345e-002 1.213797e+000 5.267969e-001 -5.252690e-001 -4.439767e-001 1.242202e-001 -7.162513e-001 
1.084456e+001 1.902849e+001 -9.092932e+000 -3.239284e+000 -2.987922e+000 -2.976625e+000 -9.956113e-001 1.326493e-001 2.388191e+000 -1.776492e+000 -2.503922e+000 8.405027e-001 6.094561e-001 -8.022961e-002 -8.265366e-001 -2.230089e+000 -1.869702e+000 9.140466e-002 4.614079e-001 -1.215649e+000 -1.145778e+000 -1.023697e+000 -1.421895e+000 -6.730718e-001 -3.017712e-001 -1.367707e-001 4.896946e-001 2.186110e-001 -3.475847e-001 -4.133724e-002 5.721583e-001 1.397216e-001 -5.839682e-001 -2.789691e-001 5.467865e-002 -1.936967e-001 
1.048106e+001 2.254223e+001 -1.082927e+001 -1.757752e+000 -3.205449e+000 -3.380881e+000 -1.280028e+000 2.203048e-001 1.943469e+000 -2.191044e+000 -2.630744e+000 -4.957577e-001 1.176232e+000 -5.447393e-002 -1.130481e+000 -2.275997e+000 -2.998991e+000 -3.384425e-001 -7.423286e-002 -1.428464e+000 -8.134157e-001 -8.069698e-001 -1.231097e+000 -1.385882e+000 -4.704700e-001 -2.153285e-001 -1.398132e-001 -1.852715e-001 -9.061614e-001 4.332128e-002 9.853556e-001 5.278498e-001 -1.824308e-001 8.693832e-002 4.038157e-001 -4.639920e-001 
1.484204e+001 1.974774e+001 -7.010605e+000 -3.598780e+000 -2.522877e+000 -3.604949e+000 -1.652704e+000 1.786008e-001 1.186624e+000 -1.116997e+000 -2.405956e+000 -8.051024e-001 1.041364e+000 -1.547752e-002 -2.301848e+000 -2.743218e+000 -1.974412e+000 6.201650e-002 3.389992e-001 -1.458363e+000 -9.502357e-001 -1.008230e+000 -1.757905e+000 -8.413478e-001 -3.277755e-001 -1.664833e-001 1.305233e-001 -4.419325e-001 -7.659640e-001 3.129554e-001 1.226976e+000 4.262682e-001 -1.743340e-001 9.163374e-001 1.223136e+000 1.165913e-001 
1.204878e+001 2.464317e+001 -1.182648e+001 6.897361e-001 -5.187224e+000 -3.554403e+000 -1.596511e+000 -4.098527e-001 1.880814e+000 -2.755864e+000 -1.629754e+000 -1.728254e+000 1.308934e+000 -7.595370e-001 -2.530394e+000 -1.729592e+000 -2.585093e+000 -1.343948e-001 1.356888e-002 -1.674557e+000 -1.002367e+000 -1.099122e+000 -1.280739e+000 -7.829565e-001 2.937357e-001 -3.119508e-001 -4.180589e-001 -4.669539e-001 -1.038530e+000 2.036445e-001 1.230729e+000 4.100219e-001 -5.052350e-001 9.913307e-001 1.498459e+000 6.064751e-001 
1.509555e+001 2.069729e+001 -8.311757e+000 -2.543487e+000 -2.477284e+000 -4.623632e+000 -2.447336e+000 -1.269485e-002 1.106993e+000 -1.288876e+000 -2.636422e+000 -1.267814e+000 8.813722e-001 -6.766913e-001 -2.215038e+000 -1.630773e+000 -1.896550e+000 -6.603116e-001 -1.084395e-001 -1.454346e+000 -1.207842e+000 -8.210884e-001 -1.130938e+000 -8.137538e-001 1.966026e-001 -1.242656e-001 -6.354610e-001 -4.522540e-001 -7.375720e-001 2.448570e-001 1.191046e+000 3.641142e-001 -1.729281e-001 7.142283e-001 1.594139e+000 8.129547e-001 
1.406056e+001 2.279971e+001 -1.001629e+001 -8.730785e-001 -2.447454e+000 -4.116947e+000 -2.297037e+000 -1.851165e-001 1.371792e+000 -1.857247e+000 -2.673790e+000 -9.544158e-001 1.065379e+000 -9.281975e-001 -2.073044e+000 -1.345462e+000 -2.017126e+000 -2.563344e-001 -1.416750e-001 -1.779502e+000 -8.762072e-001 -8.852726e-001 -9.918122e-001 -6.849025e-001 4.564579e-003 1.520260e-001 -7.087555e-001 -4.343211e-001 -5.031633e-001 5.097870e-003 1.261250e+000 3.664970e-001 -1.664465e-001 8.947400e-001 1.366345e+000 7.411687e-001 
1.264643e+001 2.357851e+001 -1.168980e+001 -2.177992e-001 -3.376167e+000 -4.986218e+000 -2.972017e+000 -7.567605e-001 9.310355e-001 -2.604572e+000 -2.973289e+000 -1.583500e+000 4.950973e-001 -1.765347e+000 -2.290283e+000 -1.677654e+000 -2.554326e+000 -2.491709e-001 -9.690802e-001 -2.287107e+000 -9.745207e-001 -1.061670e+000 -1.465290e+000 -1.045589e+000 -3.050843e-001 -4.288559e-001 -5.307365e-001 -4.699011e-001 -9.106084e-001 -1.961420e-001 1.058842e+000 4.068164e-001 -3.629136e-001 7.316556e-001 1.522588e+000 4.019708e-001 
1.454321e+001 2.201602e+001 -9.830324e+000 -6.794340e-001 -2.270743e+000 -4.664502e+000 -2.552904e+000 -3.414142e-001 1.167063e+000 -2.476092e+000 -2.902304e+000 -6.519986e-001 3.148623e-001 -1.439852e+000 -1.663352e+000 -1.641883e+000 -2.292794e+000 -1.163450e-001 -6.495643e-001 -1.996413e+000 -5.836032e-001 -9.058858e-001 -1.465223e+000 -6.948157e-001 -1.809971e-001 -2.427776e-001 -3.062150e-001 -4.557595e-001 -5.826586e-001 -3.754297e-002 8.167979e-001 6.118550e-001 -2.908739e-001 7.699387e-001 1.632016e+000 2.866264e-001 
1.276445e+001 2.382106e+001 -1.113095e+001 5.513542e-001 -3.158219e+000 -3.911456e+000 -2.576464e+000 -1.018621e+000 1.452351e+000 -2.771366e+000 -2.617377e+000 -8.896400e-001 5.931070e-001 -1.493921e+000 -1.852752e+000 -1.253528e+000 -2.400247e+000 -2.036535e-002 -8.365138e-001 -1.931866e+000 -4.109756e-001 -1.228210e+000 -1.328953e+000 -7.462072e-001 -2.173579e-001 -1.211207e-001 -3.628773e-001 -4.159923e-001 -5.093847e-001 -4.607975e-002 7.772928e-001 6.226448e-001 -2.867770e-001 7.202772e-001 1.606403e+000 3.333571e-001 
1.152122e+001 2.466988e+001 -1.265917e+001 1.399501e+000 -4.177999e+000 -3.930102e+000 -2.586448e+000 -1.996418e+000 2.087787e+000 -3.810424e+000 -2.433259e+000 -1.204606e+000 3.554909e-001 -1.654861e+000 -2.022166e+000 -1.562585e+000 -2.565600e+000 -1.613847e-001 -1.220545e+000 -2.012581e+000 -6.747737e-001 -1.260531e+000 -1.508002e+000 -1.101708e+000 -1.333636e-001 -4.672006e-001 -5.550917e-001 -5.921799e-001 -5.559668e-001 -1.608351e-001 8.110331e-001 6.474492e-001 -4.225563e-001 9.255636e-001 1.394276e+000 3.855034e-001 
1.343931e+001 2.208945e+001 -9.261561e+000 4.095688e-001 -2.405228e+000 -3.630560e+000 -2.681198e+000 -8.424091e-001 1.485701e+000 -2.434342e+000 -2.683368e+000 -7.789836e-001 7.321714e-001 -1.414381e+000 -1.715226e+000 -8.087438e-001 -2.031370e+000 -2.752430e-001 -1.003399e+000 -1.845904e+000 -2.237594e-001 -8.421573e-001 -1.177780e+000 -9.553971e-001 -5.868349e-002 -1.001854e-001 -4.361037e-001 -1.152277e-001 -5.826269e-001 -4.107005e-002 8.060339e-001 6.054402e-001 1.405579e-001 7.654586e-001 1.448643e+000 1.094676e-001 
1.609136e+001 1.839085e+001 -6.550244e+000 -1.443952e+000 -1.285297e+000 -4.105226e+000 -3.137515e+000 -2.414075e-001 1.807093e-001 -2.260379e+000 -2.527818e+000 -1.064686e+000 -8.585539e-002 -1.607377e+000 -1.531799e+000 -1.042099e+000 -1.987422e+000 -7.782643e-001 -9.751590e-001 -1.547223e+000 -2.075896e-001 -7.495473e-001 -1.582385e+000 -1.109536e+000 -1.136469e-001 -2.562418e-001 -6.974824e-001 -1.354784e-001 -3.656321e-001 -2.753499e-001 7.495791e-001 3.800918e-001 -1.513254e-001 8.473262e-001 1.069543e+000 -1.645343e-001 
1.076360e+001 1.801613e+001 -5.922213e+000 -2.392467e+000 -1.404180e+000 -1.476333e+000 -9.472867e-001 -4.866246e-001 8.400637e-001 -2.753980e-001 -9.335022e-001 -3.538945e-001 -1.238240e+000 -2.392682e+000 -8.146593e-001 -1.544416e-001 -4.654860e-001 -9.297715e-002 -9.438084e-001 -1.640952e-001 5.585601e-001 -1.257866e+000 -1.109270e+000 1.890518e-001 3.951538e-001 3.607500e-002 1.762186e-001 4.070388e-001 -1.658806e-001 -2.601979e-001 1.678746e-001 -6.499725e-002 -6.579231e-001 -4.501391e-001 2.792223e-001 1.584259e-001 
3.556797e+000 2.337768e+001 -1.159111e+001 1.505109e+000 -2.182010e+000 -1.097488e-001 3.822276e-001 -1.711587e+000 3.788818e+000 -1.875301e+000 2.945070e-001 -3.277204e+000 -1.934659e+000 -1.482839e+000 1.708882e-001 2.532393e-001 -1.155071e+000 1.517523e+000 -1.579222e-001 2.559710e-001 -2.701390e-001 -1.270068e+000 3.537985e-001 -1.864704e-001 1.837252e-001 -3.607582e-001 2.818243e-001 1.168658e+000 4.085119e-002 -3.794197e-001 2.888432e-002 4.912569e-001 -6.698707e-001 -5.241995e-001 -3.995930e-001 -8.007835e-003 
2.397588e+000 2.296615e+001 -1.034638e+001 1.182029e-001 -1.345217e+000 5.390781e-001 -5.740802e-003 -7.376660e-001 3.210862e+000 -2.103725e+000 -1.284138e+000 -1.563791e+000 -6.564513e-001 -1.916445e+000 -1.119815e-001 -1.627424e-001 -1.064067e+000 -2.489217e-001 -5.601934e-001 9.466428e-001 -1.029394e-001 -1.530414e+000 2.842533e-001 2.330794e-001 1.721968e-001 -4.186471e-002 -5.172727e-001 4.483221e-001 -4.923185e-002 -5.963441e-001 1.134002e-001 -6.042928e-004 -4.706606e-001 -3.789653e-001 -2.461956e-001 -2.095338e-001 
5.700769e-002 2.153085e+001 -1.005688e+001 -1.099623e+000 -1.367826e+000 8.530701e-001 1.331804e+000 -4.123464e-001 2.835716e+000 1.999164e-001 -6.306727e-001 -1.683762e+000 -1.152728e+000 -1.772727e+000 7.618568e-001 -5.260502e-001 -1.690802e+000 4.557304e-001 -8.334790e-001 2.228380e-001 1.741936e-001 -2.174464e+000 -4.449709e-001 -2.466935e-001 5.989228e-002 2.737523e-001 -1.412005e-001 9.626867e-001 -5.995948e-001 -1.185323e+000 1.182142e-001 -6.954840e-002 -2.638699e-001 -1.844731e-001 2.628059e-001 6.805644e-002 
-2.677857e+000 2.252516e+001 -9.785152e+000 -1.614817e+000 -3.170557e+000 -1.117761e-001 1.012472e+000 -2.061789e+000 3.112242e+000 -6.149786e-001 -6.273005e-001 -1.304688e+000 -1.078629e+000 -1.312257e+000 7.061737e-001 -9.533785e-001 -9.092564e-001 2.029503e-001 -1.415208e+000 6.207572e-001 -5.712130e-001 -1.644979e+000 1.135409e-001 -3.168085e-001 -7.849139e-001 -2.255521e-001 2.811259e-001 7.516389e-001 -1.938037e-001 -2.601305e-001 6.923898e-001 -5.032201e-001 -4.577924e-001 -6.082878e-001 -1.264789e-001 -6.905951e-002 
-1.751071e+000 2.213166e+001 -5.898588e+000 -3.986749e+000 -5.041261e+000 -1.678197e+000 8.966395e-001 -1.212013e+000 1.432058e+000 5.284635e-001 -1.161909e+000 -5.776056e-001 -2.007403e-001 -3.929087e-001 1.426133e+000 -8.187651e-001 -1.455688e+000 9.386779e-001 -1.207522e+000 -1.822269e-001 6.275650e-001 -2.193634e+000 -8.378829e-001 3.063817e-002 -4.344606e-001 1.006910e-001 6.777213e-001 8.534023e-001 -2.775908e-001 -8.523072e-002 2.724811e-001 -4.590232e-001 -3.016085e-001 -3.074131e-001 -2.988497e-001 -7.312354e-002 
-5.295316e-001 2.266189e+001 -7.343529e+000 -6.238130e+000 -5.905723e+000 -1.879602e+000 2.399777e-001 -1.537459e+000 2.480258e+000 7.559949e-001 -1.705735e+000 -6.541430e-002 5.276882e-001 -4.573339e-001 1.041645e+000 -9.610322e-001 -1.784311e+000 9.733333e-002 -1.044482e-001 1.960201e-001 -8.624890e-001 -2.295390e+000 -1.040834e+000 -8.367068e-001 -5.859415e-001 5.874964e-002 8.054559e-001 1.652635e+000 2.803305e-001 -5.043704e-001 6.047235e-001 2.340742e-001 -4.105751e-001 -1.063429e-001 -2.694099e-001 -3.025194e-001 
1.188796e+000 2.128210e+001 -9.309056e+000 -5.226564e+000 -5.015859e+000 -3.346925e+000 -2.129894e-001 -1.716811e+000 3.539508e+000 1.277013e+000 -2.550977e+000 7.335583e-001 1.417919e+000 -1.578525e-001 1.100036e+000 -5.528877e-001 -8.719352e-001 1.005747e+000 1.296384e+000 7.535449e-001 -3.390944e-001 -1.745936e+000 -9.790871e-001 -4.916020e-001 -3.184950e-001 -8.783292e-002 6.597642e-001 1.066428e+000 -7.863628e-002 1.152467e-002 1.360195e+000 3.442923e-001 -6.323090e-001 1.884863e-001 1.836201e-001 -6.708722e-001 
7.092418e+000 2.032745e+001 -1.105498e+001 -2.772570e+000 -3.137091e+000 -2.312939e+000 -7.590825e-001 -7.848660e-001 3.672001e+000 -5.646057e-001 -2.515093e+000 4.272929e-001 2.940271e-002 -9.461628e-001 -4.882529e-001 -1.292584e+000 -1.722566e+000 6.619098e-001 1.135964e+000 -1.072584e+000 -9.291163e-001 -6.320237e-001 -1.055237e+000 -8.409266e-001 -2.854290e-001 -1.463590e-001 2.468715e-001 5.714085e-001 -3.657534e-001 -3.637325e-001 8.259125e-001 5.105416e-001 -6.221804e-001 -3.211230e-001 2.502947e-001 -3.957807e-001 
7.724084e+000 2.386168e+001 -1.399766e+001 -8.069594e-002 -3.815846e+000 -3.078138e+000 -7.103816e-001 -1.059052e+000 2.979129e+000 -3.625652e+000 -1.903045e+000 -3.914627e-001 1.512278e+000 4.519258e-002 -6.904654e-001 -1.833007e+000 -3.043937e+000 -3.180829e-001 8.985046e-002 -1.266732e+000 -1.461795e+000 -9.506346e-001 -1.335131e+000 -1.023228e+000 -2.068543e-002 -4.212787e-001 3.853580e-002 -2.798574e-001 -4.275127e-001 -7.531744e-003 5.831954e-001 5.250067e-001 -6.626493e-001 1.349990e-001 -1.307289e-001 -2.262272e-001 
9.834695e+000 2.429272e+001 -1.101572e+001 -9.550155e-001 -4.365669e+000 -2.982317e+000 -1.499660e+000 -3.539024e-001 2.199828e+000 -1.728807e+000 -1.632468e+000 -9.198380e-001 1.485596e+000 4.566607e-001 -1.989440e+000 -2.390392e+000 -2.291934e+000 3.528130e-001 1.090517e-001 -1.544667e+000 -3.712107e-001 -1.084729e+000 -1.347933e+000 -1.137246e+000 -6.886840e-001 2.484213e-001 -7.954377e-002 -4.651590e-002 -9.945561e-001 3.520711e-001 1.142905e+000 4.040918e-001 2.974074e-001 3.495085e-001 9.123376e-001 -1.274634e-001 
1.250641e+001 2.261653e+001 -9.785908e+000 -1.568202e+000 -4.237527e+000 -3.743140e+000 -1.578095e+000 -7.789982e-003 1.522097e+000 -2.292253e+000 -2.014797e+000 -1.040928e+000 1.155769e+000 -4.052528e-002 -2.554203e+000 -1.870315e+000 -2.436248e+000 -9.760030e-002 5.783096e-001 -1.777277e+000 -9.002669e-001 -1.334757e+000 -1.590345e+000 -6.415534e-001 -1.413030e-001 -8.778829e-002 -3.708611e-001 -4.865140e-001 -9.663811e-001 3.422902e-001 1.388976e+000 3.056280e-001 -7.999437e-002 8.983426e-001 1.510853e+000 4.523251e-001 
1.139298e+001 2.591895e+001 -1.256522e+001 1.162511e+000 -5.009789e+000 -3.398065e+000 -1.763622e+000 -7.343696e-001 2.507533e+000 -2.974230e+000 -1.033909e+000 -2.222777e+000 1.473805e+000 -8.049838e-001 -2.488318e+000 -1.354820e+000 -2.395089e+000 2.799719e-001 -6.535725e-001 -1.227638e+000 -1.009750e+000 -1.062227e+000 -8.720928e-001 -7.541519e-001 3.989331e-001 -7.379650e-001 1.160794e-001 -5.180293e-001 -7.753300e-001 2.616646e-002 1.302057e+000 4.775822e-001 -6.447571e-001 1.181600e+000 1.414270e+000 6.524072e-001 
1.304750e+001 2.320461e+001 -1.052754e+001 -1.002583e+000 -3.062789e+000 -4.191121e+000 -2.471231e+000 -5.914366e-001 1.471255e+000 -2.114473e+000 -2.824843e+000 -1.381332e+000 1.001299e+000 -8.113600e-001 -2.334503e+000 -1.496150e+000 -2.087189e+000 -5.861422e-001 -2.381260e-001 -1.552068e+000 -1.312151e+000 -9.291404e-001 -9.963367e-001 -8.783831e-001 1.401860e-001 -1.077778e-001 -6.436763e-001 -5.871310e-001 -7.756706e-001 2.096848e-001 1.153289e+000 3.170376e-001 -2.487526e-001 7.695851e-001 1.394329e+000 8.638699e-001 
1.332077e+001 2.320653e+001 -1.086041e+001 -7.009728e-001 -2.744831e+000 -4.529681e+000 -2.358539e+000 -6.816611e-001 1.255329e+000 -1.962759e+000 -2.787621e+000 -1.022110e+000 9.558519e-001 -1.369721e+000 -2.101013e+000 -1.153802e+000 -2.145270e+000 -1.061749e-001 -5.665688e-001 -2.094917e+000 -6.648074e-001 -9.567985e-001 -1.202330e+000 -7.584116e-001 -1.678393e-001 -2.014501e-001 -5.255752e-001 -2.180058e-001 -7.368100e-001 -1.228506e-001 1.363691e+000 4.094283e-001 -3.315584e-001 9.961475e-001 1.420572e+000 4.297122e-001 
1.359966e+001 2.262507e+001 -1.062242e+001 -2.268531e-001 -2.729774e+000 -4.675386e+000 -2.707719e+000 -2.987221e-001 1.240201e+000 -2.590567e+000 -2.780936e+000 -1.146840e+000 4.278851e-001 -1.161968e+000 -1.809515e+000 -1.691329e+000 -2.187653e+000 -6.944300e-004 -8.132039e-001 -2.035468e+000 -7.757913e-001 -9.726592e-001 -1.411890e+000 -8.152069e-001 -1.668338e-001 -2.897195e-001 -3.837407e-001 -4.392796e-001 -6.242624e-001 -7.557250e-002 9.372942e-001 7.027009e-001 -3.775537e-001 7.526552e-001 1.600770e+000 3.929911e-001 
1.341360e+001 2.296414e+001 -1.014881e+001 -5.024751e-001 -2.434357e+000 -4.094167e+000 -2.377777e+000 -6.313914e-001 1.420995e+000 -2.494278e+000 -2.761491e+000 -4.121148e-001 4.311114e-001 -1.506959e+000 -1.490796e+000 -1.222982e+000 -2.384099e+000 -7.538404e-002 -4.828371e-001 -2.053829e+000 -3.598559e-001 -8.645648e-001 -1.539859e+000 -6.237033e-001 -6.759232e-002 -2.077735e-001 -3.598036e-001 -2.151844e-001 -5.276571e-001 -1.600282e-001 1.001590e+000 6.678576e-001 -3.744996e-001 8.167081e-001 1.658034e+000 2.802482e-001 
1.405879e+001 2.129022e+001 -9.379565e+000 -9.269000e-001 -2.264382e+000 -4.425633e+000 -2.580667e+000 -8.249487e-001 9.910450e-001 -2.568384e+000 -3.126937e+000 -5.154248e-001 1.091936e-001 -1.488294e+000 -1.595539e+000 -1.609148e+000 -2.060371e+000 -3.232706e-001 -9.569644e-001 -1.919577e+000 -5.181213e-001 -1.158033e+000 -1.477967e+000 -6.643715e-001 -2.558201e-001 -2.819197e-001 -4.475667e-001 -4.410395e-001 -5.740600e-001 -3.280044e-002 7.979205e-001 4.902287e-001 -8.345130e-002 7.496124e-001 1.444596e+000 3.686234e-001 
1.531936e+001 1.922454e+001 -7.626201e+000 -1.666559e+000 -1.776463e+000 -4.439551e+000 -2.830999e+000 -7.444746e-001 6.868444e-001 -2.150158e+000 -3.350139e+000 -7.766199e-001 1.887557e-001 -1.668644e+000 -1.725536e+000 -1.599219e+000 -2.110060e+000 -5.497760e-001 -9.547760e-001 -1.902448e+000 -6.329800e-001 -9.736297e-001 -1.608899e+000 -9.065335e-001 -1.929465e-001 -2.297079e-001 -5.143036e-001 -4.848113e-001 -5.654913e-001 -6.484697e-002 7.877307e-001 4.544807e-001 -1.471332e-001 7.683581e-001 1.385672e+000 3.090369e-001 
