1.513840e+001 1.432655e+001 -9.565616e+000 1.326372e+000 -2.299702e+000 3.162008e+000 -3.604976e+000 -8.894629e-001 -1.201667e+000 -1.275093e+000 3.181524e-001 -1.629998e+000 -1.408033e+000 -1.968284e+000 6.296986e-002 4.124393e-001 1.062378e+000 -4.114296e-001 -1.071043e+000 4.856769e-001 -2.029416e-001 -2.335021e+000 -1.362746e+000 9.241069e-001 6.385352e-001 -7.116382e-001 -5.979013e-001 -5.988778e-001 -6.611558e-001 -2.490990e-001 -9.738040e-003 -1.791823e-001 -4.723911e-001 1.642824e-001 -5.153042e-001 -1.355331e-001 
1.294201e+001 1.358614e+001 -1.098798e+001 4.033888e+000 -2.415083e+000 5.315272e+000 -4.119397e+000 -3.371141e-001 -9.904671e-001 -1.846857e+000 7.264056e-001 -2.315918e-001 -3.015699e-001 -2.261897e+000 1.358810e-001 6.509491e-001 5.667996e-001 -1.344059e+000 -9.830997e-001 -2.284422e-001 3.949549e-002 -1.209087e+000 1.805813e-001 1.091660e+000 -3.942828e-001 -1.059659e+000 -6.436080e-001 -4.527498e-001 -1.705471e-001 3.217438e-002 -3.210897e-001 1.760192e-002 -2.353097e-001 -1.688887e-002 -5.889756e-001 -2.350848e-001 
1.351068e+001 1.459632e+001 -9.876292e+000 4.437042e+000 -3.741048e+000 5.053350e+000 -4.271560e+000 -1.214671e+000 -5.615006e-001 -2.466854e+000 1.076568e+000 -1.491245e+000 -1.262463e+000 -2.736573e+000 3.370946e-001 8.556826e-001 1.164722e+000 -3.484521e-001 -6.451991e-001 5.135913e-001 -9.985448e-001 -1.516023e+000 -5.254868e-001 -1.390471e-001 1.862350e-001 1.992482e-001 -7.452643e-001 -6.012222e-001 -4.668500e-001 -8.205498e-001 -6.209645e-001 2.896748e-001 2.560803e-001 -9.727328e-002 -8.667678e-002 5.302566e-001 
1.123184e+001 1.345426e+001 -9.775875e+000 3.564707e+000 -5.550030e+000 4.257296e+000 -4.319907e+000 -9.295449e-001 -1.874050e+000 -2.631305e+000 3.211999e-001 -8.654190e-001 -5.022545e-001 -2.451718e+000 3.735049e-001 -4.134181e-001 3.432962e-001 -7.164351e-001 -5.040280e-001 9.840046e-002 -8.687924e-001 -1.119441e+000 -8.271854e-003 -1.125628e-002 -6.985614e-001 -4.573579e-001 -4.720534e-001 3.518655e-001 -1.949922e-001 -1.030253e+000 -3.306847e-001 2.107230e-001 2.746444e-001 -2.461768e-001 -1.623057e-001 5.749454e-001 
1.245997e+001 1.771705e+001 -6.554972e+000 5.395735e+000 -5.150594e+000 4.664216e+000 -1.722614e+000 1.063500e+000 -1.445220e-002 -2.495706e+000 3.176177e-001 -1.222492e+000 -9.452511e-001 -3.050612e+000 -2.981816e-001 -1.384211e-001 -3.721757e-001 -1.282052e+000 -2.015102e-001 9.164350e-001 -6.661978e-001 -9.788320e-001 1.426085e-001 -5.494160e-001 -7.681326e-001 -5.132665e-001 -5.002771e-001 -9.690153e-002 -2.040081e-002 -2.631429e-001 -5.064322e-003 3.093698e-001 -1.304119e-001 -4.364579e-001 6.616732e-002 3.991239e-001 
1.661295e+001 1.952633e+001 -6.811345e+000 2.375099e+000 -5.158728e+000 3.731308e+000 -2.303607e+000 9.415792e-001 5.689817e-001 -1.338005e+000 -3.220535e-001 -7.523129e-001 -4.393878e-001 -3.265867e+000 -7.758612e-001 -1.342368e+000 -1.478408e+000 -1.268541e+000 -5.919603e-002 9.574736e-001 -4.223296e-001 -1.196317e+000 -5.166662e-001 -4.283319e-001 -5.664147e-001 -8.966145e-001 -7.898414e-001 -6.461580e-001 -6.025575e-001 -5.849696e-001 -2.355549e-001 3.986892e-001 1.886138e-001 3.150427e-001 3.521266e-001 2.902094e-001 
2.126881e+001 1.973527e+001 -7.364047e+000 -6.144707e-001 -3.424542e+000 1.423256e+000 -2.029728e+000 -3.501573e-004 5.409722e-001 -2.049341e+000 1.392663e-001 -3.167979e-001 -2.581029e-001 -2.119831e+000 -8.990408e-001 -8.123798e-001 -2.001587e+000 -1.278594e+000 4.482260e-001 1.908844e+000 -3.962268e-001 -9.883096e-001 -1.554979e-001 -8.866791e-001 -6.131906e-001 -5.624990e-001 -1.198244e+000 -5.619007e-001 -2.568860e-002 -9.257286e-001 -6.493727e-001 1.686309e-002 -2.084673e-001 2.484287e-001 4.523793e-001 9.018527e-002 
2.153998e+001 2.182245e+001 -9.826166e+000 -3.871073e-001 -3.142820e+000 5.238658e-001 -3.387777e+000 8.220023e-001 -2.043700e-001 -2.024774e+000 1.553250e-001 -4.260391e-001 -5.972644e-001 -1.777547e+000 -9.135852e-001 -9.911734e-001 -1.968428e+000 -2.022565e+000 1.276792e+000 1.342372e+000 -6.724140e-001 -7.757365e-001 -4.603480e-001 -4.008786e-001 -2.402206e-001 -7.352498e-001 -1.145323e+000 -1.029816e+000 -3.158018e-002 -1.087282e+000 -4.009327e-001 8.351295e-001 -6.664718e-001 6.074521e-001 -7.620967e-002 -4.188447e-004 
1.984338e+001 2.231879e+001 -1.085571e+001 -4.475215e-001 -2.961708e+000 5.181320e-002 -3.054885e+000 1.103265e+000 4.333755e-001 -2.116201e+000 1.294346e-001 4.245688e-003 -8.231826e-001 -1.532132e+000 -1.103675e+000 -9.472975e-001 -2.256209e+000 -2.274104e+000 1.494937e+000 9.666573e-001 -3.036467e-001 -8.712889e-001 -1.684065e-001 -2.542655e-001 -6.981118e-001 -6.772300e-001 -1.196366e+000 -7.452374e-001 -2.765490e-001 -1.304843e+000 2.331403e-003 8.205859e-001 -6.404911e-001 7.997757e-001 -2.476014e-002 8.750737e-002 
1.822238e+001 2.487605e+001 -1.338403e+001 2.009911e+000 -4.042440e+000 -8.058179e-001 -2.691322e+000 5.043994e-001 6.399910e-003 -2.674984e+000 1.880400e-001 -9.380802e-001 6.967961e-001 -2.219631e+000 -5.099088e-001 -1.310559e+000 -2.454462e+000 -1.667653e+000 1.530044e+000 6.124090e-001 -4.156909e-001 -8.864523e-002 -6.819421e-001 3.196314e-001 -1.143933e+000 -8.250319e-001 -1.343279e+000 -8.617313e-001 -3.742018e-002 -1.547213e+000 2.089878e-001 2.956539e-001 -3.672578e-001 1.123447e-001 -4.512072e-003 -3.732656e-001 
2.061573e+001 2.279474e+001 -1.040886e+001 8.681391e-001 -2.514328e+000 -1.625223e+000 -2.442610e+000 3.889386e-002 -1.778834e-001 -2.683705e+000 2.396581e-001 -3.701086e-001 6.988354e-002 -1.457184e+000 -7.945639e-001 -6.109887e-001 -3.674192e+000 -1.439234e+000 1.299604e+000 7.395186e-001 -1.690620e-002 -2.630455e-001 -3.835718e-001 -2.602780e-001 -7.097342e-001 -1.416406e+000 -1.112526e+000 -7.490873e-001 -7.369088e-002 -1.076827e+000 6.981337e-002 7.335843e-001 -7.668756e-001 4.840698e-001 -5.327482e-001 -1.613590e-001 
2.009069e+001 2.266911e+001 -1.253700e+001 1.998974e+000 -3.454782e+000 -5.610419e-001 -4.173557e+000 4.650725e-001 -8.283849e-001 -2.818028e+000 -3.289073e-001 -4.028265e-001 6.090934e-001 -1.253741e+000 -3.827675e-001 -1.358358e+000 -3.829648e+000 -2.186196e+000 1.784435e+000 2.147831e-002 4.232185e-001 -2.164658e-001 -5.300629e-001 -3.023419e-001 -1.037687e+000 -1.821892e+000 -1.304860e+000 -7.813203e-001 -1.449178e-001 -4.303903e-001 3.885996e-002 1.174253e+000 -1.064503e+000 4.436924e-001 -9.403689e-001 -1.574448e-001 
2.250193e+001 1.888759e+001 -9.212908e+000 -7.066512e-001 -8.902133e-001 -2.262902e+000 -3.253565e+000 -5.546481e-001 -8.914027e-001 -3.360414e+000 7.528966e-002 -3.055158e-002 -1.379275e-002 -5.191039e-001 -7.026846e-001 -1.396737e+000 -4.172407e+000 -1.412502e+000 1.113312e+000 2.516344e-001 2.996010e-001 -2.477444e-001 -3.359030e-001 -1.528267e-001 -1.413968e+000 -1.806238e+000 -1.345859e+000 -4.527480e-001 1.328338e-001 -7.231234e-001 4.957352e-001 5.630329e-001 -6.125048e-001 -2.098898e-001 -9.861402e-001 -4.391428e-001 
2.105895e+001 1.994158e+001 -8.621773e+000 -1.525274e-001 -1.043893e+000 -1.130372e+000 -3.939043e+000 1.158733e-001 -1.058425e+000 -3.352020e+000 1.233430e-001 -3.802063e-001 1.314276e+000 -1.034070e+000 -1.239721e+000 -9.287783e-001 -4.482001e+000 -1.373206e+000 1.580198e+000 2.161666e-001 3.310431e-002 -3.581392e-001 -8.944543e-001 -1.635815e-001 -1.010461e+000 -1.905296e+000 -9.373957e-001 -8.177386e-001 4.240014e-002 -2.674532e-001 6.072009e-001 9.195076e-001 -7.573880e-001 -2.475411e-002 -1.039931e+000 -6.551942e-001 
1.967572e+001 2.054583e+001 -8.828713e+000 7.849362e-001 -2.478506e+000 -5.736346e-002 -4.407349e+000 4.249939e-001 -1.715740e-001 -3.470778e+000 6.125000e-001 -4.095412e-001 8.766298e-001 -1.073728e+000 -1.350005e+000 -1.240565e+000 -4.482035e+000 -8.828965e-001 1.880837e+000 -1.287623e-002 7.352391e-002 -1.088563e+000 -9.750385e-001 4.768261e-002 -1.092206e+000 -1.404324e+000 -8.055738e-001 -7.547515e-001 1.717587e-002 -2.647667e-001 3.931899e-001 7.559120e-001 -7.212666e-001 -3.523994e-002 -7.243203e-001 -2.753164e-001 
1.909561e+001 2.068142e+001 -9.862668e+000 1.299451e+000 -2.945060e+000 -6.616390e-001 -4.555232e+000 -2.481552e-001 -1.205359e+000 -3.803706e+000 2.388964e-001 -9.372635e-001 4.386669e-001 -9.969571e-001 -1.193826e+000 -1.601218e+000 -4.352512e+000 -8.543412e-001 2.080973e+000 -2.253942e-001 -2.762298e-001 -7.657970e-001 -1.060370e+000 -3.679121e-001 -1.026522e+000 -1.371982e+000 -1.248449e+000 -3.739013e-001 -9.346775e-002 -6.778267e-001 5.099822e-001 4.688318e-001 -6.176621e-001 -2.015817e-001 -9.801595e-001 -6.484803e-002 
1.994125e+001 2.042904e+001 -9.243889e+000 1.426773e+000 -2.378893e+000 -4.525189e-001 -3.562888e+000 1.277054e-001 -8.321094e-001 -3.078762e+000 2.413017e-001 2.184942e-002 6.889655e-001 -1.079052e+000 -5.693424e-001 -1.366988e+000 -4.165792e+000 -5.058562e-001 2.008785e+000 1.474182e-001 6.201629e-002 -1.187185e+000 -9.457664e-001 -5.750639e-001 -9.778786e-001 -9.703125e-001 -1.026745e+000 -3.059724e-001 -8.164707e-002 -6.752452e-001 1.956216e-001 5.352840e-001 -3.297845e-001 4.467422e-002 -9.667559e-001 1.150149e-001 
2.001496e+001 1.955688e+001 -8.584974e+000 4.618853e-001 -2.302835e+000 -1.240005e+000 -3.296945e+000 -3.737320e-001 -9.149953e-001 -3.229410e+000 -2.475427e-001 3.554991e-001 3.965356e-001 -1.573283e+000 -2.050568e-001 -1.590637e+000 -4.903343e+000 -5.055232e-001 1.767409e+000 2.691438e-001 4.670187e-001 -8.241396e-001 -7.559820e-001 -3.826924e-001 -1.047964e+000 -1.014427e+000 -1.115804e+000 -4.240820e-001 -1.561103e-001 -6.999444e-001 2.369706e-001 1.950063e-001 -2.961293e-001 -1.487895e-002 -8.997976e-001 -1.683828e-003 
1.864595e+001 2.062575e+001 -1.086307e+001 1.339769e+000 -3.497158e+000 -1.169075e+000 -3.847550e+000 -1.185890e+000 -9.663265e-001 -3.218558e+000 6.296611e-002 1.845233e-001 -5.971464e-002 -1.620076e+000 -2.289289e-002 -1.722388e+000 -4.448448e+000 -4.187369e-001 1.522188e+000 4.406886e-001 7.551446e-001 -8.669842e-001 -6.422169e-001 -4.301816e-001 -1.253193e+000 -1.187318e+000 -1.362809e+000 -9.797920e-001 -4.873121e-001 -5.116279e-001 2.939166e-001 3.460793e-001 -1.840110e-001 1.775861e-001 -1.269396e+000 -2.320022e-002 
2.274672e+001 1.696972e+001 -6.262329e+000 -7.774365e-001 -9.990902e-001 -2.320281e+000 -1.990902e+000 -1.015557e+000 -4.856185e-001 -2.156482e+000 -1.434989e-001 1.276747e+000 1.066029e-002 -9.007959e-001 -1.161323e-001 -1.476360e+000 -3.680077e+000 -4.776263e-001 1.419617e+000 5.454801e-001 8.015729e-001 -5.016072e-001 -6.824040e-001 -4.865861e-001 -9.082376e-001 -5.555007e-001 -8.052225e-001 -3.594350e-001 -2.094412e-001 -4.917605e-001 7.702566e-002 -1.704782e-001 3.354970e-002 -2.610608e-002 -8.125067e-001 -8.306273e-002 
1.800841e+001 1.371408e+001 -6.969713e+000 -7.969986e-001 -9.330625e-001 1.369057e+000 -2.256691e+000 -2.766857e-001 3.969370e-001 -8.591088e-001 1.322516e+000 6.795030e-002 -6.190525e-001 -1.565703e+000 -3.281451e-002 2.398788e-001 -4.572983e-001 -4.199863e-001 -8.916209e-001 6.325216e-001 -4.468081e-003 -1.828629e+000 -1.212535e+000 5.612212e-002 1.581726e-001 -8.191978e-001 -9.287686e-001 -4.289335e-001 -1.601591e-001 -1.702216e-001 3.677668e-001 2.728467e-001 -4.060034e-002 1.974928e-001 -1.958066e-001 3.385443e-001 
1.396619e+001 1.286133e+001 -1.099989e+001 2.693263e+000 -1.475937e+000 4.770121e+000 -2.914987e+000 3.713586e-001 1.036054e-001 -1.147941e+000 1.029773e+000 -7.090234e-001 -4.642837e-001 -1.855771e+000 -1.433490e-001 3.815515e-001 5.168309e-001 -8.723452e-001 -1.449346e+000 -2.330472e-001 1.854566e-001 -1.363190e+000 -4.993271e-002 1.175638e+000 -2.780881e-001 -1.187904e+000 -9.826663e-001 -4.848513e-001 -1.387071e-001 -2.794240e-001 -5.973157e-001 -5.499164e-001 -5.805409e-001 3.336183e-001 5.991615e-002 3.901078e-001 
1.433177e+001 1.323210e+001 -9.415074e+000 3.167727e+000 -2.590182e+000 5.201595e+000 -2.710705e+000 -8.387723e-001 -8.736809e-001 -3.268585e+000 8.937310e-001 -7.795289e-001 -8.060399e-001 -2.164117e+000 -2.589976e-002 6.567350e-001 3.715480e-001 -4.840692e-001 -2.942751e-001 8.518866e-001 -7.126280e-001 -1.175374e+000 -2.404418e-001 2.021563e-001 -1.881213e-001 -6.393332e-001 -7.911817e-001 -6.523994e-001 -5.685225e-001 -7.377485e-001 -5.635442e-001 -2.223577e-001 -1.106696e-001 -1.713122e-001 -2.161426e-001 1.768443e-001 
1.273436e+001 1.491915e+001 -9.756426e+000 4.014278e+000 -4.983649e+000 4.738482e+000 -4.799792e+000 -1.138405e+000 -1.107791e+000 -2.269378e+000 8.364622e-001 -1.076386e+000 -8.567155e-001 -2.966510e+000 6.816222e-002 2.289286e-002 1.266839e+000 7.010629e-002 -4.738860e-002 3.845227e-001 -1.112214e+000 -1.885613e+000 -1.990241e-002 -5.156126e-003 -3.697774e-001 3.852048e-001 -5.553038e-001 -5.891042e-001 -5.742825e-001 -8.466864e-001 -5.145320e-001 3.058851e-002 -4.526974e-002 -6.304658e-001 -8.283795e-001 3.247565e-001 
1.108995e+001 1.417080e+001 -7.844470e+000 4.639091e+000 -4.190467e+000 3.813490e+000 -3.233676e+000 -5.764912e-001 -1.031853e+000 -3.659692e+000 -5.400133e-001 -1.232062e+000 -2.384343e-002 -2.748254e+000 -4.874447e-001 -4.842395e-001 1.404102e-001 -6.631585e-001 -2.639163e-001 8.456584e-001 -7.259826e-001 -5.053423e-001 2.009444e-001 -6.961542e-002 -6.913857e-001 -2.743849e-001 -5.223722e-001 5.135262e-002 -1.424889e-001 -1.239214e+000 -5.888991e-001 -1.216167e-001 -2.194916e-001 -5.413013e-001 6.806902e-002 3.930455e-001 
1.418043e+001 1.845823e+001 -6.919896e+000 3.722457e+000 -6.040849e+000 3.634471e+000 -1.870567e+000 1.458181e+000 6.468770e-001 -1.691471e+000 1.006966e-001 -5.665278e-001 -6.538678e-001 -3.347693e+000 -4.477489e-001 -5.336790e-001 -1.313572e+000 -1.499065e+000 -7.980168e-002 3.497835e-001 -6.269036e-001 -1.194499e+000 -7.379293e-001 -7.446963e-001 -2.635890e-001 -4.649560e-001 -1.027097e+000 -4.038708e-001 -7.305705e-002 2.467522e-001 -2.285588e-001 2.907674e-001 4.279022e-001 8.115173e-002 1.683933e-001 2.564078e-001 
1.873535e+001 2.081218e+001 -8.255571e+000 1.330930e+000 -5.061461e+000 3.466028e+000 -2.915475e+000 3.035778e-001 1.347417e-001 -1.777438e+000 -3.375400e-001 -6.745245e-001 -2.135896e-001 -2.644160e+000 -8.632899e-001 -1.366844e+000 -1.180153e+000 -1.578175e+000 1.938913e-001 1.844573e+000 -1.474223e-001 -8.835500e-001 -2.883811e-001 -6.065812e-001 -4.217347e-001 -7.430120e-001 -1.067286e+000 -8.360913e-001 -2.834383e-001 -8.249740e-001 -8.216069e-001 4.702394e-001 -1.865008e-001 2.409504e-001 3.167662e-001 6.819461e-002 
2.059279e+001 2.341659e+001 -1.077362e+001 1.351511e+000 -4.789189e+000 2.192852e+000 -3.565205e+000 9.661274e-001 -2.262345e-002 -2.374461e+000 6.395528e-001 -9.219912e-001 -3.535096e-002 -2.462935e+000 -3.716138e-001 -1.402638e+000 -1.512361e+000 -1.692939e+000 1.147108e+000 1.904239e+000 -7.060546e-001 -4.943655e-001 -4.769527e-001 -3.713323e-001 -6.059760e-001 -4.197549e-001 -1.342999e+000 -8.953203e-001 -3.536539e-002 -9.807485e-001 -5.837413e-001 3.165027e-001 -3.548543e-001 2.881287e-001 3.670145e-001 -8.520760e-002 
2.017237e+001 2.290115e+001 -1.064426e+001 -3.386146e-001 -3.279494e+000 6.419278e-001 -4.346046e+000 1.560690e+000 -5.277991e-001 -1.702735e+000 1.132075e-002 5.012425e-002 -6.524932e-001 -1.192196e+000 -9.439111e-001 -7.005218e-001 -1.992668e+000 -2.604522e+000 1.665301e+000 7.127518e-001 -4.993454e-001 -1.180501e+000 -3.215991e-001 -5.717857e-001 -2.064251e-001 -7.795829e-001 -9.794001e-001 -7.317752e-001 -2.651902e-001 -9.833563e-001 -4.193683e-001 9.082425e-001 -9.170424e-001 6.521714e-001 -2.627007e-001 -1.461609e-002 
1.941119e+001 2.350263e+001 -1.185839e+001 8.927482e-001 -3.170380e+000 -2.844387e-001 -2.330877e+000 8.003028e-001 5.926988e-001 -2.203171e+000 3.512954e-001 -4.493423e-001 5.293427e-002 -1.803760e+000 -1.108433e+000 -1.015008e+000 -2.391639e+000 -1.747515e+000 1.328986e+000 9.044651e-001 -1.761385e-001 -1.893922e-001 -6.506441e-001 -4.049310e-002 -1.010872e+000 -8.079143e-001 -1.446870e+000 -9.427632e-001 -2.604115e-001 -1.509866e+000 5.349055e-001 6.324988e-001 -2.070775e-001 8.098556e-001 -4.058602e-002 -5.400920e-002 
2.234903e+001 1.936659e+001 -8.562891e+000 -1.412086e+000 -1.744062e+000 -2.428523e+000 -1.972131e+000 -2.963875e-001 -3.092712e-001 -2.488112e+000 -4.228850e-001 -7.553403e-002 -2.528486e-001 -1.335529e+000 -1.296364e+000 -8.308955e-001 -3.326717e+000 -1.712331e+000 1.310741e+000 4.238419e-001 -2.912939e-001 -5.724079e-001 -3.597604e-001 7.566340e-003 -9.337357e-001 -1.153388e+000 -1.272116e+000 -7.220376e-001 -9.382315e-002 -1.325155e+000 -1.466297e-002 4.808486e-001 -6.672626e-001 7.978038e-002 -3.611508e-001 -3.690023e-001 
1.938860e+001 2.393660e+001 -1.254084e+001 2.130926e+000 -3.659135e+000 -6.063538e-001 -4.166143e+000 8.599167e-001 -8.377915e-001 -2.604085e+000 6.900454e-002 -4.931315e-001 6.574610e-001 -1.589037e+000 -3.214435e-001 -1.533644e+000 -3.428231e+000 -2.224308e+000 2.029732e+000 -1.883959e-002 2.977763e-001 -3.366460e-001 -5.268680e-001 -4.057849e-001 -8.532665e-001 -1.527487e+000 -1.306905e+000 -3.373099e-001 -5.705086e-001 -3.682465e-001 -2.279522e-001 1.225645e+000 -1.295174e+000 8.868818e-001 -9.899540e-001 1.171989e-001 
2.362834e+001 1.788970e+001 -8.521098e+000 -1.127986e+000 -4.496606e-001 -2.411040e+000 -2.590971e+000 -3.426414e-001 -5.792814e-001 -2.860200e+000 -5.269164e-001 2.283580e-001 3.513734e-004 -7.693736e-001 -6.793800e-001 -1.453715e+000 -4.225378e+000 -1.991197e+000 9.288751e-001 2.558668e-001 1.851824e-001 -1.876310e-001 -3.913260e-001 -1.282534e-001 -1.329069e+000 -1.717071e+000 -1.419516e+000 -6.195205e-001 2.494465e-001 -4.886085e-001 6.162907e-001 7.358698e-001 -5.486534e-001 -2.079642e-001 -7.530373e-001 -4.675891e-001 
1.923829e+001 2.313591e+001 -1.207868e+001 2.192998e+000 -2.601720e+000 -2.493311e-001 -4.297004e+000 5.442595e-001 -1.198894e+000 -3.670923e+000 4.324368e-001 -3.060038e-001 1.357735e+000 -1.142192e+000 -6.382649e-001 -1.401540e+000 -4.307241e+000 -1.176024e+000 1.361424e+000 2.725701e-001 1.948228e-001 -1.912239e-001 -3.729077e-001 -2.767196e-001 -9.838871e-001 -2.186323e+000 -1.043976e+000 -4.679259e-001 -3.959027e-002 -4.238818e-001 3.396699e-001 9.758459e-001 -9.584863e-001 1.755395e-001 -1.383940e+000 -4.410657e-001 
2.186662e+001 1.861890e+001 -7.237601e+000 -5.758765e-001 -9.736249e-001 -1.151827e+000 -3.606620e+000 1.764548e-001 -3.163163e-001 -3.311306e+000 1.251965e-002 -2.121875e-001 8.133142e-001 -7.710272e-001 -1.210435e+000 -1.036148e+000 -4.361628e+000 -1.015178e+000 1.947783e+000 1.238779e-001 6.127911e-002 -7.486992e-001 -1.045778e+000 7.640962e-002 -1.023835e+000 -1.540406e+000 -9.350826e-001 -8.209859e-001 3.313372e-002 -2.275752e-001 6.674533e-001 7.187763e-001 -6.619815e-001 -1.759558e-001 -8.041806e-001 -3.698891e-001 
1.888421e+001 2.115937e+001 -1.026328e+001 1.329050e+000 -3.796679e+000 -1.749974e-001 -5.217673e+000 4.502391e-001 -1.203633e+000 -3.739594e+000 3.659549e-001 -1.127910e+000 7.450022e-001 -1.171433e+000 -1.522276e+000 -1.571543e+000 -4.514629e+000 -1.023030e+000 2.353526e+000 -3.764463e-001 -1.570180e-002 -1.081415e+000 -1.189557e+000 -3.646272e-001 -1.115168e+000 -1.382122e+000 -1.042615e+000 -3.778826e-001 -7.147711e-002 -5.232643e-001 1.693514e-002 6.276481e-001 -6.793647e-001 4.711792e-003 -6.851555e-001 -7.960067e-002 
1.985111e+001 2.005257e+001 -8.980132e+000 8.207474e-001 -2.032587e+000 -8.110489e-001 -3.471261e+000 1.499376e-002 -5.965430e-001 -3.305843e+000 2.829011e-001 -2.694429e-001 6.531929e-001 -8.018607e-001 -9.018737e-001 -1.559385e+000 -4.285113e+000 -6.447951e-001 1.658130e+000 -5.500129e-002 -1.501681e-001 -8.525396e-001 -9.418117e-001 -5.870523e-001 -9.466731e-001 -1.223992e+000 -1.254071e+000 -3.585294e-001 5.602218e-002 -5.254362e-001 5.923680e-001 5.460940e-001 -3.481598e-001 -2.158472e-002 -1.088473e+000 -3.183874e-002 
1.983099e+001 2.090685e+001 -9.034052e+000 1.577812e+000 -2.243086e+000 -2.501046e-001 -3.461434e+000 1.035283e-001 -1.005681e+000 -2.836591e+000 -1.207019e-001 -3.694297e-003 4.413125e-001 -1.562526e+000 -2.693836e-001 -1.666125e+000 -4.525411e+000 -4.244191e-001 2.173228e+000 3.651232e-001 3.746635e-001 -9.414843e-001 -7.125635e-001 -4.681634e-001 -9.976855e-001 -9.679084e-001 -1.127584e+000 -3.888553e-001 -1.121487e-001 -6.955532e-001 9.803978e-002 4.605477e-001 -3.045189e-001 1.232285e-001 -8.549773e-001 1.696990e-002 
1.986682e+001 1.969516e+001 -9.689357e+000 7.824715e-001 -3.102880e+000 -1.325320e+000 -3.624172e+000 -1.085174e+000 -9.440914e-001 -3.618807e+000 -5.747427e-001 -2.571262e-002 -1.361784e-003 -1.615530e+000 6.826618e-002 -1.714253e+000 -4.926543e+000 -5.522171e-001 1.180305e+000 3.197412e-001 5.655307e-001 -8.237733e-001 -7.725443e-001 -6.848413e-001 -1.299854e+000 -1.303112e+000 -1.332666e+000 -8.095640e-001 -2.398544e-001 -4.907281e-001 2.587920e-001 1.122779e-001 -2.291739e-001 1.119027e-001 -1.248668e+000 2.375779e-002 
