-7.860441e+000 1.833462e+001 7.002182e+000 3.403241e+000 8.469729e-001 -1.123021e+000 -1.774430e+000 -8.650661e-001 2.443787e-001 -6.831855e-001 -1.581103e+000 -1.481568e+000 -3.624421e-001 1.868405e-001 1.803575e-001 -2.546661e-001 -5.897514e-001 -7.239119e-001 -9.217079e-001 -1.127530e+000 -4.983774e-001 -1.589295e-001 -1.035698e-001 -1.912786e-001 
-9.769156e+000 1.870914e+001 6.829263e+000 3.347085e+000 9.800149e-001 -9.722574e-001 -1.421488e+000 -8.099485e-001 3.229370e-001 -5.247209e-001 -9.041961e-001 -6.598178e-001 -2.259302e-001 1.654807e-001 2.384019e-001 -7.415239e-001 -1.080389e+000 -9.887917e-001 -4.372512e-001 -5.120014e-001 -6.903501e-002 -1.520330e-001 -5.249978e-001 -7.483637e-001 
-1.045256e+001 1.975291e+001 5.672942e+000 4.171047e+000 1.779406e+000 -2.794957e-001 -1.971196e+000 -1.560128e+000 1.184668e+000 1.042794e+000 -5.819568e-001 -9.469698e-001 -5.558864e-001 -5.789092e-001 -8.479669e-003 -5.675461e-001 -9.369956e-001 -7.079699e-001 -4.731183e-001 -5.054884e-001 -4.925175e-001 -1.827167e-001 -1.661700e-001 1.987310e-001 
-7.270735e+000 1.887835e+001 3.769886e+000 2.943735e+000 3.050317e+000 1.263429e+000 -1.143816e+000 -2.084164e+000 3.621997e-001 9.153191e-001 -3.467235e-001 -9.559442e-001 1.398155e-002 -8.565609e-003 3.592527e-001 -7.381052e-001 -1.331247e+000 -8.788435e-001 -7.594899e-001 -6.432843e-001 -3.619884e-001 2.047067e-001 6.776649e-002 -1.271005e-001 
-1.061759e+000 1.893085e+001 -7.202166e-001 3.051826e+000 2.475439e+000 1.440896e+000 -9.187509e-001 -9.885982e-001 1.490607e+000 -2.892460e-001 -1.261871e+000 -1.293506e+000 2.379865e-002 -5.879398e-002 1.084111e+000 -1.937592e-001 -1.911266e+000 -1.090254e+000 -7.992636e-001 -6.159693e-001 -4.498947e-001 1.188299e-001 1.907421e-001 -5.264640e-001 
4.854952e+000 1.874633e+001 -8.343142e-001 3.762716e+000 7.537692e-002 -4.643548e-001 -1.429260e+000 -1.391494e+000 2.268479e+000 -6.094123e-001 -3.195335e+000 -2.218514e+000 3.552028e-001 2.331951e-001 6.469848e-001 2.163078e-001 -1.726278e+000 -9.928146e-001 -6.432355e-001 -1.630623e-001 -2.403777e-001 -8.830842e-001 -1.297750e-001 -1.207362e+000 
5.692953e+000 1.768533e+001 -1.156301e-004 5.142182e+000 1.468709e-001 -1.938796e+000 -2.439902e+000 -2.062905e+000 1.730402e+000 -1.379792e+000 -3.273645e+000 -1.194109e+000 -3.947346e-002 -3.444053e-001 1.563528e-001 2.846809e-001 -3.666543e-001 -7.663009e-001 -1.311920e+000 -3.043374e-001 -3.099017e-001 -1.257123e+000 -5.592002e-001 -9.977167e-001 
3.884939e+000 2.024633e+001 -6.024567e-001 6.506942e+000 -1.502649e+000 -1.173751e+000 -2.656168e+000 -3.927834e+000 1.608040e+000 -5.596527e-001 -1.598782e+000 -2.093438e+000 6.061197e-001 -1.073891e+000 -7.895853e-001 8.897617e-001 3.916097e-001 -6.596146e-001 -1.521077e+000 -5.644777e-001 -8.696195e-001 -1.161780e+000 -5.062919e-002 -1.062332e+000 
6.080617e+000 1.807643e+001 2.306757e-001 6.483838e+000 2.611351e-001 -1.648796e+000 -3.467216e+000 -3.747024e+000 1.207445e+000 2.828905e-002 -1.831365e+000 -1.403560e+000 3.741018e-001 -5.314998e-001 -9.400062e-001 4.564875e-001 1.440536e-001 -1.086139e+000 -1.212277e+000 -3.947268e-001 -4.351024e-001 -6.976574e-001 -7.416124e-001 -1.408071e+000 
6.997930e+000 1.765912e+001 1.237130e+000 4.897653e+000 -1.744150e-002 -2.453160e+000 -3.008256e+000 -3.367118e+000 5.955567e-001 2.373401e-001 -2.119840e+000 -9.949774e-001 6.151883e-001 -8.418070e-001 -1.067859e+000 3.034165e-001 -1.587608e-001 -1.165723e+000 -1.014362e+000 -1.961108e-001 -4.740056e-001 -7.728401e-001 -5.967429e-001 -1.304676e+000 
5.987541e+000 1.992707e+001 -8.005511e-002 5.853198e+000 -1.143832e+000 -2.954243e+000 -2.655590e+000 -2.694711e+000 9.474534e-001 -7.445735e-002 -1.558802e+000 -9.855995e-001 6.564709e-001 -6.580574e-001 -1.438140e+000 -6.216808e-002 1.044059e-001 -1.148519e+000 -1.138100e+000 -1.094728e-001 -2.921976e-001 -9.936113e-001 -7.885486e-001 -3.625841e-001 
5.884676e+000 1.941840e+001 3.079836e-001 5.265741e+000 -2.983444e-001 -2.913379e+000 -2.832284e+000 -2.655781e+000 3.757605e-001 -1.767205e-001 -1.726080e+000 -7.322020e-001 7.243453e-001 -9.096707e-001 -1.662883e+000 9.027783e-002 2.294180e-001 -1.005024e+000 -1.137874e+000 -2.447344e-001 -2.623804e-001 -1.191682e+000 -7.076237e-001 -2.848785e-001 
5.587863e+000 1.877093e+001 1.139953e+000 4.942155e+000 3.938623e-001 -2.467050e+000 -3.023875e+000 -3.075781e+000 -1.527953e-001 -1.403611e-001 -1.233835e+000 -6.856486e-001 5.949952e-001 -1.026997e+000 -1.479495e+000 4.137125e-001 -2.543180e-002 -1.151613e+000 -8.402189e-001 -1.273917e-001 -3.378596e-001 -1.201489e+000 -9.947392e-001 -4.484551e-001 
6.485234e+000 1.779760e+001 1.783350e+000 4.601291e+000 6.116538e-001 -2.665275e+000 -2.918424e+000 -2.804819e+000 -3.011869e-001 -2.677081e-001 -1.345069e+000 -5.415973e-001 3.955091e-001 -8.703703e-001 -1.223318e+000 2.215336e-001 4.210484e-003 -1.071204e+000 -8.148604e-001 -2.929192e-001 -3.923616e-001 -9.930218e-001 -1.046819e+000 -5.942455e-001 
6.823239e+000 1.729930e+001 1.877340e+000 4.812887e+000 6.393673e-001 -2.540402e+000 -2.778953e+000 -2.824242e+000 -4.872996e-001 -3.074351e-001 -1.285941e+000 -6.989988e-001 2.973853e-001 -7.079865e-001 -1.182846e+000 4.767872e-002 1.238423e-001 -6.942604e-001 -1.117625e+000 -4.913029e-001 -1.538569e-001 -1.169412e+000 -1.089838e+000 -3.779096e-001 
6.128339e+000 1.788909e+001 1.101986e+000 5.527053e+000 7.051122e-001 -3.052550e+000 -2.457055e+000 -2.558748e+000 -6.689815e-001 -4.356682e-001 -1.314669e+000 -7.567220e-001 3.574247e-001 -4.508462e-001 -1.078527e+000 -1.445716e-001 3.184591e-004 -4.795434e-001 -9.073862e-001 -7.413506e-001 -3.444133e-001 -1.007819e+000 -9.478299e-001 -5.744186e-001 
4.339837e+000 2.038157e+001 -1.330620e+000 7.662225e+000 -3.142359e-001 -2.472237e+000 -2.161798e+000 -3.198422e+000 7.543801e-002 -1.221874e+000 -6.248669e-001 -9.453731e-001 -2.343675e-002 3.647055e-002 -1.450119e+000 4.701989e-001 -4.422637e-001 -4.224366e-001 -6.511992e-001 -1.407779e+000 6.279190e-001 -1.791725e+000 -4.739786e-001 -8.698352e-001 
7.865159e+000 1.601786e+001 1.945989e+000 5.205875e+000 9.364214e-001 -2.850494e+000 -2.192652e+000 -2.227207e+000 -1.232778e+000 -6.098212e-001 -1.072337e+000 -9.451459e-001 1.634856e-001 -4.141305e-001 -7.377814e-001 3.036227e-002 -1.858563e-001 -3.728540e-001 -1.037835e+000 -9.176177e-001 -4.152762e-002 -9.940062e-001 -1.262496e+000 -3.770787e-001 
1.634033e+001 1.095356e+001 3.574503e+000 2.078491e+000 3.574269e-001 -1.030660e+000 -1.118926e+000 -1.303931e+000 -1.139675e+000 -6.734315e-001 -5.579465e-001 -4.272127e-001 -7.261509e-002 -7.507797e-002 -1.488340e-001 -1.174323e-001 -8.159431e-002 -1.183962e-001 -4.038652e-001 -5.931778e-001 -5.059215e-001 -6.054628e-001 -6.144155e-001 -2.783909e-001 
5.932532e+000 1.121482e+001 4.289351e+000 2.287147e+000 8.053818e-001 -1.400492e-001 -3.588718e-001 -6.878979e-001 -7.690597e-001 -6.624038e-001 -7.253177e-001 -8.218067e-001 -5.378379e-001 -2.686034e-001 -2.323620e-001 -2.993594e-001 -2.952810e-001 -3.573779e-001 -6.187354e-001 -7.909224e-001 -6.340701e-001 -4.137310e-001 -3.136162e-001 -2.307419e-001 
-9.091680e+000 1.797800e+001 7.194893e+000 3.483815e+000 7.729317e-001 -1.183337e+000 -1.379551e+000 -4.996433e-001 1.351051e-001 -7.572036e-001 -1.185613e+000 -1.019362e+000 -2.281262e-001 3.586984e-001 2.628742e-001 -5.561347e-001 -1.026520e+000 -1.096566e+000 -6.526223e-001 -5.525372e-001 -1.232519e-001 -8.309196e-002 -4.310064e-001 -5.717723e-001 
-1.095753e+001 1.950626e+001 6.177347e+000 4.294335e+000 1.781437e+000 -1.247740e+000 -2.126952e+000 -9.463809e-001 1.329832e+000 5.113813e-001 -7.630073e-001 -1.102756e+000 -2.171259e-001 -5.126754e-001 1.454156e-001 -7.554157e-001 -1.056989e+000 -5.846488e-001 -3.760809e-001 -5.407514e-001 -5.388315e-001 -1.078412e-001 -2.223422e-001 -8.936720e-002 
-9.999724e+000 2.029698e+001 4.287773e+000 3.391245e+000 2.379580e+000 8.676075e-001 -1.198547e+000 -2.556126e+000 7.388620e-001 1.173435e+000 8.239840e-002 -1.418331e+000 1.691028e-001 -4.537949e-001 4.535281e-001 -7.917648e-001 -1.300583e+000 -8.275714e-001 -6.192994e-001 -2.307325e-001 -3.595526e-001 -1.892027e-001 -3.356096e-001 3.289005e-002 
-2.430140e+000 1.785065e+001 7.270996e-001 2.796587e+000 3.164179e+000 1.127384e+000 -8.395472e-001 -1.184374e+000 8.985274e-001 1.070833e-001 -1.168873e+000 -9.547814e-001 1.666996e-001 1.622097e-001 6.233240e-001 -4.088826e-001 -1.568283e+000 -1.057708e+000 -8.570959e-001 -8.358052e-001 -3.885344e-001 2.369037e-001 3.480880e-001 -2.619637e-001 
3.441364e+000 1.809342e+001 -3.918761e-001 3.030941e+000 8.135113e-001 -1.107760e-001 -9.965512e-001 -5.816635e-001 2.041889e+000 -6.110804e-001 -2.741918e+000 -1.968772e+000 6.718377e-002 1.753188e-001 5.609183e-001 -4.599509e-002 -1.853280e+000 -1.040332e+000 -4.286080e-001 -1.382914e-001 -1.842338e-001 -5.757423e-001 -1.042304e-001 -1.008579e+000 
3.894219e+000 2.003590e+001 -2.069123e+000 6.185453e+000 -6.974094e-001 -1.238427e+000 -2.187185e+000 -2.283828e+000 2.799423e+000 -1.789472e+000 -2.772499e+000 -1.988217e+000 4.090614e-001 -5.649543e-001 2.320261e-001 3.819573e-001 -9.986366e-001 -6.911346e-001 -1.311781e+000 -1.781642e-002 -1.662065e-001 -1.345696e+000 -2.615992e-001 -1.045035e+000 
5.536331e+000 1.763502e+001 1.213751e+000 4.690680e+000 -3.055854e-001 -1.750442e+000 -2.528381e+000 -3.301209e+000 1.129388e+000 -1.947491e-001 -2.626005e+000 -1.112071e+000 2.624968e-001 -5.856021e-001 -6.673963e-001 5.709846e-001 4.389668e-001 -8.948285e-001 -1.389654e+000 -4.645757e-001 -7.262473e-001 -1.117576e+000 -3.300142e-001 -9.100399e-001 
4.757170e+000 1.882583e+001 -4.481765e-001 6.797943e+000 -5.667177e-001 -1.438371e+000 -3.536990e+000 -3.681421e+000 1.348544e+000 -3.476006e-001 -1.657683e+000 -1.719543e+000 4.015450e-001 -6.886853e-001 -7.083864e-001 6.871783e-001 2.264392e-001 -9.091956e-001 -1.443161e+000 -4.860320e-001 -5.638311e-001 -7.531546e-001 -4.921422e-001 -1.413098e+000 
5.596778e+000 1.895459e+001 -2.750517e-001 6.130891e+000 -1.224646e-001 -2.110823e+000 -3.220359e+000 -3.752633e+000 1.069272e+000 1.807937e-001 -1.869661e+000 -1.349174e+000 5.937105e-001 -7.452977e-001 -1.004822e+000 3.451200e-001 8.549085e-003 -1.140595e+000 -1.208494e+000 -2.750466e-001 -3.910669e-001 -6.471846e-001 -6.884949e-001 -1.405172e+000 
6.772916e+000 1.829702e+001 1.278259e+000 4.843244e+000 -6.359139e-001 -2.991451e+000 -2.826704e+000 -2.967041e+000 5.728351e-001 2.805832e-001 -1.696600e+000 -9.380410e-001 5.432650e-001 -8.030407e-001 -1.418911e+000 1.173431e-001 1.005804e-001 -1.179454e+000 -1.076621e+000 -1.265807e-001 -3.684584e-001 -1.062822e+000 -7.507323e-001 -4.612254e-001 
5.739614e+000 1.961485e+001 7.500397e-002 5.573384e+000 -2.686180e-001 -3.058241e+000 -2.698800e+000 -2.601510e+000 6.368684e-001 -2.312923e-001 -1.617661e+000 -7.278680e-001 6.437991e-001 -9.219160e-001 -1.662868e+000 -1.118559e-001 2.309089e-001 -9.026108e-001 -1.095988e+000 -3.267984e-001 -3.827023e-001 -9.484049e-001 -6.875546e-001 -2.068311e-001 
3.379908e+000 2.123615e+001 -8.905376e-001 6.636889e+000 -6.778289e-001 -2.211869e+000 -2.892250e+000 -3.338826e+000 4.944688e-001 -6.747299e-001 -7.764322e-001 -1.317074e+000 1.257283e+000 -1.446995e+000 -1.200999e+000 1.594762e-001 6.738015e-002 -9.577216e-001 -1.128604e+000 9.330164e-002 -6.445377e-001 -9.425665e-001 -1.078954e+000 -3.614505e-001 
5.168554e+000 1.877183e+001 1.144261e+000 5.149622e+000 4.601392e-001 -2.497676e+000 -2.801152e+000 -2.895984e+000 -2.554925e-001 -4.393328e-001 -1.326911e+000 -6.179698e-001 5.725590e-001 -7.751553e-001 -1.338392e+000 1.742520e-001 -9.720628e-003 -1.040060e+000 -8.233927e-001 -2.104583e-001 -3.293535e-001 -1.148548e+000 -1.069865e+000 -5.618447e-001 
6.381582e+000 1.762250e+001 1.658840e+000 4.897727e+000 7.337652e-001 -2.456807e+000 -2.860609e+000 -2.844332e+000 -3.619639e-001 -3.495610e-001 -1.286447e+000 -5.946065e-001 3.708852e-001 -8.167663e-001 -1.246317e+000 2.343336e-002 8.187415e-002 -7.917333e-001 -1.070153e+000 -3.359331e-001 -1.943463e-001 -1.174380e+000 -1.048477e+000 -4.596440e-001 
6.809480e+000 1.697492e+001 1.987830e+000 4.851037e+000 8.181312e-001 -2.772300e+000 -2.550690e+000 -2.613226e+000 -7.239557e-001 -2.891877e-001 -1.227101e+000 -7.297014e-001 2.847340e-001 -5.969194e-001 -1.106694e+000 -8.066623e-002 9.965994e-002 -6.194094e-001 -1.048295e+000 -5.888029e-001 -3.069823e-001 -9.970823e-001 -9.966250e-001 -4.693031e-001 
6.593429e+000 1.735575e+001 1.009404e+000 5.659295e+000 6.043737e-001 -2.761715e+000 -2.494031e+000 -2.577980e+000 -6.088869e-001 -6.613283e-001 -1.061373e+000 -7.732310e-001 2.593411e-001 -4.310493e-001 -1.118144e+000 5.238595e-002 -1.454760e-001 -4.704221e-001 -9.862171e-001 -7.278303e-001 -8.550596e-002 -1.183892e+000 -9.920546e-001 -5.044598e-001 
4.064619e+000 2.029971e+001 -1.573505e+000 7.810653e+000 -4.977336e-001 -2.639245e+000 -1.989103e+000 -2.958705e+000 -1.695258e-001 -1.315260e+000 -5.069352e-001 -1.305321e+000 1.839375e-001 -1.105779e-001 -1.248060e+000 4.986091e-001 -4.568376e-001 -3.819772e-001 -7.908019e-001 -1.366667e+000 5.857757e-001 -1.636333e+000 -7.504640e-001 -6.329798e-001 
