4.300746e+000 1.355603e+001 -5.518655e+000 -1.038212e-002 4.946365e-001 1.547546e+000 -7.647199e-001 -1.579277e+000 7.376356e-001 1.229396e+000 -4.798009e+000 -6.320943e-001 -2.062660e+000 -1.930437e+000 -1.572223e+000 2.532650e-001 -8.443148e-001 -2.010066e+000 7.033626e-001 2.388440e-001 -6.854168e-001 7.197646e-001 5.588619e-001 -5.192641e-001 
4.710022e+000 1.376617e+001 -5.247737e+000 7.729857e-001 -4.771953e-001 1.701071e+000 -2.313245e+000 -1.920991e+000 3.232961e-001 -4.423593e-002 -4.544344e+000 -3.038032e-002 -8.582112e-001 -1.168756e+000 -8.017608e-001 5.818827e-001 -6.739134e-001 -2.452731e+000 6.775169e-001 -3.819771e-001 -1.055304e+000 1.152489e-001 1.601536e-001 -7.498801e-001 
3.325703e+000 1.447975e+001 -5.696549e+000 1.865646e+000 -3.474808e-001 7.375121e-001 -1.631041e+000 -3.196395e+000 -2.622285e-001 7.860146e-001 -4.218617e+000 5.737327e-001 -9.569722e-001 -1.693351e+000 -8.568753e-001 -5.574351e-001 -3.849162e-001 -2.167479e+000 3.317812e-001 -5.888567e-001 -5.099938e-001 1.574907e-001 6.251332e-001 -6.153264e-001 
3.704739e+000 1.478564e+001 -5.127567e+000 8.580469e-001 -9.441745e-001 4.822541e-001 -1.170080e+000 -2.695341e+000 2.184480e-001 1.467975e+000 -4.019919e+000 -5.206492e-001 -9.727834e-001 -1.284807e+000 -5.236371e-001 3.684158e-002 5.822350e-002 -1.684367e+000 2.747147e-002 -7.564085e-001 -8.124030e-001 2.498888e-002 3.216943e-001 -6.071799e-001 
3.666405e+000 1.348461e+001 -4.169893e+000 4.167375e-001 -7.105672e-001 2.162474e+000 -1.557023e+000 -2.772527e+000 -4.281253e-001 1.925817e+000 -4.576966e+000 -1.047118e+000 -7.867990e-001 -5.852096e-001 -1.439341e+000 -2.870956e-001 -1.044885e+000 -1.543953e+000 1.140068e-001 -2.566978e-001 -1.683782e-001 2.434623e-001 1.655914e-001 -8.375177e-001 
4.321317e+000 1.329021e+001 -4.590153e+000 -8.565413e-002 1.178620e-001 1.367523e+000 -1.851143e+000 -2.901830e+000 9.621503e-002 8.273236e-001 -3.915184e+000 -5.965876e-001 -1.417613e+000 -1.592577e+000 -2.175140e+000 7.975267e-001 -9.926351e-001 -1.887677e+000 7.350792e-001 -6.555210e-001 -6.276324e-001 2.701028e-001 1.761739e-001 -7.460496e-001 
4.563148e+000 1.369234e+001 -3.063670e+000 -3.468193e-001 -3.882552e-001 8.346078e-001 -2.582835e+000 -4.394519e+000 -1.118489e+000 1.157233e+000 -4.282482e+000 -3.273059e-001 -1.314182e+000 -1.463098e-001 -1.684483e+000 3.275509e-001 -7.100207e-001 -1.713654e+000 -7.217189e-001 -5.647922e-001 -9.930354e-001 -2.219381e-001 -3.975292e-002 -1.548693e-001 
4.116814e+000 1.506022e+001 -3.385996e+000 8.636734e-001 2.814666e-001 1.060512e+000 -2.330840e+000 -3.915840e+000 -5.095028e-001 8.862472e-001 -4.016986e+000 -3.809885e-001 -9.759739e-001 -3.607867e-001 -1.732655e+000 5.577722e-001 -7.959712e-001 -2.308236e+000 2.172240e-001 -5.865944e-001 -8.376278e-001 4.921566e-003 -1.633795e-003 -6.462937e-001 
4.562715e+000 1.457390e+001 -5.424875e+000 7.798309e-001 -1.148301e+000 8.506262e-001 -2.253477e+000 -3.142604e+000 4.273627e-002 5.981665e-001 -4.258567e+000 -4.616741e-001 -7.614373e-001 -7.040924e-001 -8.842036e-001 1.598666e-001 -7.889070e-001 -2.310591e+000 7.090616e-001 -5.910717e-001 -7.767718e-001 -1.250379e-001 -5.955875e-003 -1.133386e+000 
3.941669e+000 1.566185e+001 -5.191237e+000 1.312724e+000 -9.988313e-002 -2.396770e-002 -1.849302e+000 -3.458516e+000 -2.311613e-001 1.074624e+000 -3.566149e+000 -1.432071e-001 -1.129876e+000 -1.438721e+000 -8.678076e-001 -2.095910e-001 -4.327322e-001 -2.314218e+000 3.299959e-001 -5.546915e-001 -8.063346e-001 1.191674e-001 4.577178e-001 -6.932210e-001 
4.387842e+000 1.349810e+001 -4.576441e+000 5.868269e-001 -9.959164e-001 -2.315530e-002 -3.034196e+000 -3.794384e+000 -1.241867e+000 1.238035e+000 -4.526955e+000 -6.706847e-001 -1.523003e+000 -1.765746e+000 -1.267524e+000 1.135765e-001 -5.217642e-001 -2.165911e+000 -2.615623e-001 -8.913071e-001 -1.087696e+000 -2.206079e-002 3.348162e-001 -6.007501e-001 
