-1.075150e+000 2.567871e+001 -3.465806e-001 2.449057e+000 1.890304e+000 -2.794334e+000 -3.661024e+000 -2.933152e+000 -1.608127e+000 -2.972676e+000 -2.038117e+000 -1.258679e+000 -1.959627e+000 -2.366890e+000 -4.122438e-001 9.526187e-001 -4.297773e-001 -2.844844e+000 -2.498237e+000 -2.540210e-001 -8.746898e-002 -9.918588e-001 -8.812532e-001 -1.328013e+000 -9.050509e-001 -3.577890e-001 -2.074363e-002 1.123540e+000 9.237601e-001 4.881954e-001 9.133096e-001 -3.710103e-001 -1.115608e+000 -3.387005e-001 -1.131053e-001 -1.608778e-001 
2.840066e+000 1.918836e+001 3.944990e+000 1.462565e+000 4.517399e-001 -2.508231e+000 -3.824105e+000 -3.166653e+000 -2.033190e+000 -2.045705e+000 -2.485071e+000 -2.627100e+000 -2.669462e+000 -2.456074e+000 -8.496956e-001 2.190308e-001 -1.284172e+000 -3.032349e+000 -2.438022e+000 -7.707218e-001 -2.455146e-001 -9.394760e-001 -1.262995e+000 -8.585510e-001 -6.762239e-001 -7.283989e-001 -8.935860e-002 7.160890e-001 7.964309e-001 6.873876e-001 2.866009e-001 -7.818216e-001 -1.216528e+000 -6.132150e-001 -7.235582e-002 4.910547e-002 
-1.785741e+000 2.342369e+001 3.482652e+000 3.090525e+000 4.245275e-001 -3.109076e+000 -2.545341e+000 -2.570423e+000 -1.495448e+000 -1.464648e+000 -2.435123e+000 -2.593409e+000 -2.361040e+000 -2.837682e+000 -4.335109e-001 1.643776e+000 -6.085106e-001 -2.708467e+000 -1.921012e+000 -9.151636e-001 -5.200511e-001 -7.101513e-001 -1.296448e+000 -9.530182e-001 -1.155219e-001 -3.421590e-001 -8.738459e-002 1.169776e+000 8.540742e-001 2.592668e-001 4.383016e-001 -5.880885e-001 -1.035223e+000 -2.186455e-001 4.270839e-003 1.496275e-001 
1.018377e+000 2.044049e+001 4.571094e+000 2.216379e+000 6.098900e-001 -2.334483e+000 -2.621850e+000 -2.143484e+000 -2.057021e+000 -2.166685e+000 -2.140528e+000 -2.586285e+000 -2.939402e+000 -2.240760e+000 -5.150856e-002 1.141551e+000 -2.743292e-001 -2.226172e+000 -2.310013e+000 -1.161914e+000 -6.285413e-001 -1.097573e+000 -1.369442e+000 -8.544440e-001 -3.399506e-001 -2.974387e-001 2.922116e-001 9.907768e-001 6.202398e-001 2.219177e-001 1.381079e-001 -5.206985e-001 -8.236369e-001 -1.955314e-001 3.591300e-001 3.506626e-001 
-4.451515e+000 2.719061e+001 3.090998e-001 3.454323e+000 1.262916e+000 -2.554597e+000 -1.876804e+000 -2.861204e+000 -1.211846e+000 -2.463492e+000 -2.240726e+000 -3.286921e+000 -2.118967e+000 -1.880451e+000 1.203411e-001 1.536736e+000 2.867795e-001 -2.231994e+000 -2.070949e+000 -1.078745e+000 -1.192622e+000 -1.672908e+000 -1.231928e+000 -8.352284e-001 4.841658e-002 -5.733060e-001 -2.212022e-002 1.318052e+000 9.210338e-001 2.166223e-001 2.555914e-002 -5.122007e-001 -2.123019e-001 1.687986e-002 -3.078981e-002 -2.160490e-001 
-3.382654e-001 2.127952e+001 2.135100e+000 1.994036e+000 2.540633e+000 -1.699797e+000 -3.750651e+000 -3.071218e+000 -2.163929e+000 -2.078080e+000 -2.384773e+000 -2.982357e+000 -2.332794e+000 -1.362552e+000 -2.819765e-001 8.094909e-001 5.113247e-001 -1.397424e+000 -2.521493e+000 -2.208634e+000 -1.510325e+000 -1.635508e+000 -1.745480e+000 -1.020637e+000 -2.634785e-001 -2.229376e-001 -8.154570e-002 4.485225e-001 5.763582e-001 4.044613e-001 5.240327e-002 -3.649238e-001 5.039061e-003 3.134242e-001 1.699380e-002 -1.343564e-001 
-2.753684e+000 2.391426e+001 -1.089257e-001 1.989649e+000 2.606555e+000 -2.502121e+000 -3.675010e+000 -2.761940e+000 -1.420129e+000 -1.732791e+000 -2.769106e+000 -3.909407e+000 -2.175513e+000 -1.741369e+000 -9.245530e-001 1.118274e+000 2.758471e-001 -2.550188e+000 -3.038503e+000 -1.727204e+000 -8.369045e-001 -1.423099e+000 -2.212485e+000 -9.953043e-001 5.426219e-002 -6.988105e-001 -9.255001e-001 8.535392e-002 3.609735e-001 3.413772e-001 4.891220e-001 -1.765600e-001 -3.774953e-001 5.637320e-001 3.452413e-001 -3.517060e-001 
-5.544697e+000 2.761092e+001 -2.553657e+000 4.210114e+000 3.313341e+000 -3.905170e+000 -2.802254e+000 -3.943000e+000 -9.353750e-001 -2.166352e+000 -1.325827e+000 -3.880734e+000 -1.212109e+000 -1.093209e+000 -1.084563e+000 6.288762e-001 1.597904e-001 -1.470963e+000 -2.943906e+000 -1.494156e+000 -1.206727e+000 -1.316522e+000 -2.609998e+000 -1.327379e+000 6.053589e-001 -4.444953e-001 -4.477047e-001 3.571229e-001 1.651589e-001 -1.679787e-001 8.152337e-001 -1.634161e-001 9.043824e-003 1.013389e+000 -2.136898e-001 -2.139798e-001 
-2.834054e+000 2.324662e+001 -6.222379e-001 4.248598e+000 3.202588e+000 -2.979999e+000 -2.784834e+000 -2.664620e+000 -1.334981e+000 -1.570138e+000 -3.067060e+000 -3.470084e+000 -1.495577e+000 -6.593141e-001 -5.257180e-001 6.433285e-001 7.107273e-001 -1.891376e+000 -2.719992e+000 -1.437942e+000 -1.024747e+000 -1.305335e+000 -2.179891e+000 -1.674595e+000 2.139870e-001 1.942158e-001 -4.658772e-001 3.278425e-001 2.647782e-001 -6.946410e-002 4.760098e-001 2.580676e-001 1.693565e-001 6.462244e-001 -2.391905e-002 -5.927969e-001 
2.981734e-001 1.924093e+001 1.814918e+000 3.347362e+000 2.827847e+000 -2.584683e+000 -3.540131e+000 -2.504786e+000 -1.830100e+000 -1.547730e+000 -2.601122e+000 -3.246291e+000 -1.210105e+000 -2.287453e-001 -8.337049e-001 -9.377479e-002 4.718880e-001 -1.306280e+000 -2.832943e+000 -1.942396e+000 -5.105354e-001 -1.031965e+000 -2.163564e+000 -1.484869e+000 -1.791330e-001 -2.646379e-001 -3.174279e-001 2.146035e-001 9.180294e-002 2.037198e-001 7.573704e-001 3.868567e-001 1.733531e-001 4.683279e-001 -1.214818e-001 -6.990836e-001 
-1.957384e+000 1.991457e+001 1.426565e+000 3.106033e+000 2.523706e+000 -2.453111e+000 -4.052488e+000 -3.845582e+000 -1.906450e+000 -1.110262e+000 -2.667621e+000 -3.821077e+000 -2.006465e+000 -6.575942e-001 -8.522417e-001 -7.034077e-002 4.955172e-001 -1.697893e+000 -3.127323e+000 -2.156197e+000 -1.146050e+000 -1.239352e+000 -2.068955e+000 -1.840155e+000 -2.822144e-001 -2.555183e-001 -7.094212e-001 -3.814133e-002 1.452151e-002 2.353268e-001 7.869400e-001 9.199699e-002 1.941298e-002 5.966268e-001 -5.667275e-002 -4.917105e-001 
-3.625446e+000 2.189476e+001 1.160820e-001 3.811969e+000 2.234009e+000 -2.873595e+000 -4.322792e+000 -3.983251e+000 -1.247418e+000 -1.579933e+000 -2.738309e+000 -4.212164e+000 -2.215484e+000 -1.942796e-001 -1.001572e+000 -1.505469e-001 5.589204e-001 -2.143685e+000 -3.177294e+000 -1.957308e+000 -1.374096e+000 -1.276351e+000 -2.178405e+000 -2.181355e+000 -1.271589e-001 -6.562145e-002 -7.985377e-001 1.938891e-001 -2.775918e-001 -1.997398e-001 9.221558e-001 1.186484e-002 1.221116e-001 7.901632e-001 -2.523891e-001 -2.375465e-001 
-2.505294e+000 2.121736e+001 9.796111e-001 3.909105e+000 2.109509e+000 -2.347822e+000 -3.684184e+000 -4.017910e+000 -1.554848e+000 -7.948246e-001 -2.547439e+000 -4.045673e+000 -1.392017e+000 1.327856e-001 -9.965658e-001 -2.495270e-001 2.934530e-001 -1.888572e+000 -2.851305e+000 -2.006391e+000 -8.763827e-001 -7.849960e-001 -2.103934e+000 -1.855249e+000 9.233070e-002 -1.671773e-001 -9.554223e-001 -3.206863e-002 -2.187649e-002 2.238363e-001 9.940447e-001 7.574090e-002 3.257169e-001 6.517936e-001 -4.123413e-001 1.127870e-002 
-4.457758e+000 2.315219e+001 -9.369459e-001 5.271514e+000 1.191666e+000 -2.156791e+000 -3.930168e+000 -5.113166e+000 -1.012881e+000 -1.737636e+000 -1.995962e+000 -4.530135e+000 -1.202412e+000 4.528837e-001 -1.194897e+000 -7.125473e-001 7.703881e-003 -2.244639e+000 -2.823770e+000 -2.148970e+000 -1.290095e+000 -2.915364e-001 -2.151338e+000 -1.998572e+000 1.171415e-002 -3.514452e-001 -1.058684e+000 -3.737013e-001 -1.370868e-001 1.534997e-001 1.101999e+000 -1.360054e-002 5.735051e-001 7.744536e-001 -8.874843e-001 1.432224e-001 
1.242586e-001 1.871656e+001 1.753080e+000 3.902935e+000 1.240538e+000 -2.512792e+000 -4.071103e+000 -4.905153e+000 -2.256121e+000 -5.606548e-001 -1.666463e+000 -3.488214e+000 -1.744682e+000 2.762415e-001 -1.106427e+000 -1.640524e+000 -6.861300e-001 -1.353088e+000 -2.560889e+000 -2.613660e+000 -9.686994e-001 -4.655158e-002 -1.808469e+000 -2.396067e+000 -2.147024e-001 -1.298939e-001 -1.349329e+000 -7.218330e-001 3.365410e-002 6.050209e-001 7.707834e-001 4.002455e-002 5.393502e-001 6.888545e-001 -3.182202e-001 -1.432301e-001 
-2.484152e+000 2.300649e+001 -1.603585e+000 5.689233e+000 -5.243361e-001 -2.470524e+000 -5.089388e+000 -6.196385e+000 8.445926e-002 -1.173001e+000 -1.653441e+000 -4.153665e+000 -1.677111e+000 -3.675570e-002 -2.016990e+000 -1.662914e+000 -5.094858e-001 -1.513818e+000 -2.794411e+000 -2.424812e+000 -1.276460e+000 -1.607127e-001 -1.880138e+000 -2.919893e+000 -2.932401e-001 -1.566966e-001 -1.098126e+000 -6.220750e-001 4.871907e-002 1.679582e-001 4.224336e-001 8.681143e-002 4.436431e-001 8.949415e-001 -4.422233e-001 8.386076e-002 
-1.060515e+000 2.067916e+001 5.282740e-001 5.912785e+000 -4.674318e-001 -2.908807e+000 -3.520033e+000 -4.787443e+000 -6.204656e-001 -7.183620e-001 -2.479990e+000 -3.581529e+000 -1.985148e+000 -4.036227e-001 -7.399268e-001 -9.163572e-001 -1.821445e-001 -1.040156e+000 -2.353229e+000 -2.129519e+000 -1.405568e+000 -9.207846e-001 -1.821164e+000 -2.185316e+000 -2.025607e-001 1.073265e-001 -8.454782e-001 -1.274315e-001 4.249764e-001 -1.531514e-001 1.891067e-001 3.908914e-001 4.622141e-001 5.470712e-001 -1.105727e-001 2.456820e-001 
1.089845e+000 1.977967e+001 2.486558e+000 4.674527e+000 -1.580268e+000 -2.858333e+000 -3.317101e+000 -3.817840e+000 -1.075060e-001 -4.797141e-002 -1.735888e+000 -3.727364e+000 -1.982155e+000 -9.844042e-001 -1.516503e+000 3.029963e-001 4.534894e-001 -4.395811e-001 -1.190653e+000 -1.587880e+000 -1.420241e+000 -2.280402e+000 -2.219135e+000 -1.594678e+000 -2.962209e-001 2.907925e-001 -2.736442e-001 7.784445e-001 6.219299e-001 -5.313445e-001 2.760839e-001 5.233461e-001 2.487869e-001 2.001264e-001 9.326161e-002 4.226597e-001 
6.162644e+000 1.903009e+001 2.918005e+000 1.751325e+000 -2.670945e-001 -3.737863e+000 -4.237634e+000 -2.679125e+000 -1.315843e+000 -1.955194e+000 -1.688983e+000 -1.395149e+000 -2.321680e+000 -2.711842e+000 -1.254700e+000 5.243768e-001 -6.612967e-002 -1.906445e+000 -1.963362e+000 -8.402250e-001 -7.315340e-001 -1.229039e+000 -1.007552e+000 -5.414550e-001 -5.096707e-002 1.988115e-001 4.301462e-001 5.097128e-001 -3.296407e-001 -2.381978e-001 7.823370e-001 1.339096e-001 -6.890363e-001 -2.158683e-001 3.356476e-003 -2.723721e-001 
5.060688e-001 2.274844e+001 1.963923e+000 1.660227e+000 1.707911e+000 -2.743715e+000 -3.816229e+000 -2.643421e+000 -1.894211e+000 -2.592344e+000 -2.181257e+000 -1.442740e+000 -1.862226e+000 -2.385243e+000 -5.479183e-001 8.844569e-001 -7.638632e-001 -3.143167e+000 -2.581618e+000 -4.181728e-001 1.603779e-001 -6.804269e-001 -1.119962e+000 -1.082059e+000 -7.266744e-001 -6.434527e-001 -1.499640e-001 9.224427e-001 1.003415e+000 7.462776e-001 6.810053e-001 -5.122242e-001 -1.043869e+000 -3.280889e-001 -2.377071e-001 -3.789391e-001 
1.304128e+000 2.043727e+001 3.815939e+000 1.716114e+000 4.840734e-001 -2.726934e+000 -3.605876e+000 -2.809665e+000 -1.729241e+000 -1.932589e+000 -2.510670e+000 -2.599276e+000 -2.589508e+000 -2.529149e+000 -7.323993e-001 5.472219e-001 -1.113188e+000 -3.000933e+000 -2.335601e+000 -7.485779e-001 -2.746614e-001 -8.537568e-001 -1.137639e+000 -8.561619e-001 -6.131071e-001 -5.735299e-001 2.678566e-002 7.820570e-001 7.413519e-001 5.964778e-001 3.402676e-001 -7.255223e-001 -1.203640e+000 -5.271237e-001 2.349753e-002 8.440376e-002 
-5.718437e+000 2.729655e+001 8.354604e-001 4.438327e+000 -1.786128e-001 -3.707954e+000 -1.513175e+000 -3.637110e+000 -7.964080e-001 -2.556725e+000 -1.814941e+000 -3.316111e+000 -1.894561e+000 -3.244315e+000 -5.026608e-001 1.739709e+000 -6.457638e-001 -2.623858e+000 -2.334335e+000 -1.117826e+000 -5.403044e-001 -8.689350e-001 -1.195916e+000 -9.672419e-001 -2.636411e-001 -4.266231e-001 -2.336729e-001 1.063290e+000 1.003829e+000 1.687903e-001 5.454043e-001 -8.551416e-001 -1.168579e+000 8.115634e-002 -4.963468e-002 2.648330e-001 
-7.297610e-001 2.189778e+001 3.958247e+000 2.288814e+000 1.013609e+000 -2.605802e+000 -2.771075e+000 -2.054006e+000 -1.818080e+000 -1.926118e+000 -2.193525e+000 -2.993913e+000 -3.061606e+000 -2.075434e+000 6.164388e-002 1.223365e+000 -1.557429e-001 -2.201058e+000 -2.274027e+000 -1.164352e+000 -7.651733e-001 -1.241149e+000 -1.376996e+000 -7.985471e-001 -3.222243e-001 -2.922660e-001 2.619863e-001 9.781804e-001 7.222875e-001 2.587037e-001 1.128465e-002 -5.788622e-001 -6.916729e-001 -4.951826e-002 2.884483e-001 1.874626e-001 
-3.873398e+000 2.520334e+001 8.944480e-001 2.760306e+000 1.775266e+000 -2.382913e+000 -2.243000e+000 -2.810058e+000 -2.043092e+000 -2.645298e+000 -2.877378e+000 -3.294553e+000 -2.206115e+000 -1.789088e+000 -1.574427e-001 1.588730e+000 2.153843e-001 -2.217147e+000 -2.348942e+000 -1.421997e+000 -1.436147e+000 -1.718867e+000 -1.643059e+000 -8.726353e-001 -2.306731e-001 -6.491398e-001 1.562231e-002 1.272343e+000 7.154305e-001 1.694366e-001 -1.773620e-002 -3.960074e-001 -1.869798e-001 -5.278177e-004 -1.922196e-001 -3.261246e-001 
-4.954685e-001 2.143775e+001 2.123998e+000 1.776566e+000 2.729539e+000 -1.653602e+000 -3.961661e+000 -3.017943e+000 -1.993685e+000 -2.136293e+000 -2.347143e+000 -2.761622e+000 -2.217234e+000 -1.436516e+000 -3.700294e-001 6.583970e-001 4.312079e-001 -1.292620e+000 -2.434611e+000 -2.171083e+000 -1.395427e+000 -1.545286e+000 -1.752472e+000 -1.085350e+000 -3.029409e-001 -2.484774e-001 -1.569716e-001 3.974135e-001 6.346955e-001 5.051112e-001 1.596178e-001 -3.243497e-001 -6.352567e-002 2.722263e-001 -2.730674e-002 -2.041636e-001 
1.046222e-001 2.065369e+001 1.776706e+000 1.756983e+000 2.657034e+000 -1.485281e+000 -3.459851e+000 -2.622576e+000 -1.317950e+000 -1.533882e+000 -2.921665e+000 -3.419161e+000 -1.936975e+000 -1.320808e+000 -6.608027e-001 1.072247e+000 6.023110e-001 -2.232658e+000 -3.038147e+000 -1.568790e+000 -6.728282e-001 -1.442013e+000 -2.004440e+000 -8.614394e-001 1.529423e-001 -5.395219e-001 -8.373389e-001 6.684857e-002 4.665501e-001 4.789249e-001 6.020254e-001 -6.940618e-002 -3.182747e-001 4.962462e-001 3.594275e-001 -3.989651e-001 
-6.528941e+000 2.711610e+001 -2.821650e+000 3.684641e+000 3.116859e+000 -4.479430e+000 -2.638433e+000 -4.600777e+000 -1.261784e+000 -2.211516e+000 -2.263582e+000 -4.283839e+000 -1.703605e+000 -1.165027e+000 -1.091711e+000 3.838185e-002 9.704859e-002 -2.208544e+000 -3.420402e+000 -1.410952e+000 -1.344132e+000 -1.233183e+000 -2.882973e+000 -1.566197e+000 5.174043e-001 -7.944719e-001 -7.086612e-001 3.056531e-001 -1.437584e-001 -2.836449e-001 5.970103e-001 -1.174435e-002 -5.347358e-002 1.009386e+000 -3.652396e-001 -2.801932e-001 
6.859971e-001 1.934440e+001 1.442804e+000 3.067059e+000 3.030464e+000 -2.250214e+000 -3.192276e+000 -2.229003e+000 -1.598516e+000 -1.610765e+000 -2.885205e+000 -3.384483e+000 -1.328019e+000 -5.033300e-001 -7.617093e-001 4.799919e-001 7.117273e-001 -1.608463e+000 -2.640457e+000 -1.569629e+000 -8.650441e-001 -1.444611e+000 -2.147467e+000 -1.357702e+000 8.559751e-002 3.553563e-003 -4.105054e-001 2.119797e-001 3.459755e-001 1.836795e-001 5.462492e-001 2.727318e-001 -4.532746e-003 5.129897e-001 1.400687e-001 -6.449858e-001 
-4.923861e+000 2.394029e+001 -1.084917e+000 4.333771e+000 3.537896e+000 -3.633738e+000 -3.460916e+000 -2.835260e+000 -1.496466e+000 -1.858207e+000 -2.205801e+000 -4.123463e+000 -1.269946e+000 4.819460e-002 -9.608867e-001 5.730488e-002 3.639496e-001 -1.866409e+000 -2.730504e+000 -1.845378e+000 -8.658145e-001 -8.994414e-001 -2.101766e+000 -1.937995e+000 1.957156e-001 -1.906203e-001 -7.331805e-001 4.586327e-001 -2.264351e-001 1.234900e-002 1.195338e+000 -1.324926e-001 3.163416e-001 8.325131e-001 -6.055512e-001 -1.291953e-001 
-6.379151e+000 2.432984e+001 -1.127582e+000 4.394113e+000 2.626195e+000 -3.179777e+000 -3.695670e+000 -4.411580e+000 -1.229711e+000 -1.474098e+000 -2.226957e+000 -4.600022e+000 -1.805494e+000 -2.125053e-001 -1.004372e+000 1.090165e-001 4.545467e-001 -2.043483e+000 -3.140051e+000 -2.014990e+000 -1.333706e+000 -1.035447e+000 -2.049315e+000 -1.990411e+000 -1.244529e-001 -3.413005e-001 -8.126334e-001 2.518595e-001 -2.964990e-001 8.337091e-002 1.223850e+000 -1.594768e-001 4.141101e-002 8.879823e-001 -4.730731e-001 -2.319097e-001 
-9.701503e-001 1.950743e+001 1.823610e+000 3.111320e+000 2.466951e+000 -2.242232e+000 -3.928542e+000 -3.340859e+000 -1.441875e+000 -1.023023e+000 -2.672215e+000 -3.798516e+000 -1.595254e+000 -1.293651e-001 -8.562463e-001 -5.895863e-002 4.969812e-001 -1.591261e+000 -2.784624e+000 -1.911923e+000 -1.020626e+000 -1.216048e+000 -2.098094e+000 -1.733308e+000 -6.510786e-002 -4.547738e-003 -6.213065e-001 1.169244e-002 4.953163e-002 1.417982e-001 8.134684e-001 1.843530e-001 1.063962e-001 6.351869e-001 6.435056e-003 -2.745148e-001 
-6.081619e+000 2.466191e+001 -1.898392e+000 5.509559e+000 1.288775e+000 -2.571933e+000 -3.411180e+000 -5.313548e+000 -8.553175e-001 -1.605658e+000 -1.881715e+000 -5.085730e+000 -1.102175e+000 -1.289483e-001 -1.291801e+000 -2.241726e-001 1.409797e-001 -2.055502e+000 -3.187004e+000 -1.935754e+000 -1.320786e+000 -5.988380e-001 -2.305899e+000 -1.847921e+000 -1.479054e-002 -4.548411e-001 -8.478095e-001 -2.447172e-001 -1.203897e-001 5.328717e-002 1.190100e+000 -2.558384e-001 3.342987e-001 8.011309e-001 -5.187988e-001 1.261852e-002 
-1.167798e+000 1.934353e+001 1.873101e+000 3.567937e+000 1.907019e+000 -1.903677e+000 -4.176230e+000 -4.519432e+000 -1.579544e+000 -8.340853e-001 -2.410782e+000 -3.599448e+000 -1.353473e+000 3.218334e-001 -1.076226e+000 -6.662457e-001 -6.111078e-002 -1.890505e+000 -2.531299e+000 -2.184623e+000 -1.225700e+000 -4.157539e-001 -1.742469e+000 -1.963689e+000 -3.977952e-002 -1.433617e-001 -1.156204e+000 -4.893213e-001 6.089912e-002 5.219459e-001 8.743280e-001 1.393968e-001 5.336548e-001 5.526328e-001 -4.808293e-001 4.147576e-002 
-2.478936e+000 2.166335e+001 -3.762462e-001 5.636106e+000 6.202206e-001 -2.639880e+000 -4.032132e+000 -5.702499e+000 -1.287120e+000 -5.176641e-001 -1.294475e+000 -3.745434e+000 -1.837213e+000 5.096863e-001 -1.318101e+000 -1.584292e+000 -4.960901e-001 -1.491824e+000 -2.486553e+000 -2.623477e+000 -7.440005e-001 1.428258e-001 -1.983616e+000 -2.557392e+000 -5.268337e-002 -9.299382e-002 -1.247649e+000 -6.742154e-001 6.372918e-002 4.243538e-001 7.826887e-001 9.419610e-002 6.337798e-001 7.881280e-001 -5.195734e-001 -7.109897e-002 
-6.990146e-001 2.091468e+001 2.146400e-001 4.760717e+000 2.459456e-001 -2.671414e+000 -4.952384e+000 -5.279127e+000 -1.729314e-001 -5.054499e-001 -2.285514e+000 -3.653393e+000 -1.569698e+000 2.397330e-001 -1.638984e+000 -1.639527e+000 -3.027400e-001 -1.488623e+000 -2.450671e+000 -2.251955e+000 -1.195469e+000 -1.277790e-001 -1.679521e+000 -2.597351e+000 -2.701368e-001 -2.012883e-002 -1.203784e+000 -5.262626e-001 2.381182e-001 2.981749e-001 5.583108e-001 3.899234e-002 4.624300e-001 7.381686e-001 -2.896124e-001 1.492623e-001 
9.386184e-001 1.810985e+001 2.451220e+000 4.513739e+000 -3.880810e-002 -3.029961e+000 -3.266798e+000 -4.155203e+000 -1.429884e+000 -6.083637e-001 -2.356548e+000 -3.152069e+000 -1.872136e+000 -7.071607e-001 -8.666705e-001 -7.141062e-001 -2.808363e-001 -9.844268e-001 -1.857036e+000 -1.946503e+000 -1.450385e+000 -1.383959e+000 -1.991386e+000 -1.847693e+000 -3.217896e-001 7.331632e-002 -6.196072e-001 -4.194300e-003 4.479614e-001 -1.878551e-001 1.187510e-001 5.108282e-001 4.021243e-001 3.167890e-001 1.489762e-001 2.228830e-001 
