1.359503e+001 1.241770e+001 -1.883203e+000 3.854014e+000 -1.676432e+000 -2.600647e+000 -1.293197e+000 1.167080e+000 2.633188e-001 -2.201044e-001 -9.324725e-001 -1.003936e+000 
1.343173e+001 1.293505e+001 -2.100167e+000 3.592768e+000 -1.524316e+000 -2.605050e+000 -1.121342e+000 9.480283e-001 1.904149e-001 -3.468302e-001 -7.489084e-001 -9.138326e-001 
1.301157e+001 1.343394e+001 -1.486931e+000 2.591247e+000 -1.320408e+000 -2.811451e+000 -1.104527e+000 8.478218e-001 4.277709e-001 -3.922844e-001 -7.106753e-001 -8.938624e-001 
1.122756e+001 1.451652e+001 -5.071043e-001 2.222925e+000 -2.023067e+000 -2.209057e+000 -1.701822e+000 9.693784e-001 5.949615e-001 -3.306254e-001 -1.040856e+000 -6.304310e-001 
7.260872e+000 1.551632e+001 -7.993104e-001 4.195099e+000 -1.534333e+000 -1.796643e+000 -9.349272e-001 6.428948e-001 -7.091222e-001 -8.053218e-002 -6.789693e-001 -3.515704e-001 
7.341241e+000 1.218564e+001 1.068530e+000 3.741579e+000 9.122473e-001 -1.840313e+000 -4.332806e-001 8.257516e-001 -1.235916e-001 -1.824450e-001 2.794561e-001 4.304039e-001 
9.218105e+000 1.154482e+001 1.338939e+000 2.762812e+000 9.893686e-001 -1.854993e+000 -3.100464e-001 1.098296e+000 1.446052e-001 -4.115741e-001 1.971168e-001 5.780407e-001 
8.203876e+000 1.378414e+001 1.253931e+000 3.120582e+000 2.189826e-001 -2.269640e+000 -1.115338e+000 1.721073e-001 -4.715649e-001 -2.941798e-001 4.046674e-001 5.231973e-001 
8.684909e+000 1.262322e+001 2.871672e+000 3.546858e+000 4.642974e-002 -2.779590e+000 -1.473969e+000 -4.301032e-001 -9.253746e-001 -6.069802e-002 7.994441e-001 2.060638e-001 
8.176358e+000 1.348485e+001 2.364974e+000 3.453991e+000 -1.305058e-001 -2.631176e+000 -1.507895e+000 -2.548683e-001 -7.770877e-001 -2.573308e-001 5.790730e-001 4.492879e-001 
7.181768e+000 1.385114e+001 2.344282e+000 3.793051e+000 -2.930796e-001 -2.134954e+000 -1.530972e+000 -3.726697e-001 -8.577732e-001 -2.541979e-001 4.464759e-001 7.011029e-001 
7.496750e+000 1.300473e+001 2.508111e+000 3.867352e+000 4.400548e-001 -2.367423e+000 -1.442390e+000 -6.857259e-001 -8.861438e-001 -1.299280e-001 6.684257e-001 5.613864e-001 
6.619274e+000 1.439009e+001 1.241375e+000 4.447590e+000 -6.162717e-002 -2.358024e+000 -1.294476e+000 2.040121e-002 -1.275866e+000 -2.055192e-001 6.085842e-001 2.839582e-001 
7.139354e+000 1.303430e+001 2.273345e+000 4.045797e+000 7.832488e-001 -2.531054e+000 -1.429040e+000 -3.021606e-001 -1.114751e+000 -3.725761e-001 8.257083e-001 3.681558e-001 
8.445684e+000 1.181697e+001 2.835677e+000 3.573831e+000 9.192394e-001 -2.126741e+000 -1.535927e+000 -5.535504e-001 -6.958438e-001 -5.439327e-001 2.863111e-001 6.468574e-001 
6.468151e+000 1.419988e+001 1.053625e+000 4.832222e+000 5.927000e-001 -1.912912e+000 -1.922828e+000 -4.635656e-001 -3.071530e-001 -6.964462e-001 -1.313086e-001 8.506544e-001 
1.274954e+001 1.175940e+001 2.774277e-001 2.935833e+000 -8.304348e-001 -2.725584e+000 -6.961082e-001 5.470297e-001 1.744593e-001 -5.833211e-001 -9.159975e-001 -7.497681e-001 
1.258442e+001 1.355308e+001 -2.977366e+000 4.808217e+000 -2.569479e+000 -1.787005e+000 -1.986690e+000 1.728341e+000 -1.401775e-001 9.461373e-002 -1.146582e+000 -9.259438e-001 
1.334053e+001 1.270233e+001 -1.882917e+000 3.506106e+000 -1.535577e+000 -2.571340e+000 -1.069915e+000 9.194714e-001 2.141393e-001 -3.602118e-001 -8.010437e-001 -8.106515e-001 
1.319451e+001 1.293209e+001 -1.220965e+000 2.431268e+000 -1.110908e+000 -2.950761e+000 -9.936314e-001 8.150729e-001 4.258016e-001 -4.525208e-001 -6.932590e-001 -8.667225e-001 
1.082713e+001 1.509789e+001 -1.406850e+000 2.891626e+000 -2.535079e+000 -1.844056e+000 -2.066744e+000 1.267136e+000 4.474794e-001 -1.842443e-001 -1.121454e+000 -6.359127e-001 
1.005163e+001 1.253223e+001 1.698951e+000 2.167227e+000 -6.693854e-001 -2.672019e+000 -5.826794e-001 3.586729e-001 -1.747691e-001 -3.820906e-001 -6.341595e-001 -5.995104e-001 
6.284671e+000 1.331589e+001 2.445915e-001 4.162376e+000 4.506186e-001 -1.504346e+000 -6.386213e-001 9.002811e-001 -3.275789e-001 -1.775024e-002 2.567924e-001 4.569416e-001 
6.176824e+000 1.448064e+001 -1.090667e+000 4.762038e+000 2.425244e-001 -1.409004e+000 -6.574300e-001 1.436222e+000 -2.035443e-001 -1.844865e-001 8.889577e-002 7.846091e-001 
6.892891e+000 1.541615e+001 -3.760665e-001 4.134265e+000 -6.744889e-001 -1.605360e+000 -1.368415e+000 8.360353e-001 -6.413969e-001 -2.428366e-002 3.962775e-002 5.756644e-001 
7.653803e+000 1.346449e+001 2.236205e+000 4.013314e+000 -1.551247e-001 -2.775225e+000 -1.597812e+000 -3.694775e-001 -9.467857e-001 -1.113435e-001 7.682108e-001 1.276191e-001 
8.310079e+000 1.310629e+001 2.489730e+000 3.527426e+000 5.953552e-003 -2.758757e+000 -1.505433e+000 -2.615078e-001 -7.391229e-001 -1.909859e-001 5.735482e-001 3.595758e-001 
7.598661e+000 1.326836e+001 2.814130e+000 3.242732e+000 -1.383713e-001 -2.193681e+000 -1.481665e+000 -4.102936e-001 -7.088412e-001 -3.718647e-001 4.836774e-001 6.846784e-001 
5.778728e+000 1.494043e+001 8.548512e-001 5.345830e+000 -6.837208e-001 -1.749406e+000 -1.982948e+000 -2.779880e-001 -1.233212e+000 1.793708e-001 4.301997e-001 7.914067e-001 
8.432664e+000 1.204073e+001 2.795927e+000 3.221898e+000 4.083979e-001 -2.424388e+000 -1.036808e+000 -2.613096e-001 -1.106715e+000 -2.901982e-001 6.681678e-001 2.530776e-001 
8.006270e+000 1.211004e+001 2.790258e+000 3.519022e+000 7.641726e-001 -2.452554e+000 -1.289964e+000 -2.877818e-001 -1.113335e+000 -3.743830e-001 7.607321e-001 3.331748e-001 
6.939592e+000 1.312837e+001 2.000795e+000 4.362815e+000 6.821047e-001 -2.351310e+000 -1.477269e+000 -4.053095e-001 -7.323284e-001 -5.395425e-001 3.396121e-001 5.832736e-001 
6.826187e+000 1.340000e+001 1.749728e+000 4.380307e+000 8.992329e-001 -2.230524e+000 -1.777874e+000 -5.373665e-001 -1.467602e-001 -6.831834e-001 -2.228040e-001 7.646744e-001 
