-2.498802e+000 1.827546e+001 4.124254e+000 5.546067e+000 4.188933e-001 -1.280361e+000 -1.370403e+000 6.113561e-001 2.166124e+000 2.651206e-001 -9.575035e-001 -1.702244e+000 -9.372889e-001 -1.166586e+000 1.250999e-001 8.081271e-001 -2.170676e-001 -1.581951e+000 -1.308210e+000 -4.622813e-001 -4.359690e-001 -3.884677e-001 3.816542e-001 1.233239e-001 
-6.960565e+000 1.779067e+001 5.267110e+000 3.759569e+000 8.047530e-001 -2.122075e+000 -4.860562e-001 2.717303e+000 2.540425e+000 8.119797e-002 -6.178920e-001 -7.204887e-001 -7.575726e-001 -8.255801e-001 -4.802734e-002 -4.067122e-002 -5.332582e-001 -1.335556e+000 -1.395197e+000 -4.248805e-001 1.002216e-001 -4.254072e-001 -1.130281e-001 2.767710e-001 
-6.642817e+000 1.639282e+001 5.907939e+000 3.777836e+000 1.367758e+000 -1.410727e+000 -7.824818e-001 1.470987e+000 1.335858e+000 -3.974526e-001 -5.822386e-001 -3.176423e-001 -4.922723e-001 -4.723851e-001 1.569771e-002 -1.095675e-001 -6.276953e-001 -1.194164e+000 -1.175830e+000 -4.476596e-001 1.320361e-001 -1.668964e-001 -3.524439e-002 3.654477e-001 
-9.891619e+000 1.972534e+001 5.339818e+000 3.183690e+000 7.109797e-001 -2.379570e+000 -1.075480e+000 2.924068e+000 3.105912e+000 -1.210065e+000 -1.094025e+000 -7.402081e-001 -3.985233e-001 -8.681288e-001 8.112960e-001 9.218418e-001 -7.325845e-001 -1.880955e+000 -1.245157e+000 1.045050e-001 3.204700e-001 -4.786947e-001 -7.215865e-001 -1.234917e-001 
-7.614580e+000 1.727757e+001 6.095767e+000 2.369672e+000 6.670984e-002 -1.390874e+000 -2.185865e-001 1.882556e+000 1.855895e+000 -2.442387e-001 -1.185528e+000 -1.112934e+000 -5.379720e-001 1.744263e-001 8.074363e-001 3.932922e-001 -5.529918e-001 -1.369654e+000 -1.174770e+000 -4.954170e-001 -9.009145e-002 -3.003197e-001 -1.823406e-001 1.910621e-001 
-1.214691e+001 1.959463e+001 5.939117e+000 3.194766e+000 1.259553e-001 -2.858059e+000 -2.668500e-001 2.106446e+000 1.857335e+000 -5.295357e-001 -6.255595e-001 -1.200309e+000 -5.763524e-001 -9.991274e-002 1.302853e+000 6.277788e-001 -5.966835e-001 -1.037674e+000 -1.132360e+000 -2.558437e-001 -1.399876e-001 -6.691478e-001 -2.895091e-001 4.867955e-001 
-1.115628e+001 1.705314e+001 6.580536e+000 3.616878e+000 1.287040e+000 -1.465897e+000 -1.047939e+000 9.496179e-001 1.243577e+000 -5.545379e-001 -6.814325e-001 -1.581953e-001 2.042528e-001 -2.026519e-001 2.683586e-001 1.269947e-001 -4.676569e-001 -9.189840e-001 -7.462600e-001 -1.288775e-001 -1.003840e-001 -6.055676e-001 -5.745617e-001 -2.581626e-002 
5.083697e+000 9.994770e+000 3.727402e+000 2.281216e+000 1.026178e+000 -9.908145e-002 -1.523542e-001 9.890380e-002 2.672704e-002 -3.264836e-001 -4.256182e-001 -2.411994e-001 -9.323697e-002 -2.014761e-001 -5.293964e-002 6.006180e-002 -2.864835e-001 -5.560116e-001 -3.971395e-001 -3.098188e-001 -2.843804e-001 -1.597714e-001 -2.729434e-002 3.746820e-002 
1.179302e+001 1.073089e+001 3.910641e+000 2.404693e+000 9.436352e-001 -3.917622e-001 -2.589436e-001 3.676215e-001 3.317896e-001 -3.992664e-001 -8.681910e-001 -7.845268e-001 -6.527558e-001 -7.501986e-001 -3.009097e-001 1.780861e-001 -2.927902e-001 -9.222456e-001 -7.813636e-001 -5.165475e-001 -4.628704e-001 -2.425191e-001 1.845051e-001 3.410573e-001 
-3.555655e+000 1.691560e+001 5.106411e+000 4.382892e+000 9.524415e-001 -1.474628e+000 -4.934531e-001 1.477201e+000 1.721577e+000 2.545694e-002 -7.066760e-001 -1.299213e+000 -1.194690e+000 -1.035532e+000 -3.568630e-002 4.653308e-001 -2.518498e-001 -1.091830e+000 -1.281572e+000 -6.573427e-001 -3.650102e-001 -4.231549e-001 2.498133e-001 4.717601e-001 
-6.275151e+000 1.736912e+001 5.869376e+000 3.603946e+000 9.953320e-001 -2.006927e+000 -8.355109e-001 2.040649e+000 2.201962e+000 4.488255e-002 -6.966770e-001 -8.481508e-001 -7.454102e-001 -7.866990e-001 -4.675493e-002 3.533560e-003 -2.425646e-001 -9.205002e-001 -1.174363e+000 -5.898137e-001 -1.544728e-001 -3.270168e-001 -1.334496e-001 3.696970e-001 
-8.955982e+000 1.845626e+001 5.807303e+000 3.510753e+000 8.993374e-001 -2.147646e+000 -9.055690e-001 2.374878e+000 2.222172e+000 -8.737476e-001 -9.034506e-001 -4.081417e-001 -5.060305e-001 -7.470105e-001 5.700616e-001 4.380135e-001 -8.148925e-001 -1.753579e+000 -1.311056e+000 -3.347459e-003 3.863805e-001 -1.908092e-001 -3.094677e-001 1.789562e-001 
-1.116165e+001 2.037733e+001 5.133027e+000 3.045700e+000 6.088664e-001 -2.466991e+000 -8.314657e-001 2.771445e+000 3.261772e+000 -1.137526e+000 -9.298435e-001 -1.541432e+000 -1.360479e-001 -4.206556e-001 9.840626e-001 6.307792e-001 -1.030876e+000 -1.352564e+000 -1.561536e+000 -1.011096e-001 4.344025e-001 -2.869956e-001 -8.466084e-001 1.309745e-002 
-1.159108e+001 2.003571e+001 5.927073e+000 2.686020e+000 2.274773e-001 -2.367999e+000 -4.411446e-001 1.909656e+000 2.861331e+000 -4.426227e-001 -1.075585e+000 -1.711237e+000 -4.800447e-001 9.637172e-002 1.175895e+000 5.496696e-001 -8.530471e-001 -1.360567e+000 -1.217163e+000 -1.647821e-001 1.759372e-002 -3.823586e-001 -5.311887e-001 3.072786e-001 
-1.204088e+001 1.827263e+001 6.147464e+000 3.433930e+000 8.452237e-001 -2.505958e+000 -9.764890e-001 1.412903e+000 1.643648e+000 -5.817992e-001 -5.000051e-001 -5.985961e-001 -3.191707e-001 -3.878409e-001 8.164719e-001 6.245027e-001 -2.698780e-001 -9.192134e-001 -9.940884e-001 -2.157082e-001 -1.468633e-001 -6.153962e-001 -2.374516e-001 3.497963e-001 
-1.170966e+001 1.728711e+001 6.795441e+000 3.608943e+000 1.115395e+000 -1.616514e+000 -8.001074e-001 1.136359e+000 1.499926e+000 -7.064040e-001 -1.007784e+000 -4.788491e-001 4.619497e-001 2.157401e-001 4.235525e-001 4.859486e-002 -5.464689e-001 -1.038052e+000 -9.847961e-001 -3.685078e-001 6.659844e-002 -3.795481e-001 -6.570657e-001 -1.270809e-001 
