-3.004415e+001 1.331446e+001 7.355382e+000 -3.062940e-002 1.745839e+000 7.705012e-001 1.702251e+000 -1.123208e+000 -1.845169e-002 -1.535420e+000 -7.722265e-001 -7.682426e-002 1.199815e+000 2.136100e-001 9.763006e-001 -2.922903e-001 -6.511856e-001 -1.126223e-001 -8.883667e-001 3.213088e-002 -3.790877e-001 -3.214989e-001 -6.363641e-001 -1.746513e-001 
-2.590065e+001 1.589793e+001 4.596965e+000 -6.135841e-001 3.332793e+000 8.362210e-002 2.090303e+000 -8.620270e-001 1.031979e+000 -1.332390e+000 -5.376083e-001 1.349230e-001 6.960436e-001 6.816089e-001 -1.031299e-001 -4.182913e-001 -2.329864e-001 -6.808375e-001 -7.808022e-001 -3.134613e-001 -3.766691e-001 -3.085102e-001 -1.441292e-001 -1.725463e-001 
-2.693284e+001 1.689081e+001 6.215480e+000 1.389691e+000 3.457738e+000 -1.818305e-001 2.612333e+000 -9.047062e-001 1.435041e+000 -2.307866e+000 -1.772985e+000 1.321432e-001 9.051223e-001 9.398682e-001 -1.445716e-001 9.899996e-002 -1.130464e+000 -4.038206e-001 -2.088152e-001 -1.291062e-001 -1.023233e-001 -9.098864e-001 1.197257e-001 -4.269026e-001 
-2.226651e+001 1.750748e+001 3.669749e+000 1.351941e+000 3.273674e+000 1.546485e-001 3.256489e+000 -1.119019e+000 9.240751e-001 -2.691180e+000 -1.256959e+000 -3.683684e-001 4.500356e-001 1.328236e+000 -6.975717e-001 2.605621e-001 -1.022065e+000 -3.524193e-001 4.535943e-001 -2.866010e-001 -2.600703e-001 -7.286440e-001 7.785168e-002 2.324898e-001 
-1.492606e+001 1.911611e+001 3.339784e-001 -6.453159e-002 2.614242e+000 6.018485e-001 1.790056e+000 -7.381497e-001 1.270122e+000 -2.589101e+000 -1.152084e+000 -6.401920e-001 7.008912e-001 8.040317e-001 -5.971946e-001 8.793969e-002 -1.043932e+000 -2.632408e-002 3.611036e-001 -7.788805e-002 -4.253296e-001 -8.226862e-001 1.511683e-001 5.759484e-001 
-1.780692e+000 1.778275e+001 -2.109006e+000 -1.046811e+000 2.188233e+000 1.042126e-001 -1.498362e+000 -9.035522e-001 -4.466261e-001 -2.602034e+000 -2.277647e+000 1.916843e-001 1.418665e+000 6.458401e-001 -8.277919e-002 -8.049745e-001 -1.099090e+000 -1.163455e-001 5.051121e-001 -1.712348e-001 -5.271883e-001 -4.984414e-001 -7.702023e-002 4.445986e-001 
4.663835e+000 1.821701e+001 -4.960582e+000 1.406696e-001 3.872258e-001 -9.055709e-001 -1.914368e+000 -1.649360e+000 -1.102808e+000 -3.699342e+000 -2.578895e+000 1.029422e-002 1.788558e+000 7.761163e-001 -1.814634e-002 -5.785009e-001 -1.289066e+000 5.497671e-001 1.355747e+000 -2.143520e-001 -4.596846e-001 -1.662063e-001 -8.333723e-003 4.140840e-001 
7.643933e+000 2.043004e+001 -9.415695e+000 2.428920e+000 -4.698062e-001 -1.280788e+000 -3.078991e+000 -3.577732e+000 6.067790e-002 -4.193813e+000 -5.676649e-001 5.633130e-002 2.274930e+000 1.408029e+000 6.838469e-001 -5.728754e-001 -2.180953e+000 3.416711e-001 1.140180e+000 -5.962917e-001 -4.949260e-001 9.508605e-001 4.771754e-001 5.774089e-001 
8.943704e+000 1.925205e+001 -1.013009e+001 2.409858e+000 -6.597758e-001 -1.868239e+000 -2.290740e+000 -2.367079e+000 3.125482e-001 -3.613037e+000 -5.223858e-001 9.416953e-001 1.635291e+000 1.462980e+000 -6.567999e-001 -8.317443e-001 -1.985771e+000 2.086917e-001 1.247141e+000 -8.807005e-001 9.395733e-002 4.060571e-001 4.616481e-001 7.151535e-001 
1.202198e+001 1.730854e+001 -1.026200e+001 2.648229e+000 -1.930787e+000 -1.751350e+000 -2.855354e+000 -2.737026e+000 -5.419993e-002 -4.189919e+000 5.220313e-001 1.824258e+000 2.020762e+000 1.654281e+000 -1.217605e+000 -8.432254e-001 -2.141968e+000 3.519151e-001 1.348405e+000 -1.148886e+000 4.256599e-002 -2.991957e-003 6.648045e-001 1.009982e+000 
1.276304e+001 1.783878e+001 -1.378843e+001 3.462775e+000 -3.428041e+000 -1.753471e+000 -2.646192e+000 -3.748487e+000 1.301083e+000 -4.840690e+000 1.469086e+000 1.097173e+000 1.587803e+000 1.480493e+000 -2.210555e+000 1.325722e-001 -2.031820e+000 4.154186e-001 1.081246e+000 -1.640538e+000 7.474913e-002 -1.579262e-001 1.105706e+000 4.404584e-001 
1.597257e+001 1.411239e+001 -1.116036e+001 6.594542e-001 -2.912929e+000 -1.489066e+000 -2.337499e+000 -2.013161e+000 7.514091e-001 -2.610199e+000 7.618800e-001 1.099177e+000 9.643380e-001 2.440674e-001 -1.917833e+000 3.698226e-001 -1.199371e+000 6.215738e-002 1.388003e+000 -1.723576e+000 -4.615967e-001 4.866330e-001 4.220068e-002 1.645214e-001 
1.687615e+001 1.388735e+001 -1.138089e+001 1.621103e-001 -3.562690e+000 -1.342712e+000 -2.311079e+000 -2.297561e+000 1.158164e+000 -2.556213e+000 1.060364e-001 4.212631e-001 7.464055e-002 -2.204600e-001 -1.838055e+000 3.943116e-001 -8.862471e-001 2.343224e-001 1.380886e+000 -1.228756e+000 -1.025973e-001 5.961176e-001 6.211908e-002 -2.255602e-001 
1.767048e+001 1.338938e+001 -1.193871e+001 -4.129970e-001 -3.891287e+000 -1.612033e+000 -1.991859e+000 -1.607136e+000 1.089945e+000 -2.450143e+000 2.948147e-001 -3.070690e-001 7.404042e-002 2.118650e-001 -2.236329e+000 3.153881e-001 -8.239716e-001 5.256920e-002 1.399316e+000 -1.182157e+000 -3.077019e-001 8.688733e-002 -2.064493e-001 -5.025013e-002 
1.649920e+001 1.508469e+001 -1.417585e+001 5.421378e-001 -4.971113e+000 -8.870988e-001 -1.852424e+000 -2.118729e+000 1.745594e+000 -2.862147e+000 6.097823e-001 -3.824592e-001 2.275604e-001 3.464594e-001 -2.662444e+000 7.848646e-002 -1.076386e+000 3.542528e-001 8.240698e-001 -1.727487e+000 -6.996434e-002 -3.099753e-001 1.267387e-001 2.486912e-001 
1.616065e+001 1.626741e+001 -1.569673e+001 1.245590e+000 -5.618865e+000 6.949405e-002 -1.132126e+000 -3.012716e+000 2.162798e+000 -3.405526e+000 1.194599e+000 -3.570288e-001 4.908504e-001 3.708219e-002 -2.959527e+000 6.107499e-001 -1.705532e+000 5.850547e-002 6.603093e-001 -2.085001e+000 7.001968e-002 -5.212905e-001 3.746557e-001 8.969327e-003 
1.904262e+001 1.055745e+001 -9.364072e+000 -3.640432e+000 -2.376767e+000 -1.246870e+000 -1.516852e+000 -1.298206e+000 7.152275e-001 -7.319630e-001 -4.314570e-001 -1.821867e-002 6.283334e-001 2.162498e-001 -1.600433e+000 -5.423791e-001 -5.570405e-001 -1.373661e-001 7.404509e-001 -1.168853e+000 -2.553481e-001 7.134358e-001 -4.963976e-001 9.943300e-002 
-3.234877e+000 7.909649e+000 -4.379002e+000 -3.001605e+000 7.921056e-001 1.309395e+000 2.230085e-002 1.996848e-001 1.155836e+000 7.591609e-002 -7.730550e-001 6.181378e-002 7.688775e-001 -4.995711e-001 -1.079933e+000 -1.620357e-001 -1.003770e-001 3.460580e-001 6.450921e-001 -7.316733e-001 -6.422802e-001 2.564194e-001 -1.138553e-001 -2.380436e-001 
-2.592863e+001 1.490585e+001 4.434303e+000 -6.993369e-001 2.789275e+000 7.834370e-001 1.550013e+000 -2.291111e-001 1.156692e+000 -1.052056e+000 4.471656e-002 -4.358583e-001 1.299989e+000 1.806456e-001 -9.739510e-002 -1.613212e-001 -7.466266e-001 -5.449260e-001 -1.105645e+000 -1.572321e-001 -9.039819e-001 -1.693004e-001 -1.981576e-001 -2.415198e-001 
-2.612541e+001 1.566566e+001 5.886228e+000 1.506469e+000 2.875699e+000 5.439502e-001 2.343571e+000 -5.778370e-001 1.016190e+000 -2.605520e+000 -1.413059e+000 -3.496167e-001 1.302065e+000 9.777356e-001 1.600798e-001 -4.084155e-001 -8.511622e-001 -4.139553e-001 -3.285922e-001 7.335538e-003 -4.313896e-001 -6.071962e-001 -4.680960e-002 2.132966e-001 
-2.253367e+001 1.637246e+001 4.071606e+000 1.674061e+000 3.172746e+000 6.671268e-001 2.632739e+000 -6.076788e-001 9.416495e-001 -3.220564e+000 -1.036989e+000 -5.007822e-001 7.519149e-001 1.270584e+000 -4.646816e-001 5.003482e-001 -1.219288e+000 -5.354815e-001 1.396522e-001 -3.414046e-001 2.857812e-002 -8.649693e-001 1.974835e-001 -1.085815e-001 
-1.623489e+001 1.837554e+001 7.791731e-001 3.299383e-001 2.512392e+000 7.562109e-001 2.085421e+000 -7.461126e-001 1.084949e+000 -2.533560e+000 -9.193104e-001 -5.928891e-001 7.179685e-001 7.049938e-001 -5.577617e-001 -2.674734e-002 -9.616741e-001 1.233864e-001 4.170023e-001 -1.973345e-001 -4.317933e-001 -1.055056e+000 2.007959e-001 3.612481e-001 
-4.151994e+000 1.818302e+001 -1.417741e+000 -1.013497e+000 2.443666e+000 2.926838e-001 -1.322073e+000 -7.641076e-001 -2.117194e-001 -2.475565e+000 -2.201878e+000 -4.825721e-002 1.247662e+000 5.746532e-001 -1.125228e-001 -5.679900e-001 -8.531815e-001 -1.202187e-001 6.231501e-001 1.442559e-001 -6.126097e-001 -7.046472e-001 -8.478993e-002 2.673736e-001 
3.422094e+000 1.871607e+001 -5.178168e+000 3.992606e-001 6.349152e-001 -6.337063e-001 -1.658888e+000 -1.734427e+000 -4.597551e-001 -3.570359e+000 -2.509261e+000 -6.610867e-003 1.673401e+000 8.732526e-001 -7.653418e-002 -6.401864e-001 -1.255729e+000 4.173089e-001 1.453079e+000 -2.525904e-001 -7.296762e-001 -4.381968e-001 -1.572066e-001 5.261525e-001 
8.166866e+000 1.811302e+001 -8.083065e+000 5.886356e-001 2.106614e-001 -1.306634e+000 -3.413899e+000 -3.080896e+000 -1.174867e+000 -3.506548e+000 -1.351925e+000 6.623606e-001 1.839095e+000 1.514276e+000 7.464447e-001 -5.549364e-001 -2.044186e+000 6.685482e-002 1.174994e+000 -6.647721e-001 -7.769404e-002 9.730052e-001 3.902844e-001 3.466163e-001 
9.315689e+000 1.760478e+001 -8.611467e+000 1.452295e+000 2.776660e-001 -1.799631e+000 -2.486786e+000 -1.998115e+000 -4.053041e-002 -3.414726e+000 -9.245544e-001 9.628153e-001 1.335040e+000 1.335064e+000 -4.146218e-001 -9.565065e-001 -1.962933e+000 9.496588e-003 1.294032e+000 -8.360388e-001 9.821729e-002 5.695329e-001 2.392465e-001 9.067306e-001 
1.328115e+001 1.476019e+001 -8.126537e+000 6.383152e-001 -7.987430e-001 -2.454407e+000 -3.160496e+000 -2.067956e+000 -7.433820e-001 -3.571704e+000 -1.517243e-001 1.935133e+000 1.974769e+000 1.507626e+000 -9.531522e-001 -1.296538e+000 -1.741925e+000 4.468993e-001 1.636989e+000 -8.318011e-001 -3.372759e-001 2.706144e-001 3.792704e-001 1.194618e+000 
1.289731e+001 1.709172e+001 -1.336553e+001 2.487041e+000 -3.588311e+000 -2.184427e+000 -2.968186e+000 -3.456799e+000 9.108298e-001 -4.746140e+000 8.676417e-001 1.251278e+000 1.534367e+000 1.578910e+000 -1.665742e+000 -2.265086e-001 -1.937831e+000 4.582968e-001 1.110804e+000 -1.458710e+000 1.064256e-001 -3.488927e-002 1.068642e+000 6.225729e-001 
1.692088e+001 1.257978e+001 -9.659066e+000 -5.627339e-001 -2.161745e+000 -2.016109e+000 -2.580649e+000 -1.667292e+000 4.562462e-001 -2.438552e+000 2.642349e-001 1.295868e+000 8.124711e-001 2.879125e-001 -1.364334e+000 1.015217e-001 -8.125268e-001 -4.246805e-002 1.066095e+000 -1.695024e+000 -6.849693e-001 7.565430e-001 1.935079e-001 5.730358e-001 
1.393303e+001 1.751447e+001 -1.504666e+001 2.004530e+000 -4.992537e+000 -7.619155e-001 -1.939309e+000 -3.190203e+000 2.761037e+000 -4.050711e+000 1.978018e+000 -6.679871e-002 -6.536674e-003 4.703791e-001 -2.637208e+000 1.111737e+000 -1.505926e+000 6.398332e-001 1.220984e+000 -1.905032e+000 3.834500e-001 -1.078387e-001 5.503534e-001 -5.996237e-001 
1.837884e+001 1.244584e+001 -1.098006e+001 -9.956078e-001 -3.331406e+000 -1.423974e+000 -1.741777e+000 -1.219902e+000 9.493056e-001 -2.221750e+000 1.700101e-001 2.080110e-002 -3.946589e-002 -3.823398e-001 -2.171104e+000 4.162181e-001 -5.571169e-001 -3.316359e-002 1.346938e+000 -9.062966e-001 -3.142092e-001 1.857491e-001 -2.844847e-001 -1.599494e-001 
1.698833e+001 1.446686e+001 -1.362376e+001 -6.553456e-002 -4.414050e+000 -9.998483e-001 -2.220674e+000 -2.047960e+000 1.446095e+000 -3.090558e+000 3.639226e-001 -3.058770e-001 2.827244e-002 4.916253e-001 -2.433425e+000 -4.285106e-002 -9.625236e-001 2.368169e-001 9.240200e-001 -1.387168e+000 -1.982922e-001 -3.525176e-001 1.055306e-001 2.122159e-001 
1.746385e+001 1.410041e+001 -1.384253e+001 1.985343e-001 -4.929763e+000 -2.362831e-001 -1.565968e+000 -2.754519e+000 1.176255e+000 -2.888654e+000 5.029308e-001 8.881012e-002 3.125872e-001 -1.376967e-001 -2.610874e+000 3.410422e-001 -1.226267e+000 2.626501e-002 5.953044e-001 -1.930798e+000 -2.604373e-001 -2.817265e-001 2.185263e-001 2.375976e-001 
