6.570705e+000 1.152272e+001 -1.459796e+000 6.813380e+000 6.067360e-001 4.573318e+000 -2.466799e+000 9.166339e-001 -6.460213e-001 -1.420374e+000 -6.160077e-001 5.614186e-001 -6.791916e-001 -1.523706e+000 6.794094e-001 -5.510236e-001 -7.789519e-001 3.597868e-002 9.452364e-002 -2.132686e-001 1.656922e-002 -6.467494e-001 -1.753453e-002 4.252141e-001 
6.750512e+000 1.023783e+001 -8.742458e-001 6.552904e+000 2.049197e+000 5.304016e+000 -2.673823e+000 4.803002e-001 -9.044467e-001 -1.561339e+000 -9.890953e-001 -6.740513e-001 -1.799960e-001 -6.728094e-001 1.563134e+000 -1.210696e-001 -8.534556e-001 -1.763031e-001 1.331019e-001 -1.208311e-001 -7.299046e-001 -7.051158e-001 -3.646743e-001 1.318873e-001 
6.723912e+000 9.766277e+000 -1.711026e+000 6.252753e+000 1.881275e+000 4.892917e+000 -2.054679e+000 9.859581e-001 -1.051873e+000 -2.443959e+000 -1.973925e+000 -9.425556e-001 -1.037268e+000 -3.918718e-001 1.568458e+000 5.570148e-001 -3.958124e-002 -1.522980e-001 -2.195996e-002 -3.150094e-001 -5.966005e-001 -6.105918e-001 -4.987594e-001 1.058640e-001 
7.753764e+000 1.032583e+001 -1.415544e+000 5.310971e+000 1.602107e+000 4.300966e+000 -2.278500e+000 6.710428e-001 -6.235628e-001 -2.114011e+000 -1.360941e+000 -6.422906e-003 -5.264487e-001 -1.083074e+000 1.045396e+000 2.088642e-001 -6.859847e-001 -4.457199e-001 3.861537e-001 -3.054145e-002 -2.720492e-001 -9.098614e-002 -4.945241e-001 -1.597634e-001 
1.019261e+001 1.113088e+001 -2.495252e+000 4.680540e+000 7.024194e-001 4.566939e+000 -1.926352e+000 6.067827e-001 -1.023222e+000 -1.689377e+000 -1.264744e+000 4.870635e-001 -6.047478e-001 -1.362534e+000 1.358871e+000 9.948547e-002 -9.771697e-001 -7.511175e-001 1.797902e-001 7.864029e-003 -4.878369e-001 -6.648265e-001 1.266115e-001 1.414941e-001 
1.427950e+001 1.362838e+001 -3.806518e+000 4.451723e+000 8.706291e-001 2.734847e+000 -2.656726e+000 5.033187e-002 -7.273319e-001 -2.683985e+000 -1.062474e+000 -2.004768e-001 -3.642772e-002 -6.729151e-001 8.338517e-001 2.062524e-001 -1.001251e+000 1.724275e-002 1.040104e+000 -5.575819e-001 -7.617244e-001 -4.882842e-001 -1.369171e-001 3.156235e-001 
2.049635e+001 1.510834e+001 -6.192595e+000 4.480819e+000 -1.998059e-001 2.181496e+000 -3.671211e+000 -2.098224e-001 -1.058077e+000 -2.578128e+000 -9.898645e-001 -4.346180e-002 9.535031e-001 -2.225180e-001 4.847053e-001 -2.000519e-001 -1.531179e+000 -2.152499e-001 1.396131e+000 -1.173774e+000 -7.591398e-002 2.674983e-001 -8.940099e-002 9.437420e-001 
2.330288e+001 1.422283e+001 -5.989514e+000 3.543642e+000 -1.282069e+000 1.717442e+000 -4.638732e+000 5.503819e-001 -1.528865e+000 -2.178280e+000 -1.128390e+000 1.312210e-001 7.480009e-001 -7.849721e-002 3.561759e-001 5.219847e-003 -1.586488e+000 -4.713601e-001 1.589859e+000 -1.286734e+000 4.140689e-001 5.111594e-001 -3.259190e-002 8.108185e-001 
2.435534e+001 1.320296e+001 -5.118784e+000 2.908691e+000 -1.143061e+000 -1.391767e-001 -2.919010e+000 2.504395e-001 -1.003999e-001 -2.471155e+000 -1.230597e+000 2.948780e-001 6.421819e-001 -6.855002e-001 3.818877e-001 -1.089432e-001 -1.596486e+000 4.474690e-001 1.090194e+000 -9.592414e-001 3.803138e-001 1.792754e-001 -1.190965e-001 6.377934e-001 
2.418767e+001 1.418068e+001 -5.970431e+000 3.553055e+000 -1.506653e+000 3.938580e-001 -3.190716e+000 6.270741e-001 4.708029e-003 -2.160396e+000 -1.549795e+000 2.454736e-001 7.207368e-001 -1.040789e+000 5.246402e-001 -5.513751e-001 -1.370488e+000 8.666283e-001 1.086474e+000 -8.030336e-001 1.704914e-001 1.100837e-001 -4.277679e-001 4.141119e-001 
2.415620e+001 1.441128e+001 -5.437256e+000 2.905791e+000 -7.923147e-001 -1.667353e-001 -2.305648e+000 3.472190e-001 4.547494e-001 -1.983572e+000 -1.677268e+000 4.185360e-001 5.791471e-001 -1.166409e+000 8.249812e-001 -8.783816e-001 -1.534449e+000 1.344607e+000 6.521040e-001 -5.106515e-001 1.754715e-001 -1.293732e-001 -3.762256e-001 3.023646e-002 
2.286617e+001 1.616423e+001 -6.901332e+000 4.252893e+000 -2.970699e+000 9.679414e-001 -2.982959e+000 5.980716e-001 -1.714849e-001 -1.914509e+000 -2.192519e+000 8.540437e-001 4.051540e-001 -1.331333e+000 5.888853e-001 -4.886605e-001 -1.362850e+000 1.160583e+000 7.654378e-001 -5.266758e-001 2.888225e-001 -8.674293e-002 -3.156227e-001 -1.922628e-001 
2.250326e+001 1.588246e+001 -7.468008e+000 4.003481e+000 -3.100655e+000 9.716128e-001 -2.961914e+000 3.357426e-001 1.153624e-001 -1.894847e+000 -2.252881e+000 1.060242e+000 2.519204e-001 -8.877852e-001 3.312649e-001 -5.069260e-001 -1.440438e+000 7.744205e-001 6.531967e-001 -7.260204e-001 3.748412e-001 -1.692018e-001 -2.839432e-001 -9.274919e-003 
2.329889e+001 1.480978e+001 -6.812103e+000 3.315437e+000 -2.752906e+000 3.524223e-001 -2.541663e+000 3.951116e-002 6.493348e-001 -2.943448e+000 -1.871599e+000 6.852616e-001 6.442300e-001 -1.015964e+000 6.636984e-001 -5.742444e-001 -1.572703e+000 7.557623e-001 5.675661e-001 -5.948746e-001 6.055606e-001 -1.688908e-001 -5.816505e-001 1.747207e-001 
2.295340e+001 1.551858e+001 -7.346590e+000 4.241089e+000 -3.893923e+000 1.409018e+000 -3.090860e+000 9.554916e-001 4.278943e-001 -2.278004e+000 -1.931182e+000 1.101503e+000 4.537380e-001 -1.011828e+000 3.235359e-001 -4.339824e-001 -1.642339e+000 6.025691e-001 5.295021e-001 -6.613768e-001 4.934907e-001 -1.703324e-001 -6.130242e-001 7.116277e-002 
2.387271e+001 1.450123e+001 -5.807212e+000 3.432068e+000 -2.841668e+000 5.722772e-001 -2.040736e+000 1.196052e-001 1.137438e+000 -2.797557e+000 -1.313957e+000 6.596048e-001 5.051982e-001 -8.370056e-001 2.630708e-001 -4.506034e-001 -1.526609e+000 6.280568e-001 4.905682e-001 -7.047622e-001 5.850892e-001 -9.793356e-002 -5.694336e-001 -7.734637e-002 
2.299342e+001 1.366195e+001 -4.910422e+000 2.820489e+000 -2.325530e+000 1.865832e-001 -1.855527e+000 -2.666141e-001 9.885395e-001 -2.854107e+000 -1.590721e+000 3.367900e-001 5.976768e-001 -1.212728e+000 1.451070e-001 2.812977e-002 -1.551765e+000 7.004352e-001 5.803196e-001 -7.086876e-001 3.458675e-001 5.276951e-003 -6.838820e-001 -2.653403e-001 
8.582314e+000 1.062499e+001 -1.259461e+000 4.929055e+000 1.855904e+000 3.790006e+000 -1.175577e+000 5.994896e-001 1.339047e-001 -1.539590e+000 -3.094631e-001 1.155656e-001 -7.333173e-001 -1.297704e+000 1.028413e+000 -2.551251e-001 -1.092902e+000 -6.169226e-002 -3.829326e-002 -1.342733e-001 -2.559498e-001 -8.395722e-001 -3.631261e-001 2.654989e-001 
6.921554e+000 1.006928e+001 -2.572373e-001 5.874387e+000 2.065772e+000 4.609474e+000 -2.491113e+000 4.716874e-001 -1.722355e-001 -1.478901e+000 -6.919304e-001 -2.678903e-001 3.200409e-001 -9.993573e-001 1.102806e+000 -2.221891e-001 -1.118494e+000 -4.504271e-001 2.967509e-002 -8.691488e-003 -8.101204e-001 -6.153697e-001 -1.743853e-001 1.967376e-001 
6.759469e+000 1.053967e+001 -1.828564e+000 6.455545e+000 1.284045e+000 5.209992e+000 -2.621299e+000 8.072530e-001 -1.183615e+000 -1.876819e+000 -1.490984e+000 -6.674207e-001 -1.188093e+000 -3.569666e-001 1.462785e+000 4.481319e-001 -1.538353e-001 -1.631815e-001 6.227709e-002 -2.904175e-001 -6.664686e-001 -7.113956e-001 -5.563940e-001 2.929631e-002 
7.202306e+000 1.032511e+001 -1.140622e+000 5.857823e+000 1.675275e+000 4.608057e+000 -1.917320e+000 8.862596e-001 -8.459809e-001 -2.491955e+000 -1.833592e+000 -2.504475e-001 -9.366939e-001 -1.024561e+000 1.425724e+000 9.165471e-001 -6.903387e-002 -3.238761e-001 4.100966e-001 1.655378e-001 -8.380236e-001 -9.450993e-001 -9.779823e-001 -6.246744e-002 
9.145990e+000 1.060611e+001 -2.138403e+000 4.806257e+000 6.380721e-001 4.258420e+000 -2.513270e+000 7.183032e-001 -1.017583e+000 -2.141252e+000 -1.908402e+000 3.891139e-001 -4.052962e-001 -1.334316e+000 1.208970e+000 3.818545e-001 -5.700336e-001 -5.348958e-001 1.831932e-001 -7.391422e-002 -4.260455e-001 -6.114535e-001 1.506279e-001 5.360985e-002 
1.323746e+001 1.305361e+001 -3.940636e+000 4.390412e+000 9.944233e-001 3.041535e+000 -2.584483e+000 1.454570e-001 -7.509797e-001 -2.434096e+000 -1.189632e+000 -7.486540e-002 -3.152246e-001 -7.574497e-001 1.139294e+000 1.108053e-001 -8.947404e-001 -1.775469e-001 9.288187e-001 -3.007194e-001 -7.870884e-001 -5.710986e-001 -4.146719e-003 3.254064e-001 
1.997082e+001 1.440186e+001 -5.449866e+000 3.925549e+000 1.992953e-001 1.713785e+000 -3.214856e+000 -6.001888e-001 -7.147399e-001 -2.929526e+000 -7.928539e-001 -1.410755e-001 8.416847e-001 -1.378050e-001 3.448667e-001 5.149292e-003 -1.654499e+000 3.824241e-002 1.261830e+000 -1.027462e+000 -2.898439e-001 1.552597e-001 -1.055056e-001 9.124793e-001 
2.278606e+001 1.505025e+001 -6.315150e+000 4.357950e+000 -1.239506e+000 2.444090e+000 -4.779788e+000 1.059491e+000 -1.827637e+000 -1.686011e+000 -1.372038e+000 3.929185e-001 7.390160e-001 9.778875e-002 3.059512e-001 -1.730193e-002 -1.657579e+000 -5.082799e-001 1.471831e+000 -1.290821e+000 2.905896e-001 4.903473e-001 1.806976e-002 8.107602e-001 
2.396777e+001 1.378148e+001 -5.378362e+000 3.460657e+000 -1.534576e+000 3.556601e-001 -3.298271e+000 5.853694e-001 -3.185893e-001 -2.501019e+000 -1.194582e+000 3.605198e-001 6.561356e-001 -6.752731e-001 3.432808e-001 -5.416263e-002 -1.553096e+000 2.091925e-001 1.165270e+000 -1.109480e+000 4.477118e-001 2.030841e-001 -1.284532e-001 6.341405e-001 
2.421046e+001 1.343888e+001 -5.805070e+000 3.159431e+000 -1.461057e+000 -1.285199e-001 -3.073888e+000 5.469818e-001 4.344024e-002 -2.328691e+000 -1.565342e+000 2.425831e-001 7.406033e-001 -9.626331e-001 4.108125e-001 -4.550100e-001 -1.340983e+000 8.819269e-001 1.102683e+000 -8.305373e-001 2.221377e-001 1.797896e-001 -3.888625e-001 4.984847e-001 
2.374028e+001 1.442673e+001 -5.956217e+000 3.036139e+000 -1.235862e+000 -9.340515e-002 -2.710486e+000 4.615637e-001 3.493014e-001 -2.022807e+000 -1.751225e+000 4.147253e-001 5.892636e-001 -1.105912e+000 7.929177e-001 -9.341507e-001 -1.441584e+000 1.315217e+000 7.418892e-001 -5.924330e-001 2.426428e-001 -8.973079e-002 -3.412716e-001 1.194881e-001 
2.364402e+001 1.476163e+001 -6.080240e+000 3.070449e+000 -1.912201e+000 1.421711e-002 -2.316809e+000 -2.690747e-002 2.834490e-001 -2.219004e+000 -1.811263e+000 5.639759e-001 5.455236e-001 -1.354455e+000 6.756866e-001 -5.766499e-001 -1.464496e+000 1.222035e+000 8.227379e-001 -4.595815e-001 2.226834e-001 -1.134868e-001 -2.888144e-001 -1.294104e-001 
2.351637e+001 1.498358e+001 -5.859091e+000 3.252540e+000 -2.024911e+000 -1.104659e-002 -2.124480e+000 -2.331013e-001 6.406071e-001 -2.490286e+000 -1.984439e+000 7.749632e-001 5.145603e-001 -1.083410e+000 3.663887e-001 -4.876646e-001 -1.249254e+000 9.464416e-001 6.699740e-001 -6.862130e-001 3.249214e-001 -9.949996e-002 -3.582468e-001 -2.381413e-002 
2.252372e+001 1.638088e+001 -7.959059e+000 4.714066e+000 -3.609161e+000 1.619240e+000 -3.240530e+000 8.768852e-001 1.129707e-001 -2.330860e+000 -2.091937e+000 1.060097e+000 3.777950e-001 -9.218349e-001 5.731534e-001 -5.803413e-001 -1.486683e+000 6.299554e-001 6.531507e-001 -7.738069e-001 7.049702e-001 -2.727070e-001 -4.997553e-001 7.230553e-002 
2.352253e+001 1.462048e+001 -6.753174e+000 3.283084e+000 -3.157820e+000 7.024900e-001 -2.544796e+000 2.852747e-001 6.634921e-001 -2.577869e+000 -1.720349e+000 7.017353e-001 6.422293e-001 -1.174133e+000 5.738265e-001 -5.020821e-001 -1.687372e+000 6.402102e-001 5.147473e-001 -5.971721e-001 4.602460e-001 -1.462007e-001 -6.067660e-001 8.750336e-002 
2.235154e+001 1.636783e+001 -7.759217e+000 5.021911e+000 -4.417335e+000 1.955780e+000 -3.429742e+000 9.961714e-001 2.069983e-001 -2.305631e+000 -1.840492e+000 9.558179e-001 3.040653e-001 -7.497693e-001 3.471243e-001 -5.182474e-001 -1.406409e+000 4.437545e-001 6.146324e-001 -7.943186e-001 6.356690e-001 -1.840115e-001 -4.509179e-001 -3.837302e-002 
