8.076263e+000 1.628929e+001 -3.745966e+000 3.019634e+000 -5.742119e-001 2.439054e+000 -1.993389e+000 1.354754e+000 1.963928e+000 -1.192786e+000 -8.582138e-001 7.408030e-003 -2.189835e-001 -2.066021e+000 3.318243e-001 -2.754898e-001 -1.240267e+000 -7.473230e-001 1.364423e+000 9.993080e-001 5.791572e-003 1.949667e-001 1.824775e-001 6.875947e-001 
7.655332e+000 1.550911e+001 -3.686772e+000 2.326996e+000 -6.909837e-001 2.140765e+000 -2.905823e+000 8.276494e-001 1.291566e+000 -2.014188e+000 -1.440392e+000 -2.647145e-001 -2.179234e-003 -1.472120e+000 6.938860e-001 4.987529e-001 -9.836965e-001 -6.637729e-002 1.533731e+000 8.236680e-001 -1.269600e-001 -1.424513e-001 5.811495e-002 2.395821e-001 
7.896456e+000 1.514251e+001 -3.537442e+000 2.537827e+000 -1.170410e+000 2.509564e+000 -2.704427e+000 1.133734e+000 1.248334e+000 -4.750349e-001 -9.468079e-001 4.304343e-001 4.348155e-002 -7.126124e-001 -5.573581e-002 -4.801758e-001 -1.206278e+000 -3.377444e-001 8.763417e-001 4.351987e-001 2.600133e-001 -1.537810e-002 -2.423965e-001 2.251194e-002 
8.043087e+000 1.516361e+001 -3.456959e+000 3.284865e+000 -9.485180e-001 2.717622e+000 -2.108702e+000 2.049264e+000 1.765092e+000 -9.415780e-001 -8.940740e-001 9.088116e-001 2.577108e-001 -1.500839e+000 -1.745712e-001 -4.702963e-001 -1.302696e+000 -1.105620e+000 9.153509e-001 3.761213e-001 1.120676e-001 -1.235618e-001 -1.427051e-001 -3.297188e-001 
8.045151e+000 1.646970e+001 -3.381435e+000 3.679976e+000 -1.233510e+000 2.749099e+000 -2.591703e+000 1.434160e+000 1.649309e+000 -3.119782e+000 -2.150266e+000 -5.575853e-001 6.313915e-001 -9.336505e-001 6.879634e-001 3.926391e-001 -1.283336e+000 -6.788105e-001 1.115114e+000 4.468935e-001 -1.362397e-001 1.608040e-001 -3.030256e-002 1.894667e-001 
9.453932e+000 1.705999e+001 -4.235238e+000 3.128556e+000 -1.416178e+000 3.029680e+000 -2.182527e+000 1.459740e+000 1.536170e+000 -2.337724e+000 -1.413687e+000 -8.501181e-001 4.848817e-001 -1.334882e+000 1.241800e+000 2.783305e-001 -1.329705e+000 -9.341072e-001 1.240612e+000 7.930819e-001 -3.601284e-001 4.252990e-001 -2.232091e-001 -7.792199e-002 
1.344034e+001 1.619139e+001 -4.925321e+000 2.959318e+000 3.146436e-001 1.648475e+000 -2.004621e+000 1.229452e+000 4.294709e-001 -1.943242e+000 -1.313838e+000 -6.003184e-001 4.057423e-001 -5.409104e-001 6.892668e-001 6.417043e-001 -1.374392e+000 -6.403700e-001 1.636162e+000 3.856541e-001 -5.019568e-001 -2.544498e-001 -4.082204e-001 5.511688e-001 
1.865076e+001 1.600977e+001 -6.381435e+000 3.006694e+000 9.935353e-002 1.081884e+000 -3.758838e+000 7.513038e-001 -6.340504e-001 -2.685906e+000 -1.275594e+000 -9.504602e-001 1.923028e+000 8.560049e-002 8.582460e-001 3.460991e-001 -2.196079e+000 -4.199662e-001 1.707815e+000 -3.339811e-002 -3.889694e-001 1.685824e-001 -7.443654e-002 1.311371e+000 
2.112160e+001 1.571017e+001 -6.068410e+000 2.183515e+000 -2.967775e-001 4.382292e-002 -3.866164e+000 -7.906706e-002 -1.792666e-001 -2.815248e+000 -4.132625e-001 -5.167061e-001 1.701396e+000 7.453406e-001 3.621990e-001 3.445791e-001 -2.197261e+000 -3.961751e-001 1.731664e+000 -1.912732e-001 -7.340380e-001 -1.754937e-001 -1.024135e-001 6.555415e-001 
2.173744e+001 1.607451e+001 -6.022991e+000 1.499299e+000 -1.131378e+000 4.463165e-001 -4.987108e+000 1.370166e+000 6.985034e-002 -3.112164e+000 -1.272746e-001 -5.318053e-002 1.697584e+000 5.631383e-001 8.062927e-001 -2.296768e-001 -1.394395e+000 -3.156265e-002 1.371430e+000 -6.682176e-002 -8.890405e-001 -3.336666e-001 -4.445669e-001 4.489268e-001 
2.179086e+001 1.578056e+001 -7.207392e+000 3.018498e+000 -1.716455e+000 1.162970e+000 -4.062811e+000 1.065201e+000 9.075499e-001 -3.186784e+000 -4.085206e-001 -4.906976e-001 1.057787e+000 -2.483287e-001 -1.651170e-001 -3.364035e-001 -1.609727e+000 -9.751718e-002 1.843314e+000 5.133369e-001 -6.023900e-001 4.670200e-001 3.604345e-001 3.943165e-001 
2.036465e+001 1.848426e+001 -9.339303e+000 4.659836e+000 -3.632156e+000 2.262510e+000 -3.899450e+000 1.530858e+000 1.233629e+000 -3.387160e+000 3.299710e-001 -2.912310e-001 1.346285e+000 -4.117085e-001 -3.877204e-001 -9.823123e-001 -1.549387e+000 -3.080244e-001 1.568076e+000 2.333079e-001 2.439216e-001 6.233962e-001 6.557158e-001 4.774168e-001 
2.177436e+001 1.630713e+001 -7.922754e+000 2.309454e+000 -2.066482e+000 1.240289e+000 -3.508235e+000 1.253132e+000 1.507100e+000 -2.881872e+000 1.948956e-001 2.423580e-002 1.080618e+000 8.981099e-002 -2.362850e-001 -6.922675e-001 -1.836155e+000 1.285572e-001 1.115268e+000 -1.233012e-001 1.752273e-002 6.122009e-001 5.951701e-001 7.495563e-001 
2.126648e+001 1.624215e+001 -8.095108e+000 2.065119e+000 -1.685071e+000 9.165191e-001 -3.308926e+000 8.581944e-001 1.874465e+000 -2.935280e+000 3.377531e-001 -2.176192e-002 8.517112e-001 2.755529e-001 -5.179346e-001 -4.755468e-001 -1.965446e+000 -8.253598e-002 1.113351e+000 -9.945663e-002 1.974757e-001 6.539067e-001 8.028291e-001 6.439499e-001 
2.164436e+001 1.572475e+001 -6.841388e+000 1.030929e+000 -1.164036e+000 3.198090e-002 -3.411582e+000 5.242609e-001 1.600352e+000 -3.439868e+000 -2.051869e-001 1.542003e-001 7.989856e-001 7.157847e-001 -5.579796e-001 -4.547455e-001 -2.076540e+000 1.855192e-001 1.360432e+000 -2.319769e-001 4.269593e-001 3.278067e-001 7.439969e-001 6.885182e-001 
2.270037e+001 1.443525e+001 -5.341015e+000 1.196067e+000 -1.313516e+000 -1.280374e-001 -2.970772e+000 3.414647e-001 1.815903e+000 -3.348392e+000 -4.022522e-001 4.182251e-001 9.182778e-001 1.954055e-001 -1.254222e+000 -3.172048e-001 -2.308482e+000 -5.237153e-002 1.671888e+000 3.378393e-002 6.010709e-001 2.164441e-001 6.562083e-001 3.195108e-001 
2.110307e+001 1.509953e+001 -5.998516e+000 8.587172e-001 -8.330238e-001 -5.097457e-001 -2.898217e+000 7.957291e-001 1.392998e+000 -3.181641e+000 -6.303973e-001 7.657423e-001 9.072646e-001 4.523909e-002 -5.695181e-001 -7.030331e-001 -2.012314e+000 -9.007837e-002 1.359711e+000 2.061307e-001 1.712317e-001 -7.314517e-003 6.073913e-002 1.286193e-001 
1.030153e+001 1.489072e+001 -2.713108e+000 1.710956e+000 1.434795e-001 1.396082e+000 -1.899957e+000 7.559892e-001 1.702657e+000 -2.084924e+000 -1.312101e+000 4.166383e-002 -4.033497e-002 -1.437512e+000 2.719081e-001 5.192230e-001 -1.118959e+000 -3.129365e-001 1.535934e+000 9.268716e-001 -2.971459e-001 -2.886425e-002 6.779496e-002 5.693258e-001 
8.700827e+000 1.584571e+001 -2.795999e+000 2.613927e+000 -2.203420e-001 1.904858e+000 -2.175777e+000 1.083698e+000 1.824941e+000 -2.026246e+000 -1.556492e+000 -2.224151e-001 9.581276e-002 -1.648674e+000 4.297308e-001 3.675246e-001 -1.562626e+000 -4.715080e-001 1.563422e+000 1.108497e+000 4.321781e-002 8.494596e-002 -1.440412e-001 2.479505e-001 
8.211539e+000 1.517594e+001 -3.105317e+000 2.736021e+000 -4.418661e-001 2.471940e+000 -2.453333e+000 1.366353e+000 1.468625e+000 -1.300591e+000 -1.616914e+000 -4.442351e-001 -7.173227e-001 -6.233937e-001 1.059433e+000 6.027385e-001 -1.215333e+000 -8.384247e-001 7.273919e-001 2.503537e-001 1.878906e-001 1.378356e-001 -4.423699e-002 2.925659e-001 
8.409756e+000 1.509289e+001 -3.749270e+000 3.010096e+000 -1.167802e+000 2.382502e+000 -2.131719e+000 2.022137e+000 1.285685e+000 -1.514681e+000 -1.856492e+000 3.855556e-001 4.758868e-001 -5.242452e-001 1.111178e+000 9.132891e-002 -1.412698e+000 -1.137815e+000 5.354490e-001 2.475794e-001 -3.275489e-001 -7.941096e-001 -1.676670e-001 1.463397e-001 
8.331549e+000 1.524767e+001 -3.576670e+000 2.818275e+000 -5.025290e-001 2.714967e+000 -2.251363e+000 1.081423e+000 1.681750e+000 -2.354610e+000 -1.837636e+000 -3.826565e-001 7.926125e-001 -1.851347e-001 7.613441e-001 6.221950e-002 -1.578128e+000 -8.618911e-001 8.174928e-001 4.908362e-001 5.987024e-002 7.328027e-002 -9.690355e-002 2.860259e-001 
8.743368e+000 1.596571e+001 -4.388128e+000 3.427945e+000 -4.897686e-001 2.973047e+000 -2.205738e+000 1.651251e+000 1.534767e+000 -2.817398e+000 -1.341469e+000 -1.813122e-001 7.060570e-001 -1.457380e+000 1.059964e+000 3.276208e-001 -1.410243e+000 -1.010221e+000 1.100799e+000 7.676130e-001 -5.407013e-001 1.693312e-001 -2.728105e-001 1.315469e-001 
1.280425e+001 1.601560e+001 -4.809691e+000 2.870035e+000 2.539854e-003 1.489486e+000 -2.157331e+000 1.184788e+000 8.363133e-001 -2.013422e+000 -1.071116e+000 -3.160877e-001 4.047859e-002 -9.954967e-001 5.387968e-001 7.622515e-001 -1.235132e+000 -8.976207e-001 1.501013e+000 6.478898e-001 -4.223203e-001 -3.136116e-001 -4.651901e-001 5.443233e-001 
1.907873e+001 1.390583e+001 -4.593124e+000 1.759272e+000 1.519886e+000 4.008197e-001 -2.789126e+000 2.194054e-001 -1.099717e-001 -2.133093e+000 -1.071055e+000 -6.567887e-001 1.408308e+000 4.980186e-002 7.760898e-001 6.199825e-001 -2.177212e+000 -4.107268e-001 1.337095e+000 -7.915265e-002 -3.851593e-001 -1.661965e-002 -1.559849e-001 1.119028e+000 
2.016525e+001 1.694034e+001 -7.078139e+000 3.314303e+000 -6.254027e-001 1.031544e+000 -4.305621e+000 9.405966e-002 -6.013271e-001 -2.653421e+000 -3.908760e-001 -6.393347e-001 1.785925e+000 5.095588e-001 3.964508e-001 4.642786e-001 -2.191628e+000 -7.042294e-001 1.882172e+000 -3.185557e-001 -4.300614e-001 -5.960985e-002 -9.993516e-002 6.649196e-001 
2.245263e+001 1.536295e+001 -4.866074e+000 1.000735e+000 -3.359829e-001 -3.200593e-001 -4.296522e+000 1.142636e+000 2.492827e-001 -3.083948e+000 -1.253190e-001 -3.049039e-002 1.554069e+000 8.698912e-001 6.062038e-001 -1.848148e-001 -1.589559e+000 -6.002298e-002 1.126264e+000 -2.534892e-001 -9.378937e-001 -3.504745e-001 -3.503125e-001 5.081600e-001 
2.070374e+001 1.749289e+001 -8.256630e+000 4.369455e+000 -2.369559e+000 2.249170e+000 -5.233728e+000 1.632637e+000 1.508111e-001 -2.561986e+000 -6.905246e-001 -1.564085e-001 1.190054e+000 -5.129551e-001 1.419499e-001 -5.380213e-001 -1.278343e+000 -2.608353e-001 2.056119e+000 2.860976e-001 -6.918597e-001 2.280762e-001 2.181395e-001 2.616688e-001 
2.044825e+001 1.783552e+001 -8.970919e+000 4.249439e+000 -3.499193e+000 1.953491e+000 -3.658253e+000 1.376821e+000 1.354486e+000 -3.426628e+000 4.565075e-001 -2.634330e-001 1.242227e+000 -1.392908e-001 -4.538965e-001 -7.579479e-001 -1.704748e+000 -1.294163e-001 1.459456e+000 2.187715e-001 8.916271e-002 6.765024e-001 5.941186e-001 5.262073e-001 
2.184219e+001 1.599000e+001 -8.067624e+000 2.111566e+000 -2.289030e+000 1.169724e+000 -3.566511e+000 1.348267e+000 1.474536e+000 -2.980661e+000 2.739121e-001 -1.314053e-002 1.140818e+000 6.979331e-002 -4.359317e-001 -8.027795e-001 -1.869812e+000 2.585872e-004 1.113851e+000 4.817611e-002 7.444259e-002 6.021472e-001 6.174704e-001 6.792018e-001 
2.035034e+001 1.713404e+001 -9.369822e+000 2.995127e+000 -2.653796e+000 1.563762e+000 -4.022480e+000 1.374706e+000 1.759348e+000 -2.815827e+000 4.550665e-001 -1.824599e-002 1.139397e+000 2.853761e-001 -2.956795e-001 -5.688193e-001 -1.804654e+000 -2.998176e-001 1.229423e+000 -4.384913e-001 5.233683e-002 3.410407e-001 7.921228e-001 5.651776e-001 
2.105520e+001 1.639336e+001 -7.720903e+000 1.696673e+000 -1.562269e+000 5.104942e-001 -3.265689e+000 9.001463e-001 1.771573e+000 -2.845882e+000 -8.427080e-002 1.804345e-001 9.410508e-001 6.669878e-001 -2.510551e-001 -6.765568e-001 -2.022250e+000 -9.195431e-003 1.181359e+000 -2.398739e-001 3.740553e-001 4.594768e-001 6.446623e-001 5.560018e-001 
2.057779e+001 1.734060e+001 -7.970301e+000 3.378806e+000 -3.188125e+000 1.684721e+000 -3.982620e+000 1.394885e+000 1.712298e+000 -2.981145e+000 -1.791001e-001 6.088592e-001 1.183399e+000 5.554379e-001 -1.111182e+000 -3.193006e-001 -2.278383e+000 -2.319836e-001 1.770832e+000 -5.020760e-001 8.391555e-001 -1.452711e-001 8.509596e-001 2.534625e-001 
