1.630277e+001 1.446018e+001 -3.900364e+000 2.229873e+000 5.149793e-001 2.050831e+000 -4.033732e+000 -1.531127e+000 1.662110e+000 -2.143962e+000 -3.009980e-001 -1.686680e+000 -1.846879e+000 -6.582164e-001 1.162056e+000 1.450002e+000 -8.854514e-001 -6.804090e-002 2.650757e-001 3.548504e-002 5.446606e-001 3.309864e-001 3.188580e-001 6.410516e-001 
1.556919e+001 1.567357e+001 -4.541465e+000 2.865156e+000 1.136683e+000 3.054388e+000 -4.515040e+000 -1.415395e+000 1.715164e+000 -2.752107e+000 -5.836627e-001 -1.530128e+000 -1.527909e+000 -7.345925e-001 1.525031e+000 1.066779e+000 -8.256511e-001 -8.562544e-002 -3.770808e-002 4.273250e-001 1.454599e-001 4.241062e-001 5.206997e-001 2.804542e-001 
1.340948e+001 1.452305e+001 -1.460754e+000 3.983652e+000 1.485234e+000 3.177680e+000 -3.526652e+000 -2.815737e+000 8.828573e-002 -1.564618e+000 2.274567e-001 -1.851127e+000 -1.415862e+000 3.438366e-001 1.232937e+000 1.459591e-001 -7.848291e-001 7.839115e-002 8.956333e-002 5.816629e-001 4.604020e-001 1.987274e-001 6.174652e-002 4.916658e-001 
1.293477e+001 1.458204e+001 -1.144959e+000 4.458450e+000 2.046851e+000 2.395070e+000 -3.968308e+000 -2.526176e+000 -3.651085e-001 -1.349698e+000 3.452512e-001 -1.780941e+000 -1.207010e+000 1.963357e-001 1.290694e+000 -2.885197e-001 -5.841559e-001 3.729832e-001 2.143067e-002 9.265172e-001 1.996498e-001 -1.284178e-001 7.980808e-002 6.851289e-001 
1.092615e+001 1.784895e+001 -4.141108e+000 7.229638e+000 2.290456e-001 4.383424e+000 -5.032603e+000 -2.734070e+000 7.039524e-001 -2.245918e+000 1.273482e+000 -2.818272e+000 -5.891640e-001 -1.228990e+000 2.085831e+000 -1.064261e-001 -6.446840e-001 9.341103e-001 -5.627863e-001 1.191768e+000 -3.271436e-001 4.528153e-001 -6.080805e-001 9.638906e-001 
1.399628e+001 1.516319e+001 -2.035638e+000 3.963269e+000 1.605536e+000 3.407334e+000 -4.450049e+000 -1.990336e+000 2.172431e-001 -2.089703e+000 -1.972943e-001 -2.012725e+000 -1.027310e+000 -2.611738e-001 1.659543e+000 4.088470e-001 -6.169977e-001 2.470720e-001 3.193252e-002 8.592620e-001 1.099724e-001 1.981975e-001 -1.634674e-001 6.053137e-001 
1.373139e+001 1.862115e+001 -6.252190e+000 4.485803e+000 -2.254288e-001 3.857502e+000 -5.343689e+000 -7.614429e-001 1.468507e+000 -3.480961e+000 -5.345576e-002 -2.011518e+000 -6.247140e-001 -1.560267e+000 2.387789e+000 2.561514e-001 -6.745324e-001 6.591013e-001 -1.733395e-002 1.181862e+000 -4.661974e-001 8.063080e-001 -6.736410e-001 2.790687e-001 
1.730595e+001 1.391349e+001 -3.116636e+000 2.580669e+000 2.303800e+000 1.774538e+000 -4.616839e+000 -5.387829e-001 1.359153e+000 -2.843958e+000 -6.109060e-001 -9.711845e-001 -1.886521e+000 -6.844529e-001 1.702512e+000 4.370457e-001 -8.320230e-001 6.062561e-002 6.196981e-001 5.509172e-001 -2.374471e-001 5.491933e-001 7.358440e-002 1.074383e-001 
1.478434e+001 1.670983e+001 -5.863724e+000 4.856380e+000 -8.290272e-001 3.310037e+000 -5.854555e+000 -6.370594e-001 2.329516e+000 -3.523169e+000 2.781067e-001 -1.953657e+000 -1.294735e+000 -1.372955e+000 2.055318e+000 1.611237e-001 -7.706569e-001 9.746790e-001 1.039577e-001 6.827253e-001 -3.651011e-001 7.104508e-001 -4.084779e-001 9.006609e-001 
1.765966e+001 1.362347e+001 -2.401880e+000 2.693197e+000 9.402917e-001 1.151872e+000 -4.791583e+000 -8.761774e-001 2.341299e+000 -2.387399e+000 -1.770575e-001 -1.106106e+000 -2.342390e+000 -9.172446e-001 8.027448e-001 7.537350e-001 -3.615223e-001 8.796529e-001 6.301497e-001 -7.288533e-002 1.233580e-001 9.081149e-002 2.782418e-001 2.885131e-001 
1.549454e+001 1.630799e+001 -4.365770e+000 5.323131e+000 1.720424e-001 3.118471e+000 -5.579754e+000 -8.005832e-001 2.012077e+000 -2.308672e+000 8.106526e-001 -1.244317e+000 -1.330653e+000 -1.696095e+000 8.537698e-001 8.352293e-002 -8.401963e-001 7.684485e-001 7.891532e-001 8.996576e-001 -1.113205e-001 3.756001e-001 -9.385009e-001 5.203496e-002 
1.732624e+001 1.391749e+001 -3.062300e+000 4.658589e+000 9.676171e-001 1.886684e+000 -5.362803e+000 -1.734491e+000 1.345345e+000 -1.640251e+000 7.922777e-001 -9.115418e-001 -1.211503e+000 -1.535734e+000 1.915678e-001 2.775720e-001 -6.992592e-001 7.346458e-001 1.119902e+000 8.163904e-001 2.963254e-001 2.478906e-001 -1.119865e+000 -2.086659e-001 
1.548526e+001 1.591338e+001 -4.974123e+000 5.870913e+000 -7.548447e-001 2.307258e+000 -5.621144e+000 -1.363059e+000 1.631221e+000 -2.200774e+000 4.657574e-001 -1.200162e+000 -6.209406e-001 -1.656761e+000 9.267507e-001 -2.322255e-001 -1.164507e+000 9.669887e-001 8.226339e-001 1.052593e+000 1.923250e-001 6.748789e-001 -8.703214e-001 4.850837e-002 
1.596472e+001 1.519664e+001 -3.741771e+000 5.292656e+000 3.440200e-001 1.899779e+000 -4.599500e+000 -1.964278e+000 1.747949e+000 -2.063856e+000 -2.361429e-001 -5.844993e-001 -6.659117e-001 -1.051011e+000 9.937214e-001 -2.406257e-002 -1.620846e+000 2.397191e-001 7.287263e-001 1.002444e+000 6.325262e-001 6.656124e-001 -4.216136e-001 -5.059186e-001 
1.459924e+001 1.730807e+001 -5.087908e+000 6.419395e+000 -8.396225e-001 2.710524e+000 -4.997587e+000 -1.560338e+000 1.987770e+000 -2.593354e+000 1.191575e-001 -1.392801e+000 -1.394882e-001 -1.332429e+000 1.410092e+000 1.565387e-001 -1.466020e+000 2.577297e-001 2.117091e-002 7.934759e-001 3.764227e-001 1.358628e+000 -2.568973e-001 -8.334298e-003 
1.645534e+001 1.543422e+001 -4.230892e+000 5.516009e+000 2.337404e-001 2.320939e+000 -4.183896e+000 -2.000516e+000 1.142239e+000 -2.036818e+000 -2.436168e-001 -8.788336e-001 -8.285497e-002 -1.148535e+000 8.676390e-001 2.090649e-001 -1.536050e+000 2.283745e-001 4.560540e-001 8.071594e-001 6.085751e-001 9.173270e-001 -2.019299e-001 -2.246571e-001 
1.680599e+001 1.537626e+001 -3.563417e+000 5.155776e+000 2.117327e-001 2.157264e+000 -4.562249e+000 -2.402543e+000 1.431641e+000 -2.308690e+000 -1.712592e-001 -4.504655e-001 -2.836191e-001 -1.183417e+000 3.398034e-001 4.846754e-001 -1.140609e+000 3.859175e-001 6.486385e-001 2.323905e-001 3.508043e-001 8.972084e-001 8.208813e-002 1.377728e-001 
1.748714e+001 1.453395e+001 -3.052888e+000 4.583473e+000 1.107429e+000 2.039206e+000 -4.789614e+000 -2.345080e+000 1.517914e+000 -1.667997e+000 -4.462449e-001 -6.343842e-001 -5.859090e-001 -1.406512e+000 8.900915e-001 6.138704e-001 -1.518432e+000 1.350820e-001 8.428429e-001 4.495747e-001 4.028878e-001 1.000817e+000 -9.581691e-002 -1.670623e-001 
1.898688e+001 1.279646e+001 -1.607516e+000 2.980783e+000 2.006988e+000 1.339927e+000 -3.775383e+000 -2.367121e+000 1.193320e+000 -1.771179e+000 -8.407575e-001 -1.628670e-001 -1.047016e+000 -9.616539e-001 5.332723e-001 6.680666e-001 -1.039955e+000 8.613693e-002 9.821817e-001 1.210459e-001 3.843006e-001 6.557694e-001 1.922329e-001 1.568421e-002 
1.685781e+001 1.348937e+001 -3.094665e+000 2.376903e+000 8.212284e-001 2.133776e+000 -3.653991e+000 -1.350768e+000 1.476893e+000 -2.022780e+000 -1.426923e-001 -1.614063e+000 -1.983822e+000 -7.637407e-001 1.152932e+000 1.571176e+000 -9.055820e-001 -2.161591e-001 3.420098e-001 6.712003e-002 5.190802e-001 3.292098e-001 3.161139e-001 5.779995e-001 
1.607808e+001 1.477345e+001 -4.390081e+000 1.877865e+000 1.196139e+000 1.885195e+000 -4.390504e+000 -1.300854e+000 1.793400e+000 -2.833720e+000 -1.059673e+000 -1.122787e+000 -1.582603e+000 -5.641309e-001 1.740482e+000 1.258824e+000 -9.395866e-001 -6.140600e-003 1.463738e-001 9.168966e-002 3.761769e-001 4.501050e-001 4.908210e-001 3.449786e-001 
1.263890e+001 1.566181e+001 -3.808893e+000 4.511125e+000 1.090591e+000 4.753432e+000 -4.120567e+000 -2.414597e+000 1.097507e+000 -2.228765e+000 -8.921911e-002 -2.080375e+000 -1.159321e+000 -3.034107e-001 1.475760e+000 4.532297e-001 -7.489658e-001 2.502375e-001 -1.853768e-001 3.327736e-001 4.786241e-002 3.750732e-001 5.241896e-002 6.132377e-001 
1.229825e+001 1.538074e+001 -2.381080e+000 5.168966e+000 1.767894e+000 3.174470e+000 -3.799428e+000 -2.101106e+000 -4.146054e-001 -1.672749e+000 3.438860e-001 -2.372934e+000 -6.825569e-001 6.376769e-001 1.660986e+000 -9.955363e-002 -1.038671e+000 4.811897e-002 -1.248098e-001 5.719908e-001 4.841587e-002 5.378309e-001 9.148202e-002 4.355185e-001 
1.285615e+001 1.482268e+001 -2.094113e+000 4.045496e+000 1.420195e+000 3.469401e+000 -3.794406e+000 -2.267461e+000 7.427646e-001 -1.581098e+000 -3.300078e-001 -2.323027e+000 -1.361669e+000 4.485898e-001 2.007109e+000 5.583322e-002 -7.852123e-001 4.877286e-001 -3.338367e-001 4.209367e-001 4.230343e-001 1.181259e-001 -6.502929e-002 5.093709e-001 
1.410687e+001 1.386114e+001 -1.079113e+000 3.738045e+000 2.111028e+000 3.049085e+000 -4.151505e+000 -2.451984e+000 2.824909e-001 -1.452574e+000 -4.733329e-001 -1.997382e+000 -1.103125e+000 -1.092913e-001 1.577959e+000 2.143760e-001 -6.277125e-001 4.962429e-001 1.131188e-001 6.930161e-001 1.907362e-001 -7.473195e-002 -2.002608e-001 4.583100e-001 
1.431323e+001 1.713530e+001 -4.285012e+000 3.143272e+000 3.882380e-001 3.353721e+000 -4.679514e+000 -8.360993e-001 1.148132e+000 -2.556748e+000 -5.478784e-001 -1.911827e+000 -4.759232e-001 -4.320198e-001 2.156371e+000 1.510975e-001 -7.534562e-001 5.267937e-001 -3.355808e-001 7.920652e-001 1.740765e-001 4.837958e-001 -4.899938e-001 5.521809e-001 
1.716599e+001 1.380192e+001 -3.269467e+000 2.026263e+000 2.385880e+000 1.564276e+000 -4.645586e+000 -5.992484e-001 9.557280e-001 -3.104604e+000 -8.511998e-001 -8.052477e-001 -1.409732e+000 -3.064495e-001 2.007625e+000 3.366957e-001 -1.165860e+000 -2.435924e-001 3.891154e-001 7.011843e-001 2.251235e-002 7.520289e-001 2.046328e-001 -7.872562e-002 
1.622919e+001 1.493404e+001 -4.336576e+000 3.282554e+000 3.308658e-001 2.469716e+000 -5.208860e+000 -8.212833e-001 1.822869e+000 -2.827396e+000 -3.155413e-001 -1.234609e+000 -1.495575e+000 -9.284249e-001 1.992765e+000 3.685790e-001 -1.040903e+000 3.535437e-001 3.018509e-001 6.666419e-001 3.234374e-002 6.635612e-001 -1.670280e-001 5.025251e-001 
1.697571e+001 1.528546e+001 -3.665370e+000 3.235411e+000 5.398566e-001 2.483768e+000 -5.204909e+000 -5.970116e-001 2.441700e+000 -2.766267e+000 4.594731e-002 -1.451723e+000 -2.171272e+000 -9.503451e-001 1.437611e+000 5.629044e-001 -5.304775e-001 9.187799e-001 2.825286e-001 7.076483e-002 8.522507e-002 1.950081e-001 -2.580302e-001 5.605948e-001 
1.599190e+001 1.492762e+001 -3.244657e+000 4.083297e+000 7.439313e-001 2.539459e+000 -5.278375e+000 -1.273577e+000 2.304505e+000 -2.270378e+000 4.399900e-001 -1.104048e+000 -1.782675e+000 -1.268859e+000 5.674706e-001 4.689410e-001 -4.931221e-001 8.647989e-001 6.764094e-001 3.242558e-001 -4.409593e-002 1.249312e-001 -2.175542e-001 2.262914e-001 
1.585847e+001 1.554937e+001 -4.400979e+000 4.980108e+000 -1.856461e-001 2.664590e+000 -5.482878e+000 -1.517552e+000 1.448732e+000 -2.014502e+000 8.022337e-001 -1.365382e+000 -1.068667e+000 -1.720360e+000 5.853558e-001 2.716462e-001 -5.210331e-001 9.395768e-001 9.837518e-001 9.564092e-001 -1.310981e-001 3.338558e-001 -1.101232e+000 3.536999e-003 
1.605513e+001 1.568616e+001 -4.640242e+000 5.818072e+000 -7.753800e-001 2.394707e+000 -5.821063e+000 -1.300672e+000 1.326317e+000 -2.169164e+000 8.698022e-001 -1.594379e+000 -7.851712e-001 -1.856776e+000 7.140155e-001 1.118075e-001 -7.306426e-001 1.018880e+000 8.744036e-001 1.137772e+000 9.381129e-002 5.271409e-001 -1.372618e+000 -2.294962e-002 
1.614125e+001 1.570831e+001 -4.163732e+000 5.273861e+000 2.828321e-001 2.124874e+000 -4.527195e+000 -1.754035e+000 1.385433e+000 -2.040703e+000 8.339022e-002 -8.278634e-001 -9.918516e-001 -1.585041e+000 8.859859e-001 1.801933e-001 -1.165985e+000 5.000586e-001 6.665529e-001 9.388171e-001 3.953102e-001 5.637458e-001 -5.818186e-001 -2.846827e-001 
1.737972e+001 1.405192e+001 -2.104463e+000 3.767533e+000 1.298055e+000 1.693289e+000 -4.274938e+000 -2.094507e+000 1.409762e+000 -2.224888e+000 -5.202052e-001 -4.145991e-001 -1.166406e+000 -9.406542e-001 8.386398e-001 3.914594e-001 -1.347236e+000 3.166159e-001 6.601306e-001 3.085252e-001 6.814256e-001 6.242309e-001 1.407710e-001 -1.485927e-001 
1.476040e+001 1.744177e+001 -5.888605e+000 6.962156e+000 -1.097695e+000 3.084846e+000 -5.165844e+000 -2.099181e+000 1.331169e+000 -2.550603e+000 4.562825e-001 -1.829174e+000 1.789467e-001 -1.814968e+000 1.468150e+000 1.951029e-002 -1.466758e+000 4.638160e-001 1.478513e-001 1.273103e+000 2.584838e-001 1.312899e+000 -6.435459e-001 -8.099513e-002 
1.798372e+001 1.324261e+001 -2.040961e+000 4.104656e+000 1.717895e+000 1.044366e+000 -4.273672e+000 -2.673571e+000 1.057466e+000 -1.758654e+000 -6.334418e-001 -5.053557e-001 -8.144020e-001 -7.452431e-001 2.954947e-001 2.476986e-001 -1.277602e+000 4.147071e-001 1.047147e+000 2.795687e-001 6.325417e-001 5.125905e-001 7.035423e-002 -3.399250e-002 
1.697897e+001 1.529867e+001 -4.054549e+000 5.396670e+000 4.229590e-001 2.409246e+000 -4.914551e+000 -2.394921e+000 1.126443e+000 -2.046055e+000 -3.040895e-001 -1.061114e+000 -5.057767e-001 -1.410130e+000 7.495019e-001 4.281797e-001 -1.193132e+000 2.404876e-001 5.077396e-001 6.116317e-001 4.540951e-001 1.000580e+000 -2.581757e-001 1.643809e-001 
