-1.211466e+001 7.365426e+000 -8.876543e+000 1.020858e-001 -1.796682e+000 8.488413e-001 -3.795025e-001 -1.613757e+000 2.135345e+000 -3.447017e+000 -1.519790e+000 -3.864784e-001 8.883480e-001 -8.200485e-001 5.283787e-001 -7.175555e-001 -5.213285e-001 6.806264e-001 3.751719e-001 5.939128e-001 -8.154649e-001 1.728294e+000 6.455547e-001 2.334733e-001 
-4.718276e+000 6.244657e+000 -8.990842e+000 5.268582e+000 -4.284694e+000 2.492212e+000 -8.425203e-002 -1.827433e+000 2.095616e+000 -2.329591e+000 -6.142128e-001 -1.284856e+000 9.151640e-001 -1.196969e+000 1.381149e+000 3.118735e-001 4.789788e-001 9.406492e-001 4.086048e-001 1.460328e+000 -1.240100e+000 1.019648e+000 5.477220e-004 7.378656e-001 
8.614261e-001 1.068038e+001 -5.499754e+000 3.373304e+000 -3.838757e+000 -3.175560e+000 -2.921954e+000 -3.912775e+000 1.342747e+000 -1.475515e+000 -2.238459e+000 7.615212e-002 -9.211121e-001 -2.203694e+000 -1.199156e+000 -3.543967e-001 -1.636891e-001 5.727398e-002 -9.027673e-003 -6.124104e-001 -4.807617e-001 2.102165e-001 -1.642594e-001 -3.331496e-001 
4.021080e+000 1.696072e+001 -1.030396e+001 5.340861e+000 -4.159217e+000 -6.883284e+000 -2.280327e+000 -4.131985e+000 4.114539e+000 -2.138953e+000 -2.690602e+000 3.074083e-001 -5.545064e-001 -2.876229e+000 -1.808113e+000 3.227162e-001 -1.005836e+000 3.598526e-002 -2.496868e-003 -1.170584e+000 -3.628253e-001 -8.312519e-001 -2.651839e-001 -3.518406e-001 
9.558578e+000 1.438908e+001 -7.213867e+000 3.698827e-001 -4.174760e+000 -7.855743e+000 -3.429871e+000 -1.743531e+000 2.781937e+000 8.497080e-001 -3.684974e+000 -3.875388e-001 -5.174443e-001 -2.586524e+000 -7.722545e-001 -8.898634e-001 -2.245575e-001 7.274476e-001 -1.000557e+000 -1.301453e+000 -6.452855e-001 -7.356394e-001 -3.183461e-001 -8.626354e-002 
1.268572e+001 1.496632e+001 -9.383102e+000 -6.220293e-001 -3.340389e+000 -7.028578e+000 -2.690995e+000 -1.502861e+000 2.494479e+000 1.635706e+000 -2.065383e+000 -5.721928e-001 -1.387085e+000 -1.871519e+000 -3.017814e-001 -8.301740e-001 5.853778e-001 8.001392e-001 -1.189699e+000 -8.491475e-001 -7.991418e-001 -8.338925e-001 4.928764e-002 -2.964513e-001 
1.190965e+001 1.668064e+001 -1.163443e+001 1.197376e+000 -3.745343e+000 -5.981613e+000 -1.925904e+000 -7.229438e-001 4.011251e+000 5.992532e-001 -2.577601e+000 -1.002311e+000 -5.548032e-001 -1.354859e+000 -1.013996e+000 -1.190480e-001 7.309664e-001 9.960598e-001 -7.377290e-001 -4.011725e-001 3.525607e-001 -9.751838e-001 -2.386059e-001 -4.388568e-002 
1.351263e+001 1.410708e+001 -9.632091e+000 -1.442976e+000 -3.394938e+000 -4.868719e+000 -2.449500e+000 -8.247852e-001 3.534179e+000 1.412433e-001 -3.195140e+000 -5.978115e-001 -4.760535e-001 -1.637235e+000 -8.778258e-001 -3.757179e-001 2.654522e-001 4.404645e-001 -8.514646e-001 -2.310515e-001 6.591520e-001 -8.902042e-001 -9.433671e-001 9.876624e-002 
1.351871e+001 1.418884e+001 -1.047856e+001 -1.562488e+000 -4.120061e+000 -4.672247e+000 -2.390451e+000 -1.490503e+000 2.965007e+000 -3.212390e-001 -3.119107e+000 -1.027495e+000 -1.012860e+000 -1.435381e+000 -1.082633e+000 -5.035468e-001 7.482821e-002 -2.120265e-001 -7.145884e-001 -2.253608e-003 2.350248e-001 -7.919943e-001 -6.923813e-001 -2.743927e-001 
1.521440e+001 1.391853e+001 -9.914486e+000 -1.631554e+000 -3.575554e+000 -4.864064e+000 -1.340267e+000 -1.384384e+000 2.669608e+000 6.425222e-001 -3.686128e+000 -9.398873e-001 -1.060199e+000 -2.084337e+000 -5.205114e-001 -6.220909e-001 4.705002e-002 1.171071e-001 -6.639005e-001 3.325069e-001 2.903128e-001 -6.698772e-001 -5.726748e-001 -4.522295e-001 
1.526637e+001 1.397635e+001 -1.059504e+001 -1.155212e+000 -3.596557e+000 -4.438396e+000 -1.034865e+000 -1.582099e+000 2.687917e+000 5.512515e-001 -3.673417e+000 -1.078606e+000 -1.065493e+000 -1.995284e+000 -6.866888e-001 -5.459861e-001 -8.456642e-002 4.322382e-002 -4.942230e-001 2.118179e-001 4.908532e-001 -6.096733e-001 -9.053707e-001 -2.798615e-001 
1.578980e+001 1.251306e+001 -9.738810e+000 -1.487179e+000 -4.241407e+000 -3.753569e+000 -1.663115e+000 -1.735034e+000 2.590298e+000 -2.271029e-001 -3.433505e+000 -1.051830e+000 -7.317806e-001 -1.798294e+000 -8.043966e-001 -4.751934e-001 -5.448854e-001 1.886775e-001 -7.659860e-001 -8.744985e-002 9.181204e-001 -1.013170e+000 -1.053090e+000 -4.087403e-002 
1.191354e+001 1.824947e+001 -1.458828e+001 1.650042e+000 -6.198311e+000 -3.293642e+000 -5.556662e-001 -3.424356e+000 4.407268e+000 -1.987066e+000 -2.327595e+000 -1.355737e+000 -9.839185e-001 -1.133374e+000 -1.352368e+000 -1.258644e-002 -1.055375e+000 5.512037e-001 -7.043171e-001 -4.585444e-001 1.358683e+000 -1.383771e+000 -6.040992e-001 -3.045610e-001 
1.405638e+001 1.593574e+001 -1.329009e+001 3.843285e-001 -6.102768e+000 -3.071844e+000 -1.698585e+000 -2.517164e+000 3.376018e+000 -1.652889e+000 -2.804953e+000 -1.677182e+000 -7.149804e-001 -1.118744e+000 -1.261732e+000 -1.530215e-001 -1.221532e+000 5.836488e-002 -7.070699e-001 -2.756225e-001 1.084667e+000 -1.333899e+000 -4.723084e-001 -5.624464e-001 
1.548515e+001 1.503441e+001 -1.293470e+001 -3.747309e-001 -5.077570e+000 -2.956853e+000 -1.403973e+000 -1.966492e+000 3.167523e+000 -1.496127e+000 -3.222596e+000 -1.600603e+000 -5.189479e-001 -1.111321e+000 -1.284123e+000 1.457421e-002 -1.210197e+000 -2.465955e-001 -3.117524e-001 -2.024475e-002 9.189008e-001 -8.507757e-001 -3.152313e-001 -7.478437e-001 
1.909334e+001 1.106298e+001 -9.241003e+000 -2.644131e+000 -3.180211e+000 -3.351343e+000 -1.007423e+000 -9.391409e-001 1.978715e+000 -3.161320e-001 -4.041748e+000 -1.776706e+000 -3.325831e-001 -8.014562e-001 -7.002493e-001 -9.163608e-001 -6.298799e-001 -5.068796e-001 -4.642221e-001 4.024946e-001 4.326021e-001 -2.966967e-001 -5.322093e-001 -6.076235e-001 
2.004293e+001 5.841779e+000 -3.770321e+000 -3.150169e+000 -1.950725e+000 -7.648269e-001 4.138318e-002 7.522209e-001 1.355017e+000 -5.514903e-001 -2.074277e+000 -9.633499e-001 3.992205e-001 2.931918e-001 -5.222598e-001 -5.500791e-001 3.894809e-002 -6.414080e-002 -2.191815e-001 -8.275037e-003 2.346359e-001 2.406981e-001 -1.929021e-001 -4.476474e-001 
-7.728663e+000 8.012224e+000 -1.069389e+001 3.667654e-001 -7.252385e-001 2.290439e+000 -1.007730e+000 -1.677235e+000 2.597377e+000 -1.765488e+000 -6.525761e-001 -9.520016e-001 9.803034e-002 -1.832702e+000 1.190966e-001 -5.766526e-001 -4.924908e-002 8.664219e-001 5.562595e-001 7.004896e-001 -9.678491e-001 1.555168e+000 8.808351e-002 -3.818293e-001 
-1.643665e+000 6.504588e+000 -9.068496e+000 3.906566e+000 -3.933689e+000 1.687129e+000 -1.525448e+000 -2.081712e+000 2.377373e+000 -1.564586e+000 -1.080456e+000 -1.435026e+000 2.260472e-001 -1.621699e+000 5.257604e-001 -1.313606e-001 1.530138e-001 8.957104e-001 5.432525e-001 4.989732e-001 -1.209246e+000 1.145181e+000 1.665015e-001 -9.478055e-002 
3.895524e+000 1.113499e+001 -5.926157e+000 3.518869e+000 -3.375598e+000 -3.563544e+000 -3.545116e+000 -3.429116e+000 1.320817e+000 -1.200994e+000 -2.567507e+000 -3.718434e-001 -2.999725e-001 -2.097377e+000 -1.178173e+000 -9.704986e-001 -7.824070e-001 3.780714e-001 5.023924e-001 -4.328192e-001 -7.962820e-001 -2.690214e-001 -5.680488e-001 2.611638e-001 
6.459013e+000 1.525649e+001 -8.990196e+000 3.580037e+000 -3.479651e+000 -6.432715e+000 -3.178265e+000 -3.099410e+000 3.283427e+000 -4.572376e-001 -3.622425e+000 3.093709e-001 -9.261129e-001 -2.799948e+000 -7.694220e-001 -4.257674e-001 -6.450046e-001 -3.262640e-001 1.261392e-001 -6.376102e-001 -9.214877e-001 -5.083876e-001 -6.833528e-001 2.189097e-001 
7.100186e+000 1.920822e+001 -1.069250e+001 1.543969e+000 -3.899220e+000 -8.023626e+000 -1.227425e+000 -2.884815e+000 3.322616e+000 1.879267e+000 -2.994603e+000 2.574245e-001 -9.915330e-001 -1.901999e+000 8.412527e-002 -1.146905e+000 3.328581e-001 7.717487e-001 -1.057209e+000 -7.512922e-001 -8.596247e-001 -8.885340e-001 -1.104664e-001 -3.371412e-002 
1.271430e+001 1.471186e+001 -1.031618e+001 -3.403232e-001 -3.159616e+000 -6.811412e+000 -2.396017e+000 -1.141972e+000 2.842969e+000 1.541527e+000 -2.199112e+000 -4.813484e-001 -1.184955e+000 -1.808411e+000 -5.224374e-001 -6.722676e-001 1.020818e+000 9.128554e-001 -1.195343e+000 -7.126719e-001 -4.964747e-001 -7.269462e-001 -9.594641e-002 -2.595684e-001 
1.273787e+001 1.463653e+001 -1.019693e+001 -2.220188e-001 -3.416269e+000 -5.696616e+000 -2.178969e+000 -3.978210e-001 3.558866e+000 4.700975e-001 -2.822777e+000 -6.100149e-001 -3.223726e-001 -1.592389e+000 -1.024332e+000 -1.196270e-001 8.259870e-001 8.669074e-001 -8.059865e-001 -3.211754e-001 4.835456e-001 -7.448703e-001 -4.750301e-001 1.365758e-002 
1.319395e+001 1.457708e+001 -9.912455e+000 -1.084901e+000 -3.465927e+000 -4.908586e+000 -2.345510e+000 -1.102601e+000 3.752577e+000 4.730954e-001 -3.149646e+000 -3.297431e-001 -4.108226e-001 -1.512501e+000 -6.029717e-001 -2.559765e-001 3.985088e-001 2.851951e-001 -9.014756e-001 -1.215133e-001 5.650907e-001 -8.320116e-001 -9.272059e-001 -2.091946e-002 
1.362465e+001 1.385549e+001 -1.039665e+001 -1.891541e+000 -3.868092e+000 -5.214250e+000 -1.968426e+000 -1.383119e+000 2.817257e+000 5.195867e-001 -3.240505e+000 -8.439175e-001 -8.323437e-001 -1.679299e+000 -5.513748e-001 -4.110763e-001 4.224771e-002 2.600356e-002 -7.625840e-001 4.763675e-003 3.253498e-001 -7.441388e-001 -8.125000e-001 -3.240970e-001 
1.469984e+001 1.363110e+001 -1.067746e+001 -1.668227e+000 -3.631505e+000 -5.009106e+000 -1.210188e+000 -1.597803e+000 2.720797e+000 8.543767e-001 -3.683890e+000 -6.955532e-001 -6.708476e-001 -1.770931e+000 -3.320437e-001 -5.544851e-001 -3.909813e-002 1.078166e-001 -5.703151e-001 1.416011e-001 2.757129e-001 -6.230928e-001 -8.012951e-001 -3.445829e-001 
1.324047e+001 1.605795e+001 -1.276171e+001 8.056821e-003 -4.135526e+000 -4.592126e+000 -6.542832e-001 -1.873744e+000 3.604986e+000 3.547737e-001 -3.502480e+000 -5.042319e-001 -7.305404e-001 -1.471977e+000 -5.184874e-001 -3.450850e-001 1.048468e-003 6.764714e-002 -4.206489e-001 1.178334e-001 6.512039e-001 -7.308466e-001 -1.073643e+000 -1.297598e-001 
1.463667e+001 1.419597e+001 -1.136602e+001 -1.288746e+000 -4.694832e+000 -3.958300e+000 -1.105979e+000 -1.530744e+000 3.235886e+000 -2.047080e-001 -3.281700e+000 -9.421019e-001 -1.147791e+000 -1.631038e+000 -8.853523e-001 -6.322855e-001 -2.129412e-001 3.714304e-001 -5.245660e-001 -9.454687e-002 7.413854e-001 -1.016338e+000 -1.138444e+000 -1.358434e-003 
1.524217e+001 1.421573e+001 -1.087286e+001 -1.598071e+000 -4.866956e+000 -4.172200e+000 -9.966217e-001 -2.127140e+000 2.664110e+000 -1.228511e-001 -3.689303e+000 -9.102965e-001 -1.087931e+000 -1.266866e+000 -8.036841e-001 -1.038214e+000 -1.087757e-001 -6.344806e-002 -5.411522e-001 -1.215826e-001 4.276170e-001 -7.107962e-001 -1.337775e+000 1.329718e-001 
1.620439e+001 1.408587e+001 -1.114647e+001 -1.433297e+000 -4.794681e+000 -4.278391e+000 -1.271588e+000 -1.904863e+000 2.629214e+000 -3.890927e-001 -3.668658e+000 -8.803443e-001 -7.605565e-001 -1.211220e+000 -5.683687e-001 -8.155454e-001 -5.621733e-001 -1.392767e-002 -4.964642e-001 -9.392833e-002 6.214032e-001 -6.842236e-001 -1.097560e+000 -8.258716e-002 
1.715001e+001 1.361033e+001 -1.157133e+001 -1.235451e+000 -4.621142e+000 -3.386534e+000 -1.556820e+000 -1.708883e+000 2.557679e+000 -9.484043e-001 -3.576166e+000 -1.645819e+000 -1.967852e-001 -7.157040e-001 -1.029651e+000 -4.226597e-001 -1.011314e+000 -4.152240e-001 -3.904687e-001 2.666575e-002 5.828984e-001 -6.410064e-001 -4.290718e-001 -5.590246e-001 
