-1.057363e+001 2.458518e+001 -4.389197e+000 1.921178e+000 1.411714e+000 -2.330032e+000 -1.212578e+000 -5.393240e+000 2.722610e+000 -9.802643e-001 -3.367420e+000 -4.627533e-001 2.803832e-001 -4.097457e-001 -2.211043e+000 -1.060623e+000 -9.847109e-001 -2.410447e+000 -1.770265e+000 -1.916238e+000 -9.499834e-001 -2.078647e+000 -2.503241e+000 -7.321446e-001 -1.443607e+000 -1.162893e+000 1.202242e-001 1.204086e-001 8.972937e-001 5.572179e-001 7.922906e-001 4.835927e-001 -5.951197e-001 1.805929e-001 -4.156425e-001 -9.902282e-001 
-8.836010e+000 2.184658e+001 -1.876296e+000 2.292599e+000 1.975312e+000 -1.281489e+000 -2.546452e+000 -4.657152e+000 1.761606e+000 -3.804325e-001 -4.163685e+000 -8.214876e-001 5.503769e-001 -2.272984e+000 -2.257316e+000 -1.170161e+000 -7.296875e-001 -1.205655e+000 -2.135603e+000 -1.860975e+000 -8.875186e-001 -1.704332e+000 -1.625776e+000 -4.227240e-001 -5.225925e-001 -6.370307e-001 -4.733404e-001 2.904820e-001 1.098069e+000 3.201722e-001 1.951129e-001 -3.103551e-001 -8.698618e-001 -1.996030e-001 -2.382253e-001 -7.559903e-001 
-7.888649e+000 1.756935e+001 -1.275464e+000 9.026546e-001 1.489210e+000 -1.408278e+000 -3.195087e+000 -3.075982e+000 1.199921e+000 -4.854152e-001 -4.241675e+000 -1.402238e+000 5.965656e-001 -1.624491e+000 -1.478125e+000 1.084057e-001 8.224518e-002 -1.392010e+000 -2.823782e+000 -2.286592e+000 -1.067493e+000 -1.952065e+000 -2.584087e+000 -1.210966e+000 -4.014787e-001 -3.752423e-001 -1.345524e-001 2.639984e-001 5.352092e-001 2.557389e-001 5.890756e-003 -6.878042e-003 -3.099568e-001 -3.152907e-001 -4.131132e-001 -7.061478e-001 
-8.449911e+000 2.051275e+001 -6.275329e-001 5.877219e-001 2.000889e-001 -1.687880e+000 -2.627051e+000 -3.394411e+000 1.593521e+000 -1.951673e-001 -4.016384e+000 -1.296445e+000 1.299946e+000 -9.599840e-001 -1.614845e+000 2.476919e-001 1.128383e-001 -1.858604e+000 -2.234819e+000 -1.882345e+000 -1.056069e+000 -1.888434e+000 -2.973688e+000 -1.224180e+000 -1.809375e-001 -3.679845e-001 2.375719e-001 2.296834e-001 2.036439e-001 6.506454e-001 6.558993e-001 1.665237e-001 -4.914501e-001 6.922868e-003 1.871653e-001 -6.502375e-001 
-8.609361e+000 2.036689e+001 -6.925680e-001 2.946912e-001 -2.998996e-001 -2.036729e+000 -2.195480e+000 -2.687003e+000 2.417164e+000 -3.361318e-001 -4.923473e+000 -1.491118e+000 5.704837e-001 -1.686341e+000 -9.766317e-001 6.125719e-001 6.787357e-001 -7.483651e-001 -2.313964e+000 -2.192210e+000 -1.558274e+000 -2.694662e+000 -2.717991e+000 -3.216969e-001 1.176028e-001 -7.476445e-001 8.577294e-002 5.503464e-001 4.318430e-001 4.704893e-001 2.143845e-002 -4.273813e-001 -1.156776e-001 2.958354e-001 -1.070061e-001 -6.090774e-001 
-6.453331e+000 2.165461e+001 -9.328139e-001 -8.886315e-001 -7.603319e-001 -2.334466e+000 -3.226021e+000 -2.703936e+000 2.408335e+000 2.947171e-001 -2.806349e+000 -6.635011e-001 1.715911e-001 -2.235341e+000 -1.851022e+000 1.500452e-001 1.060105e+000 -5.726326e-001 -2.322320e+000 -2.283664e+000 -2.026395e+000 -2.435867e+000 -2.059664e+000 -5.112924e-001 -3.903598e-001 -8.252828e-001 -7.963479e-002 -6.425984e-002 7.808480e-002 8.789865e-001 7.855834e-001 5.741310e-002 -5.030646e-001 2.023231e-002 1.275077e-001 -4.065983e-001 
-9.433039e+000 2.709846e+001 -3.487697e+000 2.275877e-001 -6.006011e-001 -3.737481e+000 -1.481318e+000 -4.549399e+000 4.363197e+000 -1.447004e+000 -3.063571e+000 -6.504797e-001 4.352215e-001 -1.920837e+000 -2.033359e+000 -1.506727e-003 5.626735e-001 -6.728571e-001 -2.178111e+000 -2.468203e+000 -1.738757e+000 -1.885441e+000 -1.755661e+000 -4.638744e-001 -7.401119e-001 -1.081740e+000 3.672390e-001 6.608147e-002 2.774358e-001 7.756638e-001 7.232248e-001 1.575480e-001 -1.111863e+000 3.420854e-001 -2.432067e-001 9.464282e-002 
-1.288291e+000 1.768446e+001 1.700439e+000 -5.961250e-001 2.769819e-001 -1.456023e+000 -3.626676e+000 -2.425061e+000 1.283259e+000 7.316113e-001 -1.728718e+000 -8.944436e-001 9.973694e-002 -1.232293e+000 -1.457580e+000 2.462479e-002 8.807238e-001 -8.513323e-002 -1.716905e+000 -2.198707e+000 -1.638166e+000 -1.486074e+000 -1.265623e+000 -5.264411e-001 -9.534236e-002 1.143340e-001 1.068890e-001 -1.096364e-001 2.066667e-001 6.487920e-001 6.488337e-001 4.589416e-001 -4.621337e-002 -1.943145e-001 -1.619486e-001 -3.599886e-001 
9.843650e-001 1.407183e+001 2.818862e+000 1.376516e+000 1.368201e+000 -2.361100e-001 -1.774538e+000 -1.526603e+000 -9.373388e-002 -5.971458e-001 -1.295215e+000 -1.875329e-001 4.459006e-001 -5.010549e-001 -8.802702e-001 -8.137079e-001 -1.498172e+000 -1.856198e+000 -1.050257e+000 -4.754047e-001 -4.662434e-001 -5.531422e-001 -4.417894e-001 -2.316061e-001 -4.839473e-001 -6.009656e-001 -6.395018e-002 2.749074e-001 4.771430e-001 7.051902e-001 4.617101e-001 5.338533e-002 -3.225514e-001 -3.117608e-001 -9.584681e-002 -1.139703e-001 
-6.999097e+000 1.984079e+001 -9.319067e-001 9.181424e-001 1.004926e+000 -1.453787e+000 -2.663780e+000 -2.456959e+000 2.006037e+000 -2.032932e-001 -3.205201e+000 -9.523223e-001 -2.747625e-001 -2.277654e+000 -2.473581e+000 -1.679523e+000 -1.353263e+000 -2.128337e+000 -2.012358e+000 -9.640116e-001 -1.015543e+000 -1.801140e+000 -1.168799e+000 -6.204653e-001 -1.003280e+000 -5.467816e-001 7.837148e-002 3.199203e-002 -3.015148e-001 4.466101e-002 8.587827e-001 1.378008e-001 -6.947506e-001 -1.326166e-001 -2.289875e-001 -5.706476e-001 
-1.006435e+001 2.012467e+001 -1.486949e+000 6.192141e-001 1.487699e+000 -1.149826e+000 -1.757577e+000 -2.604845e+000 1.345488e+000 -9.542712e-001 -2.458916e+000 8.938856e-001 1.175112e+000 -2.435859e+000 -2.478869e+000 -1.427086e+000 -1.939685e+000 -2.753682e+000 -1.678593e+000 -9.111860e-001 -6.118821e-001 -1.158048e+000 -1.367974e+000 -1.254104e+000 -1.479697e+000 -8.845039e-001 4.226907e-001 2.463015e-001 -5.157590e-002 1.409966e-001 8.030723e-001 6.577878e-001 -5.209723e-001 -5.819115e-001 1.842583e-002 -2.313857e-001 
-1.064924e+001 2.184510e+001 -2.089382e+000 1.406416e+000 2.609929e-002 -2.512400e+000 -9.671780e-001 -3.343269e+000 2.795747e+000 -3.037247e-001 -3.081184e+000 -2.865135e-001 3.621010e-001 -2.498962e+000 -2.619563e+000 -1.023720e+000 -1.096865e+000 -2.123578e+000 -1.618733e+000 -1.296605e+000 -7.590981e-001 -1.151797e+000 -1.595363e+000 -8.062365e-001 -1.188710e+000 -1.180490e+000 -1.912152e-001 5.279994e-001 3.285704e-001 -2.181900e-001 6.291373e-001 3.717939e-001 -5.337544e-001 8.328682e-002 2.248713e-001 1.348378e-002 
-9.159021e+000 1.968972e+001 -7.003800e-001 -8.615532e-002 -1.012689e+000 -2.776308e+000 -2.614916e+000 -2.035845e+000 3.949535e+000 1.843933e+000 -2.584962e+000 -4.904504e-001 6.933677e-001 -2.643428e+000 -3.193002e+000 -1.331872e+000 -6.894772e-001 -1.631600e+000 -1.837748e+000 -2.020224e+000 -1.771017e+000 -2.015892e+000 -1.704466e+000 -2.050413e-001 -2.779158e-001 -5.304130e-001 3.651773e-001 -3.286155e-001 -7.266680e-001 3.121771e-001 1.026112e+000 9.361544e-001 -1.102725e-001 -4.327664e-001 -1.870279e-001 -5.989723e-001 
-9.796564e+000 2.327300e+001 -2.111093e+000 -3.547282e-001 -1.406736e+000 -2.692570e+000 -1.776099e+000 -3.278861e+000 3.558422e+000 8.421949e-001 -3.088773e+000 -4.712149e-001 1.248228e+000 -2.137817e+000 -2.696305e+000 -7.830691e-001 3.510824e-001 -3.548590e-001 -1.690528e+000 -2.148756e+000 -1.544044e+000 -1.673357e+000 -1.390174e+000 -2.919277e-002 -7.350390e-001 -1.170171e+000 3.017974e-001 -3.324342e-001 -4.688227e-001 5.983982e-001 1.013314e+000 1.695213e-001 -7.228157e-001 3.319634e-002 -1.709214e-002 -5.918492e-001 
-7.032600e+000 2.212964e+001 -1.482174e+000 -1.030110e+000 -1.224536e-002 -1.595122e+000 -2.623618e+000 -2.563736e+000 2.972167e+000 -3.480069e-001 -3.845553e+000 -2.924118e-001 2.943239e-001 -2.902671e+000 -1.963788e+000 -5.323182e-001 -6.373751e-002 -1.158851e+000 -2.138962e+000 -1.283935e+000 -1.147071e+000 -2.527330e+000 -1.803207e+000 -2.338423e-002 -3.034147e-001 -6.801141e-001 4.347224e-001 -5.700042e-002 -5.335978e-001 4.759117e-001 8.672772e-001 9.664241e-002 -4.596984e-001 -2.245459e-001 -2.081073e-001 -4.478501e-001 
-7.544073e+000 2.025838e+001 -9.077248e-001 -3.347830e-001 4.362021e-002 -1.723263e+000 -2.074395e+000 -1.386054e+000 2.721459e+000 1.428873e-001 -3.250515e+000 -5.168977e-001 2.980853e-001 -2.604862e+000 -1.835491e+000 -2.019228e-001 -1.199357e-001 -1.050746e+000 -2.041202e+000 -1.607682e+000 -1.115669e+000 -2.438722e+000 -2.178579e+000 -1.833484e-001 2.660424e-001 -2.894387e-001 -3.918080e-001 -4.589635e-001 -1.454229e-002 2.662637e-001 4.472984e-001 2.768777e-001 -3.043311e-001 -1.133860e-001 -6.310441e-002 -4.627560e-001 
