10.287552125000001 6.10372675 -3.322729875 3.9388895500000003 1.1832337375000002 2.5944707499999997 -1.9157354374999997 0.2349977875 -0.27945195375000004 -0.3746175175 -0.5953218874999999 0.5235635625 
10.615119125 5.05533044875 -4.29525675 4.231123375 0.8115179625000001 2.65727175 -2.1162727749999997 0.39242346250000004 -0.356800075 -0.2680340725 -0.8605882250000001 0.3787223975 
11.236947875000002 4.602834375 -4.593276375 4.7371555 0.7312552875000001 2.7862461250000004 -2.153059625 0.6754519437500001 -0.5932182625 -0.28048615 -0.9382047499999999 0.37262924987499996 
11.319832962499998 3.95810375 -4.83550575 4.97760025 0.3483629624999999 2.682642375 -2.1581569125 0.7072309825 -0.5618983125 -0.2166303730125 -0.7515753624999999 0.23113279750000004 
11.3594115 2.5134597375 -4.893551499999999 4.931193625000001 0.5294172125000001 2.366967875 -1.9427913375 0.6106916625 -0.522831325 -0.08334206999999998 -0.671636725 0.169286785 
11.471216600000002 1.7075749624999998 -4.8754212500000005 4.786963375 0.1905416025 2.3758156250000004 -1.6540496875000001 0.7295927125 -0.28285510675 -0.0390422175 -0.64742372375 -0.05244017125 
11.440305925 1.2247405125000002 -5.326973375 5.023893750000001 -0.17510381249999998 2.6987477500000003 -1.603643725 1.0852952737500001 -0.43627744749999997 0.14047444999999997 -0.6706669000000001 -0.0048052624999999904 
13.901664375000001 3.3164921250000003 -2.910555875 4.467735125000001 0.5351059375000001 1.942097725 -1.3625666 0.20068854750000004 -0.2541224975 -0.21951345375 -0.283978 0.261237649125 
10.322452125 6.32536275 -3.272971375 4.10736075 1.2861706625000005 2.5805819000000003 -1.9405044375 0.16787526749999998 -0.20211281374999998 -0.355638731875 -0.5924800875 0.5543898512500001 
10.5393255 4.894668125 -4.472877875 3.7746602500000006 0.7709606124999999 2.83438025 -1.8539698250000003 0.5938621875 -0.11483144874999998 -0.2143921375 -0.8137896 0.32069256374999994 
11.066472512499999 4.579436125 -4.85824425 4.494780125 0.5121582875 2.79714075 -2.0573626 0.969773075 -0.37634004624999995 -0.12020404 -0.8707242000000002 0.4203217975000001 
11.163981125 4.1665239624999995 -4.9924606250000005 4.987760250000001 0.008613125000000055 2.807674375 -2.147658625 1.0605371287500003 -0.4375444675 0.063160625 -0.6318210650000001 0.39915143750000004 
11.507023862499999 2.8356082625000005 -4.934966875000001 4.8148047499999995 0.357470025 2.338964375 -2.0032194 0.7479061462500001 -0.3976453612499999 0.10431521750000003 -0.6254784125 0.18567886249999999 
11.620512925 2.0063289574999996 -4.630167125 4.857177375 0.1759169625 2.383180625 -1.7009571250000002 0.5966858749999999 -0.38067799874999997 0.015279528749999986 -0.50726243125 0.08806473625 
11.729158949999999 1.6568368262500002 -4.900544624999999 4.9526745000000005 -0.2540481875 2.4869003750000003 -1.7906297 0.814092625 -0.5121624925 0.2295807875 -0.42776791499999994 0.14052808500000002 
