6.271765e+000 1.829153e+001 -9.861223e+000 -8.045207e-002 -2.833633e+000 4.324315e-001 -2.874177e+000 -2.597589e+000 2.698778e+000 -2.678460e+000 -2.987075e+000 -2.104197e+000 1.088958e+000 -1.197226e+000 1.613842e-001 4.465225e-001 -1.925607e+000 -8.220069e-001 -4.714375e-001 -8.827537e-001 -1.534954e+000 -4.459579e-002 -5.952954e-001 -7.693519e-001 
8.510764e+000 1.581036e+001 -7.720919e+000 -1.975350e+000 -1.503088e+000 -4.486698e-001 -1.737606e+000 -2.224018e+000 1.660395e+000 -2.405270e+000 -5.033551e+000 -9.393387e-001 7.830799e-001 -5.658905e-001 5.416039e-002 4.556410e-003 -1.997701e+000 -1.498471e+000 3.094608e-001 -1.073000e+000 -1.508901e+000 3.504878e-002 -4.931618e-001 -7.419409e-001 
6.476832e+000 1.825405e+001 -9.857226e+000 9.274699e-002 -3.116778e+000 3.502955e-002 -1.680436e+000 -2.548843e+000 2.471805e+000 -2.726504e+000 -4.488906e+000 -1.503741e+000 1.522233e+000 -6.439569e-001 3.920286e-001 -2.213882e-001 -1.944342e+000 -1.449016e+000 1.990527e-001 -1.030790e+000 -1.861853e+000 3.420449e-001 -6.850041e-001 -6.576743e-001 
9.027969e+000 1.543214e+001 -7.135485e+000 -1.498004e+000 -1.604095e+000 -8.906489e-001 -1.480389e+000 -1.873027e+000 1.521184e+000 -2.104103e+000 -4.899251e+000 -1.178302e+000 9.489775e-001 -3.616746e-001 1.309796e-001 -1.550079e-001 -2.088129e+000 -1.108613e+000 1.191462e-002 -1.127664e+000 -1.203357e+000 -9.538047e-002 -2.651109e-001 -1.037783e+000 
8.747361e+000 1.544403e+001 -6.840261e+000 -1.823350e+000 -1.781922e+000 -5.638680e-001 -1.951170e+000 -1.827594e+000 1.733402e+000 -2.242380e+000 -4.524904e+000 -1.197159e+000 1.177918e+000 -2.221091e-001 -1.869402e-001 5.862765e-002 -2.016954e+000 -1.293993e+000 -1.994675e-001 -1.174414e+000 -8.750946e-001 -1.744008e-001 -5.140277e-001 -1.006660e+000 
8.233066e+000 1.660770e+001 -7.707830e+000 -1.284066e+000 -1.757517e+000 -4.028693e-001 -2.239945e+000 -2.145573e+000 1.743225e+000 -2.599618e+000 -4.402315e+000 -1.163163e+000 8.359292e-001 -3.892579e-001 -1.846195e-001 -1.926214e-001 -1.836446e+000 -1.403838e+000 -1.900377e-001 -1.072383e+000 -8.477922e-001 2.304858e-001 -8.229147e-001 -1.014707e+000 
8.839967e+000 1.495811e+001 -6.818253e+000 -2.144606e+000 -7.243119e-001 -7.140414e-001 -2.007253e+000 -1.935084e+000 1.244845e+000 -1.807772e+000 -4.436064e+000 -1.458590e+000 7.928820e-001 9.242562e-002 -1.277420e-001 -4.559927e-001 -1.758326e+000 -1.244854e+000 -3.624159e-001 -1.194946e+000 -6.213817e-001 4.914637e-002 -9.667967e-001 -7.438745e-001 
7.318710e+000 1.706466e+001 -8.777943e+000 -2.758001e-001 -1.459671e+000 -1.063451e-001 -1.941571e+000 -2.365011e+000 1.514636e+000 -2.376565e+000 -4.003102e+000 -1.579139e+000 9.169735e-001 -2.289809e-001 -1.413994e-001 -4.379371e-001 -1.834925e+000 -6.933276e-001 -5.372446e-001 -1.258717e+000 -6.700722e-001 -1.376610e-001 -7.086609e-001 -6.307945e-001 
8.258454e+000 1.625643e+001 -8.546893e+000 -6.001115e-001 -1.347319e+000 -4.188823e-001 -1.739297e+000 -2.381945e+000 1.442332e+000 -2.182571e+000 -3.850459e+000 -1.488968e+000 9.426278e-001 1.350822e-001 -7.230312e-001 -2.824476e-001 -1.249296e+000 -8.991551e-001 -5.273493e-001 -1.358600e+000 -7.434768e-001 -4.886552e-001 -7.125089e-001 -3.164746e-001 
7.309568e+000 1.772517e+001 -8.864551e+000 -1.936048e-001 -1.661554e+000 2.410747e-002 -2.073141e+000 -2.490453e+000 1.887809e+000 -3.026258e+000 -3.452254e+000 -1.576333e+000 8.526340e-001 -3.145363e-001 -1.143048e+000 7.835320e-002 -1.494865e+000 -4.251304e-001 -4.057083e-001 -1.676917e+000 -4.592345e-001 -7.388082e-001 -4.724008e-001 -3.111043e-001 
7.428139e+000 1.757531e+001 -8.386218e+000 2.606617e-001 -2.172296e+000 1.535177e-001 -2.406182e+000 -2.145497e+000 1.460393e+000 -2.802207e+000 -3.117073e+000 -1.212850e+000 7.930919e-001 -1.138591e+000 -7.247652e-001 2.770956e-002 -9.948931e-001 -6.986319e-001 -3.906961e-001 -1.533301e+000 -1.118591e+000 -9.798276e-002 -8.266348e-001 -1.688918e-001 
7.535883e+000 1.722107e+001 -8.297040e+000 9.658157e-001 -2.216283e+000 1.458262e-001 -2.460544e+000 -2.092569e+000 8.836766e-001 -2.608190e+000 -2.835012e+000 -1.071616e+000 8.134041e-001 -1.432762e+000 -5.230777e-001 -1.256115e-001 -7.117027e-001 -5.602313e-001 -9.078640e-001 -1.475513e+000 -8.561233e-001 -2.774750e-001 -7.216112e-001 -9.674998e-002 
8.507895e+000 1.605518e+001 -8.148652e+000 5.133823e-001 -1.438470e+000 1.013967e-001 -2.752768e+000 -2.008663e+000 9.524708e-001 -2.693526e+000 -2.738460e+000 -1.048553e+000 7.793593e-001 -1.138484e+000 -8.403571e-001 7.417259e-002 -8.238535e-001 -3.134350e-001 -8.630111e-001 -1.665892e+000 -7.768031e-001 -5.590344e-001 -5.932619e-001 -7.365928e-003 
8.923942e+000 1.596263e+001 -8.613751e+000 5.304798e-001 -1.653104e+000 2.915359e-001 -2.924861e+000 -2.658555e+000 9.430078e-001 -2.564032e+000 -2.446453e+000 -1.287480e+000 7.033781e-001 -8.447086e-001 -7.736555e-001 -4.010459e-002 -1.069021e+000 -2.207068e-001 -1.070969e+000 -1.617608e+000 -7.498874e-001 -7.365209e-001 -3.335289e-001 -5.286183e-002 
9.412533e+000 1.497868e+001 -7.639525e+000 -3.297005e-001 -9.905919e-002 3.763800e-001 -2.851662e+000 -2.911196e+000 7.155046e-001 -2.160812e+000 -2.721062e+000 -9.277413e-001 2.844614e-001 -8.976437e-001 -8.186426e-001 3.676544e-002 -1.006431e+000 -3.965264e-001 -7.839327e-001 -1.698517e+000 -7.722217e-001 -4.321700e-001 -2.825387e-001 -3.541234e-001 
9.538652e+000 1.460947e+001 -8.648422e+000 4.373750e-001 -6.319306e-001 1.265845e+000 -3.255969e+000 -3.292287e+000 5.902648e-001 -2.647180e+000 -2.330001e+000 -8.242210e-001 5.153433e-001 -1.249750e+000 -6.544519e-001 2.981402e-001 -1.439578e+000 -6.528278e-001 -6.247004e-001 -1.729418e+000 -9.549950e-001 -3.473505e-002 -3.367327e-001 -6.654567e-001 
9.647927e+000 1.475376e+001 -9.512559e+000 1.030602e+000 -1.372060e-001 1.721028e+000 -3.201142e+000 -3.192888e+000 7.263391e-001 -3.708103e+000 -1.816913e+000 -4.066298e-001 -1.533189e-001 -8.762094e-001 -5.901014e-001 2.062053e-001 -1.500157e+000 -6.208562e-001 -7.650591e-001 -1.640376e+000 -4.083226e-001 -2.489357e-001 -3.801552e-001 -5.232623e-001 
1.040246e+001 1.400498e+001 -9.774354e+000 1.255476e+000 -2.505710e-001 1.906996e+000 -3.524094e+000 -2.900733e+000 8.533557e-001 -3.829942e+000 -1.540724e+000 -2.865315e-001 -2.220359e-001 -1.156066e+000 -1.527435e-001 5.209562e-001 -1.886944e+000 -8.461296e-001 -7.792983e-001 -1.306034e+000 -3.879437e-001 -3.352040e-001 -4.927636e-001 -7.478436e-001 
1.091149e+001 1.452382e+001 -1.014582e+001 1.353388e+000 -6.386635e-002 2.045652e+000 -3.468426e+000 -3.452245e+000 1.420877e+000 -3.975726e+000 -1.665481e+000 4.775366e-002 -7.293724e-001 -1.154412e+000 1.437582e-001 9.683224e-001 -2.118495e+000 -1.201075e+000 -6.704837e-001 -1.294575e+000 -1.593442e-001 -4.057065e-001 -2.756127e-001 -1.020546e+000 
1.196675e+001 1.346225e+001 -9.471937e+000 7.617595e-001 4.905876e-001 2.055084e+000 -3.565243e+000 -3.172283e+000 1.312715e+000 -3.452392e+000 -2.174149e+000 8.405605e-002 -7.726566e-001 -1.400309e+000 8.072428e-001 8.801847e-001 -2.053632e+000 -1.553044e+000 -6.622890e-001 -9.086520e-001 -6.121227e-001 -5.100205e-002 -5.013288e-001 -1.276644e+000 
1.031209e+001 1.572461e+001 -1.110649e+001 2.718924e+000 -2.022492e-001 2.730302e+000 -4.263841e+000 -3.432884e+000 1.652537e+000 -4.350401e+000 -1.669603e+000 -4.403188e-001 -5.112279e-001 -1.554293e+000 1.289161e+000 9.257297e-001 -2.330646e+000 -2.053399e+000 -5.528415e-001 -5.465891e-001 -8.990906e-001 2.786439e-001 -5.104212e-001 -1.226933e+000 
1.217862e+001 1.288818e+001 -8.274254e+000 1.970264e+000 1.801288e+000 1.326993e+000 -4.007087e+000 -3.037766e+000 1.284933e+000 -2.980206e+000 -1.516248e+000 3.098162e-001 -1.165603e+000 -5.814448e-001 1.298166e+000 9.786918e-001 -1.885780e+000 -2.306032e+000 -3.014520e-001 -3.390077e-001 -7.432961e-001 7.307896e-002 -6.130649e-001 -1.358473e+000 
1.454640e+001 1.246541e+001 -4.980686e+000 -7.142776e-001 1.029300e+000 -8.404879e-001 -2.201196e+000 -5.364411e-001 1.678727e+000 -6.132109e-001 -1.380144e+000 -1.136996e-001 -5.549555e-001 -1.072691e-001 1.180072e+000 5.837550e-001 -6.826552e-001 -8.725804e-001 -5.939032e-001 -7.657697e-001 -5.680102e-001 -1.703742e-001 -2.461038e-001 -3.362112e-001 
6.817388e+000 1.686586e+001 -8.894006e+000 -1.358490e+000 -2.432202e+000 2.213558e-001 -2.085330e+000 -2.874946e+000 2.634256e+000 -2.514531e+000 -3.793067e+000 -1.189751e+000 4.806871e-001 -3.514042e-001 -2.184032e-001 5.276069e-001 -2.063297e+000 -8.742176e-001 -8.536614e-002 -1.204534e+000 -1.109012e+000 -7.477668e-001 1.886696e-001 -1.556566e+000 
7.345825e+000 1.626363e+001 -8.763679e+000 -1.278002e+000 -2.330027e+000 -3.816363e-001 -1.830015e+000 -2.261249e+000 2.177955e+000 -2.684834e+000 -4.082726e+000 -8.887247e-001 7.808724e-001 -1.425207e-001 2.614425e-001 2.002866e-001 -2.433785e+000 -9.133940e-001 -1.129939e-001 -1.241105e+000 -1.055797e+000 -5.425306e-001 1.853554e-001 -1.512390e+000 
7.737600e+000 1.562677e+001 -7.927265e+000 -6.997973e-001 -1.899404e+000 -1.429235e+000 -1.386622e+000 -1.996553e+000 2.005425e+000 -2.287010e+000 -4.978147e+000 -8.292930e-001 7.426030e-001 -3.792833e-001 2.328649e-001 -2.457150e-001 -2.070389e+000 -1.028739e+000 -2.224720e-001 -1.049245e+000 -1.069590e+000 -2.552021e-001 -1.054140e-001 -1.399301e+000 
6.933963e+000 1.739023e+001 -8.408345e+000 7.168378e-002 -2.551527e+000 4.057423e-002 -1.842295e+000 -2.092237e+000 2.308111e+000 -2.477224e+000 -4.521489e+000 -1.875488e+000 1.275797e+000 -6.373976e-001 -1.729094e-001 2.202629e-002 -1.931654e+000 -1.006659e+000 -4.790795e-001 -7.580007e-001 -8.961394e-001 -3.340222e-001 -3.487449e-001 -1.088635e+000 
7.547981e+000 1.732572e+001 -8.280106e+000 -6.350228e-001 -2.222926e+000 -1.082784e-002 -2.041063e+000 -2.005653e+000 2.064497e+000 -2.459856e+000 -4.370642e+000 -1.684279e+000 8.863711e-001 -1.047403e+000 1.587270e-001 1.990712e-001 -2.442569e+000 -1.068835e+000 1.552217e-001 -1.137481e+000 -1.036026e+000 1.643979e-001 -3.761272e-001 -1.448078e+000 
6.569785e+000 1.776985e+001 -8.848405e+000 -3.431203e-001 -2.861535e+000 -1.095307e-001 -1.472394e+000 -2.494469e+000 2.358102e+000 -2.618399e+000 -3.685942e+000 -1.297211e+000 9.738287e-001 -6.437236e-001 1.490288e-002 -1.151197e-001 -2.047839e+000 -8.098727e-001 -2.738002e-001 -1.198040e+000 -9.519590e-001 3.436482e-003 -5.968770e-001 -1.265349e+000 
7.537857e+000 1.648224e+001 -7.788062e+000 -1.040565e+000 -1.149552e+000 7.061999e-002 -2.165517e+000 -2.299687e+000 1.851910e+000 -2.344276e+000 -4.235821e+000 -1.306096e+000 8.409456e-001 -3.411229e-002 -5.042911e-001 -4.493803e-001 -1.482034e+000 -1.058465e+000 -3.537242e-001 -1.090571e+000 -6.815351e-001 -8.227051e-002 -7.685969e-001 -6.411807e-001 
6.599005e+000 1.745882e+001 -9.164928e+000 5.040946e-001 -1.750937e+000 4.797419e-001 -2.397413e+000 -2.451272e+000 1.680173e+000 -2.518333e+000 -3.505946e+000 -1.784762e+000 1.420841e+000 -6.415150e-001 -3.786036e-001 -3.332341e-001 -1.675661e+000 -7.366112e-001 -7.374274e-001 -8.984792e-001 -8.780889e-001 -2.052709e-001 -7.770522e-001 -5.205931e-001 
9.112987e+000 1.481873e+001 -6.215735e+000 -8.605840e-001 -6.239007e-001 -6.980073e-001 -2.231314e+000 -2.437853e+000 1.030799e+000 -2.121926e+000 -3.997300e+000 -1.148250e+000 5.414346e-001 -2.596017e-001 -9.971394e-001 -5.004762e-001 -1.169024e+000 -1.061564e+000 -1.904011e-001 -1.191425e+000 -7.893802e-001 -2.969435e-001 -8.975378e-001 -6.654815e-002 
7.475326e+000 1.672820e+001 -8.148462e+000 -4.492673e-001 -1.042122e+000 -7.757078e-001 -2.116447e+000 -2.899811e+000 1.612512e+000 -2.404768e+000 -3.731323e+000 -3.768282e-001 2.257251e-001 -6.548802e-001 -8.326022e-001 -3.722928e-001 -1.024367e+000 -9.847126e-001 -1.429334e-001 -1.500737e+000 -1.058458e+000 -1.638205e-001 -9.045262e-001 -1.054013e-001 
8.695825e+000 1.575972e+001 -6.983480e+000 -7.760069e-001 -7.717910e-001 -7.150118e-001 -2.801475e+000 -2.092865e+000 1.353517e+000 -2.106005e+000 -3.392735e+000 -7.041278e-001 5.836951e-001 -8.417530e-001 -5.906767e-001 -1.363747e-002 -1.252737e+000 -7.219008e-001 -2.452161e-001 -1.444030e+000 -9.640831e-001 -3.305657e-001 -7.433323e-001 -2.504020e-001 
8.211440e+000 1.616789e+001 -7.955395e+000 5.590367e-001 -1.819571e+000 -7.009913e-001 -2.518635e+000 -2.255090e+000 1.314611e+000 -2.256152e+000 -2.974311e+000 -1.138990e+000 5.882906e-001 -5.224509e-001 -4.079654e-001 -1.117972e-001 -1.230371e+000 -6.304198e-001 -7.744885e-001 -1.387172e+000 -5.874654e-001 -5.816086e-001 -9.354573e-001 -3.679709e-002 
7.623513e+000 1.768364e+001 -9.450781e+000 1.809384e+000 -2.544258e+000 -9.626291e-002 -3.060664e+000 -1.997871e+000 1.232089e+000 -3.101753e+000 -2.044534e+000 -1.986622e+000 6.770984e-001 -1.125735e+000 5.230994e-003 -4.851490e-001 -9.669169e-001 -2.249355e-001 -1.226586e+000 -1.267976e+000 -7.751998e-001 -4.465928e-001 -7.618227e-001 -8.293845e-002 
9.743563e+000 1.445718e+001 -6.559522e+000 -9.665155e-001 -4.487739e-001 -4.079411e-001 -3.457252e+000 -2.669224e+000 1.073504e+000 -2.228736e+000 -2.872844e+000 -6.099280e-001 1.343047e-001 -7.653330e-001 -3.771518e-001 -2.048010e-002 -1.217426e+000 -4.857229e-001 -8.310934e-001 -1.722295e+000 -8.964900e-001 -3.950560e-001 -2.275825e-001 -6.770075e-001 
7.646965e+000 1.733033e+001 -9.158018e+000 7.692153e-001 -1.356152e+000 8.470708e-001 -3.846502e+000 -3.083197e+000 1.244021e+000 -2.663238e+000 -2.367452e+000 -9.592328e-001 7.250156e-001 -1.649817e+000 -3.585308e-001 2.466286e-001 -1.206768e+000 -6.601152e-001 -6.261615e-001 -1.710546e+000 -1.172889e+000 6.173490e-002 -4.554447e-001 -6.001268e-001 
9.677777e+000 1.485106e+001 -7.522178e+000 -2.996633e-001 -7.917945e-002 4.037441e-001 -3.844073e+000 -3.268480e+000 5.039055e-001 -2.299181e+000 -1.816378e+000 -3.196819e-001 -3.500799e-002 -1.266472e+000 -7.054453e-001 3.125833e-001 -9.552045e-001 -5.777099e-001 -8.440157e-001 -1.890986e+000 -9.516967e-001 -1.805020e-001 -3.485443e-001 -3.199233e-001 
8.755678e+000 1.638654e+001 -9.681895e+000 1.570275e+000 -8.323197e-001 1.051761e+000 -4.449626e+000 -3.383273e+000 1.362497e+000 -3.114335e+000 -1.245886e+000 -8.199127e-001 1.641599e-001 -1.806223e+000 -2.360831e-001 9.000385e-001 -1.464901e+000 -6.805103e-001 -7.664665e-001 -1.660090e+000 -1.123160e+000 -7.705877e-002 -1.731236e-001 -6.464166e-001 
1.056666e+001 1.522217e+001 -9.366941e+000 8.501043e-001 -8.425639e-001 7.627092e-001 -4.353585e+000 -3.293248e+000 1.970568e+000 -2.994821e+000 -1.521470e+000 -7.802632e-001 -9.621343e-001 -1.181823e+000 -2.433261e-002 1.099771e+000 -1.654961e+000 -7.149683e-001 -9.352033e-001 -1.746410e+000 -3.335790e-001 -6.073062e-001 -1.994284e-001 -9.372770e-001 
1.073150e+001 1.586505e+001 -9.968555e+000 1.174360e+000 -8.748385e-001 1.081396e+000 -4.143424e+000 -3.715273e+000 2.472232e+000 -2.727457e+000 -1.856666e+000 -4.419324e-001 -8.460433e-001 -1.624023e+000 3.502191e-001 1.789152e+000 -1.955814e+000 -1.229965e+000 -5.823733e-001 -1.564284e+000 -6.256736e-001 -3.724718e-001 -4.194665e-002 -1.534915e+000 
1.118110e+001 1.484499e+001 -8.928109e+000 6.112979e-001 -3.820722e-002 7.973854e-001 -4.682629e+000 -3.543156e+000 1.989922e+000 -2.567082e+000 -2.088352e+000 -1.324347e-001 -1.316942e+000 -1.971278e+000 8.419051e-001 1.501361e+000 -1.660534e+000 -1.555432e+000 -5.367039e-001 -1.319948e+000 -9.867020e-001 1.367787e-001 -4.879791e-001 -1.334174e+000 
1.064883e+001 1.406370e+001 -9.507317e+000 2.003268e+000 -2.318033e-001 9.723397e-001 -5.158184e+000 -3.632050e+000 1.148910e+000 -2.806043e+000 -7.432665e-001 3.015727e-001 -1.405301e+000 -2.127222e+000 8.623992e-001 1.136939e+000 -8.837839e-001 -1.477493e+000 -8.474830e-001 -1.221345e+000 -1.941209e+000 1.952728e-001 -1.694052e-001 -4.007938e-001 
