6.154038e+000 1.588988e+001 -2.173800e+000 3.395064e+000 6.282570e-001 3.707922e+000 -4.935241e+000 -2.616808e+000 2.215362e+000 1.114668e-001 -1.212685e+000 1.075841e+000 1.116766e+000 -1.089924e+000 -1.854787e+000 -6.731682e-001 5.196974e-001 -1.450694e-001 -6.452028e-001 9.949425e-001 4.202807e-001 -9.027063e-001 -7.253683e-002 -2.042794e-001 
7.253830e+000 1.481632e+001 -3.096331e+000 3.361125e+000 -7.837589e-002 1.890483e+000 -5.160014e+000 -1.349512e+000 2.865713e+000 4.220346e-001 -9.349104e-002 1.297561e+000 1.398992e+000 -1.510630e+000 -9.262674e-001 -1.677841e+000 3.509785e-001 2.001345e-002 -1.135477e+000 8.464767e-001 -4.924458e-001 -7.518485e-001 -4.527700e-001 7.939129e-002 
8.448993e+000 1.587190e+001 -3.954611e+000 3.756298e+000 4.923377e-001 1.682452e+000 -6.193047e+000 -1.508240e+000 2.260831e+000 1.486342e+000 -5.965302e-001 5.839151e-001 1.151332e+000 -1.671465e+000 -1.300514e+000 -1.361323e+000 1.297695e+000 -5.738040e-001 -6.933091e-001 5.017391e-001 6.334683e-002 -9.883180e-001 -3.101469e-001 -1.823814e-001 
1.072213e+001 1.451164e+001 -2.833060e+000 2.522068e+000 1.712664e+000 -8.923841e-001 -6.199484e+000 -1.656374e+000 2.622660e+000 1.350142e+000 -3.746266e-001 6.286260e-001 9.818364e-001 -1.896523e+000 -1.652931e+000 -6.204077e-001 8.543487e-001 -2.476851e-001 -6.963573e-001 3.879871e-001 -4.889929e-001 -6.327999e-001 -3.802341e-001 -1.930570e-001 
1.141046e+001 1.717178e+001 -4.784039e+000 2.033223e+000 5.385457e-001 1.173855e+000 -7.697985e+000 -1.614348e+000 2.468005e+000 1.173614e+000 -1.411043e+000 8.238409e-001 8.626263e-001 -1.701653e+000 -1.856478e+000 -9.061154e-001 9.280123e-001 -7.756568e-001 5.492506e-001 6.065442e-001 -2.236227e-001 -1.110293e+000 -3.385495e-001 -2.642835e-001 
1.180301e+001 1.735006e+001 -3.756518e+000 1.861805e+000 2.183685e-001 4.096544e-001 -8.610916e+000 -1.660558e+000 2.980541e+000 1.312261e+000 -3.169004e+000 1.098781e+000 5.463574e-001 -2.424786e+000 -1.445628e+000 2.999015e-001 5.571805e-001 -5.952260e-001 1.341537e+000 2.160294e-001 -1.191902e-001 -6.126121e-001 -4.492689e-001 -4.600575e-001 
1.367299e+001 1.646714e+001 -5.097176e+000 1.447298e+000 -5.600558e-002 -2.086385e-001 -8.496711e+000 -1.844637e+000 4.390114e+000 1.075381e+000 -3.709772e+000 1.221070e+000 3.792726e-001 -2.991112e+000 -1.062154e+000 1.924663e-001 2.317906e-001 -5.523843e-001 8.058828e-001 -8.959432e-002 -3.868942e-001 -4.277469e-001 -3.673162e-001 -5.719831e-001 
1.595800e+001 1.676062e+001 -5.257572e+000 3.770354e+000 -1.136332e+000 -5.464328e-002 -8.023846e+000 -8.931256e-001 3.937678e+000 1.740253e+000 -3.322329e+000 3.560000e-001 1.102672e-001 -2.582994e+000 -3.547372e-001 -2.176880e-001 5.873327e-001 1.783200e-001 3.891420e-001 -5.730494e-001 -4.216836e-001 -1.197420e+000 -4.062483e-002 1.035746e+000 
1.789406e+001 1.451758e+001 -5.765271e+000 4.214405e+000 -1.489954e+000 -1.323461e+000 -7.046924e+000 -5.738659e-001 3.517966e+000 2.887753e+000 -2.570313e+000 -1.321240e-002 -1.032505e+000 -2.049624e+000 2.239431e-001 -5.397592e-001 1.465186e+000 -6.105790e-001 -2.519241e-001 -1.001381e+000 3.613421e-001 -1.424943e+000 -5.680220e-001 1.449235e+000 
1.753365e+001 1.460429e+001 -6.356360e+000 4.591069e+000 -2.853864e+000 -1.720106e+000 -7.430668e+000 -1.429304e-002 2.952027e+000 3.287438e+000 -3.444669e+000 -3.449835e-001 -8.503907e-001 -1.555886e+000 -2.284559e-001 4.500309e-003 1.059288e+000 -1.036681e-001 -8.035336e-001 -4.180455e-001 5.969557e-001 -1.213906e+000 -8.363697e-001 1.412901e+000 
1.897569e+001 1.476280e+001 -6.089889e+000 4.349778e+000 -1.335150e+000 -2.239164e+000 -5.984267e+000 -1.213707e-001 2.888194e+000 3.122680e+000 -3.872625e+000 6.601309e-001 -7.565178e-001 -1.550730e+000 -5.761494e-001 -3.345083e-001 9.929637e-001 -3.451206e-001 -8.062915e-001 -5.068308e-001 3.311375e-001 -1.192038e+000 -7.582585e-001 1.207622e+000 
1.894054e+001 1.255339e+001 -6.373058e+000 3.424728e+000 -1.322506e+000 -2.697040e+000 -6.475960e+000 -1.368448e+000 2.576234e+000 2.591955e+000 -3.845914e+000 4.416670e-001 -5.138555e-001 -1.576384e+000 -4.029704e-001 -3.067328e-001 5.285674e-001 -7.930229e-001 -5.394973e-001 -3.107790e-002 4.410615e-001 -1.036849e+000 -6.840614e-001 9.488865e-001 
1.903948e+001 1.248254e+001 -6.611901e+000 3.658043e+000 -2.790911e-001 -2.713765e+000 -6.792254e+000 -8.818276e-001 1.940543e+000 2.170644e+000 -3.593191e+000 4.934522e-001 1.710568e-001 -1.422022e+000 -3.575476e-001 -9.976173e-001 3.845505e-001 -5.601025e-001 -2.924882e-001 -7.965459e-002 2.377723e-001 -1.047566e+000 -3.029829e-001 1.324503e+000 
1.905890e+001 1.361650e+001 -6.156995e+000 5.121553e+000 -5.083642e-001 -5.680288e-001 -7.521160e+000 -5.936612e-001 2.441575e+000 2.729857e+000 -3.385220e+000 4.362999e-001 3.321033e-001 -1.143223e+000 6.211360e-002 -1.089524e+000 3.625633e-001 -1.338384e+000 -8.510480e-002 2.590062e-002 3.258596e-001 -1.009678e+000 -3.227306e-001 1.252485e+000 
1.963031e+001 1.204151e+001 -5.912981e+000 5.046582e+000 -5.495138e-001 -1.346700e+000 -7.431141e+000 -3.933960e-001 2.340496e+000 2.422215e+000 -2.743755e+000 -6.295683e-002 4.470309e-001 -9.036354e-001 4.284436e-001 -1.406663e+000 -5.826133e-002 -1.038078e+000 -1.441553e-001 -6.308028e-002 9.623150e-003 -9.730743e-001 -3.778758e-002 1.424442e+000 
2.110871e+001 1.009230e+001 -4.719181e+000 2.693081e+000 1.090794e+000 -2.788792e+000 -6.477464e+000 -1.594597e+000 2.341776e+000 1.285660e+000 -1.979732e+000 -8.234008e-002 5.076536e-001 -4.129720e-001 4.824243e-001 -5.966236e-001 -3.983513e-001 -6.311179e-001 1.806921e-001 2.864139e-001 -5.013449e-002 -3.630367e-001 2.378888e-001 1.396541e+000 
1.627466e+001 1.012479e+001 -2.229789e+000 2.521465e+000 3.001380e+000 -5.881114e-001 -2.967906e+000 -8.161243e-001 1.846101e+000 3.937709e-001 -6.971794e-001 5.116783e-001 4.681568e-001 -6.196479e-001 -2.360458e-001 -6.127446e-002 -5.075383e-001 -8.496091e-001 -5.847981e-001 4.684353e-002 -2.827424e-001 -2.923427e-001 2.261443e-001 5.400370e-001 
6.981005e+000 1.620802e+001 -1.849287e+000 4.243613e+000 9.439391e-001 3.107231e+000 -4.946253e+000 -2.263976e+000 2.155941e+000 4.935913e-001 -6.864524e-001 8.539508e-001 8.452845e-001 -1.184666e+000 -1.860775e+000 -1.189991e+000 6.669040e-001 1.028640e-001 -7.020212e-001 8.130460e-001 1.300108e-001 -8.213013e-001 -9.078758e-002 4.691453e-002 
7.514180e+000 1.746925e+001 -3.138513e+000 4.266375e+000 3.743610e-001 2.208296e+000 -6.047962e+000 -1.699515e+000 1.830820e+000 5.923672e-001 -3.703951e-001 5.174681e-001 7.721224e-001 -1.607523e+000 -1.184650e+000 -1.386066e+000 1.176465e+000 -1.048372e-001 -4.287863e-001 8.795268e-001 -1.593914e-001 -8.715460e-001 1.411443e-001 1.699209e-001 
9.908934e+000 1.555429e+001 -2.976265e+000 3.496306e+000 1.130906e+000 5.604940e-001 -6.902229e+000 -1.601673e+000 2.240484e+000 8.417592e-001 -9.145971e-001 2.597991e-001 7.928170e-001 -1.668753e+000 -1.117902e+000 -9.895686e-001 1.180930e+000 -2.947100e-001 -2.865234e-001 9.714958e-001 -2.385789e-001 -7.160462e-001 -4.976672e-002 -1.916447e-001 
1.150523e+001 1.569848e+001 -3.770050e+000 1.782901e+000 1.568863e+000 -5.587187e-001 -6.433096e+000 -2.679142e+000 2.421364e+000 1.010064e+000 -8.301044e-001 4.130646e-001 7.178064e-001 -1.975201e+000 -1.687046e+000 -4.031116e-001 7.042945e-001 -2.504096e-001 -1.838828e-001 7.067601e-001 -1.367528e-001 -6.028164e-001 -6.067432e-001 -1.237527e-001 
1.129120e+001 1.786620e+001 -4.390900e+000 2.135535e+000 7.279285e-001 1.337743e+000 -8.460428e+000 -1.218078e+000 2.645087e+000 1.468530e+000 -1.717207e+000 1.077892e+000 5.369392e-001 -2.174471e+000 -1.761268e+000 -1.550152e-001 6.401994e-001 -8.405263e-001 6.106814e-001 5.739232e-001 -3.474962e-001 -7.788999e-001 -4.507253e-001 -4.416786e-001 
1.557972e+001 1.451625e+001 -1.584255e+000 9.302392e-001 2.143691e+000 -1.494958e+000 -6.443077e+000 -1.651961e+000 3.737925e+000 9.946302e-001 -2.020088e+000 2.705003e-001 6.309983e-001 -1.891124e+000 -1.655413e+000 -1.934756e-002 5.786522e-001 -2.369311e-001 -1.916322e-002 4.433044e-001 1.007439e-001 -7.421677e-001 -1.080218e+000 -1.862775e-001 
1.569259e+001 1.477281e+001 -3.879604e+000 1.219574e+000 8.085302e-001 -1.454876e+000 -7.844715e+000 -1.613405e+000 5.039869e+000 1.213734e+000 -3.453178e+000 5.848639e-001 5.726257e-001 -2.778826e+000 -6.938224e-001 8.120717e-002 -1.254893e-001 -1.932885e-001 2.464017e-001 -1.197699e-001 -4.564492e-001 -7.733657e-001 -5.072737e-001 1.434668e-002 
1.803549e+001 1.340738e+001 -3.815045e+000 2.489679e+000 -8.614070e-002 -2.817807e+000 -6.577138e+000 -1.383661e+000 4.291465e+000 1.744201e+000 -2.856432e+000 -8.633174e-001 -1.674199e-001 -1.708988e+000 -2.262387e-001 -1.139214e-001 2.800909e-001 2.766352e-002 -1.498377e-001 -1.239447e-001 -1.896696e-001 -1.332307e+000 -4.816105e-001 1.272860e+000 
1.811770e+001 1.321654e+001 -5.489825e+000 3.356020e+000 -2.258225e+000 -2.204378e+000 -6.643722e+000 -7.050340e-001 3.502086e+000 2.490209e+000 -2.682386e+000 -7.796988e-001 -3.493578e-001 -1.960519e+000 -3.410572e-001 -4.681625e-001 1.132601e+000 -2.502269e-001 -6.355398e-001 -6.565420e-001 1.578462e-001 -1.368782e+000 -6.627187e-001 1.482257e+000 
1.869109e+001 1.342701e+001 -5.790458e+000 3.289103e+000 -1.785212e+000 -2.906477e+000 -6.292048e+000 -8.549227e-001 3.670433e+000 2.203968e+000 -2.714930e+000 -6.547485e-001 -5.935908e-001 -1.632523e+000 -2.457583e-001 -3.675398e-001 8.020266e-001 -2.400539e-001 -7.732035e-001 -5.208137e-001 3.269223e-001 -1.156111e+000 -8.214595e-001 1.334649e+000 
1.885531e+001 1.308074e+001 -5.961627e+000 4.324668e+000 -2.136329e+000 -2.454950e+000 -6.990320e+000 -6.828775e-001 2.666702e+000 3.122828e+000 -4.241739e+000 2.745846e-001 -8.456841e-001 -1.431806e+000 1.076259e-002 -5.298515e-001 8.316420e-001 -7.816652e-001 -4.800636e-001 6.783032e-003 4.025582e-001 -9.509679e-001 -9.604451e-001 1.127747e+000 
1.883025e+001 1.352901e+001 -6.249304e+000 4.637634e+000 -8.656079e-001 -1.837864e+000 -7.189868e+000 -2.745133e-001 2.117044e+000 3.303774e+000 -4.378143e+000 1.170508e+000 -7.106298e-001 -8.693040e-001 -7.160136e-001 -7.828186e-002 4.342724e-003 -3.791420e-001 -7.714588e-001 2.560099e-001 1.979277e-001 -8.701949e-001 -7.272425e-001 1.218714e+000 
1.949734e+001 1.234112e+001 -6.378084e+000 3.521390e+000 -1.366287e-001 -1.919564e+000 -6.477771e+000 -1.569702e+000 2.155168e+000 2.190565e+000 -2.967261e+000 4.327716e-001 4.879573e-001 -1.608136e+000 -4.213897e-002 -1.022246e+000 4.346302e-001 -9.138517e-001 -5.108575e-001 8.306379e-002 3.863940e-001 -9.184263e-001 -4.900333e-001 1.284132e+000 
1.978517e+001 1.255684e+001 -6.243556e+000 4.397346e+000 -8.367537e-001 -7.654957e-001 -7.128875e+000 -8.518986e-001 1.962392e+000 2.227655e+000 -2.364425e+000 1.536633e-001 7.195843e-001 -1.680002e+000 1.651604e-001 -1.030585e+000 2.168138e-001 -7.559952e-001 -5.568726e-001 2.749789e-003 2.313460e-001 -8.919058e-001 -9.446266e-002 1.214153e+000 
1.941083e+001 1.299511e+001 -6.342780e+000 5.190917e+000 -3.972901e-001 -1.030420e+000 -7.724839e+000 -1.406839e-002 1.497942e+000 2.560559e+000 -2.915430e+000 2.861786e-001 6.440022e-002 -7.370414e-001 2.657345e-001 -1.106053e+000 -6.925813e-002 -1.261602e+000 8.117987e-002 -3.623463e-001 2.375410e-001 -7.185258e-001 -5.382303e-003 1.370586e+000 
