1.334499e+001 1.236242e+001 -1.503345e+001 1.877805e+000 -3.435093e+000 8.862000e-001 -5.098908e-001 -2.602989e+000 -2.169638e-001 -3.678040e+000 -6.292718e-001 7.897918e-002 -1.418827e-001 -7.476573e-001 -4.451824e-001 -1.004335e+000 1.349917e-001 1.948753e+000 -5.833992e-001 -8.224103e-001 1.065879e+000 1.179187e+000 4.148388e-001 4.350369e-001 
1.523851e+001 1.453339e+001 -1.581388e+001 7.963801e-001 -4.366587e+000 -2.093064e+000 6.740301e-001 -2.381580e+000 1.216033e+000 -3.301040e+000 -1.105859e+000 1.539289e+000 -1.024247e+000 -1.180909e+000 -1.392166e+000 -1.190515e+000 -2.877109e-001 7.912378e-001 -6.750399e-001 -2.889146e-001 2.632382e+000 1.135985e+000 1.276682e-001 6.029225e-001 
1.739384e+001 1.216703e+001 -1.563044e+001 -2.161822e+000 -4.024371e+000 -4.063246e+000 1.458490e-001 -1.599415e+000 1.654211e-001 -2.795482e+000 -2.310491e+000 1.417966e+000 -1.083021e+000 -1.424044e+000 -1.533088e+000 -1.898026e+000 5.633563e-001 -7.767837e-002 -1.033485e+000 1.789289e-001 1.802882e+000 1.997587e+000 2.846164e-001 -9.106340e-002 
1.765329e+001 1.189317e+001 -1.769477e+001 -5.781950e-001 -5.341668e+000 -1.543379e+000 5.012133e-001 3.703850e-001 4.675376e-001 -1.047429e+000 -1.047045e+000 -2.510068e-001 1.394195e+000 -1.966457e+000 -6.506169e-001 -1.458331e+000 7.676412e-002 1.030873e+000 -1.904939e+000 8.864560e-001 1.725414e+000 2.088557e+000 1.333861e+000 -4.125765e-001 
2.063869e+001 9.199649e+000 -1.513942e+001 -2.139642e+000 -4.449561e+000 -1.564628e+000 5.475701e-001 4.596057e-002 -1.838075e-001 -1.263075e+000 -1.582520e+000 -1.281442e+000 1.159353e+000 -7.884828e-001 -1.134268e+000 -8.613743e-001 -6.086366e-002 6.206520e-001 -1.186058e+000 7.466343e-001 1.662868e+000 1.262119e+000 1.347415e+000 1.130556e-001 
2.169419e+001 7.193613e+000 -1.129594e+001 -2.955026e+000 -2.313776e+000 -1.518279e+000 1.675052e+000 5.816686e-001 -5.507482e-001 -1.190935e+000 -1.031421e+000 -1.792835e-001 9.955004e-001 3.612278e-001 -2.709075e-001 1.075843e-001 8.933370e-003 2.129423e-001 -3.777649e-001 1.670922e-001 1.358544e+000 6.805189e-001 6.013219e-001 6.941624e-001 
1.580557e+001 8.954217e+000 -1.186554e+001 -8.469068e-001 -1.811881e+000 -3.757823e-001 -2.003169e-001 -2.572583e+000 -7.507914e-001 -2.989114e+000 -1.491476e+000 8.530371e-001 -6.246608e-001 -4.796852e-001 -5.810324e-001 -1.048207e+000 2.747194e-001 1.702666e+000 -7.557394e-002 -7.432456e-001 1.257055e+000 8.318660e-001 3.412443e-001 2.518847e-001 
1.559951e+001 1.349133e+001 -1.556091e+001 5.907031e-001 -4.058876e+000 -1.814636e+000 7.470815e-001 -2.122104e+000 2.957288e-001 -3.916797e+000 -1.511561e+000 1.575248e+000 -1.105637e+000 -1.278012e+000 -1.002353e+000 -1.105341e+000 -8.834741e-002 8.695051e-001 -7.645721e-001 -3.602612e-001 2.451284e+000 1.033914e+000 -1.462931e-001 4.186404e-001 
1.613799e+001 1.578933e+001 -1.739472e+001 1.171975e+000 -5.433663e+000 -1.929817e+000 7.799230e-001 -2.021788e+000 1.106800e+000 -4.667417e+000 -9.425541e-001 3.628994e-001 -5.338215e-001 -6.097182e-001 -1.781043e+000 -4.307350e-001 -4.643259e-002 6.343254e-001 -8.972079e-001 -1.906279e-001 2.508630e+000 8.690061e-001 8.695450e-001 -5.270947e-001 
1.863372e+001 1.158686e+001 -1.655079e+001 -5.133278e-001 -4.668324e+000 -2.000252e+000 1.082218e+000 -8.572801e-001 2.920967e-001 -2.885159e+000 -1.715940e+000 -8.888384e-002 4.597186e-001 -4.435671e-001 -1.593831e+000 -4.412684e-001 1.302938e-001 8.296695e-001 -1.057565e+000 4.053824e-002 2.339638e+000 1.308302e+000 1.353741e+000 -8.824863e-001 
1.724165e+001 1.389987e+001 -1.933667e+001 1.423936e+000 -6.363186e+000 -5.604672e-001 2.462897e-001 -8.434786e-001 8.141046e-001 -2.769205e+000 -2.995667e-001 -1.913422e+000 1.528109e+000 -1.201718e+000 -1.580918e+000 -5.685187e-001 -4.824681e-001 9.850790e-001 -1.507534e+000 7.018802e-001 1.845704e+000 1.262284e+000 1.627361e+000 -4.433353e-001 
