1.934988e+000 1.815974e+001 -3.583614e+000 2.598908e+000 -2.808895e+000 -2.534949e-001 -4.686526e+000 -1.169698e+000 -5.967545e-001 -1.901434e+000 -4.321946e+000 -2.429620e+000 -5.797326e-001 -4.424036e-001 -1.520918e+000 -9.356723e-001 -2.531714e+000 -2.085073e+000 2.265170e-001 -8.536160e-001 -9.666504e-001 -3.567299e+000 -6.646555e-001 -9.533822e-001 8.587975e-001 -1.067429e+000 -1.713373e+000 -7.476593e-002 -9.497865e-001 3.797358e-001 -2.524633e-001 9.104611e-001 2.654022e-001 7.646570e-001 9.941083e-001 -2.361852e-001 
5.641798e-001 1.770780e+001 -4.785763e+000 2.707498e+000 -3.076259e+000 -1.248190e+000 -6.071336e+000 -2.239557e+000 1.749521e-001 -2.270482e+000 -4.351260e+000 -3.169244e+000 -6.046790e-001 -2.231418e+000 -2.061249e+000 -4.172836e-001 -2.479992e+000 -2.694091e+000 -1.583056e+000 -1.013939e+000 -1.371748e+000 -3.512093e+000 -1.378826e+000 -1.861617e+000 7.891117e-002 -1.706001e+000 -1.082472e+000 -8.382056e-001 -1.194173e+000 5.683347e-002 -4.396376e-001 7.651307e-001 2.860077e-001 9.513265e-001 7.369272e-001 -2.689453e-001 
1.896683e+000 1.899168e+001 -3.482902e+000 2.811783e+000 -1.593987e+000 -1.327702e-001 -4.057104e+000 -1.054876e+000 2.789073e-001 -2.239008e+000 -5.399222e+000 -1.830512e+000 -4.379257e-001 -1.370839e+000 -1.761641e+000 3.364169e-001 -2.382879e+000 -1.557747e+000 7.312131e-001 -5.233097e-001 -1.494634e+000 -4.449124e+000 -1.151125e+000 -1.079691e+000 1.216683e+000 -4.901456e-001 -1.295399e+000 -7.574238e-001 -1.004629e+000 7.079762e-001 3.127843e-002 7.865357e-001 5.590316e-001 -6.828325e-002 7.877562e-001 -8.670041e-002 
5.886852e-001 1.871881e+001 -3.756007e+000 2.229609e+000 -1.958756e+000 -9.509072e-001 -5.261697e+000 -2.168118e+000 -5.011976e-001 -2.254695e+000 -3.961146e+000 -2.627661e+000 1.259704e-001 -6.683193e-001 -1.900532e+000 -8.351239e-001 -2.781592e+000 -1.448896e+000 2.090524e-001 -1.041997e+000 -1.435117e+000 -4.147814e+000 -8.356008e-001 -8.047173e-001 1.364393e+000 -1.509911e+000 -1.591149e+000 -1.087933e+000 -1.359751e+000 3.370622e-001 -1.735784e-001 8.331516e-001 6.069565e-001 5.842943e-001 5.351834e-001 7.433739e-002 
1.488531e+000 1.791698e+001 -2.785072e+000 1.814867e+000 -4.554568e-001 3.325430e-001 -3.602917e+000 -1.975933e+000 -7.638081e-001 -2.757992e+000 -3.419929e+000 -2.439359e+000 8.325927e-001 -7.039863e-001 -1.432999e+000 -8.861813e-001 -2.906214e+000 -1.369849e+000 1.088929e-001 -2.234755e-001 -1.211086e+000 -2.860119e+000 -1.384192e+000 -1.063119e+000 7.394370e-001 -1.017843e+000 -1.370781e+000 -3.709588e-001 -7.190584e-001 5.727284e-001 -3.086121e-001 7.796211e-001 7.136836e-001 2.192397e-001 1.397879e-001 1.277263e-001 
1.018508e-001 1.750675e+001 -3.266033e+000 2.227237e+000 -1.967390e+000 2.837902e-001 -5.651193e+000 -2.086818e+000 -1.756652e+000 -2.355352e+000 -3.812005e+000 -2.308091e+000 1.025324e+000 -1.936904e+000 -1.510753e+000 -1.033770e+000 -2.580778e+000 -1.764133e+000 -6.747815e-001 -8.254934e-001 -1.142124e+000 -3.234634e+000 -1.462716e+000 -1.453781e+000 3.272797e-002 -1.450508e+000 -1.208527e+000 -5.934462e-001 -1.037008e+000 8.035330e-001 -5.543006e-001 1.226370e+000 2.914487e-002 4.288223e-001 1.828973e-001 -4.511067e-001 
3.532426e-001 1.930432e+001 -3.790119e+000 3.353727e+000 -2.893780e+000 -3.791627e-001 -5.721169e+000 -2.119145e+000 -2.250412e-001 -2.896553e+000 -3.306379e+000 -3.190708e+000 1.043183e+000 -1.587460e+000 -1.441888e+000 -6.665809e-001 -2.624954e+000 -2.103715e+000 -9.616386e-001 -7.696204e-001 -1.218166e+000 -2.956197e+000 -8.917726e-001 -1.720461e+000 5.881516e-001 -1.505893e+000 -1.076374e+000 -3.150236e-001 -1.107017e+000 3.224000e-001 -7.359386e-001 1.401430e+000 2.193228e-001 9.434061e-001 3.777694e-001 -1.669796e-002 
-1.389265e+000 2.056200e+001 -4.392934e+000 3.836874e+000 -2.836214e+000 1.360596e-001 -4.051736e+000 -3.048661e+000 -1.005442e-001 -4.028324e+000 -2.520244e+000 -2.548267e+000 1.437319e+000 -1.761571e+000 -8.217694e-001 2.696976e-001 -2.732459e+000 -1.600350e+000 -1.072990e+000 -4.995359e-001 -1.572385e+000 -2.798897e+000 -9.870050e-001 -1.183073e+000 5.788530e-001 -1.606171e+000 -8.503302e-001 -6.190938e-001 -6.316497e-001 7.319980e-001 -2.177254e-001 1.406130e+000 -1.440767e-001 9.056894e-001 3.185451e-001 1.088945e-001 
-1.421922e+000 2.014396e+001 -5.063883e+000 4.488624e+000 -2.237865e+000 -3.368409e-001 -4.487733e+000 -2.387410e+000 1.227582e+000 -2.842776e+000 -2.312547e+000 -4.763544e+000 1.737393e+000 -2.558548e+000 -2.562707e-001 9.504976e-001 -2.848550e+000 -1.592241e+000 -1.834999e+000 1.928945e-001 -2.431184e+000 -2.925883e+000 -8.174655e-001 -1.143481e+000 5.701201e-001 -1.995227e+000 -1.439160e-001 -6.637503e-001 -2.458231e-001 5.762366e-001 -3.352466e-001 1.057455e+000 5.897587e-002 1.053900e+000 3.491274e-001 2.221860e-001 
-5.964619e-001 1.928705e+001 -4.014435e+000 2.617607e+000 -2.114937e+000 -2.317588e-001 -3.611249e+000 2.200898e-002 -4.057970e-001 -2.610634e+000 -4.275207e+000 -3.394603e+000 1.292501e+000 -2.520066e+000 -1.645071e+000 -3.911676e-001 -2.100353e+000 -1.829166e+000 -6.554843e-001 2.537268e-001 -1.941296e+000 -3.244082e+000 -1.196691e+000 -1.878114e+000 1.733447e-001 -1.453720e+000 -3.258335e-001 4.209199e-001 -4.752571e-001 9.236079e-001 -8.411230e-001 6.328879e-001 -1.442996e-001 8.408404e-001 4.005282e-001 -1.660079e-002 
4.135778e-001 1.891392e+001 -3.839769e+000 2.119204e+000 -2.036168e+000 -4.439812e-001 -4.384046e+000 -1.567471e+000 6.703810e-001 -3.022087e+000 -3.665399e+000 -2.450761e+000 1.099119e+000 -2.018982e+000 -2.310029e+000 -9.123110e-001 -2.522261e+000 -2.160213e+000 -8.661325e-001 5.363582e-001 -2.033229e+000 -3.295605e+000 -1.077145e+000 -1.263395e+000 -2.071250e-001 -1.303495e+000 -3.983415e-001 -2.444097e-001 -1.059641e+000 1.608980e-001 -5.690167e-001 8.518828e-001 7.019477e-001 9.123574e-001 6.515259e-001 -1.196445e-001 
1.470976e-002 1.890637e+001 -3.169169e+000 2.717947e+000 -1.193008e+000 -8.415070e-001 -4.234235e+000 -1.290865e+000 -1.730662e-001 -3.782320e+000 -3.355199e+000 -3.237947e+000 1.122280e+000 -1.802433e+000 -2.327224e+000 -2.073120e-001 -1.929062e+000 -1.807610e+000 -1.309883e+000 -1.206654e-001 -1.824312e+000 -3.041552e+000 -1.842563e+000 -1.164961e+000 1.398905e-001 -7.186367e-001 -6.066550e-001 -1.324309e+000 -5.562682e-001 5.916307e-001 -4.039754e-001 6.265483e-001 4.680865e-001 7.578844e-001 7.043013e-001 -2.080820e-001 
6.739854e-001 1.883788e+001 -3.914477e+000 4.624828e+000 -6.616572e-001 -8.497564e-002 -5.028940e+000 -1.628680e+000 -9.948148e-001 -3.104727e+000 -3.962503e+000 -3.011641e+000 1.834063e+000 -1.199175e+000 -1.831317e+000 5.331275e-002 -1.624203e+000 -2.727521e+000 -1.531326e+000 -3.660415e-001 -1.232474e+000 -2.159411e+000 -6.346183e-001 -1.440099e+000 -2.425914e-001 -1.852565e+000 -9.791582e-001 -3.869989e-001 -6.483704e-001 9.306547e-001 -4.194589e-001 4.507517e-001 2.891551e-001 1.055455e+000 3.817707e-001 4.439458e-002 
8.330472e-001 1.931516e+001 -4.321060e+000 3.799901e+000 -3.408655e-001 -1.046620e+000 -3.995952e+000 -1.564449e+000 -1.223178e+000 -2.292528e+000 -5.157832e+000 -3.629572e+000 9.833227e-001 -1.081196e+000 -1.991842e+000 2.605796e-001 -1.139423e+000 -2.402375e+000 -1.365543e+000 -5.200447e-001 -1.034036e+000 -2.525982e+000 -1.512716e+000 -2.075995e+000 -3.633688e-001 -6.909605e-001 -6.665868e-001 -6.648050e-001 -3.813162e-001 8.936779e-001 -4.914337e-001 2.598881e-001 4.969364e-001 7.347844e-001 2.876851e-002 -3.911967e-001 
5.856496e-001 1.916859e+001 -3.946686e+000 3.815867e+000 -1.566938e+000 -1.093207e+000 -4.582468e+000 -9.378443e-001 -1.544590e+000 -1.302816e+000 -4.394225e+000 -3.868210e+000 2.026328e+000 -1.426726e+000 -1.984469e+000 -1.214196e+000 -1.242557e+000 -1.894376e+000 -5.111342e-001 -8.979869e-001 -1.027945e+000 -2.489510e+000 -1.317815e+000 -1.716430e+000 -3.567985e-001 -9.232179e-001 -6.011628e-001 -6.855840e-001 -9.283074e-001 1.128188e+000 -1.082537e+000 6.615326e-001 2.209904e-001 1.073353e+000 7.143290e-001 -1.478895e-001 
2.848185e+000 1.638440e+001 -2.837853e+000 2.474178e+000 5.924774e-001 -1.669106e+000 -4.441307e+000 -1.417998e+000 -2.007817e+000 -6.703115e-001 -4.157264e+000 -3.613136e+000 1.895804e+000 -1.567175e+000 -2.684457e+000 -9.195151e-001 -1.934647e+000 -2.157040e+000 -6.473669e-001 -2.456116e-001 -1.072839e+000 -2.909148e+000 -1.610195e+000 -9.850953e-001 3.387455e-003 -9.160741e-001 -8.795641e-001 -7.659918e-001 -1.003648e+000 4.983144e-001 -8.712904e-001 4.670550e-001 5.432407e-001 9.742441e-001 1.265486e+000 -7.669674e-002 
2.094667e-001 1.764883e+001 -4.355897e+000 4.883509e+000 -1.223833e+000 -1.448599e+000 -4.875241e+000 -1.391609e+000 -1.773255e+000 -1.077048e+000 -5.144711e+000 -3.837803e+000 2.283887e+000 -2.174383e+000 -2.446895e+000 -3.825502e-001 -8.327451e-001 -2.349698e+000 -2.510429e-001 -7.309813e-001 -8.046687e-001 -3.596805e+000 -1.988281e+000 -1.520184e+000 -7.195920e-001 -6.808527e-001 -3.286235e-001 -9.039425e-001 -9.362209e-001 1.419285e+000 -1.111105e+000 1.049343e+000 -2.210489e-001 4.522263e-001 7.354626e-001 -4.855879e-001 
1.537666e+000 1.747338e+001 -3.255822e+000 4.763977e+000 -1.050873e+000 -1.446598e+000 -4.865563e+000 -2.831811e+000 -1.554885e+000 -1.350730e+000 -3.886284e+000 -3.690943e+000 3.176054e+000 -1.780340e+000 -2.325311e+000 1.009739e-001 -1.963211e+000 -2.236763e+000 -1.799658e+000 -1.695187e-002 -1.370237e+000 -2.335076e+000 -7.455661e-001 -8.276032e-001 -3.081208e-001 -1.650101e+000 -5.377269e-001 -1.529790e+000 -9.245541e-001 1.093039e+000 -4.227427e-001 1.344684e+000 6.013639e-001 3.199459e-001 4.243069e-001 -4.910842e-001 
5.140882e-001 1.881658e+001 -4.489040e+000 5.524170e+000 -9.622526e-001 -1.944403e+000 -5.668805e+000 -2.147060e+000 -1.975417e+000 -1.579628e+000 -3.724200e+000 -3.639623e+000 3.748040e+000 -1.755981e+000 -2.361853e+000 -5.317570e-001 -2.601521e+000 -2.795962e+000 -1.974575e+000 -2.355758e-002 -1.277933e+000 -2.553196e+000 -1.341319e-001 -1.121371e+000 -7.048274e-001 -1.990803e+000 -6.358808e-001 -1.118654e+000 -7.128406e-001 7.853901e-001 -5.944822e-001 1.715744e+000 -5.198771e-002 5.173755e-001 8.471856e-001 -1.313777e-001 
1.418029e+000 1.800942e+001 -3.715390e+000 4.178180e+000 -8.176659e-002 -1.877317e+000 -4.594537e+000 -2.691682e+000 -7.535264e-001 -6.703574e-002 -5.156769e+000 -3.099688e+000 1.657801e+000 -6.944909e-001 -2.440130e+000 -1.680954e+000 -2.634823e+000 -1.479419e+000 -1.477095e+000 -3.462409e-001 -8.477951e-001 -3.737579e+000 -2.563400e-001 -1.239402e+000 -4.606956e-002 -1.182566e+000 -1.330820e+000 -5.890477e-001 -2.208080e-001 -1.066238e-002 -7.620821e-001 1.583376e+000 3.683363e-001 7.086059e-001 4.242611e-001 2.684763e-001 
1.659986e+000 1.764971e+001 -4.552261e+000 4.301216e+000 -2.342569e+000 -1.629495e-001 -4.138409e+000 -2.048886e+000 -1.156941e+000 -1.908687e+000 -5.226997e+000 -3.300608e+000 5.729957e-001 -1.477876e+000 -2.209238e+000 -2.212461e+000 -1.388899e+000 -1.772399e+000 -8.960353e-001 -7.690473e-001 -7.567863e-001 -4.982046e+000 -2.010855e+000 -1.422597e+000 -4.698776e-001 -4.550823e-001 -1.400635e+000 2.901694e-001 -4.603045e-001 9.445954e-002 4.576402e-002 8.270469e-001 -2.865632e-001 3.363570e-001 1.945765e-001 2.278374e-003 
2.602637e+000 1.842662e+001 -3.801708e+000 3.725607e+000 -3.827726e+000 -5.086914e-001 -5.554765e+000 -1.458036e+000 -4.400157e-001 -1.918913e+000 -3.660841e+000 -3.205505e+000 -4.256229e-002 -2.139064e+000 -2.825012e+000 -1.680934e+000 -1.162036e+000 -1.783198e+000 -2.576658e-001 -1.161887e+000 -1.183255e+000 -4.636810e+000 -1.671496e+000 -1.096885e+000 -7.636662e-001 -5.714147e-001 -1.307710e+000 2.840741e-001 -9.358122e-001 1.395015e-001 -3.653390e-001 9.055563e-001 -7.098344e-002 1.105873e+000 3.233159e-001 -2.850366e-001 
4.288905e-001 1.869593e+001 -2.881699e+000 3.987684e+000 -3.989060e+000 3.755896e-001 -4.382871e+000 -1.606894e+000 -2.434308e-001 -2.993498e+000 -3.486401e+000 -2.701449e+000 4.370256e-001 -2.264651e+000 -1.760283e+000 -6.431576e-001 -1.640306e+000 -1.594170e+000 -1.327748e+000 -7.406373e-001 -8.154735e-001 -3.694266e+000 -1.371157e+000 -1.423614e+000 2.970924e-001 -3.682522e-001 -2.276172e+000 -4.551070e-001 -5.600037e-001 4.510425e-001 2.628435e-001 9.633001e-001 2.555176e-001 6.369398e-001 -8.575515e-002 -3.940891e-001 
-1.517405e+000 1.781509e+001 -2.124306e+000 1.055268e+000 -2.222155e+000 3.368705e-001 -2.944698e+000 -6.307888e-001 1.244611e+000 -2.488565e+000 -3.374313e+000 -3.855889e+000 -2.645098e-001 -1.878822e+000 -1.640376e+000 -1.338378e-001 -1.542008e+000 -1.442483e+000 -1.861054e+000 -5.290149e-001 -2.140583e+000 -3.449916e+000 -5.240035e-001 -1.194357e+000 -4.387303e-001 -5.970943e-001 -1.275750e+000 -4.786912e-002 1.674311e-002 3.877287e-001 8.526808e-003 5.082437e-001 4.295029e-001 -8.120441e-002 1.556680e-002 -6.471999e-001 
2.966139e+000 1.311700e+001 8.434306e-001 5.527735e-001 1.681716e+000 -1.004761e+000 -2.161789e+000 5.445296e-001 1.570892e+000 -4.005777e-001 -1.903302e+000 -1.182717e+000 3.470376e-001 -3.082532e-001 -6.362168e-001 -4.004150e-001 -1.100384e+000 -1.763625e+000 -9.026255e-001 3.385608e-001 -8.621616e-001 -1.725898e+000 -5.723961e-001 2.897209e-001 2.783609e-001 -4.864510e-001 -4.694907e-001 1.988796e-001 4.416539e-002 -2.629932e-001 -1.545480e-001 4.441749e-001 1.023110e+000 7.933244e-001 2.192211e-001 -3.452981e-001 
6.532687e+000 1.389751e+001 1.083111e+000 1.667924e+000 6.906075e-001 -1.531818e+000 -3.917045e+000 -1.878404e+000 2.570440e-001 -1.350574e+000 -2.936400e+000 -1.689816e+000 7.941343e-002 -7.381879e-001 -7.753309e-001 4.001000e-001 -3.826525e-001 -8.747928e-001 -5.048980e-001 -4.140618e-002 -7.227040e-001 -1.981779e+000 -1.029063e+000 -5.414494e-001 1.231450e-001 -7.163139e-001 -7.996649e-001 4.881260e-001 3.090451e-001 4.918172e-001 -8.153854e-003 2.406554e-001 4.803325e-001 3.437945e-001 3.461854e-001 -3.508592e-001 
1.212131e+000 1.732102e+001 -4.788484e+000 2.415801e+000 -1.483866e+000 -8.872628e-001 -6.536054e+000 -3.272156e+000 -3.723989e-001 -1.405103e+000 -3.689188e+000 -3.066632e+000 -7.737075e-001 -2.020446e+000 -1.914861e+000 7.122794e-002 -2.221547e+000 -2.975665e+000 -1.150357e+000 -6.613351e-001 -1.372446e+000 -3.208150e+000 -1.335152e+000 -1.495146e+000 2.495597e-001 -1.669020e+000 -1.331859e+000 -5.985605e-001 -7.640975e-001 2.660425e-001 -5.841703e-001 9.369237e-001 3.857756e-001 5.856373e-001 4.123167e-001 1.477898e-001 
1.889457e+000 1.895068e+001 -3.859616e+000 3.213038e+000 -2.691673e+000 2.310438e-001 -4.942499e+000 -1.807700e+000 3.018283e-002 -1.692071e+000 -3.474021e+000 -2.074135e+000 6.355269e-001 -1.332487e+000 -1.608717e+000 1.532960e-001 -2.711984e+000 -2.285404e+000 -2.694359e-001 -1.786862e-001 -9.527465e-001 -2.823521e+000 -4.400939e-001 -1.153976e+000 3.934371e-001 -1.521865e+000 -8.309445e-001 -4.697784e-001 -5.814533e-001 3.422930e-001 -9.315014e-001 1.077759e+000 6.717985e-001 8.518812e-001 9.838192e-001 -2.421574e-001 
1.842629e+000 1.828979e+001 -4.724306e+000 2.119046e+000 -1.062646e+000 -4.126870e-001 -4.740168e+000 -1.412339e+000 -1.164340e+000 -2.235852e+000 -5.310543e+000 -1.164813e+000 -1.108274e-001 -4.440908e-001 -2.185021e+000 -2.914209e-002 -2.504152e+000 -1.894083e+000 3.679084e-001 -9.050660e-001 -9.423877e-001 -3.972963e+000 -4.136864e-001 -1.206086e+000 4.860168e-001 -1.737178e+000 -1.318008e+000 -3.605775e-001 -4.972123e-001 4.001315e-001 -4.046565e-001 3.740951e-001 1.000092e+000 2.743439e-001 5.584584e-001 -2.991741e-001 
1.452927e+000 1.929631e+001 -4.638711e+000 2.488167e+000 -1.498876e+000 -1.632871e-001 -5.062758e+000 -2.363409e+000 -6.882823e-001 -2.351970e+000 -3.765674e+000 -2.313778e+000 3.809994e-001 -8.750822e-001 -1.197358e+000 -2.770945e-001 -2.367502e+000 -2.275582e+000 -2.693452e-001 -1.103815e+000 -7.009600e-001 -2.722642e+000 -7.858505e-001 -9.755198e-001 2.363872e-001 -1.927780e+000 -1.774210e+000 6.618907e-001 -1.029180e+000 -2.566959e-002 -3.216975e-001 7.333669e-001 3.536891e-001 8.971734e-001 5.591099e-001 -5.027391e-001 
6.168043e-001 1.902393e+001 -3.297263e+000 2.049010e+000 -1.492920e+000 -4.497130e-001 -5.168898e+000 -7.010227e-001 -1.605157e-002 -1.593648e+000 -3.649770e+000 -2.622635e+000 9.805172e-002 -1.741635e+000 -1.222452e+000 -4.350270e-001 -2.239830e+000 -1.818205e+000 -5.760696e-001 -8.075479e-001 -5.021016e-001 -2.691378e+000 -7.865416e-001 -1.706208e+000 2.441962e-001 -1.037370e+000 -1.221289e+000 -3.123182e-001 -7.061920e-001 5.694477e-001 -1.194768e+000 1.018836e+000 5.673430e-001 8.430960e-001 4.949442e-001 4.106648e-001 
5.200488e-001 1.900418e+001 -2.687372e+000 3.515906e+000 -1.911129e+000 -4.923351e-001 -5.637749e+000 -1.379021e+000 -3.984594e-001 -3.183063e+000 -3.758194e+000 -2.137881e+000 8.451899e-001 -1.649116e+000 -1.446831e+000 3.349906e-001 -1.978527e+000 -3.013821e+000 -1.931118e+000 -2.382428e-001 -6.994771e-001 -3.063824e+000 -9.139530e-001 -1.512793e+000 3.946707e-001 -1.879367e+000 -5.274669e-001 2.773694e-001 -1.188071e+000 1.829571e-001 -9.477729e-001 1.022509e+000 1.193125e-001 1.493345e+000 8.538390e-001 -2.784018e-002 
6.382999e-001 1.878093e+001 -3.529170e+000 3.492930e+000 -1.388610e+000 -8.981973e-001 -5.416946e+000 -1.786668e+000 1.402723e-001 -3.369224e+000 -3.561065e+000 -3.121336e+000 -9.305132e-002 -2.440005e+000 -1.258054e+000 1.115499e+000 -2.018428e+000 -2.551966e+000 -1.582615e+000 -7.987884e-001 -1.887091e+000 -2.567514e+000 -1.309143e+000 -1.747355e+000 -3.594048e-002 -1.729803e+000 -7.697881e-001 3.626449e-001 -1.771494e-001 1.179411e-001 -7.638373e-001 1.246255e+000 1.147097e-001 4.331036e-001 2.204847e-001 6.439580e-002 
-2.143507e-001 1.916330e+001 -4.617732e+000 4.427183e+000 -1.731296e+000 1.770358e-001 -4.353373e+000 -2.129818e+000 1.477544e+000 -2.646386e+000 -2.530219e+000 -4.195152e+000 9.906309e-001 -2.510315e+000 -9.681287e-001 4.328766e-001 -2.454227e+000 -1.191649e+000 -1.820773e+000 -3.717605e-002 -1.980681e+000 -2.523345e+000 -1.316375e+000 -7.727705e-001 1.618446e-001 -1.730005e+000 -2.776992e-001 -2.520199e-001 1.126269e-001 1.070370e-001 -8.345639e-001 1.247329e+000 6.954030e-001 9.000079e-001 1.604332e-001 -2.934660e-001 
-1.715249e+000 1.929341e+001 -4.547965e+000 4.438603e+000 -1.659055e+000 -4.676356e-001 -4.356062e+000 -1.830542e+000 5.973140e-001 -2.561772e+000 -3.365082e+000 -3.131268e+000 1.171957e+000 -3.484551e+000 -1.381145e+000 2.651012e-001 -3.282607e+000 -2.148345e+000 -1.905537e+000 -4.199038e-001 -1.358004e+000 -2.243341e+000 -7.279426e-001 -1.460141e+000 4.151342e-001 -1.403240e+000 -6.303901e-001 -6.505966e-001 -6.131337e-001 2.021527e-002 -1.147996e+000 1.618504e+000 4.434110e-001 9.174851e-001 3.651193e-001 5.940312e-002 
-1.058691e+000 1.885927e+001 -3.453420e+000 3.082849e+000 -1.453336e+000 -1.111994e+000 -5.047382e+000 -1.856434e+000 -8.760251e-001 -1.657906e+000 -3.006903e+000 -2.288582e+000 6.588915e-001 -2.034194e+000 -1.656322e+000 -8.050461e-002 -1.570021e+000 -2.667226e+000 -1.646568e+000 -6.307010e-001 -1.180275e+000 -2.388909e+000 -7.004711e-001 -1.484599e+000 -3.775147e-001 -1.627281e+000 -9.493571e-001 1.700030e-001 -5.928287e-001 1.870860e-001 -6.815251e-001 1.516502e+000 7.934693e-001 6.146294e-001 2.634912e-001 -2.523744e-001 
-1.081989e+000 1.775644e+001 -3.464492e+000 3.444362e+000 -1.436990e+000 -1.578386e+000 -6.141819e+000 -2.498209e+000 5.593007e-002 -3.368618e+000 -3.354973e+000 -3.944021e+000 7.867042e-001 -1.575365e+000 -1.585573e+000 1.394620e-001 -1.856281e+000 -2.457006e+000 -2.534657e+000 3.811661e-001 -1.427695e+000 -2.537804e+000 -1.599542e+000 -2.178171e+000 -6.390765e-001 -1.454574e+000 -9.086573e-002 -1.915286e-001 -9.803776e-001 -2.352576e-001 -5.266138e-001 9.685570e-001 9.358990e-001 6.915764e-001 8.139540e-002 -6.293701e-001 
2.305831e-001 1.895947e+001 -3.548711e+000 4.337955e+000 -1.825037e+000 -1.268917e-001 -6.462173e+000 -1.859587e+000 -1.041965e+000 -2.568254e+000 -3.008117e+000 -2.729514e+000 2.161675e+000 -1.514531e+000 -1.970634e+000 -4.870616e-001 -1.379613e+000 -2.273094e+000 -1.031143e+000 2.382518e-001 -7.032708e-001 -3.003344e+000 -1.513460e+000 -1.517092e+000 3.345335e-001 -1.270080e+000 -4.883298e-001 -8.535365e-001 -9.300511e-001 6.286467e-001 -9.389218e-001 9.074350e-001 4.081010e-001 1.420945e+000 3.124130e-001 -3.345039e-001 
7.187120e-001 1.795612e+001 -4.693216e+000 4.482195e+000 4.314865e-001 -5.513435e-001 -4.485272e+000 -2.867454e+000 -5.545208e-001 -1.510287e+000 -3.478353e+000 -3.037585e+000 5.575666e-001 -1.306173e+000 -2.656625e+000 6.009582e-001 -1.167192e+000 -1.855220e+000 -7.414381e-001 -3.460736e-001 -1.345325e+000 -2.941984e+000 -1.146799e+000 -1.376081e+000 2.291670e-001 -1.151326e+000 -3.582298e-001 -6.350603e-001 -1.721014e-001 5.517094e-001 -9.423603e-001 4.010387e-001 6.341793e-001 1.319724e+000 2.357306e-001 -1.698423e-001 
5.478299e-001 1.843709e+001 -3.926991e+000 3.978137e+000 -4.494002e-001 -1.202995e+000 -4.394256e+000 -2.611193e-001 -1.040345e+000 -1.165169e+000 -4.437222e+000 -3.654870e+000 1.523987e+000 -2.409914e+000 -2.621441e+000 -2.666071e-001 -8.681947e-001 -1.910725e+000 -9.136016e-001 -6.915470e-001 -1.160680e+000 -2.436392e+000 -1.138021e+000 -1.748619e+000 -3.036487e-001 -7.958075e-001 -5.027253e-001 -5.529266e-001 -1.113794e+000 8.680867e-001 -6.604373e-001 5.372878e-001 3.849848e-001 1.062768e+000 5.331515e-001 5.852844e-002 
2.078100e+000 1.850603e+001 -3.761821e+000 4.017162e+000 -1.383917e-002 -2.246847e+000 -5.349803e+000 -2.431055e+000 -1.543387e+000 -7.597990e-001 -3.189934e+000 -3.678838e+000 1.299099e+000 -1.872554e+000 -2.435363e+000 5.782983e-002 -1.406566e+000 -2.623452e+000 -9.369521e-001 -6.561155e-001 -1.232774e+000 -2.543864e+000 -1.438848e+000 -1.039081e+000 -2.963816e-001 -1.071427e+000 -8.409085e-001 -9.901807e-001 -8.261906e-001 7.352080e-001 -7.645113e-001 8.115662e-001 8.434095e-001 8.954250e-001 2.379044e-001 -5.159200e-001 
2.522287e+000 1.681891e+001 -3.292463e+000 3.922113e+000 1.744768e-001 -2.013118e+000 -4.839454e+000 -1.221812e+000 -1.815404e+000 -1.682816e+000 -4.210584e+000 -2.923869e+000 2.014841e+000 -1.245002e+000 -2.869156e+000 -1.045223e-001 -1.592978e+000 -2.764782e+000 -5.383125e-001 -1.074150e+000 -5.308885e-001 -2.352038e+000 -1.514524e+000 -7.439184e-001 -5.615834e-001 -1.078737e+000 -9.569269e-001 -1.296972e+000 -1.032686e+000 1.011788e+000 -2.128481e-001 1.394584e+000 6.197663e-001 3.008116e-001 1.533290e-001 -8.765968e-001 
1.839581e-001 1.790837e+001 -4.122610e+000 5.134273e+000 -1.348888e+000 -1.711478e+000 -6.030482e+000 -2.886911e+000 -1.748016e+000 7.967208e-002 -2.986383e+000 -4.224269e+000 1.624362e+000 -2.261836e+000 -1.764426e+000 -5.755699e-001 -1.676796e+000 -2.097487e+000 -6.844375e-001 -9.427156e-001 -9.124940e-001 -2.322586e+000 -1.133715e+000 -1.644138e+000 -4.486058e-001 -1.417181e+000 -7.090451e-001 -6.475474e-001 -7.676773e-001 9.847200e-001 -1.613320e+000 8.757212e-001 5.799293e-001 1.139373e+000 4.760873e-001 -2.378440e-001 
5.452769e-001 1.880507e+001 -4.290112e+000 4.488954e+000 -2.855849e+000 -2.144619e+000 -5.184614e+000 -2.507005e+000 -1.346882e+000 -1.166705e+000 -3.392948e+000 -4.645131e+000 3.936417e+000 -2.053795e+000 -2.750189e+000 -8.022778e-001 -2.503089e+000 -1.611650e+000 -1.212054e+000 9.537253e-001 -1.715489e+000 -3.017980e+000 -1.448967e+000 -1.320484e+000 -2.837441e-001 -1.410792e+000 1.191626e-001 -1.098869e+000 -9.094772e-001 5.009936e-001 -1.365396e+000 8.486081e-001 1.928131e-001 9.640795e-001 1.577251e+000 1.600811e-001 
2.228975e+000 1.817715e+001 -3.368401e+000 3.490786e+000 -1.550971e+000 -2.067869e+000 -3.864730e+000 -2.316987e+000 -1.595130e+000 -1.137837e+000 -4.207499e+000 -2.580175e+000 3.220502e+000 -5.397422e-001 -2.965396e+000 -1.733744e+000 -2.473021e+000 -1.242880e+000 -6.519476e-001 -1.887510e-001 -1.162630e+000 -3.019562e+000 -1.021819e+000 -1.313277e+000 -1.583262e-001 -9.343778e-001 -4.752041e-001 -1.143250e+000 -5.731187e-001 3.195600e-001 -8.161015e-001 1.486231e+000 2.384864e-001 5.537617e-001 1.070184e+000 5.006561e-001 
1.070816e+000 1.782170e+001 -4.004027e+000 4.302901e+000 -1.442498e+000 -1.021414e+000 -4.684584e+000 -2.446978e+000 -8.913138e-001 -1.338346e+000 -5.028452e+000 -3.109417e+000 1.465948e+000 -1.091782e+000 -2.157151e+000 -1.813707e+000 -1.616006e+000 -1.616001e+000 -1.399388e+000 -6.277877e-001 -8.647182e-001 -4.018860e+000 -6.985619e-001 -1.294648e+000 -4.096135e-001 -9.113059e-001 -1.230564e+000 -5.684892e-002 -7.576809e-001 -2.333611e-002 -7.929743e-002 1.001885e+000 1.715054e-002 7.516052e-001 6.288606e-001 1.936502e-001 
2.666708e+000 1.737695e+001 -3.572456e+000 4.202263e+000 -2.756633e+000 -9.938096e-001 -4.862948e+000 -1.988368e+000 -8.606430e-001 -1.596955e+000 -3.647413e+000 -2.593551e+000 -1.000873e-001 -2.296249e+000 -1.993682e+000 -1.110330e+000 -8.381050e-001 -1.578986e+000 -4.935062e-001 -1.080255e+000 -5.549024e-001 -3.890569e+000 -1.718863e+000 -1.500772e+000 -9.624610e-001 -4.732450e-001 -7.689915e-001 5.586987e-001 -5.149391e-001 -1.629460e-001 -2.434786e-001 7.778043e-001 5.651921e-002 9.604256e-001 3.083949e-001 -2.670241e-001 
5.642475e-001 1.873301e+001 -2.790616e+000 4.385179e+000 -3.445796e+000 -5.017395e-001 -4.918475e+000 -2.304274e+000 -5.097564e-002 -2.146126e+000 -3.637657e+000 -2.666488e+000 3.858696e-001 -2.575489e+000 -2.393490e+000 -1.135397e+000 -5.647377e-001 -5.513983e-001 -2.549276e-001 -9.748084e-001 -7.798517e-001 -3.772854e+000 -2.256494e+000 -1.737372e+000 -3.177846e-001 -1.952069e-001 -1.028686e+000 4.115640e-001 -5.057198e-001 3.732927e-001 -2.636005e-002 8.133541e-001 -1.124850e-001 5.001939e-001 1.468400e-001 -4.550220e-001 
-4.642898e-001 1.856678e+001 -2.895766e+000 2.995760e+000 -4.295108e+000 1.761002e-001 -4.310582e+000 -2.004720e+000 -2.682143e-001 -2.946537e+000 -3.380325e+000 -3.282066e+000 6.017763e-001 -1.889622e+000 -1.705062e+000 -3.989481e-001 -1.512262e+000 -1.403781e+000 -1.769391e+000 -5.563907e-001 -1.331212e+000 -3.442542e+000 -6.397582e-001 -1.133270e+000 -4.690720e-002 -5.511499e-001 -1.897703e+000 -4.558438e-001 -9.252100e-001 1.233859e-001 2.505622e-001 1.028519e+000 3.923546e-001 6.716953e-001 1.057836e-001 -6.833072e-001 
-3.764456e+000 1.886021e+001 -4.186734e+000 1.151840e+000 -1.637995e+000 3.760544e-002 -3.822639e+000 -7.117569e-001 2.806404e+000 -2.172554e+000 -2.410532e+000 -2.446041e+000 6.328343e-001 -1.830702e+000 -1.325910e+000 -3.365131e-001 -1.994918e+000 -1.162459e+000 -6.126776e-001 9.060035e-001 -1.749855e+000 -3.189807e+000 -4.323391e-001 -5.211109e-001 5.513057e-001 -5.831029e-001 -1.551263e+000 -7.111873e-001 -5.024555e-001 2.957206e-001 -6.750353e-003 7.188343e-001 6.957563e-001 3.243154e-001 1.738271e-001 2.440049e-002 
