1.527897e+001 1.851189e+001 -6.924181e+000 4.098383e+000 2.908318e+000 1.579122e+000 -2.414370e+000 -1.641977e+000 -1.296751e+000 -3.871979e-001 -1.533799e+000 -8.141527e-001 2.731814e-001 -5.278820e-001 1.043306e+000 7.717934e-001 -1.117237e+000 -1.460098e+000 1.221780e-001 -5.590665e-001 3.389173e-001 1.431915e-003 -4.083875e-001 4.481617e-001 
1.398569e+001 1.832810e+001 -6.811933e+000 4.963033e+000 2.794070e+000 1.768209e+000 -2.766196e+000 -1.460766e+000 -1.242631e+000 -5.617060e-001 -1.536354e+000 -6.574317e-001 7.089156e-001 -2.878249e-001 8.655528e-001 6.090566e-001 -1.541142e+000 -1.226561e+000 1.442205e-001 -7.023175e-001 3.529163e-001 -3.055418e-001 5.193705e-002 5.592154e-001 
1.356345e+001 1.636818e+001 -4.908952e+000 4.971163e+000 3.382556e+000 1.302659e+000 -2.698897e+000 -1.789954e+000 -8.611851e-001 -1.292133e+000 -1.238936e+000 -7.792815e-001 4.745361e-001 -2.703246e-001 7.669938e-001 1.094178e+000 -1.864535e+000 -9.719405e-001 2.308424e-001 -4.795713e-001 7.098661e-002 -7.684250e-001 2.864987e-002 8.903972e-001 
1.452761e+001 1.553999e+001 -4.797391e+000 4.773135e+000 3.198100e+000 9.855359e-001 -2.299395e+000 -1.870952e+000 -3.860749e-001 -2.107168e+000 -1.578423e+000 -8.445855e-001 4.220435e-001 2.247582e-002 1.128667e+000 1.139221e+000 -2.023930e+000 -1.359839e+000 2.393074e-001 -3.807496e-002 -5.180276e-002 -5.558604e-001 -8.851713e-002 1.044587e+000 
1.925652e+001 1.564922e+001 -5.949469e+000 1.604478e+000 2.024233e+000 5.589938e-001 -2.132350e+000 8.135002e-001 -2.781500e-001 -3.574175e+000 -1.942316e+000 -7.522919e-002 9.374163e-001 -5.181912e-001 7.743017e-001 7.830316e-001 -2.057144e+000 -7.515169e-001 1.041868e+000 -1.416305e-001 -5.646871e-001 -5.768740e-001 -4.479446e-001 7.154864e-001 
2.039510e+001 1.730928e+001 -6.891637e+000 1.245595e+000 2.806306e-001 1.849969e+000 -3.546856e+000 1.952842e+000 -1.984676e-001 -3.687765e+000 -1.084479e+000 -5.742200e-001 7.623448e-001 -6.238800e-002 1.339348e-001 1.906799e-001 -1.527418e+000 -4.712593e-001 1.515700e+000 -8.362542e-002 -3.722132e-001 -4.798720e-001 -7.717860e-001 6.511325e-001 
2.215188e+001 1.522908e+001 -5.500396e+000 2.145424e-001 7.190248e-001 9.437015e-001 -3.091432e+000 1.089453e+000 6.186946e-001 -3.115090e+000 -1.353529e+000 -9.768497e-001 1.176531e+000 -3.133285e-001 -2.914581e-001 6.979384e-001 -1.668950e+000 -3.755345e-001 1.700469e+000 -2.430328e-002 -6.495561e-001 -1.074308e-001 -7.942654e-001 5.883578e-001 
2.099185e+001 1.729415e+001 -7.334638e+000 1.569382e+000 -1.007238e+000 2.332639e+000 -4.350166e+000 2.012896e+000 5.364137e-001 -3.345868e+000 -1.341618e+000 -1.258318e+000 1.512663e+000 -6.598076e-001 -2.012811e-001 5.503078e-001 -1.476604e+000 -5.520873e-001 1.984460e+000 -1.303381e-001 -7.013102e-001 -1.213725e-001 -9.014421e-001 5.671432e-001 
2.163135e+001 1.652338e+001 -6.820556e+000 5.028214e-001 -5.661916e-001 1.650288e+000 -4.407447e+000 1.816696e+000 8.868974e-001 -3.529792e+000 -1.253669e+000 -1.098537e+000 1.389201e+000 -3.618361e-001 -3.258176e-001 5.182689e-001 -1.510000e+000 -5.174558e-001 1.780847e+000 -1.129123e-001 -6.101834e-001 -1.102517e-001 -6.698737e-001 4.978780e-001 
2.233884e+001 1.573189e+001 -6.510436e+000 -7.810946e-002 -6.352026e-001 1.305683e+000 -4.346253e+000 1.675196e+000 7.581355e-001 -3.491693e+000 -1.563483e+000 -1.015066e+000 1.458335e+000 -3.619752e-001 -5.005572e-001 7.852137e-001 -1.530186e+000 -5.607699e-001 1.965174e+000 -2.250509e-001 -4.139384e-001 -1.130644e-001 -6.515250e-001 5.234243e-001 
2.062439e+001 1.763097e+001 -8.353467e+000 1.372002e+000 -2.135171e+000 2.227671e+000 -5.219946e+000 2.503058e+000 2.544923e-001 -2.911092e+000 -1.905276e+000 -4.583481e-001 1.491946e+000 -3.441573e-001 -6.691234e-001 6.338516e-001 -1.531947e+000 -1.139512e+000 2.204270e+000 -6.478767e-001 -2.466829e-001 -3.446671e-001 -1.103266e-001 3.206619e-001 
1.953317e+001 1.871529e+001 -7.939842e+000 1.422198e+000 -2.128022e+000 2.403309e+000 -6.170285e+000 3.262445e+000 -1.326200e-001 -3.267786e+000 -2.191690e+000 -3.894324e-001 1.637962e+000 -6.446474e-001 -1.038311e-001 5.552458e-003 -6.399462e-001 -1.470255e+000 2.644678e+000 -9.606874e-001 -1.537372e-002 -4.608468e-001 1.010438e-001 2.566901e-001 
1.920620e+001 1.825862e+001 -7.788706e+000 1.809864e+000 -2.254430e+000 2.641499e+000 -5.977421e+000 2.970370e+000 1.019891e-001 -2.998503e+000 -2.321017e+000 -2.193599e-001 1.625149e+000 -1.059227e+000 1.506598e-001 -4.563052e-002 -6.014049e-001 -1.599056e+000 2.618933e+000 -8.571153e-001 -2.774209e-001 -3.379822e-001 1.732039e-001 9.063712e-002 
1.951818e+001 1.654194e+001 -6.083071e+000 1.134219e+000 -1.238490e+000 1.770284e+000 -5.139471e+000 2.046331e+000 1.021712e+000 -3.756605e+000 -1.712657e+000 1.289255e-001 7.766181e-001 -6.984944e-001 -1.462964e-001 4.674318e-001 -9.693387e-001 -9.202369e-001 1.693407e+000 -7.086139e-001 -1.127978e-001 -2.444385e-001 -3.197991e-001 1.649978e-001 
1.887743e+001 1.678824e+001 -6.208413e+000 1.780583e+000 -1.028070e+000 1.765323e+000 -5.212771e+000 2.081194e+000 8.413760e-001 -3.678511e+000 -1.207010e+000 -3.914544e-001 1.927640e-001 -5.425456e-001 2.356883e-001 5.208652e-001 -7.225510e-001 -9.125704e-001 1.197443e+000 -3.893522e-001 -1.005592e-001 1.211070e-002 -4.474700e-001 1.643288e-001 
1.676286e+001 1.791083e+001 -6.177778e+000 2.369612e+000 -1.231346e+000 1.797363e+000 -5.675771e+000 3.136412e+000 6.612554e-001 -3.058744e+000 -1.606742e+000 -5.183712e-001 7.821082e-002 -2.112359e-001 4.260131e-001 1.279264e-001 -6.326979e-001 -4.746665e-001 1.025239e+000 -6.455861e-001 -5.553358e-002 -5.374684e-003 -5.660227e-001 3.855735e-001 
1.811887e+001 1.591333e+001 -4.670943e+000 9.719953e-001 4.850952e-001 4.135965e-001 -4.234699e+000 1.610917e+000 1.300452e+000 -2.832633e+000 -1.051000e+000 -8.980897e-001 -2.326133e-001 1.469108e-001 3.095972e-001 5.519466e-001 -6.932060e-001 -1.721577e-001 9.856869e-001 -3.010226e-001 4.191310e-002 -9.182409e-002 -2.823740e-001 3.137994e-001 
1.703599e+001 1.591168e+001 -5.432699e+000 2.569155e+000 3.078087e+000 1.141486e+000 -2.102486e+000 -1.648079e+000 -6.699408e-001 -5.862697e-001 -1.354592e+000 -9.062352e-001 1.781230e-001 -1.037085e-002 7.815929e-001 6.661447e-001 -6.622779e-001 -8.401831e-001 -3.855436e-002 -2.755700e-001 1.144670e-001 7.155363e-002 -5.059216e-001 2.981385e-001 
1.454654e+001 1.733779e+001 -6.600634e+000 3.822892e+000 3.588691e+000 1.629937e+000 -2.523463e+000 -2.236569e+000 -1.663567e+000 -8.776581e-001 -1.575681e+000 -8.836069e-001 5.537045e-001 -2.129267e-001 1.058478e+000 8.831912e-001 -1.210321e+000 -1.155881e+000 8.424049e-003 -5.609836e-001 4.055825e-001 5.592738e-002 -1.643238e-001 4.682786e-001 
1.343162e+001 1.817636e+001 -7.006665e+000 4.775341e+000 2.266307e+000 1.768787e+000 -3.448769e+000 -1.961102e+000 -1.666593e+000 -7.325517e-001 -1.331496e+000 -6.129349e-001 4.997260e-001 -1.740424e-001 7.949488e-001 1.120479e+000 -1.608489e+000 -1.300388e+000 1.667680e-001 -6.367433e-001 7.448500e-001 -2.082008e-001 2.268541e-001 5.695663e-001 
1.406404e+001 1.625440e+001 -5.622741e+000 3.867418e+000 2.802990e+000 1.152176e+000 -3.038141e+000 -2.192199e+000 -1.210503e+000 -1.585787e+000 -1.341162e+000 -9.274108e-001 8.622716e-001 -1.418105e-001 1.047564e+000 1.274048e+000 -1.941825e+000 -1.244231e+000 -8.181629e-002 -3.268843e-001 5.264469e-001 -8.447515e-002 1.603967e-001 9.469569e-001 
1.487311e+001 1.682222e+001 -7.426428e+000 4.481735e+000 9.298482e-001 1.732758e+000 -3.119671e+000 -1.082509e+000 -7.725368e-001 -3.415131e+000 -2.119765e+000 -5.888751e-001 9.616595e-001 -3.993398e-001 1.522884e+000 1.301687e+000 -1.693333e+000 -1.346491e+000 4.915190e-001 1.431423e-001 -1.910865e-001 -3.212293e-001 -1.327156e-001 8.350247e-001 
1.911960e+001 1.690179e+001 -7.906250e+000 1.394758e+000 -5.607783e-002 1.139226e+000 -3.782325e+000 1.795553e+000 -9.453556e-001 -3.912102e+000 -1.613119e+000 -2.584041e-001 6.804557e-001 -1.736663e-001 7.156852e-001 5.233352e-001 -1.671268e+000 -3.778213e-001 1.592893e+000 -2.477412e-001 -7.880155e-002 -4.322542e-001 -6.849061e-001 8.546554e-001 
1.955455e+001 1.800409e+001 -8.473143e+000 1.902833e+000 -1.090226e+000 2.664905e+000 -4.608823e+000 1.976576e+000 -5.734687e-001 -3.049132e+000 -1.580400e+000 -7.313420e-001 6.339280e-001 7.562600e-002 -1.173429e-001 6.985854e-001 -1.456532e+000 -2.057454e-001 1.651915e+000 3.303223e-002 -4.566492e-001 -2.239310e-001 -9.457465e-001 5.421849e-001 
2.037694e+001 1.756578e+001 -8.035004e+000 2.117135e+000 -1.491175e+000 2.276979e+000 -4.813200e+000 1.947642e+000 3.928311e-002 -3.054675e+000 -1.536383e+000 -1.302907e+000 1.549470e+000 -4.026944e-001 -1.619750e-001 5.820104e-001 -1.569683e+000 -2.387278e-001 2.067629e+000 1.055309e-001 -7.901428e-001 -8.207019e-003 -9.258286e-001 7.890193e-001 
2.005550e+001 1.778789e+001 -8.586747e+000 1.887486e+000 -2.093655e+000 2.976152e+000 -5.397624e+000 2.595037e+000 3.890360e-001 -3.026839e+000 -1.253787e+000 -9.597093e-001 1.479037e+000 -7.372644e-001 3.868582e-002 1.899988e-001 -1.104491e+000 -1.092320e+000 2.394530e+000 -3.898368e-001 -2.648918e-001 -4.456178e-001 -4.760454e-001 3.789814e-001 
2.255724e+001 1.474050e+001 -5.818810e+000 -6.844467e-001 -1.120262e-001 7.657173e-001 -3.691967e+000 1.624139e+000 1.140750e+000 -3.476117e+000 -1.263323e+000 -7.094074e-001 1.303747e+000 -2.997013e-001 -7.106370e-001 6.999578e-001 -1.687171e+000 -6.404159e-001 1.622912e+000 -2.123955e-001 -3.871893e-001 -6.771980e-002 -6.039765e-001 5.003046e-001 
2.074730e+001 1.753710e+001 -8.462538e+000 1.509938e+000 -2.690877e+000 2.239045e+000 -5.588583e+000 2.662821e+000 -2.791457e-001 -2.941577e+000 -2.222972e+000 -5.940737e-001 1.558843e+000 -4.484497e-001 -5.280777e-001 6.088987e-001 -1.328549e+000 -1.057192e+000 2.289790e+000 -6.131634e-001 -7.817642e-002 -1.871280e-001 -2.382625e-001 4.776467e-001 
2.048372e+001 1.697006e+001 -7.232112e+000 3.437144e-001 -1.285716e+000 1.288434e+000 -5.031562e+000 2.523082e+000 6.747311e-001 -3.551791e+000 -1.796406e+000 -4.797686e-001 1.457629e+000 -1.793608e-001 -5.318852e-001 3.714758e-001 -1.291959e+000 -9.486747e-001 2.135363e+000 -4.475813e-001 -4.602254e-001 -2.836446e-001 1.044784e-001 4.496524e-001 
1.957704e+001 1.836024e+001 -7.838390e+000 1.405965e+000 -2.022210e+000 2.655929e+000 -6.006754e+000 3.037980e+000 2.613769e-001 -2.967619e+000 -2.177999e+000 -4.037201e-001 1.716619e+000 -6.957718e-001 -1.047842e-002 -6.965656e-003 -7.396955e-001 -1.441943e+000 2.716866e+000 -8.496515e-001 -3.362157e-001 -3.969415e-001 1.344557e-001 1.590544e-001 
1.958751e+001 1.726527e+001 -7.273780e+000 1.342018e+000 -1.781455e+000 2.325126e+000 -5.434998e+000 2.619782e+000 5.037277e-001 -3.258636e+000 -2.066163e+000 -2.560638e-002 1.207548e+000 -7.508082e-001 -5.513328e-003 2.661412e-001 -8.341114e-001 -1.263139e+000 2.133900e+000 -7.837925e-001 -2.783783e-001 -1.671521e-001 -9.121140e-002 2.536421e-001 
1.840294e+001 1.721638e+001 -7.069255e+000 1.724272e+000 -2.349424e+000 1.874543e+000 -5.798008e+000 2.242458e+000 5.980966e-001 -3.899434e+000 -2.051379e+000 -1.369655e-001 4.648635e-001 -6.267179e-001 2.093260e-001 4.033914e-001 -4.306081e-001 -8.309448e-001 1.636516e+000 -7.311566e-001 1.026518e-001 -2.382483e-001 -1.410323e-001 1.522422e-001 
1.821563e+001 1.627595e+001 -5.603315e+000 1.114443e+000 -1.144976e+000 4.300227e-001 -5.201564e+000 1.720063e+000 8.118127e-001 -4.287434e+000 -1.580226e+000 -8.671484e-001 2.519806e-001 -3.888194e-001 3.601253e-001 7.341284e-001 -4.142585e-001 -2.319404e-001 1.028732e+000 -2.769822e-001 -2.225998e-001 3.843928e-001 -5.361297e-001 2.409523e-001 
1.772216e+001 1.670011e+001 -4.886031e+000 5.176747e-001 -1.709682e-001 3.995106e-001 -5.246686e+000 1.738145e+000 9.284746e-001 -3.678206e+000 -1.347029e+000 -8.720547e-001 9.205479e-002 2.754091e-002 4.273114e-001 3.772140e-001 -7.355293e-001 7.319951e-003 1.030939e+000 -6.010585e-001 1.121126e-001 1.787666e-001 -4.887326e-001 6.560407e-001 
