1.211731e+001 1.128385e+001 -3.712275e+000 3.687483e+000 -2.070741e+000 1.228990e+000 -2.480854e+000 2.502843e-001 -1.147408e+000 4.477912e-001 -4.713328e-001 -3.831900e-001 
1.164875e+001 1.015035e+001 -2.761736e+000 2.820671e+000 -7.712788e-001 6.759764e-001 -1.480896e+000 -2.258885e-001 -4.943251e-001 4.310029e-002 -2.413505e-001 -3.766087e-001 
1.174881e+001 9.799697e+000 -2.973961e+000 2.641168e+000 -8.270797e-001 7.938538e-001 -1.593594e+000 3.594417e-001 -3.799921e-002 2.471703e-001 -6.166041e-001 -4.740827e-001 
1.151132e+001 1.090058e+001 -3.857571e+000 2.958147e+000 -1.902180e+000 1.856105e+000 -2.119925e+000 9.648808e-001 -4.193591e-001 4.339591e-001 -8.208599e-001 -1.529378e-001 
1.208187e+001 1.028169e+001 -4.058859e+000 3.421215e+000 -3.099980e+000 1.992342e+000 -2.402444e+000 1.034700e+000 -6.715427e-001 5.860076e-001 -4.112444e-001 -6.946949e-001 
1.336933e+001 8.964104e+000 -3.938520e+000 3.699979e+000 -3.303782e+000 1.911582e+000 -3.110513e+000 1.502993e+000 -5.206685e-001 5.238007e-001 -4.555813e-001 -6.392284e-001 
1.535276e+001 8.709834e+000 -3.580693e+000 3.980263e+000 -1.981407e+000 1.066149e+000 -2.315744e+000 1.323539e+000 7.571193e-001 -1.622737e-001 -3.399301e-001 -4.298598e-001 
1.356915e+001 1.095340e+001 -4.555525e+000 4.744084e+000 -2.879622e+000 1.033996e+000 -2.592964e+000 1.422546e+000 8.632770e-001 -9.845688e-003 -8.626457e-001 -3.474897e-001 
1.416200e+001 8.970588e+000 -2.520399e+000 3.802272e+000 -2.623513e+000 1.754176e-001 -1.407588e+000 4.608065e-002 9.044863e-001 -7.658363e-001 -1.378273e-001 -5.045604e-001 
1.509967e+001 8.260343e+000 -1.947813e+000 4.342062e+000 -1.760762e+000 1.151130e+000 -2.356293e+000 5.495652e-001 4.395067e-001 -5.742170e-001 -2.403475e-001 -7.410316e-002 
1.447569e+001 8.957211e+000 -3.828379e+000 4.528256e+000 -1.643172e+000 4.361635e-002 -2.403172e+000 -2.885173e-001 1.226414e+000 -1.110483e+000 -3.271992e-001 -9.348560e-002 
1.445395e+001 8.958006e+000 -1.878291e+000 4.488106e+000 -2.206586e+000 -2.095998e-001 -2.028435e+000 -5.313757e-001 1.388623e+000 -1.134806e+000 -2.905537e-001 -3.469880e-001 
1.354859e+001 9.545553e+000 -1.944861e+000 5.057926e+000 -2.791178e+000 2.525145e-001 -1.979021e+000 -7.768689e-001 1.219845e+000 -1.431514e+000 9.875861e-002 -6.440320e-001 
1.428243e+001 8.222856e+000 -1.550418e+000 4.123049e+000 -1.605542e+000 1.742330e-002 -2.301039e+000 -5.984110e-001 3.837648e-001 -8.489727e-001 4.336292e-002 -3.616765e-001 
1.399720e+001 8.668490e+000 -1.871046e+000 4.249091e+000 -3.737676e-001 -1.282703e+000 -2.092041e+000 -1.017918e+000 4.683596e-001 1.542038e-001 -6.696368e-001 8.264646e-002 
1.481980e+001 8.622089e+000 -1.756661e+000 4.422129e+000 -2.216899e-001 -9.038616e-001 -2.474042e+000 -7.036594e-001 2.999106e-001 6.123629e-001 -6.457592e-001 4.799446e-001 
1.279614e+001 9.782756e+000 -2.467595e+000 5.040613e+000 -1.029830e+000 -1.340166e-001 -3.549318e+000 8.840167e-002 -7.105291e-001 1.222585e+000 -1.241576e+000 9.103108e-001 
1.376578e+001 7.400014e+000 -2.819216e-001 2.388316e+000 -4.614332e-001 -1.080198e+000 -1.592530e+000 -1.032446e+000 -5.097934e-001 -6.162139e-002 -7.163813e-001 -8.397742e-002 
1.311202e+001 9.274349e+000 -2.418323e+000 2.020427e+000 -1.326675e+000 -4.186073e-004 -1.512645e+000 -7.200060e-001 -5.387251e-001 1.295377e-001 -2.536546e-001 -8.543710e-001 
1.056337e+001 1.082041e+001 -3.630183e+000 3.569644e+000 -1.992899e+000 1.203833e+000 -2.252856e+000 -2.545205e-001 -1.544635e+000 4.828907e-001 -8.070013e-002 -4.614579e-001 
1.136104e+001 9.977294e+000 -3.393969e+000 3.019561e+000 -1.374456e+000 9.125030e-001 -2.292718e+000 -7.907351e-002 -9.036638e-001 3.637288e-001 -4.175427e-001 -4.741079e-001 
1.196813e+001 9.345904e+000 -2.338079e+000 1.975127e+000 -1.294744e+000 1.218535e+000 -1.406386e+000 3.018311e-001 -2.131541e-001 4.040501e-001 -2.936672e-001 -6.240260e-001 
1.278430e+001 9.292259e+000 -2.577181e+000 2.168366e+000 -1.440986e+000 1.182067e+000 -8.686751e-001 2.625776e-001 1.237265e-001 3.196978e-001 -1.333819e-001 -7.897003e-001 
1.376394e+001 8.974896e+000 -2.967374e+000 3.671463e+000 -2.676764e+000 1.603605e+000 -2.176582e+000 1.135637e+000 -3.236788e-001 6.336868e-001 -2.216275e-001 -9.549692e-001 
1.466691e+001 8.723426e+000 -4.277667e+000 3.803181e+000 -2.722595e+000 1.088190e+000 -2.820892e+000 1.557348e+000 3.401874e-001 -5.589961e-002 -4.494101e-001 -5.218179e-001 
1.456100e+001 9.687373e+000 -3.623110e+000 3.850727e+000 -2.064748e+000 5.916850e-001 -1.928103e+000 1.201995e+000 1.121383e+000 -2.679992e-001 -5.388652e-001 -2.890427e-001 
1.415158e+001 9.384264e+000 -2.018254e+000 3.743007e+000 -2.357485e+000 1.935530e-001 -1.387143e+000 6.226084e-001 1.266439e+000 -5.318405e-001 -3.067084e-001 -6.568806e-001 
1.514542e+001 7.896382e+000 -1.879821e+000 3.981457e+000 -2.197244e+000 8.207666e-001 -1.809538e+000 3.120076e-001 2.385307e-001 -5.745198e-001 -3.971051e-001 -1.298481e-001 
1.529720e+001 9.010640e+000 -3.263831e+000 4.756742e+000 -1.933794e+000 4.813734e-001 -2.721084e+000 4.741610e-001 1.019795e+000 -4.465468e-001 -5.606335e-001 5.141041e-002 
1.486849e+001 8.902094e+000 -2.369021e+000 4.185101e+000 -2.347966e+000 -2.585601e-001 -2.155998e+000 -3.005686e-001 1.375941e+000 -9.933649e-001 -3.742040e-001 -2.024233e-001 
1.331102e+001 9.479130e+000 -2.204324e+000 5.160121e+000 -2.838271e+000 1.482899e-001 -2.086513e+000 -8.341494e-001 1.066083e+000 -1.464513e+000 8.561595e-002 -6.301549e-001 
1.426771e+001 8.449890e+000 -1.404534e+000 4.115115e+000 -1.643232e+000 -7.541401e-002 -2.231806e+000 -7.428071e-001 6.438043e-001 -1.060568e+000 1.022007e-001 -4.293515e-001 
1.362425e+001 9.069434e+000 -2.150690e+000 4.701631e+000 -1.021408e+000 -9.411711e-001 -2.007661e+000 -1.054907e+000 2.076878e-001 2.150186e-001 -6.610870e-001 -2.593969e-003 
1.402911e+001 8.727149e+000 -1.952522e+000 4.617510e+000 -7.826908e-001 -1.091961e+000 -2.761709e+000 -9.195269e-001 2.791504e-001 4.892959e-001 -5.434769e-001 3.512933e-001 
1.331268e+001 9.209472e+000 -2.180472e+000 5.097691e+000 -9.422845e-001 -5.781859e-001 -3.571596e+000 -4.771397e-001 -6.702694e-001 1.440625e+000 -1.001692e+000 1.071997e+000 
