5.134162e+000 1.359504e+001 -2.157892e+000 3.643169e+000 -1.039835e-001 -1.719179e+000 -2.539326e+000 3.895506e-001 1.484606e+000 -1.053893e+000 -8.659628e-001 -9.356849e-001 
4.110849e+000 1.251808e+001 -1.537039e+000 2.499894e+000 9.412186e-001 -1.061187e+000 -2.003481e+000 1.272471e-001 1.868763e+000 8.191666e-003 -9.065974e-001 -3.812403e-001 
3.616374e+000 1.221903e+001 -3.023703e+000 3.005160e+000 -9.823141e-001 -9.450671e-001 -1.487886e+000 6.697919e-001 2.310644e+000 -7.782753e-002 -8.810865e-001 -8.841853e-001 
4.232261e+000 1.132789e+001 -2.947460e+000 2.365239e+000 -1.299572e+000 -6.198870e-001 -1.108695e+000 1.120591e+000 2.399399e+000 -1.032100e-001 -8.951775e-001 -8.714716e-001 
5.363895e+000 1.142736e+001 -4.026981e+000 2.027208e+000 -2.839736e+000 -8.338261e-001 -1.612414e+000 1.253228e+000 1.980456e+000 4.322171e-003 -9.565688e-001 -6.425605e-001 
5.841287e+000 9.619650e+000 -4.598218e+000 2.729104e+000 -3.199514e+000 -1.032705e+000 -6.898212e-001 1.000184e+000 2.275639e+000 -3.901953e-001 -4.603276e-001 -6.923587e-001 
5.679057e+000 1.017319e+001 -3.471665e+000 3.154966e+000 -3.190309e+000 -8.996172e-001 -3.521867e-001 1.156257e+000 2.074833e+000 1.474369e-001 -1.122276e+000 -8.060044e-001 
6.661433e+000 8.454771e+000 -2.880828e+000 3.067043e+000 -2.795677e+000 -1.014739e+000 -4.874081e-001 1.140043e+000 1.665938e+000 2.339647e-001 -9.894257e-001 -5.999177e-001 
6.664829e+000 9.650933e+000 -4.220595e+000 4.168320e+000 -3.273111e+000 -1.769098e+000 1.027031e-001 1.012220e+000 1.899665e+000 -5.365971e-001 1.645790e-001 -1.034260e+000 
6.248094e+000 9.454004e+000 -2.673036e+000 3.453953e+000 -2.778520e+000 -1.141568e+000 -5.871064e-001 9.618304e-001 1.905939e+000 -5.660925e-001 2.643051e-002 -1.029442e+000 
4.535872e+000 1.068961e+001 -3.620678e+000 2.688839e+000 -1.630061e+000 -1.284223e+000 -1.904431e+000 1.101772e+000 2.130900e+000 -4.229644e-001 -6.034984e-001 -3.798409e-001 
4.620156e+000 1.192680e+001 -4.263444e+000 3.466803e+000 -1.129339e+000 -2.276902e+000 -2.328384e+000 2.171903e-002 2.754158e+000 -6.798575e-001 -8.611111e-001 -8.861567e-001 
6.934661e+000 1.219171e+001 -3.474897e+000 2.870522e+000 -8.183602e-001 -2.109334e+000 -2.615044e+000 -2.431831e-001 2.908864e+000 -5.649512e-001 -7.905811e-001 -8.596363e-001 
8.893867e+000 1.364088e+001 -3.368726e+000 2.512934e+000 -9.869830e-001 -2.737881e+000 -3.098451e+000 -6.897612e-002 2.850709e+000 -5.900810e-001 -1.020060e+000 -1.366076e+000 
1.041569e+001 1.520599e+001 -4.774719e+000 2.653587e+000 -9.891373e-001 -2.859456e+000 -3.363426e+000 -3.791584e-001 3.018336e+000 -8.749515e-001 -1.083703e+000 -1.740591e+000 
1.078390e+001 1.485905e+001 -4.579400e+000 1.417934e+000 -7.662793e-001 -2.082606e+000 -2.499264e+000 -5.236197e-002 1.724539e+000 -8.467830e-001 -5.901447e-001 -8.480559e-001 
6.237732e+000 1.368762e+001 -3.415255e+000 2.805251e+000 -1.260974e+000 -5.313964e-001 -1.707018e+000 1.095100e+000 1.727521e+000 -1.873118e+000 -1.221397e+000 -1.332392e+000 
5.092764e+000 1.333910e+001 -2.670070e+000 1.910156e+000 -9.362394e-001 -5.872644e-001 -9.847438e-001 1.355284e+000 2.061857e+000 -1.174382e+000 -1.202578e+000 -1.066069e+000 
5.870464e+000 1.081289e+001 -2.268657e+000 1.440500e+000 -1.020400e+000 -1.154294e+000 -4.312353e-001 1.074959e+000 2.454620e+000 -2.770608e-001 -1.254679e+000 -9.437563e-001 
3.912082e+000 1.181070e+001 -3.410501e+000 2.239973e+000 -1.755597e+000 -6.342467e-001 -6.583271e-001 1.210182e+000 2.469726e+000 -5.275188e-001 -8.294907e-001 -1.400796e+000 
5.496825e+000 1.108497e+001 -4.171993e+000 2.452709e+000 -2.657687e+000 -9.116407e-001 -1.446438e+000 1.133378e+000 1.494537e+000 6.203732e-002 -7.239747e-001 -9.181870e-001 
6.508363e+000 9.649737e+000 -4.728710e+000 2.812112e+000 -3.308309e+000 -7.242579e-001 -1.094018e+000 1.041037e+000 2.129374e+000 1.863893e-001 -6.817868e-001 -9.256651e-001 
5.834811e+000 9.939096e+000 -4.877052e+000 3.049081e+000 -2.688641e+000 -4.727454e-001 -6.604180e-001 7.725335e-001 2.057597e+000 3.763196e-001 -1.106668e+000 -7.561366e-001 
6.817593e+000 9.244132e+000 -4.237820e+000 3.487254e+000 -3.454935e+000 -1.033873e-001 -1.362932e+000 1.139598e+000 1.470276e+000 3.078378e-001 -7.615786e-001 -7.517353e-001 
5.986945e+000 9.460870e+000 -4.157175e+000 4.271900e+000 -3.472787e+000 -1.142143e+000 -5.029835e-001 4.153508e-001 1.481574e+000 -2.661440e-001 3.402093e-001 -9.244497e-001 
6.209152e+000 1.036449e+001 -3.311398e+000 4.075783e+000 -3.403558e+000 -5.168191e-001 -1.488418e+000 6.283434e-001 1.392949e+000 4.130925e-001 2.000458e-001 -1.074886e+000 
4.091673e+000 1.023934e+001 -3.351415e+000 3.229821e+000 -2.031969e+000 -9.314241e-001 -2.154625e+000 7.410182e-001 1.959890e+000 3.255422e-001 -3.488374e-001 -8.149151e-001 
4.511023e+000 1.172185e+001 -4.522871e+000 3.277612e+000 -1.250413e+000 -1.367542e+000 -3.026350e+000 2.120535e-001 2.751100e+000 -5.652348e-001 -4.316103e-001 -7.376050e-001 
5.947774e+000 1.232566e+001 -4.333029e+000 3.146593e+000 -8.003609e-001 -1.692964e+000 -2.744470e+000 -2.998179e-001 2.519944e+000 -6.043567e-001 -6.138098e-001 -8.470805e-001 
9.261085e+000 1.275108e+001 -3.209327e+000 2.080279e+000 -6.453342e-001 -2.896709e+000 -2.916932e+000 1.019142e-001 2.512660e+000 -4.307339e-001 -9.023223e-001 -1.334744e+000 
1.044985e+001 1.416548e+001 -4.510931e+000 2.253636e+000 -6.572116e-001 -2.808309e+000 -3.412984e+000 -4.161263e-001 2.866468e+000 -7.288496e-001 -1.174518e+000 -1.578751e+000 
