6.330080e+000 1.100210e+001 -1.108804e+000 4.147408e+000 9.906931e-001 -4.933839e-002 -3.576830e+000 1.629691e-002 2.926311e-001 4.159148e-001 6.890012e-001 5.054761e-001 
6.358374e+000 1.141016e+001 -8.290623e-001 3.964567e+000 6.818062e-001 -6.657522e-001 -2.986527e+000 -2.384106e-001 5.739743e-001 3.052319e-001 8.347081e-001 4.502660e-001 
6.440246e+000 1.115963e+001 -6.035069e-001 3.595162e+000 7.815253e-001 -3.965319e-001 -4.059777e+000 -7.430330e-001 1.288121e+000 -4.745278e-002 5.678023e-001 9.156663e-001 
7.331301e+000 1.006110e+001 5.196970e-002 3.089856e+000 5.332996e-001 -4.858846e-002 -3.650899e+000 -9.370536e-001 2.177078e+000 -3.891200e-001 -2.013253e-001 6.570419e-001 
8.098901e+000 1.003461e+001 -4.155850e-001 3.637782e+000 8.578865e-001 5.668271e-002 -3.799923e+000 -6.415475e-001 1.873135e+000 3.176365e-001 -7.594651e-001 5.217684e-001 
9.821481e+000 9.741726e+000 -7.954353e-001 2.328006e+000 1.470954e+000 8.277869e-002 -4.246004e+000 -8.039400e-001 2.687764e+000 -5.020641e-002 -1.137391e+000 4.442913e-001 
1.075096e+001 1.044291e+001 -2.085613e+000 2.170245e+000 1.572720e+000 -3.537832e-001 -4.467735e+000 -5.799633e-001 2.232173e+000 -7.482686e-002 -1.479759e+000 3.116665e-001 
1.284768e+001 1.033477e+001 -2.051840e+000 1.270791e+000 1.064711e+000 -9.152838e-001 -3.790399e+000 -6.087651e-001 1.951698e+000 -1.049550e-001 -1.579283e+000 2.916838e-001 
1.434375e+001 1.038049e+001 -1.749048e+000 4.441498e-001 6.034495e-001 -6.169755e-001 -3.527451e+000 -4.795978e-001 1.709524e+000 -2.954597e-002 -1.664105e+000 6.157042e-001 
1.471165e+001 9.672067e+000 -1.515863e+000 1.079711e+000 2.081877e-001 -6.948805e-001 -3.449639e+000 -8.021487e-001 1.927222e+000 -5.676762e-001 -1.442834e+000 4.199778e-001 
1.562728e+001 9.120914e+000 -1.109935e+000 5.384155e-001 6.100025e-001 -1.285190e+000 -3.083688e+000 -3.927977e-001 1.191093e+000 -5.832060e-001 -1.269223e+000 -2.718034e-002 
1.465875e+001 6.559908e+000 5.057500e-002 9.445799e-001 9.813809e-001 -9.597121e-001 -1.561024e+000 9.892635e-002 8.585421e-001 -2.397143e-001 -7.291631e-001 -2.270399e-001 
6.655029e+000 1.087721e+001 -1.471858e+000 4.303653e+000 1.020622e+000 2.220271e-001 -3.613266e+000 1.516150e-001 5.122747e-001 4.051360e-001 9.430758e-001 5.671377e-001 
6.735580e+000 1.103206e+001 -6.163273e-001 3.611042e+000 1.287238e+000 -1.087963e+000 -3.012405e+000 -3.896566e-001 1.221416e+000 3.211971e-001 7.528829e-001 4.873447e-001 
6.504342e+000 1.062654e+001 -2.097244e-001 3.366512e+000 7.702351e-001 -2.045971e-001 -3.958832e+000 -7.932295e-001 1.907810e+000 -8.304294e-002 3.785965e-001 9.688619e-001 
7.041791e+000 1.069843e+001 -5.387349e-001 3.557161e+000 2.500738e-001 2.605945e-001 -3.965070e+000 -6.630196e-001 2.077213e+000 8.799232e-002 -2.957348e-001 7.512467e-001 
9.139892e+000 9.605255e+000 -3.654265e-001 2.961670e+000 1.372497e+000 1.263375e-001 -3.868998e+000 -6.251841e-001 2.088924e+000 2.201573e-001 -8.504218e-001 5.145602e-001 
1.000717e+001 1.013221e+001 -1.287722e+000 2.172248e+000 1.653366e+000 4.095985e-002 -4.417775e+000 -7.726595e-001 2.640605e+000 -1.682959e-001 -1.111936e+000 4.236342e-001 
1.123479e+001 1.072106e+001 -2.281033e+000 1.928475e+000 1.443026e+000 -5.653459e-001 -4.177815e+000 -5.479025e-001 2.171378e+000 -2.044363e-001 -1.336003e+000 1.251092e-001 
1.349101e+001 1.043114e+001 -1.965085e+000 8.703902e-001 1.073992e+000 -8.290840e-001 -3.700713e+000 -4.534801e-001 1.890393e+000 -1.161211e-002 -1.680103e+000 4.596581e-001 
1.454197e+001 1.037280e+001 -1.859984e+000 9.704792e-001 2.457245e-001 -6.028783e-001 -3.421342e+000 -5.581926e-001 1.724685e+000 -8.217029e-002 -1.685663e+000 6.177351e-001 
1.485741e+001 9.514005e+000 -1.246123e+000 1.111454e+000 2.821445e-001 -9.020241e-001 -3.397159e+000 -6.816361e-001 1.728313e+000 -4.746549e-001 -1.604175e+000 3.451100e-001 
