3.276053e+000 1.193733e+001 -3.073513e+000 -2.930347e-001 1.461912e+000 -1.019732e+000 -1.583282e+000 2.227134e-001 1.346978e+000 -1.658989e-001 -3.928089e-001 4.362578e-001 
3.133294e+000 1.438532e+001 -3.519298e+000 9.092090e-001 1.689367e+000 -1.099977e+000 -1.557557e+000 -1.104102e-001 1.774236e+000 -3.208581e-001 -2.813305e-001 6.228084e-001 
2.783956e+000 1.260674e+001 -2.563506e+000 -1.444058e-001 8.265698e-001 -9.851922e-001 -9.759046e-001 1.408227e-001 1.111135e+000 4.947037e-002 -4.870303e-001 9.249191e-002 
2.400004e+000 1.283244e+001 -3.694216e+000 2.871141e-001 1.049562e+000 -9.386677e-001 -1.636249e+000 3.916919e-001 1.320139e+000 -3.466915e-001 -7.709802e-001 3.722752e-001 
4.058121e+000 1.002292e+001 -2.301859e+000 -3.860702e-003 1.351217e+000 -1.019215e+000 -2.597289e+000 1.975146e-001 5.452278e-001 3.366304e-002 -5.576414e-001 2.096881e-001 
6.775726e+000 9.575551e+000 -1.883416e+000 1.210637e-001 7.791583e-001 -1.257710e+000 -9.698190e-001 9.389975e-001 3.077880e-001 1.276426e-001 -2.742595e-001 -3.789557e-001 
2.812989e+000 1.376422e+001 -3.546478e+000 3.052484e-001 9.201963e-001 -1.346416e+000 -1.695351e+000 3.072399e-001 1.730495e+000 -7.168527e-001 -6.456086e-001 -2.645998e-001 
2.609820e+000 1.416040e+001 -3.781457e+000 3.750985e-001 6.210772e-001 -7.345438e-001 -9.178341e-001 1.122065e-002 1.703297e+000 -3.337034e-001 -4.073983e-001 -2.937153e-001 
1.808919e+000 1.463004e+001 -4.248807e+000 5.200102e-001 6.194743e-001 -1.241389e+000 -8.846128e-001 3.332998e-001 2.316563e+000 -6.239339e-001 -5.351866e-001 -5.671983e-001 
2.692146e+000 1.252781e+001 -3.811567e+000 2.299817e-001 1.448931e+000 -7.524617e-001 -1.856303e+000 8.943893e-001 1.639204e+000 -4.598787e-001 -9.409679e-001 -6.197117e-002 
