-9.393612e+000 1.339177e+001 3.686842e+000 6.071399e-001 -2.355813e-001 -1.406781e+000 -4.366339e-001 1.523962e-001 3.276151e-001 -1.008056e+000 -6.246084e-001 -4.274883e-002 
-8.534102e+000 1.235284e+001 3.683308e+000 6.982980e-001 -2.901684e-001 -1.055728e+000 -4.408184e-001 2.119477e-001 7.822560e-002 -8.837730e-001 -6.255419e-001 -2.859020e-001 
-1.064559e+001 1.303919e+001 3.918106e+000 5.989886e-001 -2.584600e-001 -1.323911e+000 -1.532929e-001 1.223213e-001 7.493355e-002 -9.211409e-001 -5.022367e-001 -2.669573e-001 
-1.028756e+001 1.211373e+001 3.925710e+000 8.515451e-001 -4.134864e-001 -1.221756e+000 -3.644919e-001 -7.230870e-002 -4.654107e-002 -9.585380e-001 -5.384410e-001 9.076358e-003 
-9.872795e+000 1.222310e+001 3.520705e+000 -3.024866e-002 -4.680690e-001 -6.466675e-001 2.017216e-001 -1.135385e-001 -3.905464e-001 -1.003725e+000 -3.760206e-001 -8.373781e-002 
-4.937121e+000 9.931401e+000 3.523736e+000 7.973435e-001 -4.063720e-001 -6.313467e-001 -2.686671e-001 2.511334e-002 1.070672e-001 -3.310315e-001 -4.544929e-001 -1.222435e-001 
-8.473981e+000 1.247966e+001 3.813406e+000 3.691563e-001 -4.642354e-001 -1.159835e+000 -3.032747e-001 2.158626e-001 1.438685e-002 -9.664377e-001 -5.409455e-001 -4.028774e-002 
-1.011313e+001 1.322257e+001 3.927544e+000 6.371056e-001 -2.065213e-001 -1.450073e+000 -4.442677e-001 1.530667e-001 2.863329e-001 -9.143853e-001 -5.795027e-001 -4.542130e-001 
-1.052939e+001 1.293682e+001 3.824363e+000 4.108728e-001 -2.264933e-001 -1.177515e+000 -6.950386e-002 -2.104656e-003 -3.910252e-002 -9.559585e-001 -4.126669e-001 -2.908730e-001 
-1.105713e+001 1.276578e+001 3.816936e+000 2.460285e-001 -2.449142e-001 -1.044287e+000 -4.154558e-002 -9.593379e-002 -8.171383e-002 -1.095699e+000 -3.989198e-001 7.387306e-002 
