-1.157446e+001 1.399840e+001 -4.570187e+000 8.015389e+000 -1.741145e+000 -2.067513e+000 -3.478308e-001 3.409376e-002 5.460388e+000 -1.961958e+000 2.870983e-001 -9.121678e-001 -1.708806e+000 -1.751614e+000 -1.385619e+000 1.033286e+000 6.042988e-001 -6.110169e-001 -1.641316e+000 1.071636e-001 9.953437e-002 -1.525326e+000 -6.891914e-001 -2.267019e-001 -9.031217e-002 -9.398733e-001 3.870615e-003 5.222673e-001 -4.730552e-001 -3.671126e-002 2.205536e-001 -1.383704e-001 -1.777982e-001 3.827262e-001 -4.661078e-001 -2.085739e-002 
-9.875090e+000 1.369355e+001 -5.446961e+000 7.290492e+000 -2.553848e+000 -1.682234e+000 -9.379345e-001 4.402324e-001 5.376520e+000 -2.829930e+000 -5.909257e-002 -1.072449e+000 -5.040228e-001 -1.524827e+000 -2.405374e+000 1.050705e+000 1.062102e+000 -1.508760e+000 -2.076120e+000 1.568947e+000 2.556526e-001 -1.977470e+000 -8.298039e-001 -5.471784e-001 -7.651647e-001 -6.466570e-001 5.532443e-001 2.865942e-001 -1.361353e-001 3.718115e-001 8.697061e-001 3.881148e-001 -3.142536e-001 5.982153e-001 9.561191e-002 6.271655e-004 
-6.142352e+000 1.363042e+001 -6.650942e+000 5.826679e+000 -3.768480e+000 -2.743002e+000 -2.178607e+000 -5.753681e-001 4.958781e+000 -1.818549e+000 9.039657e-002 -5.732191e-001 6.916190e-001 1.855280e-001 -1.534046e+000 1.441472e+000 1.747469e+000 -3.436363e-001 -1.267647e+000 6.083143e-001 6.439238e-001 -1.093693e+000 -3.943825e-001 1.998342e-001 2.128789e-001 7.143792e-002 6.614278e-001 3.906932e-001 -5.253661e-002 3.054462e-001 3.291369e-001 -2.152761e-001 -4.168932e-001 -2.030637e-001 -3.274220e-001 1.028771e-001 
-2.533006e+000 1.783095e+001 -8.298427e+000 7.752460e+000 -2.777754e+000 -2.725527e+000 -2.061761e+000 -1.171211e+000 6.431526e+000 -2.301265e+000 1.211058e+000 -2.515964e+000 -2.340681e-001 3.602221e-001 -1.550893e+000 1.618591e+000 7.563702e-001 3.917715e-001 -1.883063e+000 1.224800e+000 7.166960e-001 -1.812151e+000 -3.471325e-001 -1.465664e-001 3.583641e-001 -6.237554e-001 9.038907e-001 3.107800e-001 1.129307e-001 6.804042e-001 4.616179e-002 3.461438e-001 -5.156411e-001 -1.005206e-001 -2.727996e-001 -1.363168e-002 
-2.656661e+000 1.662340e+001 -5.533065e+000 7.862996e+000 -2.714786e+000 -2.266741e+000 -2.030276e+000 5.531055e-001 6.436886e+000 -1.804646e+000 1.314231e-001 -1.804783e+000 -1.183344e+000 -1.825142e-001 -1.455340e+000 3.918828e-001 1.656704e+000 5.801176e-001 -1.813053e+000 5.740026e-001 5.285039e-002 -1.329563e+000 2.701527e-001 3.253573e-001 -1.489973e-002 5.176598e-002 8.639429e-001 4.268164e-001 5.542230e-002 1.688308e-001 -2.730633e-001 -7.331683e-002 -9.540267e-003 3.360914e-001 -5.915489e-004 -2.462817e-001 
-4.046486e+000 1.845743e+001 -4.490001e+000 7.913742e+000 -3.318489e+000 -3.144803e+000 -3.025269e+000 -6.693239e-001 5.475155e+000 -2.155310e+000 1.137364e+000 -2.040870e+000 -4.193554e-001 -1.431968e+000 -2.132918e+000 1.237284e+000 1.491323e+000 5.087054e-001 -9.522455e-001 1.282384e+000 -5.522144e-001 -1.281057e+000 -3.121087e-001 -4.621093e-002 -3.119308e-002 -7.011390e-001 4.206183e-001 8.522630e-001 9.959069e-001 7.633390e-001 2.425622e-001 -5.559620e-001 -7.119892e-001 4.191965e-001 9.231556e-003 2.985271e-001 
-4.833226e+000 1.963950e+001 -3.549294e+000 6.460296e+000 -2.138887e+000 -3.767155e+000 -1.758908e+000 -3.125639e-001 3.837390e+000 -1.543238e+000 -9.533641e-001 -2.306011e+000 -4.750339e-001 -1.980615e+000 -1.495384e+000 1.447067e+000 1.376884e+000 -1.566532e-001 -1.134550e+000 5.158507e-001 -7.219014e-001 -2.208614e+000 -7.233927e-001 -5.613195e-001 -1.802826e-001 -1.847684e-001 -1.070245e-001 2.923236e-001 -5.069932e-002 -4.715467e-002 -1.992582e-001 -1.978303e-001 1.980644e-001 6.873884e-002 -3.831995e-001 6.776019e-002 
-8.395661e+000 2.148799e+001 -2.167477e+000 7.135535e+000 5.810460e-001 -4.411636e+000 -3.680482e+000 -8.596462e-001 3.719673e+000 -2.037145e+000 -1.434874e+000 -2.402095e+000 2.540911e-001 -4.141760e-001 -1.537998e+000 -1.526284e-001 5.978097e-001 -4.720796e-001 -1.604429e+000 -1.812141e-001 -7.235950e-001 -1.444624e+000 -1.099710e+000 -8.294689e-001 -4.938405e-001 1.323270e-001 -2.179609e-001 -7.995592e-001 4.829176e-001 1.711500e-001 -2.734184e-001 -6.191958e-001 6.791202e-001 6.511741e-001 -5.380852e-001 1.115765e-001 
-3.020707e+000 1.906714e+001 -1.939839e-001 3.187137e+000 2.183890e+000 -5.192600e+000 -5.786714e+000 -1.640340e-001 2.765830e+000 -5.204105e-001 -2.576859e+000 -1.823131e+000 -7.926073e-001 -1.329274e+000 -2.139780e+000 -5.861912e-001 1.449799e+000 7.847276e-002 -1.660424e+000 -8.958955e-001 -3.263201e-001 -1.233834e+000 -1.564107e+000 -1.111919e+000 -4.604467e-001 -4.503490e-001 -1.127212e+000 -8.023045e-001 3.896670e-001 2.072155e-001 -2.396493e-001 3.910733e-001 6.965913e-001 4.259225e-002 -2.878248e-001 -3.758864e-002 
-3.139377e+000 2.403260e+001 -5.482442e+000 5.478768e+000 1.388834e+000 -7.215759e+000 -6.507279e+000 -6.571875e-001 3.155114e+000 -3.015463e+000 -2.320090e+000 -2.850796e+000 -1.140567e+000 -4.501268e-001 -1.344436e+000 -4.524663e-001 1.003403e+000 -1.319558e-001 -2.030498e+000 -1.275447e+000 -3.393805e-001 -1.676229e+000 -1.879748e+000 -1.165187e+000 -7.014358e-002 -1.420207e-001 -1.431920e+000 -9.147564e-001 6.698812e-001 -2.883298e-001 2.774543e-001 1.398742e+000 -9.251006e-002 1.185035e-001 4.497178e-001 -3.625428e-001 
4.580354e+000 1.906368e+001 -2.603280e+000 2.557765e+000 8.568546e-001 -7.830730e+000 -6.552825e+000 6.748825e-001 1.499577e+000 -3.079807e+000 -3.456041e+000 -1.937545e+000 -6.791840e-001 -3.140801e-002 -1.305324e+000 -6.822758e-001 9.266355e-001 -7.988746e-001 -1.941458e+000 -1.337630e+000 -1.177868e+000 -1.479013e+000 -2.272105e+000 -1.829008e+000 1.454444e-001 -1.732603e-001 -9.359837e-001 2.849993e-001 1.336156e-001 -3.401770e-001 8.720434e-001 7.165962e-001 -7.144040e-002 5.177909e-001 6.642901e-001 1.689523e-002 
5.228406e+000 2.480174e+001 -5.444534e+000 2.248983e+000 -9.022630e-001 -7.972898e+000 -5.597272e+000 2.569767e-001 2.594379e+000 -1.886229e+000 -2.286940e+000 -7.264763e-001 -1.026052e+000 -2.472531e+000 -1.524049e+000 9.389279e-001 3.847392e-001 -1.612755e+000 -1.168414e+000 -1.469013e+000 -4.713193e-001 -1.230535e+000 -3.006131e+000 -1.230906e+000 9.276189e-001 -2.684674e-001 -8.849272e-001 6.896682e-001 1.274740e-001 -4.098952e-001 9.975226e-001 -1.287219e-001 -3.056564e-002 1.789544e+000 6.316676e-001 -1.179244e-001 
7.587045e+000 2.387349e+001 -5.784890e+000 1.194677e+000 -1.991381e+000 -8.168003e+000 -4.574592e+000 4.229003e-001 1.688108e+000 -1.977026e+000 -2.458245e+000 -1.031380e+000 -1.688995e+000 -3.013681e+000 -1.741296e+000 8.944525e-001 2.749834e-001 -1.821892e+000 -1.648265e+000 -1.324224e+000 -6.880442e-001 -1.165522e+000 -2.760866e+000 -1.427149e+000 1.155930e+000 -4.596085e-001 -1.090369e+000 1.010907e+000 -1.216383e-001 -2.042189e-001 8.824538e-001 -6.005709e-001 -2.263666e-001 1.585725e+000 9.035255e-001 -9.105927e-002 
6.810566e+000 2.575294e+001 -6.753689e+000 2.604214e+000 -3.511838e+000 -7.458478e+000 -3.022935e+000 -1.622875e-001 2.245387e+000 -2.433493e+000 -2.351125e+000 -1.108182e+000 -1.218808e+000 -2.825486e+000 -9.441106e-001 9.550815e-001 -2.347104e-001 -1.263820e+000 -1.763039e+000 -1.541948e+000 1.039039e-001 -8.064585e-001 -2.845490e+000 -9.952679e-001 1.191197e+000 -4.931670e-001 -4.352306e-001 8.473700e-001 -1.132277e-001 -4.453666e-002 6.361137e-001 -3.195764e-001 -2.297409e-001 1.470885e+000 9.004668e-001 -5.861749e-002 
1.083192e+001 2.156912e+001 -3.914583e+000 6.304636e-001 -2.931798e+000 -6.621501e+000 -3.373752e+000 1.263789e-001 1.952022e+000 -1.828182e+000 -3.607834e+000 -1.369443e+000 -8.670700e-001 -2.505207e+000 -1.371005e+000 1.114412e+000 2.492722e-001 -1.615929e+000 -2.019449e+000 -1.298345e+000 -7.446175e-002 -8.874701e-001 -2.323772e+000 -1.085563e+000 6.509560e-001 -4.402096e-002 -2.787400e-001 4.973433e-001 1.905994e-001 3.036544e-001 3.915450e-001 -4.660025e-001 -2.405165e-001 8.117163e-001 9.968230e-001 4.257229e-001 
1.666944e+001 1.594771e+001 -1.526431e+000 -1.196717e+000 -1.758480e+000 -5.290028e+000 -3.272034e+000 8.982100e-001 1.225496e+000 -1.611691e+000 -2.681754e+000 -1.333140e+000 -9.141852e-001 -1.738084e+000 -9.735736e-001 7.162829e-001 5.381201e-001 -1.143629e+000 -1.470613e+000 -3.080635e-001 2.017477e-001 -7.016505e-001 -1.582299e+000 -7.886790e-001 3.435270e-001 -8.272810e-002 -2.062864e-001 3.767767e-001 2.880930e-001 2.995242e-001 1.390793e-001 -4.777125e-001 -3.314976e-001 3.243216e-001 6.200481e-001 4.975859e-001 
-6.631620e+000 1.186781e+001 -3.166618e+000 3.489310e+000 -1.398878e+000 -1.623081e+000 2.278152e-001 1.548754e+000 3.856495e+000 -1.041261e+000 -9.947235e-001 2.008580e-001 -1.323170e+000 -9.977184e-001 -9.303748e-001 1.101905e-001 6.452224e-001 -9.460301e-001 -8.726707e-001 4.265056e-001 2.353796e-001 -1.196341e+000 -1.025975e+000 -1.232440e-001 -1.133927e-001 -3.528704e-001 2.003779e-003 2.972260e-001 -5.275740e-001 -2.269174e-001 6.182949e-001 -7.306270e-002 -8.468733e-002 7.857644e-002 -3.446052e-001 1.110929e-001 
-1.036174e+001 1.417676e+001 -5.123569e+000 7.570735e+000 -2.297547e+000 -1.982167e+000 -7.944339e-001 5.831188e-001 5.982124e+000 -2.956529e+000 3.869477e-001 -1.311294e+000 -1.443890e-001 -1.688351e+000 -2.120006e+000 9.541801e-001 1.056895e+000 -1.235804e+000 -2.542942e+000 1.712199e+000 1.481036e-001 -2.144163e+000 -5.416919e-001 -7.560949e-001 -6.893523e-001 -1.020393e+000 7.569779e-001 2.519953e-001 -1.045165e-001 4.886448e-001 8.591507e-001 3.831352e-001 -2.854840e-001 7.578851e-001 2.368409e-002 4.072355e-002 
-7.677818e+000 1.372137e+001 -6.876097e+000 5.949714e+000 -3.874788e+000 -2.615515e+000 -2.049329e+000 -4.499654e-001 5.248624e+000 -2.081128e+000 2.918742e-001 -5.759741e-001 8.587244e-001 -4.461643e-002 -1.565093e+000 1.395305e+000 1.696055e+000 -5.184918e-002 -1.440474e+000 1.010577e+000 4.097798e-001 -1.024056e+000 -2.709550e-001 2.753740e-002 2.137051e-001 -1.483526e-001 6.933912e-001 3.317499e-001 -9.089432e-003 5.282334e-001 2.452087e-001 -9.929879e-002 -5.384784e-001 -2.482466e-001 -4.403813e-001 1.586314e-001 
-2.748864e+000 1.694877e+001 -7.648831e+000 7.214844e+000 -2.516594e+000 -2.576755e+000 -2.168134e+000 -9.717941e-001 5.436572e+000 -1.556682e+000 5.498173e-001 -1.860790e+000 -4.603886e-001 2.266772e-001 -1.502827e+000 1.144766e+000 1.159838e+000 -1.946329e-001 -1.385642e+000 8.184191e-001 8.169371e-001 -2.012577e+000 -6.675785e-001 1.522475e-001 4.934694e-002 -2.158233e-001 6.879917e-001 4.646708e-001 1.692211e-001 5.007383e-001 1.900203e-001 1.080225e-001 -4.589484e-001 -4.775127e-001 -2.128271e-002 -3.465791e-001 
-3.386272e+000 1.700086e+001 -6.438767e+000 8.244909e+000 -3.026664e+000 -2.444564e+000 -1.903486e+000 -4.300050e-002 7.257923e+000 -2.389713e+000 6.373080e-001 -2.223024e+000 -6.151646e-001 -1.372394e-001 -1.316592e+000 9.440328e-001 1.006317e+000 9.717477e-001 -2.124505e+000 1.060532e+000 -1.714002e-001 -1.077051e+000 1.482800e-001 -1.582835e-001 5.000978e-002 -3.404540e-001 1.322771e+000 2.204019e-001 3.867129e-001 1.750361e-001 -4.200184e-001 2.359276e-001 -3.098106e-001 4.476369e-001 -2.674786e-001 -1.232643e-001 
-3.228137e+000 1.746189e+001 -3.469011e+000 7.221185e+000 -2.877070e+000 -3.185998e+000 -3.071732e+000 -1.553313e-001 5.345020e+000 -1.435688e+000 4.423324e-001 -1.418307e+000 -1.079035e+000 -1.292947e+000 -2.062336e+000 8.511607e-001 1.746670e+000 5.513689e-002 -7.090166e-001 9.142856e-001 -3.538707e-001 -1.308262e+000 -2.856483e-001 2.206759e-002 -3.594269e-002 -4.488643e-001 2.644215e-001 7.460736e-001 8.327074e-001 8.510563e-001 3.822484e-001 -5.127756e-001 -5.557905e-001 3.910157e-001 7.535041e-002 2.685300e-001 
-5.227587e+000 1.984419e+001 -4.440633e+000 6.886261e+000 -2.324441e+000 -3.780895e+000 -1.302138e+000 -7.074530e-001 4.225644e+000 -2.145205e+000 -2.183970e-001 -2.305292e+000 -4.444112e-001 -1.739285e+000 -1.793692e+000 1.775740e+000 1.096277e+000 3.165880e-001 -1.481948e+000 7.305963e-001 -7.877338e-001 -2.247530e+000 -5.738229e-001 -6.416040e-001 3.265555e-002 -5.489209e-001 3.089669e-001 2.214202e-001 -4.854830e-003 1.848496e-001 -2.061210e-001 1.486738e-002 -1.295500e-001 1.850179e-001 -6.314333e-001 2.149227e-001 
-7.687779e+000 2.071064e+001 -1.391368e+000 6.619207e+000 5.277612e-001 -4.500034e+000 -3.184585e+000 -4.066137e-001 3.506431e+000 -1.655718e+000 -1.500424e+000 -2.222077e+000 -1.716958e-001 -2.881423e-001 -1.561333e+000 1.824876e-001 9.508518e-001 -7.349198e-001 -1.623179e+000 -1.381774e-001 -1.273051e-001 -1.648636e+000 -1.163636e+000 -1.130769e+000 -2.980545e-001 5.097365e-001 -2.420509e-001 -5.319070e-001 9.245959e-002 3.382743e-001 -1.123879e-001 -6.779745e-001 3.658766e-001 5.713213e-001 -2.091587e-001 2.790660e-001 
-5.035437e+000 2.038309e+001 -8.408793e-001 3.603056e+000 2.124945e+000 -5.232798e+000 -5.635542e+000 -2.542312e-001 2.830855e+000 -1.043723e+000 -2.514385e+000 -2.017021e+000 -7.520679e-001 -9.755739e-001 -2.181380e+000 -8.386771e-001 1.414200e+000 -1.824485e-001 -1.759831e+000 -6.850210e-001 -6.162627e-001 -1.577254e+000 -1.184813e+000 -1.108097e+000 -8.635205e-001 -2.820759e-001 -9.422585e-001 -8.255731e-001 4.031633e-001 2.338175e-002 -2.844272e-001 4.057376e-001 4.135839e-001 -1.654452e-001 -1.727763e-001 1.059663e-001 
-1.903343e+000 2.197896e+001 -3.568490e+000 4.247428e+000 2.185429e+000 -7.239834e+000 -6.869497e+000 -2.268937e-002 2.904402e+000 -2.038019e+000 -2.620105e+000 -2.418593e+000 -1.525266e+000 -5.356766e-001 -1.077105e+000 -6.290606e-001 1.096109e+000 -1.117767e-001 -2.013224e+000 -1.125147e+000 -3.415159e-001 -1.757492e+000 -1.796646e+000 -1.075166e+000 -1.990098e-001 3.934227e-002 -1.445041e+000 -9.029816e-001 6.832537e-001 -3.412408e-001 2.918786e-001 1.442070e+000 2.276076e-002 3.757685e-002 5.737381e-001 -4.770612e-001 
-5.813760e-001 2.413413e+001 -6.253410e+000 4.941084e+000 5.590272e-001 -7.650002e+000 -6.149102e+000 -1.450566e-001 2.613412e+000 -4.317186e+000 -2.998606e+000 -2.569264e+000 -6.654231e-001 4.018278e-001 -1.348457e+000 -8.913332e-001 1.190658e+000 -7.196892e-001 -1.923857e+000 -1.242517e+000 -1.129499e+000 -1.702872e+000 -2.386974e+000 -1.626962e+000 1.028899e-003 2.119664e-001 -1.389044e+000 3.535489e-001 1.582280e-001 -1.616518e-001 8.576125e-001 8.771322e-001 -3.332397e-001 4.168954e-001 6.401078e-001 -1.089585e-001 
3.642721e+000 2.562818e+001 -6.544447e+000 2.712701e+000 -1.243596e+000 -7.773865e+000 -6.121489e+000 -2.919221e-001 2.899881e+000 -2.330683e+000 -2.681270e+000 -9.026616e-001 -1.337363e+000 -2.416267e+000 -1.094505e+000 1.420978e-001 -1.356897e-001 -8.615144e-001 -1.533795e+000 -2.028785e+000 -5.610870e-001 -1.391261e+000 -3.031440e+000 -1.623997e+000 5.147921e-001 -2.276311e-001 -8.312468e-001 7.359133e-001 -1.191597e-001 -5.159491e-001 8.856454e-001 3.227294e-001 -3.859278e-001 1.282875e+000 9.868641e-001 -1.179741e-001 
7.609274e+000 2.352817e+001 -5.194512e+000 1.157109e+000 -1.666400e+000 -8.025103e+000 -4.380938e+000 5.580992e-001 1.533742e+000 -1.691127e+000 -2.058629e+000 -7.923305e-001 -1.695503e+000 -3.056831e+000 -1.441567e+000 8.875146e-001 3.102393e-001 -1.674581e+000 -1.437011e+000 -1.145873e+000 -8.221192e-001 -9.964176e-001 -2.554545e+000 -1.273370e+000 1.238522e+000 -5.163342e-001 -9.328025e-001 1.057058e+000 -1.263265e-001 -2.238127e-001 9.279815e-001 -4.674642e-001 -2.033452e-001 1.612935e+000 9.688557e-001 -1.259947e-001 
1.113799e+001 1.938482e+001 -2.661360e+000 -2.967414e-001 -2.415564e+000 -7.575739e+000 -4.109360e+000 5.002580e-001 9.800972e-001 -1.760552e+000 -2.747027e+000 -1.095920e+000 -1.550880e+000 -2.992989e+000 -1.061993e+000 7.101953e-001 -2.677955e-001 -1.318156e+000 -1.815008e+000 -1.634456e+000 -2.821265e-001 -1.044297e+000 -2.851915e+000 -9.941885e-001 8.891266e-001 -5.633824e-001 -4.791692e-001 7.262324e-001 -1.212257e-001 -8.407323e-002 6.286773e-001 -3.619817e-001 -2.483831e-001 1.262981e+000 1.049673e+000 -1.901582e-002 
9.743806e+000 2.243884e+001 -4.453786e+000 1.138459e+000 -2.949321e+000 -6.639354e+000 -3.174573e+000 8.018822e-003 2.072005e+000 -1.754824e+000 -3.471018e+000 -1.202684e+000 -8.399965e-001 -2.424972e+000 -1.265945e+000 1.209529e+000 2.844889e-001 -1.572588e+000 -1.926217e+000 -1.236739e+000 2.026883e-002 -9.105501e-001 -2.381274e+000 -9.384188e-001 8.232176e-001 -9.896203e-002 -3.623860e-001 5.807715e-001 2.445089e-001 3.248620e-001 4.918658e-001 -5.201129e-001 -2.372773e-001 9.828831e-001 1.002641e+000 3.657373e-001 
