1.957409e+000 1.215409e+001 2.002601e+000 3.632690e+000 -9.686899e-002 -1.866592e+000 -3.979309e-001 9.322282e-001 3.281803e-001 2.227009e-001 -5.628680e-001 -5.412403e-001 
2.797898e+000 1.222897e+001 1.506289e+000 2.810580e+000 -1.107773e+000 -3.191891e+000 -5.933728e-001 1.960136e+000 1.058294e+000 4.333961e-001 -5.304499e-001 -1.081476e+000 
4.167476e+000 1.252284e+001 1.441455e-001 3.473432e+000 -4.044242e-001 -2.225127e+000 -1.221209e+000 1.895383e+000 1.141392e+000 6.073074e-001 -9.502021e-001 -9.505040e-001 
6.644822e+000 1.167291e+001 -2.653622e-001 3.173843e+000 -2.051483e-001 -1.048938e+000 -5.184591e-001 1.243300e+000 8.222069e-001 2.149264e-001 -1.454206e+000 -6.425400e-001 
7.643275e+000 1.299252e+001 -1.852874e+000 3.435559e+000 9.640799e-001 -3.762044e-001 -1.153250e+000 9.377206e-001 6.294033e-001 -2.458303e-001 -1.329412e+000 -3.243319e-001 
9.337981e+000 1.208428e+001 -2.007696e+000 2.863628e+000 2.351033e+000 -2.960407e-001 -1.225321e+000 2.612691e-001 4.115495e-001 -4.041501e-001 -4.353348e-001 3.129340e-002 
9.294072e+000 1.322173e+001 -3.688863e+000 3.494092e+000 1.990121e+000 8.175791e-001 -2.032415e+000 5.210406e-001 -2.421586e-004 -6.043871e-001 -1.267305e-001 4.699738e-001 
9.720584e+000 1.285584e+001 -3.522705e+000 3.424719e+000 1.635899e+000 1.319254e+000 -1.684381e+000 4.958002e-001 -6.301389e-001 -4.818178e-001 2.718335e-001 3.619616e-001 
9.363181e+000 1.279923e+001 -3.476291e+000 4.892015e+000 1.682949e+000 1.709444e+000 -2.203199e+000 1.049434e-002 -6.295851e-001 -2.971359e-002 2.533947e-001 3.948285e-001 
1.008858e+001 1.226545e+001 -2.523161e+000 4.034245e+000 2.229151e+000 9.316523e-001 -1.447885e+000 -1.299061e+000 3.533601e-001 -4.685608e-001 5.119594e-001 6.937280e-001 
1.091236e+001 1.147946e+001 -1.684104e+000 3.410190e+000 2.838491e+000 -8.785576e-003 -1.650517e+000 -1.169505e+000 -1.292868e-001 -1.840893e-001 8.332121e-001 5.618331e-001 
9.410128e+000 1.356046e+001 -3.468029e+000 4.734417e+000 1.503800e+000 5.584281e-001 -1.928437e+000 -8.882242e-001 3.102507e-001 -3.697843e-001 6.891350e-001 1.854390e-001 
1.102511e+001 1.140185e+001 -1.781611e+000 3.493528e+000 2.447083e+000 -6.224584e-002 -1.698430e+000 -9.872217e-001 5.222677e-001 -1.973779e-001 4.634273e-001 7.721524e-002 
9.648219e+000 1.295423e+001 -3.010825e+000 4.523522e+000 1.899860e+000 2.044917e-001 -1.600183e+000 -1.307801e+000 8.250309e-001 -5.174304e-001 8.592229e-001 -1.108594e-001 
7.970919e+000 1.548745e+001 -5.144002e+000 5.710322e+000 1.385451e+000 2.156150e-001 -9.191028e-001 -2.300531e+000 2.001347e+000 -1.781995e+000 1.873915e+000 -6.869765e-001 
1.067537e+001 1.179175e+001 -1.752586e+000 3.287924e+000 2.651639e+000 1.286205e-001 -1.648683e+000 -1.126148e+000 4.899183e-001 -1.923762e-001 4.928840e-001 1.644214e-001 
1.027107e+001 1.218497e+001 -1.921921e+000 3.364235e+000 2.395432e+000 2.443535e-001 -1.599193e+000 -1.196662e+000 6.793580e-001 -2.311003e-001 4.110017e-001 3.325499e-002 
1.043604e+001 1.204362e+001 -1.871358e+000 3.282847e+000 2.263883e+000 4.500268e-001 -1.561763e+000 -1.425238e+000 7.935173e-001 -1.846608e-001 2.609384e-001 1.873309e-001 
1.050393e+001 1.200233e+001 -1.919863e+000 3.340050e+000 2.030989e+000 7.884946e-001 -1.661998e+000 -1.584928e+000 9.915699e-001 -3.906136e-001 3.379323e-001 2.399446e-001 
8.357307e+000 1.453114e+001 -4.092469e+000 5.067178e+000 9.792700e-001 1.248255e+000 -1.326271e+000 -2.566867e+000 2.134772e+000 -1.461178e+000 1.132688e+000 -1.153897e-001 
7.677373e+000 1.535551e+001 -4.670700e+000 5.346743e+000 9.661937e-001 9.700967e-001 -8.246609e-001 -3.044278e+000 2.692871e+000 -2.024883e+000 1.585373e+000 -5.014822e-001 
1.087772e+001 1.130021e+001 -1.467859e+000 3.109905e+000 1.990418e+000 8.717698e-001 -1.541762e+000 -1.591202e+000 8.146587e-001 -2.331038e-001 2.820937e-001 1.803312e-001 
1.009089e+001 9.410963e+000 5.611009e-001 9.259127e-001 1.543526e+000 2.293502e-001 -1.029062e+000 -6.795734e-001 4.663513e-001 3.146517e-001 -1.211035e-001 1.866743e-001 
2.393500e+000 1.176849e+001 2.011734e+000 3.144580e+000 -3.200167e-001 -2.325833e+000 -2.922280e-001 1.189702e+000 4.981300e-001 2.943634e-001 -4.678848e-001 -7.916117e-001 
2.371916e+000 1.307788e+001 1.079904e+000 2.952166e+000 -1.334322e+000 -2.843203e+000 -9.590012e-001 1.930414e+000 1.296248e+000 6.796047e-001 -8.494156e-001 -1.136614e+000 
5.549701e+000 1.118760e+001 5.405118e-001 3.026851e+000 2.100200e-001 -2.013404e+000 -7.676242e-001 1.414926e+000 1.181401e+000 1.964617e-001 -9.500321e-001 -7.817480e-001 
7.137502e+000 1.181494e+001 -6.009141e-001 3.007228e+000 1.728907e-001 -8.786849e-001 -5.576311e-001 1.159414e+000 8.472057e-001 1.356009e-001 -1.545692e+000 -6.561232e-001 
7.207646e+000 1.340711e+001 -2.328236e+000 3.847925e+000 8.612567e-001 1.849058e-001 -1.348960e+000 1.007877e+000 1.328328e-001 3.974953e-002 -1.094173e+000 -2.464514e-001 
9.593439e+000 1.187725e+001 -2.228124e+000 2.814066e+000 2.459526e+000 -2.030757e-001 -1.194288e+000 1.866791e-001 4.995423e-001 -5.258057e-001 -3.722549e-001 1.423390e-001 
9.955383e+000 1.189122e+001 -2.711822e+000 2.562046e+000 2.784271e+000 4.883591e-001 -1.430632e+000 2.798100e-001 3.492727e-002 -9.488456e-001 2.663216e-001 3.414637e-001 
9.146311e+000 1.304515e+001 -3.583654e+000 3.912798e+000 1.825518e+000 1.135616e+000 -1.582743e+000 2.631838e-001 -5.043986e-001 -4.297160e-001 3.845799e-001 1.395171e-001 
9.077605e+000 1.289186e+001 -3.377768e+000 4.983616e+000 1.548508e+000 1.599033e+000 -1.935469e+000 -4.091580e-001 -3.483137e-001 -1.491047e-001 3.688821e-001 3.898746e-001 
9.087092e+000 1.344591e+001 -3.403711e+000 4.832266e+000 1.635391e+000 1.199155e+000 -1.997451e+000 -1.272434e+000 2.278032e-001 -4.292232e-001 7.279554e-001 7.613550e-001 
1.061183e+001 1.186620e+001 -2.130199e+000 3.603589e+000 2.586330e+000 -4.754424e-002 -1.636894e+000 -1.067011e+000 -2.012989e-003 -2.561612e-001 8.031673e-001 3.883637e-001 
1.034820e+001 1.200208e+001 -2.123458e+000 3.577503e+000 2.301262e+000 2.908263e-002 -1.535832e+000 -1.081121e+000 4.096568e-001 -2.211536e-001 4.279192e-001 2.799076e-001 
1.055920e+001 1.155505e+001 -1.870678e+000 3.662497e+000 2.355165e+000 -1.209978e-001 -1.531807e+000 -1.001795e+000 5.074499e-001 -1.929400e-001 4.833291e-001 4.662357e-003 
9.524029e+000 1.290723e+001 -2.906942e+000 4.339689e+000 1.987275e+000 1.426168e-001 -1.507950e+000 -1.299415e+000 7.284675e-001 -4.759431e-001 8.535816e-001 -1.276416e-001 
8.064185e+000 1.515202e+001 -4.859538e+000 5.420061e+000 1.582967e+000 2.080492e-001 -9.912422e-001 -2.200507e+000 1.842051e+000 -1.651077e+000 1.794019e+000 -6.139100e-001 
8.670305e+000 1.417987e+001 -3.755963e+000 4.810580e+000 1.674045e+000 4.628196e-001 -1.478302e+000 -1.648759e+000 1.320781e+000 -1.014261e+000 1.113153e+000 -2.592887e-001 
1.060801e+001 1.146700e+001 -1.392539e+000 3.002158e+000 2.570801e+000 1.847551e-001 -1.591541e+000 -1.163841e+000 5.657507e-001 -5.857680e-002 2.360877e-001 1.436540e-001 
7.924863e+000 1.498114e+001 -4.376322e+000 5.250410e+000 1.063878e+000 8.525366e-001 -1.174510e+000 -2.436405e+000 2.068960e+000 -1.468708e+000 1.298132e+000 -3.337225e-001 
1.060713e+001 1.138914e+001 -1.443125e+000 3.010267e+000 2.287071e+000 7.625650e-001 -1.640944e+000 -1.618520e+000 7.934924e-001 -1.472879e-001 2.155561e-001 3.678497e-001 
9.080959e+000 1.314224e+001 -2.785906e+000 4.042682e+000 1.523910e+000 1.137941e+000 -1.501367e+000 -1.981412e+000 1.350975e+000 -6.728240e-001 4.986566e-001 1.699292e-001 
7.847581e+000 1.494737e+001 -4.418271e+000 5.211066e+000 9.262540e-001 1.100047e+000 -9.812524e-001 -2.782288e+000 2.312045e+000 -1.681690e+000 1.385899e+000 -4.226588e-001 
