1.713993e+001 7.329487e-001 -7.445773e-001 2.713792e+000 -4.259483e+000 1.914562e+000 -8.743755e-001 1.397817e+000 -2.581824e-001 3.567474e-001 -5.457922e-001 6.433932e-001 
1.522275e+001 -2.579352e-001 -2.209472e-001 3.145786e+000 -4.476551e+000 1.346369e+000 -1.695027e+000 6.145843e-001 -5.056564e-001 6.270269e-001 -3.025124e-001 7.250292e-001 
1.611984e+001 -1.192473e+000 -1.498656e-001 2.780303e+000 -3.901911e+000 2.500185e+000 -1.366588e+000 3.642112e-001 -1.841897e-001 5.458190e-001 -5.670995e-001 5.011962e-001 
1.713442e+001 -8.151788e-001 8.090491e-001 2.970617e+000 -3.683239e+000 2.124479e+000 -1.336770e+000 4.734669e-001 -1.105314e-001 3.314287e-001 -7.672985e-001 3.838655e-001 
1.741773e+001 -7.261691e-001 9.318188e-001 3.389115e+000 -4.267058e+000 2.068638e+000 -8.401161e-001 7.299310e-001 -1.534222e-001 4.679634e-001 -5.660386e-001 2.973237e-001 
1.701548e+001 -1.189427e+000 1.028923e-001 3.121053e+000 -4.377185e+000 1.838333e+000 -1.710313e+000 3.027319e-001 -5.676195e-001 5.710291e-001 -5.686203e-001 3.369748e-001 
1.655250e+001 4.062188e-002 4.393941e-001 3.087946e+000 -3.331965e+000 2.386851e+000 -1.104954e+000 7.664276e-001 -5.197328e-001 -1.692861e-001 -1.279381e+000 8.573947e-002 
1.543517e+001 1.466489e+000 -2.049814e-001 3.985714e+000 -2.875906e+000 2.608896e+000 -1.027189e+000 4.420301e-001 -5.550496e-001 3.045906e-001 -9.915397e-001 4.758365e-001 
1.461362e+001 6.588399e+000 -9.354593e-001 4.323491e+000 -1.047484e+000 3.434754e+000 -8.732058e-001 5.582701e-001 -8.985079e-001 -2.314126e-001 -8.386284e-001 5.665336e-001 
1.532584e+001 8.410523e+000 -1.958015e+000 3.874446e+000 -8.514189e-002 2.807050e+000 -1.328297e+000 -1.319123e-001 -9.094652e-001 -7.185095e-001 -5.281756e-001 6.411955e-001 
1.546451e+001 9.404054e+000 -2.446526e+000 3.746854e+000 -6.534253e-002 3.029896e+000 -1.882087e+000 -1.498660e-001 -9.239942e-001 -4.480804e-001 -7.152103e-001 4.610357e-001 
1.652328e+001 9.250553e+000 -3.002798e+000 3.656981e+000 5.149015e-001 2.914498e+000 -1.553235e+000 -1.400614e-001 -7.051469e-001 -1.112078e+000 -4.036173e-001 2.897583e-001 
1.628873e+001 9.482259e+000 -3.082930e+000 4.456717e+000 4.567532e-001 2.662290e+000 -3.011054e+000 9.627968e-002 -8.682730e-001 -3.310010e-001 3.802826e-002 2.962063e-001 
1.605935e+001 9.710419e+000 -3.640300e+000 4.534459e+000 1.114439e+000 2.445668e+000 -3.156359e+000 1.191152e-002 -7.489969e-001 -3.724683e-001 5.567272e-002 2.253092e-001 
1.610842e+001 9.785304e+000 -4.133148e+000 4.552627e+000 1.297995e+000 2.546867e+000 -3.148225e+000 3.917399e-001 -1.508579e+000 -8.899485e-002 -4.620695e-001 4.816922e-001 
1.701516e+001 9.528145e+000 -3.388432e+000 3.525546e+000 1.261396e+000 1.959756e+000 -2.794899e+000 1.675475e-001 -9.742876e-001 -3.328567e-001 6.826236e-003 1.062613e-001 
1.839373e+001 6.874093e+000 -2.470295e+000 4.166917e+000 2.972609e-001 2.612423e+000 -2.658575e+000 -1.510953e-001 -9.689300e-001 -2.048645e-001 -4.523280e-001 4.211193e-001 
1.668473e+001 8.574992e-001 -9.615648e-002 3.620581e+000 -3.706847e+000 2.310443e+000 -9.474509e-001 8.042665e-001 -7.508449e-001 1.768317e-001 -8.163807e-001 2.388035e-001 
1.610747e+001 4.082064e-001 -7.753394e-001 2.899559e+000 -4.048403e+000 2.141221e+000 -6.714949e-001 1.278154e+000 -5.662558e-001 5.786887e-002 -9.121305e-001 4.438649e-001 
1.633341e+001 -4.732163e-001 4.220804e-002 3.058959e+000 -3.698203e+000 2.495125e+000 -1.276227e+000 7.856485e-001 2.323196e-002 2.689275e-001 -8.589204e-001 4.452431e-001 
1.640913e+001 -1.052141e+000 1.293983e+000 3.019971e+000 -4.131694e+000 2.048837e+000 -1.102856e+000 4.125410e-001 -5.171202e-001 7.534714e-002 -6.228446e-001 5.707798e-001 
1.753133e+001 -5.862170e-001 5.808378e-001 2.157964e+000 -5.301863e+000 1.822832e+000 -8.639487e-001 4.129043e-001 -4.837104e-001 5.446776e-001 -5.209357e-001 5.422863e-001 
1.713261e+001 -9.827920e-001 3.297095e-001 2.540529e+000 -5.011192e+000 1.361322e+000 -1.759818e+000 6.823884e-002 -7.130048e-001 8.986135e-001 -2.584601e-001 3.101409e-001 
1.672442e+001 -3.300957e-001 -3.551086e-002 2.265802e+000 -4.523194e+000 1.517637e+000 -1.708971e+000 6.257301e-001 -5.107794e-001 1.741964e-001 -6.247784e-001 8.126734e-001 
1.676988e+001 1.972079e+000 6.715804e-002 3.279884e+000 -3.679267e+000 2.470705e+000 -6.061467e-001 8.082341e-001 -6.294941e-001 -7.359177e-002 -1.154222e+000 5.225006e-001 
1.534614e+001 5.575257e+000 -4.693441e-001 3.967740e+000 -1.367522e+000 3.082081e+000 -8.137136e-001 5.089005e-001 -6.739900e-001 -2.490647e-001 -6.483962e-001 6.134962e-001 
1.508992e+001 8.788491e+000 -1.646300e+000 4.048818e+000 -8.291798e-001 2.915998e+000 -1.689183e+000 4.712169e-001 -1.140672e+000 -2.286913e-001 -5.047948e-001 7.445928e-001 
1.559978e+001 8.603431e+000 -1.985752e+000 3.786722e+000 1.989996e-001 2.775554e+000 -1.744859e+000 -4.334337e-001 -8.695476e-001 -4.193235e-001 -5.658912e-001 5.640510e-001 
1.600170e+001 9.161427e+000 -2.595967e+000 3.918523e+000 4.617556e-001 2.798753e+000 -1.907647e+000 -2.524957e-001 -9.607192e-001 -8.268201e-001 -1.456836e-001 4.752839e-001 
1.659410e+001 9.789766e+000 -2.996151e+000 4.385115e+000 5.211007e-002 2.362323e+000 -2.828786e+000 -2.004099e-002 -5.717682e-001 -3.242016e-001 1.813986e-001 4.588378e-001 
1.693497e+001 9.246522e+000 -3.136747e+000 3.412648e+000 1.066034e+000 2.099334e+000 -2.264050e+000 8.872378e-002 -2.353755e-001 -7.968806e-001 -2.410104e-001 -1.980923e-001 
1.609034e+001 1.076323e+001 -4.538322e+000 4.914956e+000 2.705719e-001 2.814471e+000 -3.579449e+000 8.164026e-001 -1.381024e+000 4.175270e-001 -4.057549e-001 6.506736e-001 
1.682501e+001 9.619360e+000 -3.462881e+000 3.749406e+000 1.370214e+000 1.935067e+000 -3.228462e+000 2.734730e-001 -1.265391e+000 -1.401215e-003 2.769610e-001 3.533011e-001 
