1.626303e+001 5.276979e+000 -5.829913e-001 4.813329e+000 -3.062263e+000 2.309349e+000 -1.204552e+000 1.651182e+000 -5.659365e-001 -3.719630e-001 -1.796015e+000 2.239190e-001 
1.670818e+001 1.373478e+000 -5.919891e-001 4.160487e+000 -3.572877e+000 2.736860e+000 -9.303399e-001 2.029175e+000 2.859752e-001 4.926821e-001 -1.113174e+000 5.671418e-001 
1.696099e+001 -4.069207e-001 -3.465345e-001 3.308474e+000 -5.129273e+000 1.874662e+000 -2.299166e+000 1.262482e+000 -1.152443e-001 1.110229e-001 -1.295894e+000 5.319986e-001 
1.682236e+001 6.029745e-001 1.246726e-001 2.660243e+000 -4.553167e+000 2.491356e+000 -1.494523e+000 1.034007e+000 -3.314503e-001 3.010843e-001 -1.077179e+000 4.492873e-001 
1.655774e+001 2.726095e-001 5.443894e-002 2.603557e+000 -4.947840e+000 1.975286e+000 -1.794334e+000 8.437254e-001 -2.057493e-001 4.601725e-002 -1.131862e+000 1.701662e-001 
1.670979e+001 1.333057e+000 8.314942e-001 3.272505e+000 -4.421823e+000 2.303180e+000 -1.824498e+000 6.304494e-001 -2.776266e-001 3.064385e-001 -9.495742e-001 3.021734e-001 
1.664237e+001 2.340918e-001 -8.579747e-002 3.890149e+000 -4.218731e+000 2.031569e+000 -1.993918e+000 8.555885e-001 -2.898628e-001 4.409155e-001 -9.096763e-001 5.475083e-001 
1.596592e+001 -1.297354e-001 -1.647088e+000 2.993748e+000 -4.402691e+000 1.364989e+000 -1.857785e+000 1.383515e+000 4.536643e-002 2.548450e-001 -1.009326e+000 4.683430e-001 
1.513727e+001 3.634639e+000 -1.463887e+000 4.185515e+000 -3.769610e+000 2.482702e+000 -1.888841e+000 1.997561e+000 -4.697347e-001 2.999296e-001 -1.322410e+000 3.218451e-001 
1.470500e+001 7.481754e+000 -2.020328e+000 5.090742e+000 -1.847916e+000 3.326729e+000 -2.404308e+000 1.783735e+000 -9.875089e-001 -2.282625e-001 -1.100427e+000 6.519380e-001 
1.646852e+001 9.841323e+000 -3.586985e+000 4.198218e+000 -6.241871e-002 2.484304e+000 -2.661876e+000 1.800569e+000 -2.024515e+000 -9.467518e-001 -1.062208e+000 6.320342e-001 
1.683503e+001 9.647471e+000 -4.059468e+000 4.319038e+000 6.614528e-001 1.884030e+000 -2.510806e+000 1.424543e+000 -1.959053e+000 -1.194803e+000 -3.563959e-001 4.713382e-001 
1.691163e+001 1.099838e+001 -5.720826e+000 4.581429e+000 4.241148e-001 2.874542e+000 -2.523103e+000 1.509771e+000 -2.422136e+000 -1.392476e+000 -6.557792e-001 3.629484e-001 
1.753855e+001 1.043248e+001 -5.132206e+000 3.822443e+000 1.666819e+000 2.271184e+000 -2.209249e+000 6.909006e-001 -1.992790e+000 -1.565701e+000 -3.067343e-001 -7.635143e-004 
1.764004e+001 9.574490e+000 -4.264877e+000 3.380197e+000 2.516437e+000 2.108240e+000 -2.255759e+000 3.008209e-002 -1.830232e+000 -1.419057e+000 -3.776362e-001 2.164558e-001 
1.792041e+001 1.001897e+001 -4.043047e+000 2.950289e+000 2.091022e+000 1.762688e+000 -2.297267e+000 3.888034e-001 -1.562251e+000 -1.239346e+000 -4.643958e-001 2.546892e-001 
1.855721e+001 9.001732e+000 -2.758311e+000 1.803482e+000 2.073266e+000 5.238170e-001 -1.266316e+000 1.753773e-001 -1.007398e+000 -1.274001e+000 -4.920915e-001 2.396137e-001 
1.675199e+001 6.920097e+000 -7.584955e-001 4.716086e+000 -2.612067e+000 1.929984e+000 -1.521422e+000 1.552347e+000 -3.936917e-001 -3.260863e-001 -1.628571e+000 2.952553e-001 
1.683830e+001 2.712207e+000 -2.249402e-001 3.837000e+000 -3.892305e+000 2.492754e+000 -9.978230e-001 1.402889e+000 -1.690639e-001 6.094211e-001 -1.304504e+000 1.711882e-001 
1.738497e+001 6.972688e-002 -4.752145e-001 3.202559e+000 -5.037549e+000 2.032685e+000 -1.925489e+000 1.397311e+000 -6.755990e-002 5.218725e-001 -1.027030e+000 4.413370e-001 
1.688810e+001 -9.390307e-002 1.331803e-001 3.255459e+000 -3.926299e+000 2.086326e+000 -2.160817e+000 1.408138e+000 7.335327e-002 9.775164e-002 -1.457623e+000 4.560192e-001 
1.691016e+001 4.815132e-001 7.260623e-001 3.717617e+000 -3.554983e+000 2.696120e+000 -1.413609e+000 1.088659e+000 4.064009e-002 8.136523e-003 -1.081534e+000 4.533556e-001 
1.657482e+001 1.004658e+000 4.401297e-001 3.701029e+000 -3.692549e+000 2.515026e+000 -1.978905e+000 7.564890e-001 -2.293792e-001 -2.096232e-001 -1.527671e+000 -2.513682e-002 
1.677562e+001 6.002208e-001 2.685680e-001 3.859291e+000 -4.797091e+000 1.947292e+000 -1.955004e+000 6.716381e-001 -7.107691e-001 1.478785e-001 -1.160933e+000 3.510383e-001 
1.611688e+001 3.424240e-001 -9.650961e-002 4.042498e+000 -3.561619e+000 1.383307e+000 -2.098574e+000 7.334270e-001 1.399544e-002 3.614172e-001 -7.711761e-001 2.006938e-001 
1.498297e+001 2.442450e+000 -5.971750e-001 3.688005e+000 -3.953179e+000 1.781670e+000 -1.994733e+000 8.365740e-001 -6.878189e-001 2.364195e-001 -1.290411e+000 -4.759350e-002 
1.480134e+001 6.582328e+000 -1.520719e+000 4.306991e+000 -3.015214e+000 3.185665e+000 -1.808211e+000 1.929220e+000 -7.261244e-001 2.339175e-001 -1.298527e+000 3.820920e-001 
1.677686e+001 8.255123e+000 -2.601001e+000 3.061909e+000 4.778650e-002 2.039242e+000 -1.931053e+000 1.629322e+000 -1.339693e+000 -1.150560e+000 -8.805240e-001 5.272141e-001 
1.717432e+001 9.356709e+000 -3.845287e+000 3.702230e+000 2.489796e-001 1.722731e+000 -2.290959e+000 1.721815e+000 -1.716953e+000 -1.187704e+000 -6.633773e-001 3.564533e-001 
1.779973e+001 9.264308e+000 -4.159070e+000 3.302779e+000 1.069926e+000 1.999257e+000 -1.918378e+000 8.272251e-001 -1.906973e+000 -1.693458e+000 -2.320631e-001 2.948109e-001 
1.766744e+001 1.004321e+001 -4.709794e+000 3.819581e+000 1.990186e+000 2.033971e+000 -2.407381e+000 3.074199e-001 -2.146163e+000 -1.376723e+000 1.180785e-001 3.409774e-001 
1.794332e+001 9.649082e+000 -4.355243e+000 3.160931e+000 2.230973e+000 1.985883e+000 -2.015662e+000 4.052382e-001 -1.739074e+000 -1.275283e+000 -5.840539e-001 9.477448e-002 
1.770822e+001 9.953091e+000 -4.419366e+000 3.099837e+000 1.851211e+000 1.827671e+000 -2.217039e+000 2.694327e-001 -1.443891e+000 -1.019283e+000 -4.373570e-001 4.418128e-001 
