1.633546e+001 1.790313e+001 -5.443417e+000 3.817136e+000 -5.982818e+000 1.565675e+000 -4.151457e+000 -4.168378e+000 1.125493e+000 -3.833377e+000 -4.199164e+000 4.776879e-001 -3.630799e-001 -2.080333e+000 -9.901502e-001 -2.620366e+000 -3.486501e+000 -1.741856e+000 4.412690e-001 -1.534271e+000 -1.807372e-001 -2.830215e-001 -1.224272e+000 -3.254777e-001 -6.892168e-001 -4.235597e-001 -1.405848e-001 4.819731e-001 2.391639e-001 3.116283e-001 6.184433e-001 -5.926639e-001 -4.686309e-001 2.841900e-001 -1.251518e+000 -3.977760e-001 
1.548063e+001 1.644158e+001 -5.964299e+000 4.593229e+000 -5.974263e+000 1.700389e+000 -3.625357e+000 -3.214713e+000 -4.109333e-001 -3.866869e+000 -4.537029e+000 -1.073677e+000 -1.282867e+000 -3.317896e+000 -6.857957e-001 -2.852230e+000 -3.447623e+000 -1.750548e+000 2.005263e-001 -1.150177e+000 -9.791606e-001 -8.795357e-001 -1.381098e+000 -3.473543e-001 -7.867367e-001 -5.123184e-002 2.063554e-001 7.794431e-002 1.108323e-002 6.239438e-001 2.362628e-001 -8.420587e-001 -3.772391e-001 -5.524160e-001 -1.040386e+000 -3.293279e-001 
1.450788e+001 1.676813e+001 -3.317950e+000 4.151523e+000 -4.975338e+000 1.978132e+000 -3.561426e+000 -3.306013e+000 -1.522743e-001 -3.883401e+000 -3.596653e+000 -1.064914e+000 -1.256557e+000 -2.784275e+000 -7.309285e-001 -2.311203e+000 -2.605201e+000 -1.269372e+000 6.297682e-001 -1.078985e+000 -2.004371e+000 -1.301835e+000 -1.494352e+000 2.187889e-001 -7.940965e-001 2.365553e-001 7.962648e-001 5.730546e-003 -9.814082e-002 -1.661727e-001 5.407946e-001 4.610774e-002 -2.334811e-001 -1.150933e+000 -7.771181e-001 1.066081e-001 
1.135329e+001 1.836682e+001 -2.728431e+000 6.246631e+000 -4.896482e+000 2.803098e+000 -4.017799e+000 -1.192819e+000 1.132476e+000 -3.967697e+000 -4.960909e+000 -9.964067e-001 -1.228020e+000 -2.671434e+000 7.504080e-001 -2.157849e+000 -2.397165e+000 -6.164742e-001 1.495844e+000 -2.148653e+000 -2.253818e+000 -1.392448e+000 -1.855530e+000 3.667666e-001 -7.938937e-001 3.037269e-001 8.847625e-001 2.453498e-001 -2.026839e-001 -4.345734e-001 1.595577e-001 2.159709e-001 -2.174182e-001 -3.335817e-002 -5.217245e-001 9.125458e-002 
1.262598e+001 1.760885e+001 -2.454461e+000 4.542756e+000 -4.624052e+000 1.378395e+000 -4.163438e+000 -1.651844e+000 2.278050e-001 -4.704387e+000 -3.839668e+000 -6.124929e-001 -1.520165e+000 -2.646008e+000 6.869550e-001 -2.841093e+000 -3.354037e+000 -1.121587e+000 -8.098572e-001 -1.137350e+000 -1.417425e+000 -1.679423e+000 -1.374592e+000 -2.765202e-001 -1.299930e+000 -9.462758e-001 2.254255e-001 -5.283979e-001 -3.671870e-001 6.369655e-001 2.611493e-001 -1.098934e-001 4.496619e-001 -4.764274e-002 -8.805481e-001 -2.927334e-002 
1.323031e+001 1.740713e+001 -1.705270e+000 4.153731e+000 -5.455874e+000 1.707911e+000 -3.172206e+000 -2.368704e+000 4.749717e-001 -4.798998e+000 -5.087313e+000 -1.065708e+000 -1.359566e+000 -2.680153e+000 2.507632e-001 -1.458777e+000 -2.669836e+000 -1.342252e+000 -9.380077e-002 -2.243706e+000 -2.419488e+000 -2.150454e+000 -2.345571e+000 -3.967965e-001 -1.696359e+000 -1.135588e+000 3.024969e-001 -4.390700e-001 -8.791186e-002 2.300173e-001 2.660289e-001 8.158323e-002 5.277243e-001 2.810526e-001 -9.098429e-001 2.076625e-001 
1.371576e+001 1.868723e+001 -2.227837e+000 4.789699e+000 -6.662046e+000 3.086105e+000 -5.257844e+000 -1.680131e+000 2.858943e-001 -4.211587e+000 -4.020206e+000 -7.402894e-001 -8.600123e-001 -2.633770e+000 3.262883e-001 -1.537814e+000 -2.820434e+000 -1.714740e+000 1.210353e+000 -2.103834e+000 -2.103062e+000 -1.518896e+000 -2.201522e+000 -6.338055e-001 -1.980222e+000 -9.826578e-001 2.446788e-001 -1.510240e-001 1.615158e-001 -2.632211e-001 -1.852912e-001 4.340364e-001 5.353706e-001 6.784564e-001 -1.226554e-001 6.368118e-001 
1.573191e+001 1.939613e+001 -3.807667e+000 3.964797e+000 -6.073083e+000 3.420742e+000 -4.775927e+000 -3.240593e+000 1.309045e+000 -4.238024e+000 -4.580141e+000 4.886970e-001 -1.114353e+000 -3.132915e+000 7.354443e-001 -1.428401e+000 -2.971631e+000 -1.364722e+000 1.509688e+000 -2.621183e+000 -1.620724e+000 -8.470755e-001 -3.055979e+000 -1.075259e+000 -1.851316e+000 -5.955947e-001 -1.726512e-001 -4.174370e-001 -2.128658e-001 2.517544e-001 5.859272e-001 -4.681117e-002 5.633911e-001 2.580129e-001 -1.021121e-002 2.291027e-001 
2.434902e+001 1.383081e+001 -8.050490e-001 1.437189e+000 -3.089896e+000 1.668406e-002 -1.680636e+000 -2.849459e+000 1.329968e+000 -3.626174e+000 -3.988978e+000 -3.748054e-001 -1.229385e+000 -1.099923e+000 -4.295548e-001 -3.597941e-001 -1.755676e+000 -8.158989e-001 1.279716e+000 -6.615755e-001 -8.561351e-001 -1.637516e+000 -2.317387e+000 -4.436216e-001 -1.234343e+000 -6.639154e-001 3.251901e-001 -6.484415e-001 -2.242160e-001 3.582279e-001 4.784211e-001 1.769883e-001 5.033302e-001 3.349613e-001 -7.725213e-001 -1.706243e-001 
2.542041e+001 1.038689e+001 -1.381288e+000 -1.759093e-001 -1.667698e+000 -1.768877e+000 -2.086404e+000 -1.684900e+000 3.355181e-001 -2.147335e+000 -2.655604e+000 -2.360893e-001 -1.583387e-001 -6.818824e-001 -1.149705e+000 -1.993019e+000 -2.275576e+000 -6.629149e-001 1.092652e+000 2.958981e-001 -1.554264e-001 -3.458153e-001 -5.876136e-001 1.961043e-001 7.100733e-002 -7.089017e-002 4.650900e-001 4.191027e-001 3.829109e-001 6.946335e-001 4.830275e-001 3.693838e-002 3.908711e-001 -2.301005e-002 -9.136330e-001 -3.844809e-001 
1.743779e+001 1.737943e+001 -5.488657e+000 3.986378e+000 -5.734241e+000 1.834198e+000 -3.384082e+000 -3.692909e+000 7.248619e-001 -3.595612e+000 -3.729496e+000 3.990568e-001 -5.000997e-001 -2.507125e+000 -5.702161e-001 -2.416014e+000 -3.438107e+000 -1.870553e+000 3.288564e-001 -1.210888e+000 -4.379064e-001 4.322722e-002 -9.965832e-001 -1.958100e-001 -8.958930e-001 -3.936934e-001 1.673825e-001 4.900498e-001 5.248031e-001 2.863844e-001 5.222777e-001 -6.034401e-001 -4.810412e-001 -1.695262e-001 -1.361564e+000 1.047951e-002 
1.479827e+001 1.849679e+001 -5.503723e+000 5.047511e+000 -6.695162e+000 3.265467e+000 -3.306208e+000 -1.972712e+000 -2.721215e-002 -3.603601e+000 -4.165022e+000 -9.643796e-001 -1.013305e+000 -3.424859e+000 -4.110023e-001 -2.258849e+000 -2.535366e+000 -1.923645e+000 1.759326e-001 -9.643608e-001 -7.695435e-001 -9.372428e-001 -1.169254e+000 1.955430e-001 -6.620441e-001 -2.294936e-001 2.989918e-001 3.209724e-001 -3.075253e-002 3.692083e-001 -1.903372e-001 -4.435995e-001 -1.657784e-001 -4.016723e-001 -6.356506e-001 -1.585856e-001 
1.440224e+001 1.651435e+001 -1.990082e+000 3.327095e+000 -4.228195e+000 1.528054e+000 -2.456775e+000 -2.407360e+000 2.288574e-001 -4.500078e+000 -4.337574e+000 -9.909044e-001 -1.099509e+000 -2.142317e+000 -2.540924e-001 -2.002015e+000 -2.949396e+000 -1.382693e+000 6.879124e-001 -9.329805e-001 -1.954930e+000 -1.846661e+000 -1.806678e+000 6.709090e-001 -5.688072e-001 1.874873e-001 1.028656e+000 -3.070501e-001 -9.070942e-002 -1.565850e-001 1.459864e-001 -2.374335e-001 -2.055028e-001 -4.188522e-001 -4.786811e-001 1.409169e-001 
1.302782e+001 1.704457e+001 -1.551866e+000 4.112696e+000 -4.345404e+000 2.638400e+000 -2.701807e+000 -1.818281e+000 1.207369e+000 -4.454031e+000 -4.695770e+000 -8.114374e-001 -1.087142e+000 -2.290524e+000 4.522713e-001 -2.141799e+000 -2.952817e+000 -8.274000e-001 7.415167e-001 -1.010236e+000 -1.825704e+000 -1.436308e+000 -1.815475e+000 -1.587204e-002 -5.155388e-001 -6.200306e-002 5.576706e-001 -2.316923e-002 3.372706e-001 -1.735120e-002 1.425409e-001 -5.689374e-002 1.281469e-002 -6.843036e-002 -7.790816e-001 2.966762e-002 
1.359960e+001 1.729606e+001 -1.181302e+000 3.560194e+000 -4.570148e+000 3.677288e-001 -3.801386e+000 -1.927920e+000 2.841963e-001 -5.095412e+000 -4.045319e+000 -5.110774e-001 -1.306834e+000 -2.527791e+000 -2.496224e-002 -2.499609e+000 -3.180758e+000 -1.142897e+000 -4.626549e-001 -1.364182e+000 -1.975052e+000 -1.698673e+000 -1.604501e+000 -3.085243e-001 -1.225601e+000 -1.175347e+000 7.111723e-002 -7.055995e-001 -3.712281e-001 2.916226e-001 3.610181e-001 2.765932e-001 1.900227e-001 -1.241320e-001 -5.754311e-001 -9.659553e-002 
1.428423e+001 1.681293e+001 -1.412856e+000 3.943280e+000 -4.914554e+000 1.370897e+000 -3.722861e+000 -2.708258e+000 9.865040e-001 -4.413120e+000 -4.898364e+000 -8.751548e-001 -7.440494e-001 -2.298801e+000 -1.493566e-001 -1.572959e+000 -2.785317e+000 -1.184709e+000 5.182196e-001 -1.869068e+000 -2.479891e+000 -1.964136e+000 -2.067355e+000 -1.647924e-001 -1.870353e+000 -1.265830e+000 3.650827e-001 -4.781902e-001 -3.692311e-002 -1.356820e-002 3.130811e-001 3.817490e-001 4.993705e-001 1.346366e-001 -6.341411e-001 8.419023e-001 
1.473126e+001 1.965760e+001 -3.124296e+000 4.386377e+000 -6.592355e+000 3.998102e+000 -4.893892e+000 -1.847678e+000 2.489581e-001 -4.429640e+000 -3.994680e+000 6.671044e-002 -8.121632e-001 -2.911756e+000 6.413090e-001 -1.633599e+000 -2.838918e+000 -1.517945e+000 1.372407e+000 -2.454690e+000 -1.253852e+000 -1.376936e+000 -2.788060e+000 -5.125250e-001 -1.789282e+000 -9.344533e-001 -3.699391e-002 6.401110e-002 1.102834e-001 -2.551930e-001 2.454054e-001 1.968871e-001 2.679542e-001 7.675858e-001 1.727991e-001 2.187451e-001 
1.942112e+001 1.666089e+001 -2.309395e+000 1.782169e+000 -4.303747e+000 2.067413e+000 -2.975277e+000 -4.195267e+000 1.752829e+000 -3.924503e+000 -4.409465e+000 -3.611228e-001 -1.574752e+000 -2.032875e+000 -4.330754e-001 -1.069190e+000 -2.266821e+000 -8.078622e-001 1.051289e+000 -1.832936e+000 -1.277036e+000 -1.212101e+000 -3.159694e+000 -1.094674e+000 -1.582497e+000 -8.590243e-001 -2.420310e-002 -5.644874e-001 7.243024e-003 2.018216e-001 3.901879e-001 1.441221e-001 6.778621e-001 -6.859505e-002 -6.246598e-001 3.827448e-001 
