5.654501e+000 9.062176e+000 -9.226857e-001 1.430367e+000 2.293794e+000 2.882092e+000 -2.274422e+000 8.210318e-001 9.736957e-001 -1.714139e+000 -1.134229e+000 5.819844e-001 
2.922967e+000 1.029839e+001 -4.995722e-001 9.138415e-001 2.568338e+000 2.773482e+000 -8.009104e-001 3.977266e-001 5.228919e-001 -6.424344e-001 -7.901824e-001 -4.608761e-001 
4.958218e-001 1.173484e+001 1.026121e-001 1.572813e+000 2.530450e+000 1.601620e+000 -5.517706e-001 8.034661e-001 8.468447e-001 -1.262355e+000 -1.055590e+000 3.609499e-001 
-1.020133e+000 1.322017e+001 -1.692823e+000 1.750228e+000 2.887068e+000 1.615679e+000 -5.189251e-001 5.716499e-001 1.830015e+000 -2.123131e+000 -1.136652e+000 7.396787e-001 
-1.410225e+000 1.357295e+001 -2.245140e+000 8.368888e-001 2.270873e+000 1.552379e+000 -3.713467e-001 8.803865e-001 2.201758e+000 -2.105908e+000 -8.993920e-001 7.186169e-001 
-2.059344e+000 1.349583e+001 -2.782672e+000 1.134713e+000 2.966901e+000 1.380188e+000 -1.082331e+000 -2.734863e-001 2.244333e+000 -2.673429e+000 -6.144076e-001 8.590134e-001 
-2.462029e+000 1.360921e+001 -3.553835e+000 -7.092844e-002 1.512990e+000 8.929469e-001 -6.007161e-001 -5.683929e-001 1.971363e+000 -3.351770e+000 -1.124859e+000 -6.294056e-002 
-2.424882e+000 1.342368e+001 -3.509359e+000 1.001880e-001 2.221551e+000 5.049456e-001 -8.697674e-001 1.156289e-001 2.104279e+000 -3.038877e+000 -1.232241e+000 2.402317e-001 
-2.938231e+000 1.266443e+001 -3.008472e+000 3.593201e-001 2.262993e+000 1.343804e+000 -2.386651e-001 4.967582e-001 1.713100e+000 -2.673349e+000 -1.330483e+000 3.694042e-001 
-2.053106e+000 1.331990e+001 -2.978623e+000 -9.811521e-001 1.592012e+000 1.957333e+000 -4.171935e-001 1.019564e+000 1.636546e+000 -2.710704e+000 -1.470269e+000 6.634883e-001 
-2.093692e+000 1.221094e+001 -1.645955e+000 1.381315e-001 1.387502e+000 9.798976e-001 -1.108249e+000 6.165860e-001 1.294512e+000 -1.675525e+000 -9.928677e-001 5.465835e-001 
6.123102e-001 9.933832e+000 -6.508501e-001 6.907485e-001 1.826572e+000 8.750617e-001 -1.745524e+000 4.775157e-001 1.051336e+000 -7.683799e-001 -8.412421e-001 3.261155e-001 
5.137361e+000 6.276704e+000 -1.298463e+000 1.376462e+000 1.540832e+000 1.834048e+000 -2.294494e+000 2.046802e-001 1.226660e+000 -2.567029e-001 -7.016768e-001 -1.858373e-001 
9.348702e+000 3.082451e+000 -1.650998e+000 2.500991e+000 1.946266e+000 3.554404e+000 -1.347991e+000 5.201274e-002 7.877480e-001 -1.028128e+000 -1.238553e+000 -1.926187e-001 
1.073039e+001 2.762675e+000 -2.356098e+000 1.849701e+000 5.922141e-001 3.551514e+000 -8.303973e-001 2.492997e-002 -5.072143e-001 -7.568206e-001 -1.098651e+000 -3.102562e-001 
8.290955e+000 6.513967e+000 -2.258123e+000 3.085760e+000 6.261806e-001 4.485125e+000 -9.179810e-001 7.066409e-001 -6.960898e-001 -1.107778e-001 -1.643395e+000 -9.717853e-002 
8.360090e+000 8.803180e+000 -3.467232e+000 2.502471e+000 1.172346e+000 4.155037e+000 -6.089853e-001 7.729647e-001 4.476258e-001 -7.191763e-001 -2.123996e+000 5.829657e-001 
8.795931e+000 8.362110e+000 -1.745374e+000 5.464817e-001 1.970521e+000 2.486450e+000 3.808858e-001 2.179918e-001 5.996386e-001 -1.043590e+000 -1.440203e+000 5.602297e-001 
8.908943e+000 7.394550e+000 -8.742137e-001 8.616840e-001 2.207427e+000 1.818286e+000 -1.284415e+000 8.289205e-001 8.064372e-001 -1.381474e+000 -8.895913e-001 6.798042e-001 
4.391393e+000 1.036478e+001 -2.094739e-001 5.959314e-001 2.108404e+000 2.439442e+000 -1.436934e+000 1.810544e-001 7.180455e-001 -7.734659e-001 -6.760248e-001 -1.278547e-001 
2.322401e+000 1.134675e+001 -1.306224e+000 4.839744e-001 2.159815e+000 2.085726e+000 2.124389e-001 9.827491e-001 5.823846e-001 -1.208082e+000 -1.444666e+000 -4.041561e-001 
-5.809576e-002 1.304362e+001 -4.191641e-001 5.288741e-001 1.450656e+000 1.959141e+000 -1.774995e-001 9.395823e-001 9.573617e-001 -1.643919e+000 -9.693277e-001 3.802506e-001 
-1.137876e+000 1.373613e+001 -1.897001e+000 1.523122e+000 3.109909e+000 1.923022e+000 -5.150167e-001 6.622106e-001 1.679074e+000 -2.108216e+000 -1.191667e+000 7.237057e-001 
-8.583779e-001 1.172000e+001 -1.213329e+000 1.278268e+000 3.042100e+000 1.237514e+000 -1.394598e+000 4.181354e-001 1.749010e+000 -1.742707e+000 -9.637225e-001 8.567841e-001 
-1.698140e+000 1.234995e+001 -1.882861e+000 7.654835e-001 3.268278e+000 8.159538e-001 -2.304395e+000 -1.372574e-001 1.862243e+000 -1.819202e+000 -9.237317e-001 9.659770e-001 
-1.955810e+000 1.278753e+001 -2.914637e+000 -1.298526e-001 2.441689e+000 3.936131e-001 -1.615841e+000 1.102726e-001 1.651620e+000 -2.250500e+000 -1.306216e+000 4.470551e-001 
-1.325264e+000 1.374506e+001 -2.245426e+000 -6.630874e-003 2.032997e+000 1.002680e+000 -4.600049e-001 6.704751e-001 1.667818e+000 -1.914307e+000 -6.193666e-001 7.091295e-001 
-1.993835e+000 1.221789e+001 -1.710173e+000 -4.799047e-001 1.610298e+000 9.543900e-001 -4.795987e-001 5.520231e-001 9.905077e-001 -1.814622e+000 -1.027530e+000 9.095048e-001 
-1.942291e+000 1.398149e+001 -1.282357e+000 5.543539e-001 1.461067e+000 1.561818e+000 -3.383413e-001 6.729022e-001 1.164009e+000 -2.063448e+000 -1.371008e+000 6.837299e-001 
-9.179492e-001 1.149892e+001 -8.000683e-001 1.218477e-001 1.632760e+000 1.119268e+000 -1.538431e+000 3.554681e-001 6.856004e-001 -1.577462e+000 -1.319794e+000 2.391462e-001 
3.066654e+000 7.747090e+000 -1.759967e+000 1.317758e+000 1.970424e+000 2.195876e+000 -1.699430e+000 9.181820e-001 9.126964e-001 -1.566583e+000 -1.274822e+000 -2.204486e-001 
7.597003e+000 5.354269e+000 -2.248743e+000 1.036531e+000 1.279371e+000 2.953947e+000 -1.022409e+000 9.838887e-001 1.562386e+000 -6.089715e-001 -1.499364e+000 -2.200426e-001 
1.046845e+001 2.810179e+000 -2.683219e+000 1.905845e+000 6.629127e-001 3.662267e+000 -1.157394e+000 3.751050e-001 3.302249e-001 -9.153645e-001 -1.358976e+000 -2.652785e-001 
9.987028e+000 4.795423e+000 -2.153801e+000 2.397646e+000 1.738613e-001 3.959303e+000 -1.112331e+000 1.302699e-001 -8.121024e-001 -3.577543e-001 -1.413888e+000 -4.625268e-001 
7.685278e+000 7.730438e+000 -3.340987e+000 3.379393e+000 6.203893e-001 4.666348e+000 -9.072578e-001 8.395557e-001 -4.260784e-001 -1.160349e-001 -1.819370e+000 1.688822e-001 
8.153482e+000 9.207333e+000 -3.375229e+000 1.501820e+000 1.315316e+000 3.374618e+000 -3.910617e-001 4.199476e-001 6.196932e-001 -9.011594e-001 -1.796801e+000 8.000371e-001 
