2.014121e+000 3.172013e+000 -1.497794e+000 8.967957e+000 -1.903253e+000 2.113863e+000 -4.856992e+000 3.279220e-001 -2.152026e-001 -2.997965e-001 -1.120366e+000 8.089797e-001 7.961392e-002 1.665521e-001 -7.635097e-001 -4.051077e-001 -1.272046e+000 -8.126180e-001 -2.756039e-001 5.585600e-002 -2.955699e-001 -4.069693e-001 5.777375e-002 -5.825026e-002 
3.869241e+000 1.130336e+000 -3.408139e+000 1.027301e+001 -2.269896e+000 2.218211e+000 -4.388575e+000 8.853982e-001 -2.572904e-002 -6.920775e-001 -1.493786e+000 6.060825e-002 1.263350e-001 -9.850227e-003 -6.255426e-001 -6.396191e-001 -1.171862e+000 -7.327641e-001 6.731443e-002 -2.920402e-001 -6.638553e-001 -7.444813e-002 -5.831270e-001 -1.672892e-001 
4.853568e+000 1.715439e+000 -5.389440e+000 9.997908e+000 -2.891686e+000 2.840290e+000 -4.520539e+000 -2.966069e-002 -7.701714e-001 -1.477742e+000 -1.806840e+000 -5.344758e-001 -3.727882e-001 -1.204996e+000 4.501324e-001 4.236889e-001 1.001241e+000 -1.701322e-001 -3.349269e-001 -7.246712e-001 -8.307227e-001 -1.269945e+000 -1.180573e+000 -2.538848e-001 
4.100086e+000 1.599989e+000 -6.315295e+000 1.173775e+001 -3.425899e+000 3.009302e+000 -5.158966e+000 -1.636868e+000 -3.466058e-002 -1.735496e+000 -3.827627e-001 -6.839237e-001 6.855805e-001 -1.485332e+000 -3.248855e-002 -4.932768e-001 3.929141e-001 -7.708127e-001 8.811225e-002 -6.055633e-001 -4.522077e-001 -8.116517e-001 -3.999724e-001 1.135961e-002 
3.956627e+000 -1.442757e+000 -5.597882e+000 1.017696e+001 -2.976137e+000 7.793121e-001 -5.067218e+000 -4.418998e-001 -3.694591e-001 -1.318305e+000 -5.490055e-001 4.053751e-001 -1.930651e-001 -4.412117e-001 -7.149503e-001 -2.406499e-002 -5.392065e-001 -4.497349e-001 -4.745661e-001 2.258428e-001 -3.924669e-001 -3.868545e-001 -3.464581e-001 3.663606e-001 
4.928154e+000 -6.249774e-001 -5.879837e+000 9.729221e+000 -4.123977e+000 1.657526e+000 -4.968540e+000 -6.302193e-001 -5.394354e-001 -5.439754e-001 -3.319745e-001 1.287805e+000 -2.530221e-001 -1.419315e+000 -1.419339e+000 -1.512034e+000 -9.831033e-001 -1.112428e+000 -7.993182e-001 3.892112e-001 6.190088e-003 2.744059e-001 -2.703533e-002 -2.927108e-003 
3.595803e+000 -2.208926e-001 -6.244650e+000 1.044438e+001 -5.421463e+000 9.100184e-001 -5.888577e+000 -5.772808e-001 -1.030096e+000 -3.721706e-001 -5.889408e-001 1.243969e-001 9.104893e-001 -9.634657e-001 -3.478132e-001 -2.152209e+000 8.936623e-002 -1.666056e+000 1.400970e-001 -3.199653e-001 4.212543e-001 -4.817212e-001 1.419673e-001 -3.414269e-002 
4.132741e+000 1.807362e-001 -6.625244e+000 1.111927e+001 -4.311621e+000 2.579887e+000 -5.680267e+000 -1.500341e+000 -6.327752e-001 -2.213181e+000 -1.450981e+000 -1.267402e-001 2.518042e-001 -8.893393e-001 1.297280e+000 -5.511374e-001 3.554999e-001 -1.330298e+000 2.171803e-002 -9.809877e-001 2.760400e-001 -6.802133e-001 -3.608176e-002 -2.204420e-001 
5.246402e+000 3.196870e+000 -5.411909e+000 1.216709e+001 -2.825273e+000 3.289141e+000 -4.951612e+000 -1.843656e+000 -7.945381e-001 -3.248339e+000 -2.478371e-001 2.217030e-002 1.277661e+000 -9.887479e-001 4.665378e-001 -4.138682e-001 -3.403285e-001 -8.253343e-001 -5.565347e-001 -6.318941e-001 1.186708e-001 -2.619567e-001 -9.363198e-001 -6.298765e-001 
3.548020e+000 3.288970e+000 -4.971806e+000 1.315835e+001 -1.796976e+000 2.807736e+000 -5.573160e+000 -9.300984e-001 -8.019244e-001 -3.075117e+000 -1.038228e+000 1.688756e-001 9.438255e-001 -1.189790e+000 1.048654e+000 -4.373023e-001 -1.218829e-001 -1.933411e+000 -1.182752e-001 -7.872862e-001 -8.259424e-002 -9.496387e-001 -3.535988e-001 -3.646727e-001 
2.741627e+000 4.787142e+000 -4.654577e+000 1.020757e+001 -2.660690e+000 2.798040e+000 -4.087863e+000 -6.001129e-001 -7.572774e-002 -1.724408e+000 -7.740846e-001 -6.971166e-001 1.687296e-001 -1.379255e+000 8.694039e-001 -9.080058e-001 9.003416e-001 -6.003407e-001 -3.510982e-001 -1.502381e+000 -5.104816e-001 -7.581180e-001 -5.311175e-001 1.014581e-001 
-7.226371e-001 8.112033e+000 -2.178811e+000 9.767214e+000 -1.876685e+000 2.143059e+000 -4.308277e+000 -1.252279e+000 4.573279e-001 -1.561688e+000 7.702585e-001 -5.181098e-001 8.438454e-001 -1.771614e+000 -1.719714e-001 -9.669939e-001 4.235140e-001 -4.457895e-001 -9.928454e-001 6.587786e-003 -7.552690e-001 1.086586e-001 -7.015839e-001 2.059124e-001 
-2.928371e+000 1.231594e+001 -1.043040e+000 7.764403e+000 -3.598362e-001 2.749832e-001 -4.820413e+000 -1.054998e+000 1.978696e+000 -1.926642e+000 -4.833712e-001 2.807592e-001 1.214665e+000 -2.157361e+000 1.394114e-002 4.097162e-002 -5.489970e-001 -8.505109e-001 4.508550e-001 8.350743e-001 -4.849708e-001 4.102574e-001 -1.683344e-001 -1.522510e-001 
1.209823e+000 1.346848e+001 -1.432288e+000 6.566090e+000 1.838112e+000 -9.665171e-001 -7.348486e+000 -8.913546e-001 2.987290e+000 -1.314669e+000 -1.612971e+000 1.095108e+000 4.184289e-002 -2.101571e+000 4.023499e-001 3.823876e-001 -6.737388e-001 -6.803555e-001 1.637230e+000 -6.170375e-003 -4.439109e-001 9.954709e-002 2.506309e-001 -1.666446e-001 
6.646279e+000 1.320623e+001 -3.956597e+000 7.123265e+000 2.340893e+000 -9.830093e-001 -9.040337e+000 -7.373457e-002 2.218806e+000 -3.105590e-001 -2.210931e+000 1.358169e+000 6.882737e-001 -2.223021e+000 -2.124934e-001 2.410664e-001 -1.692001e-001 -1.257525e+000 2.481677e+000 -9.479227e-001 -2.959675e-001 1.200713e-001 1.875580e-001 -4.911920e-001 
1.130139e+001 1.198846e+001 -3.747498e+000 5.434470e+000 2.346349e+000 -1.933849e+000 -8.114997e+000 -1.583323e+000 3.045331e+000 5.106440e-001 -2.460434e+000 7.638181e-001 1.457203e+000 -2.027182e+000 -4.231630e-001 5.198759e-001 -6.641481e-001 -1.118683e+000 2.073058e+000 -1.175868e-001 -1.378203e+000 7.031414e-001 -2.154253e-001 -1.060703e-001 
1.288117e+001 1.376104e+001 -5.486167e+000 5.356900e+000 5.466990e-001 -9.084244e-001 -9.591116e+000 -1.680677e+000 4.762928e+000 -5.149825e-002 -2.993612e+000 9.764394e-001 1.668461e+000 -2.296318e+000 3.755275e-002 2.615890e-001 -4.347637e-001 -1.471788e+000 1.847869e+000 7.954935e-001 -1.936031e+000 1.095724e+000 -2.059741e-001 -6.455667e-001 
1.262916e+001 1.584329e+001 -3.895474e+000 3.444706e+000 5.230869e-001 1.554116e-001 -1.028694e+001 -1.799343e+000 5.116807e+000 1.070413e-002 -3.930278e+000 2.520924e+000 1.020085e+000 -2.988889e+000 -9.004431e-001 2.410609e+000 -1.948730e+000 -1.301201e+000 1.759885e+000 1.899440e-001 -2.254368e+000 1.324183e+000 8.063396e-001 -1.769109e+000 
2.004059e+001 7.839326e+000 -2.641075e+000 2.595827e+000 2.254741e+000 -4.380224e+000 -6.314109e+000 -7.003950e-001 2.716300e+000 -8.378484e-002 -1.264185e+000 5.735830e-001 2.655316e-001 -1.311523e+000 -9.448280e-001 6.586151e-002 -7.392357e-002 -3.233767e-001 -4.381274e-003 1.303787e-001 2.224798e-001 1.565872e-001 -2.138915e-001 -3.164279e-001 
5.051831e+000 2.958152e+000 -1.760351e+000 5.030627e+000 -6.489120e-001 -4.458550e-002 -4.308668e+000 2.557396e-001 1.470847e+000 -9.704555e-001 -2.481032e-001 4.740911e-001 5.178373e-001 -6.073744e-001 -5.360371e-001 7.433432e-002 -1.138785e-002 -6.124275e-001 -3.727281e-001 -1.399253e-001 7.712367e-003 -7.221462e-002 -1.520949e-001 3.153424e-002 
4.580097e+000 1.713077e+000 -2.491981e+000 9.447351e+000 -2.928475e+000 1.101701e+000 -6.004576e+000 -2.721054e-001 -1.356573e+000 -6.758674e-001 -1.792477e+000 6.356740e-001 4.845393e-002 2.252242e-001 6.867376e-002 1.151738e-001 -6.570447e-001 -1.766288e-001 7.620955e-002 3.193764e-003 -4.839783e-001 1.323665e-001 -8.683341e-001 -2.593309e-001 
4.702677e+000 1.256568e+000 -5.213432e+000 9.931543e+000 -3.849364e+000 5.588914e-001 -6.793429e+000 -2.139301e+000 -1.157548e+000 -8.135830e-001 -7.002493e-001 4.413309e-001 3.953743e-001 -4.814065e-001 3.677136e-001 4.089742e-001 6.535541e-001 7.826751e-003 7.202072e-003 1.919387e-001 -1.366189e-001 -1.639612e-001 -2.820875e-002 2.548552e-001 
5.249051e+000 2.125541e+000 -5.332246e+000 1.059192e+001 -3.904992e+000 1.833206e+000 -5.705777e+000 -1.463113e+000 1.780702e-001 -1.577061e+000 -2.113721e-001 -7.609771e-001 3.429594e-001 -1.420117e+000 -2.110525e-001 2.119121e-001 7.551894e-001 -6.877253e-001 -1.529705e-001 -6.332350e-001 -4.128104e-001 -5.234006e-001 -2.091765e-001 -4.138360e-002 
5.702280e+000 1.350447e+000 -4.332959e+000 1.132181e+001 -2.838185e+000 1.534054e+000 -4.714722e+000 -2.496209e-001 -7.599104e-002 -1.144213e+000 -4.492990e-001 4.442278e-001 -2.535639e-001 -3.564266e-001 -1.135757e+000 -4.416650e-001 -1.107753e+000 -7.253091e-001 -7.262351e-001 4.525921e-002 -4.978883e-001 -4.190568e-001 2.815353e-002 5.213286e-001 
6.711262e+000 2.149164e+000 -3.722016e+000 1.138112e+001 -3.095229e+000 1.342310e+000 -5.286314e+000 -1.398059e+000 -1.088867e+000 -1.243525e+000 -8.458553e-001 7.248527e-001 -3.787179e-001 -7.778294e-001 -1.794341e-001 4.490341e-001 1.794720e-002 -2.502608e-001 -1.058479e+000 -9.501204e-002 -5.803449e-001 -4.365524e-002 -6.765065e-001 1.267153e-002 
6.821263e+000 2.618582e+000 -3.228181e+000 1.203699e+001 -3.942510e+000 2.048195e+000 -5.291893e+000 -1.431319e+000 -1.861622e+000 -1.313963e+000 -1.688539e+000 -2.544248e-001 2.486629e-001 -5.363247e-001 9.841976e-001 -8.162009e-001 1.033150e+000 -1.317880e+000 -2.786679e-001 -5.865601e-001 -1.769537e-001 -7.379632e-001 -3.786801e-001 -9.002068e-002 
6.586518e+000 2.994929e+000 -4.126330e+000 1.295207e+001 -3.229061e+000 3.381160e+000 -5.766315e+000 -2.143075e+000 -1.595196e+000 -2.223304e+000 -1.422416e+000 5.684674e-001 3.848011e-001 -9.485217e-001 1.152461e+000 -1.021818e+000 6.662880e-001 -1.324415e+000 4.659388e-001 -7.308416e-001 2.712271e-002 -8.401629e-001 -6.447000e-001 -4.012761e-001 
6.063281e+000 3.056085e+000 -4.025860e+000 1.182413e+001 -2.615536e+000 2.651515e+000 -5.094729e+000 -2.165870e+000 -7.246748e-001 -3.336480e+000 -2.682398e-001 -2.524146e-001 1.063754e+000 -1.166761e+000 4.798515e-001 -1.661525e-001 -2.187983e-002 4.106024e-002 -6.978297e-001 -3.169714e-001 -3.676319e-001 -2.073881e-001 -1.044729e+000 -4.187284e-001 
5.319660e+000 4.253021e+000 -4.929477e+000 1.207121e+001 -3.204890e+000 1.926031e+000 -6.339465e+000 -8.531302e-001 -2.695186e-001 -2.613527e+000 -5.660292e-001 4.789042e-001 3.334680e-001 -1.728818e+000 8.271068e-001 -2.812905e-001 9.922112e-002 -1.484943e+000 -7.447286e-002 -3.075791e-001 1.195278e-001 -7.023355e-001 -3.847595e-001 -4.554194e-001 
3.850015e+000 4.728317e+000 -3.314050e+000 1.061660e+001 -2.333616e+000 1.869671e+000 -4.452675e+000 -1.268836e+000 -4.664708e-001 -1.840199e+000 -3.204572e-001 2.265207e-001 5.264480e-001 -1.181428e+000 1.589216e-001 -1.193323e+000 -7.796171e-002 -6.136440e-001 -5.459299e-001 -8.428023e-001 -3.206510e-001 -1.528861e-001 -4.640076e-001 2.146709e-001 
2.378283e-001 7.476214e+000 -2.941707e+000 9.782445e+000 -2.121271e+000 2.475858e+000 -4.111346e+000 -1.237460e+000 2.099003e-002 -2.170096e+000 -2.050883e-001 -6.095926e-001 1.186242e+000 -8.706649e-001 3.920636e-001 -1.300530e+000 2.155737e-001 -7.029041e-001 -7.392184e-001 7.689218e-002 -4.326601e-001 -1.316164e-001 -7.633029e-001 6.204455e-002 
-3.204011e+000 1.145263e+001 -1.159833e+000 9.220328e+000 -6.210389e-001 -5.545525e-002 -6.048895e+000 -2.049385e+000 1.656367e+000 -1.522836e+000 4.159663e-002 1.368052e-001 1.337039e+000 -2.209875e+000 4.881203e-001 5.135106e-001 -1.398207e-001 -5.341698e-001 1.099963e-001 7.018031e-001 -7.737794e-001 5.722844e-001 -3.393167e-001 1.990791e-002 
6.285367e-001 1.339377e+001 -4.452071e-001 6.472082e+000 1.864834e+000 -7.152474e-001 -6.725226e+000 -1.435304e+000 2.719120e+000 -1.738905e+000 -1.525546e+000 1.220928e+000 1.015037e-001 -2.221453e+000 2.759551e-001 7.637623e-001 -6.632905e-001 -3.773437e-001 1.337442e+000 -1.332084e-001 -9.985778e-001 1.303590e-001 6.055612e-002 -1.791650e-001 
6.857941e+000 1.148838e+001 -2.713186e+000 5.729202e+000 3.182452e+000 -2.189275e+000 -8.500911e+000 -7.042248e-001 2.965901e+000 -1.005580e+000 -2.003601e+000 1.334813e+000 3.278616e-001 -1.637726e+000 -7.164525e-002 3.700047e-001 -5.532985e-001 -6.870876e-001 1.894608e+000 -1.512159e-001 -3.281242e-001 2.701950e-001 -1.483981e-001 -4.076478e-001 
1.031736e+001 1.251231e+001 -3.759018e+000 6.205484e+000 2.075511e+000 -1.155486e+000 -8.513226e+000 -8.966485e-001 2.672224e+000 8.165656e-001 -2.646967e+000 8.817881e-001 1.515608e+000 -2.249226e+000 -3.336971e-001 4.692233e-001 -6.639306e-001 -1.609526e+000 2.299329e+000 -5.068401e-001 -1.191323e+000 5.195604e-001 -7.726682e-002 -2.982103e-001 
1.455678e+001 1.130715e+001 -3.750924e+000 4.224575e+000 1.860556e+000 -2.229406e+000 -8.865700e+000 -1.919171e+000 4.383560e+000 -4.201679e-001 -2.439012e+000 7.006596e-001 1.139807e+000 -1.602599e+000 -4.339058e-002 2.077486e-001 -4.602988e-001 -8.109218e-001 1.448020e+000 9.561362e-001 -1.506981e+000 7.956866e-001 -4.191478e-001 -1.839544e-001 
1.320570e+001 1.485949e+001 -4.234360e+000 3.637569e+000 8.322380e-001 -5.502752e-001 -1.009263e+001 -1.177890e+000 4.496796e+000 3.958811e-001 -3.909038e+000 2.731512e+000 4.844010e-001 -2.128665e+000 -1.151281e+000 1.866988e+000 -1.596924e+000 -9.707472e-001 1.077425e+000 4.956537e-001 -2.107885e+000 1.283929e+000 3.463940e-001 -1.243304e+000 
