5.590302e+000 1.640302e+001 -1.088207e+001 2.545926e+000 -2.607692e+000 -2.304523e+000 -1.689719e+000 -4.852501e+000 1.540129e+000 -4.124058e+000 -3.141536e+000 -2.816826e+000 -4.031549e+000 -1.493282e+000 -2.058215e+000 -7.138692e-001 1.662297e-001 -4.851225e-001 -1.051696e-001 -1.087131e+000 -6.623500e-002 4.792951e-001 -2.536690e-001 2.832418e-001 
6.906129e+000 1.663048e+001 -1.105603e+001 1.818729e+000 -1.730888e+000 -2.079986e+000 -1.222765e+000 -4.275143e+000 8.442133e-001 -3.260724e+000 -2.962163e+000 -1.329810e+000 -4.125715e+000 -1.350826e+000 -1.955777e+000 -1.592970e+000 1.245691e+000 -5.720344e-001 -4.774798e-001 -7.776850e-001 1.812999e-001 1.112085e+000 -7.753021e-001 1.080304e+000 
7.428196e+000 1.569350e+001 -1.125477e+001 8.772546e-001 -2.420135e+000 -1.688177e+000 -1.405035e+000 -3.487611e+000 1.395420e+000 -3.813794e+000 -3.517951e+000 -1.596596e+000 -3.556787e+000 -2.079518e+000 -2.279341e+000 -1.428627e+000 4.975217e-001 -1.078815e-001 -4.791866e-001 -8.410499e-001 4.558063e-001 7.430890e-001 -3.992518e-001 2.090369e-001 
6.315873e+000 1.564449e+001 -1.289567e+001 2.093907e+000 -2.599001e+000 -9.594023e-001 -2.131108e+000 -4.335476e+000 2.697790e+000 -3.926170e+000 -2.662155e+000 -3.237297e+000 -3.596159e+000 -1.773851e+000 -2.451677e+000 -6.834308e-001 -3.800522e-001 1.713188e-001 -4.874878e-001 -8.994250e-001 1.115983e+000 3.502487e-002 -9.960941e-002 -2.258512e-001 
7.290524e+000 1.481732e+001 -1.094968e+001 1.296987e+000 -2.811383e+000 -1.932051e+000 -3.161447e+000 -3.289407e+000 2.037590e+000 -3.347385e+000 -2.993515e+000 -3.445014e+000 -3.708727e+000 -1.599517e+000 -2.084819e+000 -8.478663e-001 -5.426241e-001 -3.731502e-001 -6.687301e-001 -6.263062e-001 1.254393e+000 2.692573e-001 -4.201080e-001 -3.506511e-001 
5.233912e+000 1.629746e+001 -1.083711e+001 2.263100e+000 -2.914622e+000 -2.047626e+000 -2.944710e+000 -4.180297e+000 2.478261e+000 -4.041754e+000 -2.605550e+000 -3.002368e+000 -4.249798e+000 -2.343404e+000 -2.602962e+000 -5.011962e-002 2.037406e-002 -1.565523e-001 -5.663235e-001 -1.353023e+000 6.281178e-001 2.464008e-001 -3.634694e-002 -8.219539e-003 
5.559183e+000 1.748664e+001 -1.226884e+001 2.524234e+000 -2.738111e+000 -3.066373e+000 -1.563314e+000 -4.560510e+000 2.967700e+000 -4.340667e+000 -2.669781e+000 -2.273620e+000 -4.527138e+000 -1.892389e+000 -2.509024e+000 -6.941150e-001 4.830144e-001 2.113332e-001 -7.540519e-001 -1.289799e+000 5.533756e-001 2.638440e-001 3.764515e-003 4.191833e-001 
7.312057e+000 1.526054e+001 -1.050970e+001 1.797700e+000 -2.222327e+000 -3.220782e+000 -3.226081e+000 -2.772265e+000 2.132247e+000 -3.136028e+000 -3.160323e+000 -2.775532e+000 -3.905765e+000 -1.939950e+000 -2.164892e+000 -9.765461e-001 6.045476e-001 2.994570e-001 -7.357944e-001 -1.274147e+000 3.756764e-001 3.461957e-001 4.513869e-002 6.520811e-001 
1.028531e+001 1.538320e+001 -7.373886e+000 2.949643e+000 1.305812e-002 -1.161195e+000 -1.947429e+000 -1.545984e+000 2.492860e+000 -1.252520e+000 -1.737803e+000 -9.146778e-001 -2.745130e+000 -1.175446e+000 3.092669e-002 3.116609e-001 1.038578e+000 2.366547e-001 -6.738585e-001 -7.473850e-001 4.476208e-001 2.747418e-001 -5.216643e-001 -3.566123e-002 
7.232464e+000 1.534524e+001 -1.130037e+001 2.019387e+000 -1.906473e+000 -8.406062e-001 -2.272698e+000 -3.987292e+000 1.615067e+000 -3.401803e+000 -2.651672e+000 -2.734341e+000 -3.965761e+000 -1.313307e+000 -8.815695e-001 -5.984170e-001 -4.582346e-001 -1.028792e-001 -1.020083e+000 -2.509504e-001 1.532031e+000 1.965651e-002 -4.080079e-001 -6.035318e-001 
7.130750e+000 1.377595e+001 -1.114657e+001 1.416688e+000 -1.426743e+000 -2.023154e+000 -2.632228e+000 -3.790324e+000 8.177742e-001 -3.243293e+000 -3.345406e+000 -2.991730e+000 -3.999810e+000 -1.277334e+000 -1.417219e+000 -1.523895e+000 -2.254578e-001 1.285436e-001 -3.442963e-001 -1.067207e+000 5.098428e-001 4.285735e-001 -6.387370e-001 2.947869e-001 
6.711028e+000 1.457547e+001 -1.164167e+001 1.028036e+000 -2.202258e+000 -1.429423e+000 -2.033745e+000 -3.553912e+000 1.599245e+000 -3.628728e+000 -3.255757e+000 -2.991189e+000 -3.445334e+000 -1.049942e+000 -2.045088e+000 -1.619597e+000 -4.485385e-001 -1.102281e-001 -2.602581e-001 -6.597600e-001 1.017733e+000 2.157094e-001 -6.818836e-001 3.661745e-001 
7.114743e+000 1.323906e+001 -1.073809e+001 8.605111e-001 -2.137917e+000 -1.973915e+000 -2.922527e+000 -2.784776e+000 1.789162e+000 -3.327165e+000 -3.201512e+000 -2.822199e+000 -3.720103e+000 -1.719396e+000 -2.079367e+000 -1.431880e+000 -1.520488e-001 1.653023e-001 -5.359284e-001 -8.855727e-001 6.825475e-001 4.050175e-001 -7.227440e-002 8.252772e-002 
7.420927e+000 1.367703e+001 -1.052731e+001 9.396310e-001 -2.069502e+000 -2.218335e+000 -3.071863e+000 -2.758394e+000 2.158079e+000 -2.899555e+000 -3.482168e+000 -2.753448e+000 -3.666808e+000 -1.738635e+000 -1.792795e+000 -1.156188e+000 -3.489425e-001 -8.081597e-002 -4.199581e-001 -7.190346e-001 9.344424e-001 4.182449e-001 -5.021663e-001 3.581003e-001 
4.559362e+000 1.659989e+001 -1.121945e+001 3.279880e+000 -2.713250e+000 -3.491037e+000 -2.282268e+000 -2.966410e+000 3.104723e+000 -4.453272e+000 -2.453836e+000 -2.294600e+000 -3.790366e+000 -1.512164e+000 -2.501242e+000 -9.987525e-001 -4.265220e-001 2.629809e-001 -6.489844e-002 -1.260076e+000 5.150975e-001 5.342737e-001 -4.458677e-003 9.397836e-001 
7.216557e+000 1.527258e+001 -1.059959e+001 1.039303e+000 -1.746204e+000 -2.302654e+000 -2.195715e+000 -2.982514e+000 1.867979e+000 -2.997725e+000 -3.483946e+000 -2.526804e+000 -3.660959e+000 -9.540296e-001 -1.414299e+000 -1.830761e+000 -6.955235e-002 -1.514303e-001 2.881339e-002 -4.536983e-001 3.902004e-001 5.716749e-001 -4.914670e-001 3.396190e-001 
