1.517632e+001 1.707403e+001 -3.974822e+000 1.336702e+000 3.740630e+000 1.544889e+000 -2.489358e+000 -2.062546e+000 2.725552e-001 -1.798691e+000 -1.833818e+000 -2.849110e-001 -1.929063e-001 -1.040520e+000 7.172373e-001 1.823854e+000 -1.098547e+000 -5.995259e-001 1.038536e+000 -8.221225e-002 2.387988e-001 1.605865e-001 -3.965948e-001 1.084288e-001 
1.346311e+001 1.942870e+001 -6.218726e+000 2.460040e+000 2.594103e+000 2.270231e+000 -3.050138e+000 -9.628479e-001 -4.401113e-001 -1.092299e+000 -2.225520e+000 -3.937087e-001 -3.370760e-001 -1.303656e+000 8.553045e-001 1.812792e+000 -8.399815e-001 -8.554655e-001 1.391804e+000 -3.538156e-001 3.412977e-001 2.295519e-001 -6.013164e-001 1.410861e-001 
1.422555e+001 1.773333e+001 -4.074104e+000 1.678689e+000 3.350617e+000 1.383409e+000 -2.795807e+000 -1.542619e+000 4.935619e-002 -1.512953e+000 -1.642525e+000 -6.703598e-001 -4.412526e-001 -1.095804e+000 6.293909e-001 1.733220e+000 -5.498651e-001 -3.858807e-001 1.010663e+000 -2.037641e-002 1.660762e-001 -1.007085e-001 -3.955919e-001 1.783127e-002 
1.293449e+001 1.996176e+001 -5.367702e+000 3.362077e+000 2.711235e+000 2.307533e+000 -3.520655e+000 -1.252794e+000 -6.847369e-001 -9.414932e-001 -2.043224e+000 -5.226421e-001 6.082203e-002 -1.399907e+000 9.636925e-001 1.398346e+000 -5.578658e-001 -1.023267e+000 1.247664e+000 -4.491954e-001 1.836325e-001 2.016902e-001 -5.368884e-001 2.344875e-001 
1.432538e+001 1.740240e+001 -4.279353e+000 1.842433e+000 4.404223e+000 1.023097e+000 -2.257960e+000 -1.422594e+000 -4.563791e-001 -1.304180e+000 -1.822280e+000 -4.668037e-001 -2.140293e-001 -1.043356e+000 8.194779e-001 1.307443e+000 -4.766220e-001 -6.177143e-001 6.977154e-001 3.401526e-002 1.554942e-002 2.742812e-001 -3.874656e-001 2.569374e-001 
1.292106e+001 2.029706e+001 -6.509194e+000 3.838625e+000 2.589200e+000 2.395505e+000 -3.086008e+000 -1.325909e+000 -9.326689e-001 -1.522611e+000 -2.092612e+000 -4.780972e-001 2.827776e-001 -1.284916e+000 1.148991e+000 9.451813e-001 -2.600489e-001 -1.149871e+000 1.322226e+000 -3.369149e-001 3.115139e-001 -9.814554e-002 -1.932041e-001 1.047940e-003 
1.410266e+001 1.774935e+001 -4.798385e+000 1.655708e+000 3.798179e+000 1.151924e+000 -2.086754e+000 -1.772017e+000 -3.722562e-001 -1.414515e+000 -2.227836e+000 -1.325367e-001 1.590705e-002 -1.458815e+000 9.412754e-001 1.431346e+000 -8.027832e-001 -5.438930e-001 7.687942e-001 1.969442e-001 1.819127e-001 1.475347e-001 -3.134976e-001 1.932852e-001 
1.428628e+001 1.757172e+001 -4.632328e+000 1.873599e+000 3.650371e+000 5.609474e-001 -2.184584e+000 -1.972858e+000 -6.159926e-001 -1.420921e+000 -2.592539e+000 -2.207885e-001 -3.197926e-002 -1.199496e+000 1.339489e+000 1.342732e+000 -5.285381e-001 -4.659881e-001 7.062609e-001 5.747304e-001 2.722027e-001 5.720466e-002 -4.139996e-001 -1.409777e-001 
1.856829e+001 1.330395e+001 -1.301329e+000 3.881470e-002 3.383908e+000 1.085054e+000 -2.391280e+000 -1.900638e+000 -3.626265e-001 -1.583696e+000 -1.816818e+000 -1.337620e-001 -7.246277e-002 -7.596455e-001 7.113192e-001 1.240655e+000 -4.651247e-001 -4.356343e-001 7.243942e-001 1.596873e-001 -2.640547e-001 -2.889898e-001 -4.524201e-001 -7.974295e-002 
1.405467e+001 1.872390e+001 -4.860906e+000 2.198773e+000 3.008520e+000 1.951686e+000 -2.209788e+000 -1.781165e+000 6.236235e-001 -2.009240e+000 -1.886678e+000 -6.921886e-001 -4.634371e-001 -1.199658e+000 7.455705e-001 2.141900e+000 -1.044903e+000 -5.053376e-001 1.032594e+000 -3.771641e-001 1.299879e-001 -1.706636e-002 -4.047468e-001 1.352763e-001 
1.372658e+001 1.928920e+001 -5.655880e+000 2.356693e+000 2.410127e+000 1.681931e+000 -3.053624e+000 -1.022601e+000 -1.035852e-001 -1.100993e+000 -2.269641e+000 -5.458650e-001 -1.663175e-001 -1.255015e+000 7.690580e-001 1.788738e+000 -5.135139e-001 -6.194217e-001 1.309096e+000 -5.160569e-001 2.524111e-001 3.271668e-001 -3.853791e-001 3.399982e-001 
1.474492e+001 1.777508e+001 -4.016079e+000 1.589956e+000 3.386459e+000 1.450046e+000 -2.491595e+000 -1.283961e+000 2.416659e-001 -1.564197e+000 -1.703268e+000 -6.871975e-001 -6.528113e-001 -1.156128e+000 6.787634e-001 1.784954e+000 -5.102959e-001 -5.325676e-001 7.884320e-001 -1.430670e-001 8.027842e-002 -7.007575e-002 -2.482926e-001 1.513059e-001 
1.416029e+001 1.876680e+001 -4.453475e+000 1.978922e+000 3.266159e+000 1.418729e+000 -2.726337e+000 -1.396198e+000 8.980132e-003 -1.057753e+000 -2.102038e+000 -6.643418e-001 -1.435935e-001 -1.426309e+000 8.960807e-001 1.786575e+000 -6.656388e-001 -6.993718e-001 1.030710e+000 -3.217079e-001 -3.775523e-002 3.834655e-001 -5.516640e-001 2.323975e-001 
1.224550e+001 2.052998e+001 -6.356864e+000 3.166493e+000 2.895224e+000 1.766301e+000 -2.487399e+000 -1.312303e+000 1.267611e-001 -1.770338e+000 -1.967773e+000 -8.116364e-001 2.948604e-002 -1.251868e+000 8.627506e-001 1.270376e+000 -3.968463e-001 -4.232450e-001 7.805292e-001 -1.358160e-001 -1.793467e-001 2.340312e-001 -3.231878e-001 2.184327e-001 
1.201810e+001 2.040389e+001 -7.079706e+000 4.085738e+000 2.469175e+000 2.145017e+000 -2.653480e+000 -1.627796e+000 -5.840242e-001 -1.944181e+000 -1.971382e+000 -8.763257e-001 5.611480e-001 -1.185860e+000 1.097452e+000 1.450429e+000 -4.473491e-001 -9.648554e-001 1.082687e+000 -1.718956e-001 4.113626e-001 4.981578e-002 -3.125628e-001 1.945940e-001 
1.217674e+001 2.005510e+001 -6.947018e+000 3.889199e+000 2.832824e+000 2.547886e+000 -2.798549e+000 -1.394091e+000 -1.119230e+000 -1.318820e+000 -2.553341e+000 -2.922078e-001 4.895351e-001 -1.515794e+000 1.484018e+000 1.282567e+000 -5.510211e-001 -1.012469e+000 9.532655e-001 -2.163723e-001 4.799048e-001 3.362097e-002 -3.126094e-001 9.452242e-002 
