1.774884e+001 1.639106e+001 -4.526220e+000 1.246277e+000 3.097917e-001 7.472052e-001 -4.127249e+000 8.010175e-001 6.432540e-001 -3.387899e+000 -1.044854e+000 3.288024e-002 -2.418974e-001 -4.603487e-001 4.250080e-001 -4.139397e-001 -6.408608e-001 8.128161e-001 5.983472e-001 -2.374559e-001 2.864251e-001 -3.606627e-001 2.678367e-002 7.922003e-001 
1.323599e+001 1.776788e+001 -3.630529e+000 2.091729e+000 4.370557e-001 1.275771e+000 -2.673167e+000 2.778155e-001 8.337508e-001 -2.869685e+000 -1.360911e+000 -5.256044e-001 -9.172604e-001 -1.575004e-001 1.147071e+000 3.701696e-001 -1.532374e+000 -2.141663e-001 9.943715e-001 3.685202e-001 8.942269e-001 -6.368073e-001 -4.513351e-001 3.147955e-001 
6.659283e+000 1.882367e+001 -4.067161e+000 3.118116e+000 -3.718526e-001 1.876513e+000 -2.359730e+000 5.294439e-001 6.373108e-001 -2.497407e+000 -9.642826e-001 -6.148347e-001 -5.272396e-001 -2.896357e-001 6.363501e-001 1.415300e-002 -1.279270e+000 -5.360449e-001 1.324689e+000 -2.735354e-001 8.503219e-001 -7.604855e-001 2.024226e-001 8.793942e-002 
6.596539e+000 1.803962e+001 -3.259346e+000 1.597880e+000 2.841167e-001 1.728662e+000 -2.986504e+000 1.995183e+000 1.356528e+000 -2.600054e+000 -1.792287e+000 -2.159374e-001 4.623984e-001 -6.304006e-002 2.571765e-001 -4.398305e-002 -1.438821e+000 -5.773084e-001 1.441735e+000 -5.061812e-001 6.021057e-001 -2.669590e-001 -4.530907e-001 2.294153e-001 
4.913173e+000 1.816156e+001 -4.307646e+000 1.380715e+000 -4.235502e-001 6.261954e-001 -2.492558e+000 3.153244e+000 2.246771e+000 -3.232466e+000 -6.787385e-001 -2.047393e-001 1.263200e+000 -3.227998e-002 -2.837522e-001 -2.791062e-001 -1.866407e+000 -1.022574e+000 9.074902e-001 -1.592749e-002 1.553516e-001 1.655180e-001 -3.130857e-001 3.953983e-001 
5.532118e+000 1.742843e+001 -4.082366e+000 2.085903e+000 5.842493e-001 1.207146e+000 -3.364113e+000 1.999382e+000 1.317746e+000 -2.496513e+000 -1.232907e+000 -1.300983e-001 5.135515e-001 5.135150e-002 -1.636555e-001 -8.647221e-001 -1.144688e+000 -2.890573e-001 1.387861e+000 -8.296535e-003 9.384224e-001 -1.024264e-001 -2.185829e-001 4.508393e-001 
5.648538e+000 1.684889e+001 -4.592505e+000 5.080819e-001 9.727624e-001 1.210905e+000 -3.299579e+000 2.399987e+000 1.658929e+000 -2.127610e+000 -1.191604e+000 4.733491e-002 1.259118e-001 -3.367349e-001 -8.467656e-002 -4.314569e-001 -1.378925e+000 -1.816541e-001 1.637281e+000 -1.977403e-002 8.630245e-001 -2.388682e-001 -6.555064e-002 4.872943e-001 
6.137753e+000 1.609646e+001 -3.765087e+000 2.069707e+000 2.240602e-002 1.449739e+000 -2.972762e+000 2.615663e+000 1.749655e+000 -2.686336e+000 -1.601624e+000 3.076266e-002 -4.561545e-001 -4.744731e-001 -3.116805e-001 1.297926e-001 -5.886599e-001 -1.570458e-001 1.156727e+000 2.309118e-001 2.401309e-001 -4.452009e-001 2.824665e-001 2.300322e-001 
9.383472e+000 1.378226e+001 -4.270484e+000 3.161030e+000 -8.863242e-002 3.318667e+000 -2.073014e+000 5.909973e-001 2.042960e+000 -2.019042e+000 -7.760865e-001 -5.358083e-001 1.521918e-001 -3.017666e-001 1.565676e-001 -1.023082e-001 -1.421534e+000 -1.638451e-002 1.042712e+000 -2.529339e-001 -1.048645e-001 1.023781e-001 -3.632687e-001 -1.984813e-001 
1.429673e+001 1.625774e+001 -5.604560e+000 3.565149e+000 1.214117e+000 3.012778e+000 -3.771368e+000 5.739362e-001 -8.835861e-001 -2.451875e+000 -2.764260e-001 -2.423382e-001 -1.242215e+000 -6.956308e-001 3.531848e-001 4.716019e-001 -3.411274e-001 -1.639170e-001 1.201178e+000 3.512020e-001 2.386010e-001 2.832921e-001 -3.147015e-001 3.031553e-001 
1.709964e+001 1.547065e+001 -6.707802e+000 3.832020e+000 2.033017e+000 3.025774e+000 -4.323751e+000 2.791166e-001 -4.832661e-001 -3.181969e+000 8.533533e-002 -8.606242e-001 -1.584594e+000 -1.121552e+000 2.302549e-001 5.175506e-001 1.658521e-001 -2.837998e-002 7.438393e-001 4.918566e-001 4.404133e-001 3.968572e-002 -2.569851e-001 3.493517e-001 
1.716828e+001 1.470270e+001 -6.965107e+000 4.939011e+000 2.263978e+000 3.591892e+000 -4.302661e+000 -1.188445e+000 7.978411e-002 -3.521362e+000 5.806875e-001 -9.183804e-001 -2.208465e+000 -8.460172e-001 1.009848e-001 6.373341e-001 2.957305e-001 -3.967414e-002 3.708442e-001 6.555318e-001 5.584796e-001 -1.372516e-001 1.951142e-001 -1.614127e-001 
1.894665e+001 1.363978e+001 -6.638889e+000 4.652179e+000 2.400344e+000 4.082472e+000 -3.964726e+000 -1.478168e+000 -2.315524e-001 -3.909597e+000 1.286701e-002 -6.625362e-001 -1.981335e+000 -3.631741e-001 5.656046e-001 2.893016e-001 -5.450209e-002 -1.353418e-001 4.294263e-001 7.443702e-001 7.909815e-001 5.841691e-002 -3.492618e-001 -1.688713e-001 
2.016659e+001 1.481854e+001 -6.507979e+000 3.170529e+000 1.499196e+000 3.135286e+000 -4.277256e+000 -1.123437e+000 4.853887e-001 -3.904876e+000 5.290740e-002 -6.210089e-001 -1.942112e+000 -2.955474e-001 7.918709e-001 2.428443e-001 -1.627710e-001 1.583457e-001 3.746882e-001 4.730579e-001 5.466595e-001 5.634154e-003 -5.049576e-001 -1.060237e-001 
1.885132e+001 1.560648e+001 -4.748373e+000 7.931797e-001 9.844472e-001 1.146501e+000 -3.791265e+000 6.670512e-001 4.292505e-001 -3.776536e+000 -7.384116e-001 -2.085208e-001 -1.925944e-001 -3.535514e-003 1.974583e-001 -1.091189e-001 -5.942175e-001 8.661599e-001 9.826560e-001 -3.031280e-001 2.147349e-001 -3.150218e-001 -3.685673e-001 6.438085e-001 
1.571735e+001 1.712501e+001 -4.085465e+000 1.404661e+000 4.749597e-001 8.446827e-001 -3.306426e+000 9.270523e-001 7.824774e-001 -3.671361e+000 -1.624994e+000 -1.102136e-001 -3.436679e-001 -1.295004e-001 8.918707e-001 3.117080e-002 -9.994307e-001 1.721536e-001 4.652927e-001 6.191285e-002 5.619876e-001 -5.080411e-001 -6.406950e-003 6.614631e-001 
9.202615e+000 1.835221e+001 -3.842424e+000 2.818486e+000 1.147284e+000 1.888062e+000 -2.071733e+000 2.612731e-001 1.849494e+000 -2.566263e+000 -1.019695e+000 -2.824526e-001 -4.751303e-001 -4.207540e-001 5.756028e-001 2.833591e-001 -2.086339e+000 -5.800640e-001 7.749006e-001 3.978200e-001 1.057275e+000 -7.967340e-001 -3.328408e-001 3.864759e-001 
5.488273e+000 1.773524e+001 -2.263715e+000 2.232746e+000 2.817298e-001 7.617243e-001 -1.406150e+000 1.960809e+000 2.051307e+000 -3.293227e+000 -8.032938e-001 -4.312810e-001 2.510916e-001 -2.444943e-001 -1.613718e-001 3.735711e-002 -1.555983e+000 -8.233656e-002 5.389513e-001 -3.396886e-002 3.819184e-001 -2.813461e-001 -4.536325e-001 3.919950e-001 
3.900660e+000 1.874785e+001 -4.950760e+000 3.279828e+000 6.003417e-001 1.744669e+000 -2.327872e+000 8.516508e-001 2.132795e+000 -3.919149e+000 2.198008e-001 -1.371333e+000 5.673307e-001 -2.045872e-001 4.556970e-001 -5.349512e-001 -1.464408e+000 8.257081e-001 6.469668e-001 -2.272351e-001 -2.547777e-001 3.368079e-001 -6.416592e-001 4.746540e-001 
4.999808e+000 1.707134e+001 -3.637262e+000 2.529880e+000 3.878484e-001 3.602456e-001 -4.022514e+000 1.481283e+000 2.147781e+000 -1.206716e+000 -5.412753e-001 -6.418539e-001 5.913830e-001 2.361093e-001 -8.753106e-002 -1.130735e+000 -1.782934e+000 -3.029854e-002 1.193885e+000 -1.535192e-001 2.761486e-001 1.553823e-001 4.897206e-002 3.049323e-001 
4.883964e+000 1.660852e+001 -3.956196e+000 1.453141e+000 3.897093e-001 1.202401e+000 -2.133581e+000 3.092816e+000 1.513425e+000 -1.646089e+000 -1.111384e+000 -6.771344e-002 -1.007172e-001 9.359412e-002 -1.553257e-001 -5.425895e-001 -1.214785e+000 -8.536378e-002 1.138861e+000 -7.167664e-001 7.094746e-001 -1.270691e-001 -1.513272e-001 3.428641e-001 
5.870458e+000 1.622651e+001 -4.066718e+000 1.293253e+000 -8.567318e-002 1.922615e+000 -1.786558e+000 3.082121e+000 1.841488e+000 -1.917976e+000 -5.023924e-001 1.229099e-001 -3.339522e-001 -1.283015e-001 -2.834469e-001 -2.831665e-001 -1.570007e+000 -6.272936e-001 8.472980e-001 -5.939320e-001 2.195118e-001 2.029343e-002 3.001937e-001 3.467727e-001 
6.996218e+000 1.555153e+001 -4.053508e+000 3.030624e+000 -1.982447e+000 2.318978e+000 -1.968282e+000 2.446725e+000 1.846367e+000 -1.196843e+000 -8.205144e-001 6.874741e-001 3.973719e-001 -9.277699e-001 -7.673254e-001 -9.400997e-001 -1.438330e+000 -3.196394e-001 1.149644e+000 -1.482015e-001 1.625520e-001 6.729405e-003 3.799583e-001 2.370878e-001 
1.297922e+001 1.608206e+001 -4.215513e+000 2.180760e+000 3.008786e-001 2.137946e+000 -3.324703e+000 -5.910913e-002 7.225614e-001 -2.315161e+000 1.583329e-001 -3.507508e-001 -8.565412e-001 -6.411471e-001 2.130469e-001 -1.088369e-001 -8.156077e-001 9.792802e-002 1.074987e+000 1.817438e-001 1.955352e-001 8.445270e-001 6.334872e-002 1.037655e-001 
1.689455e+001 1.469575e+001 -5.328885e+000 2.729469e+000 2.605662e+000 2.677818e+000 -3.464900e+000 -1.093518e-001 -1.098667e+000 -3.535035e+000 -2.826710e-001 -8.576282e-001 -1.065763e+000 -6.278179e-001 5.101500e-001 7.804894e-001 -2.633572e-001 -3.805151e-001 4.937716e-001 2.174844e-001 4.352822e-001 5.793586e-001 1.314930e-001 8.308206e-001 
1.634699e+001 1.595953e+001 -7.995361e+000 5.581965e+000 1.301505e+000 4.285935e+000 -4.490054e+000 -1.771679e-001 -4.237003e-001 -3.538473e+000 -2.773277e-002 -9.556833e-001 -1.723156e+000 -8.541300e-001 5.658259e-001 4.603801e-001 1.923290e-001 -3.705165e-001 5.186301e-001 5.277646e-001 7.409286e-001 -2.331487e-002 2.367144e-001 -2.689098e-002 
1.928494e+001 1.387245e+001 -6.260135e+000 4.422883e+000 2.401227e+000 3.424417e+000 -4.137376e+000 -1.063873e+000 2.556111e-003 -3.787542e+000 5.865050e-001 -7.946125e-001 -2.107467e+000 -3.656808e-001 2.316951e-001 5.839566e-001 4.058985e-002 -1.822593e-001 3.579919e-001 7.503275e-001 7.357609e-001 -7.441352e-002 1.282241e-002 -2.232816e-001 
