0.10942050000000002 13.682510000000004 -8.514731 0.16198310000000002 -0.03564548 -0.1893745 -0.4586617 -1.4258500000000003 2.8357859999999997 -1.329644 -2.6847959999999995 -0.30808910000000006 -0.21755309999999997 0.6125048 -0.7617624000000001 -1.486886 -0.2503427999999999 -0.3171998 -0.18182919999999997 -1.1655049999999998 -1.001767 -0.46885550000000004 -0.5462937 0.9590084 
-2.0258299999999996 15.72708 -9.024992 0.606777 -1.3810610000000003 0.2777255 -0.6397021 -2.7151570000000005 3.039652 -2.2800170000000004 -0.09388057 -0.7701339000000001 -0.2601391 1.221532 -0.8824394 -0.8750837000000001 -0.2992048 0.35275010000000007 -1.176971 -1.4324080000000001 -0.5749969 -0.9022259999999999 -0.5053172 0.5186514999999999 
-0.12079529999999997 14.799360000000004 -8.647974 -0.5544147 -1.757942 -0.2636808 0.29709690000000005 -1.7553300000000003 2.311 -1.5802370000000001 -2.0059469999999995 0.04231303 -0.01351885 0.3436465000000001 -0.024889290000000005 -0.7875679 -0.6656006 -0.18717969999999998 -0.8627450000000001 -1.6494920000000002 -0.1439416 -0.42792349999999996 -1.026262 0.2776673 
-0.6464038 15.756590000000001 -9.510273 -1.139335 -1.788155 -0.22516350000000002 -0.1235326 -2.302966 1.9286320000000001 -2.4820099999999994 -2.3219099999999995 -0.5005867999999999 -0.5367029 -0.3005627 0.12493200000000002 -0.33730340000000003 -1.133097 -0.8789173999999998 -0.8862506999999998 -1.084207 -0.2795771 -0.6049164 -0.723725 0.3101281 
2.2428449999999995 14.733639999999998 -10.134 -0.5275036000000001 -0.935454 -0.5502615 -1.0152210000000002 -2.133559 1.2669429999999997 -3.037267 -2.860923 -1.026374 -1.26018 -0.32406850000000004 -0.23033949999999997 -0.7412273000000001 -1.170687 -0.8540913999999998 -0.6767029 -1.165798 -0.43582499999999996 -0.4076534 -0.5265728 0.37137410000000004 
6.003342 15.15527 -11.00538 0.23274740000000002 -0.7723702 0.5655462 -3.1063690000000004 -2.815731 1.9335299999999997 -3.0991320000000004 -2.275495 -1.0382040000000001 -1.1645640000000002 -0.4586545000000001 0.2860544 0.07503568 -1.302812 -1.537573 -0.5572992 -1.105955 -1.292461 -0.05747356999999999 -0.22755450000000005 0.11848780000000002 
7.733593 13.035520000000002 -13.15226 2.160001 -0.5570521 2.232987 -2.65148 -2.5456679999999996 2.6763170000000005 -2.932458 -2.011128 -2.152649 -1.598484 -0.9634808 0.4946263000000001 0.3076475 -0.9033268000000001 -1.3774250000000001 -0.6428424 -0.5631377999999999 -1.498327 0.1184938 -0.1954057 -0.1952539 
10.02762 10.69564 -10.93235 1.1554009999999997 0.140289 0.7782787999999999 -3.1684200000000002 -3.0862979999999998 2.204328 -2.527415 -2.5457369999999995 -0.5928177 -1.5174160000000003 -0.6332689 0.4983236999999999 0.6181824000000001 -0.9829727000000001 -2.043713 -0.7222128999999999 -1.025112 -1.272807 0.2099867 -0.09297116 -0.48748410000000003 
10.09518 10.792810000000001 -12.074560000000002 2.202269 -1.252409 1.9738970000000005 -3.3816300000000004 -2.285359 1.816535 -3.003104 -1.9328350000000003 -1.3605800000000001 -1.233417 -1.467233 0.5131042 0.3537994 -0.7141887000000001 -1.3203820000000002 -0.9440641999999999 -0.6023858999999999 -1.41202 0.17469580000000004 -0.6915705 -0.6297134 
12.63073 9.984572 -10.97771 1.902476 -2.1324989999999997 1.4701009999999999 -3.9460869999999995 -2.735702 1.5868020000000003 -2.648939 -1.608347 -1.345207 -1.044736 -1.231816 0.27487599999999995 0.5212158000000001 -0.7158865 -1.5895100000000002 -1.168865 -0.7681468999999999 -1.363308 0.30335 -0.5794747 -0.6085869 
11.567949999999998 11.609579999999998 -13.341679999999998 3.689306000000001 -2.9032580000000006 1.8848909999999999 -3.4741159999999995 -2.4495970000000002 2.02736 -3.0572170000000005 -1.126707 -2.250638 -0.7283438000000001 -1.4519520000000001 0.6008198 0.7527249 -0.44624359999999996 -1.3910649999999998 -1.457124 -0.7702891999999999 -1.545586 0.5448655000000001 -1.005034 -0.23119129999999993 
12.574650000000002 11.231080000000002 -12.753690000000002 2.588714 -2.503808 0.3535784 -3.63288 -3.4490030000000003 1.852511 -2.6826380000000003 -1.406523 -1.073583 -1.4076629999999999 -0.9150535 0.08573427 1.038768 -0.3766059 -2.190186 -1.217555 -1.142447 -1.3453669999999998 0.3518481 -0.6637556 -0.3446593 
11.67212 11.298640000000002 -13.032479999999996 2.5454849999999998 -0.8435538000000002 -0.02569083 -2.2187130000000006 -4.583109999999999 2.122291 -2.410397 -1.9459490000000002 -0.17105060000000002 -2.546358 -0.04921757999999999 -0.21003749999999993 0.6006185 0.185369 -2.4023730000000003 -0.6391917 -1.432868 -1.055295 0.32332390000000005 -1.169906 0.023014530000000002 
15.104110000000002 7.087929000000001 -8.961827999999999 1.085222 0.28665159999999995 0.19284269999999998 -3.0821180000000004 -3.4556569999999995 1.055718 -1.4934840000000003 -1.412317 -0.4720672000000001 -1.6850509999999999 -0.27739050000000004 -0.1280823 0.1668706 -0.20240839999999996 -1.429385 -0.630315 -1.1349029999999998 -0.8752677000000001 -0.01791776 -0.7439951000000001 -0.2205613 
8.734592 8.970916 -6.717899000000001 -0.8228885999999999 -0.9570119000000001 -1.3273840000000001 -2.036236 -0.2268603 1.998659 -0.37240379999999995 -0.7033490999999998 -1.1203579999999997 -1.939195 -0.7335728 -0.6656144 -0.6763548000000001 -0.2933843 -0.45003 -0.6918161 -0.866294 -0.26265809999999995 -0.4273598 -0.4901931 0.5392384 
0.7521644 16.23809 -10.646029999999998 0.6532071 -2.481366 -1.562347 -0.2534246 -1.7180979999999997 4.427148 -2.094256 -0.3044894 -0.35039709999999996 -0.5584663 0.24662160000000005 -1.414712 -0.7474790999999998 -0.5307342 -0.3203951 -0.5496548 -0.7076916999999999 -0.22162290000000004 -1.2951560000000002 -0.37853609999999993 0.1379376 
0.8732274000000001 14.959760000000001 -9.984428 0.41639429999999994 -3.1872280000000006 -1.0596119999999998 -1.5649289999999998 -1.582253 4.226126 -1.42068 -0.3039418 -1.026562 -0.2368261 0.15729459999999998 -0.47633360000000013 -0.7635503999999999 -0.4890842000000001 0.5014466 -0.6163446 -0.7019003 -0.7540011 -0.7127480000000002 -0.293869 0.7929413 
0.7598412999999999 16.88555 -9.988169 0.9166175 -3.278668 -1.4946509999999997 -0.8498298999999998 -2.755264 4.824924 -2.772399 -0.8882925999999999 -1.630485 -1.360654 0.6335729 -1.674002 -0.5717461 -1.295731 0.2668248 -0.4788180999999999 -1.027201 -0.28801569999999993 -1.1581720000000002 0.27625760000000005 -0.026789830000000008 
1.2627249999999999 17.92747 -10.44724 -0.42412930000000004 -2.920206 -1.6052540000000002 -0.8595322000000001 -3.5118429999999994 4.0806189999999996 -2.465302 -2.1970069999999997 -0.44719860000000006 -1.4478170000000001 -0.18684009999999998 -1.057726 -0.6545644 -0.8347724000000001 -1.2149210000000001 0.2738027 -0.8160317 -1.122693 -0.4449597 -0.5468137999999999 -0.2940293 
4.081304 16.66507 -10.72547 -1.0710499999999998 -3.0337749999999994 -0.3053488 -1.786486 -2.8828570000000004 2.978289 -2.210587 -2.228391 -0.8435349 -1.32726 -1.213565 -0.7969388 -0.4807335 -0.9248032999999999 -1.359514 0.186376 -0.5124431 -1.405277 0.06567467 -0.7859515999999999 -0.07608489 
8.560912 13.34473 -11.077150000000001 -0.09029854000000001 -1.6916150000000003 1.348414 -4.157411 -2.618342 2.85018 -1.8140160000000003 -1.7781389999999997 -1.04054 -0.547869 -1.625401 -0.24497419999999998 -0.06617094 -1.3481249999999998 -1.345606 0.26229339999999995 -0.08457421 -1.766565 -0.21265130000000004 -0.8681035 -0.5230404000000001 
7.998562999999999 14.02673 -13.575559999999998 2.01308 -2.461575 1.295127 -3.863463 -2.793734 2.849352 -3.010489 -0.7477001000000001 -1.827997 -0.28756279999999995 -2.141689 0.141526 -0.212153 -1.4572 -1.136056 -0.4931980999999999 0.6112976 -1.9512529999999997 0.29605449999999994 -1.380594 -0.6688104 
10.048900000000001 12.68128 -12.616960000000002 0.8842853 -2.258939 0.493026 -2.8801160000000006 -1.8845349999999998 2.352375 -2.8804690000000006 -1.4974039999999997 -1.4672490000000002 -1.705316 -0.8889161000000001 0.127035 -0.221557 -0.8611774 -1.3618620000000001 -0.6254396 -0.3559494 -1.0616769999999998 -0.1580943 -0.7720643999999999 -0.6450146 
11.92436 10.84093 -11.14466 0.23795680000000002 -2.050872 0.9051603000000001 -2.967578 -2.3727580000000006 2.10919 -2.228417 -2.016656 -1.3277339999999997 -1.45505 -0.8981801000000001 0.09626429000000002 0.20387060000000007 -0.8418478 -1.379448 -0.47086009999999995 -0.7577075999999999 -1.210984 0.051718900000000005 -0.7945102999999999 -0.7457627999999998 
11.57446 11.72155 -13.007310000000002 2.405806 -3.324832999999999 1.514195 -3.898187 -2.424083 1.9306029999999998 -2.691741 -0.9646983999999998 -1.66278 -0.8177035999999999 -1.217809 0.3805717 0.05562475 -0.4489408 -1.201599 -1.150702 -0.6439686 -1.473694 0.05560526999999999 -1.029949 -0.266499 
12.88999 9.97164 -12.414190000000001 1.6373289999999998 -2.126134 0.7578885 -3.4512919999999996 -2.402552 1.555807 -2.337183 -0.9634175999999999 -1.298404 -1.5181679999999997 -1.287292 -0.1831323 0.19472620000000002 -0.5249983 -1.024881 -0.9749999000000001 -0.8268052 -0.9990715000000001 -0.2742919 -0.9995778 -0.24388230000000005 
10.72722 13.40293 -14.545870000000004 3.939539 -2.307841 0.4256617 -3.0445999999999995 -4.42368 2.1053910000000005 -2.616903 -0.6979078999999999 -0.47416059999999993 -1.954371 -0.5820401 -0.47454319999999994 -0.1257321 -0.04906739999999999 -1.7576269999999998 -0.44594220000000007 -0.9905432000000001 -0.8507587 -0.05949933000000001 -1.6654110000000002 -0.19293359999999998 
