-6.838275e+000 6.169894e+000 -3.526609e+000 9.106338e-001 -4.688501e-001 1.009187e+000 -4.208362e-001 3.630944e-001 7.159044e-001 -2.378120e-001 -6.524703e-001 -4.169931e-001 
-6.884621e+000 7.953963e+000 -2.112575e+000 2.068524e+000 1.051179e+000 3.788565e-001 -2.106491e-001 5.306629e-001 7.487302e-001 -7.205807e-001 -8.377036e-001 -5.524952e-001 
1.397255e+000 1.405788e+001 4.510581e-001 2.511290e-001 5.588115e-001 1.836616e-001 -5.825351e-001 1.451168e-001 4.024523e-001 -8.824264e-001 -1.029529e+000 -5.815730e-001 
8.387922e+000 1.467447e+001 -1.840386e+000 -6.902674e-001 4.629503e-001 -2.736887e-001 -1.375283e+000 -1.714865e-001 1.124914e-001 -1.109844e+000 -8.864076e-001 -6.788827e-001 
1.116179e+001 1.452914e+001 -1.474449e+000 -1.047524e+000 2.771432e-001 -9.472576e-001 -2.006236e+000 -1.035893e+000 -2.702757e-001 -7.383309e-001 -8.996168e-001 -6.226763e-001 
1.340190e+001 1.416583e+001 -1.893689e+000 -5.791504e-001 -6.868584e-001 -9.883127e-001 -1.754369e+000 -1.905036e+000 -5.543268e-001 -1.901553e-001 -1.025992e+000 -9.452537e-001 
1.262935e+001 1.553994e+001 -3.687205e+000 8.147927e-001 -2.129232e+000 -2.667716e-001 -2.528872e+000 -1.000844e+000 -1.102689e+000 -1.614251e-001 -1.041592e+000 -7.229019e-001 
1.271937e+001 1.538320e+001 -3.678323e+000 1.501298e+000 -2.167258e+000 -4.115268e-001 -2.754531e+000 -4.644926e-001 -3.028236e-001 -8.509121e-001 -7.464669e-001 -3.152860e-001 
1.416784e+001 1.367654e+001 -3.209567e+000 6.129085e-003 -6.618646e-001 -8.571398e-001 -1.693618e+000 -5.765879e-001 2.335584e-001 -8.008003e-001 -5.412734e-001 -7.704259e-001 
1.423678e+001 1.333940e+001 -3.427177e+000 -3.593460e-001 -7.138807e-001 -7.532958e-001 -9.220231e-001 1.322353e-001 4.151966e-003 -8.454971e-001 -3.371889e-001 -6.787696e-001 
1.415429e+001 1.326207e+001 -3.767483e+000 -1.826570e-001 -1.225187e+000 -2.757824e-001 -8.472848e-001 2.028685e-001 4.142930e-001 -9.277181e-001 -3.416091e-001 -3.643427e-001 
1.408220e+001 1.202685e+001 -2.334845e+000 3.205862e-002 -9.767696e-002 -9.720037e-001 -1.241604e+000 1.432271e-001 7.354762e-001 -3.703615e-001 -3.219164e-001 -5.624550e-001 
1.261657e+001 1.410167e+001 -4.241922e+000 1.747903e+000 -8.296077e-001 -8.970232e-001 -1.357675e+000 1.572065e+000 6.947531e-001 -4.305913e-002 -2.829795e-001 -1.544391e+000 
1.414212e+001 1.233149e+001 -2.651124e+000 9.085033e-001 -5.536334e-001 -1.881315e+000 -7.000784e-001 1.725811e+000 6.358758e-001 -2.725566e-001 -2.992548e-001 -1.769407e+000 
1.340096e+001 1.296133e+001 -3.289655e+000 2.431631e+000 -1.436421e+000 -1.005930e+000 -1.592801e+000 2.498714e+000 1.151051e-001 2.880787e-001 -3.869856e-001 -1.680499e+000 
1.321063e+001 1.299410e+001 -3.006300e+000 2.931178e+000 -1.490738e+000 -5.824838e-001 -2.119019e+000 2.472101e+000 -1.962641e-001 3.870728e-001 -9.508252e-002 -1.010778e+000 
1.315994e+001 1.308394e+001 -2.230177e+000 1.550141e+000 -1.362519e+000 -1.067742e+000 -1.570004e+000 1.931398e+000 9.536184e-001 4.283282e-001 -4.828116e-001 -5.044542e-001 
1.189045e+001 1.246268e+001 -1.868033e+000 1.859474e+000 3.275066e-001 -7.242989e-001 -1.840387e+000 1.077477e+000 8.868481e-001 1.480047e-001 -1.489283e-001 6.100265e-002 
9.949004e-001 1.068111e+001 -7.874281e-001 1.401298e+000 7.063534e-001 -2.076275e-001 -1.392362e+000 8.920145e-002 6.907137e-001 -2.256770e-001 2.432026e-001 2.448429e-001 
-7.570073e+000 6.205793e+000 -3.343497e+000 1.017564e+000 -1.635098e-001 2.598403e-003 -4.270353e-001 4.658519e-001 8.053691e-001 -7.635877e-001 -1.083383e+000 -5.109267e-001 
-2.069407e+000 1.237397e+001 1.069914e+000 8.314011e-001 7.362582e-001 2.689740e-001 -1.712007e-001 2.046142e-001 2.921166e-001 -7.329404e-001 -9.413663e-001 -5.734151e-001 
5.183874e+000 1.603747e+001 -2.577079e+000 7.378288e-001 -6.467955e-002 3.521265e-001 -1.586805e+000 2.064444e-002 3.988353e-001 -1.093095e+000 -7.638203e-001 -6.619927e-001 
9.951662e+000 1.488882e+001 -2.155676e+000 -8.289326e-001 1.936545e-001 -7.570655e-001 -1.755915e+000 -7.666978e-001 -2.178640e-001 -9.086485e-001 -8.171806e-001 -7.223719e-001 
1.304548e+001 1.347671e+001 -1.224276e+000 -1.227343e+000 -2.523936e-001 -1.020393e+000 -1.942817e+000 -1.672356e+000 -4.330282e-001 -4.950693e-001 -1.094204e+000 -7.309203e-001 
1.375177e+001 1.400825e+001 -2.196869e+000 -6.556165e-001 -1.016584e+000 -1.094323e+000 -1.711963e+000 -1.778690e+000 -7.804488e-001 -3.286417e-001 -9.673837e-001 -9.347746e-001 
1.388848e+001 1.362807e+001 -1.844624e+000 -1.466405e-001 -9.427789e-001 -1.331101e+000 -1.885597e+000 -1.063604e+000 -3.824809e-001 -8.951798e-001 -4.730482e-001 -5.587254e-001 
1.402473e+001 1.368994e+001 -2.885389e+000 3.752658e-001 -8.895121e-001 -1.189683e+000 -1.947807e+000 -6.907380e-001 2.430695e-001 -9.800090e-001 -5.792757e-001 -5.964867e-001 
1.308898e+001 1.455704e+001 -4.111842e+000 3.949361e-001 -1.359150e+000 -3.477358e-001 -1.270347e+000 5.431523e-001 -4.128772e-001 -7.424083e-001 -4.295481e-001 -5.792747e-001 
1.309202e+001 1.412118e+001 -4.375056e+000 3.379148e-001 -1.645815e+000 1.298663e-002 -1.175429e+000 4.914465e-001 1.339550e-001 -7.461221e-001 -4.826872e-001 -3.186029e-001 
1.301516e+001 1.352549e+001 -3.803613e+000 1.042491e+000 -1.224931e+000 -3.699321e-001 -1.348714e+000 3.531894e-001 5.321134e-001 -6.411897e-001 -1.625597e-001 -3.958499e-001 
1.285297e+001 1.329118e+001 -3.433861e+000 1.322699e+000 -3.399416e-001 -1.028893e+000 -1.309017e+000 1.189510e+000 8.555810e-001 -2.448188e-001 -1.826441e-001 -1.224220e+000 
1.417348e+001 1.196725e+001 -2.391252e+000 6.880506e-001 -3.148295e-001 -2.015137e+000 -7.011256e-001 1.606821e+000 9.356730e-001 -2.669204e-001 -4.475081e-001 -1.803287e+000 
1.352939e+001 1.277007e+001 -3.200912e+000 1.758785e+000 -1.003448e+000 -1.430356e+000 -1.225086e+000 2.355370e+000 2.697757e-001 4.616619e-003 -2.250070e-001 -1.857944e+000 
1.433555e+001 1.111256e+001 -1.385439e+000 1.476714e+000 -2.623809e-001 -1.617687e+000 -1.106474e+000 1.676115e+000 4.048536e-001 8.389060e-003 7.720729e-002 -1.258825e+000 
1.298553e+001 1.296996e+001 -2.118830e+000 2.111080e+000 -1.524473e+000 -1.387597e+000 -1.117324e+000 1.956788e+000 5.678736e-001 3.285570e-001 -9.563319e-002 -9.888745e-001 
