5.221379e+000 9.448500e+000 -4.499543e+000 2.326207e+000 -2.291025e+000 7.828212e-001 -2.218674e+000 7.483578e-001 9.897155e-001 6.939221e-001 -1.152013e-001 1.588202e-002 
5.538118e+000 9.294380e+000 -4.132515e+000 1.619480e+000 -2.246146e+000 3.411551e-001 -2.363417e+000 9.104220e-001 1.413450e+000 7.056581e-001 -1.836089e-002 -1.449438e-001 
4.735829e+000 9.948596e+000 -4.476498e+000 1.579586e+000 -2.382442e+000 2.448046e-001 -2.292242e+000 9.630590e-001 1.194745e+000 9.700836e-001 -1.842967e-001 -1.449299e-002 
4.253727e+000 1.002567e+001 -3.333052e+000 9.256397e-001 -1.842400e+000 -6.543464e-001 -2.038409e+000 5.483722e-001 1.569896e+000 3.701941e-001 -3.656810e-001 8.466514e-002 
3.537611e+000 1.076809e+001 -3.706157e+000 1.274667e+000 -2.122455e+000 -3.008867e-001 -2.474353e+000 6.111174e-001 1.695519e+000 1.421675e-001 -4.079026e-001 3.014884e-001 
4.266935e+000 1.079191e+001 -5.011019e+000 9.892456e-001 -1.988475e+000 -6.738794e-001 -2.144666e+000 8.104084e-001 1.538889e+000 -1.091465e-001 1.004131e-001 -2.460564e-001 
9.492430e+000 1.376458e+001 -8.313172e+000 5.937537e-001 -8.569172e-001 -1.507741e+000 -9.776959e-001 5.564139e-001 1.115805e+000 -1.466146e+000 -3.412514e-001 -2.796572e-001 
1.456202e+001 1.245905e+001 -8.198430e+000 1.213006e+000 -2.611511e+000 -6.398108e-001 -1.342009e+000 3.958524e-001 9.880409e-002 -1.420767e+000 -1.137799e+000 -3.926258e-002 
1.557224e+001 1.046963e+001 -8.814513e+000 1.709774e-001 -3.012126e+000 -7.189926e-001 -9.408141e-001 4.549203e-001 6.405752e-001 -1.661660e+000 -5.069861e-001 4.182333e-003 
1.624503e+001 1.018008e+001 -9.430886e+000 4.226052e-001 -3.251285e+000 -3.560952e-001 -1.426941e+000 -2.836392e-002 1.204674e+000 -1.448258e+000 -2.290021e-001 -1.758902e-001 
1.588135e+001 1.112970e+001 -9.775583e+000 1.272014e+000 -2.201205e+000 -2.139070e-001 -1.261636e+000 -3.178987e-001 2.139544e+000 -1.267326e+000 6.236127e-002 8.529182e-002 
1.493104e+001 1.117265e+001 -1.062913e+001 1.349197e+000 -3.255539e+000 1.923191e-001 -2.320026e+000 -9.200829e-002 1.062089e+000 -1.029506e+000 -3.143437e-001 1.649836e-001 
1.557760e+001 9.550891e+000 -9.452357e+000 3.106855e-001 -2.563992e+000 -9.025580e-001 -1.648801e+000 -1.278942e+000 1.258538e+000 -1.625304e+000 3.464620e-001 -9.342236e-002 
1.605167e+001 1.004996e+001 -9.618455e+000 1.059990e+000 -2.705680e+000 -5.432507e-001 -1.340253e+000 -1.277407e+000 1.492465e+000 -1.901820e+000 6.352045e-001 -1.674508e-001 
1.606284e+001 9.512859e+000 -9.750582e+000 5.396114e-001 -2.398301e+000 -7.158006e-001 -1.131667e+000 -1.384430e+000 1.202417e+000 -1.278600e+000 3.714571e-001 -1.270498e-001 
1.679434e+001 7.740660e+000 -9.200232e+000 -9.475844e-001 -1.985720e+000 -1.196821e+000 -1.567679e+000 -1.218120e+000 7.812445e-001 -1.202589e+000 8.976146e-002 -1.539599e-001 
1.719301e+001 8.564301e+000 -8.814589e+000 -7.593311e-002 -2.392549e+000 -4.232468e-001 -1.478191e+000 -1.249401e+000 1.172318e+000 -1.671686e+000 1.928824e-001 -1.409927e-001 
1.746612e+001 7.676950e+000 -8.267169e+000 -6.749468e-001 -1.988717e+000 -6.394385e-001 -1.240552e+000 -1.068234e+000 1.017347e+000 -1.193110e+000 -1.571260e-001 1.075064e-001 
7.701099e+000 6.376444e+000 -6.288578e+000 -1.185874e+000 -1.533337e+000 -8.097312e-001 -1.788392e+000 -7.740896e-001 8.096154e-001 -5.339656e-001 -2.436536e-001 1.076591e-001 
5.097362e+000 8.503252e+000 -5.717454e+000 1.683087e+000 -2.136855e+000 4.651178e-002 -3.015928e+000 5.695195e-001 1.719156e+000 2.681734e-001 -6.432268e-001 1.862260e-002 
4.401315e+000 8.168917e+000 -5.502113e+000 1.480102e+000 -1.335382e+000 -3.571913e-001 -2.883659e+000 -4.037676e-002 1.349921e+000 1.761680e-001 -5.537680e-001 2.219502e-001 
3.417884e+000 9.062193e+000 -5.505923e+000 1.545183e+000 -1.112628e+000 -6.916171e-003 -2.835492e+000 3.637855e-001 1.166990e+000 1.332191e-001 -5.083051e-001 6.739226e-001 
3.641726e+000 9.966077e+000 -5.156646e+000 1.848398e+000 -8.788713e-001 -2.206025e-001 -2.550917e+000 4.041023e-001 1.032122e+000 -2.708726e-001 -2.407397e-001 5.189940e-001 
4.617388e+000 8.997164e+000 -3.881922e+000 1.056788e+000 -2.616916e-001 -7.143267e-001 -2.129520e+000 -1.413242e-001 1.193938e+000 -3.407966e-001 -1.736193e-001 -7.055945e-002 
7.986069e+000 1.187794e+001 -5.349648e+000 -1.997563e-001 1.457875e-001 -9.220792e-001 -8.558812e-001 9.092379e-001 1.138562e+000 -7.676355e-001 -3.941650e-001 -2.668301e-001 
1.409187e+001 1.145439e+001 -6.874311e+000 -3.184141e-001 -1.061017e+000 -1.790312e+000 -1.082853e+000 -2.855757e-001 4.232056e-001 -1.616250e+000 -9.919901e-001 -2.518762e-001 
1.567113e+001 8.985977e+000 -7.152837e+000 -1.317088e+000 -2.076896e+000 -1.907619e+000 -6.983424e-001 -1.967536e-001 1.205836e-001 -1.699140e+000 -9.921466e-001 -1.076073e-001 
1.602340e+001 1.054550e+001 -8.582918e+000 7.629368e-001 -2.808223e+000 8.215974e-002 -1.093319e+000 4.854267e-001 8.170996e-001 -1.345967e+000 -6.537905e-001 1.900747e-002 
1.556825e+001 1.025678e+001 -9.038709e+000 5.456621e-001 -2.282664e+000 -4.080692e-001 -1.164069e+000 -4.599729e-001 2.000446e+000 -1.314194e+000 -5.235859e-002 -6.683315e-002 
1.467992e+001 9.756569e+000 -9.899574e+000 7.319213e-002 -2.689197e+000 -8.964716e-001 -1.857742e+000 -6.052558e-001 1.441954e+000 -1.267619e+000 -1.157919e-001 5.435816e-002 
1.604281e+001 9.846621e+000 -8.214884e+000 1.394220e-001 -1.900640e+000 -5.403327e-001 -1.024215e+000 -6.865409e-001 1.497317e+000 -1.147241e+000 -3.332099e-002 8.022820e-002 
1.574166e+001 1.038991e+001 -9.142472e+000 1.237171e+000 -2.553252e+000 1.563844e-002 -1.016571e+000 -8.511210e-001 1.804555e+000 -1.541208e+000 4.657618e-001 -1.515212e-001 
1.436557e+001 1.112184e+001 -1.119025e+001 1.498112e+000 -3.538616e+000 -5.243534e-001 -1.478530e+000 -1.817513e+000 1.698138e+000 -2.103302e+000 6.327781e-001 -5.265894e-001 
1.502510e+001 1.070439e+001 -1.049328e+001 1.197609e+000 -2.990579e+000 -6.788683e-001 -1.517678e+000 -1.305845e+000 1.409035e+000 -1.689528e+000 3.958981e-001 -3.740031e-001 
1.689695e+001 8.960034e+000 -7.597215e+000 -2.308313e-001 -1.650929e+000 -4.888283e-001 -1.030851e+000 -8.977333e-001 1.121262e+000 -1.000338e+000 1.321390e-001 3.824286e-002 
