8.377081000000002 11.8174 -12.177409999999998 3.319343 -5.823697000000001 -4.497027 -1.6199639999999997 -1.3738720000000002 2.5940240000000006 -0.056004139999999994 -4.824793 -3.0752130000000006 -1.9940269999999995 -2.3741279999999993 -0.6016956000000001 -1.8661379999999999 0.21123160000000002 0.6834448000000001 0.5874701 1.203348 -0.8923791999999999 -1.076852 -0.22905740000000002 0.07096732 -0.2167146 -0.1183818 -0.14722729999999998 -1.095346 -1.2457720000000003 -0.5859187 0.028140930000000005 -0.19736470000000003 -0.007407662000000001 0.3176931 -0.21248749999999997 0.02704144 
9.725283 9.528579 -14.285759999999998 4.145136999999999 -6.602398999999999 -1.734928 -2.019988 -2.830076 3.2705230000000003 0.1282232 -4.032043000000001 -3.1294110000000006 -1.5356000000000003 -1.7864280000000003 -0.45707420000000004 -1.069306 0.2164618 0.7659897999999999 1.091799 0.6283577 -0.7950584000000002 -0.7993183000000001 0.34833010000000003 0.6595475999999999 -0.3362224 -0.7687296999999998 -0.6903669 0.11265100000000003 -1.151385 -0.7187283 -0.02026039 -0.4280502 0.651789 -0.026464370000000008 -0.2229177 -0.6314398 
8.996933999999998 10.968329999999998 -11.186819999999999 3.695404 -4.025579 -2.772169 -2.7069730000000005 -1.949861 1.7481709999999997 0.8527360999999998 -4.149261 -3.0270769999999994 -2.028286 -3.0115529999999997 -0.07783051 -1.029458 0.7682554 1.011201 0.21564509999999998 0.5781964 -0.7743022 -0.5916766 0.5272975999999999 0.4176149000000001 0.38221779999999994 -0.05073387000000001 -0.24531670000000003 -1.0302620000000002 -1.301056 -0.2284191 0.11170559999999999 0.21876190000000004 0.3573442 0.309515 -0.7295724000000001 -0.10668140000000001 
6.277186 14.010220000000002 -12.333839999999999 3.3083470000000004 -3.6616530000000003 -0.3319971 -3.057724 -0.8593902 0.8941321999999998 1.147594 -3.537146 -3.712774 -1.235539 -2.9855720000000003 1.025529 -1.554443 1.7143320000000002 1.278652 0.5446624 0.6510923000000001 -1.068544 -1.038354 0.41988890000000006 0.1295636 -0.3057519 -0.1815101 -0.7499533 -0.6882123 -1.280748 -0.35819180000000006 -0.1349389 0.21543549999999995 0.13861180000000003 -0.026501080000000003 -0.2072394 0.2672629 
2.56319 14.07248 -12.816820000000003 -0.006275884000000001 -3.7922760000000006 -1.807565 -2.5667900000000006 -3.400734 -0.48415730000000007 0.8152204000000001 -3.6685729999999994 -2.766439 -0.7027191999999999 -1.199711 0.7039124 -0.9991884999999999 1.058529 1.19506 0.21811080000000002 0.6267431 0.1719648 -0.3613749 0.6652063 0.032917560000000005 -0.3185615 -0.23112709999999997 -0.1339991 -0.3910186 -1.255769 -0.8930102 -0.3319002 -0.26368830000000004 0.17772 -0.3988425 -0.9356404000000003 0.1485798 
2.8278880000000006 14.988249999999997 -14.196889999999998 -2.9540429999999995 -5.361569000000001 -1.3217099999999997 -0.9992615000000001 -2.859251 -0.09331551000000002 0.7534868 -4.182482 -1.5112559999999997 -0.4465728000000001 -2.548829 0.42530480000000004 0.3806379 1.11194 1.8241239999999999 0.9847769 0.7946606999999999 0.8317926 1.182787 2.0367600000000006 0.6068704 0.4860066 -0.018815639999999998 -0.3911757 -0.2966152 -0.18664710000000004 -0.7248256 -0.01868784 0.16934380000000002 0.8173022000000001 0.5252672 -0.35386199999999995 0.3175728 
2.519012 13.852559999999999 -15.701030000000001 -3.9770010000000005 -4.5261190000000004 -0.8716599 -1.241547 -3.492746 -1.057876 -0.6861043999999998 -3.0443290000000003 -1.502084 -1.608525 -1.3846240000000003 -0.5499695 -1.0732169999999999 1.892099 1.360194 0.9237902 0.8947442 0.3944257 1.164912 1.3700670000000001 0.6393551999999999 -0.26020740000000003 -0.823893 -0.2737114 -0.6797759 -1.064817 -0.3110019 -0.1721968 0.05709217 0.5942713 0.018339899999999996 -0.13704380000000002 0.5087669 
9.489739 14.318259999999999 -16.14062 -5.408622 -4.454615 -2.648577 -1.3484230000000001 -3.4801709999999995 0.30694249999999995 -0.1295703 -3.7428169999999996 -1.9811340000000004 -0.9590883000000001 -1.162783 -1.3020309999999997 -1.232832 1.1778700000000002 1.271548 0.1561676 0.2506381 0.139637 0.6011438 1.315645 0.40364209999999995 -0.4788412000000001 -0.5169077 0.7066213 0.7305495999999999 -0.3816807 -0.23457860000000003 -0.12587229999999996 -0.08016993 0.14259979999999997 -0.01519938 0.24963280000000004 0.36837069999999994 
18.4768 13.230950000000004 -16.89148 -1.471673 -3.136768 -2.55329 1.266999 -0.8783098000000001 0.6502772 -0.7974449000000001 -3.665336 -0.9777760000000002 -0.1288286 -0.5001726 -1.261878 -1.6808030000000005 1.088527 1.9141030000000003 1.218208 0.5823365000000001 0.7591824999999999 1.0563400000000003 1.3415920000000001 0.7529513999999999 -0.21889200000000003 0.3920222 0.6416941 0.1360353 -0.1968615 -0.6084245 -0.5912506 0.04974639 0.2794584 0.612949 1.2313349999999998 0.8621606 
16.10316 12.805499999999999 -18.0281 -1.630248 -4.582892999999999 -1.9432150000000001 2.204864 0.7961202 -0.7267852 -2.460835 -3.4098280000000005 -0.769229 -0.8385914999999999 -1.223317 0.1822973 -0.6957926 0.3172888 2.630611 1.4201300000000001 0.7937434000000001 1.7943719999999996 0.6710726 1.666383 1.5479459999999998 0.4725771 0.7099339000000001 0.5665515 -0.2421795 0.10064359999999997 -0.08597639 -0.4777043 0.14911849999999996 0.04656413999999999 1.139413 1.8079219999999998 0.9378548999999998 
15.55834 9.626008999999998 -18.050260000000005 -5.388754 -4.667298 -1.312171 1.7091720000000001 0.30259949999999997 1.028976 -2.347123 -1.414652 0.34557990000000005 -0.9514438 0.5534279 0.6304059999999999 -0.7550410000000001 1.173629 1.909454 1.2647759999999997 1.840479 1.341308 1.2899080000000003 1.8215870000000005 0.9745287000000002 0.34218869999999996 -0.1568109 -0.2682513 -0.3117878 -0.8272491999999999 -0.6790668000000001 -0.2754044 -0.049303429999999995 0.28429599999999994 0.7804927 1.365439 1.25476 
12.307590000000001 12.692409999999999 -21.4665 -2.55207 -6.336765999999999 1.3899930000000003 1.7173809999999998 0.3516781 0.9379397999999999 -3.2408159999999997 -1.592805 -1.5008079999999997 -0.6880819000000001 -0.33193500000000004 0.8187667999999999 -0.6461199 0.7610929 1.7272049999999999 1.9573350000000003 2.180218 0.8120138 1.773792 1.191698 -0.005998922 0.1042147 -0.2608166 -0.0202589 -0.2311672 -1.258552 -0.7556702 -0.1042592 -0.08532538 0.7319892 0.6835532999999999 1.300599 1.234484 
15.817549999999999 10.07081 -16.38903 -4.790292 -3.3951929999999995 -0.01995519 2.515292 0.366269 -0.24205800000000005 -2.8377459999999997 -2.642146 -1.177535 -0.5368674000000001 -0.09700489 -0.00855177 0.1363086 0.9225846000000002 1.9847560000000004 1.9779920000000002 1.007369 1.02492 2.032859 1.3453300000000001 -0.19860579999999997 -0.1397254 0.2876516 0.204933 -0.8085147 -1.518453 -0.5606638 0.3227722 0.297495 0.3115906 0.3304812 0.49708799999999986 0.7566869 
12.814009999999998 14.603710000000003 -19.579890000000002 -1.985037 -5.027392 1.033476 1.5468829999999998 0.5820651 -0.3715256 -3.2555030000000005 -1.8487899999999997 -0.8061482 0.6165001 0.11406269999999999 -0.09250079 -0.02075373 1.641567 1.5121389999999997 1.7513570000000003 1.257144 1.418557 2.795562 1.378559 -0.2249614 0.43350210000000006 0.3460480000000001 -0.11414179999999999 -0.5861442 -1.547321 -0.3435818 0.2791864 0.553931 0.5028463 -0.00868662 0.5652638 0.5055305 
15.26648 12.167289999999998 -16.92117 -5.540370000000001 -3.5544620000000005 -1.27853 1.3308610000000003 -0.12216019999999997 -0.09194829000000002 -1.9459079999999997 -2.243114 -1.149447 -0.28746 -0.14814229999999998 -1.8641280000000005 -0.7926931 1.8780789999999998 1.3838030000000001 1.5764840000000002 1.331507 1.221888 2.987952 1.5353790000000003 -0.2531189999999999 0.24252270000000004 -0.2181442 -0.4371776 -1.356681 -1.933866 -0.6144977000000001 0.38859360000000004 1.167895 0.7303743000000001 0.16861940000000003 0.719395 0.5361305 
14.565470000000001 13.400949999999998 -18.007409999999997 -3.814048 -3.939784 -1.5600749999999999 1.059417 -0.24449239999999997 -0.08454510000000001 -1.769411 -1.5166009999999999 -0.45970809999999995 0.5465035 0.35201370000000004 -1.7001089999999999 -0.5787638 1.9466319999999997 1.2847170000000003 1.768065 1.631487 1.341869 3.514098 2.0006799999999996 -0.45926590000000006 0.2030414 -0.1959942 -0.44955899999999993 -1.197055 -2.001457 -0.4791208 0.9901568000000001 1.1547540000000003 0.7199888999999999 0.17494159999999997 0.11232980000000001 0.6183565 
14.030230000000001 15.079719999999998 -19.52734 -2.58018 -5.879863 -1.579021 0.8073861000000002 -0.8394899999999998 0.1317653 -1.7981250000000002 -1.8409639999999998 -1.1421849999999998 0.7078258000000001 -0.3356601000000001 -1.993876 -1.077286 1.54214 1.370813 1.277236 1.2053010000000002 1.3846550000000002 3.1684489999999994 1.766204 -0.3084535 -0.1470887 -0.14415369999999997 -0.3321268 -1.489369 -1.965816 -0.7445436 0.7172188000000002 1.28162 0.6491877 0.04134229 0.38991290000000006 0.5490767 
12.64781 16.11394 -21.653690000000005 -1.7199779999999998 -7.405521 -1.566325 1.13255 -1.615867 0.6589516 -2.03068 -1.3948719999999997 -2.02267 0.9983377999999999 -0.11406399999999997 -1.475337 -1.0793920000000001 1.725977 2.7930950000000005 1.7578619999999998 1.6792960000000003 2.158821 4.01444 2.504578 0.6510363999999998 0.3995540000000001 0.33364819999999995 0.40899680000000005 -1.41681 -1.230408 -0.3577906 0.9163110999999999 2.024468 0.9504127000000001 0.45917040000000003 0.7978332999999999 0.41279630000000006 
14.00976 14.44386 -19.65988 -2.880846 -7.003228 -1.6197549999999998 0.8852826 -1.5472490000000003 0.22610320000000003 -1.390657 -1.903478 -1.4685450000000002 0.9013219 -0.3852007 -1.945155 -1.612762 1.3539449999999997 2.250397 0.6110972 0.7436501 1.3688590000000003 2.9887219999999997 2.053474 -0.25853869999999995 -0.46559220000000007 0.058265269999999994 -0.27734110000000006 -1.9943410000000001 -2.043955 -0.8093658999999997 0.7303631 1.248318 0.22466000000000003 0.016702689999999996 0.5645583 0.5374548 
18.68357 11.979370000000001 -13.5386 -4.952723 -3.524251 -0.8691189999999998 1.7601239999999998 -1.4055739999999999 0.9067198000000001 0.5121714 -1.9336780000000002 -0.34663399999999994 0.8684174000000001 0.17191179999999998 -1.6056449999999995 -2.0384050000000005 0.6502764 1.3229869999999997 -0.02945534 -0.07895878 0.6447354 1.892415 1.5286550000000003 -0.22969869999999998 -0.1532247 0.2564198 -0.3169293 -1.194844 -1.3376719999999998 -0.5195609 0.48331569999999996 0.9722418 0.4033471 -0.09457638999999998 0.3217170999999999 0.3891578 
15.054429999999998 11.29175 -10.60433 0.1576438 -3.825239 -3.071142 0.23695019999999994 -1.872482 2.2672190000000003 0.18609640000000002 -3.42766 -0.8343245 -0.8909570999999998 -1.241888 -0.7978864999999999 -1.429962 0.8824961 1.457896 0.4438157 0.7050229999999998 -0.3660367 -0.5295709999999999 0.46426230000000007 0.5177654 -0.08305826 -0.03582532 0.5085164 -0.7165821 -1.1671320000000003 -0.1183204 0.1534804 5.899949E-5 0.43703020000000004 0.5922834999999999 -0.1427838 -0.2604735 
7.469875000000001 12.235870000000002 -14.898840000000003 4.872777 -6.701838000000001 -1.482069 -1.9704110000000001 -1.6512030000000002 2.6658399999999998 -0.42454709999999996 -3.92455 -3.272309 -1.445219 -2.229654 0.5637351 -1.4520719999999998 0.9280907999999999 0.7281972999999999 1.7676859999999999 1.1815429999999998 -0.3096698 -0.5205681000000001 0.1574942 0.6561043 -0.6358622 -0.5247581 -0.5826148 -0.11918229999999999 -1.3102289999999999 -0.6818080000000001 0.34578359999999997 0.1567782 0.927054 0.0791521 -0.3218771999999999 -0.4560857 
7.729688000000001 11.113029999999998 -13.95604 5.941128 -6.747579000000001 -1.0055180000000001 -2.6938649999999997 -1.3427989999999999 2.533683 0.9161088 -4.562788 -3.231092 -1.525219 -2.549153 0.21522909999999998 -1.1742539999999997 1.205665 0.4374037 1.017184 0.36378900000000003 -0.6070409 -1.103174 0.33223469999999994 0.3610718 0.1342594 0.22068170000000004 -0.08775215000000001 0.036778609999999996 -1.261227 0.1009905 -0.1595253 0.1940714 0.203951 0.4067619000000001 -0.8335166999999999 -0.5491783 
7.57674 11.69421 -12.929689999999997 3.107899 -4.782296 -1.508318 -2.7952030000000003 -0.6062656 3.236618 2.8936269999999995 -2.303647 -1.8061159999999998 -0.6725471 -2.50278 0.6394545000000001 -1.968097 -0.03434816000000001 0.1325335 -0.2903243 0.05987370999999998 -1.4901479999999998 -0.794451 0.5325473 0.09596044000000001 0.07351033 0.17983100000000002 -0.08954456 -0.6757044 -0.8944010999999998 0.0012256360000000002 -0.4190521 0.019993060000000003 0.2276947 0.1364417 -0.3801163 0.02904999 
3.7525000000000004 12.011700000000001 -13.956720000000002 3.0527909999999996 -3.695401 -0.18914420000000004 -2.2056 -2.235459 0.8544454000000001 1.6133570000000002 -3.396417 -2.303519 -0.3426072 -1.6647409999999998 1.3439759999999998 -1.8111929999999998 0.854959 0.3069179 -0.5156234 0.551236 -0.4985732 -0.9756546000000001 0.1312538 -0.07096023 -0.4160173 -0.41154620000000003 0.07834430000000002 -0.02543709 -1.258024 -0.6893368999999999 -0.09966653999999998 -0.2424644 0.4341016999999999 0.2146702 -0.4735489 0.17624339999999997 
3.494522 13.662319999999998 -13.175119999999996 -1.096559 -5.632415000000001 -1.700267 -1.957651 -2.52099 1.92398 0.6576804000000002 -3.194689 -0.5031207000000001 -0.46311299999999994 -1.3703640000000001 0.5240451999999999 -0.2015057 0.9170029 0.7644598 0.46277299999999993 1.143565 0.2811235 0.534796 1.851967 0.48000560000000003 -0.022090400000000003 -0.1258191 -0.4362716 -0.2518041 -0.7517744999999999 -0.5195575999999998 -0.18039840000000001 0.06737755 0.7485529 0.2403658 -0.8424022999999999 -0.16891729999999996 
2.9879840000000004 13.893150000000002 -16.599050000000002 -3.470129 -5.082223 0.03223855 -0.6961575 -2.442001 0.1691886 0.07518911 -3.6702219999999994 -1.004729 -0.9354338000000001 -1.780659 0.3682615 0.3608323 1.6377000000000002 1.113607 0.922294 0.7095357 0.5590346999999999 1.178591 1.8594709999999997 1.000941 0.3833228000000001 -0.18567430000000001 0.21477870000000004 -0.44817129999999994 -0.800282 -0.5005217000000001 0.3968376 0.4303317 0.6339443 0.1782408 -0.6387515 0.15946400000000002 
4.7226360000000005 14.48097 -16.03778 -4.433621 -5.184651 0.1541321 -1.2822259999999999 -3.9360679999999997 1.000072 -0.2814144 -3.228195 -1.0517389999999998 -1.1623470000000002 -1.516096 -1.144418 -0.6650555000000001 1.7517239999999998 1.7356420000000001 0.7445491 0.2835686 -0.037226 0.38711919999999994 1.517328 0.5970560000000001 -0.22349890000000003 -0.3777569 0.640254 0.49050530000000003 -0.49280580000000007 0.09291103 0.01151858 -0.34830700000000003 0.21322400000000002 -0.2832988 -0.06575606 0.5364131 
15.68379 13.837729999999997 -17.041439999999998 -2.3518000000000003 -3.3257030000000003 -2.462997 0.607374 -1.544846 0.7514064 -0.1185701 -3.7819080000000005 -2.0848720000000003 -0.6041966 -0.7095954999999999 -1.6571680000000002 -1.640613 1.5241869999999997 1.7664279999999999 0.9863353999999999 0.612551 0.35538349999999996 0.6838429 1.058899 0.465938 -0.6190184 0.1178304 1.244142 1.016395 0.28027889999999994 -0.2862628 -0.4306746000000001 -0.06286962 -0.08544008000000002 0.02273321 0.5891758 0.11123989999999997 
16.78007 12.12366 -18.02589 -1.735438 -3.653026 -2.002143 2.7476519999999995 1.1441479999999997 0.4787397000000001 -1.340845 -3.290074 -0.20822610000000003 -0.10039390000000001 -0.6713965000000001 -0.06341999 -0.941217 0.5985062 2.186983 1.0701409999999998 0.18662629999999997 0.9031151 0.418104 1.270207 0.9421518999999999 0.17745309999999997 0.7512203 0.44396369999999996 -0.4171917 -0.3951343 -0.6214451 -0.9068986 -0.23013860000000003 -0.1382187 0.8844149999999998 1.560511 0.9961260000000001 
13.63135 11.971850000000002 -19.91385 -2.1828229999999995 -4.871549000000001 0.2569858 2.460074 1.4487000000000003 0.4197389 -2.508631 -2.4035499999999996 -0.737498 -1.101565 -0.6976291999999998 0.2295912 -0.8118701 0.3492411 1.718992 0.4284005999999999 0.14547960000000001 0.8367810999999998 -0.04554466000000001 1.235276 1.161789 0.6240209 0.3299976 0.2652923 -0.24667740000000002 -0.6546275 -0.8425341 -0.9858227 -0.3754159000000001 -0.1801765 0.9295863000000002 1.518998 1.3234010000000003 
14.998149999999999 12.125879999999999 -18.53107 -2.195549 -4.050793 1.252584 2.9334929999999995 0.41782740000000007 0.8639194999999998 -3.290309999999999 -2.051812 -1.11078 -1.358377 0.46562629999999994 0.4977472 -0.7510111999999999 1.017317 1.5524900000000001 1.064781 1.7955469999999996 0.633519 0.9849674999999999 1.4010420000000001 0.3214972 0.3034058 0.09415022 0.1092044 -0.1483942 -0.9528423999999999 -0.8057426999999999 -0.5252658 -0.3214584999999999 0.1609918 0.5635239 1.2211680000000003 1.163754 
16.889299999999995 11.5326 -16.401710000000005 -3.829504 -3.7829720000000004 -0.5163078 1.581404 -0.37711279999999997 -0.5815156 -3.001545 -2.399403 -1.34593 -0.485554 0.04948101 -0.7030227 -0.9825866999999999 -0.10720130000000003 0.7654663 1.389892 1.3425530000000003 0.9970216 2.1892670000000005 1.445855 -0.47284829999999994 -0.10025070000000001 -0.19476969999999996 -0.3082518 -0.7689166 -1.432193 -0.5134323 0.105989 0.23252350000000005 0.5332219 0.5923498 0.7700776 0.7803589999999999 
15.962279999999996 12.737579999999998 -16.57926 -4.002978 -3.951152 -0.8210578999999998 1.5795829999999997 -0.33521860000000003 -0.1430813 -2.685171 -2.217572 -0.5014316 -0.10430289999999999 -0.3365102 -1.00526 -0.5608054 0.7899455 1.746107 2.198374 1.7389539999999999 2.083153 3.3242949999999998 2.033572 0.05640392 0.24567279999999997 0.3367129 -0.14604569999999997 -0.8989127999999998 -1.3553680000000001 -0.2635169 0.7916473 1.0166070000000003 1.024694 0.7490481999999999 0.7899914 0.9149835 
12.59518 16.40907 -19.68352 -1.675414 -6.018787 0.590501 0.3493796 -0.3280671 -1.039034 -3.048824 -2.062678 -1.271304 0.128619 -0.9524622000000001 -1.162126 -1.4306850000000002 1.0726949999999997 0.6696482 1.8113030000000003 1.3080619999999998 1.7825780000000004 2.8622000000000005 1.4368979999999998 -0.4619909 -0.07315844 -0.6062684000000002 -0.7466998 -1.2021560000000002 -2.0520719999999995 -0.3828068 0.2584684 0.9582439000000001 0.8363002 0.2786774 0.8439022000000003 0.4658199 
13.919740000000001 15.28769 -17.7684 -2.7392189999999994 -4.549894000000001 -1.237642 1.250609 -0.1836523 -1.102885 -2.045384 -1.6876169999999997 -0.43732570000000004 0.38410829999999996 -0.3097379 -1.739886 -0.6260431999999999 1.444896 1.101183 1.9166000000000003 1.6912389999999997 1.8785400000000005 3.3733460000000006 1.7076150000000003 -0.5927664 -0.1310247 -1.0469860000000002 -0.9555597999999998 -1.7902260000000003 -2.261768 -0.5235639 0.31911550000000005 1.171658 0.6582585 0.19779419999999998 0.25298329999999997 0.5368565 
13.462159999999999 16.7512 -19.33385 -1.9209949999999998 -6.025081 -1.4462650000000001 -0.11210560000000001 -0.7371762999999999 -1.14952 -2.095734 -2.098537 -1.6433540000000002 0.7518890000000001 -0.5767115 -2.2267070000000007 -1.142444 1.6006009999999997 1.4710979999999998 1.7396650000000002 1.0398689999999997 1.917384 3.6728890000000005 1.91573 -0.4154708999999999 -0.2244914 -0.05030425 -0.5163225000000001 -1.5154320000000001 -2.08258 -0.5403335 1.237576 1.371917 0.7174332999999999 0.1213731 0.27513189999999993 0.8055315 
14.37335 16.31929 -19.64233 -1.6285749999999999 -6.3437589999999995 -2.2197269999999993 0.7918436 -1.384786 0.01084188 -2.628195 -2.204865 -1.51973 0.6444239 -0.5757541 -2.184144 -1.102305 1.390267 2.120865 1.628622 1.586352 2.063205 3.8356269999999997 2.379001 0.006110458 -0.23348300000000005 -0.1422363 0.043837169999999995 -1.757394 -1.7943060000000002 -0.302413 0.9591320000000001 1.9449059999999998 0.813815 0.3465851 0.7464472999999999 0.4600301 
16.51891 13.224649999999999 -17.166879999999995 -4.080699 -5.490130999999999 -2.900319 0.8804863000000002 -1.849928 -0.6075451 -1.6276879999999996 -2.6825049999999995 -1.580158 0.14063840000000002 -0.38312580000000007 -2.356943 -1.6358429999999997 1.369446 2.352019 1.318554 1.022597 2.0045320000000006 3.4573740000000006 2.300781 -0.12463979999999998 -0.5102619 0.019845809999999995 -0.3587588 -1.9043550000000002 -1.947234 -0.5918594 0.9850963999999999 1.713189 0.6400749 0.2833553 0.7813127 0.5452392 
