5.925881e+000 9.679071e+000 -1.321725e+000 2.506060e+000 1.013955e+000 -1.813675e-003 -1.095808e+000 1.044662e+000 3.318141e-001 -1.223191e-001 3.121429e-002 -2.118144e-001 
4.696529e+000 1.031586e+001 -1.453634e+000 9.353953e-001 4.445207e-001 -1.006308e-001 -1.173850e+000 1.058334e+000 1.589618e-001 -4.161368e-001 -8.454748e-002 4.790202e-002 
4.879982e+000 1.010849e+001 -1.427306e+000 1.921374e+000 1.288781e+000 6.411604e-002 -1.526093e+000 8.636832e-001 -1.877164e-001 -6.183682e-001 2.150832e-002 -9.704425e-002 
5.200337e+000 1.003666e+001 -2.149483e+000 1.743872e+000 -2.437091e-001 2.081841e-001 -1.184428e+000 8.818594e-001 -2.182334e-001 -5.773444e-001 -4.291203e-001 -2.829240e-001 
7.677945e+000 7.758429e+000 -1.787029e+000 3.776422e+000 -6.463735e-001 7.406681e-001 -1.740232e+000 1.085851e-001 2.729988e-001 -8.014016e-001 -1.405728e+000 -3.313765e-001 
1.105406e+001 3.743291e+000 -2.748361e+000 5.667511e+000 -1.906868e+000 1.652488e+000 -1.482362e+000 3.466292e-001 -1.112984e-002 -2.637386e-001 -6.402214e-001 -2.376110e-001 
1.155764e+001 4.529506e+000 -3.845330e+000 6.676880e+000 -2.312120e+000 2.781324e+000 -2.322272e+000 8.726969e-001 -4.920191e-001 2.315386e-001 -9.055664e-001 -5.059932e-002 
1.127519e+001 7.156118e+000 -4.861884e+000 5.840522e+000 -1.515257e+000 2.769366e+000 -2.321502e+000 1.146525e+000 -6.485043e-001 3.697474e-001 -5.006869e-001 6.346940e-001 
1.236562e+001 9.344637e+000 -4.702732e+000 4.976024e+000 7.895707e-001 2.574350e+000 -1.609944e+000 4.771162e-001 -6.078749e-001 -6.446300e-001 -6.513455e-001 5.533258e-001 
1.201588e+001 1.116280e+001 -5.249994e+000 4.714173e+000 2.334926e+000 2.433928e+000 -1.896541e+000 1.117914e+000 -1.411441e+000 -1.018945e+000 -4.209302e-001 1.566422e-004 
1.353297e+001 9.729058e+000 -4.414772e+000 4.190993e+000 3.077007e+000 1.902318e+000 -2.036819e+000 6.462875e-001 -1.348204e+000 -1.320281e+000 3.596311e-001 -3.072070e-002 
1.488719e+001 9.800189e+000 -4.876945e+000 4.840618e+000 2.366471e+000 2.414941e+000 -2.696951e+000 9.082185e-001 -1.697973e+000 -1.240550e+000 5.415408e-001 -1.315813e-002 
1.523527e+001 9.366023e+000 -5.011364e+000 4.667476e+000 2.699300e+000 1.743735e+000 -2.493749e+000 6.756697e-001 -1.409782e+000 -1.322110e+000 9.066230e-001 -1.830091e-001 
1.555349e+001 9.118421e+000 -4.568079e+000 4.901153e+000 2.455439e+000 2.309023e+000 -2.867471e+000 7.774924e-001 -1.741230e+000 -9.987633e-001 6.355752e-001 -2.845494e-003 
1.509636e+001 9.997639e+000 -5.200268e+000 5.380323e+000 1.971805e+000 2.657262e+000 -2.854051e+000 7.895547e-001 -1.754223e+000 -1.089767e+000 5.766381e-001 -1.514490e-002 
1.527895e+001 9.160950e+000 -4.987429e+000 4.850229e+000 2.265694e+000 2.315627e+000 -2.396328e+000 7.763221e-001 -1.449223e+000 -1.456305e+000 6.376969e-001 -2.443255e-001 
1.438226e+001 9.792108e+000 -4.810845e+000 5.051216e+000 2.089129e+000 2.108315e+000 -2.635546e+000 8.479965e-001 -1.563267e+000 -1.258887e+000 4.096843e-001 -1.076404e-001 
1.473432e+001 9.520932e+000 -4.606516e+000 5.031468e+000 2.317326e+000 2.456203e+000 -2.394135e+000 8.051922e-001 -1.794666e+000 -1.270631e+000 2.035263e-001 -7.692155e-002 
1.523578e+001 9.203763e+000 -4.517803e+000 4.963935e+000 1.866517e+000 2.290656e+000 -2.740338e+000 8.435383e-001 -1.675699e+000 -9.671456e-001 5.357540e-001 2.196989e-002 
1.526947e+001 8.703180e+000 -3.691743e+000 4.267499e+000 2.574193e+000 1.778691e+000 -2.199571e+000 9.901541e-003 -1.245962e+000 -1.193590e+000 6.817463e-001 1.764083e-002 
1.477549e+001 8.727162e+000 -3.633377e+000 4.270382e+000 2.983256e+000 1.891891e+000 -2.357574e+000 8.719884e-002 -1.447137e+000 -1.118559e+000 8.972252e-001 5.432018e-002 
1.567820e+001 5.821726e+000 -8.070893e-001 1.341849e+000 2.423460e+000 4.109228e-001 -5.729627e-001 -3.736252e-003 -3.972820e-001 -7.492439e-001 -2.735446e-001 8.721464e-002 
5.775307e+000 9.806958e+000 -1.348834e+000 2.951188e+000 1.057460e+000 5.475630e-001 -1.079135e+000 1.207677e+000 1.282096e-001 -5.680626e-001 -2.995052e-001 1.771092e-003 
4.892397e+000 1.023295e+001 -1.404204e+000 1.457712e+000 7.321164e-001 2.182214e-001 -7.322964e-001 1.355101e+000 5.493838e-001 -1.506379e-001 -1.072302e-001 8.016789e-002 
4.872568e+000 1.026656e+001 -1.365520e+000 1.814013e+000 1.310615e+000 5.019718e-001 -1.375602e+000 9.595102e-001 2.472275e-001 -3.086690e-001 -1.184244e-002 -2.395142e-001 
4.455571e+000 9.338766e+000 -2.005288e+000 2.373277e+000 6.313011e-001 2.187680e-001 -1.330928e+000 1.073523e+000 -2.051953e-002 -2.279363e-001 4.565788e-002 -5.642048e-002 
8.606159e+000 8.184269e+000 -2.097622e+000 3.135155e+000 -5.756832e-001 1.286834e+000 -9.771951e-001 3.935847e-001 3.437703e-001 -5.213705e-001 -8.386929e-001 3.749338e-002 
1.220046e+001 4.932760e+000 -2.425504e+000 5.441079e+000 -2.269992e+000 1.497002e+000 -1.434495e+000 3.632222e-001 -1.832884e-001 -4.160056e-001 -6.050351e-001 -1.236951e-001 
1.213738e+001 4.261274e+000 -2.905943e+000 6.026103e+000 -2.305188e+000 1.865389e+000 -1.983176e+000 5.430828e-001 -1.653676e-001 9.664636e-002 -5.718386e-001 -1.567294e-003 
1.122526e+001 7.373712e+000 -4.373228e+000 6.748235e+000 -9.145023e-001 2.964163e+000 -2.506021e+000 1.020530e+000 -9.315404e-001 5.059952e-002 -7.156953e-001 6.427530e-001 
1.213478e+001 9.573064e+000 -4.549580e+000 5.709278e+000 1.129754e+000 2.855070e+000 -2.034628e+000 1.541281e-001 -9.738690e-001 -5.069363e-001 -3.471869e-001 9.458285e-001 
1.149786e+001 1.101206e+001 -5.134027e+000 5.105940e+000 2.567397e+000 2.425945e+000 -2.489421e+000 6.262342e-001 -1.668181e+000 -6.500271e-001 2.649200e-001 5.578485e-001 
1.313410e+001 1.017557e+001 -4.678156e+000 4.763326e+000 2.925723e+000 2.366689e+000 -2.437823e+000 7.096208e-001 -1.622052e+000 -1.163096e+000 3.326661e-001 1.269861e-001 
1.446203e+001 9.292361e+000 -4.940380e+000 5.089859e+000 2.837613e+000 2.692449e+000 -2.674416e+000 6.521993e-001 -1.987191e+000 -1.484711e+000 4.455262e-001 -3.999547e-002 
1.482125e+001 9.087550e+000 -5.036781e+000 5.012988e+000 3.089790e+000 2.129979e+000 -2.464472e+000 5.078324e-001 -1.727865e+000 -1.489367e+000 8.689062e-001 -1.416884e-001 
1.553457e+001 9.497709e+000 -4.801092e+000 5.124072e+000 2.216270e+000 2.548501e+000 -2.922744e+000 1.010985e+000 -1.922654e+000 -1.103631e+000 3.244116e-001 -1.310895e-001 
1.495053e+001 9.768791e+000 -5.433061e+000 5.327366e+000 2.015972e+000 2.797194e+000 -2.647685e+000 1.015405e+000 -1.686089e+000 -1.174246e+000 4.163278e-001 -1.295906e-001 
1.549665e+001 8.905432e+000 -4.575216e+000 4.811583e+000 2.749311e+000 2.237388e+000 -2.180580e+000 4.895424e-001 -1.526733e+000 -1.820633e+000 4.784814e-001 -4.057563e-001 
1.436851e+001 9.507007e+000 -4.968826e+000 4.753042e+000 2.145168e+000 2.093630e+000 -2.531370e+000 7.601027e-001 -1.536127e+000 -1.291651e+000 4.500757e-001 -1.105924e-001 
1.466412e+001 8.985751e+000 -4.235669e+000 5.251895e+000 2.962433e+000 2.307376e+000 -2.382242e+000 3.815701e-001 -1.866922e+000 -1.337152e+000 5.033086e-001 8.406304e-002 
1.521342e+001 8.897576e+000 -4.299387e+000 5.055958e+000 2.260399e+000 2.296552e+000 -2.553150e+000 7.537999e-001 -1.659648e+000 -1.117902e+000 5.248513e-001 -2.073970e-002 
1.547035e+001 8.684078e+000 -3.643458e+000 4.093201e+000 2.529045e+000 1.588792e+000 -2.063926e+000 1.939350e-001 -1.064489e+000 -1.238494e+000 5.832490e-001 -1.263456e-001 
