9.172873e+000 1.041760e+001 -5.880452e+000 5.530574e+000 -1.057261e+000 1.774138e-001 -9.582843e-001 -2.493127e+000 1.923778e+000 -8.415410e-001 -2.588662e-001 -5.984514e-002 
1.033749e+001 9.806679e+000 -6.029255e+000 4.568249e+000 -8.463120e-001 3.674024e-002 -5.275069e-001 -2.409511e+000 1.343208e+000 -8.865513e-001 -1.881537e-001 4.210965e-001 
9.298235e+000 1.174332e+001 -6.747593e+000 5.831133e+000 -1.190636e+000 -4.093300e-001 -4.717103e-001 -2.777949e+000 1.566527e+000 -9.277593e-001 1.267397e-001 5.742471e-001 
1.002812e+001 1.129577e+001 -6.112585e+000 5.661642e+000 -1.089671e+000 -8.115252e-001 -5.106861e-001 -2.882013e+000 1.439724e+000 -7.612546e-001 7.586247e-002 1.195226e+000 
1.098147e+001 9.802604e+000 -4.345463e+000 4.351095e+000 -7.325535e-001 -1.225523e+000 -1.110150e+000 -2.127337e+000 1.237682e+000 -2.741197e-001 -2.165395e-001 9.537728e-001 
9.662410e+000 1.182934e+001 -5.619692e+000 5.294693e+000 -1.726263e+000 -1.368992e+000 -9.925393e-001 -2.263640e+000 1.874860e+000 -8.063449e-001 3.491765e-001 5.381705e-001 
1.125256e+001 1.078972e+001 -5.333458e+000 5.121661e+000 -1.236244e+000 -1.171790e+000 -1.365074e+000 -1.973785e+000 1.705544e+000 -7.093690e-001 1.583216e-001 5.552203e-001 
1.167115e+001 1.030419e+001 -4.859583e+000 4.491273e+000 -4.630640e-001 -1.353367e+000 -1.198280e+000 -1.910083e+000 1.316460e+000 -4.478768e-001 -2.376521e-001 1.010494e+000 
1.100898e+001 1.103271e+001 -6.132236e+000 5.859018e+000 -1.033624e+000 -8.044006e-001 -1.149261e+000 -2.235735e+000 1.747967e+000 -1.005148e+000 1.672386e-001 4.760306e-001 
1.142662e+001 9.277285e+000 -5.097962e+000 4.615671e+000 -2.931659e-001 -5.697634e-001 -1.343988e+000 -1.544533e+000 1.548815e+000 -1.285195e+000 -3.399367e-001 4.959371e-001 
1.055781e+001 9.185253e+000 -5.021323e+000 5.148010e+000 -1.714030e-001 -5.592204e-001 -1.566325e+000 -1.564118e+000 1.756826e+000 -1.151451e+000 -2.247955e-001 -3.918748e-002 
8.236823e+000 1.140817e+001 -7.439260e+000 6.395006e+000 -1.291943e+000 -3.353259e-001 -8.714254e-001 -2.382375e+000 3.018200e+000 -2.091757e+000 3.845149e-001 -9.479747e-001 
1.053490e+001 1.019943e+001 -5.489258e+000 5.047181e+000 -7.104014e-001 -6.690078e-001 -1.207356e+000 -1.544259e+000 1.781419e+000 -8.964962e-001 -1.531445e-001 -4.931719e-001 
1.065019e+001 1.148747e+001 -6.337913e+000 5.451143e+000 -5.291276e-001 -4.014196e-001 -1.306433e+000 -1.923888e+000 1.727502e+000 -1.235952e+000 4.501315e-001 -3.129739e-001 
9.990487e+000 1.116684e+001 -6.206703e+000 5.816236e+000 -6.182334e-001 -9.837893e-002 -7.258778e-001 -1.916540e+000 1.572197e+000 -1.723256e+000 9.021909e-002 -5.246401e-001 
1.169616e+001 9.898311e+000 -4.598449e+000 4.332265e+000 1.003833e-001 -1.098375e+000 -9.827945e-001 -1.067008e+000 9.409463e-001 -6.487479e-001 -3.002710e-001 -1.754669e-001 
1.274984e+001 7.105873e+000 -3.084555e+000 2.443980e+000 3.250805e-003 -4.612055e-001 -1.916031e-001 -9.750460e-001 7.223172e-001 -2.124597e-001 -1.017157e+000 3.043172e-001 
1.089097e+001 9.682696e+000 -5.442895e+000 3.122644e+000 -7.755577e-001 5.629056e-001 -5.312796e-001 -1.964847e+000 1.169568e+000 -1.050745e+000 -2.908653e-001 4.227620e-001 
1.022817e+001 1.074002e+001 -6.536027e+000 4.629330e+000 -9.392687e-001 2.397532e-002 -3.927280e-001 -2.296491e+000 1.413377e+000 -1.016268e+000 -1.859042e-001 4.598357e-001 
1.085053e+001 9.244678e+000 -4.693334e+000 4.138570e+000 -5.297946e-001 -7.932832e-001 -8.066730e-001 -2.256769e+000 1.103266e+000 -2.205924e-001 -3.638195e-001 8.502142e-001 
1.019524e+001 1.206019e+001 -6.321276e+000 5.307530e+000 -1.228839e+000 -8.504873e-001 -3.773800e-001 -2.694141e+000 1.567621e+000 -6.810480e-001 -3.727575e-002 9.256396e-001 
1.118233e+001 9.597650e+000 -4.166926e+000 3.929312e+000 -5.852049e-001 -1.355676e+000 -1.068963e+000 -1.925437e+000 1.177331e+000 -2.438733e-001 -4.225437e-001 8.667825e-001 
9.856359e+000 1.213068e+001 -5.827800e+000 5.893038e+000 -1.347507e+000 -1.085690e+000 -1.251382e+000 -2.497878e+000 1.916570e+000 -7.287050e-001 3.609766e-001 4.127560e-001 
1.112189e+001 1.014775e+001 -5.060087e+000 4.944618e+000 -6.035844e-001 -8.701045e-001 -1.474309e+000 -2.334309e+000 1.463958e+000 -5.591485e-001 1.945648e-001 7.571290e-001 
1.054873e+001 1.065581e+001 -5.941616e+000 4.996246e+000 -8.687914e-001 -1.025588e+000 -1.181105e+000 -1.989247e+000 1.743463e+000 -7.103027e-001 -1.939902e-001 4.522781e-001 
8.723770e+000 1.205275e+001 -7.785009e+000 6.492386e+000 -1.347927e+000 -1.014881e+000 -8.409475e-001 -2.775164e+000 3.189108e+000 -2.135427e+000 7.880472e-001 -1.903715e-001 
9.956178e+000 1.044350e+001 -6.495206e+000 4.992130e+000 -1.739398e+000 -5.323455e-001 -1.306033e+000 -1.923918e+000 2.237557e+000 -1.272175e+000 4.973266e-001 2.150804e-001 
9.801869e+000 1.068022e+001 -5.808977e+000 5.218912e+000 -1.726526e+000 -5.463023e-001 -1.219787e+000 -1.923061e+000 2.073644e+000 -1.151064e+000 5.767731e-001 4.829980e-002 
8.983183e+000 1.167868e+001 -7.276363e+000 5.651462e+000 -1.342794e+000 -5.532695e-002 -6.090072e-001 -2.173750e+000 2.249241e+000 -2.052630e+000 3.539543e-001 -4.321642e-001 
9.151292e+000 1.256751e+001 -7.158056e+000 5.920950e+000 -1.150944e+000 -4.247201e-001 -6.564656e-001 -2.175329e+000 2.414036e+000 -1.858454e+000 3.828068e-001 -7.491905e-001 
1.039728e+001 1.108710e+001 -6.759303e+000 4.987225e+000 -6.931484e-001 -5.158222e-001 -1.040727e+000 -1.702713e+000 1.792464e+000 -1.268675e+000 1.902956e-001 -2.345015e-001 
1.015642e+001 1.040451e+001 -6.111355e+000 4.471380e+000 -7.108221e-001 -2.201130e-001 -3.930331e-001 -1.436485e+000 1.064612e+000 -1.293005e+000 -8.109768e-003 -2.050258e-001 
