8.948379000000001 15.799930000000002 -12.945660000000002 2.091821 -2.236027 -1.041277 -2.686435 -3.9680369999999994 -0.1211559 -3.4135409999999995 -1.126995 -3.0780789999999993 -1.4239739999999999 -1.5670350000000002 -2.721883 -0.5820051 -1.172592 -0.8051309 -0.470736 0.3604322999999999 0.6359339999999999 -0.06780051 1.033068 -0.11152609999999999 
8.885802 14.986099999999997 -13.627929999999996 2.573827 -1.8991539999999998 -0.8933955000000002 -3.7208210000000004 -3.420932 0.35020149999999994 -3.645961 -1.303458 -3.880312 -1.2017620000000002 -1.9580249999999997 -2.028521 -0.7727518 -1.048503 -0.37434369999999995 -0.3307184 0.37118239999999997 -0.7239351999999999 0.6804159 1.0690539999999997 0.03428508 
10.33909 13.668130000000001 -12.24642 0.4259773 -1.878119 -0.6779814000000001 -3.677892 -2.451604 -0.6376535 -3.1204490000000003 -2.367104 -3.926109 -1.5588510000000002 -2.115644 -2.225748 -0.5051861999999999 -1.0574139999999999 -0.7458562999999999 0.14815219999999998 0.1459043 -0.48416030000000004 0.388036 0.7661699999999999 -0.6330738 
9.859955 13.468009999999996 -11.524860000000002 1.305111 -1.4373500000000001 -0.8073734000000001 -3.8114379999999994 -2.5043709999999995 -0.3165871 -2.53673 -2.478242 -3.6299260000000007 -2.105122 -2.383499 -1.607735 -0.43247720000000006 -0.9779875000000001 -0.3082453 0.39818400000000004 -0.3363955 -0.6743867999999998 0.4852159 0.8776462 -0.31043289999999996 
9.618026 15.019720000000003 -12.18652 1.8721560000000002 -1.5654839999999999 0.3051261 -3.2325030000000003 -2.0235820000000007 -0.6910144000000001 -2.900281 -1.5718370000000002 -4.066498 -1.6009880000000005 -1.639645 -1.125574 -0.8583274000000001 -0.7830709999999999 -0.4191536 0.4647586000000001 0.4028444000000001 -0.3692262 0.43134989999999995 0.3298017 -0.6429926 
9.925328 13.78958 -10.816739999999998 1.4433679999999998 -0.3045038 -0.12739349999999997 -3.4196880000000003 -2.316058 -1.4317290000000003 -2.192751 -2.175717 -4.201079 -1.5384119999999997 -1.768563 -1.4927899999999998 -0.39818210000000004 -0.8885823000000002 -0.4686219 0.508283 0.09297383000000001 -0.5070183999999999 0.270701 0.4200369 -0.36430890000000005 
9.88285 13.69923 -11.46548 1.34529 -0.4779697 -0.20587240000000004 -3.488356 -2.5956639999999997 -1.4344909999999997 -2.8031560000000004 -2.608777 -4.272976 -1.6534080000000002 -1.4485600000000003 -1.9220620000000002 -0.597468 -0.7453345999999998 -0.47993989999999986 0.7688828 0.23854510000000004 -0.8869903 -0.08990622000000001 0.42774800000000013 -0.8550822 
9.365004999999998 13.34164 -10.870450000000002 0.6176206 0.1395235 -0.4359343 -3.758105 -3.092706 -1.554447 -3.1945599999999996 -2.336492 -4.297483 -2.4121160000000006 -1.5642309999999997 -1.9578830000000003 -0.696708 -0.7819795000000002 -0.5368936 0.2424286 0.3876515 -0.5489069 -0.2702454 0.1708972 -1.040939 
8.975769 14.94309 -12.423550000000002 1.3541109999999998 0.1722466 0.6427044 -2.948622 -2.286657 -1.7186369999999997 -3.8884830000000004 -2.652746 -4.361342 -2.3245970000000002 -1.294011 -0.9526126999999998 -1.138554 -0.6837843 0.1973848 0.5055544 -0.2817014 -0.31086450000000004 -0.5141787999999999 -0.2746879 -0.3687546 
9.731598 15.06429 -11.862840000000002 2.738225 0.4167915 1.4214459999999998 -3.9249520000000007 -3.2078969999999996 -1.138609 -3.4136099999999994 -1.09175 -3.3720439999999994 -2.110125 -1.395652 -1.3745770000000002 -1.238847 -0.4540753999999999 0.20095869999999996 0.2798993 -0.027051949999999998 0.6894958 -0.647328 -0.5295499 0.5621109 
10.809849999999999 13.086299999999998 -10.36759 1.13072 1.590873 0.6837166999999998 -3.420876 -3.385904 -1.581213 -3.387104999999999 -2.158306 -3.6950730000000003 -2.140921 -0.6338042 -1.6636950000000001 -0.7331924 -0.6690237999999998 -0.546685 -0.09758869000000002 0.2806598 0.48977670000000006 -0.4652086 -0.2550271 0.18292510000000003 
11.37101 12.20111 -10.01665 0.3275439 1.093786 0.5184522 -3.2624780000000007 -3.6200660000000005 -2.076193 -3.3023960000000008 -2.6299999999999994 -3.774304999999999 -1.8493580000000003 -1.08479 -2.055389 -0.9638863000000002 -0.5841655 -0.23595879999999997 -0.1452873 0.30924409999999997 0.07119616 -0.8143392 0.010552179999999998 0.053588130000000005 
9.909757 12.965320000000002 -10.66388 0.4772857 0.5401992 1.251437 -3.613008 -3.8110700000000004 -2.208957 -3.7318409999999997 -2.6987540000000005 -4.809665 -1.8690339999999996 -1.28019 -2.179047 -0.5652340000000001 -0.823873 -0.3943113 -0.44159650000000006 0.30669680000000005 0.2803426 -1.165489 -0.3751104 0.16140219999999997 
8.992133 14.814899999999998 -12.63053 2.409399 0.5567688999999999 2.248773 -3.550055 -3.596359 -1.7233130000000005 -4.178237 -1.99108 -4.095505 -2.288719 -1.1647040000000002 -1.230327 -1.265874 -0.2384435 -0.04713011 -0.016795260000000003 -0.09741549 0.21142039999999998 -0.8530178 -0.37801950000000006 0.3354284 
10.060720000000002 14.053570000000004 -11.35364 1.3480290000000001 1.705558 1.1057559999999997 -3.356102 -3.2489929999999996 -1.540921 -3.6010230000000005 -2.415165 -3.769356000000001 -2.569846 -0.3169289 -1.4309600000000002 -1.1915119999999997 -0.4492067 -0.46753249999999996 -0.22751349999999998 0.25860750000000005 0.7653784000000001 -0.8610191 -0.2937661999999999 0.2215441 
8.713507 15.012820000000001 -12.14175 2.056275 1.222643 2.042895 -3.0353549999999996 -3.085509 -2.348683 -3.5212569999999994 -2.3356619999999997 -5.283841 -1.040732 -0.9562464000000002 -1.6639040000000003 -0.3765217 -0.06783904 -0.03921363 -0.6014848 0.03873769 0.024380380000000004 -0.9345197 0.09655387000000001 0.5823687 
9.258635 15.58234 -12.102019999999998 1.5227780000000002 1.019463 1.6608859999999999 -3.5344760000000006 -3.1362370000000004 -1.474432 -3.037585 -2.500378 -4.752960000000001 -0.8453008000000002 -1.7128650000000003 -1.3585449999999997 -0.09463493 -0.3146418 -0.056420340000000006 -0.4650268 0.5167358000000001 0.10358650000000001 -0.8050644 -0.2938063 0.3075181 
16.42542 9.864012 -5.775948 -0.7681050000000001 2.8547140000000004 0.6759237000000001 -2.529332 -2.8325260000000005 -0.6627698 -1.186231 -2.476051 -2.1528379999999996 -1.362677 -0.9372360999999999 -0.8962181000000002 -0.3231317 0.2515241 0.0515119 0.07198744 0.3933529 0.2980577 -0.20012579999999996 -0.03392666 0.45058560000000003 
13.224540000000001 12.16503 -8.592482000000002 -1.293049 0.5112762000000001 -0.9489818000000001 -2.402324 -2.345753 -0.4059786 -1.415495 -1.7579759999999998 -1.6657069999999998 -1.176855 -1.5064720000000003 -2.382626 -0.5969354 0.31848460000000006 -0.42892399999999997 -0.28790620000000006 0.30063979999999996 0.5448963 0.5259415 0.7304098999999998 0.4178015 
10.10261 14.852499999999996 -12.838040000000003 1.7475559999999999 -1.6537880000000003 -0.3570123 -2.5227560000000007 -3.3259779999999997 0.17153789999999997 -2.936062 -1.4078350000000002 -3.088811 -1.689119 -1.4036989999999998 -2.3937139999999997 -0.35973409999999995 -0.5184954 -0.1360141 -0.22122259999999996 0.08742172000000001 0.1585539 0.04094487 0.9960917 -0.10889320000000001 
10.54951 12.305009999999998 -10.68276 0.34878719999999996 -0.0727622 -0.10671569999999998 -2.369377 -2.4387760000000003 -0.6312229 -2.7046579999999993 -2.6436619999999995 -3.5960110000000003 -1.7296219999999995 -1.403365 -1.8977450000000002 -0.07765891000000001 -0.320514 -0.4471417999999999 0.23790010000000003 0.1933933 -0.4593690000000001 0.1711338 0.7767402 -0.8388850999999999 
10.57047 13.570359999999997 -12.39553 0.9801184000000001 -1.351367 0.4457475999999999 -3.0717469999999993 -1.8289639999999996 -0.10364909999999997 -2.989784 -2.955333 -4.088988 -1.767835 -2.027217 -1.334557 -0.07066474 -0.5417433000000001 0.002355173 0.5405384 -0.169057 -0.5697589 0.1262426 0.2544368000000001 -0.8146953000000001 
10.90893 12.541169999999997 -10.70664 0.10718490000000001 0.2347583 -0.4070831 -3.4854540000000003 -2.4709159999999994 -0.5387681 -2.629894 -2.5319679999999996 -3.8318030000000003 -2.3296190000000006 -1.6103489999999998 -1.7139550000000001 -0.42954999999999993 -0.4833683999999999 -0.1523705 0.39701090000000006 -0.316624 -0.918742 0.299817 0.799563 -0.4620921 
9.428072 13.940690000000002 -12.460790000000001 1.349056 -0.2389663 0.2428504 -3.4987959999999996 -2.374274 -1.5088810000000001 -2.601365 -2.6842 -5.018847999999999 -1.6583919999999996 -1.909516 -1.49296 -0.7035315999999999 -0.3723842 -0.003388393 0.43892709999999996 -0.3250503 -0.8380953 -0.0318409 0.19577219999999998 -0.3695209 
10.622479999999998 13.669929999999997 -10.818839999999998 1.254373 0.08750526999999998 0.1645517 -3.1740260000000005 -2.228896 -1.063271 -2.811183 -2.381306 -3.692456 -1.550931 -0.9770282000000001 -1.318782 -0.8399354 -0.9132869 -0.14851670000000003 0.5380254 0.18776339999999997 -0.290888 0.06308793 0.4201948999999999 -0.3776305999999999 
9.767676 14.651939999999998 -11.65545 2.000377 0.11051009999999997 0.4898544 -3.352671999999999 -2.361672 -0.6927559 -2.8439979999999996 -2.279042 -3.920022 -1.478299 -1.324323 -1.4621379999999997 -0.6295729 -0.2387199 0.3012217 0.415146 -0.2237148 -0.6972687999999999 -0.02550362 0.6683876 0.08458645 
9.883006 13.502269999999998 -11.410619999999998 1.214333 1.148703 0.2569543 -3.168243 -2.9896670000000003 -1.511793 -3.152389 -2.664614 -3.9165020000000004 -2.137159 -1.524398 -1.526053 -1.162833 -0.7763606000000001 0.9122268 0.6534284 -0.3717001 -0.4466008000000001 -0.6040359999999999 -0.25385830000000004 -0.2950038 
9.413308 13.985919999999997 -11.93624 0.9025575999999998 -0.011089340000000001 0.7549421 -3.5383500000000003 -3.2988 -1.3881890000000001 -3.7474260000000004 -2.647446 -4.636457 -3.259636 -1.351288 -1.299114 -0.8274033999999999 -0.7004472 -0.1481606 -0.046488499999999995 -0.2348138 0.2716064 -0.6851803 -0.9024406000000001 -0.1883287 
9.873544 13.725859999999999 -10.66467 0.8097008 0.20925820000000003 1.024455 -3.376406 -3.755572999999999 -1.2245100000000002 -3.375383 -2.2883600000000004 -4.199182 -2.7692489999999994 -1.197153 -1.7045499999999998 -0.7434051999999999 -0.46704390000000007 0.28897979999999995 -0.1877715 -0.497649 0.1909793 -0.6571211 -0.35338480000000005 0.60406 
10.0424 14.713080000000001 -11.19623 1.572012 -0.4060348999999999 1.3443780000000003 -3.320028999999999 -3.3921509999999993 -1.329353 -2.8995910000000005 -2.096739 -4.153187 -2.020557 -1.5059679999999998 -1.4495249999999997 -1.074191 -0.6030338999999999 0.6123433 0.1263427 -0.20512369999999996 0.4186076 -0.7053124999999999 -0.6596041 0.21565790000000004 
11.45518 12.4174 -8.884273 0.37265399999999993 1.031817 0.8444000999999999 -3.1693199999999995 -3.457145 -0.9920028 -2.258421 -2.666871 -3.9832779999999994 -1.7371169999999998 -1.356407 -1.5571590000000002 -0.19556060000000003 -0.8003827 0.2617228 0.06960987 0.3073541 0.9486951999999997 -1.1429349999999998 -0.9329014999999999 0.24926650000000003 
9.749328 13.66435 -11.09003 2.147463 0.9448133 1.4347899999999998 -4.16932 -4.041798 -1.126047 -3.3756850000000003 -1.940163 -3.8777180000000007 -2.315903 -1.225193 -1.7167329999999998 -1.152939 -0.7653119999999999 0.1798729 -0.07424111 0.26477860000000003 0.48527459999999994 -0.8832174999999999 -0.6231225 0.28246750000000004 
9.214401 14.043369999999998 -12.872370000000002 2.612212 0.9949241000000002 1.8598199999999996 -4.045662 -3.7233389999999997 -2.252869 -3.6058759999999994 -2.586217 -3.9165330000000003 -2.198442 -1.485676 -1.342676 -1.6689299999999998 -0.2483654 -0.312937 0.11316479999999998 -0.36662589999999995 0.6568871 -1.071854 -0.5229986000000001 0.4013195 
10.37874 11.88756 -11.098200000000002 0.30659949999999997 0.8538037999999999 0.2664825 -3.8072240000000006 -4.728272 -2.391368 -3.302412 -3.003527 -4.437683 -2.674743 -1.658374 -2.383556 -1.0749580000000003 -0.5416493 -0.2493817 -0.7438000999999999 -0.3487510999999999 0.3467427 -0.9499189999999997 -0.4340818 0.5991718 
9.45742 14.934659999999997 -11.89537 1.8460389999999998 1.006634 1.3178660000000002 -3.5647379999999993 -3.563868 -1.502186 -3.2509100000000006 -2.214801 -4.732295999999999 -1.299825 -1.568329 -1.5466689999999998 -0.40021720000000005 -0.5503723000000001 -0.0464532 -0.5097458 0.6139269 0.4284102 -0.9877916999999999 -0.5892452 0.1147661 
