3.334278e+000 1.741012e+001 -4.753573e+000 1.416973e+000 6.143173e-001 4.608039e-001 -3.528589e+000 -2.637869e+000 -3.287801e+000 1.803363e+000 -3.521972e+000 -1.981681e+000 -3.680039e-001 -1.766715e+000 -2.564271e+000 -7.977942e-001 -2.156171e+000 -2.623254e+000 7.326654e-001 -1.198216e+000 -1.664617e+000 -7.851874e-002 -2.612961e-001 -2.448951e+000 9.519977e-001 5.116142e-002 -1.788668e-001 1.757814e-001 6.810576e-002 -1.437968e-001 -4.255034e-001 5.979221e-001 6.091616e-001 -6.717802e-001 -7.474577e-001 8.047968e-001 
2.970790e+000 1.651306e+001 -4.268508e+000 7.606051e-001 6.208837e-001 4.542820e-001 -4.659413e+000 -3.623008e+000 -3.042134e+000 5.867015e-001 -3.527599e+000 -2.919963e+000 -4.312927e-001 -2.648153e+000 -3.674162e+000 -1.470404e+000 -2.541051e+000 -4.155831e+000 9.989850e-001 -9.701758e-001 -2.399448e+000 1.548666e-001 -6.117381e-001 -2.219128e+000 4.180142e-001 2.045810e-001 -7.093783e-001 -1.218036e-002 -4.880332e-001 -2.242250e-001 -2.599434e-001 -1.910913e-001 8.261859e-001 -8.646636e-001 -1.375128e+000 1.188125e+000 
4.367420e+000 1.637735e+001 -3.182254e+000 1.678290e+000 2.270623e+000 -4.856723e-001 -3.995341e+000 -1.914796e+000 -2.704082e+000 1.902642e+000 -2.396896e+000 -3.386361e+000 2.646213e-001 -2.881568e+000 -3.542780e+000 -1.169962e+000 -2.397082e+000 -2.316577e+000 7.490318e-001 -9.275336e-001 -1.551554e+000 9.054263e-002 2.166318e-002 -1.581276e+000 9.793580e-001 2.318676e-001 -4.381601e-001 5.913534e-002 -7.114274e-001 3.854471e-001 -3.312747e-001 1.547704e-001 2.708760e-001 -6.892050e-001 -7.494678e-001 9.637345e-001 
2.899865e+000 1.618938e+001 -4.204815e+000 2.741818e+000 1.585666e+000 -2.141325e-001 -4.117754e+000 -2.833076e+000 -2.452340e+000 2.425081e+000 -3.323092e+000 -3.551868e+000 5.040932e-001 -2.981453e+000 -4.046883e+000 -1.717334e+000 -2.006379e+000 -2.955071e+000 6.169350e-001 -9.093385e-001 -1.666652e+000 -1.740119e-001 3.538491e-001 -1.166465e+000 2.632804e-001 1.390697e-001 -2.410874e-001 7.997165e-002 -8.317375e-001 2.341560e-001 -4.678422e-001 -6.459156e-002 6.107679e-002 -5.899335e-001 -4.377114e-001 5.720948e-001 
3.673067e+000 1.446625e+001 -5.319804e+000 2.057663e+000 1.329143e+000 -1.176574e+000 -2.005487e+000 -2.728651e+000 -1.314516e+000 3.738038e+000 -2.682361e+000 -3.363793e+000 2.162917e-001 -2.953210e+000 -3.884129e+000 -1.880822e+000 -1.722662e+000 -2.600747e+000 -9.832599e-002 -6.368494e-001 -1.045426e+000 -2.711677e-001 4.082802e-001 -8.646192e-001 -3.615605e-002 2.099609e-001 -1.552097e-001 -4.375895e-002 -1.239349e+000 -6.976779e-002 -2.216717e-001 4.340741e-001 4.279525e-001 -3.061764e-001 -1.150895e-001 3.723443e-001 
2.847074e+000 1.527787e+001 -6.019491e+000 4.025042e+000 1.027370e-001 -9.578301e-001 -3.013126e+000 -2.463604e+000 -2.826837e+000 4.328438e+000 -3.571807e+000 -3.972569e+000 -8.141231e-002 -2.541435e+000 -3.494690e+000 -2.338422e+000 -2.084884e+000 -2.678081e+000 -2.002519e-001 -1.416682e+000 -4.384543e-001 -3.754265e-001 2.105244e-001 -1.367654e+000 -1.778735e-001 3.953214e-001 2.278039e-001 -4.029605e-001 -1.066220e+000 -4.315952e-001 -1.628240e-001 4.642428e-001 -3.949060e-002 -3.929979e-001 -1.782520e-001 1.102767e-001 
7.903117e+000 1.433007e+001 -2.511286e+000 2.237270e+000 1.347814e-001 -2.078083e+000 -5.347278e+000 -4.171453e+000 -3.189356e+000 1.886038e+000 -2.791573e+000 -2.572419e+000 6.015703e-001 -1.555560e+000 -2.241051e+000 -1.026867e+000 -7.945569e-001 -2.032007e+000 -5.616644e-001 -7.716017e-001 -9.562882e-001 -1.084897e+000 -2.831969e-001 -8.703126e-001 -5.012140e-001 -6.336349e-001 1.812573e-001 6.800467e-001 -4.274926e-001 3.855356e-001 4.765985e-001 8.259188e-001 -5.125105e-001 -5.361892e-001 5.522040e-001 3.581312e-001 
7.489069e+000 1.704101e+001 -4.164861e+000 3.779955e+000 -1.138230e+000 -1.703039e+000 -9.093003e+000 -3.026701e+000 -3.763044e+000 4.277820e-001 -3.106353e+000 -1.816301e+000 3.341181e-001 -1.086081e+000 -3.520520e+000 -9.653240e-001 -4.941805e-001 -3.152439e+000 -1.033956e+000 -2.056240e-001 -1.962708e+000 -1.748083e+000 -4.062404e-001 -2.285611e+000 -3.187764e-001 -1.715349e+000 5.969931e-001 8.450757e-001 -1.329564e+000 -2.327932e-001 1.371000e+000 9.229951e-001 -8.602882e-002 -8.953191e-001 6.906802e-002 -2.428022e-003 
9.003947e+000 1.529670e+001 -4.016790e+000 3.176567e+000 -5.851638e-001 -3.020117e+000 -6.940964e+000 -3.423138e+000 -4.017761e+000 1.086266e-001 -3.255653e+000 -1.394648e+000 1.358490e+000 -5.240909e-001 -2.821263e+000 -1.433648e+000 -5.508745e-001 -2.585384e+000 -1.283205e+000 8.039528e-001 -2.480417e+000 -1.662999e+000 -3.439375e-001 -2.398181e+000 4.983945e-001 -2.536559e+000 2.714038e-001 1.560661e+000 -1.471149e+000 5.651006e-001 1.395190e+000 3.290493e-001 2.878372e-001 -6.174017e-001 6.508694e-002 7.108076e-001 
6.657905e+000 1.771521e+001 -4.641324e+000 5.286141e+000 -1.518192e+000 -2.584740e+000 -6.419972e+000 -3.451498e+000 -2.233221e+000 -1.850851e-001 -2.165763e+000 -1.850361e+000 1.976828e+000 -5.112032e-001 -2.681201e+000 -1.034477e+000 3.106937e-001 -2.448402e+000 -1.817090e+000 1.094014e+000 -2.284626e+000 -2.312045e+000 -1.003776e-001 -2.107263e+000 3.918579e-001 -2.447629e+000 2.777598e-001 1.796994e+000 -1.742038e+000 6.602692e-001 1.499533e+000 7.555481e-001 -3.582652e-001 -1.044455e-001 6.564245e-001 3.785286e-001 
6.768301e+000 1.515576e+001 -2.979002e+000 3.808506e+000 -1.269888e+000 -2.684618e+000 -7.426714e+000 -4.452674e+000 -2.850522e+000 -1.166773e+000 -1.916630e+000 -1.913889e+000 1.069304e+000 -8.436038e-001 -3.021100e+000 -9.087575e-001 -1.225398e-001 -2.086015e+000 -2.769102e+000 6.511082e-001 -2.108627e+000 -2.033713e+000 -4.272354e-001 -2.209930e+000 2.541629e-001 -2.518101e+000 -1.437917e-001 1.225420e+000 -9.583342e-001 5.205067e-001 1.095885e+000 4.116067e-001 -6.531715e-002 5.484333e-002 4.210325e-001 3.224886e-001 
6.396723e+000 1.527983e+001 -2.654762e+000 5.098546e+000 -2.577176e+000 -1.200391e+000 -7.423497e+000 -4.993398e+000 -2.021058e+000 -5.730244e-001 -2.085125e+000 -1.815026e-001 1.323472e+000 3.614749e-001 -2.726510e+000 -8.214114e-001 4.914153e-001 -2.032317e+000 -2.175814e+000 1.083516e+000 -1.816508e+000 -1.997304e+000 -3.576602e-001 -2.160323e+000 4.546809e-001 -2.428847e+000 1.679152e-001 8.566181e-001 -6.170273e-001 8.481765e-001 1.392229e+000 8.547264e-001 1.653080e-001 -5.704474e-002 5.419403e-001 2.752559e-001 
5.476249e+000 1.644151e+001 -3.280811e+000 6.234600e+000 -4.458254e+000 1.210240e+000 -8.112753e+000 -5.759887e+000 -4.316053e-001 -1.561530e+000 -2.935477e-001 -1.367603e+000 2.951180e+000 -9.943583e-001 -2.121341e+000 1.208393e-001 1.608774e-002 -1.321582e+000 -2.763608e+000 1.438062e+000 -2.073711e+000 -1.747628e+000 -4.582543e-001 -2.542845e+000 5.042936e-001 -2.204752e+000 4.679341e-001 7.486168e-001 -1.628423e-001 8.798123e-001 7.845586e-001 1.331643e+000 -2.273447e-001 9.045699e-001 2.788670e-001 4.284908e-001 
7.130951e+000 1.467249e+001 -2.371867e+000 5.315223e+000 -4.310995e+000 2.879426e-001 -7.311426e+000 -6.263862e+000 3.256611e-001 -2.132998e+000 -1.512452e+000 -8.946472e-001 2.385576e+000 -1.408770e+000 -1.471119e+000 -4.132604e-001 -5.804660e-001 -1.037945e+000 -3.060695e+000 7.707792e-001 -1.505245e+000 -1.749899e+000 -1.256594e+000 -2.327638e+000 2.798715e-001 -1.585275e+000 -2.602556e-001 4.627349e-001 -2.044938e-001 7.374909e-001 1.000003e+000 1.138950e+000 -1.084377e-001 6.416471e-001 3.989516e-001 -2.096727e-001 
4.984715e+000 1.631159e+001 -4.163472e+000 6.997262e+000 -4.450977e+000 -2.079500e-001 -8.046409e+000 -6.382822e+000 3.035106e-001 -2.783762e+000 -1.292550e+000 -1.681314e+000 2.403126e+000 -2.178913e+000 -1.486640e+000 -3.931845e-001 -1.178107e+000 -1.171430e+000 -3.335932e+000 7.377115e-001 -1.605571e+000 -1.407323e+000 -1.403577e+000 -2.405479e+000 4.674784e-001 -1.847569e+000 -1.642289e-001 -1.336524e-001 2.178199e-001 8.227537e-001 5.761605e-001 1.097953e+000 -3.633740e-001 9.385263e-001 -1.017183e-001 -3.592854e-001 
3.915610e+000 1.740689e+001 -5.375082e+000 7.936874e+000 -4.167118e+000 3.241694e-001 -8.444983e+000 -7.371362e+000 1.533915e-001 -2.881886e+000 -8.864879e-001 -2.537554e+000 3.029045e+000 -2.459265e+000 -1.955558e+000 -8.907830e-001 -1.557542e+000 -1.378936e+000 -3.376675e+000 1.253941e+000 -1.909109e+000 -9.934709e-001 -1.023196e+000 -2.925189e+000 6.477077e-001 -1.944912e+000 -4.664464e-001 -8.625700e-002 5.700845e-001 8.785788e-001 3.310565e-001 1.149448e+000 -6.393513e-001 7.171596e-001 -5.128484e-001 -2.087655e-001 
4.080419e+000 1.566087e+001 -3.242586e+000 5.978585e+000 -4.001610e+000 -1.662193e+000 -7.725411e+000 -7.690653e+000 -2.880185e-001 -2.698167e+000 -2.022617e+000 -1.416409e+000 1.045190e+000 -1.303457e+000 -2.277775e+000 -1.952459e+000 -1.370476e+000 -1.350862e+000 -2.330012e+000 8.350790e-002 -1.751250e+000 -1.040715e+000 -1.046473e+000 -2.750777e+000 -5.418082e-001 -1.040791e+000 -3.017517e-001 2.760634e-001 2.956017e-001 1.380540e-002 8.153762e-001 1.375939e+000 -5.773759e-001 -2.438566e-001 -5.380785e-001 -4.645638e-002 
1.324981e+000 1.800742e+001 -5.740677e+000 6.272247e+000 -4.831041e+000 -1.531414e+000 -8.637188e+000 -7.686902e+000 1.556339e+000 -2.881475e+000 -6.977029e-001 -1.733446e+000 1.906403e+000 -1.333467e+000 -1.028047e+000 -1.164189e+000 -1.622506e+000 -5.691882e-001 -2.638247e+000 4.522327e-003 -2.606366e+000 -1.142476e+000 -1.368883e+000 -3.351516e+000 -9.471670e-003 -1.276417e+000 -6.588505e-001 3.439645e-001 5.475478e-001 3.726498e-002 6.369927e-001 1.913346e+000 3.785632e-002 4.310453e-001 -7.766151e-001 1.244819e-001 
8.371477e+000 1.513450e+001 4.296946e-001 3.865929e+000 1.355116e+000 -8.837867e-001 -3.424718e+000 -3.588768e+000 1.833960e-001 4.730150e-001 -1.371189e+000 4.084340e-001 1.950084e+000 -3.087751e-003 1.636007e-001 8.143577e-002 -8.769339e-001 -1.183649e-001 -1.502393e-001 -3.636876e-001 1.270034e-001 3.324788e-001 -8.343767e-001 -1.290991e+000 3.214599e-001 -2.603514e-001 -7.481521e-001 3.241351e-001 4.288012e-001 -3.382200e-001 5.294676e-003 1.211661e+000 1.019277e-001 -5.612809e-001 -1.227198e-002 -2.849606e-001 
5.055862e+000 1.667206e+001 -3.049065e+000 2.012002e+000 2.515506e+000 1.060688e+000 -1.873955e+000 -3.051544e+000 -2.449342e+000 2.008944e+000 -2.958399e+000 -1.286138e+000 -6.304676e-003 -9.306789e-001 -2.302037e+000 -1.136395e-001 -2.090876e+000 -2.136286e+000 9.824416e-001 -2.687227e-001 -1.300501e+000 -1.510156e-001 1.528345e-001 -1.557568e+000 1.043319e+000 1.734213e-001 9.287016e-002 3.737873e-001 5.686784e-001 -6.014636e-002 -9.164907e-002 4.968556e-001 4.467926e-001 -9.725758e-001 -3.134600e-001 6.993612e-001 
3.158435e+000 1.874221e+001 -4.863394e+000 1.896653e+000 2.379163e-001 1.603285e+000 -3.821339e+000 -2.222546e+000 -2.515520e+000 1.557428e+000 -3.450383e+000 -2.469010e+000 -2.795201e-001 -1.794090e+000 -3.321870e+000 -1.264651e+000 -2.286829e+000 -3.615432e+000 1.948679e+000 -6.495447e-001 -2.296728e+000 5.035654e-001 -1.824003e-002 -1.828500e+000 1.049568e+000 2.331611e-001 -4.705154e-001 -1.386371e-001 8.713506e-002 -3.225267e-001 -5.685113e-002 -3.921793e-001 1.259273e+000 -9.028345e-001 -1.029140e+000 1.289792e+000 
3.782096e+000 1.656326e+001 -4.153796e+000 9.258954e-001 1.647230e+000 -6.599583e-001 -4.910665e+000 -2.526731e+000 -3.410248e+000 1.149390e+000 -2.903066e+000 -3.561527e+000 -4.007937e-001 -3.184577e+000 -3.493521e+000 -1.692375e+000 -2.806094e+000 -3.007456e+000 3.262539e-001 -1.454788e+000 -2.267214e+000 6.957861e-002 -6.900665e-001 -2.010041e+000 6.857040e-001 -2.215399e-001 -6.053904e-001 2.263708e-002 -7.089621e-001 -3.862506e-002 -2.848638e-001 -2.092367e-001 2.435777e-001 -7.596441e-001 -7.902627e-001 1.004040e+000 
3.837957e+000 1.719701e+001 -3.644873e+000 2.347423e+000 2.072626e+000 2.007319e-002 -3.527908e+000 -2.320697e+000 -2.569082e+000 2.354083e+000 -3.267052e+000 -3.237682e+000 6.343883e-001 -2.357860e+000 -3.399553e+000 -1.334348e+000 -2.071179e+000 -2.812625e+000 1.141256e+000 -8.331820e-001 -1.353117e+000 -2.873254e-001 2.072011e-001 -1.104012e+000 1.541781e-001 4.658758e-001 -3.547266e-001 4.343135e-001 -4.254304e-001 2.094548e-001 -4.223955e-001 -1.981439e-002 3.810807e-001 -5.893048e-001 -4.789963e-001 5.575522e-001 
3.243381e+000 1.664212e+001 -4.129241e+000 3.295931e+000 1.611438e+000 -5.314792e-001 -3.149569e+000 -2.709464e+000 -2.505574e+000 2.924269e+000 -3.603439e+000 -4.017053e+000 4.527211e-001 -2.553779e+000 -3.559835e+000 -2.137026e+000 -1.649686e+000 -2.933847e+000 5.329260e-001 -6.635767e-001 -1.670885e+000 -4.584460e-001 -1.165770e-002 -1.134455e+000 3.236291e-001 1.076861e-001 -9.903668e-002 5.568553e-001 -1.418286e+000 2.468227e-001 -3.414190e-001 -1.792031e-001 4.061223e-001 -4.386925e-001 -5.495221e-001 3.743014e-001 
3.989884e+000 1.586598e+001 -4.566645e+000 3.496682e+000 9.014852e-001 -8.245286e-001 -2.405007e+000 -2.490126e+000 -2.566237e+000 4.185910e+000 -4.238268e+000 -4.258474e+000 -1.168770e-001 -2.504125e+000 -3.014196e+000 -1.827933e+000 -2.007765e+000 -2.911414e+000 2.346433e-001 -1.264608e+000 -4.689528e-001 -7.133860e-001 -3.491501e-001 -1.171316e+000 -1.434607e-001 9.544426e-001 4.745185e-001 1.962060e-001 -1.431572e+000 -4.687527e-001 -4.215898e-001 3.774201e-001 3.732974e-001 -4.274480e-001 -4.774027e-001 3.350729e-002 
6.542890e+000 1.608409e+001 -3.568099e+000 3.389889e+000 -3.968987e-001 -7.809911e-001 -4.398260e+000 -3.398956e+000 -3.665441e+000 3.117449e+000 -3.804369e+000 -3.244206e+000 1.359831e-001 -1.725300e+000 -2.578879e+000 -1.491689e+000 -1.575801e+000 -2.060619e+000 -1.858374e-001 -1.239038e+000 -7.861748e-001 -9.413491e-001 -4.216510e-001 -1.315843e+000 -1.917548e-001 -5.153467e-002 5.938772e-001 3.433774e-001 -7.689003e-001 -1.662592e-001 1.361966e-002 3.917051e-001 3.161756e-002 -4.774015e-001 1.744484e-001 -8.571633e-002 
8.731761e+000 1.611098e+001 -2.402576e+000 3.068007e+000 2.130183e-001 -2.041673e+000 -7.575893e+000 -3.325806e+000 -2.749630e+000 8.741513e-001 -2.419493e+000 -2.107458e+000 1.067706e+000 -1.226892e+000 -2.492217e+000 -6.028651e-001 -9.998917e-001 -2.416906e+000 -8.239889e-001 2.901258e-001 -1.489258e+000 -1.446556e+000 -4.142496e-001 -1.642384e+000 -2.053858e-001 -1.487803e+000 6.594503e-001 9.834540e-001 -9.594093e-001 1.078204e-001 1.098001e+000 1.210352e+000 -1.985881e-001 -6.752628e-001 1.691323e-001 -1.067769e-002 
8.734383e+000 1.652508e+001 -3.790715e+000 4.431956e+000 -6.012361e-001 -1.842376e+000 -7.941415e+000 -2.670066e+000 -3.895753e+000 2.460086e-001 -3.194950e+000 -1.389032e+000 6.599657e-001 -3.964307e-001 -3.133612e+000 -8.536597e-001 -8.259749e-001 -2.742437e+000 -1.149849e+000 5.784623e-001 -2.049451e+000 -1.441504e+000 -2.991075e-001 -2.398810e+000 6.898332e-001 -2.489682e+000 7.870894e-001 1.201481e+000 -1.262879e+000 2.091445e-001 1.625569e+000 6.506476e-002 2.769722e-001 -7.822753e-001 1.875540e-002 7.878377e-001 
7.124880e+000 1.734055e+001 -4.497229e+000 4.845827e+000 -8.952582e-001 -2.915207e+000 -6.456234e+000 -4.098750e+000 -2.907624e+000 -7.463764e-001 -2.833659e+000 -2.196243e+000 1.676799e+000 -7.835912e-001 -3.152571e+000 -1.723598e+000 -3.439685e-001 -2.693748e+000 -2.028678e+000 1.159103e+000 -2.524758e+000 -1.899610e+000 -4.681598e-001 -2.595574e+000 3.040461e-001 -2.403182e+000 5.215960e-001 1.674861e+000 -2.123409e+000 3.550857e-001 1.375408e+000 6.539527e-001 -2.624582e-001 -5.487941e-001 5.273777e-001 4.232062e-001 
7.338232e+000 1.525596e+001 -3.275580e+000 4.189081e+000 -9.203669e-001 -2.624618e+000 -7.163989e+000 -4.689346e+000 -2.427278e+000 -1.190537e+000 -1.657771e+000 -2.006787e+000 1.524930e+000 -5.880821e-001 -2.752050e+000 -1.111320e+000 -3.916514e-001 -2.136384e+000 -2.521992e+000 1.071011e+000 -1.975304e+000 -2.030088e+000 -1.960488e-001 -2.057708e+000 6.688208e-002 -2.612086e+000 1.899470e-002 1.600667e+000 -1.168120e+000 3.151945e-001 1.275973e+000 8.245281e-001 -2.099579e-001 2.599542e-001 1.614697e-002 1.433802e-001 
6.531377e+000 1.468003e+001 -3.345063e+000 3.686921e+000 -2.306343e+000 -2.463927e+000 -7.264763e+000 -5.055777e+000 -2.155295e+000 -8.003941e-001 -2.525492e+000 -3.481149e-001 1.069455e+000 -2.850718e-002 -2.638319e+000 -1.160118e+000 7.404460e-001 -2.546056e+000 -2.318714e+000 7.192462e-001 -2.105792e+000 -2.271317e+000 -6.921359e-001 -2.345326e+000 2.053456e-001 -2.341159e+000 -1.467779e-001 9.387513e-001 -1.170306e+000 9.810134e-001 1.241494e+000 1.031918e+000 9.764700e-002 -9.905144e-002 5.563386e-001 3.084891e-001 
5.798553e+000 1.547972e+001 -2.972012e+000 5.646649e+000 -4.669653e+000 5.456960e-001 -7.999654e+000 -4.960785e+000 -1.141316e+000 -1.479944e+000 -1.183327e+000 -5.494236e-001 2.634045e+000 -5.407374e-001 -2.123508e+000 -5.314273e-001 5.247433e-001 -1.960402e+000 -2.665895e+000 1.359219e+000 -1.845493e+000 -2.119282e+000 -1.008836e+000 -2.615117e+000 2.882930e-001 -1.808414e+000 1.370337e-001 6.957698e-001 -4.069678e-001 7.358531e-001 1.092484e+000 1.075081e+000 -1.490145e-002 7.639727e-001 4.223999e-001 2.897032e-001 
7.399759e+000 1.361972e+001 -1.447244e+000 4.878377e+000 -3.715551e+000 -4.393011e-001 -7.533015e+000 -6.595361e+000 -5.805977e-002 -2.126398e+000 -1.619589e+000 -8.008938e-001 1.841776e+000 -1.077601e+000 -1.724512e+000 -8.357808e-001 -7.027410e-001 -1.525518e+000 -2.606154e+000 7.109571e-001 -1.514535e+000 -1.587600e+000 -1.274705e+000 -2.086962e+000 2.201903e-001 -1.651027e+000 -6.431172e-001 3.622676e-001 6.670793e-002 8.294395e-001 8.867662e-001 8.842447e-001 -1.538702e-001 4.767854e-001 4.330412e-001 -7.995802e-002 
6.646098e+000 1.413713e+001 -2.372923e+000 5.190839e+000 -3.938064e+000 -5.786906e-001 -8.041415e+000 -6.453938e+000 -2.091630e-001 -2.350932e+000 -1.931637e+000 -1.115458e+000 2.324750e+000 -1.883891e+000 -1.562186e+000 -7.190690e-001 -1.182417e+000 -1.230287e+000 -3.213318e+000 5.555527e-001 -1.260313e+000 -1.535697e+000 -1.344059e+000 -2.191257e+000 1.737742e-001 -1.809620e+000 -4.118072e-001 3.447904e-002 -1.287878e-001 1.076233e+000 1.029541e+000 8.749581e-001 -3.327946e-001 6.631341e-001 1.767957e-001 -3.631388e-001 
5.528241e+000 1.566944e+001 -3.903463e+000 6.737213e+000 -3.345298e+000 -3.244478e-001 -8.546274e+000 -6.654764e+000 -1.994084e-001 -2.153616e+000 -1.560012e+000 -1.907627e+000 2.636422e+000 -2.153119e+000 -1.849581e+000 -6.429112e-001 -1.162817e+000 -1.348403e+000 -3.274121e+000 9.218200e-001 -1.758170e+000 -1.107527e+000 -1.105002e+000 -2.794790e+000 5.471087e-001 -1.635006e+000 -7.737971e-001 7.340209e-002 5.212863e-001 8.667120e-001 3.308562e-001 1.050623e+000 -2.168761e-001 5.866661e-001 -2.597503e-001 -4.522691e-001 
2.104236e+000 1.853220e+001 -6.806889e+000 6.961751e+000 -5.358432e+000 -1.290397e+000 -7.622692e+000 -8.443779e+000 6.027660e-001 -4.104105e+000 -8.197732e-001 -3.225692e+000 3.097878e+000 -1.545976e+000 -2.351130e+000 -1.439958e+000 -2.348785e+000 -6.946230e-001 -3.099129e+000 1.016721e+000 -2.126779e+000 -1.164653e+000 -1.077177e+000 -3.312372e+000 8.061430e-002 -2.069342e+000 5.460795e-001 1.333789e-002 6.096190e-001 -5.160782e-002 1.239917e-001 1.984465e+000 -5.625388e-001 4.684941e-001 -9.569476e-001 -2.402870e-001 
1.833575e+000 1.663257e+001 -4.272207e+000 6.178048e+000 -4.550655e+000 -1.339895e+000 -8.410123e+000 -7.570656e+000 1.073872e+000 -2.624455e+000 -1.058455e+000 -5.368983e-001 2.159228e+000 -4.435288e-001 -1.676823e+000 -1.449035e+000 -9.753855e-001 -4.524144e-001 -1.730736e+000 -2.947377e-001 -2.161224e+000 -7.356836e-001 -7.959717e-001 -2.792819e+000 -4.367995e-001 -1.305471e+000 -3.760925e-001 4.526113e-001 8.801908e-001 1.667308e-001 8.973327e-001 1.822472e+000 -2.648301e-002 1.360044e-001 -5.448832e-001 3.936214e-002 
