-1.174591e+000 7.837162e+000 -3.013824e+000 5.888063e+000 -1.923745e+000 5.481638e+000 -7.017437e-001 1.722536e+000 5.948268e-001 2.089779e-001 1.261082e+000 -1.993448e+000 -5.334582e-001 -8.635125e-001 1.053210e-001 -7.722630e-001 1.985672e-001 -1.163901e+000 3.891225e-002 -3.645799e-001 -2.073556e-001 -8.010854e-001 -1.131872e-001 -1.673371e-001 
-9.882838e-001 7.445674e+000 -3.661007e+000 6.641771e+000 -1.305993e+000 5.613190e+000 -6.128668e-001 1.783955e+000 6.037892e-001 -8.199273e-001 1.062203e+000 -1.515351e+000 3.295086e-001 -5.483828e-001 -9.490530e-003 -1.264110e+000 -2.694781e-001 -8.608812e-001 4.757206e-002 -2.468576e-001 -6.675304e-001 -5.606573e-001 -4.208844e-001 -1.649230e-001 
-1.120686e+000 7.022169e+000 -5.176849e+000 5.311814e+000 -2.838708e+000 3.783312e+000 -2.414203e+000 8.570774e-001 2.764198e-002 -6.810915e-001 1.067577e+000 -1.699287e+000 4.030897e-001 -6.120986e-001 4.831842e-001 -8.982946e-001 9.486266e-001 -2.786762e-001 -5.117088e-001 -1.288614e-001 -6.932418e-001 -5.675648e-001 -4.922035e-001 -1.750585e-001 
-2.979779e+000 5.362118e+000 -6.029301e+000 5.448198e+000 -2.720661e+000 4.011133e+000 -1.937958e+000 1.136549e+000 1.038076e+000 -2.514850e-002 3.671526e-001 -1.502112e+000 7.867037e-001 1.832432e-001 8.339307e-001 -1.117544e+000 4.973151e-001 -8.035032e-001 -2.631840e-001 1.730890e-002 -1.787172e-001 -9.791531e-002 -2.998149e-001 -5.703601e-001 
-2.338309e+000 6.560676e+000 -4.434627e+000 6.539851e+000 -2.001458e+000 4.157304e+000 -6.878497e-001 1.662001e-001 -1.397634e-001 -7.240495e-001 5.397702e-001 -1.176699e+000 -1.120261e-001 -6.403887e-001 3.103170e-001 -8.285879e-001 1.079019e+000 -4.028525e-001 -4.312848e-001 -2.661439e-001 -5.887153e-001 -6.713545e-001 -4.894329e-001 -1.289339e-001 
-1.507252e+000 8.434518e+000 -4.155809e+000 7.499808e+000 -1.728164e+000 3.596256e+000 -2.268844e-001 1.363510e+000 1.047725e+000 -9.741138e-002 4.384357e-001 -1.400053e+000 6.252715e-001 -6.026430e-001 4.897782e-001 -1.426649e+000 -3.404401e-001 -9.712198e-001 -8.937407e-002 2.560013e-002 -3.678013e-001 -2.395536e-001 -6.747253e-001 -2.909367e-001 
4.166907e-001 1.130521e+001 -2.807273e+000 6.211529e+000 -5.814753e-001 2.606755e+000 3.210920e-001 1.180722e+000 5.494221e-001 -2.084175e-001 8.649868e-002 -2.414025e+000 -4.890076e-002 -1.934067e-001 5.898923e-001 -1.860512e-001 -4.701375e-001 -8.280541e-001 -1.875651e-001 1.550689e-001 -7.536861e-001 -5.105307e-001 -5.614860e-001 2.876933e-001 
3.086058e+000 1.662145e+001 -1.326972e+000 1.996493e+000 2.240780e-001 8.006377e-001 -1.868674e-001 2.347787e-001 1.231287e+000 -1.792172e-001 -1.027067e+000 -1.951920e+000 7.899384e-002 5.472831e-001 2.497423e-001 -1.002702e-001 -1.015461e+000 -7.895792e-001 -1.379772e-001 -2.586930e-002 -6.519238e-001 -1.029556e+000 -5.657367e-001 1.460544e-002 
9.719219e+000 1.740609e+001 -1.360577e+000 -2.584522e-001 1.372576e+000 -1.563016e+000 -2.292985e+000 -8.301387e-001 -1.678901e-001 -1.778682e+000 -3.610300e+000 -2.767918e+000 -1.120376e-001 1.445152e+000 1.584459e+000 3.821064e-001 -7.198592e-001 -2.897990e-001 5.020278e-001 2.591440e-001 -5.316239e-001 -1.281956e+000 -1.288897e+000 -4.506136e-001 
1.270357e+001 1.991291e+001 -4.435545e+000 1.122284e+000 1.786115e-001 -1.961820e+000 -2.468664e+000 -1.343277e+000 -1.386697e-001 -2.934477e+000 -4.017386e+000 -2.721644e+000 1.291567e-001 1.892624e+000 1.911838e+000 9.300706e-001 -4.334674e-001 -3.528490e-001 8.354184e-001 2.918934e-001 -4.256563e-001 -7.679073e-001 -1.624251e+000 -6.229216e-001 
1.593015e+001 1.838172e+001 -4.277209e+000 5.731330e-002 -1.687694e-001 -1.994934e+000 -2.211497e+000 -1.415903e+000 4.136162e-001 -2.172988e+000 -3.825205e+000 -2.475524e+000 3.181274e-001 1.994529e+000 1.271950e+000 3.271740e-001 -1.039828e+000 -7.859134e-001 6.950426e-001 1.817928e-001 -2.956364e-001 -3.876299e-001 -8.899854e-001 -6.590142e-001 
1.560507e+001 1.707456e+001 -3.546235e+000 7.624014e-001 -1.214157e+000 -2.738587e+000 -1.295573e+000 2.838120e-001 1.129904e+000 -2.144829e+000 -3.298895e+000 -1.183063e+000 9.860398e-001 9.442563e-001 4.236279e-001 1.304835e-001 -1.556188e+000 -1.210636e+000 3.560786e-001 2.535823e-002 1.783771e-001 -2.153183e-002 -8.898449e-001 -3.197510e-001 
1.239368e+001 2.059349e+001 -7.046831e+000 3.790702e+000 -3.749175e+000 -1.697580e+000 -2.164791e+000 5.581173e-001 2.624252e+000 -2.989708e+000 -2.019723e+000 -2.149299e+000 1.698051e+000 8.059231e-002 4.468890e-001 -5.686557e-001 -1.266158e+000 -6.071722e-001 -5.292847e-001 3.080843e-001 -5.648953e-002 4.854155e-001 -1.238846e+000 -2.890833e-001 
1.139441e+001 2.123132e+001 -7.141338e+000 4.877131e+000 -3.179953e+000 -2.459764e+000 -1.782179e+000 5.251803e-001 2.987279e+000 -2.544655e+000 -1.376687e+000 -1.620812e+000 1.360401e+000 -6.841129e-001 -2.574731e-001 -8.995587e-003 -8.649786e-001 -2.642436e-001 -1.081822e+000 -4.282881e-002 1.661502e-001 7.865930e-002 -9.556328e-001 -5.344449e-001 
1.102202e+001 2.113848e+001 -7.006763e+000 4.881225e+000 -3.590047e+000 -2.892152e+000 -1.572645e+000 -1.160334e-001 3.167573e+000 -2.427027e+000 -1.674462e+000 -1.503760e+000 1.339002e+000 -9.400135e-001 -4.035745e-001 4.787540e-001 -7.209265e-001 -6.432715e-001 -1.079882e+000 -2.411241e-001 1.704669e-001 2.751852e-001 -6.497937e-001 -7.813087e-001 
1.168460e+001 2.039641e+001 -6.613266e+000 4.449470e+000 -3.585103e+000 -2.368012e+000 -1.842690e+000 -2.629539e-001 3.558522e+000 -1.813083e+000 -2.514273e+000 -1.176192e+000 1.256312e+000 -1.146011e+000 -2.480198e-001 6.659961e-001 -6.343314e-001 -8.971065e-001 -1.007433e+000 -1.502517e-001 -2.398223e-001 4.882335e-001 -3.841918e-001 -9.600073e-001 
1.363927e+001 1.788649e+001 -4.829821e+000 3.165507e+000 -2.383774e+000 -3.484250e+000 -1.430090e+000 4.170865e-001 2.859493e+000 -1.223631e+000 -2.900721e+000 -7.502702e-001 5.024699e-001 -7.835835e-001 -4.081657e-001 5.280617e-001 -2.015826e-001 -6.599420e-001 -1.281430e+000 -6.930791e-001 2.367691e-001 1.108795e-001 -2.256332e-001 -6.568982e-001 
1.711322e+001 1.405681e+001 -1.785288e+000 1.401369e-001 -1.262638e+000 -3.182356e+000 -1.481882e+000 8.365049e-001 1.782155e+000 -7.712859e-001 -2.810911e+000 -1.008296e+000 3.951339e-001 -7.365587e-001 -2.790750e-001 2.671308e-001 -1.737352e-001 -2.823635e-001 -1.104967e+000 -8.872566e-001 1.375421e-001 4.654079e-002 -4.061388e-002 2.311516e-002 
7.856135e+000 1.031288e+001 1.619225e-004 9.435905e-001 -2.046960e+000 5.704071e-001 -8.417885e-001 7.578068e-001 9.929512e-001 -7.333317e-001 -1.712484e-001 -1.383579e+000 3.430584e-002 -1.269817e-001 -4.722623e-001 1.144375e-001 -3.263150e-001 -2.926588e-001 -3.018213e-001 -1.682827e-001 -2.432910e-001 -7.004838e-002 1.989637e-001 1.198730e-001 
-1.769648e+000 6.995422e+000 -3.276222e+000 6.750872e+000 -8.157707e-001 5.628139e+000 -1.280889e+000 1.618465e+000 1.000459e+000 -2.716326e-001 9.544218e-001 -1.295906e+000 2.573302e-001 -6.541646e-001 4.650735e-001 -1.085965e+000 8.819040e-002 -1.033232e+000 -1.014436e-001 -4.878165e-001 -6.953272e-001 -8.408884e-001 -4.817792e-001 -9.329399e-002 
-1.035960e+000 7.703961e+000 -4.379687e+000 5.937361e+000 -2.322440e+000 4.384071e+000 -1.451415e+000 9.305501e-001 1.439731e-001 -1.382333e+000 8.984525e-001 -1.641927e+000 2.278254e-001 -6.537392e-001 4.921588e-001 -1.114352e+000 2.391622e-001 -4.616320e-001 -4.175729e-001 -2.146656e-001 -7.880946e-001 -5.984913e-001 -2.122822e-001 9.107542e-002 
-2.107880e+000 6.200174e+000 -5.444935e+000 5.192350e+000 -2.719240e+000 3.904505e+000 -2.136762e+000 1.117063e+000 6.183205e-001 -2.224805e-001 7.456343e-001 -1.339830e+000 1.015547e+000 -1.568921e-001 4.442325e-001 -9.380126e-001 7.018155e-001 -4.930723e-001 -3.199741e-001 -1.790011e-001 -2.109573e-001 -8.113964e-002 -6.180733e-001 -5.906528e-001 
-3.693026e+000 5.884448e+000 -5.525875e+000 6.071836e+000 -1.961290e+000 3.787009e+000 -1.243242e+000 -1.011389e-001 6.392213e-002 -8.571893e-001 7.509137e-001 -1.507488e+000 -1.127511e-001 -9.339751e-001 5.259361e-001 -4.391279e-001 1.331605e+000 -8.052326e-002 -3.468410e-001 -6.922180e-002 -7.403828e-001 -6.033049e-001 -6.193557e-001 -4.017906e-001 
-1.617151e+000 7.797424e+000 -4.065858e+000 7.194425e+000 -1.357779e+000 3.662051e+000 -9.305925e-002 1.858289e-001 3.937318e-001 -9.327663e-001 5.426269e-001 -1.167985e+000 6.464184e-001 -5.352825e-002 2.657574e-001 -9.012445e-001 -1.027530e-001 -7.366227e-001 -2.708826e-001 9.525417e-002 -4.227609e-001 -2.541469e-001 -8.233401e-001 -3.000167e-001 
-1.182708e+000 1.017716e+001 -3.080346e+000 7.208562e+000 -8.434536e-001 3.086200e+000 1.784913e-001 8.631472e-001 5.849193e-001 -1.387011e-001 5.171627e-001 -2.197952e+000 1.983354e-001 -6.096237e-001 5.091564e-001 -7.523096e-001 -2.203589e-001 -5.357701e-001 -5.818894e-002 1.096734e-001 -7.640558e-001 -2.758033e-001 -4.688831e-001 1.492027e-001 
2.150082e+000 1.402090e+001 -1.620015e+000 3.193813e+000 7.192041e-002 1.687168e+000 4.890307e-001 6.033142e-001 1.489420e+000 1.090855e-001 -5.751184e-001 -1.980814e+000 1.488505e-001 4.168094e-001 7.883274e-002 -3.228925e-001 -1.159721e+000 -7.598905e-001 -1.662627e-001 -8.025206e-002 -8.909634e-001 -9.298587e-001 -4.669111e-001 1.894787e-001 
6.485764e+000 1.829085e+001 -1.739715e+000 3.137559e-001 1.585817e+000 -1.035125e+000 -1.499035e+000 -3.855350e-001 1.046678e-001 -1.139472e+000 -2.829343e+000 -2.601832e+000 8.374727e-002 1.266782e+000 1.163361e+000 2.906212e-001 -9.403712e-001 -5.397452e-001 1.929546e-001 2.440072e-002 -5.185244e-001 -1.152749e+000 -9.474097e-001 -1.507444e-001 
1.237987e+001 1.805330e+001 -2.700097e+000 1.771762e-001 1.267052e+000 -1.372342e+000 -2.238889e+000 -1.054018e+000 -5.032198e-001 -3.079787e+000 -4.271259e+000 -2.598125e+000 1.096392e-001 1.898693e+000 2.090812e+000 8.849108e-001 -4.426742e-001 -1.775285e-001 6.855246e-001 9.259336e-002 -5.257585e-001 -1.011351e+000 -1.461107e+000 -4.702288e-001 
1.465558e+001 1.893687e+001 -4.482533e+000 7.519874e-001 -1.911337e-001 -1.957832e+000 -2.209098e+000 -1.567662e+000 1.283636e-001 -2.706073e+000 -3.861811e+000 -2.576687e+000 4.983348e-002 2.128666e+000 1.520040e+000 6.644482e-001 -6.488305e-001 -7.495961e-001 7.089387e-001 3.583444e-001 -2.960614e-001 -6.421009e-001 -1.257279e+000 -8.411865e-001 
1.540821e+001 1.793612e+001 -3.941299e+000 2.745597e-001 -6.752951e-001 -2.323084e+000 -1.579928e+000 -2.276990e-001 7.210040e-001 -2.225293e+000 -3.456221e+000 -1.554036e+000 8.815975e-001 1.096995e+000 7.569484e-001 3.652745e-001 -1.528336e+000 -9.768153e-001 5.778330e-001 1.458898e-002 -7.312698e-003 -2.104148e-001 -8.989931e-001 -4.079837e-001 
1.239150e+001 2.042060e+001 -6.647839e+000 3.622260e+000 -3.576940e+000 -1.873689e+000 -1.786768e+000 5.111324e-001 2.403027e+000 -2.947576e+000 -2.543105e+000 -1.949053e+000 1.609175e+000 4.058748e-001 3.224987e-001 -1.852773e-001 -1.456179e+000 -8.578754e-001 -1.202430e-001 1.780430e-001 -1.176998e-001 3.539445e-001 -1.149784e+000 -3.624468e-001 
1.378017e+001 1.789356e+001 -4.452808e+000 2.092490e+000 -1.465126e+000 -3.098930e+000 -1.693298e+000 7.667693e-001 2.292144e+000 -1.826765e+000 -2.641051e+000 -9.759662e-001 6.797745e-001 3.737174e-001 -2.500230e-001 -2.151617e-003 -1.048567e+000 -8.701762e-001 -4.172229e-001 -3.040775e-001 5.938421e-001 1.010745e-002 -9.361773e-001 -6.324554e-001 
1.111177e+001 2.061010e+001 -6.675723e+000 4.614158e+000 -3.215629e+000 -2.986003e+000 -1.555458e+000 7.132318e-002 2.900666e+000 -2.154972e+000 -1.857001e+000 -1.342814e+000 1.257081e+000 -7.789142e-001 -4.855406e-001 4.949893e-001 -7.297449e-001 -6.891056e-001 -9.978248e-001 -3.650755e-001 3.457553e-001 1.620036e-001 -5.793139e-001 -6.997534e-001 
1.191299e+001 1.953892e+001 -5.578352e+000 3.824975e+000 -3.043328e+000 -3.001078e+000 -1.695690e+000 6.779812e-002 3.179906e+000 -1.629781e+000 -2.797026e+000 -6.701556e-001 1.024879e+000 -7.795296e-001 -6.129345e-001 5.824685e-001 -6.058259e-001 -8.749629e-001 -8.217826e-001 -4.870314e-001 7.204962e-002 3.167208e-001 -3.429416e-001 -1.005940e+000 
1.179792e+001 2.001199e+001 -6.501826e+000 4.831412e+000 -3.571146e+000 -2.799412e+000 -1.755666e+000 1.659006e-001 3.398381e+000 -1.733068e+000 -2.475852e+000 -1.232707e+000 1.265113e+000 -1.232872e+000 -3.726851e-001 4.791327e-001 -3.285425e-001 -5.078227e-001 -1.359267e+000 -4.423131e-001 -1.488873e-001 4.069494e-001 -2.893474e-001 -7.344203e-001 
