-1.329886e+000 2.073465e+001 -5.015457e+000 -2.646650e+000 -2.770513e+000 5.779744e+000 -3.344942e+000 -1.334798e+000 1.699231e+000 -1.241609e+000 -6.409433e+000 -5.218632e+000 3.384540e+000 -4.562052e+000 -1.492678e+000 -1.416247e+000 -2.641568e+000 -3.815584e+000 -2.332473e+000 2.407762e+000 1.008837e-001 -1.269598e+000 1.706183e-001 1.262023e+000 -1.555954e+000 1.095114e+000 1.310935e+000 6.706327e-001 9.153858e-001 -8.073312e-001 3.950345e-001 -1.718538e+000 -1.378668e+000 -4.912240e-001 -4.664548e-001 -8.089135e-001 
-1.599502e+000 2.249305e+001 -5.459921e+000 -3.025454e+000 -2.055149e+000 6.375660e+000 -3.103543e+000 -3.593028e+000 1.221829e+000 -3.145934e+000 -5.743794e+000 -4.507429e+000 3.282365e+000 -4.140030e+000 -2.213056e+000 -4.645743e-001 -3.195857e+000 -3.590310e+000 -3.169163e+000 2.130454e+000 -4.033831e-001 -2.026149e+000 7.541712e-001 6.973711e-001 -1.759465e+000 1.892364e-001 1.758350e+000 1.134163e+000 4.194702e-001 -8.505179e-001 3.196091e-002 -1.515496e+000 -1.905099e+000 -4.564069e-002 -1.994250e-001 -5.599250e-001 
-1.501959e+000 2.241957e+001 -4.296846e+000 -3.522135e+000 -1.977803e+000 6.369991e+000 -2.311842e+000 -3.636746e+000 4.823331e-001 -1.079223e+000 -5.884720e+000 -5.271065e+000 2.657431e+000 -4.947967e+000 -3.126609e+000 1.484309e-002 -2.540826e+000 -3.233034e+000 -1.873293e+000 2.664145e+000 -9.832713e-001 -1.927609e+000 6.884774e-001 7.518405e-003 -1.675120e+000 3.484131e-001 1.385527e+000 1.012676e+000 7.793728e-001 1.918350e-001 1.453646e-001 -1.358509e+000 -1.908670e+000 -9.800026e-001 -3.890449e-001 -5.600807e-001 
-5.014375e-001 2.392668e+001 -4.572777e+000 -2.818335e+000 -1.906925e+000 5.852069e+000 -4.478212e+000 -3.670021e+000 6.529545e-001 -2.472453e+000 -4.466775e+000 -4.824048e+000 3.074742e+000 -4.865158e+000 -2.959234e+000 2.529315e-001 -1.970431e+000 -4.643017e+000 -1.952315e+000 2.510865e+000 -1.353916e+000 -9.255122e-001 5.077143e-001 5.179993e-001 -1.890358e+000 4.558869e-001 1.225321e+000 1.243890e+000 7.199694e-001 -4.653035e-001 7.140166e-001 -1.851704e+000 -1.391673e+000 -7.660844e-001 -4.325973e-001 -5.924276e-001 
3.538224e+000 2.204829e+001 -5.130445e+000 -2.094481e+000 -4.476204e+000 6.169086e+000 -6.060032e+000 -3.268876e+000 5.502760e-001 -2.410912e+000 -4.238132e+000 -5.475775e+000 2.154465e+000 -3.747606e+000 -3.966983e-001 -8.907561e-001 -1.852591e+000 -3.416688e+000 -2.451808e+000 1.783270e+000 1.714176e-001 4.563313e-001 -7.141702e-001 8.669418e-001 -8.601828e-001 7.608725e-001 1.189628e+000 1.204363e+000 1.083105e+000 -8.118702e-001 1.203577e+000 -1.532046e+000 -1.253910e+000 -2.344140e-001 -2.841475e-001 -1.102151e+000 
8.665648e+000 1.615840e+001 -4.228559e+000 -1.944292e+000 -3.013524e+000 3.484573e+000 -6.442009e+000 -2.516050e+000 8.524334e-001 -3.433341e+000 -3.545508e+000 -3.391928e+000 1.615440e-001 -3.036697e+000 -9.713950e-001 -5.189958e-001 -2.181541e+000 -2.163260e+000 -3.750936e+000 5.757148e-001 1.306656e+000 -4.437007e-001 -3.091372e-001 1.165400e-001 7.356884e-001 8.010642e-001 8.714100e-001 8.018123e-001 3.804704e-001 -3.781132e-001 7.666390e-001 -5.273084e-001 -1.638823e+000 -7.605122e-002 -1.044922e+000 -7.757735e-001 
8.726709e+000 1.513847e+001 -4.816880e+000 -9.122045e-002 -2.233630e+000 2.731927e+000 -6.391872e+000 -2.761205e+000 4.879105e-001 -2.661756e+000 -3.080722e+000 -2.857950e+000 3.635032e-001 -3.534130e+000 -2.045266e-001 5.501658e-001 -1.293173e+000 -1.295678e+000 -4.339013e+000 -3.873776e-001 1.482401e+000 -6.613396e-001 -3.756351e-001 1.099368e+000 2.336507e+000 1.580859e+000 -3.151662e-001 2.623434e-001 7.044648e-001 -5.357223e-001 7.133777e-001 -9.137735e-002 -9.583361e-001 -1.276562e-001 -1.064026e+000 -5.904018e-001 
8.651749e+000 1.470793e+001 -5.477754e+000 -1.055856e+000 -3.049482e+000 8.995689e-001 -7.057983e+000 -1.729240e+000 1.104123e+000 -1.999780e+000 -3.024518e+000 -3.299783e+000 1.511283e-001 -4.556861e+000 -5.597903e-001 1.340350e+000 -9.882372e-001 -9.660189e-001 -3.875012e+000 -3.500422e-001 1.227583e+000 -1.144439e+000 9.158414e-002 1.710657e+000 1.663889e+000 1.410408e+000 1.091314e-001 9.674764e-002 5.602517e-001 -3.199381e-002 1.310382e+000 -3.193146e-001 -1.412094e+000 -1.058606e-003 -9.673372e-001 -6.917484e-001 
6.517062e+000 1.293676e+001 -5.678148e+000 -1.789626e+000 -3.426316e+000 1.884842e+000 -7.359092e+000 7.579707e-001 8.425323e-001 -1.591543e+000 -1.929978e+000 -3.725805e+000 -3.216886e-001 -4.200619e+000 -6.156444e-001 1.049889e+000 -3.003543e-001 -9.441328e-001 -2.998105e+000 -1.035559e+000 8.798658e-001 -1.895375e-001 -4.209888e-001 1.395041e+000 1.816851e+000 9.173878e-001 -1.102771e-001 -2.614382e-001 4.247479e-001 -3.978595e-001 2.913672e-001 1.009687e-001 -1.386664e+000 -1.769807e-001 -8.610766e-001 -3.819341e-001 
5.563170e+000 1.481268e+001 -5.466803e+000 8.454162e-001 -4.090634e+000 2.011269e+000 -8.978587e+000 -1.362532e+000 -1.576664e+000 -7.950837e-001 -2.224900e+000 -1.653997e+000 8.367594e-001 -4.022715e+000 -4.840977e-001 5.756309e-001 -3.702328e-001 -1.844291e+000 -2.195286e+000 -1.214204e+000 2.397700e+000 -3.583457e-001 -1.018876e-001 3.083472e-001 1.839596e+000 1.709801e+000 -2.860363e-001 1.415790e+000 7.609303e-001 -1.881490e-001 -2.620593e-002 6.139903e-001 -1.068498e+000 3.508725e-001 -1.482192e+000 -4.319101e-001 
6.767010e+000 1.563018e+001 -5.210807e+000 1.909302e+000 -4.613061e+000 1.770855e+000 -9.367022e+000 -2.147345e+000 -1.689836e+000 -5.517019e-001 -2.475572e+000 -3.441564e+000 3.637550e-001 -4.105455e+000 -1.068789e+000 -3.718904e-001 -1.075476e+000 -2.891474e+000 -2.573815e+000 -5.618105e-001 1.235025e+000 -6.914268e-001 -3.918184e-001 3.077802e-001 1.730224e+000 1.580061e+000 -2.815897e-001 1.061087e+000 4.317874e-001 -5.821343e-001 -1.649114e-001 5.633275e-001 -1.489710e+000 -4.085968e-003 -1.434562e+000 -1.986283e-001 
5.708019e+000 1.662152e+001 -7.012809e+000 1.196205e+000 -3.689942e+000 9.977286e-001 -7.637256e+000 -1.793753e+000 -1.681405e+000 -1.421953e+000 -1.427193e+000 -3.810530e+000 4.525161e-002 -5.231880e+000 -1.144562e+000 -1.148112e+000 -1.733566e+000 -1.699915e+000 -3.283846e+000 9.776131e-001 1.959113e+000 -1.231804e-002 -8.729098e-001 3.324828e-001 2.517107e+000 1.284837e+000 6.205484e-001 1.497779e+000 1.097226e+000 -1.067830e+000 -4.456241e-001 6.392774e-002 -1.376695e+000 3.265642e-001 -1.157241e+000 -5.177623e-001 
7.134733e+000 1.609295e+001 -5.542456e+000 2.099409e+000 -3.235307e+000 1.675550e+000 -7.987540e+000 -1.230498e+000 -2.085641e+000 -6.152666e-001 -3.974678e-001 -3.168662e+000 3.849200e-002 -4.458916e+000 -1.326462e+000 -1.376080e+000 -9.041985e-001 -7.320160e-001 -1.792179e+000 3.822439e-001 2.182687e+000 -3.285566e-002 -5.347587e-001 1.122081e+000 2.453066e+000 2.212315e+000 5.199140e-001 1.660982e+000 1.026573e+000 -8.034736e-001 -9.727897e-002 -4.552835e-001 -9.309607e-001 6.449578e-001 -7.283787e-001 -6.169411e-001 
8.097491e+000 1.522357e+001 -5.754988e+000 6.450942e-001 -3.373064e+000 8.565669e-001 -7.730603e+000 -3.268141e+000 -1.487579e+000 -6.048242e-001 -1.594076e+000 -3.133952e+000 -3.176675e-001 -4.386874e+000 -2.385785e+000 -2.018138e+000 -1.257355e+000 -3.171267e-001 -1.515450e+000 6.496001e-001 2.174273e+000 -4.268961e-001 -8.064290e-001 1.159958e+000 2.171470e+000 1.936569e+000 9.347940e-001 1.192083e+000 1.195847e+000 -5.483293e-001 -4.076997e-001 -1.758008e-001 -1.009017e+000 3.725045e-001 -3.188113e-001 -6.004578e-001 
7.129579e+000 1.669623e+001 -6.880481e+000 2.280943e+000 -3.031327e+000 1.422581e+000 -8.496515e+000 -2.807358e+000 -2.221977e+000 -1.121201e-001 -9.224041e-001 -3.581156e+000 6.607377e-001 -4.282209e+000 -1.629730e+000 -1.882725e+000 -1.203406e+000 -1.133146e+000 -1.472701e+000 1.509887e+000 2.117179e+000 -2.746885e-001 -6.736599e-001 5.128630e-001 2.046203e+000 2.006573e+000 1.278558e+000 2.041139e+000 9.641488e-001 -6.347299e-001 -6.903594e-001 -9.265926e-001 -1.214578e+000 9.241643e-001 -4.005122e-002 -1.272075e-001 
6.115346e+000 1.793983e+001 -6.299071e+000 3.428740e+000 -3.355596e+000 3.158845e+000 -7.536787e+000 -2.204659e+000 -1.293824e+000 -6.431380e-001 -1.685222e-001 -5.577318e+000 1.331372e+000 -4.580411e+000 -9.392591e-001 -1.269745e+000 -7.691306e-001 -1.069606e+000 -1.584833e+000 1.562138e+000 9.946071e-001 1.295471e+000 -9.374713e-001 1.397394e+000 1.582672e+000 1.909392e+000 9.059366e-001 1.345618e+000 7.391385e-001 -1.449479e+000 4.314048e-001 -8.658722e-001 3.459084e-001 1.377493e-001 -2.559433e-001 -5.506409e-001 
7.264043e+000 1.697615e+001 -5.242461e+000 1.677396e+000 -2.748976e+000 1.689099e+000 -7.414134e+000 -3.653758e+000 -2.186194e+000 -7.225533e-001 -1.157436e+000 -4.537139e+000 4.204566e-001 -3.487046e+000 -2.223028e+000 -1.078135e+000 -1.991650e+000 -1.357745e+000 -1.835810e+000 8.186495e-001 9.486079e-001 -8.477950e-001 4.829211e-001 1.329823e+000 1.564382e+000 1.535122e+000 1.034676e+000 1.696432e+000 5.090616e-001 -8.484916e-001 -3.845968e-001 -6.923748e-001 -1.168766e+000 1.194833e-001 9.158154e-002 2.265148e-001 
8.729966e+000 1.520317e+001 -4.615774e+000 8.550888e-001 -2.426691e+000 9.223856e-001 -7.346643e+000 -3.240278e+000 -2.155846e+000 -2.448728e-001 -1.493620e+000 -5.104372e+000 8.615641e-003 -2.909793e+000 -2.455834e+000 -5.704355e-001 -1.033530e+000 -1.666701e+000 -1.819141e+000 9.886409e-001 1.071513e+000 -4.960781e-001 5.939306e-001 1.297971e+000 1.770295e+000 1.457355e+000 1.030218e+000 1.572420e+000 4.501744e-001 -6.709441e-001 -2.562063e-001 -8.499821e-002 -6.070732e-001 -5.910075e-002 -3.107360e-001 -1.121109e-001 
7.457802e+000 1.700043e+001 -7.971618e+000 3.141219e+000 -3.712794e+000 3.001434e+000 -8.109182e+000 -2.754970e+000 -2.069115e+000 -5.670031e-001 1.015605e-001 -5.211619e+000 1.324444e+000 -4.428391e+000 -1.331197e+000 -9.308867e-001 -3.228300e-001 -1.262731e+000 -1.297711e+000 2.314414e+000 7.395936e-001 7.457113e-001 1.836300e-001 2.351908e+000 1.087835e+000 1.686665e+000 1.386634e+000 2.606888e+000 9.114715e-001 -1.278640e+000 5.606096e-001 -8.209772e-001 4.495646e-003 -9.331550e-002 1.887077e-001 1.185642e-001 
1.085344e+001 1.431436e+001 -4.938502e+000 5.424135e-001 -1.895958e+000 1.338859e+000 -6.769446e+000 -3.702836e+000 -1.852703e+000 -4.893876e-001 -6.312139e-001 -4.315425e+000 -4.879664e-001 -3.876846e+000 -2.287596e+000 -1.375764e+000 -1.521953e+000 -1.203839e+000 -2.523292e+000 1.498941e+000 5.401085e-001 -4.679582e-001 2.309948e-002 3.974093e-001 1.880271e+000 8.358344e-001 9.032862e-001 1.891073e+000 8.692818e-001 -1.025670e+000 -7.031636e-001 -4.381842e-001 -8.745753e-001 -6.089582e-001 -3.085907e-001 4.742264e-001 
1.092254e+001 1.504966e+001 -2.308452e+000 -1.196490e+000 1.078774e+000 8.051232e-001 -2.499118e+000 -1.811218e-001 -5.259012e-001 -1.038256e+000 -2.242784e+000 -3.526290e+000 -9.601149e-002 -8.682623e-001 -4.368705e-001 -4.649292e-001 -1.404840e+000 -1.326613e+000 -1.171287e+000 1.773883e+000 1.161041e+000 -9.141986e-001 -3.077570e-001 2.271239e-001 6.399677e-001 4.530116e-001 7.603159e-001 1.489294e+000 7.124301e-001 -5.584171e-001 -3.906849e-001 -4.321487e-002 -9.419690e-002 1.181596e-001 1.585396e-001 -3.402216e-003 
2.522014e-001 1.865185e+001 -4.843625e+000 -3.538911e+000 -9.922579e-001 5.430443e+000 -1.945262e+000 -1.035123e+000 5.682646e-001 -2.141532e+000 -6.573770e+000 -4.704969e+000 1.118055e+000 -4.446752e+000 -1.564474e+000 -9.345364e-001 -2.724158e+000 -2.753438e+000 -2.247003e+000 1.808460e+000 2.342032e-001 -1.398319e+000 1.926799e-001 -9.770747e-002 -1.405495e+000 3.523101e-001 1.563311e+000 1.527781e+000 8.705556e-001 -6.024810e-001 -3.193413e-001 -1.193616e+000 -1.417421e+000 -6.270586e-001 -8.461055e-001 -1.117445e+000 
-2.074945e+000 2.135362e+001 -5.087084e+000 -3.667830e+000 -1.121977e+000 6.445576e+000 -2.382801e+000 -3.426631e+000 8.092262e-001 -3.177358e+000 -6.742424e+000 -5.040140e+000 2.128941e+000 -3.912767e+000 -2.784378e+000 -7.686687e-001 -2.951647e+000 -3.679931e+000 -3.008781e+000 1.752451e+000 -4.549027e-001 -2.029111e+000 8.441133e-001 4.944278e-001 -1.602396e+000 2.870541e-004 1.681767e+000 8.840117e-001 1.606906e-001 -5.803946e-001 1.874354e-001 -1.477112e+000 -2.351993e+000 -2.328757e-001 -2.716087e-001 -5.928299e-001 
-1.740034e+000 2.063740e+001 -4.036455e+000 -2.380506e+000 2.215009e-002 6.046340e+000 -2.777461e+000 -2.548919e+000 2.707032e-001 -3.283142e+000 -6.507866e+000 -5.197075e+000 1.702698e+000 -3.248287e+000 -1.534921e+000 1.618793e-001 -3.552799e+000 -4.016065e+000 -2.189272e+000 1.615435e+000 -7.909543e-001 -2.310746e+000 7.398583e-001 1.014628e+000 -4.865674e-003 5.418195e-001 6.295540e-001 2.656122e-001 3.773971e-002 -1.856889e-001 4.806667e-001 -1.378393e+000 -2.464237e+000 -4.274229e-001 3.079220e-001 2.393664e-001 
1.184687e+000 2.022934e+001 -3.629987e+000 -2.691782e+000 5.820206e-001 4.657742e+000 -4.089868e+000 -2.633519e+000 -3.617883e-001 -3.345469e+000 -5.714893e+000 -4.251703e+000 1.374943e+000 -2.840532e+000 -1.211091e+000 7.068460e-001 -2.814234e+000 -4.578415e+000 -2.703718e+000 1.051246e+000 -7.026163e-001 -1.549240e+000 7.400131e-001 9.152820e-001 -1.796666e-001 4.493385e-001 8.260468e-001 7.937572e-001 1.260767e-001 -8.191366e-001 3.449116e-001 -1.138595e+000 -2.018330e+000 -9.670290e-002 1.930980e-001 4.770407e-002 
6.780075e+000 1.741088e+001 -4.252688e+000 -3.362399e+000 -2.497610e+000 4.539906e+000 -4.938640e+000 -2.617172e+000 9.258002e-002 -2.646673e+000 -5.313005e+000 -5.074863e+000 6.916339e-001 -2.476394e+000 -7.750931e-001 -7.528769e-001 -2.782983e+000 -2.993813e+000 -2.547280e+000 8.659581e-001 4.726523e-001 -2.010265e-001 -2.368785e-001 3.243662e-001 4.536213e-001 6.265614e-001 8.192308e-001 9.169333e-001 7.709448e-001 -4.530182e-001 5.240764e-001 -1.061848e+000 -1.884605e+000 1.970819e-003 -5.802371e-001 -3.677631e-001 
6.021565e+000 1.918624e+001 -6.146652e+000 1.062920e+000 -4.652907e+000 5.731157e+000 -7.007222e+000 -2.553358e+000 8.243069e-001 -3.321020e+000 -2.465128e+000 -4.851562e+000 1.370520e+000 -3.443418e+000 6.350891e-001 -1.224874e+000 -1.844449e+000 -1.468308e+000 -3.989978e+000 6.131604e-001 1.405827e+000 3.198751e-001 -1.411572e+000 1.317696e+000 1.358384e+000 1.428308e+000 2.009348e-001 6.493494e-001 1.040592e+000 -7.965634e-001 8.214726e-001 -3.193709e-001 -8.737163e-001 -7.917559e-001 -8.476967e-001 -5.595551e-001 
7.034541e+000 1.761154e+001 -6.088544e+000 1.716924e+000 -3.859139e+000 3.170651e+000 -7.387925e+000 -2.743678e+000 3.530397e-001 -2.824525e+000 -3.237874e+000 -3.903097e+000 6.622621e-001 -3.929397e+000 1.267560e-001 -3.671453e-001 -1.325768e+000 -1.532242e+000 -4.412301e+000 -1.073709e+000 7.728067e-001 -4.971759e-001 -1.143027e+000 1.173559e+000 1.736926e+000 1.726056e+000 -7.130384e-001 -9.848897e-002 4.429917e-001 -1.160728e+000 1.243737e+000 -1.766592e-001 -1.110133e+000 -6.780283e-001 -7.903174e-001 -2.002932e-001 
7.421464e+000 1.570268e+001 -6.257241e+000 -3.110805e-001 -4.159541e+000 1.405908e+000 -8.177806e+000 -1.256384e+000 8.412365e-001 -1.840515e+000 -3.320590e+000 -4.301462e+000 6.782511e-001 -4.731344e+000 -1.453166e-001 8.349528e-001 -6.771820e-001 -1.224355e+000 -4.083901e+000 -5.109085e-001 1.106958e+000 -1.034078e+000 -5.995196e-001 2.267331e+000 1.547426e+000 1.645720e+000 -2.931268e-002 -1.631582e-001 5.768180e-001 -3.524100e-001 1.217526e+000 -5.444358e-001 -1.116765e+000 -7.183877e-002 -7.242938e-001 -7.686016e-001 
4.606700e+000 1.438624e+001 -7.021712e+000 1.226747e-001 -4.518937e+000 3.046726e+000 -8.735255e+000 8.844830e-001 3.717606e-001 -1.258715e+000 -1.810573e+000 -3.694807e+000 -1.761070e-001 -4.445112e+000 5.702734e-001 8.410517e-001 3.565573e-001 -2.045505e+000 -2.692205e+000 -1.778865e+000 2.226254e+000 -2.804036e-002 7.575437e-003 1.554986e+000 2.396306e+000 1.835825e+000 1.181728e-001 4.390121e-001 2.366810e-001 -5.344507e-001 -3.466777e-001 7.065422e-001 -1.271371e+000 3.837343e-001 -1.272224e+000 -5.306129e-001 
6.622296e+000 1.330668e+001 -3.302252e+000 3.744535e-001 -3.249899e+000 7.697438e-001 -8.842764e+000 -2.018953e+000 -1.303646e+000 -1.528549e+000 -2.766361e+000 -2.556370e+000 1.945269e-001 -4.329334e+000 -1.004165e+000 -1.590954e-001 -2.008083e+000 -2.414566e+000 -2.576957e+000 -7.258715e-001 1.134652e+000 -1.025017e+000 -1.045184e+000 4.215957e-001 2.289454e+000 1.314731e+000 -6.195595e-001 1.835459e-001 5.775083e-001 -9.324353e-003 8.012941e-002 -1.387778e-001 -1.902781e+000 -2.580190e-002 -9.216268e-001 -1.298756e-002 
6.336139e+000 1.709521e+001 -4.907389e+000 3.005113e+000 -3.492466e+000 2.574747e+000 -8.602196e+000 -1.683850e+000 -1.919300e+000 1.059283e-002 -1.943742e+000 -2.995969e+000 8.181081e-001 -4.710935e+000 -5.317662e-001 -5.502038e-001 -7.163486e-001 -2.711532e+000 -2.035863e+000 -2.350672e-001 1.711816e+000 -7.138372e-001 -2.805402e-001 4.926523e-001 2.253433e+000 1.755135e+000 -9.692674e-002 1.322592e+000 4.994869e-001 -4.147903e-001 -3.603371e-001 5.017667e-001 -1.661893e+000 3.463748e-001 -1.362506e+000 -8.119841e-002 
8.032270e+000 1.423214e+001 -4.979528e+000 3.074076e-001 -2.151368e+000 4.470550e-001 -6.928484e+000 -2.225893e+000 -8.287288e-001 -1.380472e+000 -1.583851e+000 -3.458326e+000 -5.006255e-001 -4.282454e+000 -1.030201e+000 -1.031099e+000 -2.032134e+000 -1.177676e+000 -3.400093e+000 9.212129e-001 1.572836e+000 -1.815800e-001 -4.354995e-001 8.183850e-001 2.669337e+000 1.296307e+000 5.228013e-001 1.010146e+000 8.867081e-001 -1.184539e+000 -2.541630e-002 -7.496144e-002 -1.408861e+000 2.494336e-001 -9.123822e-001 -3.081908e-001 
7.490670e+000 1.529406e+001 -5.912748e+000 1.179668e+000 -4.365592e+000 5.663137e-001 -8.886900e+000 -2.645290e+000 -2.432702e+000 -1.034561e+000 -1.012901e+000 -3.140840e+000 3.182169e-001 -3.910577e+000 -1.159071e+000 -1.464589e+000 -7.139446e-001 -5.094993e-001 -1.904749e+000 4.479828e-001 2.330709e+000 -7.592640e-002 -8.397362e-001 1.363333e+000 2.631050e+000 2.258902e+000 7.863302e-001 1.780030e+000 1.463237e+000 -6.500026e-001 -9.256976e-002 -8.291590e-002 -7.770668e-001 4.102757e-001 -3.688122e-001 -3.358650e-001 
8.174542e+000 1.480908e+001 -5.145607e+000 7.291093e-001 -2.689681e+000 1.039134e+000 -7.431954e+000 -2.647952e+000 -1.268591e+000 3.824667e-002 -1.097319e+000 -3.323791e+000 -4.635026e-001 -4.003980e+000 -2.101060e+000 -1.606402e+000 -7.698254e-001 -1.700443e-001 -1.198190e+000 1.084797e+000 2.327799e+000 -7.583683e-002 -6.970027e-001 9.242128e-001 1.931093e+000 1.918389e+000 7.841876e-001 1.195545e+000 1.217471e+000 -6.254369e-001 -2.442791e-001 -7.176953e-002 -6.889209e-001 5.274785e-001 -3.938037e-001 -5.739142e-001 
8.131731e+000 1.413135e+001 -4.603315e+000 3.670413e-001 -1.922653e+000 -4.626988e-002 -7.835827e+000 -4.148958e+000 -2.083345e+000 -7.247744e-001 -8.978897e-001 -3.824183e+000 -2.226824e-001 -4.212269e+000 -2.651214e+000 -1.443704e+000 -1.610760e+000 -2.697720e-001 -2.079019e+000 9.800210e-001 1.533739e+000 -3.587216e-001 -5.875921e-001 7.226193e-001 2.270487e+000 1.775222e+000 1.338585e+000 1.399424e+000 9.592853e-001 -8.532949e-001 -5.509307e-001 -4.453780e-001 -7.470617e-001 5.369061e-001 -3.508668e-001 -4.772952e-001 
7.184382e+000 1.615731e+001 -5.529062e+000 2.674577e+000 -2.639122e+000 2.456429e+000 -7.919805e+000 -3.295724e+000 -1.737519e+000 -6.636311e-001 -7.032749e-001 -4.682865e+000 7.525921e-001 -4.822315e+000 -2.288873e+000 -1.785132e+000 -1.328780e+000 -5.766306e-001 -1.749172e+000 1.412511e+000 9.921204e-001 1.480361e-001 -5.845571e-001 9.746326e-001 1.651790e+000 1.754214e+000 1.221786e+000 1.188364e+000 6.679028e-001 -1.222293e+000 -5.668269e-002 -6.836732e-001 -2.313340e-001 3.063276e-001 -5.453430e-001 -5.019019e-001 
8.298524e+000 1.605341e+001 -3.564314e+000 1.087950e+000 -9.197592e-001 1.488439e+000 -6.139209e+000 -4.213957e+000 -1.847937e+000 3.914684e-001 -1.042653e+000 -3.916042e+000 1.574640e-001 -3.366293e+000 -2.581249e+000 -9.461975e-001 -1.378607e+000 -7.917794e-001 -1.755059e+000 7.176968e-001 1.345703e+000 -4.422492e-001 3.475638e-001 1.143632e+000 1.568456e+000 1.525806e+000 1.251362e+000 1.611633e+000 7.833640e-001 -8.786227e-001 -6.498931e-001 -4.966836e-001 -8.638047e-001 1.268320e-001 6.527140e-002 -1.518492e-001 
7.634232e+000 1.507159e+001 -6.070462e+000 1.348114e+000 -2.968002e+000 1.415706e+000 -8.637905e+000 -3.665039e+000 -2.639405e+000 -2.745241e-001 -1.456124e+000 -5.001794e+000 -3.100427e-001 -4.142327e+000 -2.406149e+000 -1.151595e+000 -1.393602e+000 -2.009414e+000 -2.009387e+000 7.380079e-001 4.984317e-001 -9.938384e-001 1.952460e-001 1.136389e+000 1.488483e+000 8.978915e-001 9.071887e-001 1.484890e+000 -4.290672e-002 -1.017219e+000 -4.104149e-001 -2.157553e-001 -9.322162e-001 -8.792037e-002 -3.162485e-001 -4.206586e-002 
7.347344e+000 1.662639e+001 -7.645582e+000 2.577465e+000 -3.360965e+000 2.094288e+000 -8.256901e+000 -3.248852e+000 -1.863984e+000 -2.146520e-001 2.102101e-001 -5.194339e+000 1.093571e+000 -4.450026e+000 -1.857789e+000 -1.180631e+000 -1.176713e+000 -1.220015e+000 -1.678134e+000 1.750593e+000 3.904943e-001 -8.235591e-002 -3.855999e-001 1.410517e+000 1.482691e+000 1.318910e+000 8.804255e-001 1.765582e+000 9.214754e-001 -1.213990e+000 -7.410671e-002 -9.374359e-001 -6.680318e-001 -6.005029e-001 -2.793043e-002 3.885572e-001 
