-2.759762e-001 6.369312e+000 -1.725420e+000 6.407956e+000 -4.006934e-001 -5.127286e-002 -1.518670e+000 3.332387e-001 1.013834e-001 2.075413e-001 -4.034677e-001 3.034786e-001 
5.200977e-001 5.121908e+000 -2.231805e+000 6.071780e+000 -1.425980e+000 3.738198e-001 -1.967133e+000 5.325998e-001 -7.702001e-001 -5.635930e-003 -4.224137e-001 -3.619502e-002 
1.041745e+000 4.319255e+000 -2.056876e+000 6.401923e+000 -1.844949e+000 5.687149e-001 -2.248459e+000 8.446315e-001 -4.041980e-001 1.125060e-001 -3.153730e-001 -2.035566e-001 
9.915296e-001 3.101326e+000 -2.989288e+000 5.698361e+000 -2.210066e+000 4.979140e-001 -3.201060e+000 5.865090e-001 -1.079674e+000 -6.184437e-002 -3.480954e-001 2.994793e-001 
1.021373e+000 2.780432e+000 -3.440589e+000 5.890249e+000 -2.256370e+000 9.394857e-001 -2.206216e+000 6.421719e-001 -1.235269e+000 -2.966210e-001 -2.228596e-001 4.663293e-003 
4.818502e-001 2.004694e+000 -3.836570e+000 5.759677e+000 -2.039068e+000 6.557077e-001 -2.282224e+000 9.883359e-001 -8.284273e-001 -1.201129e-001 -4.801925e-001 2.591718e-001 
1.526389e+000 2.651325e+000 -4.625421e+000 5.309474e+000 -2.196780e+000 3.568585e-001 -2.170801e+000 1.265545e+000 -5.030788e-001 6.775589e-002 -4.528035e-001 2.293685e-001 
8.159449e-001 3.238589e+000 -4.512929e+000 5.205014e+000 -1.436252e+000 7.853447e-001 -1.615035e+000 8.539661e-001 -5.807915e-001 -6.352931e-002 -1.241922e-001 2.297390e-001 
5.149720e-001 3.824497e+000 -5.111660e+000 5.310483e+000 -3.428483e-001 9.628348e-001 -1.172027e+000 4.299585e-001 -2.880813e-001 -8.686471e-002 -3.693600e-001 3.340693e-001 
-5.258799e-001 4.711885e+000 -4.916097e+000 4.333692e+000 5.122041e-001 4.796184e-001 -1.474071e+000 4.779378e-001 7.988354e-002 -4.684277e-001 1.856487e-003 2.343155e-001 
-9.302706e-001 9.469717e+000 -2.355558e+000 4.071696e+000 1.392209e+000 1.043664e+000 -1.178996e+000 1.033041e-001 -9.185821e-002 -6.028527e-001 4.355360e-003 6.451907e-001 
-2.112334e+000 1.162816e+001 -9.908796e-001 3.223288e+000 2.161339e+000 2.108967e+000 -5.777728e-001 -1.233990e+000 -6.638869e-001 -6.687487e-001 -6.808892e-002 -9.881632e-002 
-7.481395e-001 1.227640e+001 -1.574066e+000 2.923151e+000 3.561692e+000 1.790200e+000 -7.630243e-001 -1.384656e+000 -9.289035e-001 -1.134584e+000 -1.177871e-002 6.525763e-001 
-3.159240e-001 1.295173e+001 -1.749330e+000 2.891680e+000 3.477327e+000 1.972576e+000 -1.262473e+000 -1.761787e+000 -7.253902e-001 -1.030391e+000 2.187026e-001 7.505766e-001 
-2.956712e-001 1.237591e+001 -1.038711e+000 2.619486e+000 3.805352e+000 1.777549e+000 -1.174532e+000 -1.599603e+000 -6.149862e-001 -7.964852e-001 -5.706293e-003 1.159340e-001 
-1.385411e+000 1.361205e+001 -1.549218e+000 2.912571e+000 3.710570e+000 1.793839e+000 -9.253877e-001 -2.070409e+000 -5.608120e-001 -6.974758e-001 7.896186e-002 1.315712e-001 
4.946598e+000 7.978199e+000 1.241600e+000 1.601195e+000 1.797322e+000 5.201456e-001 -4.947044e-001 -7.117476e-001 -5.251988e-001 -3.259862e-001 -1.412516e-001 -1.282143e-002 
1.610431e-001 6.355725e+000 -9.679857e-001 5.201741e+000 1.482455e-001 -5.738575e-001 -6.701890e-001 -4.257003e-002 3.715546e-001 -1.297529e-001 -9.496802e-002 3.483569e-001 
6.648223e-001 5.134344e+000 -2.047458e+000 6.278099e+000 -1.252065e+000 2.762399e-001 -1.741938e+000 4.994679e-001 -6.067782e-001 5.700627e-002 -5.175154e-001 -1.471921e-002 
9.119808e-001 4.670398e+000 -2.094905e+000 6.308765e+000 -1.720064e+000 6.939408e-001 -2.201290e+000 8.935428e-001 -5.097608e-001 2.945896e-001 -4.440463e-001 -1.347432e-001 
7.857858e-001 3.345686e+000 -2.976462e+000 5.627790e+000 -2.135989e+000 3.992184e-001 -3.262766e+000 4.918117e-001 -1.016283e+000 -5.910734e-003 -3.099404e-001 1.475288e-001 
8.433893e-001 2.880634e+000 -3.237416e+000 5.805793e+000 -2.218246e+000 6.802482e-001 -2.286048e+000 5.406432e-001 -1.146201e+000 -3.854701e-001 -3.036070e-001 2.642312e-001 
3.461409e-001 2.177573e+000 -3.829908e+000 5.811946e+000 -1.991804e+000 8.453835e-001 -2.358295e+000 9.421204e-001 -9.042408e-001 -1.255905e-001 -4.354461e-001 1.363791e-001 
1.655406e+000 2.449955e+000 -4.847446e+000 5.423924e+000 -2.252064e+000 3.721749e-001 -2.317444e+000 1.332343e+000 -5.235740e-001 -1.143375e-002 -5.768433e-001 2.480338e-001 
3.831622e-001 3.166800e+000 -4.247172e+000 5.364020e+000 -1.737743e+000 6.836465e-001 -1.821529e+000 9.516864e-001 -5.681705e-001 4.502837e-002 -2.546135e-001 1.784851e-001 
6.823913e-001 3.778861e+000 -5.050954e+000 5.201482e+000 -6.502449e-001 1.096439e+000 -1.193373e+000 5.108095e-001 -3.382834e-001 -1.434986e-001 -2.731932e-001 2.884694e-001 
-3.528487e-001 4.497752e+000 -5.134648e+000 4.531822e+000 2.894004e-001 6.792949e-001 -1.651088e+000 7.573110e-001 -1.575852e-001 -3.174945e-001 -1.290625e-001 2.963523e-001 
-5.062068e-001 8.757116e+000 -2.658448e+000 4.133562e+000 1.143872e+000 8.859426e-001 -1.203063e+000 2.571244e-001 -5.753122e-002 -5.167221e-001 1.126828e-001 5.893316e-001 
-2.011235e+000 1.122663e+001 -1.182172e+000 3.214971e+000 2.199529e+000 1.785011e+000 -3.482175e-001 -1.167196e+000 -3.756844e-001 -6.575144e-001 -1.609620e-001 -1.257415e-001 
-7.710622e-001 1.162457e+001 -1.049230e+000 2.474228e+000 3.929461e+000 1.887155e+000 -6.184235e-001 -1.394877e+000 -1.085484e+000 -1.137570e+000 -1.669190e-001 4.762881e-001 
-6.455228e-001 1.310828e+001 -1.791123e+000 3.093129e+000 3.352902e+000 1.827049e+000 -1.306619e+000 -1.391886e+000 -7.251091e-001 -1.108011e+000 4.558636e-002 7.507495e-001 
-6.449160e-001 1.287062e+001 -1.583002e+000 3.031763e+000 3.532221e+000 2.112572e+000 -1.232712e+000 -1.707631e+000 -6.687005e-001 -8.227584e-001 2.686251e-002 1.885937e-001 
-1.303003e+000 1.353901e+001 -1.524245e+000 2.795996e+000 3.757147e+000 1.711164e+000 -8.396926e-001 -2.076712e+000 -6.052911e-001 -6.505796e-001 1.157676e-001 -1.156572e-002 
