2.234731e+000 1.952301e+001 -5.961799e+000 1.574331e+000 -1.399435e+000 1.987158e+000 -2.954792e+000 -1.460993e+000 -6.282562e-002 -3.660521e+000 -1.806941e+000 -6.425162e-001 -8.099357e-001 -2.595211e+000 -1.099740e+000 -1.138515e+000 -2.051694e+000 -2.135076e+000 -6.720020e-001 -2.231939e+000 -2.467944e+000 -1.193066e+000 -4.721755e-001 -7.284359e-001 -6.715159e-001 -7.358510e-002 -7.005849e-001 -1.209314e+000 -4.114602e-001 4.432283e-001 -1.668681e-001 6.095893e-001 3.826133e-001 1.239997e-001 7.133824e-001 9.003898e-001 
1.911464e+000 2.056572e+001 -8.084846e+000 2.024900e+000 -1.670850e+000 1.098196e+000 -2.853007e+000 -1.181943e+000 1.430158e+000 -4.839639e+000 -6.099496e-001 -7.250381e-001 -1.071893e+000 -2.520279e+000 -1.608870e+000 -2.233607e+000 -3.604831e+000 -1.765331e+000 -1.117791e-001 -1.126194e+000 -1.673654e+000 -5.202401e-001 -2.581147e-001 -1.084922e+000 -6.012151e-001 -8.617993e-001 -9.279373e-001 -7.560631e-001 -3.166526e-001 1.605294e-001 4.086648e-002 7.019164e-001 1.865399e-001 1.774202e-002 5.430550e-001 1.122645e+000 
1.070644e+000 1.911165e+001 -7.458896e+000 1.281950e+000 -8.979651e-001 1.366524e+000 -2.572202e+000 -1.933376e+000 8.829335e-001 -4.367627e+000 -1.033385e+000 -8.630179e-001 -1.194905e+000 -2.338935e+000 -2.612540e+000 -2.131551e+000 -3.588803e+000 -1.583554e+000 -8.985257e-001 -1.522714e+000 -1.475460e+000 -1.243254e+000 -1.964451e-001 -8.677723e-001 -7.772548e-001 -3.295890e-001 -6.385894e-001 -9.170219e-001 -7.614944e-001 1.657323e-002 1.264921e-001 5.910524e-001 3.563409e-001 -4.096704e-001 3.753519e-001 4.063278e-001 
5.544715e+000 1.809932e+001 -5.070749e+000 2.840486e+000 -1.583686e+000 2.525714e+000 -1.256467e+000 -6.784774e-002 5.696466e-001 -4.063711e+000 -1.263327e+000 -8.400464e-001 -8.662404e-001 -1.936563e+000 -6.530837e-001 -9.030911e-001 -2.214956e+000 -1.108421e+000 -3.446170e-001 -4.532912e-001 -1.019140e+000 -6.721686e-001 -1.065681e+000 -1.211290e+000 -9.637498e-002 6.584976e-001 -4.796899e-002 -6.081038e-001 -1.579843e-001 2.479813e-001 3.247061e-001 2.586310e-001 4.531655e-001 -9.702415e-002 2.442891e-001 9.337378e-001 
1.169010e+001 1.811510e+001 -2.114696e+000 2.707297e+000 -1.822555e+000 3.732060e-001 -3.008765e+000 -1.027456e+000 8.426912e-001 -2.570685e+000 -1.090617e+000 4.984551e-002 -8.355837e-001 -1.602712e+000 1.377279e+000 6.535131e-001 -1.396368e+000 1.998220e-002 4.023040e-001 2.085593e-001 -8.613874e-001 -1.471563e+000 -7.898296e-001 -7.164050e-001 8.754880e-002 1.051772e+000 9.775972e-001 5.867808e-001 2.466923e-001 -2.143368e-001 -1.401520e-001 3.502239e-001 5.834913e-001 6.482108e-002 -5.295523e-001 4.387833e-001 
1.306142e+001 2.044557e+001 -3.534315e+000 3.426667e+000 -2.089921e+000 -6.205027e-001 -4.878251e+000 -1.273749e+000 9.179913e-003 -2.169107e+000 -1.200577e+000 -3.940288e-001 -1.101449e+000 -2.021271e+000 1.837425e+000 7.600484e-001 -1.038386e+000 -2.268952e-001 6.512581e-001 -7.514354e-001 -1.981394e+000 -1.185074e+000 -1.069829e+000 -8.417384e-001 2.643941e-001 3.870713e-001 6.474836e-001 7.055118e-001 2.566576e-001 4.032594e-001 4.853942e-002 4.558424e-001 8.607640e-001 -2.332156e-002 -1.523975e-001 1.231662e+000 
1.345858e+001 1.907640e+001 -4.417277e+000 3.947355e+000 -1.641982e+000 -7.769607e-001 -6.407542e+000 -2.652295e+000 -5.525659e-001 -2.200418e+000 -1.630241e+000 -1.014607e+000 -1.732927e+000 -2.352095e+000 9.311059e-001 -9.094680e-001 -1.504501e+000 -4.783334e-001 8.844200e-002 -1.298626e+000 -2.755368e+000 -1.886793e+000 -1.321946e+000 -7.434152e-001 -1.250431e-001 -6.733639e-001 1.700053e-001 7.250896e-001 -4.328082e-002 2.360694e-001 -2.827123e-001 5.821655e-001 9.490798e-001 -4.913343e-001 -2.747167e-001 8.020364e-001 
1.365104e+001 1.874366e+001 -4.287014e+000 3.461361e+000 -3.314821e+000 5.418443e-001 -7.524634e+000 -3.354176e+000 -4.042840e-001 -3.075040e+000 -1.580629e+000 9.699500e-002 -6.316336e-001 -2.677653e+000 2.343116e-001 -1.365358e+000 -2.489903e+000 -9.033279e-001 7.552724e-001 -9.845396e-001 -2.308322e+000 -1.038108e+000 -1.318473e+000 -1.148321e+000 2.100357e-001 -8.331338e-001 -5.003153e-002 4.823960e-001 -2.915720e-001 6.352471e-001 1.225275e-001 8.472922e-001 7.922301e-001 -6.205623e-001 -6.292750e-001 8.873880e-001 
1.485016e+001 1.816023e+001 -5.159630e+000 3.624873e+000 -3.313561e+000 1.105327e+000 -7.968758e+000 -4.126089e+000 -3.061889e-002 -2.954605e+000 -1.721295e+000 -2.769307e-001 -2.915144e-001 -2.639623e+000 -4.339248e-001 -2.210669e+000 -2.651560e+000 -1.151026e+000 3.125011e-001 -7.331207e-001 -2.039602e+000 -1.283263e+000 -1.399089e+000 -6.520091e-001 1.939669e-001 -9.808795e-001 -6.026063e-001 4.773501e-001 -2.035613e-001 6.456406e-001 4.674421e-001 2.176904e-001 3.859292e-001 -8.543334e-001 -6.565020e-002 4.755056e-001 
1.567774e+001 1.712819e+001 -4.569432e+000 3.482558e+000 -3.524552e+000 3.543811e-001 -7.120560e+000 -4.512319e+000 -1.497136e-002 -2.886702e+000 -1.476526e+000 -3.600775e-001 -9.666697e-001 -1.919975e+000 -7.651378e-001 -1.930369e+000 -2.401099e+000 -1.757005e+000 9.889575e-002 -1.465697e-001 -1.730566e+000 -1.764166e+000 -1.502709e+000 -4.800081e-001 -4.121934e-002 -8.094619e-001 -5.181469e-001 2.130832e-001 -9.334830e-002 6.863144e-001 3.343579e-001 2.837987e-001 5.162140e-001 -6.446842e-001 -2.747519e-001 2.353794e-002 
1.688663e+001 1.591909e+001 -3.946320e+000 2.545860e+000 -3.599759e+000 -7.721432e-001 -6.339713e+000 -4.845789e+000 6.237224e-001 -2.756779e+000 -1.121980e+000 -1.568779e-001 -1.873813e+000 -1.741393e+000 -1.293659e+000 -1.699460e+000 -1.762609e+000 -1.406191e+000 2.729509e-001 -5.826351e-001 -2.073565e+000 -1.641365e+000 -1.295689e+000 -1.769552e-001 1.290107e-001 -8.293937e-001 -3.120470e-001 1.710272e-001 -1.994271e-001 4.169605e-001 4.373025e-001 5.088099e-001 3.678587e-001 -4.429655e-001 -1.341171e-001 -7.030013e-002 
1.516090e+001 2.010885e+001 -7.092819e+000 4.694051e+000 -6.166393e+000 1.548791e+000 -7.774166e+000 -4.338115e+000 1.792307e+000 -2.890935e+000 -1.866069e+000 -4.080506e-001 -2.521739e+000 -2.184664e+000 -8.025970e-001 -1.615849e+000 -1.007564e+000 -2.204497e+000 2.407305e-001 -1.718281e+000 -1.780654e+000 -1.747542e+000 -1.451840e+000 -7.192412e-001 -6.002854e-003 -4.787663e-001 -7.980300e-001 5.253277e-001 -5.224998e-001 -6.627394e-003 1.149131e-001 9.065724e-001 4.172940e-001 -3.381514e-001 -3.385669e-002 -1.668253e-001 
1.633717e+001 1.746704e+001 -5.314111e+000 2.911435e+000 -4.654931e+000 6.697753e-001 -7.146260e+000 -5.243042e+000 1.538765e+000 -3.874854e+000 -1.573782e+000 -6.221627e-001 -2.365672e+000 -1.661295e+000 -5.806831e-001 -7.826967e-001 -1.921851e+000 -1.935566e+000 -4.657564e-001 -1.132809e+000 -1.816497e+000 -1.083310e+000 -9.245584e-001 -9.731463e-001 -4.164834e-001 -1.186637e+000 -4.153610e-001 9.116246e-001 -2.088063e-001 8.064442e-002 8.085485e-002 5.821329e-001 7.092298e-001 -3.697890e-001 1.713680e-001 -1.706278e-001 
1.644454e+001 1.719644e+001 -5.891191e+000 3.529349e+000 -4.911643e+000 9.893478e-001 -6.942041e+000 -4.105994e+000 1.020916e+000 -4.434952e+000 -2.278171e+000 -1.343210e+000 -2.680636e+000 -1.942205e+000 3.859032e-003 -9.594090e-001 -1.893861e+000 -2.635000e+000 -1.140097e+000 -1.448956e+000 -2.193077e+000 -9.235135e-001 -1.145466e+000 -1.259464e+000 -7.350181e-001 -1.485253e+000 -7.922081e-001 1.228327e+000 4.553000e-001 -1.771282e-001 -3.678076e-001 1.625070e-001 2.467436e-001 -5.628285e-001 3.722077e-001 2.869371e-001 
1.633351e+001 1.752078e+001 -6.377382e+000 4.063245e+000 -5.267605e+000 1.497120e+000 -6.076713e+000 -2.472886e+000 1.208043e+000 -5.933119e+000 -2.725890e+000 -1.184784e+000 -1.213738e+000 -1.510357e+000 7.225831e-001 -4.386693e-001 -1.921530e+000 -2.019232e+000 -8.229547e-001 -8.903684e-001 -2.492085e+000 -4.252583e-001 -1.030113e+000 -9.319713e-001 5.459306e-002 -1.368531e+000 -4.816129e-001 5.787248e-001 9.635467e-001 9.193115e-001 -1.327444e-001 -1.500317e-001 -2.801844e-002 -5.073335e-001 1.210210e-001 9.275686e-001 
1.618518e+001 1.560040e+001 -5.588744e+000 4.520198e+000 -2.826923e+000 8.525062e-001 -5.009251e+000 -2.507668e+000 6.525835e-001 -6.730082e+000 -3.142052e+000 -1.168495e+000 -4.711956e-001 -1.117754e+000 -3.646920e-001 5.394121e-001 -2.201549e+000 -2.461462e+000 -4.746174e-001 -6.962395e-001 -2.627335e+000 -6.909278e-001 -1.092021e+000 -1.580315e+000 1.495629e-001 -1.077171e+000 -2.674961e-002 6.685407e-001 4.209953e-001 5.137785e-001 6.554520e-003 3.507002e-001 4.643555e-001 -4.923178e-001 -1.169307e+000 4.182610e-001 
1.131527e+001 1.634642e+001 -5.195486e+000 5.375688e+000 -1.338825e+000 5.066016e-001 -4.320541e+000 -3.146773e+000 7.599498e-002 -6.243614e+000 -2.452940e+000 -4.093282e-001 8.972939e-003 -1.367421e+000 -1.077182e+000 8.369356e-001 -2.899104e+000 -2.180449e+000 5.089183e-001 -2.708564e-001 -2.091776e+000 -1.976489e+000 -8.456742e-001 -1.131022e+000 -1.967455e-001 -5.641994e-001 -4.905641e-001 2.727881e-001 -1.128203e-001 5.548694e-001 7.280945e-002 1.110006e-001 6.902628e-001 -6.177530e-001 -2.863739e-001 8.626580e-001 
3.735994e+000 1.726109e+001 -6.176664e+000 3.068048e+000 -1.270905e+000 1.625718e+000 -3.315179e+000 -1.576901e+000 6.311338e-001 -4.582512e+000 -1.668188e+000 -9.231412e-001 -3.957127e-001 -1.258972e+000 -7.212878e-001 -9.090928e-001 -2.258008e+000 -1.308934e+000 -1.765481e-001 -1.682630e+000 -2.775370e+000 -8.955491e-001 -6.604434e-001 -2.290387e-001 -8.205687e-002 -6.634898e-001 -2.458399e-001 -4.101286e-001 1.807424e-003 7.861130e-002 3.463396e-001 6.830848e-001 5.224849e-001 -2.493867e-001 -6.140719e-001 4.489137e-001 
5.749079e+000 1.931328e+001 -3.762190e+000 2.554874e+000 -4.397467e-001 1.367630e+000 -1.546222e+000 4.338376e-001 -5.061306e-001 -3.741656e+000 -1.051269e+000 -5.505723e-001 -1.370194e-001 -7.384447e-001 -1.184840e+000 -9.362646e-001 -1.454898e+000 -8.674978e-001 1.018642e-001 -5.933246e-001 -1.010357e+000 -1.685459e-001 4.766212e-002 -2.601221e-001 -1.469122e-001 -6.342172e-001 -5.599859e-001 -8.871845e-002 2.277884e-001 6.248971e-001 3.104031e-001 3.104817e-001 3.050427e-001 -1.647376e-001 7.325641e-003 4.154209e-001 
3.956882e+000 2.018394e+001 -4.736092e+000 9.156075e-001 -1.676528e+000 5.955758e-001 -3.060445e+000 -3.991831e-001 -1.427549e-001 -4.651113e+000 -2.181114e+000 -9.010549e-001 -1.257108e+000 -2.132215e+000 -8.836812e-001 -1.799152e+000 -3.222517e+000 -1.815715e+000 -6.119942e-001 -1.825072e+000 -2.175761e+000 -1.065715e+000 -5.378756e-001 -1.294529e+000 -1.037129e+000 -7.258665e-001 -1.023591e+000 -5.539750e-001 -3.339628e-001 -1.194389e-001 -4.106898e-001 9.978798e-001 8.747243e-001 -7.014016e-002 3.711614e-001 2.233541e-001 
1.948386e+000 2.055741e+001 -8.323243e+000 1.904204e+000 -1.890219e+000 2.258430e+000 -1.531583e+000 -4.044992e-001 1.440025e+000 -5.314417e+000 -2.239919e+000 -2.081457e+000 -9.135150e-001 -2.386480e+000 -1.363697e+000 -1.815853e+000 -3.355813e+000 -1.933252e+000 -6.086443e-001 -9.363245e-001 -2.239587e+000 -1.567495e+000 -7.703568e-001 -6.923622e-001 -4.845358e-001 -6.509683e-001 -3.415666e-001 -3.919425e-001 -6.364267e-001 -4.886123e-001 -6.923726e-001 5.245752e-001 5.969324e-001 2.939437e-001 5.198196e-001 6.636145e-001 
2.701474e+000 2.133437e+001 -6.696268e+000 1.416478e+000 -2.094906e+000 1.321217e+000 -2.278731e+000 -9.194575e-001 -6.539316e-001 -5.462633e+000 -1.221874e+000 -1.156049e+000 -2.055277e-001 -2.095473e+000 -1.148408e+000 -1.418466e+000 -2.710713e+000 -1.640558e+000 -5.018760e-001 -4.577565e-001 -1.546745e+000 -1.285537e+000 -1.692452e+000 -9.882317e-001 -4.789299e-001 -5.405614e-001 -6.117918e-001 -8.631321e-001 3.787364e-002 -1.420542e-001 -3.595474e-001 4.406930e-001 5.892614e-001 4.624144e-001 9.637366e-001 4.020868e-001 
4.714377e+000 1.964854e+001 -5.489288e+000 2.286118e+000 -2.610942e+000 3.849340e+000 -1.736740e+000 -1.230773e-001 1.218720e+000 -4.138326e+000 -2.042162e+000 -1.247309e+000 4.316354e-002 -3.315204e+000 -9.971597e-001 -4.776246e-001 -1.225403e+000 -7.767085e-001 6.258363e-001 1.255993e-001 -2.112338e+000 -1.246754e+000 -8.957524e-001 -2.883880e-001 2.663416e-001 3.867005e-001 -2.674457e-001 -1.063607e-001 -7.490392e-002 1.194377e-001 1.426521e-001 -7.669183e-002 8.460456e-001 -2.813212e-002 3.489313e-001 8.081759e-001 
1.129256e+001 1.983424e+001 -3.796343e+000 3.625272e+000 -2.056530e+000 1.694388e+000 -3.579769e+000 -5.298076e-001 8.981602e-001 -3.110815e+000 -1.562136e+000 2.066947e-001 -3.803198e-001 -2.439856e+000 9.585334e-001 3.733547e-001 -8.906347e-001 9.232612e-001 1.417842e+000 -1.902303e-001 -1.872078e+000 -1.729975e+000 -8.518822e-001 -7.979525e-001 4.345618e-001 9.103484e-001 4.323964e-001 7.786726e-001 9.130929e-001 3.041028e-001 -4.762299e-001 2.823350e-001 5.257820e-001 -2.810989e-001 -5.333610e-001 8.745062e-001 
1.280709e+001 2.066154e+001 -4.450042e+000 3.333339e+000 -2.187620e+000 2.657271e-001 -4.572898e+000 -1.103911e+000 -2.101629e-001 -2.436945e+000 -1.614421e+000 -5.785052e-001 -5.641425e-001 -1.730394e+000 1.726964e+000 3.027706e-001 -9.650081e-001 -4.482733e-002 8.779817e-001 -9.937865e-001 -2.569380e+000 -1.633720e+000 -8.753057e-001 -2.525870e-001 3.720732e-001 7.924831e-002 2.726258e-001 6.968841e-001 5.052652e-001 8.991013e-001 1.099362e-001 -6.840467e-002 2.743567e-001 1.012288e-001 2.706200e-001 1.507535e+000 
1.430182e+001 1.832570e+001 -3.911154e+000 2.499676e+000 -1.686331e+000 -8.193378e-001 -4.926332e+000 -2.369487e+000 -8.700554e-001 -3.141449e+000 -2.075583e+000 -1.065533e+000 -1.574000e+000 -1.569554e+000 1.121309e+000 -1.084036e+000 -1.947632e+000 -1.190149e-001 4.802231e-001 -1.182319e+000 -3.103875e+000 -2.086159e+000 -1.266155e+000 -5.670744e-001 8.457541e-002 -7.308333e-001 8.200112e-002 7.141903e-001 3.101665e-001 5.796353e-001 -2.066061e-001 2.149836e-001 5.789422e-001 -5.603657e-001 1.882223e-002 1.049162e+000 
1.351065e+001 1.900504e+001 -4.238146e+000 3.847849e+000 -3.559700e+000 5.597416e-001 -7.730201e+000 -3.096599e+000 -1.468029e-001 -2.985051e+000 -2.047743e+000 -5.890846e-001 -1.060485e+000 -2.809441e+000 1.870623e-001 -1.691805e+000 -2.754438e+000 -1.068164e+000 6.707761e-001 -1.161247e+000 -2.704675e+000 -1.757350e+000 -1.636876e+000 -7.821839e-001 4.315488e-001 -1.225839e+000 -4.443123e-001 5.233545e-001 -2.394430e-001 6.464374e-001 5.656236e-003 4.752337e-001 3.631055e-001 -5.976165e-001 -3.522642e-001 1.004817e+000 
1.465279e+001 1.686957e+001 -3.498759e+000 2.957746e+000 -2.915375e+000 6.535704e-001 -7.543186e+000 -5.250108e+000 -2.826809e-001 -2.847784e+000 -1.846609e+000 -2.951926e-001 -2.383978e-001 -2.580642e+000 -1.296743e+000 -2.120515e+000 -2.334948e+000 -7.209523e-001 1.974513e-001 -8.328626e-001 -2.458721e+000 -1.358976e+000 -1.051822e+000 -6.286134e-001 -4.849351e-002 -1.020489e+000 -4.701961e-001 2.770813e-001 -1.636075e-001 8.843342e-001 5.294353e-001 1.087793e-001 4.460180e-001 -7.481497e-001 -2.158362e-001 2.450893e-001 
1.412215e+001 1.877089e+001 -6.235013e+000 5.730839e+000 -4.443322e+000 1.384489e+000 -8.877850e+000 -4.198315e+000 -3.230379e-001 -2.427346e+000 -1.519531e+000 -5.900570e-001 -1.118964e+000 -3.026905e+000 -7.225589e-001 -2.275354e+000 -1.606854e+000 -2.334447e+000 5.429822e-002 -1.174761e+000 -1.774332e+000 -1.719136e+000 -9.694672e-001 -7.263760e-001 -7.187868e-001 -1.077984e+000 -5.070220e-001 5.012435e-001 -4.543058e-001 7.048363e-001 1.405216e-001 4.850097e-001 3.407460e-001 -5.971825e-001 -4.177655e-001 6.480149e-003 
1.636599e+001 1.754034e+001 -4.893261e+000 3.641929e+000 -3.866994e+000 5.777226e-001 -6.454892e+000 -4.115551e+000 1.124889e+000 -2.591882e+000 -1.373271e+000 -3.875124e-002 -1.243486e+000 -1.419417e+000 -5.954691e-001 -1.128296e+000 -1.319102e+000 -1.746657e+000 3.131505e-001 -8.928629e-002 -1.376146e+000 -1.261985e+000 -1.197214e+000 -1.158645e-001 -6.910093e-002 -6.700856e-001 2.377154e-001 7.889539e-001 -1.915454e-001 2.139804e-001 4.665849e-001 7.773362e-001 6.042808e-001 -2.700595e-001 -2.566504e-001 -3.395143e-001 
1.483229e+001 2.050663e+001 -6.972545e+000 5.578742e+000 -6.075427e+000 1.936670e+000 -7.859520e+000 -4.247717e+000 1.838879e+000 -2.634702e+000 -1.658831e+000 -5.518140e-001 -2.374553e+000 -2.177355e+000 -5.145590e-001 -1.650558e+000 -9.319752e-001 -2.325376e+000 5.000940e-001 -1.677968e+000 -1.711522e+000 -1.762308e+000 -1.493315e+000 -6.563267e-001 9.802552e-002 -2.547254e-001 -9.619603e-001 7.432002e-001 -5.877157e-001 1.137902e-001 -1.612118e-001 1.134645e+000 4.232322e-001 -2.723712e-001 -2.186096e-001 -1.760175e-001 
1.536816e+001 2.007502e+001 -6.980006e+000 4.945856e+000 -5.806930e+000 2.588666e+000 -7.394476e+000 -3.662720e+000 1.447138e+000 -3.656871e+000 -1.480391e+000 -6.151571e-002 -1.489029e+000 -1.731201e+000 -1.970760e-001 -1.104466e+000 -1.377127e+000 -1.996305e+000 2.140416e-001 -1.072131e+000 -1.452237e+000 -1.222813e+000 -8.630028e-001 -8.008901e-001 -3.141159e-002 -6.573094e-001 -3.958019e-001 1.084580e+000 -3.539081e-001 3.797066e-001 -3.805055e-002 7.129102e-001 5.639155e-001 -2.577003e-001 1.097128e-001 -1.550025e-001 
1.521074e+001 1.916513e+001 -7.585790e+000 5.329839e+000 -6.098554e+000 2.636624e+000 -7.362614e+000 -2.989955e+000 4.648086e-001 -4.463417e+000 -2.285681e+000 -1.134972e+000 -1.842708e+000 -1.975192e+000 7.222078e-001 -1.549023e+000 -1.368797e+000 -3.108575e+000 -3.317894e-001 -1.509541e+000 -1.527188e+000 -1.186294e+000 -1.100318e+000 -1.364207e+000 -3.489231e-001 -1.139614e+000 -8.269208e-001 1.121345e+000 2.892588e-001 3.067491e-001 -1.591292e-001 3.890974e-001 1.678003e-002 -4.874167e-001 1.826960e-001 1.556260e-001 
1.649062e+001 1.672519e+001 -5.280929e+000 4.567276e+000 -3.987401e+000 1.640720e+000 -5.742973e+000 -2.335505e+000 1.557896e+000 -5.599872e+000 -2.642745e+000 -1.136369e+000 -1.596390e+000 -1.556570e+000 8.484297e-001 1.687945e-001 -1.834152e+000 -2.422248e+000 -1.205983e+000 -7.136304e-001 -1.917137e+000 -2.082707e-001 -1.124619e+000 -1.354203e+000 -2.258903e-001 -1.379777e+000 2.817895e-002 9.925309e-001 8.055628e-001 4.584294e-001 -3.551925e-001 1.899635e-001 4.742231e-001 -4.530309e-001 -6.309239e-001 1.304846e-001 
1.465123e+001 1.681089e+001 -6.738750e+000 5.687302e+000 -4.088294e+000 8.603300e-001 -5.666028e+000 -2.645980e+000 5.705614e-001 -6.947120e+000 -2.518081e+000 -1.471513e+000 -4.397327e-001 -1.784861e+000 -6.687651e-001 2.016059e-001 -2.113161e+000 -2.004965e+000 -2.673647e-001 -4.152885e-001 -2.711033e+000 -1.005382e+000 -1.709032e+000 -1.629340e+000 6.394637e-001 -7.934921e-001 -8.746344e-002 2.183554e-001 4.047407e-001 8.087511e-001 2.230384e-001 2.165557e-002 6.145027e-003 -4.301170e-001 -7.308854e-001 7.926295e-001 
9.135573e+000 1.861868e+001 -7.369114e+000 7.908915e+000 -2.423394e+000 2.781789e+000 -4.499112e+000 -2.313565e+000 -4.913070e-001 -5.925423e+000 -1.634372e+000 -4.610621e-001 5.295024e-001 -2.293099e+000 -1.059285e+000 -2.982916e-001 -2.359051e+000 -2.220304e+000 1.168695e+000 -1.140779e+000 -2.132602e+000 -1.736708e+000 -4.850440e-001 -1.183911e+000 -3.803934e-001 -4.013954e-001 -7.322878e-001 6.092767e-001 -2.986554e-001 7.648193e-001 -1.034061e-002 2.125342e-001 4.673689e-001 -6.350449e-001 -4.288250e-001 6.943865e-001 
