4.928399 13.35055 -4.800814 2.9276480000000005 -1.8608309999999997 -2.8810639999999994 -2.0714609999999998 -2.3638809999999997 0.6045030000000001 -2.01323 -3.4556189999999996 -1.4529759999999998 -1.626538 -2.056782 -1.0426149999999998 -2.1269069999999997 -2.034412 -0.07095395 -0.4676479000000001 -0.06944523000000001 0.6948369000000001 0.37057170000000006 0.5484771 0.03721915 
4.809494999999999 14.52458 -5.384222 3.694381 -1.036129 -2.3258259999999997 -1.222162 -1.8111049999999997 1.6270179999999999 -2.08835 -4.423513 -1.301533 -1.4084629999999998 -1.6624960000000004 -0.3289312 -1.711188 -1.346928 0.10807869999999999 -0.5580713 -0.6328147 0.044023240000000005 -0.05674275 0.06907243 0.6516650999999999 
1.9000190000000001 14.904250000000001 -5.9985289999999996 5.164511 -0.586989 0.5459370999999998 0.1345054 -1.35079 2.03364 -1.883186 -3.3799099999999997 -0.9868268999999998 0.2940296 -0.8006177 0.4576258000000001 -1.780253 -1.7989429999999997 -0.09052008 -0.880624 -0.5650572 0.03625344 0.35800000000000004 0.4068516 0.47752410000000006 
1.385479 13.23317 -7.401408000000002 3.4215699999999996 -2.572626 0.2546583 0.29014540000000005 -1.280012 3.420838 0.315085 -1.6163349999999999 -0.9180978 0.1371384 -0.6043417 0.19206710000000002 -1.596215 -1.6666290000000001 -0.2695923 -0.8822761999999998 -0.37860419999999995 0.21900300000000003 0.008876340999999998 0.3652785 0.7626019 
-5.140528E-5 13.83448 -9.257746 2.203421 -3.125202 -1.294954 -0.6321864 -1.839335 2.8913219999999997 -2.341282 -1.8096309999999998 -1.82949 -0.23003489999999996 -0.8034906 -0.7475109 -1.2121510000000002 -0.9341587999999998 0.5677385 -0.23712050000000004 0.5767081 0.47577330000000007 0.19855029999999999 0.5523774 0.7304484999999998 
0.6951071999999999 12.612579999999998 -9.10705 2.020536 -2.9439190000000006 -2.420596 -2.176209 -1.6634460000000002 3.8300270000000003 -1.287833 -3.073437 -1.3047389999999999 -0.5287620999999999 -0.7878429999999998 -0.2003119 -1.0152719999999997 -0.4447011 1.163488 0.21625990000000003 -0.06234921999999999 0.323342 0.3953623 0.8890916000000002 0.8750242000000001 
-0.35433210000000004 12.858540000000001 -9.311375999999997 2.3396399999999997 -2.763266 -1.295597 -0.6798303 -1.5894049999999997 4.460538 -1.314227 -3.2289619999999997 -2.540818 -1.20104 -1.085419 -0.0230427 -0.6597144999999999 -0.7689078 1.631727 0.209543 -0.5582783 0.3064935 0.24839119999999998 0.34097400000000005 0.1863549 
-1.310437 11.930639999999999 -9.277263 2.697142 -2.8696300000000003 -1.689192 -0.9927801 -2.554466 3.8759140000000007 -0.24784699999999998 -2.753399 -1.6052719999999998 -0.9518019999999999 -1.359007 -0.1594546 -1.435162 -1.0208569999999997 0.6760889 -0.6901925000000001 -0.6994328000000001 0.3741318 0.3320285 0.7277674000000001 1.042514 
-0.7222616999999999 11.669169999999998 -9.71609 2.2030099999999995 -1.6086209999999999 -1.456082 -1.850064 -3.382341 2.129933 -1.73789 -3.434504 -1.70885 -0.5863452000000001 -0.9962223000000001 -0.24139029999999997 -0.8137413999999998 -0.8383627000000001 0.7557999 -0.24384380000000003 -0.026992640000000005 0.9051207000000001 0.23571910000000001 0.45854179999999994 0.11546520000000002 
-2.1980159999999995 12.51505 -7.798620999999999 3.6403299999999996 -2.864661 -1.741446 -2.267897 -3.220613 2.464281 -2.735016 -2.2477440000000004 -1.079255 -0.34222749999999996 -1.875427 0.10199749999999999 -0.2754984999999999 -0.9051147999999999 -0.06174969000000001 -0.3053832 0.2171622 0.7263589 1.043319 0.6572869 0.5694466 
-0.3682033 12.05215 -7.878346999999999 2.609211 -3.6120939999999995 -1.8990600000000002 -2.839708 -2.223725 1.9257740000000003 -1.492303 -1.1736509999999998 -1.3391350000000002 -0.1168068 -1.271419 -0.2993976 -1.279453 -1.245881 0.3127308 -0.10232169999999999 0.7273994999999999 0.06728975999999999 0.3556834 0.7330972 0.09108956 
0.6588048999999999 12.670209999999999 -7.499645999999999 1.077921 -3.0702530000000006 -1.7244480000000002 -1.151896 -1.8056249999999996 1.6544500000000002 -1.5185060000000001 -2.432696 -0.9925940999999999 0.014935950000000002 -0.601584 -0.5908543 -1.216044 -1.0678210000000001 -0.10368160000000001 0.4911773999999999 0.7592884 0.11057760000000003 0.23094250000000002 0.42089249999999995 0.3507669 
-1.8125219999999997 12.975030000000002 -9.71352 2.819623 -3.538377 -2.54247 -2.878081 -3.2093139999999996 3.142211 -2.131789 -1.5337169999999998 -1.444788 0.2365921 -0.8389791999999999 -0.24064090000000002 -1.4963479999999998 -1.212543 1.09853 0.151591 0.7395487999999999 -0.11845360000000002 0.39032059999999996 -0.36549580000000004 0.30107259999999997 
3.337826 13.633800000000004 -8.432750999999998 3.7265419999999994 -2.581458 -3.944758 -3.323003 -2.623587 3.471453 -1.251932 -2.541314 -1.8202770000000004 -1.7012079999999998 -1.834887 -2.133981 -1.4791539999999999 -1.511463 0.1913452 0.9553513999999999 -0.2857169 0.05471910000000001 -0.40076629999999996 -0.3376123 0.19116979999999997 
5.865811 14.02963 -9.548373 4.7960020000000005 -2.6489289999999994 -3.512929 -2.308173 -2.3145330000000004 1.351212 -2.039366 -2.684217 -3.665302 -1.8350539999999997 -1.3999539999999997 -1.703965 -2.276678 -1.625591 0.7057978 0.18716559999999996 -0.17870539999999996 0.07507499 -0.6510892999999999 0.01440534 0.4313748 
7.818939999999999 14.176999999999996 -11.212419999999998 6.893051 -4.184152 -3.4724730000000004 -1.9233200000000001 -1.8784589999999999 1.274192 -2.9487780000000003 -2.010754 -3.635423 -0.9141833999999999 -1.3881820000000002 -1.9972379999999998 -2.22582 -1.105609 0.4517468 -0.5091014 0.44126099999999996 -9.424180000000002E-4 -0.9658391999999998 -0.14203980000000002 0.8465740999999999 
8.735730000000002 12.922430000000002 -9.877381999999999 5.5337499999999995 -3.186731 -3.730618 -2.797894 -1.6845820000000002 1.5286729999999997 -2.388981 -1.9693179999999997 -3.319478 -1.5871080000000002 -0.9585615 -2.479913 -1.7628570000000001 -0.8661532000000001 0.07350174 -0.41688040000000004 0.34842929999999994 0.5034442 -1.423324 0.05667299999999999 0.5761154 
8.226981 12.429190000000002 -9.357539000000001 5.616357 -3.4456549999999995 -4.102633 -3.6935569999999993 -2.09215 2.015741 -1.536327 -2.0779600000000005 -3.3884599999999994 -2.560827 -1.425847 -2.478748 -1.143191 -0.7305478 0.1405835 -0.4717799999999999 -0.364103 0.7228956000000001 -1.5714159999999997 0.2305952 0.5488608 
8.609755 12.46101 -9.577358000000002 6.092742 -4.044038999999999 -3.61618 -4.496527 -1.464729 2.491332 -1.23561 -2.511992 -3.7845389999999997 -2.06415 -1.6960809999999997 -2.063252 -1.6607319999999999 -0.5387849 0.10523419999999997 -0.3041071 -0.007752868000000001 0.36686849999999993 -1.506779 -0.030116079999999996 0.9131416999999998 
7.794798 12.44874 -9.966813 5.962553999999999 -4.685388 -3.9232979999999995 -4.389378 -1.7926679999999995 2.9191870000000004 -1.0537159999999999 -3.3537770000000005 -3.395394 -2.4417310000000003 -2.1277019999999998 -1.983862 -2.087942 -0.1252311 -0.07737261 -0.19549679999999997 -0.18570780000000003 -0.06633305 -1.3785570000000003 -0.3242325 1.201325 
11.33139 10.676559999999998 -6.4517999999999995 4.914718999999999 -2.5216880000000006 -4.699331999999999 -2.467936 -1.3566210000000003 3.3508959999999997 0.3831844 -2.788881 -2.335853 -1.861642 -1.298602 -1.68848 -1.222783 0.4555503 0.4389314999999999 -0.3700109 0.2588816 0.43162350000000005 -1.085462 -0.5585035 1.18518 
15.266400000000003 9.727103 -0.6675657 2.628957 -0.6695409999999999 -2.8164340000000005 -1.422929 -0.5279005 1.484973 -0.0375462 -2.153591 -1.1950009999999998 -0.8656769999999999 -0.9702852000000001 -0.41107229999999995 -0.2539738 0.4118719999999999 0.6409748999999999 -0.2460586 -0.044016 0.601953 -0.16562030000000003 -0.3118645 0.5277116 
4.571044 14.737269999999999 -6.70362 3.29628 -2.693562 -1.634879 -2.093735 -2.24873 1.7819590000000003 -2.2282429999999995 -3.551712000000001 -1.8193820000000005 -1.9188089999999998 -2.047357 -0.5930831 -1.665782 -1.6075940000000002 0.23471360000000002 -1.113612 -0.6091988 0.6868923999999998 0.5694280000000002 0.3745398 0.42916059999999995 
4.722942 15.746480000000002 -5.76312 3.829224 -2.113597 -0.46205799999999997 -1.19663 -1.7311580000000002 1.4506890000000001 -2.344573 -3.848672 -1.3895750000000002 -0.43656469999999997 -1.7660719999999999 -0.47393330000000006 -1.8268020000000003 -1.3607929999999997 0.1021014 -0.8309594999999999 -0.7065522 0.3957864 0.2070599 0.1066846 0.43028969999999994 
3.183966 14.195570000000002 -5.555714000000001 4.484687 -0.2763442 0.43466860000000007 0.04086176 -1.1903120000000003 2.00627 -1.31935 -3.507429000000001 -1.295901 0.01155562 -0.7401486000000002 -0.1004783 -1.9702129999999998 -0.9557281 0.8019242999999998 -0.7735804000000001 -0.542865 0.2844471 -0.09969582 0.09669945 0.5468862 
3.077712 14.114670000000002 -5.936374999999999 3.49961 -1.6313119999999999 -1.310524 -0.8701024999999999 -2.179624 2.52693 -0.1759107 -3.3240869999999996 -1.423718 -0.43081939999999996 -0.8019853999999997 -0.28681320000000005 -1.6474399999999998 -0.5039775 1.149159 -0.595748 -0.3156475 0.9808844 0.48814639999999987 0.5922226 0.8303288000000001 
-0.3960816 15.303650000000001 -7.982973 2.49245 -2.569796 -1.626101 -1.261578 -2.394899 2.025409 -3.157558 -3.9035070000000003 -2.766116 -0.08117054 -0.6759988000000001 -0.6786933 -2.073464 -1.041647 0.8159349000000001 -0.2900611 0.4576476 0.26441090000000006 -0.18911720000000004 0.5983373 1.32249 
-0.8577502 12.485619999999999 -9.387003 1.764424 -2.030644 -0.5172287 -0.45108570000000003 -2.147881 2.104239 -2.619989 -4.034935 -1.440734 0.17257220000000004 -0.7029525000000001 0.0387065 -1.2751789999999998 -1.296102 0.7389089000000001 -0.02093842 -0.06994456 0.5645369000000001 0.572101 0.7790366999999999 0.5696675 
-0.4937016 13.951229999999999 -9.991172 2.601386 -2.9578829999999994 -0.6294867000000001 0.11856369999999997 -2.9489860000000006 3.312614 -2.654384 -3.4000230000000005 -1.1959409999999997 0.43353239999999993 -0.7264212 -0.262648 -1.483264 -1.8016939999999997 0.7739886 -0.11370780000000001 -0.18332649999999998 0.3612088 1.276231 0.7797776 0.40308860000000013 
-1.590032 13.767740000000002 -9.313365 1.7920079999999996 -2.633642 -1.061622 -1.050473 -2.695105 2.570874 -2.695836 -3.3766469999999993 -2.142509 -0.2644121 -1.645662 -0.6574584 -1.530336 -0.8763806 0.7344166999999999 -0.6102473 -0.06306424 0.5102075 0.6557526 0.3759617 0.5737078000000001 
-2.1848640000000006 12.67785 -9.624209 2.601346 -2.4684139999999997 -1.99104 -1.6287939999999996 -2.5203969999999996 3.9143639999999995 -0.5302167 -2.488088 -2.922798 -0.7255658 -1.753705 -0.3019913 -1.243685 -0.9772143 0.8009025000000001 -1.3748109999999998 -0.1472574 0.7643386999999999 0.8358985 0.5419935000000001 0.9557659999999999 
-1.1117170000000003 12.748310000000002 -8.556026000000001 3.6030389999999994 -2.9523569999999997 -1.113181 -1.561781 -2.06588 2.301428 -2.8175920000000003 -2.9994900000000007 -2.722028 -0.9217554999999998 -2.0233659999999998 -0.5139265000000001 -0.6550037 -0.33739499999999994 0.7074129 -0.8656800000000001 0.1273796 0.5654163 0.2933351 -0.1505223 0.42637199999999986 
-0.31537529999999997 13.199560000000002 -8.189548 3.2632350000000008 -3.66347 -1.875655 -2.1105109999999994 -2.428464 2.086323 -1.3328360000000001 -2.481569 -3.0047840000000003 -0.013556319999999998 -1.8204340000000003 -0.259658 -1.7282499999999996 -0.9370155999999998 0.8306274 -0.8354217000000002 0.3072466 0.45504500000000003 0.3317229 0.4733456 0.38501090000000004 
-1.3593930000000003 13.391549999999999 -9.239856000000001 2.9296280000000006 -2.729113 -1.2617460000000003 -1.3720990000000002 -3.047628 2.9469199999999995 -0.7229301 -1.7437299999999998 -1.5821509999999999 0.32129690000000005 -1.555822 -0.05237872999999999 -0.7385225000000001 -1.0153429999999999 0.5665608 -0.5703608 0.3953232 0.6596685999999999 1.037184 0.28630060000000007 0.10777919999999999 
1.6916399999999998 14.72891 -9.348758000000002 1.958895 -2.6997199999999997 -1.7302549999999999 -1.3198609999999997 -3.455783 2.578167 -2.285516 -2.8227669999999994 -1.011319 -0.8135887999999999 -1.892035 -0.9425545 -0.8954616 -1.390421 0.5381866999999999 0.2295669 0.13050929999999997 0.6018789 0.144088 -0.22900799999999993 -0.5839546000000001 
5.262343 14.329989999999999 -9.044015 2.9836899999999997 -3.4465749999999997 -3.621596 -1.5723520000000002 -1.865188 1.7288370000000002 -2.0412719999999998 -2.7963239999999994 -1.735006 -1.14595 -2.264276 -2.091208 -1.811536 -1.929428 0.3428437999999999 0.9278342000000002 0.1723082 0.23494440000000003 -0.7448313 -0.38123480000000004 0.2294535 
7.257204000000001 12.70769 -8.316166 4.326927 -1.7891580000000002 -3.3860029999999997 -2.2394129999999994 -1.932105 0.8309547000000002 -1.3777349999999997 -2.592912 -3.350498000000001 -1.9815330000000002 -0.893809 -1.8067270000000002 -2.465446 -1.3281729999999998 0.6575525999999999 0.1665572 -0.05608313999999999 0.08975966 -0.503205 0.07337634999999999 0.4065572 
8.994439999999999 11.77772 -9.142136 6.118896 -2.01633 -4.202918 -3.4364519999999996 -2.01726 1.17811 -1.5000479999999998 -2.301433 -3.7899029999999994 -2.198033 -1.078911 -2.1257629999999996 -2.008513 -0.6874962 0.12495520000000002 -0.4977084 0.31834650000000003 0.08110299 -1.043325 0.153124 0.7233353 
8.663686999999998 11.765370000000003 -9.20798 6.005622000000001 -2.9693970000000003 -3.968864 -3.4211680000000007 -1.9033859999999998 1.783142 -1.1758880000000003 -2.040621 -3.5638590000000003 -2.136022 -1.50699 -1.991531 -1.371048 -0.5678506 0.001994047 -0.7513259000000001 -0.03943263 0.3827615999999999 -1.0835360000000003 -0.06344311000000001 0.8332232 
8.326713 13.186769999999997 -9.591519 6.269156000000001 -3.669221 -3.4737049999999994 -3.644582 -1.299888 2.4747610000000004 -1.464174 -2.361137 -3.5397469999999993 -1.836178 -1.226216 -2.2483299999999997 -1.527507 -0.6088205000000001 0.45078530000000006 0.1050833 -0.2957501 0.6387564 -1.725652 0.2843403 0.7569627 
8.515664 12.53206 -9.568155000000003 5.842347 -4.726039 -3.582373 -4.050209 -1.131432 2.248575 -1.878969 -2.745286 -3.6450080000000002 -1.9629379999999998 -1.930408 -2.090121 -1.688986 -0.3862036999999999 -0.007955685000000002 -0.34806999999999994 0.09105812 0.4100137999999999 -1.5520630000000002 -0.24786820000000004 0.7725150000000001 
8.436471 12.20049 -9.307733999999998 5.790791 -3.948162 -4.034188 -4.020844 -1.9709629999999998 3.0738209999999997 -0.4391997 -2.7375289999999994 -2.9017860000000004 -2.58197 -2.194218 -1.56255 -1.275222 0.1708463 -0.2449313 -0.5753754999999999 -0.007421682999999999 0.3432974 -1.01895 -0.6663153 0.8343998 
