-3.124802e+001 -1.776273e+000 2.602535e+000 1.122036e-001 1.587938e+000 7.807428e-001 2.007826e+000 7.582858e-001 1.169887e+000 5.112055e-001 8.777342e-001 9.805408e-002 
8.842671e+000 8.231855e+000 -5.917593e+000 3.364855e+000 -8.661030e-001 -5.344031e-001 -1.709856e+000 4.349671e-002 -5.871922e-001 -7.299673e-001 -4.502909e-001 1.048535e-001 
1.282319e+001 1.029764e+001 -5.766917e+000 2.158192e+000 5.769184e-001 -9.971627e-001 -2.192467e+000 8.300923e-002 -9.037519e-002 -7.448067e-001 -5.130482e-001 -6.555439e-002 
1.302601e+001 1.175337e+001 -6.868733e+000 2.301622e+000 4.385570e-001 -2.785266e-001 -3.028853e+000 6.636606e-001 -2.502800e-001 -8.271380e-001 -5.258388e-001 -3.416148e-001 
1.230471e+001 1.262333e+001 -7.201203e+000 2.912957e+000 2.276904e-001 -1.940770e-001 -3.487995e+000 7.634848e-001 -5.031826e-001 -8.401785e-001 -4.370173e-001 -2.636985e-001 
1.239316e+001 1.222486e+001 -6.185127e+000 2.337684e+000 1.004554e+000 -6.993802e-001 -3.015540e+000 1.756177e-001 1.102057e-001 -1.229689e+000 -2.463372e-001 -2.088612e-001 
1.193174e+001 1.191412e+001 -6.030344e+000 2.695230e+000 8.210895e-001 1.728903e-001 -3.007923e+000 5.291339e-001 1.001715e-001 -1.113670e+000 -4.642618e-001 -1.797232e-001 
1.095391e+001 1.197903e+001 -6.263650e+000 3.048036e+000 1.367887e+000 7.467546e-001 -2.817789e+000 1.165991e+000 -3.144052e-001 -1.510071e+000 -4.384251e-001 -7.404222e-001 
7.435560e+000 9.972181e+000 -4.109525e+000 2.650571e+000 2.575740e+000 3.835957e-001 -1.289961e+000 4.273563e-001 5.522197e-001 -1.816871e+000 -1.162167e+000 -3.436618e-001 
6.343916e+000 1.190975e+001 -4.955014e+000 4.175103e+000 2.972451e+000 1.177720e+000 -2.342204e+000 1.039562e+000 3.712966e-001 -1.505128e+000 -1.053783e+000 -2.533008e-001 
8.590671e+000 8.954041e+000 -2.785990e+000 2.539321e+000 4.756465e+000 2.049181e-001 -1.684089e+000 5.124030e-001 6.176327e-001 -1.498165e+000 -1.342981e+000 -1.486740e-001 
3.078224e+000 4.805045e+000 -1.564395e+000 2.035135e+000 3.516937e+000 6.726752e-002 -1.635226e+000 -1.391535e-002 6.027876e-001 -5.475666e-001 -5.103833e-001 2.834979e-001 
-4.016686e+000 4.030618e+000 -2.650931e+000 1.656805e+000 1.304521e-001 -1.125065e+000 -2.758586e-001 3.429552e-001 1.809416e-001 -4.789477e-001 -1.858559e-001 6.815064e-002 
1.211785e+001 9.472776e+000 -6.840561e+000 3.691450e+000 -1.700056e+000 4.663495e-001 -2.253257e+000 4.477832e-001 -7.675418e-001 -6.634353e-001 -6.516672e-001 -1.198569e-002 
1.159476e+001 1.211771e+001 -6.824808e+000 2.461286e+000 1.550749e-001 -9.652665e-002 -3.140590e+000 7.815854e-001 -2.247175e-001 -8.411242e-001 -4.816839e-001 -2.316764e-001 
1.309342e+001 1.121946e+001 -5.882388e+000 1.634253e+000 1.018120e+000 -7.858653e-001 -2.822407e+000 7.589477e-002 1.267779e-002 -1.005970e+000 -3.934251e-001 -3.052998e-001 
1.292130e+001 1.153747e+001 -5.711893e+000 1.428064e+000 1.570148e+000 -1.165253e+000 -2.982308e+000 2.013870e-001 -9.901474e-002 -1.334498e+000 -9.593752e-003 -4.123646e-001 
1.185193e+001 1.205330e+001 -5.927546e+000 2.776448e+000 5.854048e-001 -2.173292e-001 -3.356010e+000 1.513719e-001 1.955297e-001 -1.035698e+000 -4.066914e-001 1.005731e-001 
1.167894e+001 1.124899e+001 -5.580481e+000 2.410226e+000 1.198168e+000 6.664674e-002 -2.347975e+000 4.186898e-001 1.774347e-001 -1.378228e+000 -1.929936e-001 -4.628836e-001 
9.625108e+000 1.181572e+001 -6.274135e+000 3.496747e+000 1.810837e+000 1.498586e-001 -2.770423e+000 8.519556e-001 -1.516705e-001 -1.195275e+000 -2.184509e-001 -4.397494e-001 
7.738995e+000 1.167577e+001 -4.449979e+000 3.964943e+000 1.783627e+000 -1.118449e-001 -2.224051e+000 2.100403e-002 8.357967e-001 -7.673127e-001 -5.008923e-001 1.777173e-001 
7.824760e+000 1.222935e+001 -4.783744e+000 2.933860e+000 2.789450e+000 2.652065e-001 -1.797661e+000 5.215168e-001 8.847737e-001 -1.388839e+000 -4.308241e-001 -2.797737e-001 
