3.921363e+000 1.213846e+001 -2.851720e+000 2.523945e+000 -1.278544e+000 9.301023e-001 6.100634e-001 -1.302335e+000 -5.990044e-001 -1.717984e+000 2.380145e-001 -3.192987e-001 
2.782404e+000 1.142605e+001 -1.999778e+000 3.015276e+000 -4.026522e-001 1.079656e+000 -3.454066e-002 -1.290602e+000 -3.197562e-001 -1.520649e+000 -3.822092e-003 -7.896804e-001 
8.450129e-001 1.082605e+001 -2.817677e+000 2.331418e+000 -1.319203e+000 7.914051e-001 -3.550246e-001 -7.780424e-001 4.570974e-001 -5.229883e-001 3.942345e-002 2.731122e-001 
1.489489e+000 9.872663e+000 -3.083538e+000 2.208301e+000 -1.519602e+000 2.638248e+000 -1.158534e-001 -8.662259e-001 3.963972e-001 -1.021710e+000 -3.071439e-001 2.622719e-001 
8.557561e-001 1.056999e+001 -2.772257e+000 2.108032e+000 -8.608913e-001 2.012727e+000 2.191415e-001 -5.003497e-001 3.958901e-001 -1.006506e+000 7.483611e-002 6.738645e-001 
7.711213e-001 9.761359e+000 -2.558030e+000 2.661302e+000 -1.333836e+000 1.794905e+000 -2.512113e-001 -4.072105e-001 3.530806e-001 -8.933221e-001 -4.298969e-003 4.855847e-001 
4.147599e+000 9.837850e+000 -2.444438e+000 1.135289e+000 -4.675103e-001 8.492269e-001 1.922394e-001 -8.095118e-001 -3.379931e-001 -7.582279e-001 -8.988358e-002 2.010114e-001 
5.375374e+000 1.189056e+001 -3.216991e+000 2.367826e+000 -8.700334e-001 4.133751e-001 1.291069e-001 -1.102027e+000 -2.584995e-001 -1.515078e+000 1.281481e-001 -5.265165e-002 
3.497561e+000 1.244540e+001 -3.260785e+000 3.441423e+000 -9.844987e-001 9.815031e-001 1.073574e-001 -1.204217e+000 -1.208951e-001 -1.962375e+000 1.924723e-001 -4.207308e-001 
2.432723e+000 1.140047e+001 -2.942398e+000 1.298271e+000 -8.319314e-001 1.001489e+000 4.818013e-001 -6.558333e-001 -1.492919e-001 -1.506732e+000 7.117818e-002 5.658391e-001 
1.599224e+000 9.246749e+000 -3.599618e+000 2.396373e+000 -1.173432e+000 1.955125e+000 -1.279089e-001 -3.782519e-001 6.920274e-001 -7.113262e-001 1.955660e-001 4.309580e-001 
1.272874e+000 1.093778e+001 -3.458641e+000 1.873900e+000 -9.412413e-001 1.969591e+000 9.312785e-002 -6.508159e-001 4.491453e-001 -9.891641e-001 3.783646e-003 5.425716e-001 
1.182881e+000 9.900977e+000 -3.299544e+000 1.797117e+000 -9.451549e-001 2.574530e+000 4.094610e-001 -3.443953e-001 2.133181e-001 -1.237518e+000 -7.240443e-002 6.143113e-001 
