1.144270e+001 1.317608e+001 -3.332165e+000 4.644330e+000 -3.062586e+000 2.838095e+000 -4.085129e+000 -1.686976e+000 4.761025e-001 -2.199712e+000 -1.036819e+000 -1.125268e+000 -3.386615e-001 -1.374149e+000 1.255763e+000 -8.286120e-002 -1.659677e+000 -1.683800e+000 -5.843896e-002 -5.508082e-001 -1.758809e+000 -7.109534e-001 -1.769731e+000 -4.122467e-001 -1.665779e-001 -5.247290e-001 -8.210240e-001 -5.557872e-001 -3.071749e-001 -3.806625e-001 5.977748e-001 3.203382e-001 5.575744e-001 2.549645e-001 3.933825e-001 2.083863e-002 
6.949101e+000 1.576652e+001 -4.800967e+000 5.782822e+000 -3.877699e+000 1.989573e+000 -3.081747e+000 -1.189451e+000 -1.996358e-001 -4.434676e+000 -6.227557e-001 -1.283199e+000 -8.889599e-001 -1.286911e+000 6.459246e-001 4.564263e-001 -1.496555e+000 -1.148122e+000 5.308622e-002 -1.857899e-001 -7.775682e-001 -1.061120e+000 -7.512772e-001 5.082350e-001 -3.781711e-001 -6.879603e-001 -6.126549e-001 -2.312004e-001 -4.189288e-001 -1.132549e+000 -9.791021e-001 -1.506801e-001 1.067046e+000 4.023285e-001 2.631907e-001 2.716695e-001 
5.754530e+000 1.460132e+001 -5.864999e+000 6.397983e+000 -3.044313e+000 2.959258e+000 -6.293513e+000 -1.285295e+000 -5.922982e-001 -3.138735e+000 -1.862604e+000 -1.558973e+000 -1.828231e+000 -1.828680e+000 1.802358e+000 -1.738481e-001 -6.053489e-001 -2.110471e-001 9.805820e-001 2.175905e-001 5.946123e-001 5.257149e-001 2.542957e-001 -5.724541e-001 -6.630223e-001 1.173533e-003 -6.305569e-001 -7.904651e-001 -5.857295e-001 -6.718164e-001 -3.318704e-001 1.772436e-001 1.381855e-001 7.929405e-002 -1.659504e-001 5.191784e-003 
4.759754e+000 1.454203e+001 -5.727702e+000 6.135012e+000 -2.339597e+000 1.901973e+000 -6.393258e+000 -2.088042e+000 -3.920619e-001 -2.084684e+000 -7.055361e-001 -8.941968e-001 -1.376285e+000 -2.119461e+000 9.685242e-001 6.444748e-001 -5.259457e-001 -1.020830e+000 5.478504e-001 -6.042343e-001 4.106340e-001 -2.400186e-001 -7.438443e-001 -1.234822e+000 -9.591888e-001 -1.820101e-001 -1.550263e-001 -2.504776e-001 -8.480062e-001 -3.554473e-001 -1.222765e+000 1.191701e-001 -1.161305e-001 1.085471e-001 -8.488168e-002 2.812496e-001 
5.587703e+000 1.573510e+001 -5.143857e+000 5.158647e+000 -3.955300e+000 2.686221e+000 -5.937767e+000 -2.180662e+000 -1.038333e+000 -3.240748e+000 -1.082352e+000 -2.621401e-001 -9.211939e-001 -1.813577e+000 1.551134e+000 -6.572625e-002 -3.628646e-001 -9.820848e-001 1.393487e+000 -7.858996e-001 -3.555565e-001 -1.138693e+000 -6.010390e-001 -3.351992e-001 -6.861219e-001 -3.890770e-001 2.046419e-003 -2.394704e-001 -1.264081e+000 -7.600485e-002 -1.347028e+000 7.901241e-001 5.712085e-001 8.396765e-001 -2.758827e-001 4.142464e-001 
6.066196e+000 1.562670e+001 -6.035872e+000 3.851540e+000 -3.765782e+000 3.338054e+000 -6.850892e+000 -1.415711e+000 -4.752619e-001 -2.656309e+000 -1.111315e+000 -5.610922e-001 -5.132036e-001 -2.107367e+000 1.442834e+000 -2.126914e-001 -8.456285e-001 -1.568839e+000 4.781454e-001 -1.255062e+000 5.754111e-001 -2.211439e-001 -8.036694e-001 -7.605220e-001 -1.013276e+000 -1.734127e-001 -5.010574e-001 -3.053700e-001 -7.150259e-001 1.557841e-001 -9.023037e-001 1.601018e-001 2.886707e-001 1.030986e+000 -3.433994e-002 2.536631e-001 
8.886128e+000 1.104833e+001 -4.607548e+000 5.945443e+000 -4.319900e+000 4.121590e+000 -6.742404e+000 3.706213e-001 -2.039388e+000 -1.538345e+000 -2.021941e+000 -1.113177e+000 -1.219730e+000 -5.204446e-001 1.331348e+000 -1.347113e-001 -8.552961e-001 -9.461899e-001 1.208877e+000 -2.482900e-001 2.778346e-001 -3.002950e-001 3.483480e-001 -8.062307e-001 -1.044325e-001 -1.036435e+000 -6.718355e-001 -6.749235e-001 -8.862565e-001 2.575217e-001 -5.048324e-001 -3.071685e-001 -2.826390e-001 -4.181581e-001 -2.167094e-001 1.757641e-001 
1.325476e+001 8.949963e+000 -4.175399e+000 7.799376e+000 -5.749568e+000 4.041392e+000 -6.069269e+000 -2.460804e-001 -3.482568e+000 -1.855199e+000 -1.489647e+000 -1.554414e+000 -1.375012e+000 -4.484929e-001 9.922126e-001 -8.778298e-001 -3.607350e-001 -1.046045e+000 9.055389e-001 -1.959844e-001 8.469474e-001 -1.165749e+000 -3.170345e-001 -1.123460e-001 2.640567e-001 -6.612868e-001 -1.201766e+000 -7.926140e-001 -7.811380e-001 2.853669e-001 -3.220034e-001 3.034832e-001 -2.631156e-001 -5.623877e-002 -7.110917e-001 1.057832e-001 
1.446533e+001 1.343514e+001 -5.213518e+000 5.293383e+000 -4.376070e+000 7.008206e-001 -6.115919e+000 -1.374465e+000 -1.237063e-001 -3.157454e+000 -3.445780e+000 -2.577478e+000 -1.158162e+000 -1.532825e+000 1.778176e-001 4.585011e-001 -3.935406e-001 -1.453917e+000 -7.187355e-001 -2.639548e+000 -1.697157e+000 -9.253046e-001 -3.332252e-001 -4.066019e-001 -5.220372e-001 -9.781672e-001 -8.639451e-001 -5.114558e-001 -1.090820e+000 2.330068e-002 1.213682e-001 7.146301e-001 8.899727e-002 3.438904e-001 -2.604707e-001 5.126512e-001 
1.733378e+001 1.695842e+001 -8.245325e+000 2.367829e+000 -3.120952e+000 1.774465e-001 -6.170800e+000 -1.149355e+000 1.672741e+000 -3.739813e+000 -3.923178e+000 -2.398400e+000 7.887359e-001 -8.039902e-002 6.699913e-001 1.723128e-001 -3.057020e+000 -1.897989e+000 -2.605927e-003 -2.501868e+000 -1.834235e+000 -4.611180e-001 -1.406350e+000 -1.249364e+000 -1.006785e+000 -8.014621e-001 -1.958841e-001 -2.991502e-001 -3.375692e-001 -8.474130e-002 4.384247e-001 1.361037e+000 8.072333e-001 3.095264e-001 1.244913e-001 7.248892e-001 
1.804704e+001 1.917476e+001 -1.087154e+001 3.178131e+000 -4.600385e+000 3.501022e+000 -8.421824e+000 -1.050443e+000 -3.311062e-001 -5.522061e+000 -3.691313e+000 -2.065504e+000 5.964340e-001 -9.162956e-001 1.085936e-001 -1.822091e+000 -2.521769e+000 -2.234885e+000 1.854981e+000 -2.912931e+000 -1.840508e+000 -5.831951e-001 -1.823679e+000 -1.646990e+000 -7.410155e-001 -1.207333e+000 -7.458385e-001 2.560930e-001 -8.048035e-001 1.204777e-001 -6.825100e-001 9.089245e-001 -2.470798e-002 3.579106e-001 7.076578e-001 9.271036e-001 
1.938559e+001 1.750500e+001 -9.949675e+000 3.089737e+000 -2.409915e+000 3.360262e+000 -6.643466e+000 -3.261348e+000 -6.516023e-001 -6.460219e+000 -3.204168e+000 -3.984916e-001 5.140296e-002 -4.911216e-001 -8.684196e-001 -9.815792e-001 -2.137423e+000 -7.329491e-001 1.964083e+000 -2.676370e+000 -2.528952e+000 -7.827569e-001 -1.235869e+000 -1.171374e+000 -3.683749e-001 -7.079800e-001 -1.068418e+000 -1.211111e-001 -1.147048e+000 3.186283e-001 -7.703175e-002 4.753292e-001 1.266661e+000 -3.601890e-001 1.385001e-001 2.187219e-001 
1.920728e+001 1.854821e+001 -1.044681e+001 5.397551e+000 -2.379144e+000 5.343897e+000 -7.704026e+000 -2.560826e+000 -1.721188e+000 -5.211031e+000 -3.410276e+000 1.014956e+000 4.604201e-001 -9.600153e-001 3.326992e-002 -1.130283e+000 -1.003326e+000 -1.312895e+000 1.488083e+000 -2.109432e+000 -1.526231e+000 -4.147682e-002 -7.929821e-001 -1.517458e+000 -6.750074e-001 -1.295919e+000 -3.385527e-001 4.612512e-001 -4.071882e-001 5.615608e-002 -6.166454e-001 2.608146e-001 6.379024e-001 2.218216e-001 7.050066e-001 1.163503e+000 
1.986415e+001 1.537283e+001 -7.802075e+000 2.332512e+000 -4.757503e-001 3.898795e+000 -7.783251e+000 -3.647280e+000 -1.471950e+000 -5.344676e+000 -3.038543e+000 8.252385e-001 -3.890365e-001 -1.556894e+000 5.776684e-002 -6.250143e-001 -1.033919e+000 -2.483799e+000 2.679284e-001 -1.623961e+000 -1.726424e+000 -2.567658e-002 -1.366359e+000 -1.606281e+000 -1.519412e+000 -9.441109e-001 -4.227679e-002 2.552870e-001 -3.073463e-001 -2.692225e-001 -5.484452e-001 4.286488e-001 9.258694e-001 4.420536e-001 3.692386e-001 9.995168e-001 
1.829933e+001 1.680920e+001 -8.234897e+000 3.494507e+000 -1.413415e+000 4.652069e+000 -9.148202e+000 -3.472009e+000 -2.110759e+000 -4.550706e+000 -2.520744e+000 1.426631e+000 -1.696492e+000 -2.572010e+000 5.636602e-001 -3.466927e-001 -1.635563e-001 -2.713234e+000 2.740917e-001 -1.675929e+000 -1.555016e+000 -3.530741e-001 -1.420722e+000 -2.017813e+000 -1.444159e+000 -7.165135e-001 1.919530e-002 2.340189e-001 -1.990989e-001 -3.531655e-001 -7.235522e-001 6.547430e-001 9.708521e-001 1.839564e-001 -1.204033e-001 7.628608e-001 
1.846313e+001 1.539697e+001 -7.134073e+000 3.047482e+000 -1.190775e-001 4.145870e+000 -8.216409e+000 -4.082335e+000 -1.371696e+000 -4.386948e+000 -1.456482e+000 1.185819e+000 -1.205454e+000 -2.332403e+000 8.794346e-001 4.486152e-002 -6.949349e-001 -2.581849e+000 4.564543e-001 -9.083310e-001 -2.099029e+000 1.709672e-003 -1.706181e+000 -1.887459e+000 -1.654901e+000 -7.086961e-001 5.548950e-001 6.246175e-001 4.105283e-001 -1.753304e-001 -6.320041e-001 2.078762e-001 9.816327e-001 6.160179e-001 1.050582e-001 1.276584e+000 
1.823208e+001 1.505277e+001 -7.607897e+000 4.187224e+000 -1.015660e+000 3.557919e+000 -8.252507e+000 -4.449860e+000 -1.282987e+000 -3.353496e+000 -1.390104e+000 -3.359359e-001 -2.554884e+000 -2.391510e+000 1.054496e+000 3.040103e-001 -8.809033e-002 -2.828813e+000 -1.889080e-001 -1.085674e+000 -2.942366e+000 -1.022340e+000 -1.579080e+000 -1.494797e+000 -1.513263e+000 -6.516522e-001 4.287096e-001 -3.819506e-002 -1.684426e-001 -2.805415e-001 -1.560328e-002 9.471664e-001 1.033392e+000 3.010675e-001 -5.757819e-001 6.499402e-001 
1.729000e+001 1.495555e+001 -7.580054e+000 4.350596e+000 -1.213338e+000 4.017835e+000 -9.015153e+000 -4.275440e+000 -1.772047e+000 -3.677420e+000 -1.703987e+000 -7.464977e-001 -2.527765e+000 -2.262866e+000 1.422140e+000 4.958472e-001 -2.145853e-001 -2.988709e+000 -5.067281e-002 -1.107497e+000 -2.400861e+000 -6.010995e-001 -1.486314e+000 -1.864062e+000 -2.003177e+000 -9.110703e-001 6.644668e-001 6.407680e-001 1.049659e-003 -2.893729e-001 -3.039644e-001 4.872038e-001 7.369050e-001 2.553843e-001 -3.210527e-001 8.217324e-001 
1.670608e+001 1.517615e+001 -7.853763e+000 4.453473e+000 -1.570702e+000 4.876524e+000 -8.121709e+000 -4.079860e+000 -2.317807e+000 -4.511226e+000 -2.829100e+000 -8.565038e-001 -2.356861e+000 -2.811683e+000 1.638142e+000 6.413497e-001 1.909205e-001 -2.435046e+000 3.795544e-001 -1.549492e+000 -2.954920e+000 -6.104298e-001 -1.395969e+000 -1.849688e+000 -1.184671e+000 -9.768844e-001 3.816612e-001 4.207678e-001 -3.666854e-001 -5.123170e-001 -5.068240e-001 5.456050e-001 1.111917e-003 5.345107e-001 -2.789326e-001 4.528538e-001 
1.629964e+001 1.598324e+001 -7.854572e+000 3.970593e+000 -1.290814e+000 3.467938e+000 -5.760665e+000 -5.032105e+000 -1.760375e+000 -4.463475e+000 -1.582815e+000 -1.201581e+000 -1.665292e+000 -2.705705e+000 5.901036e-001 1.298855e+000 5.631493e-001 -8.076049e-001 -4.835223e-001 -1.607303e+000 -3.476286e+000 -5.169510e-001 -7.743458e-001 -8.512387e-001 -1.103842e+000 -1.348020e+000 1.744608e-002 -1.424433e-001 1.288670e-001 -3.591843e-001 1.688956e-001 5.503460e-001 3.815962e-001 3.205924e-001 -5.176724e-001 8.899340e-002 
1.657953e+001 1.707464e+001 -7.750984e+000 3.592220e+000 -2.621593e+000 3.521328e+000 -3.346356e+000 -5.124550e+000 -2.332143e+000 -4.901285e+000 -2.309900e+000 -1.943055e+000 -1.510601e+000 -1.748784e+000 3.222042e-001 8.144236e-001 1.795376e-001 -1.089891e+000 -5.083430e-001 -1.411162e+000 -3.507595e+000 -2.420608e-001 -6.792836e-001 -1.269126e+000 -1.886484e+000 -2.135382e+000 4.966460e-001 4.829349e-001 5.771018e-001 -5.125749e-001 -6.116877e-001 1.096156e-001 2.578529e-002 5.604004e-001 -1.235005e-001 4.747202e-002 
1.378431e+001 1.747088e+001 -5.473947e+000 3.321258e+000 -2.197451e+000 2.873210e+000 -2.547603e+000 -3.679702e+000 -1.899785e+000 -5.304255e+000 -2.004088e+000 -1.901091e+000 -1.434044e+000 -9.949927e-001 8.624762e-003 5.937139e-001 2.846095e-001 -3.724926e-001 -4.032124e-001 -1.213593e+000 -2.624773e+000 -5.147314e-001 -5.224608e-001 -6.846746e-001 -1.127737e+000 -1.605938e+000 2.236281e-001 -1.020025e-001 1.143322e-001 -4.490200e-001 -5.197070e-001 -1.204099e-001 -6.394070e-002 8.080551e-001 -2.570375e-001 8.914787e-002 
1.365878e+001 1.156783e+001 -8.219257e-001 2.033602e+000 8.478599e-001 6.762636e-001 -2.302510e+000 -1.229304e+000 4.635837e-001 -2.316619e+000 -1.348358e+000 -8.563999e-001 -1.543336e+000 -9.195887e-001 -5.695591e-001 -6.929032e-001 -1.178518e+000 -8.145437e-001 1.034565e-001 -7.279930e-001 -1.173068e+000 -6.316328e-001 -6.859239e-001 -8.322004e-001 -8.151153e-001 -1.770508e-001 2.849750e-001 6.666057e-003 8.030134e-002 1.381791e-001 1.331781e-001 2.516758e-001 1.655384e-001 -5.483220e-002 -2.515528e-001 -5.896572e-002 
1.808556e+001 1.127527e+001 2.489885e-001 2.298388e+000 -3.387328e-001 2.547234e-001 -3.514071e+000 -2.866780e+000 6.455877e-002 -2.712882e+000 -1.431824e+000 -7.054071e-001 -1.122379e+000 -2.763021e-001 5.569936e-001 1.045564e+000 -9.759453e-001 -1.169346e+000 5.109722e-001 7.239460e-002 -2.979333e-001 -2.913029e-001 -4.265427e-001 -5.926605e-001 -7.290365e-001 -5.907029e-001 -1.422567e-001 -5.844639e-002 -3.109157e-002 3.221154e-001 -1.296014e-001 -1.270298e-001 2.650869e-001 1.519241e-003 5.327055e-002 1.740621e-001 
7.279695e+000 1.585708e+001 -4.989967e+000 4.816518e+000 -3.964635e+000 2.567003e+000 -4.039194e+000 -2.476339e+000 4.994846e-001 -2.854167e+000 9.301326e-002 -1.907188e+000 -6.450730e-001 -1.009294e+000 5.308363e-001 -5.775388e-001 -2.355798e+000 -6.899195e-001 2.653782e-001 2.029185e-001 -9.476994e-001 -7.069651e-001 -1.039279e+000 -6.500739e-001 -6.178902e-001 -5.508421e-001 1.489605e-002 -7.023768e-001 -4.062740e-001 -7.561966e-001 -3.943408e-001 -6.624061e-002 -8.014076e-002 6.355156e-001 6.796707e-001 2.864562e-001 
6.846578e+000 1.415304e+001 -4.942810e+000 3.743717e+000 -4.291384e+000 1.880640e+000 -4.515447e+000 -2.949689e+000 -5.295632e-001 -3.263252e+000 -8.905285e-001 -9.470773e-001 -7.185277e-001 -1.448299e+000 2.060523e-001 -5.977728e-001 -1.325860e+000 -5.095360e-001 7.606603e-001 1.122545e+000 1.360980e-001 -4.977159e-001 -3.312228e-001 -2.453200e-001 -6.195547e-001 -1.001940e-001 -5.889462e-001 -8.854879e-001 -4.617781e-001 -5.502652e-001 -2.650517e-001 1.798718e-001 2.343315e-001 -4.638119e-002 -4.973650e-002 -1.366284e-001 
5.647992e+000 1.494712e+001 -5.389635e+000 4.878495e+000 -3.905240e+000 2.297001e+000 -6.254272e+000 -1.879914e+000 -3.196666e-001 -2.434104e+000 -1.244008e+000 -6.571055e-001 -4.370074e-001 -9.709984e-001 1.563948e+000 -3.038197e-001 -2.172110e-001 -5.123294e-001 5.381642e-001 -5.455497e-001 -8.498619e-001 -1.553161e+000 -1.045842e+000 -5.891921e-001 5.066954e-004 -4.053665e-001 -8.219878e-001 -6.779789e-001 -3.584469e-001 2.570827e-002 7.271967e-002 3.927657e-001 5.594686e-003 4.873344e-002 -3.865365e-001 -4.545607e-001 
6.190071e+000 1.420087e+001 -4.110648e+000 4.081588e+000 -2.545640e+000 1.625901e+000 -5.156136e+000 -3.075296e+000 -1.129627e+000 -3.260005e+000 -1.656578e+000 -1.326170e+000 -1.660861e+000 -1.178240e+000 1.506135e+000 1.503874e-001 -1.408676e+000 -4.895819e-001 -3.708778e-002 -1.078689e+000 1.050195e-001 -5.404578e-001 -8.024874e-001 -6.875895e-001 -8.033987e-001 -6.680546e-001 -4.917655e-001 -5.752270e-001 -4.976664e-001 2.030083e-002 -5.624762e-001 2.220737e-001 4.201856e-001 3.674551e-001 -2.795910e-001 2.487535e-002 
5.008204e+000 1.395781e+001 -6.114407e+000 4.002292e+000 -4.112372e+000 3.158340e+000 -5.952548e+000 -2.633326e+000 -8.305033e-001 -3.777443e+000 -2.044871e+000 -1.050254e+000 -7.684841e-001 -1.159553e+000 1.367123e+000 -1.264003e-001 -1.085590e+000 -1.038168e+000 1.097837e+000 -4.239887e-004 3.648910e-001 -5.902953e-001 -8.374384e-001 -8.118250e-001 -9.897917e-001 -3.850872e-001 6.137594e-003 -1.614460e-002 -6.441358e-001 3.945473e-001 -6.807568e-001 1.806783e-001 2.365239e-001 1.820554e-001 -1.560948e-001 1.977840e-001 
5.661471e+000 1.245448e+001 -5.821903e+000 3.263692e+000 -3.447246e+000 2.096738e+000 -6.552521e+000 -2.075501e+000 -7.951252e-001 -4.141074e+000 -1.409943e+000 -1.105550e+000 -1.394647e+000 -1.919201e+000 9.941772e-001 -6.007822e-001 -6.841310e-001 2.863970e-001 1.363822e+000 7.408299e-001 -3.805150e-001 -7.690423e-001 -6.826694e-001 -1.784642e-001 -4.998837e-001 -4.504752e-001 -4.864794e-001 -5.508921e-001 -2.512353e-001 2.691203e-001 -2.813265e-001 -8.626609e-001 -1.340045e-001 -1.492848e-001 -3.481399e-001 -7.250233e-002 
1.068097e+001 7.846677e+000 -5.367259e+000 6.638041e+000 -6.719746e+000 3.157914e+000 -6.907560e+000 4.108471e-001 -2.675571e+000 -1.569831e+000 -2.145152e+000 -7.590649e-001 -7.797100e-001 -1.768108e+000 -2.258155e-001 -1.039973e+000 -7.687666e-001 -1.219166e+000 5.201283e-001 -1.385323e+000 -3.002142e-001 -1.436685e+000 1.869025e-001 -4.126940e-001 -4.800301e-001 -1.216498e+000 -1.865275e-001 3.118285e-002 -4.832091e-001 4.002444e-001 7.145960e-002 4.512028e-001 2.847770e-001 -1.110497e-001 1.284447e-002 1.111111e-001 
1.419160e+001 9.605318e+000 -4.005186e+000 6.768013e+000 -5.706442e+000 1.098656e+000 -5.586631e+000 6.285448e-003 -7.041241e-001 -2.618754e+000 -3.063550e+000 -2.408417e+000 -1.365862e+000 -5.075670e-001 7.600347e-001 -2.561368e-001 -5.248446e-001 -1.112109e+000 -7.085868e-002 -1.275484e+000 -3.532999e-001 -1.312054e+000 -3.302216e-001 2.229235e-001 3.299967e-001 -2.266318e-001 -2.730424e-001 -2.436212e-001 -7.530354e-001 5.240712e-002 4.445034e-003 7.567705e-001 6.941430e-002 5.984989e-001 5.711041e-002 6.590033e-001 
1.432255e+001 1.690433e+001 -8.412413e+000 5.066159e+000 -4.926563e+000 1.038575e+000 -7.041409e+000 -3.999056e-001 2.298844e-001 -3.117638e+000 -4.057202e+000 -2.226959e+000 6.261011e-001 -8.284291e-001 1.204790e+000 3.614092e-001 -1.135795e+000 -1.441922e+000 7.447797e-002 -3.297288e+000 -1.385023e+000 -6.621217e-001 -1.164379e-001 -8.898767e-001 -8.505632e-001 -6.593772e-001 -5.798165e-001 -2.134379e-001 -8.335342e-001 3.445093e-001 -2.148158e-001 1.551601e+000 1.578054e-001 4.761134e-001 -3.401160e-001 6.095719e-001 
1.825125e+001 1.813831e+001 -9.696295e+000 2.189657e+000 -4.142994e+000 1.826598e+000 -7.225888e+000 -1.014730e+000 9.253230e-001 -4.589785e+000 -4.483846e+000 -2.519276e+000 6.960249e-001 -4.149669e-001 6.991366e-001 -1.436569e-001 -2.658389e+000 -1.326807e+000 1.590372e+000 -1.942255e+000 -9.651177e-001 2.595381e-001 -1.172039e+000 -8.602784e-001 -6.736636e-001 -5.311525e-001 -2.191720e-001 -2.572297e-001 -3.853544e-001 -3.445830e-001 -3.993563e-001 1.101498e+000 8.597708e-002 -7.471025e-002 2.952888e-001 6.365438e-001 
1.848458e+001 1.840404e+001 -1.095410e+001 3.544895e+000 -3.732053e+000 3.807984e+000 -7.447579e+000 -1.707691e+000 -5.750410e-001 -6.064205e+000 -2.900437e+000 -1.157777e+000 7.546279e-001 -7.126813e-001 -2.558201e-001 -1.300095e+000 -1.996758e+000 -1.013067e+000 2.667114e+000 -2.422165e+000 -2.199126e+000 -7.847746e-001 -1.553705e+000 -1.120620e+000 -2.305248e-001 -6.482898e-001 -7.873157e-001 -1.190685e-001 -9.876324e-001 3.891383e-001 -5.082203e-001 7.129531e-001 3.160832e-001 -3.486972e-002 2.348115e-001 5.849027e-001 
1.982049e+001 1.517078e+001 -9.286332e+000 1.746843e+000 -1.526296e+000 2.415384e+000 -5.994400e+000 -4.289996e+000 -6.573169e-001 -6.256129e+000 -3.237674e+000 -1.766981e-001 7.520054e-002 -3.605973e-001 -6.941601e-001 -4.421405e-001 -1.659829e+000 -5.277777e-001 1.584849e+000 -1.963799e+000 -1.953820e+000 1.091468e-001 -9.203513e-001 -1.192121e+000 -6.244480e-001 -1.099558e+000 -6.445548e-001 4.097155e-001 -4.204285e-001 -1.131294e-001 -3.606521e-001 2.127240e-001 1.013654e+000 -9.097155e-002 4.552277e-001 6.534176e-001 
1.953850e+001 1.696879e+001 -9.445566e+000 3.722652e+000 -2.234128e+000 4.303967e+000 -8.326726e+000 -3.407330e+000 -1.428921e+000 -4.895426e+000 -3.370322e+000 5.272688e-001 -3.775165e-001 -1.427334e+000 3.314520e-001 -6.567141e-001 -5.903075e-001 -1.667256e+000 8.847494e-001 -1.938916e+000 -1.684262e+000 1.898661e-001 -8.341973e-001 -1.068190e+000 -1.169430e+000 -1.144718e+000 -5.843570e-001 -5.892341e-002 -3.322250e-001 -1.125891e-001 -5.020633e-001 3.243235e-001 5.271107e-001 9.111579e-002 4.806726e-001 9.960647e-001 
1.849280e+001 1.607076e+001 -8.212615e+000 3.069076e+000 -1.222363e+000 4.333830e+000 -8.909534e+000 -3.327573e+000 -2.094312e+000 -4.855678e+000 -3.288543e+000 9.921977e-001 -8.230246e-001 -2.041089e+000 7.464040e-001 -3.323610e-001 -6.401484e-001 -2.594550e+000 2.707473e-001 -1.781223e+000 -1.272261e+000 -1.061930e-002 -1.128164e+000 -1.666328e+000 -1.470589e+000 -8.899825e-001 -5.134025e-002 2.130916e-001 -5.187261e-001 -3.282579e-001 -7.515049e-001 5.656294e-001 8.730274e-001 2.927366e-001 -4.108060e-002 8.758186e-001 
1.822614e+001 1.582485e+001 -7.800714e+000 2.838854e+000 -5.111326e-001 4.076791e+000 -8.627953e+000 -3.784307e+000 -1.994747e+000 -5.200490e+000 -2.152829e+000 9.877934e-001 -1.910640e+000 -1.992157e+000 1.068977e+000 1.323190e-001 -4.752348e-002 -2.768486e+000 2.132955e-001 -1.411036e+000 -1.889766e+000 5.318201e-001 -1.249677e+000 -1.755422e+000 -1.228203e+000 -9.399878e-001 1.768259e-001 4.161395e-001 -4.026103e-001 -2.172352e-001 -4.801490e-001 4.641501e-001 1.091535e+000 2.216581e-001 -6.134888e-001 9.642939e-001 
1.833030e+001 1.495888e+001 -7.580915e+000 3.519886e+000 -6.581669e-001 3.891798e+000 -7.666866e+000 -4.229899e+000 -1.386217e+000 -4.580383e+000 -1.994567e+000 2.022778e-001 -1.527879e+000 -1.727079e+000 1.248292e+000 2.413486e-001 -8.902816e-001 -3.193559e+000 -4.482079e-001 -1.206250e+000 -2.357132e+000 -4.939905e-001 -1.235296e+000 -1.407559e+000 -1.692960e+000 -7.427602e-001 2.230051e-001 -1.289839e-001 -3.353491e-002 -1.698381e-001 -3.114757e-001 8.529862e-001 1.232914e+000 2.655303e-001 -3.651486e-001 7.738454e-001 
1.819079e+001 1.474640e+001 -7.187619e+000 3.768425e+000 -7.596266e-001 3.460342e+000 -7.913415e+000 -4.115475e+000 -1.457671e+000 -3.750516e+000 -1.598402e+000 -5.740456e-001 -2.635813e+000 -1.938769e+000 1.560738e+000 4.823262e-001 2.472472e-001 -2.788489e+000 -4.255636e-001 -7.201679e-001 -2.547704e+000 -6.148259e-001 -1.162402e+000 -1.261695e+000 -1.693547e+000 -8.241639e-001 6.583371e-001 3.864966e-001 -1.006403e-001 -4.845842e-001 -1.157551e-001 6.163707e-001 7.068426e-001 4.319339e-001 -1.615854e-001 8.645576e-001 
1.721743e+001 1.428229e+001 -6.551402e+000 4.959594e+000 1.881427e-001 5.065581e+000 -7.779345e+000 -4.327388e+000 -1.818312e+000 -3.979057e+000 -1.669242e+000 -4.834942e-001 -1.977876e+000 -2.105637e+000 1.746208e+000 8.002901e-001 1.462189e-001 -2.391379e+000 -3.127565e-001 -1.333906e+000 -3.161274e+000 -7.172296e-001 -8.763864e-001 -1.161580e+000 -1.456654e+000 -1.135624e+000 2.406115e-001 1.905021e-001 -5.420792e-002 1.752099e-001 -7.489464e-002 7.105478e-001 5.615788e-001 -3.153010e-002 -1.774516e-001 6.260751e-001 
1.627513e+001 1.502800e+001 -8.019689e+000 4.808731e+000 -9.862258e-001 4.791007e+000 -7.037174e+000 -4.626304e+000 -2.226251e+000 -4.498862e+000 -1.970063e+000 -2.590893e-001 -1.511072e+000 -2.093909e+000 1.031645e+000 3.438033e-001 -5.606532e-002 -2.490320e+000 1.419858e-002 -1.244315e+000 -2.995452e+000 -4.983835e-001 -1.373323e+000 -1.716494e+000 -1.600049e+000 -1.090812e+000 4.925686e-001 5.557357e-001 1.517813e-001 -2.299110e-001 -1.608259e-001 6.023678e-001 4.112407e-001 6.101574e-001 -2.414654e-001 3.444011e-001 
1.486370e+001 1.859986e+001 -1.053028e+001 5.189240e+000 -3.398418e+000 4.791524e+000 -5.583040e+000 -4.248533e+000 -2.600794e+000 -6.150245e+000 -1.466781e+000 -2.280906e+000 5.850609e-002 -2.850682e+000 1.262899e+000 1.472008e-002 -3.344048e-002 -1.733297e+000 -4.270498e-001 -7.871108e-001 -3.410770e+000 3.348494e-001 -1.661131e+000 -1.214265e+000 -1.756587e+000 -1.266050e+000 2.946556e-002 6.057352e-001 3.891833e-001 -9.559947e-001 -1.258047e-001 -3.042662e-001 5.500271e-001 6.302378e-001 7.132871e-002 7.506892e-002 
1.615413e+001 1.605176e+001 -5.609341e+000 2.888701e+000 -1.625194e+000 3.222016e+000 -2.312651e+000 -5.200001e+000 -2.449526e+000 -4.667635e+000 -2.286536e+000 -2.009772e+000 -1.659828e+000 -1.477189e+000 -5.348069e-001 1.020803e+000 5.462652e-001 -6.048041e-001 -2.926136e-001 -1.299074e+000 -2.992591e+000 -7.204112e-001 -4.166532e-001 -1.327290e+000 -1.704314e+000 -1.989026e+000 1.597014e-001 8.683069e-001 4.528364e-001 -1.450670e-001 -3.052281e-001 -2.377634e-001 -1.441028e-001 3.905494e-001 -2.586223e-001 -3.066594e-001 
1.029349e+001 1.666723e+001 -3.980144e+000 5.009634e+000 -3.321941e+000 2.784578e+000 -2.895045e+000 -2.043179e+000 -1.419806e+000 -3.426131e+000 -1.471562e+000 -1.621591e+000 -9.769539e-001 -1.718856e+000 2.016986e-002 -4.526417e-001 3.581578e-001 -2.417080e-001 2.369162e-001 -9.241737e-001 -2.172869e+000 -1.001114e+000 -1.354980e+000 -3.668360e-001 -1.063304e+000 -9.253467e-001 -2.245566e-001 -5.183680e-001 1.823401e-001 -1.540515e-001 -1.349058e-001 1.250053e-001 2.000283e-001 5.853374e-001 -1.364966e-001 -4.848794e-001 
