-1.297159e+001 2.125976e+001 7.522654e+000 3.021845e+000 -7.055889e-002 -2.473421e+000 -3.279511e+000 -2.350358e+000 -9.760950e-001 -2.041049e+000 -2.956902e+000 -2.654184e+000 -1.177456e+000 -6.188550e-001 -8.253773e-001 -1.425523e+000 -1.604930e+000 -1.277573e+000 -1.284250e+000 -1.770078e+000 -8.777016e-001 -3.400231e-001 -5.583803e-001 -7.305882e-001 -1.956013e-001 -1.788374e-001 -3.983932e-001 -1.201038e-001 1.210425e-001 3.770265e-001 7.522640e-001 8.724370e-001 -1.180031e-001 -1.012488e+000 -1.027167e+000 -4.834019e-001 
-1.534888e+001 2.172413e+001 7.385840e+000 2.957125e+000 5.189553e-002 -2.384150e+000 -2.880205e+000 -2.236127e+000 -7.252644e-001 -1.675876e+000 -2.089368e+000 -1.757346e+000 -1.217852e+000 -8.030845e-001 -5.316577e-001 -1.665828e+000 -1.938293e+000 -1.706797e+000 -1.123702e+000 -1.497868e+000 -7.406354e-001 -3.289102e-001 -9.757405e-001 -1.632625e+000 -7.144185e-001 -3.151912e-002 -5.066277e-002 -1.257399e-002 -4.453408e-001 -2.242650e-001 3.592396e-001 1.218597e+000 7.444832e-001 -1.721052e-001 -5.037210e-001 1.357070e-002 
-1.660181e+001 2.251491e+001 5.423397e+000 3.493932e+000 5.741471e-001 -2.054879e+000 -3.818466e+000 -3.604299e+000 -1.928777e-001 -4.304961e-001 -2.316276e+000 -2.853906e+000 -2.149814e+000 -1.919016e+000 -1.173696e+000 -1.960284e+000 -2.454517e+000 -1.893667e+000 -1.307563e+000 -1.721500e+000 -1.644117e+000 -1.268163e+000 -8.636634e-001 -8.086109e-001 -4.077018e-001 -1.200777e+000 -7.031381e-001 -5.718452e-001 -3.809362e-001 -4.282638e-001 -1.562627e-001 7.195658e-001 3.651309e-001 4.485457e-001 -4.802234e-002 6.594850e-001 
-1.247648e+001 2.185430e+001 3.704490e+000 2.535053e+000 2.766192e+000 5.849155e-001 -2.363790e+000 -3.708051e+000 -6.335750e-001 -4.785414e-002 -1.688417e+000 -2.395125e+000 -8.316773e-001 -7.082281e-001 -9.218448e-002 -1.318722e+000 -2.571188e+000 -2.016824e+000 -1.574539e+000 -1.593853e+000 -1.408939e+000 -5.935810e-001 -4.561677e-001 -6.169971e-001 -6.348538e-001 -7.341649e-001 -4.270686e-001 -4.743655e-001 -4.762821e-001 -1.257701e-001 5.730071e-001 3.706990e-001 2.872387e-001 9.896173e-001 6.589226e-001 -6.885476e-002 
-5.164442e+000 2.193064e+001 -1.791871e+000 2.832133e+000 2.450859e+000 8.931280e-001 -1.835779e+000 -2.349554e+000 7.050011e-001 -1.712764e+000 -3.074548e+000 -3.086964e+000 -7.146132e-001 -4.884543e-001 8.171739e-001 -2.634140e-001 -3.180943e+000 -2.102387e+000 -1.622999e+000 -1.889612e+000 -1.429288e+000 -9.814147e-001 -3.068223e-002 -2.663826e-001 -5.658597e-001 1.803837e-001 -4.553281e-001 -1.038851e+000 -2.533976e-001 -1.314657e-001 6.305834e-002 5.938349e-001 4.681538e-001 6.490578e-001 6.803245e-001 6.569877e-001 
1.930009e+000 2.157411e+001 -2.247740e+000 3.055818e+000 -1.327132e+000 -2.401412e+000 -3.102409e+000 -3.359696e+000 1.273384e+000 -1.901234e+000 -5.318741e+000 -4.168295e+000 -7.903195e-001 -9.442461e-001 -6.543663e-001 -7.158202e-001 -2.896014e+000 -1.986121e+000 -1.540555e+000 -1.623676e+000 -3.860587e-001 -9.474222e-001 -9.198826e-001 -1.778218e+000 -1.042026e+000 8.015364e-001 2.066273e-001 5.436849e-001 2.552240e-001 -1.177174e+000 -2.069543e-001 3.853883e-001 2.175323e-001 -4.962721e-001 -9.594853e-001 3.508709e-001 
3.110139e+000 2.043065e+001 -9.040657e-001 5.042262e+000 -1.080793e+000 -3.924421e+000 -4.181892e+000 -3.696004e+000 1.248794e+000 -2.527033e+000 -5.229654e+000 -2.480772e+000 -1.104445e+000 -1.497469e+000 -4.597969e-001 -3.269774e-001 -1.294034e+000 -1.221074e+000 -1.816815e+000 -1.216597e+000 -2.667731e-001 -1.047962e+000 -1.236224e+000 -1.536403e+000 -4.998514e-002 7.901167e-001 -1.153115e-001 1.081775e+000 8.617591e-001 -2.499693e-001 3.604193e-001 1.405223e-001 -6.733335e-001 -1.083039e+000 -4.789952e-001 5.037506e-001 
1.144490e+000 2.349508e+001 -2.171208e+000 6.701272e+000 -2.893349e+000 -3.175955e+000 -4.344241e+000 -6.163846e+000 7.863958e-001 -1.761877e+000 -2.659966e+000 -3.513365e+000 -4.481633e-001 -2.326433e+000 -1.912299e+000 1.604878e-001 -3.058960e-001 -1.248535e+000 -2.097483e+000 -9.840168e-001 -1.280773e+000 -1.855641e+000 -5.740877e-001 -1.169225e+000 2.942708e-001 1.069667e+000 -3.689115e-001 4.202083e-001 5.101692e-001 2.226756e-001 3.930061e-001 -1.790588e-001 -1.431250e-001 -7.414094e-001 -6.787315e-001 -4.906133e-001 
3.287011e+000 2.035379e+001 -1.432975e+000 6.283638e+000 -9.142052e-001 -3.953361e+000 -5.873582e+000 -6.165433e+000 -2.096723e-001 -1.350112e+000 -3.539479e+000 -3.179486e+000 -1.129499e+000 -1.921255e+000 -1.990200e+000 -6.678037e-001 -1.164177e+000 -2.361621e+000 -2.297342e+000 -1.024304e+000 -9.407127e-001 -8.849342e-001 -1.115658e+000 -2.152617e+000 -1.074644e-001 3.192676e-001 -6.662397e-001 6.319789e-001 7.750367e-001 4.998652e-001 4.563095e-001 -5.644937e-001 -8.021558e-001 -7.796844e-001 -7.903410e-001 -4.126766e-001 
4.491797e+000 1.999411e+001 1.045702e-001 4.754925e+000 -7.529212e-001 -4.422403e+000 -5.038622e+000 -5.338098e+000 -7.183219e-001 -1.095805e+000 -3.662973e+000 -2.325620e+000 -4.301373e-001 -1.697724e+000 -1.894724e+000 -4.465422e-001 -1.302087e+000 -2.598983e+000 -1.682791e+000 -5.716134e-001 -5.359076e-001 -5.154993e-001 -8.651836e-001 -1.614086e+000 -1.883087e-001 2.876003e-001 -7.729836e-001 6.777509e-001 1.168471e+000 5.432393e-001 9.813670e-001 -4.535432e-001 -1.029424e+000 -5.768150e-001 -1.094295e+000 -2.401583e-001 
3.204703e+000 2.306514e+001 -1.426398e+000 5.899936e+000 -1.956193e+000 -5.046470e+000 -4.465516e+000 -4.452630e+000 8.289237e-002 -1.444554e+000 -3.145118e+000 -2.009193e+000 -4.078390e-001 -1.574543e+000 -2.167533e+000 -8.958197e-001 -1.068774e+000 -2.610745e+000 -1.499393e+000 -3.386081e-001 -5.291548e-001 -7.036703e-001 -1.227033e+000 -6.444223e-001 8.279353e-002 -3.511779e-001 -5.094974e-001 8.654795e-001 7.932776e-001 1.701879e-001 1.500265e+000 -3.149206e-001 -1.586895e+000 -3.129815e-001 -7.431002e-001 -5.466405e-001 
3.303995e+000 2.251969e+001 -8.302342e-001 5.156082e+000 -9.305554e-001 -4.655732e+000 -4.667821e+000 -4.189026e+000 -6.276682e-001 -1.658171e+000 -3.086111e+000 -1.475178e+000 -1.226394e-001 -1.987926e+000 -2.399979e+000 -4.686370e-001 -8.036248e-001 -2.161346e+000 -1.317420e+000 -4.813876e-001 -4.737543e-001 -7.651925e-001 -1.031487e+000 -7.489604e-001 2.341426e-001 -3.073299e-001 -4.710643e-001 1.294515e+000 5.471122e-001 1.745194e-001 1.472889e+000 -9.457987e-002 -1.256859e+000 -5.234747e-001 -7.063538e-001 -8.383901e-001 
2.754101e+000 2.139974e+001 5.297548e-002 4.745132e+000 -1.652707e-001 -4.111679e+000 -4.968459e+000 -4.890314e+000 -1.558064e+000 -1.983682e+000 -2.721121e+000 -1.556105e+000 -2.746273e-001 -1.918215e+000 -2.207898e+000 -2.449054e-001 -1.400724e+000 -2.692613e+000 -1.299755e+000 -4.857015e-001 -3.868845e-001 -6.706050e-001 -1.321264e+000 -1.029697e+000 -3.875107e-002 -5.021355e-001 -4.898587e-001 1.167299e+000 8.774772e-001 2.771936e-001 1.235892e+000 -1.757586e-003 -1.311308e+000 -7.532641e-001 -8.206161e-001 -6.861078e-001 
3.767221e+000 2.010097e+001 7.921588e-001 4.092054e+000 -2.662470e-001 -4.510571e+000 -4.976593e+000 -4.783603e+000 -1.845352e+000 -2.044513e+000 -3.018127e+000 -1.682960e+000 -5.928908e-001 -1.884841e+000 -2.212114e+000 -6.293272e-001 -1.266140e+000 -2.608974e+000 -1.503838e+000 -7.636355e-001 -4.960218e-001 -7.091455e-001 -1.628401e+000 -1.224595e+000 -6.194035e-002 -4.225708e-001 -4.957239e-001 1.017682e+000 8.328751e-001 2.444555e-001 1.103727e+000 -1.006426e-001 -1.269495e+000 -6.713714e-001 -8.241753e-001 -5.655029e-001 
4.264552e+000 1.961370e+001 9.952953e-001 4.430737e+000 -2.327510e-001 -4.364781e+000 -4.635144e+000 -4.723167e+000 -2.070566e+000 -1.906253e+000 -2.810713e+000 -1.808354e+000 -6.828572e-001 -1.681434e+000 -2.144360e+000 -7.814359e-001 -1.009704e+000 -2.057463e+000 -1.801177e+000 -9.943157e-001 -1.182889e-001 -7.967355e-001 -1.760839e+000 -9.959489e-001 1.653129e-001 -4.296094e-001 -5.587704e-001 1.183684e+000 8.477844e-001 2.786610e-001 1.098679e+000 -3.377341e-001 -1.144175e+000 -5.394243e-001 -1.000692e+000 -5.101700e-001 
3.532340e+000 2.073366e+001 4.680019e-001 5.493953e+000 1.890710e-001 -4.559320e+000 -3.955757e+000 -4.174856e+000 -1.974619e+000 -1.719691e+000 -2.591640e+000 -1.643030e+000 -2.482211e-001 -9.840287e-001 -1.770529e+000 -8.911262e-001 -8.698545e-001 -1.469883e+000 -1.396083e+000 -1.198297e+000 -4.465276e-002 -3.186215e-001 -1.537217e+000 -1.107053e+000 4.039569e-001 -1.617264e-001 -6.369277e-001 1.300536e+000 1.088823e+000 2.845108e-001 1.222752e+000 -7.551301e-002 -1.097503e+000 -5.861125e-001 -9.797724e-001 -4.967849e-001 
1.106418e+000 2.391241e+001 -2.525029e+000 7.950750e+000 -1.009131e+000 -4.067014e+000 -3.507213e+000 -5.199075e+000 -1.032187e+000 -2.616237e+000 -2.010349e+000 -1.745471e+000 -9.515720e-001 -4.487593e-001 -2.117010e+000 -4.282578e-001 -1.190267e+000 -1.862443e+000 -7.331548e-001 -2.308674e+000 1.030320e+000 -9.353232e-001 -1.506112e+000 -1.185521e+000 2.277251e-001 2.266171e-001 -1.395642e+000 1.986162e+000 7.554158e-001 3.416515e-001 1.251608e+000 -4.163686e-001 -8.777432e-001 -8.391281e-001 -7.087988e-001 -4.756628e-001 
5.630468e+000 1.837272e+001 1.546172e+000 5.033297e+000 2.547962e-001 -4.296908e+000 -3.763952e+000 -3.926409e+000 -2.590008e+000 -1.981012e+000 -2.394330e+000 -1.860664e+000 -5.743575e-001 -1.079836e+000 -1.417161e+000 -6.057418e-001 -1.251059e+000 -1.446896e+000 -1.478767e+000 -1.542240e+000 3.251671e-001 -2.589034e-001 -2.116130e+000 -9.341225e-001 4.213913e-001 -4.064031e-001 -5.363376e-001 1.356242e+000 1.132778e+000 2.848287e-001 1.105792e+000 -2.192924e-001 -1.253254e+000 -5.178288e-001 -7.214222e-001 -4.950387e-001 
1.739817e+001 1.314779e+001 4.117521e+000 2.235054e+000 1.891827e-001 -1.529413e+000 -1.664309e+000 -1.869037e+000 -1.640653e+000 -1.028333e+000 -8.017008e-001 -6.476837e-001 -2.369649e-001 -2.430619e-001 -3.913698e-001 -3.701634e-001 -2.979894e-001 -2.555106e-001 -4.553258e-001 -6.297645e-001 -3.886831e-001 -3.918311e-001 -6.147187e-001 -2.296497e-001 3.100862e-001 2.201576e-001 2.524766e-001 6.136921e-001 5.416608e-001 4.255383e-001 3.743219e-001 -5.822770e-002 -3.602798e-001 -3.969541e-001 -5.304945e-001 -4.422235e-001 
4.635765e+000 1.339300e+001 4.883042e+000 2.377187e+000 5.745245e-001 -6.125689e-001 -8.800315e-001 -1.286587e+000 -1.372403e+000 -1.187011e+000 -1.184524e+000 -1.319787e+000 -1.016640e+000 -6.535079e-001 -5.690049e-001 -6.197121e-001 -5.284763e-001 -4.566261e-001 -6.583077e-001 -9.046621e-001 -7.910902e-001 -4.619437e-001 -2.216183e-001 -4.533404e-002 2.632897e-001 4.058143e-001 3.110178e-001 2.507087e-001 2.375922e-001 3.276318e-001 3.638710e-001 1.942377e-001 3.078245e-002 -1.075957e-001 -2.844447e-001 -2.687297e-001 
-1.442752e+001 2.088787e+001 7.837663e+000 3.192118e+000 -1.384216e-001 -2.620624e+000 -2.851275e+000 -1.851268e+000 -9.692068e-001 -2.021345e+000 -2.406643e+000 -2.136720e+000 -1.169267e+000 -5.402778e-001 -6.473788e-001 -1.514374e+000 -1.825847e+000 -1.729465e+000 -1.237376e+000 -1.375474e+000 -6.807992e-001 -1.972791e-001 -7.934767e-001 -1.345384e+000 -5.389759e-001 -3.805710e-002 -5.257880e-002 -1.152528e-001 -3.801959e-001 -1.034161e-001 5.171782e-001 1.118501e+000 5.081857e-001 -3.487589e-001 -8.015133e-001 -3.357665e-001 
-1.718200e+001 2.234192e+001 6.333161e+000 3.727155e+000 6.001187e-001 -3.076543e+000 -3.938194e+000 -2.707949e+000 1.380042e-001 -9.488588e-001 -2.416245e+000 -2.825442e+000 -1.511530e+000 -1.807869e+000 -1.024182e+000 -2.038617e+000 -2.443773e+000 -1.410262e+000 -1.160133e+000 -1.752788e+000 -1.738280e+000 -8.225469e-001 -9.391599e-001 -9.649788e-001 -5.637713e-001 -6.525129e-001 -6.558528e-001 -4.739343e-001 -3.410167e-001 -4.590808e-001 -1.493147e-002 8.981378e-001 4.726670e-001 -1.212520e-002 -2.823971e-002 8.651651e-001 
-1.586355e+001 2.355250e+001 4.243215e+000 2.933896e+000 1.789176e+000 -1.739362e-001 -2.514247e+000 -4.406865e+000 -2.241582e-001 9.945487e-002 -1.067111e+000 -3.001000e+000 -7.422636e-001 -1.358167e+000 -9.605689e-002 -1.575794e+000 -2.804558e+000 -1.820804e+000 -1.327431e+000 -1.310278e+000 -1.488236e+000 -1.044124e+000 -1.154964e+000 -4.161954e-001 -4.839200e-001 -8.362190e-001 -4.331001e-001 -3.345076e-001 -3.492416e-001 -4.667058e-001 4.744516e-001 6.660982e-001 2.886010e-001 7.418163e-001 4.872738e-001 7.600797e-002 
-6.676474e+000 2.049209e+001 -1.045838e-001 2.455838e+000 3.176998e+000 6.008125e-001 -1.781238e+000 -2.487479e+000 -2.674142e-002 -1.212333e+000 -2.970178e+000 -2.641794e+000 -5.258870e-001 -2.655216e-001 3.219281e-001 -7.048943e-001 -2.578941e+000 -2.062437e+000 -1.766517e+000 -2.167217e+000 -1.568481e+000 -8.659865e-001 -1.097382e-001 -3.618109e-001 -3.056881e-001 -4.237981e-002 -6.027414e-001 -9.825630e-001 -4.724246e-001 -1.318931e-001 2.065889e-001 4.534381e-001 6.672600e-001 8.405999e-001 7.624828e-001 4.881513e-001 
4.644278e-001 2.092377e+001 -1.675275e+000 2.292808e+000 -2.524274e-001 -1.736520e+000 -2.466816e+000 -2.161903e+000 1.115110e+000 -1.931145e+000 -4.728892e+000 -3.777960e+000 -1.000837e+000 -8.534716e-001 -6.329753e-001 -9.103502e-001 -3.091003e+000 -2.098252e+000 -1.148587e+000 -1.388398e+000 -4.905939e-001 -9.371030e-001 -7.284141e-001 -1.143561e+000 -9.352878e-001 5.688226e-001 1.483405e-001 5.947563e-002 1.519850e-002 -8.968014e-001 -1.297803e-001 3.771499e-001 1.351369e-001 -2.661918e-001 -4.536954e-001 1.920468e-001 
7.804027e-001 2.363234e+001 -3.300178e+000 6.383991e+000 -1.895012e+000 -3.006237e+000 -3.421158e+000 -4.249040e+000 2.713196e+000 -2.917211e+000 -4.366755e+000 -3.341313e+000 -5.494080e-001 -1.541326e+000 -7.106491e-001 8.671826e-002 -1.917156e+000 -9.112414e-001 -1.933479e+000 -1.205261e+000 2.529315e-001 -9.733582e-001 -6.439051e-001 -1.665741e+000 -2.160044e-001 9.547965e-001 -9.809609e-002 1.453214e+000 7.845530e-001 -6.632113e-001 -7.150106e-002 2.658713e-001 -2.251768e-001 -1.009439e+000 -6.946289e-001 6.673678e-001 
3.436857e+000 2.049229e+001 2.744033e-001 4.691988e+000 -1.308495e+000 -3.614760e+000 -4.094210e+000 -4.951997e+000 3.650172e-001 -1.041846e+000 -3.911787e+000 -2.071926e+000 -7.168772e-001 -1.554204e+000 -1.421885e+000 -1.170908e-001 -1.378494e-001 -1.348385e+000 -1.789181e+000 -9.667697e-001 -9.797530e-001 -1.374583e+000 -8.039627e-001 -9.765375e-001 1.715092e-001 9.046335e-001 -1.112575e-001 5.525329e-001 6.836438e-001 1.443753e-001 4.960663e-001 1.435520e-001 -4.153134e-001 -7.235681e-001 -6.766881e-001 -2.015866e-001 
1.628285e+000 2.113950e+001 -2.469625e+000 6.470981e+000 -2.269398e+000 -4.032744e+000 -6.107605e+000 -6.327168e+000 -1.019139e-001 -1.857962e+000 -3.393035e+000 -3.776943e+000 -1.256769e+000 -2.366766e+000 -1.995163e+000 -5.240996e-001 -1.073979e+000 -2.102522e+000 -2.672321e+000 -1.120767e+000 -1.303284e+000 -1.454497e+000 -1.186948e+000 -2.123757e+000 -1.963526e-001 5.853905e-001 -7.234937e-001 3.689176e-001 5.335546e-001 3.989385e-001 3.487569e-001 -4.849616e-001 -5.230073e-001 -8.487409e-001 -8.476881e-001 -4.147159e-001 
2.559557e+000 2.139354e+001 -1.999618e+000 6.052028e+000 -1.056490e+000 -4.334773e+000 -5.471826e+000 -6.120234e+000 -3.688729e-001 -1.309139e+000 -3.535243e+000 -2.993276e+000 -7.591262e-001 -1.805786e+000 -1.957460e+000 -6.474704e-001 -1.346098e+000 -2.600022e+000 -2.156987e+000 -8.749729e-001 -6.766365e-001 -4.929976e-001 -1.074088e+000 -1.920731e+000 -2.659651e-001 2.128602e-001 -8.005587e-001 4.954919e-001 1.050262e+000 4.970034e-001 8.846966e-001 -4.032693e-001 -1.102976e+000 -5.764160e-001 -1.198732e+000 -3.360837e-001 
4.178429e+000 2.077608e+001 1.722960e-002 4.518764e+000 -1.583004e+000 -5.217851e+000 -4.918054e+000 -4.867914e+000 -6.532053e-001 -1.233392e+000 -3.336839e+000 -2.129671e+000 -6.865214e-001 -1.874569e+000 -2.354716e+000 -7.723691e-001 -1.134669e+000 -2.664442e+000 -1.512960e+000 -4.966553e-001 -7.070473e-001 -9.719316e-001 -1.274667e+000 -8.609659e-001 -1.899718e-002 -2.717772e-001 -6.001572e-001 7.810970e-001 7.709661e-001 2.004343e-001 1.321845e+000 -2.415143e-001 -1.387435e+000 -3.830176e-001 -8.961008e-001 -5.538380e-001 
2.935641e+000 2.264697e+001 -1.158972e+000 5.371396e+000 -9.734065e-001 -4.871711e+000 -4.560246e+000 -4.362674e+000 -3.712201e-001 -1.760394e+000 -3.178813e+000 -1.592104e+000 -2.349229e-001 -2.051207e+000 -2.626136e+000 -9.217383e-001 -9.145504e-001 -2.104650e+000 -1.311952e+000 -5.885420e-001 -6.796960e-001 -7.155974e-001 -1.146673e+000 -6.655774e-001 3.393987e-001 -3.838398e-001 -4.640265e-001 9.675632e-001 4.353169e-001 1.158942e-001 1.601166e+000 -2.217673e-002 -1.473775e+000 -5.312998e-001 -8.383659e-001 -9.182323e-001 
6.804072e-002 2.472665e+001 -2.390860e+000 6.884847e+000 -1.296670e+000 -3.865423e+000 -4.533197e+000 -5.282068e+000 -4.319030e-001 -2.625066e+000 -1.904372e+000 -2.265594e+000 5.703301e-001 -2.365930e+000 -1.906851e+000 -3.010086e-001 -1.302950e+000 -2.146475e+000 -1.648566e+000 -1.584438e-001 -6.771395e-001 -4.196805e-001 -1.240932e+000 -1.067499e+000 2.285520e-001 -6.316867e-001 -2.492260e-001 1.062983e+000 1.029399e+000 1.648610e-001 1.297686e+000 1.409278e-003 -1.310233e+000 -5.885817e-001 -8.248710e-001 -7.116060e-001 
1.937768e+000 2.107561e+001 -2.802637e-001 4.595891e+000 -4.553725e-001 -4.486047e+000 -4.981055e+000 -5.126744e+000 -2.095889e+000 -2.613349e+000 -3.205327e+000 -1.837636e+000 -5.300895e-001 -1.824358e+000 -2.426664e+000 -9.225417e-001 -1.570952e+000 -2.862382e+000 -1.655539e+000 -8.806074e-001 -5.226096e-001 -7.148261e-001 -1.676188e+000 -1.369542e+000 -3.382313e-001 -6.113199e-001 -5.892217e-001 1.096160e+000 8.431337e-001 6.187393e-002 1.120177e+000 -1.459084e-001 -1.371954e+000 -6.952302e-001 -9.518421e-001 -5.316146e-001 
3.496966e+000 1.973131e+001 5.072361e-001 4.329662e+000 -2.768807e-001 -4.445732e+000 -4.978714e+000 -5.002962e+000 -2.146390e+000 -2.245010e+000 -3.088815e+000 -1.869910e+000 -7.502382e-001 -2.018479e+000 -2.343320e+000 -9.564453e-001 -1.329770e+000 -2.461992e+000 -1.975234e+000 -9.396179e-001 -2.365562e-001 -9.048522e-001 -1.731515e+000 -1.192597e+000 -6.917303e-002 -6.159808e-001 -6.549823e-001 1.153579e+000 8.496130e-001 1.980845e-001 1.038107e+000 -4.617675e-001 -1.332175e+000 -5.279483e-001 -8.819413e-001 -5.331046e-001 
4.312290e+000 1.935188e+001 1.333981e+000 4.584297e+000 1.398238e-001 -4.377213e+000 -4.244386e+000 -4.393485e+000 -2.241155e+000 -1.773543e+000 -2.638953e+000 -1.737081e+000 -4.935921e-001 -1.351393e+000 -1.938172e+000 -9.157843e-001 -9.650508e-001 -1.751290e+000 -1.684660e+000 -1.106876e+000 -1.329636e-001 -4.898987e-001 -1.615563e+000 -1.046042e+000 3.162047e-001 -3.218632e-001 -6.679260e-001 1.091991e+000 9.608059e-001 3.087626e-001 1.200667e+000 -4.152189e-002 -1.139846e+000 -6.607812e-001 -1.019691e+000 -6.181912e-001 
3.946019e+000 1.990668e+001 1.321544e-001 5.416839e+000 -1.733349e-001 -4.487254e+000 -4.229130e+000 -4.410432e+000 -2.027965e+000 -2.221225e+000 -2.532809e+000 -1.741642e+000 -6.814012e-001 -1.244634e+000 -1.981355e+000 -7.647479e-001 -1.251376e+000 -1.722971e+000 -1.447121e+000 -1.403035e+000 3.913845e-002 -6.036780e-001 -1.868612e+000 -1.099717e+000 3.059219e-001 -2.452962e-001 -7.830565e-001 1.328738e+000 9.880670e-001 7.923121e-002 1.221413e+000 -2.526099e-001 -1.155301e+000 -5.092005e-001 -9.644127e-001 -4.765298e-001 
8.101871e-001 2.387339e+001 -2.609919e+000 8.237024e+000 -1.148035e+000 -4.102808e+000 -3.234389e+000 -4.840813e+000 -1.169767e+000 -2.662397e+000 -1.667689e+000 -2.092949e+000 -6.017177e-001 -5.836873e-001 -1.775020e+000 -1.832281e-001 -1.127248e+000 -1.739955e+000 -9.221110e-001 -2.125550e+000 1.021046e+000 -4.628484e-001 -1.836954e+000 -8.630473e-001 2.859628e-001 -3.814788e-002 -1.117177e+000 1.982909e+000 1.007935e+000 3.137554e-001 1.245236e+000 -4.482539e-001 -9.545329e-001 -7.569314e-001 -5.978411e-001 -5.444210e-001 
