1.106619e+001 1.453743e+001 -5.226954e+000 8.739965e-001 -1.787311e-001 -4.848615e-002 -1.130761e+000 3.505130e-001 -2.440144e-001 2.729764e-001 -4.463180e-001 4.438483e-002 
1.079248e+001 1.401294e+001 -5.400767e+000 1.718380e+000 5.527427e-002 3.580672e-001 -1.254226e+000 5.727224e-001 -9.325231e-001 4.812751e-001 6.211905e-002 -1.944123e-001 
1.054825e+001 1.321817e+001 -5.310259e+000 2.543531e+000 7.070355e-001 5.696631e-002 -1.187162e+000 4.532089e-001 -8.357614e-001 3.355624e-001 1.374306e-001 -2.118264e-001 
9.971208e+000 1.330000e+001 -5.344069e+000 3.105779e+000 1.686284e+000 2.274025e-001 -2.137048e+000 3.288033e-001 -8.740618e-001 1.806942e-001 8.490148e-001 -5.893083e-001 
9.606041e+000 1.354739e+001 -5.803663e+000 3.467884e+000 2.554096e+000 3.003856e-001 -1.161334e+000 -5.448234e-001 -1.435011e+000 2.040156e-001 4.969070e-001 -2.072097e-001 
8.913702e+000 1.321226e+001 -5.129556e+000 3.579456e+000 3.407846e+000 3.114237e-001 -1.007213e+000 -8.295907e-001 -1.513035e+000 -3.170092e-001 6.759054e-001 -6.358384e-001 
7.312344e+000 1.421405e+001 -5.034174e+000 3.476975e+000 3.518970e+000 9.288896e-001 -1.748000e+000 -4.946868e-001 -1.979862e+000 -3.699854e-001 6.942415e-001 -5.771196e-001 
7.783319e+000 1.334855e+001 -3.731008e+000 1.846816e+000 4.658752e+000 5.007487e-001 -1.642609e+000 6.085651e-002 -2.210069e+000 -9.267101e-001 1.353354e+000 -1.315910e+000 
8.476232e+000 1.267087e+001 -3.399427e+000 2.074534e+000 4.205865e+000 5.841103e-001 -1.019137e+000 -4.285649e-001 -1.587499e+000 -7.359620e-001 6.048759e-001 -1.040307e+000 
8.054369e+000 1.308514e+001 -3.251405e+000 2.650174e+000 3.568432e+000 5.332840e-001 -1.190903e+000 -2.027580e-001 -1.170300e+000 -3.630636e-001 2.330781e-001 -1.074751e+000 
9.349369e+000 1.157485e+001 -2.187589e+000 2.078881e+000 3.831630e+000 3.484841e-001 -9.177718e-001 -2.607379e-001 -9.349994e-001 -3.387434e-001 1.315348e-001 -1.279712e+000 
7.725917e+000 1.378558e+001 -3.907631e+000 3.069492e+000 3.045098e+000 9.597634e-001 -1.265526e+000 -2.880247e-002 -1.209548e+000 -1.683720e-001 2.446077e-001 -1.382179e+000 
8.790594e+000 1.208462e+001 -2.580163e+000 2.259110e+000 3.419332e+000 7.639914e-001 -8.264778e-001 -4.336069e-001 -1.004116e+000 -2.385011e-001 1.277642e-001 -1.406338e+000 
9.002352e+000 1.199722e+001 -2.313241e+000 1.879670e+000 3.535039e+000 1.045320e+000 -8.194091e-001 -7.902385e-001 -9.638421e-001 -1.229077e-001 3.852567e-004 -1.191259e+000 
7.375852e+000 1.424665e+001 -4.244239e+000 3.162620e+000 2.761968e+000 1.665424e+000 -1.260032e+000 -3.372800e-001 -1.330159e+000 -2.644664e-002 4.291280e-002 -1.315564e+000 
1.000232e+001 1.247917e+001 -2.536542e+000 9.416223e-001 2.637377e+000 4.424392e-001 -5.513776e-001 -3.717590e-001 -4.554949e-001 3.568631e-002 -1.506456e-001 -1.006230e+000 
1.105157e+001 1.464494e+001 -5.166091e+000 4.137650e-001 -3.878452e-001 -6.684000e-002 -8.730072e-001 3.814195e-001 -1.491296e-001 3.374483e-001 -7.046803e-001 1.410480e-001 
1.052329e+001 1.424176e+001 -5.303571e+000 1.412491e+000 1.431535e-001 -9.363410e-002 -1.070488e+000 3.420262e-001 -7.110034e-001 3.954747e-001 9.841468e-002 -2.248750e-001 
1.040894e+001 1.382116e+001 -5.467746e+000 2.183570e+000 2.954124e-001 3.405386e-001 -1.204259e+000 7.755392e-001 -1.154066e+000 4.444669e-001 4.766994e-002 -1.265368e-001 
9.893610e+000 1.343764e+001 -5.478293e+000 3.020135e+000 1.129784e+000 3.191355e-001 -1.917437e+000 6.141061e-001 -8.958381e-001 2.215568e-001 6.411720e-001 -5.434986e-001 
9.951105e+000 1.289743e+001 -5.294417e+000 3.101165e+000 2.613686e+000 -2.150261e-001 -1.242545e+000 -5.199130e-001 -9.743940e-001 1.816497e-001 8.091047e-001 -3.369290e-001 
9.266659e+000 1.268012e+001 -4.978896e+000 3.296359e+000 3.406798e+000 1.422057e-001 -7.830676e-001 -1.007756e+000 -1.327197e+000 -2.113942e-001 6.264445e-001 -4.023370e-001 
8.165886e+000 1.288553e+001 -4.268864e+000 3.098027e+000 3.889911e+000 4.480446e-001 -1.285494e+000 -1.131183e+000 -1.488719e+000 -3.453368e-001 7.278154e-001 -3.808476e-001 
8.956251e+000 1.161226e+001 -2.791272e+000 1.734155e+000 4.427866e+000 3.703753e-001 -1.185044e+000 -5.997883e-001 -1.797738e+000 -6.954905e-001 7.707302e-001 -7.164332e-001 
6.688959e+000 1.447764e+001 -4.767422e+000 2.857951e+000 3.896276e+000 7.955732e-001 -1.592400e+000 2.738629e-001 -2.154529e+000 -7.980096e-001 1.155465e+000 -1.324696e+000 
8.448135e+000 1.231488e+001 -2.651062e+000 1.920806e+000 3.792482e+000 5.725208e-001 -9.930435e-001 -5.346768e-001 -1.014728e+000 -5.265100e-001 1.658774e-001 -7.596140e-001 
7.965303e+000 1.296650e+001 -3.111186e+000 2.397307e+000 3.673840e+000 5.408401e-001 -1.132889e+000 -1.461641e-001 -9.269513e-001 -4.368648e-001 1.546638e-001 -1.241587e+000 
7.276521e+000 1.391858e+001 -4.005838e+000 3.330771e+000 2.685067e+000 1.246669e+000 -1.540003e+000 2.163287e-001 -1.258263e+000 -1.364360e-001 1.004708e-001 -1.323158e+000 
8.232205e+000 1.253299e+001 -2.962412e+000 2.502143e+000 3.480946e+000 6.938811e-001 -9.850278e-001 -3.126262e-001 -1.009354e+000 -2.963214e-001 2.917810e-001 -1.405620e+000 
8.348663e+000 1.247219e+001 -2.720898e+000 2.316505e+000 3.229962e+000 9.965528e-001 -9.054603e-001 -6.179680e-001 -9.540531e-001 -1.403949e-001 7.256811e-002 -1.246442e+000 
7.235972e+000 1.391177e+001 -3.995070e+000 3.164746e+000 2.729932e+000 1.771120e+000 -1.326083e+000 -4.783456e-001 -1.353501e+000 7.356293e-002 2.956499e-002 -1.178127e+000 
