-1.904008e+001 2.285856e+001 8.078067e+000 3.421440e+000 -7.039480e-001 -2.646158e+000 -2.039629e+000 -7.601737e-001 -3.682460e-001 -1.983402e+000 -2.100827e+000 -3.072227e+000 -2.306143e+000 -2.405778e+000 -6.448785e-001 -1.073937e+000 -1.315007e+000 -2.391690e+000 -2.252208e+000 -2.075993e+000 -6.953388e-001 -8.446597e-001 -1.245975e+000 -4.281673e-001 -3.449668e-001 -9.707756e-001 -1.731912e+000 -1.167196e-001 -1.592950e-001 -1.598506e-001 1.062801e-001 2.118072e-001 -5.912956e-002 3.976752e-001 1.143422e+000 6.729786e-001 
-1.513864e+001 1.936983e+001 7.478733e+000 2.974099e+000 -3.525363e-001 -2.438590e+000 -2.330095e+000 -1.042612e+000 -8.262364e-002 -1.260078e+000 -1.990529e+000 -2.236717e+000 -1.691425e+000 -1.656086e+000 -1.351947e+000 -1.263087e+000 -1.648479e+000 -2.705849e+000 -2.699325e+000 -1.725807e+000 -9.523113e-001 -8.472535e-001 -8.009620e-001 -7.394968e-001 -1.206896e+000 -1.690958e+000 -1.059716e+000 9.760880e-002 2.721461e-001 -1.537838e-001 6.786806e-002 1.696557e-001 1.519932e-001 3.909995e-001 8.930238e-001 9.341796e-001 
-1.428362e+001 1.981708e+001 7.939587e+000 3.044494e+000 -4.059348e-001 -2.379407e+000 -1.716936e+000 -5.453959e-001 1.079982e-001 -1.464975e+000 -2.119449e+000 -2.325345e+000 -1.636534e+000 -1.148890e+000 -3.122554e-001 -6.325304e-001 -1.769447e+000 -2.722911e+000 -2.783474e+000 -2.010453e+000 -8.046911e-001 -3.720512e-001 -2.623174e-001 -5.052715e-001 -1.201564e+000 -1.661976e+000 -1.017205e+000 6.073394e-002 3.989314e-001 -2.233438e-002 -1.570647e-001 1.249294e-005 1.420853e-001 5.376824e-001 9.768856e-001 8.865977e-001 
-1.910779e+001 2.374046e+001 7.989425e+000 3.345765e+000 -8.230224e-001 -3.038903e+000 -1.659562e+000 -2.828651e-001 1.177315e+000 -1.463551e+000 -1.527193e+000 -3.829973e+000 -1.603696e+000 -9.807320e-001 2.704484e-001 -2.078265e-001 -1.744391e+000 -2.762783e+000 -3.848921e+000 -1.662680e+000 -1.404363e-001 -1.480651e-001 -9.181346e-001 -9.245012e-001 -9.806223e-001 -1.643663e+000 -1.321655e+000 2.513620e-001 5.264113e-001 -1.641246e-001 2.603052e-002 2.072268e-001 1.284207e-001 4.356549e-001 8.379481e-001 9.030847e-001 
-1.385871e+001 2.080682e+001 7.374963e+000 2.601016e+000 -4.756449e-001 -1.747651e+000 -1.324312e+000 -3.655041e-001 9.404275e-003 -1.052488e+000 -1.557627e+000 -2.263894e+000 -1.589003e+000 -9.124197e-001 -3.249413e-001 -7.841870e-001 -1.926270e+000 -2.821441e+000 -2.929478e+000 -1.750452e+000 -3.563864e-001 -2.397999e-001 -8.164551e-001 -1.098029e+000 -1.228442e+000 -1.501595e+000 -7.961261e-001 5.592301e-002 3.445446e-001 2.205946e-001 1.153097e-001 2.988101e-001 3.602692e-001 3.748979e-001 7.663072e-001 7.424234e-001 
-1.005996e+001 2.411652e+001 1.252461e+000 1.786281e+000 1.494569e+000 4.537674e-001 -7.824054e-001 -2.302916e+000 3.975687e-001 -1.453575e+000 -1.690308e+000 -2.983742e+000 -1.913191e+000 -3.046705e-001 -8.809375e-002 -1.262624e+000 -3.468445e+000 -2.881829e+000 -1.448672e+000 -5.301164e-001 -7.262241e-001 -9.270702e-001 -8.123759e-001 -7.243906e-001 -7.899277e-001 -6.376361e-001 -2.993293e-001 5.012663e-001 -5.641724e-001 -4.690276e-001 4.786990e-001 6.057644e-001 4.438432e-002 1.465488e-002 1.189509e-002 -1.158843e-001 
4.271198e+000 2.690938e+001 -5.599464e+000 1.703642e+000 -1.727699e-002 -1.600259e+000 -2.425043e+000 -3.133676e+000 3.501816e-001 -4.519796e+000 -4.015441e+000 -3.361904e+000 -1.271149e+000 1.566631e+000 1.547870e+000 -5.258284e-001 -2.604937e+000 -1.176467e+000 -7.508171e-001 -1.164591e+000 -1.097294e+000 -1.917481e+000 -1.423263e+000 -1.370022e+000 -3.058048e-001 -3.690102e-001 -4.582912e-002 2.247245e+000 -1.451379e-001 -1.183703e+000 6.513358e-001 7.732730e-001 1.992888e-001 -4.946651e-001 -4.182266e-001 -5.220915e-001 
8.722049e+000 2.696463e+001 -1.079912e+001 4.177741e+000 -2.690255e+000 -2.995093e+000 -3.260647e+000 -4.157914e+000 1.686619e+000 -5.874343e+000 -1.151435e+000 -2.562102e+000 7.164332e-001 9.105975e-001 6.539790e-001 -2.585746e-001 -2.241388e+000 1.104595e+000 -1.664278e+000 -1.477120e+000 -2.258457e+000 -1.806085e+000 -1.531154e+000 -2.068363e+000 5.127698e-001 -1.332616e+000 3.601936e-001 1.132734e+000 2.525474e-001 -5.711069e-001 1.072801e+000 1.366583e+000 -5.069493e-001 6.238652e-001 1.690372e-001 3.302276e-001 
1.192402e+001 2.278774e+001 -9.361106e+000 3.680876e+000 -3.334837e+000 -2.734482e+000 -3.793909e+000 -1.801740e+000 1.079757e+000 -5.025813e+000 -1.663972e+000 -1.397782e+000 2.556410e-001 -2.718772e-002 -6.591718e-001 -4.918139e-001 -1.910603e+000 4.226170e-001 -6.679493e-001 -2.037611e+000 -1.245564e+000 -1.726242e+000 -1.100704e+000 -1.140274e+000 3.519150e-001 -7.358601e-001 -1.082168e+000 9.074260e-001 -2.631009e-001 -1.025735e-002 1.580937e+000 7.698884e-001 -2.811406e-001 2.071518e-001 9.890610e-001 4.546667e-001 
1.314672e+001 2.224898e+001 -8.823501e+000 2.831605e+000 -3.137965e+000 -2.921346e+000 -3.174220e+000 -1.432752e+000 9.720317e-001 -4.310733e+000 -1.654710e+000 -1.108620e+000 4.474688e-001 -4.430295e-002 -1.654009e+000 -6.542554e-001 -2.221597e+000 4.321988e-001 -1.882533e-001 -2.270571e+000 -8.879972e-001 -1.959924e+000 -9.737530e-001 -1.138299e+000 1.977406e-001 -1.793707e-001 -1.462323e+000 1.120784e+000 -4.517608e-001 -2.520135e-001 1.597622e+000 2.964299e-001 9.342435e-003 3.586903e-001 1.278618e+000 4.261452e-001 
1.418547e+001 2.037916e+001 -8.107802e+000 1.745449e+000 -3.431463e+000 -3.955181e+000 -3.116950e+000 -1.151920e+000 4.926148e-001 -4.374005e+000 -2.212835e+000 -7.333869e-001 3.910431e-001 -3.154602e-001 -2.010382e+000 -1.283061e+000 -2.291258e+000 1.609547e-001 -2.046091e-001 -2.161422e+000 -1.160526e+000 -2.005977e+000 -1.285849e+000 -9.254811e-001 1.942371e-001 -1.645548e-001 -1.669470e+000 5.187440e-001 -3.479823e-001 -2.838976e-001 1.702249e+000 3.368927e-001 -3.788359e-001 5.614727e-001 1.303938e+000 5.801900e-001 
1.135905e+001 2.443389e+001 -1.167422e+001 3.788415e+000 -4.884146e+000 -3.176119e+000 -2.649931e+000 -1.932484e+000 1.726573e+000 -5.883428e+000 -1.032156e+000 -1.613640e+000 1.290011e+000 -1.740779e-001 -2.740718e+000 -4.858177e-001 -2.799743e+000 4.913689e-001 -1.149142e-002 -2.303558e+000 -6.826164e-001 -2.507461e+000 -8.590097e-001 -9.846802e-001 2.013284e-001 1.714524e-001 -2.013596e+000 8.553227e-001 -7.191147e-001 4.490619e-002 1.722835e+000 8.874797e-002 -8.765608e-002 3.264049e-001 1.427732e+000 4.805806e-001 
1.404816e+001 2.052873e+001 -8.421616e+000 6.779330e-001 -3.036820e+000 -4.477491e+000 -2.535600e+000 -1.082461e+000 -7.014141e-001 -4.051641e+000 -2.456729e+000 -1.055192e+000 1.007371e+000 -6.714883e-001 -2.698440e+000 -1.264145e+000 -2.145117e+000 3.836813e-002 -2.006581e-001 -2.246051e+000 -1.246456e+000 -2.050098e+000 -1.482569e+000 -9.374597e-001 7.128771e-002 -1.610170e-001 -1.351976e+000 2.170055e-001 -4.674593e-001 -5.775449e-002 1.548162e+000 1.899167e-001 -4.233074e-001 4.938039e-001 1.319746e+000 5.449431e-001 
1.241202e+001 2.278365e+001 -9.799776e+000 1.817567e+000 -3.631705e+000 -3.799293e+000 -2.601127e+000 -1.104521e+000 -2.382134e-002 -4.835069e+000 -1.775596e+000 -1.473552e+000 7.702736e-001 -1.267875e-001 -3.136644e+000 -1.276273e+000 -2.083053e+000 2.358471e-001 -3.318748e-002 -2.668330e+000 -1.219571e+000 -1.845077e+000 -1.460393e+000 -8.960998e-001 2.493263e-001 -3.974061e-001 -1.180048e+000 2.800930e-001 -6.700067e-001 2.729173e-001 1.150955e+000 3.406774e-001 -2.339745e-001 2.406623e-003 1.786750e+000 1.044939e-001 
1.119302e+001 2.432802e+001 -1.102652e+001 2.540537e+000 -4.612575e+000 -3.058483e+000 -2.713324e+000 -1.521834e+000 -7.326677e-002 -5.466308e+000 -1.086832e+000 -2.305945e+000 1.409361e+000 -6.718490e-001 -3.360224e+000 -1.093202e+000 -2.372375e+000 3.950848e-001 -3.405247e-001 -2.616729e+000 -1.789459e+000 -1.231353e+000 -1.854339e+000 -1.025922e+000 5.289592e-001 -1.114128e+000 -5.153000e-001 -2.102295e-001 -4.433926e-001 3.012310e-001 6.829959e-001 6.420434e-001 -6.170218e-001 5.247306e-001 1.399094e+000 -2.346551e-002 
1.250719e+001 2.242505e+001 -9.435313e+000 1.053683e+000 -3.832983e+000 -2.856659e+000 -2.812833e+000 -1.616682e+000 -4.960074e-001 -4.738590e+000 -1.861733e+000 -1.564685e+000 1.162912e+000 -2.221890e-001 -3.264768e+000 -1.237584e+000 -1.765076e+000 -8.283604e-002 6.371653e-002 -2.543640e+000 -1.600935e+000 -1.071103e+000 -2.009674e+000 -8.031406e-001 5.017565e-001 -8.340352e-001 -5.897444e-001 -1.893816e-001 -3.053696e-001 5.051056e-001 7.950237e-001 5.783087e-001 -6.086856e-001 3.426631e-001 1.683859e+000 -1.705024e-001 
1.443475e+001 2.045042e+001 -7.505565e+000 -2.049953e-002 -2.232611e+000 -3.477952e+000 -2.394635e+000 -9.931416e-001 -1.078940e+000 -4.331899e+000 -1.976429e+000 -7.005008e-001 8.571372e-001 5.827610e-002 -3.005114e+000 -1.464826e+000 -1.174251e+000 -1.156491e-001 3.200532e-001 -2.705161e+000 -1.651469e+000 -5.503549e-001 -2.134999e+000 -8.936669e-001 5.044617e-001 -6.771341e-001 -4.174726e-001 6.936220e-003 -5.223804e-001 5.628686e-001 1.145042e+000 3.658718e-001 -5.325090e-001 3.698786e-001 1.551677e+000 5.227211e-003 
1.169764e+001 2.435047e+001 -1.082935e+001 3.074503e+000 -3.659341e+000 -2.931700e+000 -1.571580e+000 -2.226421e+000 1.393506e-001 -5.386631e+000 -9.776286e-001 -9.971655e-001 6.417536e-001 4.341954e-001 -3.195349e+000 -8.359970e-001 -1.552527e+000 3.032476e-002 5.077476e-001 -2.910559e+000 -1.143812e+000 -1.154926e+000 -1.701238e+000 -8.715680e-001 8.718437e-002 -1.318231e-001 -6.307126e-001 1.394598e-001 -5.647103e-001 6.263228e-001 1.100488e+000 3.450355e-001 -3.229311e-001 1.297214e-001 1.739147e+000 -7.630110e-002 
1.385495e+001 2.018752e+001 -6.886071e+000 8.650138e-001 -2.150798e+000 -3.726559e+000 -1.997746e+000 -1.581122e+000 -1.392628e+000 -4.057931e+000 -2.088848e+000 -4.695267e-001 4.787422e-001 -1.515610e-001 -2.243544e+000 -1.454933e+000 -1.476370e+000 6.968898e-002 4.692097e-001 -2.546878e+000 -1.636404e+000 -1.008946e+000 -1.938643e+000 -6.973143e-001 1.838011e-001 -3.656056e-001 -4.393529e-001 -8.294074e-002 -2.071866e-001 3.967531e-001 1.175600e+000 2.560208e-001 -4.567193e-001 6.505707e-001 1.157792e+000 3.290418e-002 
8.427150e+000 1.908912e+001 -2.649783e+000 1.008198e-001 -6.882256e-001 -2.796182e+000 -1.042406e+000 -8.092297e-001 -1.546275e+000 -3.514637e+000 -2.459651e+000 -2.120352e-001 6.492257e-001 -4.391435e-001 -2.025075e+000 -1.972973e+000 -1.296109e+000 -3.639241e-001 -4.547325e-001 -2.532788e+000 -1.564858e+000 -4.612766e-001 -1.498707e+000 -7.249558e-001 7.761736e-002 -5.584028e-001 -4.634452e-001 -1.290504e-001 -5.517851e-001 1.653330e-001 1.215690e+000 1.265683e-001 -1.782629e-001 6.812051e-001 3.475539e-001 6.285369e-003 
-1.888154e+001 2.204191e+001 8.562797e+000 3.811197e+000 -3.243171e-001 -2.827765e+000 -2.081411e+000 -8.122329e-001 2.836375e-001 -1.530322e+000 -1.562525e+000 -2.892086e+000 -2.242894e+000 -1.943750e+000 -7.489672e-001 -5.091452e-001 -1.220861e+000 -2.280614e+000 -2.561081e+000 -1.991143e+000 -5.333207e-001 -4.788162e-001 -1.050561e+000 -6.638955e-001 -5.891328e-001 -1.230893e+000 -1.111008e+000 -4.245328e-003 -1.508128e-002 -4.522365e-001 1.767211e-001 4.021053e-001 3.103584e-001 4.990221e-001 8.771315e-001 7.600406e-001 
-1.916740e+001 2.225419e+001 7.873141e+000 3.839958e+000 -2.191230e-001 -3.473352e+000 -2.332382e+000 -9.810765e-001 1.092247e+000 -1.825997e+000 -1.655077e+000 -2.640908e+000 -1.781902e+000 -1.662293e+000 -9.185246e-001 -9.187558e-001 -1.629870e+000 -2.923982e+000 -3.126521e+000 -1.572087e+000 -8.872295e-001 -6.469879e-001 -5.973774e-001 -5.680476e-001 -1.024115e+000 -2.056899e+000 -1.121909e+000 3.846954e-001 4.916283e-001 -3.123442e-001 -1.205878e-001 1.066598e-001 -1.442369e-001 4.446306e-001 1.052142e+000 1.105929e+000 
-1.502718e+001 1.973662e+001 8.067326e+000 2.908171e+000 -4.879234e-001 -2.353529e+000 -1.770683e+000 -6.911102e-001 -6.230560e-002 -1.464305e+000 -2.072489e+000 -2.190129e+000 -1.476521e+000 -1.085039e+000 -3.245105e-001 -6.596010e-001 -1.795315e+000 -2.763840e+000 -2.885208e+000 -1.996130e+000 -9.132150e-001 -3.896833e-001 -3.560370e-001 -6.326160e-001 -1.245357e+000 -1.717301e+000 -9.884171e-001 3.248535e-002 3.501202e-001 3.372711e-002 -1.264567e-001 4.706251e-002 2.007205e-001 5.470959e-001 9.581763e-001 8.737434e-001 
-1.359480e+001 1.972189e+001 7.756660e+000 2.816429e+000 -4.042922e-001 -2.142255e+000 -1.619872e+000 -5.411885e-001 1.648970e-003 -1.060739e+000 -1.761943e+000 -2.423653e+000 -1.806267e+000 -9.669318e-001 -2.874512e-001 -6.558459e-001 -1.677354e+000 -2.580924e+000 -2.748837e+000 -1.774610e+000 -6.053685e-001 -4.662537e-001 -6.972884e-001 -8.507510e-001 -1.065870e+000 -1.435193e+000 -1.018076e+000 -7.017912e-002 3.103515e-001 1.118452e-001 6.487775e-002 1.252058e-001 2.286878e-001 4.145960e-001 7.995633e-001 7.975992e-001 
-1.792715e+001 2.454993e+001 5.867211e+000 3.037971e+000 -8.560588e-001 -1.819499e+000 -1.167484e+000 -1.482234e+000 1.169671e+000 -2.570232e+000 -1.422915e+000 -3.083435e+000 -7.761757e-001 -1.190086e+000 -3.700406e-001 -1.246558e+000 -2.824029e+000 -2.491622e+000 -2.928949e+000 -1.344936e+000 -9.834169e-001 -3.272705e-001 -9.391063e-001 -1.085806e+000 -9.658847e-001 -1.831909e+000 -1.005515e+000 3.574283e-002 5.789150e-001 -1.578956e-001 -8.681391e-002 2.254657e-001 5.062504e-001 4.695818e-001 6.124136e-001 2.473688e-001 
-9.209471e-001 2.006780e+001 1.959949e+000 -3.341524e-002 1.532128e+000 1.205355e-001 -1.852459e+000 -1.556503e+000 -1.259813e-001 -1.092313e+000 -2.648905e+000 -3.327091e+000 -2.150385e+000 -2.398229e-001 4.140593e-002 -1.563684e+000 -2.824672e+000 -2.217775e+000 -7.351806e-001 -4.315256e-001 -1.110004e+000 -1.531487e+000 -1.025267e+000 -3.977375e-001 -3.908420e-001 -3.847087e-001 4.300286e-001 7.169232e-001 -4.780495e-001 -8.960807e-001 1.339762e-001 4.905508e-001 -1.742534e-002 -4.153178e-001 -4.206368e-001 -1.594554e-001 
5.828847e+000 2.677486e+001 -7.085553e+000 2.006386e+000 -3.349237e-001 -1.967085e+000 -2.515933e+000 -3.085675e+000 -1.415610e-001 -4.793342e+000 -3.422113e+000 -2.879095e+000 -6.587911e-001 1.517580e+000 1.345986e+000 -1.154642e-001 -2.119753e+000 -4.901079e-001 -8.083746e-001 -1.649985e+000 -1.141739e+000 -2.061527e+000 -1.588716e+000 -1.400444e+000 -2.672100e-001 -2.744886e-001 2.059113e-002 2.303739e+000 -2.748047e-002 -1.009195e+000 8.581229e-001 8.792437e-001 3.109215e-001 -2.957526e-001 -3.501887e-001 -3.533301e-001 
1.198512e+001 2.209456e+001 -7.369696e+000 1.366698e+000 -1.474773e+000 -3.515640e+000 -3.829472e+000 -2.328833e+000 1.611287e-001 -3.686720e+000 -3.006067e+000 -1.374464e+000 -3.389549e-003 8.577985e-001 1.525602e-001 -1.003811e+000 -1.498678e+000 -1.841353e-001 -8.877811e-001 -2.041687e+000 -1.964322e+000 -1.873129e+000 -1.608841e+000 -1.461429e+000 -2.926206e-001 -6.776745e-001 -3.534854e-001 1.195106e+000 -2.952694e-001 -3.284492e-001 1.377769e+000 8.033664e-001 -4.094044e-003 2.062581e-001 4.694414e-001 3.663460e-001 
1.301333e+001 2.136448e+001 -8.507930e+000 2.689248e+000 -2.862587e+000 -3.024390e+000 -3.867610e+000 -1.542817e+000 9.047309e-001 -4.456971e+000 -1.914707e+000 -1.265143e+000 5.519988e-002 8.157449e-002 -1.022603e+000 -7.974532e-001 -2.238117e+000 3.482002e-001 -3.286940e-001 -2.079386e+000 -1.247879e+000 -1.941781e+000 -1.101889e+000 -9.058333e-001 3.042854e-001 -6.373442e-001 -1.488457e+000 9.949562e-001 -2.683241e-001 -6.425833e-002 1.544390e+000 4.866004e-001 -4.940090e-002 3.403953e-001 1.099787e+000 4.271834e-001 
1.411579e+001 2.003582e+001 -7.363509e+000 1.502078e+000 -2.640978e+000 -3.944446e+000 -3.353627e+000 -1.137284e+000 2.508810e-001 -4.154207e+000 -2.521802e+000 -1.226063e+000 3.156008e-001 -2.021985e-001 -1.876043e+000 -1.227685e+000 -2.181768e+000 -9.501538e-003 -1.932784e-001 -2.285274e+000 -1.560880e+000 -1.941377e+000 -1.319826e+000 -1.005685e+000 1.294544e-001 -5.263839e-001 -1.518630e+000 8.246323e-001 -3.654392e-001 -3.759812e-001 1.509048e+000 2.083783e-001 -1.977237e-001 5.829452e-001 1.030889e+000 4.932087e-001 
1.169234e+001 2.357577e+001 -1.067240e+001 3.783162e+000 -4.480559e+000 -3.185950e+000 -2.780498e+000 -1.532915e+000 1.422916e+000 -5.262920e+000 -1.427555e+000 -1.189416e+000 9.129843e-001 -6.943948e-002 -2.461345e+000 -6.815375e-001 -2.491761e+000 6.045267e-001 -6.551295e-002 -2.351805e+000 -9.376603e-001 -2.308824e+000 -9.386898e-001 -1.153019e+000 3.137898e-001 4.330645e-003 -1.792660e+000 9.213493e-001 -6.092973e-001 -2.102483e-001 1.865793e+000 1.016879e-001 -8.662454e-002 3.581042e-001 1.428065e+000 5.201722e-001 
1.389089e+001 1.995042e+001 -8.007596e+000 9.311434e-001 -3.474540e+000 -4.120286e+000 -3.240605e+000 -1.005342e+000 4.567405e-002 -4.487263e+000 -2.531739e+000 -1.135255e+000 1.048123e+000 -4.027124e-001 -2.802488e+000 -1.324000e+000 -2.315911e+000 1.400693e-001 -2.236598e-002 -2.279195e+000 -1.316383e+000 -2.150332e+000 -1.345179e+000 -8.927016e-001 1.189983e-001 -6.013062e-002 -1.619481e+000 2.863889e-001 -5.002080e-001 -1.852103e-001 1.803886e+000 1.536330e-001 -4.203673e-001 5.845787e-001 1.144827e+000 7.329107e-001 
1.089102e+001 2.354720e+001 -1.127868e+001 2.641387e+000 -4.369580e+000 -4.424207e+000 -2.578090e+000 -1.881176e+000 2.885316e-001 -5.409922e+000 -2.054216e+000 -1.880257e+000 9.033086e-001 -6.019445e-001 -3.427626e+000 -1.167643e+000 -2.715474e+000 2.683511e-001 -3.284673e-001 -2.901646e+000 -1.267305e+000 -2.435599e+000 -1.260655e+000 -1.216369e+000 -3.283625e-002 -2.531606e-001 -1.754037e+000 5.554006e-001 -8.315509e-001 -1.969925e-002 1.331469e+000 6.964675e-002 -2.179549e-001 1.365882e-001 1.576693e+000 1.711239e-001 
1.312438e+001 2.167607e+001 -8.612348e+000 1.105973e+000 -3.058416e+000 -3.857671e+000 -2.669737e+000 -8.107520e-001 -3.801083e-001 -4.484944e+000 -1.942033e+000 -1.314252e+000 8.323231e-001 -1.703515e-001 -2.992208e+000 -1.273542e+000 -2.010667e+000 1.561082e-001 2.541046e-002 -2.621249e+000 -1.297563e+000 -1.604614e+000 -1.610927e+000 -6.730390e-001 1.782011e-001 -5.815877e-001 -1.027472e+000 2.015048e-001 -4.832150e-001 2.481854e-001 9.983785e-001 4.619457e-001 -2.514436e-001 1.411162e-001 1.669442e+000 -3.438530e-002 
1.335342e+001 2.082136e+001 -8.218131e+000 -3.536357e-002 -3.201468e+000 -3.728884e+000 -2.909689e+000 -1.133902e+000 -9.974382e-001 -4.363700e+000 -2.288414e+000 -1.286050e+000 9.501045e-001 -6.299717e-001 -3.162165e+000 -1.344556e+000 -1.810435e+000 -1.266346e-001 2.035330e-002 -2.931152e+000 -1.733211e+000 -9.647195e-001 -2.195037e+000 -9.263587e-001 3.478137e-001 -8.419069e-001 -6.792873e-001 -1.090379e-001 -5.050336e-001 2.129337e-001 1.016139e+000 5.358192e-001 -6.456696e-001 4.168687e-001 1.607052e+000 -6.305199e-002 
1.207536e+001 2.171032e+001 -8.951352e+000 2.286475e-003 -3.255819e+000 -3.611247e+000 -3.046940e+000 -1.659020e+000 -9.196078e-001 -4.592719e+000 -2.275295e+000 -1.606267e+000 8.132602e-001 -1.479549e-001 -3.235090e+000 -1.474473e+000 -1.750936e+000 -2.960442e-001 2.255197e-001 -2.773386e+000 -1.866819e+000 -1.044605e+000 -2.408992e+000 -9.368390e-001 5.996628e-001 -8.094431e-001 -8.691986e-001 -2.136058e-001 -3.015490e-001 3.608600e-001 1.029335e+000 4.925888e-001 -8.350901e-001 4.080212e-001 1.701597e+000 -1.146362e-001 
1.118122e+001 2.408434e+001 -1.086307e+001 2.429896e+000 -3.479778e+000 -3.161737e+000 -2.243880e+000 -1.930019e+000 -3.597239e-001 -5.332593e+000 -1.087584e+000 -1.410550e+000 8.954034e-001 1.214129e-002 -3.402577e+000 -1.221587e+000 -1.567170e+000 -7.184482e-002 3.416827e-001 -2.891627e+000 -1.717265e+000 -7.857086e-001 -2.069961e+000 -1.232699e+000 6.207269e-001 -6.490166e-001 -5.287777e-001 -8.114904e-004 -6.769241e-001 5.179969e-001 1.138143e+000 3.207877e-001 -6.021684e-001 3.084851e-001 1.692244e+000 -9.439304e-002 
1.443068e+001 2.016590e+001 -7.038782e+000 4.814141e-001 -2.013701e+000 -3.290155e+000 -2.102734e+000 -1.326394e+000 -1.154914e+000 -4.158313e+000 -1.789242e+000 -5.102543e-001 5.416003e-001 1.414065e-001 -2.597238e+000 -1.367285e+000 -1.301273e+000 -8.932302e-002 5.206878e-001 -2.676551e+000 -1.531405e+000 -7.953474e-001 -2.051825e+000 -6.207671e-001 1.288806e-001 -4.082554e-001 -2.602098e-001 -2.262023e-001 -2.986965e-001 5.027782e-001 1.157082e+000 3.776767e-001 -4.875557e-001 5.231090e-001 1.344730e+000 1.011319e-001 
