10.333934625 10.594456375 -2.1969404375 2.115936225 -0.43126256250000006 0.018943487500000022 -1.125691275 0.7517303375 0.6762000625 -0.7316039125 -0.8782965625 -0.04252876875000001 
10.110053624999999 10.690017000000001 -2.1531032875 2.7172859000000003 -0.8307460624999999 0.12419136249999996 -1.2222587249999999 0.63074873 0.5683049250000001 -0.5131953025 -0.77604235 -0.02812418249999999 
9.009152375 11.378376124999999 -2.3670910624999997 2.86217165 -0.28609158749999997 0.02834956250000001 -1.324389125 0.726536235 0.5393833999999998 -0.51562922125 -0.7205695375 -0.05806354499999999 
7.668817449999999 11.26662025 -2.1976796 2.6035618375 -0.2930984937500001 0.3284074875 -1.1053561625000001 0.8649356125 0.5862333125 -0.28929685875 -0.6925285374999999 0.002221803750000008 
7.70090275 10.998806125 -2.45340825 2.179106205 -0.4171883125 0.6275559875 -0.8249107124999999 0.8346571487500001 0.6563039750000002 -0.48589841875 -0.5399189 0.12370039999999999 
8.12703325 11.196333500000001 -2.34668705 1.8219157 -0.484992015 0.6728419837499999 -1.0460614375 0.8564357375 0.46087962499999996 -0.42100689999999996 -0.6610564074999999 0.2698543375 
8.103281749999999 11.585681750000001 -2.3943986600000002 1.9498495250000003 -0.6142470849999999 0.4383774025 -1.13443845 0.6028964862499999 0.39781683749999996 -0.5824898625000001 -0.6599141875000001 0.11570807000000002 
11.924073499999999 8.788822 -0.9143055362499999 0.6700986175 -0.28670763374999997 -0.40675473750000013 -0.62348165375 0.44291486875 0.5679791 -0.55945645 -0.6246695125 0.11221619875000001 
9.86126575 10.644188750000001 -2.4402191875 2.28837125 -0.6755720750000002 0.183708 -1.00836 0.8465553250000001 0.77878594375 -0.692926675 -0.8727628249999999 -0.08780789500000001 
10.080474624999999 10.340242 -2.0587499000000005 2.3933978250000005 -0.6472455749999999 -0.03610703750000005 -1.032777825 0.6929199 0.5150228625000001 -0.49299290375 -0.8348147000000001 0.01600193625 
8.982078875 11.25296025 -2.2475707375 2.69586875 -0.24500764499999994 -0.01895397499999993 -1.12539202625 0.743663325 0.5050324749999999 -0.45006044249999994 -0.6791799624999999 -0.06199962249999998 
7.6371482125 11.172557375 -1.842869775 2.2830027 -0.2560144912499999 0.22867157500000002 -1.03932074125 0.93626655375 0.4729417375 -0.272723425 -0.7010366249999999 -0.016911162500000007 
7.89676275 11.367971750000002 -2.296738655 2.013138775 -0.258549575 0.50279669625 -0.8522398875000001 0.70678221125 0.5962738125 -0.40163863 -0.46931555875 0.12820025000000002 
7.82148325 11.076762624999999 -2.2937543625 1.9492313 -0.4989987375000001 0.5101362075 -0.8446710074999999 0.85719387 0.45648695000000006 -0.33639447874999995 -0.54347725625 0.22942112499999998 
7.993748 11.103534375 -2.078954325 2.014448325 -0.47302592 0.321586775 -1.0549650625 0.68023855125 0.346235925 -0.463338425 -0.5837600125000001 0.05693371250000001 
