3.616731e+000 1.278076e+001 -1.633751e+000 3.613970e+000 1.728326e+000 -1.415281e+000 -1.848963e+000 8.887317e-001 1.949724e+000 -4.426488e-002 -6.960433e-001 -1.594507e-001 
3.448285e+000 1.387812e+001 -1.686792e+000 3.315657e+000 1.445090e+000 -1.147818e+000 -1.742554e+000 8.168284e-001 2.006443e+000 -5.726515e-001 -5.748027e-001 1.498326e-001 
3.536617e+000 1.424458e+001 -2.047610e+000 3.185730e+000 1.204069e+000 -7.769951e-001 -1.702826e+000 1.141882e+000 1.577477e+000 -2.479352e-001 -6.545821e-001 2.864031e-001 
4.112635e+000 1.393401e+001 -2.170874e+000 2.780561e+000 1.121625e+000 -1.348281e+000 -1.232980e+000 9.156135e-001 1.804569e+000 8.493159e-002 -4.715999e-001 2.510395e-001 
4.069153e+000 1.337387e+001 -1.610895e+000 2.404322e+000 9.046093e-001 -2.284107e+000 -1.746211e+000 9.334885e-001 2.113651e+000 3.503460e-001 -3.867072e-001 5.584600e-002 
4.624038e+000 1.404805e+001 -3.299673e+000 2.857785e+000 1.932517e-002 -1.830721e+000 -2.332464e+000 4.040698e-002 2.213085e+000 2.862847e-001 1.265923e-001 3.629691e-001 
7.504145e+000 1.356850e+001 -2.034518e+000 3.164553e+000 3.010991e-001 -2.271032e+000 -2.137850e+000 5.017540e-001 2.401307e+000 3.550906e-001 -1.009553e-001 -2.083635e-001 
7.327421e+000 1.386575e+001 -2.028418e+000 2.893897e+000 -3.231936e-001 -1.811203e+000 -2.669936e+000 1.005660e+000 2.925295e+000 7.894054e-002 -7.239935e-001 -3.628488e-002 
7.528164e+000 1.374247e+001 -1.220945e+000 2.838844e+000 -1.240034e+000 -1.155350e+000 -2.662232e+000 9.511660e-001 2.719689e+000 -2.348033e-001 -7.843112e-001 2.777491e-001 
7.426233e+000 1.387791e+001 -7.476115e-001 2.666032e+000 -1.441856e+000 -8.280113e-001 -2.686751e+000 1.237878e+000 1.683186e+000 -7.594640e-003 -9.955716e-001 5.508504e-001 
7.277146e+000 1.431680e+001 -1.075888e+000 3.156846e+000 -1.878839e+000 -7.616314e-001 -2.395571e+000 1.032536e+000 1.192632e+000 8.817285e-002 -9.106428e-001 5.360692e-001 
7.255997e+000 1.434561e+001 -6.928681e-001 3.315211e+000 -2.069120e+000 -5.558899e-001 -2.240764e+000 1.083372e+000 8.600061e-001 1.142251e-001 -6.800209e-001 2.544003e-001 
7.575400e+000 1.376708e+001 2.539113e-001 2.328010e+000 -1.923589e+000 -6.974959e-001 -1.660222e+000 5.841526e-001 1.142738e+000 -2.406522e-001 -3.939159e-001 2.562132e-001 
7.153268e+000 1.424990e+001 1.715822e-001 2.531464e+000 -2.287751e+000 -5.101718e-001 -1.666110e+000 8.261651e-001 9.131465e-001 -8.428517e-002 -4.634717e-001 3.570663e-001 
7.536722e+000 1.367557e+001 7.373437e-001 2.484767e+000 -2.819442e+000 -7.249319e-001 -1.048867e+000 3.757491e-001 1.009603e+000 -1.457848e-001 -3.434481e-001 3.347122e-001 
6.978878e+000 1.443117e+001 -1.007330e-001 3.023303e+000 -3.071529e+000 -4.005360e-001 -1.280727e+000 3.835659e-001 1.136817e+000 -2.731093e-001 -4.295248e-001 5.344555e-001 
6.539626e+000 1.446205e+001 -3.207751e-001 3.039231e+000 -2.505614e+000 -2.149299e-002 -1.962904e+000 2.865020e-001 1.682536e+000 -5.440217e-001 -4.088743e-001 4.051819e-001 
6.488704e+000 1.329566e+001 2.256321e-001 3.438859e+000 -1.991363e+000 4.215669e-002 -1.636149e+000 -2.602243e-001 2.037053e+000 -8.101897e-001 -1.769169e-001 1.626095e-001 
4.037749e+000 1.234174e+001 1.610928e+000 3.600434e+000 -9.023937e-001 1.950297e-001 -1.221788e+000 -1.814854e-001 1.347249e+000 -5.411078e-001 -2.393332e-001 6.167206e-002 
-1.869046e+000 1.371365e+001 2.937630e+000 3.548026e+000 1.405630e-001 1.165842e-001 -1.797777e+000 -3.937741e-001 1.502989e+000 -7.178717e-001 4.988930e-002 4.703489e-001 
5.867427e+000 1.057801e+001 1.523312e+000 1.443731e+000 1.692015e+000 -6.151434e-001 -1.058861e+000 5.130332e-001 9.497399e-001 -2.251683e-001 -4.896441e-001 2.899059e-001 
3.943374e+000 1.233820e+001 -1.355445e+000 3.332855e+000 1.887243e+000 -1.514049e+000 -1.623646e+000 8.594535e-001 1.718936e+000 -6.765561e-002 -6.586301e-001 -8.934656e-002 
3.308898e+000 1.390736e+001 -1.714563e+000 3.437116e+000 1.352217e+000 -1.107659e+000 -1.816573e+000 7.931080e-001 2.006584e+000 -4.870908e-001 -5.564643e-001 1.796458e-001 
3.702501e+000 1.383122e+001 -1.583583e+000 2.891565e+000 1.427948e+000 -1.070504e+000 -1.460831e+000 1.076665e+000 1.643585e+000 -3.631808e-001 -6.734583e-001 2.099979e-001 
3.802627e+000 1.431360e+001 -2.465800e+000 2.969021e+000 9.856248e-001 -1.039575e+000 -1.340338e+000 1.014257e+000 1.733718e+000 2.771152e-002 -5.207760e-001 2.643321e-001 
4.185367e+000 1.302830e+001 -1.271315e+000 2.380062e+000 1.014701e+000 -2.276050e+000 -1.714488e+000 1.061865e+000 2.110480e+000 3.538555e-001 -4.924350e-001 4.146191e-002 
4.517100e+000 1.368171e+001 -3.123922e+000 2.630852e+000 2.224688e-001 -1.968713e+000 -2.295029e+000 6.549839e-002 2.204370e+000 3.274471e-001 4.668300e-002 3.127948e-001 
6.790997e+000 1.407399e+001 -2.494299e+000 3.655158e+000 -2.580020e-002 -2.062748e+000 -2.185206e+000 4.476592e-001 2.342076e+000 3.107292e-001 2.179262e-002 -2.017139e-001 
7.673398e+000 1.349569e+001 -1.662388e+000 2.488633e+000 1.061416e-001 -2.068971e+000 -2.548037e+000 9.180619e-001 2.900419e+000 1.478291e-001 -6.892605e-001 -4.142390e-002 
7.228206e+000 1.404366e+001 -1.588174e+000 3.150128e+000 -1.458934e+000 -1.007569e+000 -2.845164e+000 1.049680e+000 2.782209e+000 -2.171954e-001 -8.002187e-001 2.732950e-001 
7.207047e+000 1.413868e+001 -1.121992e+000 2.904506e+000 -1.623252e+000 -6.557314e-001 -2.909990e+000 1.403271e+000 1.628082e+000 1.076080e-001 -1.075584e+000 5.843242e-001 
7.160395e+000 1.436665e+001 -1.156109e+000 3.149871e+000 -1.907399e+000 -7.727405e-001 -2.349592e+000 9.658719e-001 1.306437e+000 2.477274e-002 -8.836562e-001 5.354508e-001 
7.227615e+000 1.431846e+001 -7.271436e-001 3.244899e+000 -1.887139e+000 -7.175037e-001 -2.169840e+000 9.851753e-001 1.005771e+000 2.372943e-002 -6.518253e-001 2.575895e-001 
7.026149e+000 1.445862e+001 -4.586141e-001 2.983291e+000 -2.463672e+000 -2.784294e-001 -2.043237e+000 8.848623e-001 8.961253e-001 -3.315738e-002 -5.511524e-001 3.109802e-001 
7.243535e+000 1.401615e+001 3.815704e-001 2.280150e+000 -2.016997e+000 -7.022429e-001 -1.523813e+000 6.651486e-001 1.070340e+000 -2.708321e-001 -3.473728e-001 3.310643e-001 
7.362310e+000 1.381630e+001 6.236861e-001 2.590775e+000 -2.928801e+000 -5.467713e-001 -1.256262e+000 5.532236e-001 8.644751e-001 -9.119913e-002 -3.806253e-001 3.903538e-001 
6.937552e+000 1.450528e+001 -2.163517e-001 3.163500e+000 -3.160351e+000 -3.209333e-001 -1.316861e+000 4.104422e-001 1.085134e+000 -2.262705e-001 -4.505027e-001 5.457210e-001 
7.175859e+000 1.360586e+001 5.018735e-001 2.323493e+000 -1.968678e+000 -5.208454e-001 -1.568233e+000 4.509921e-002 1.788890e+000 -6.342767e-001 -3.654268e-001 4.030521e-001 
6.250282e+000 1.379049e+001 -2.028950e-001 3.631764e+000 -2.250568e+000 1.533690e-001 -1.716917e+000 -2.422770e-001 2.063982e+000 -8.616935e-001 -1.446003e-001 1.702424e-001 
4.987423e+000 1.188491e+001 1.846705e+000 3.226339e+000 -7.949266e-001 -4.744854e-002 -1.151678e+000 -2.337298e-001 1.403561e+000 -5.225034e-001 -2.438127e-001 6.870598e-002 
-1.451353e+000 1.366195e+001 2.491691e+000 3.740441e+000 -1.542696e-001 2.280538e-001 -1.689927e+000 -4.517289e-001 1.548145e+000 -7.693082e-001 1.817865e-001 4.019964e-001 
