-5.687091e+000 3.239667e+000 -9.652164e+000 6.048436e+000 -3.254976e+000 7.062536e-001 6.117664e-001 4.424141e-001 3.892297e-001 -1.036682e+000 1.896967e+000 -5.354768e-002 1.354771e+000 -6.921866e-001 2.469824e-001 -2.403287e-001 -9.208580e-003 -4.976913e-001 -3.037988e-001 1.030128e-001 -4.636490e-001 1.713976e-001 -9.423985e-001 -1.241333e-001 
-4.556225e+000 1.743402e+000 -9.739198e+000 7.346234e+000 -4.766935e+000 6.952272e-001 1.179697e+000 1.745415e+000 1.656324e+000 -8.516803e-001 1.883791e+000 -6.742917e-001 2.116493e+000 -2.188393e-001 6.353226e-001 -2.709622e-002 1.623836e-001 4.227991e-001 -2.808123e-002 6.671317e-001 -7.655629e-002 5.157738e-001 -7.973045e-001 3.799827e-001 
-3.703995e+000 1.882818e+000 -9.663334e+000 7.580819e+000 -3.997294e+000 1.858759e+000 5.560908e-001 1.135098e+000 1.271159e+000 -6.634807e-001 2.456160e+000 -1.432849e+000 1.681896e+000 -6.521779e-001 -1.352174e-001 -3.867703e-001 -3.045093e-002 1.063803e-001 -1.096925e+000 2.621672e-001 -7.823494e-001 3.757223e-001 -4.970758e-001 1.884449e-001 
-3.528812e+000 1.099143e+000 -9.118578e+000 8.837684e+000 -3.837038e+000 1.087851e+000 5.777390e-001 7.252960e-001 1.451092e+000 -4.349198e-001 2.419713e+000 -1.073295e+000 1.377765e+000 2.223875e-001 6.507399e-001 4.111103e-002 3.460869e-001 3.179262e-001 -7.199851e-001 7.627318e-001 -4.962841e-001 4.687814e-001 -2.960208e-001 5.198382e-002 
-4.692970e+000 5.993496e-001 -1.065128e+001 8.687967e+000 -5.382487e+000 1.139056e+000 8.902347e-001 7.543487e-001 2.416307e+000 -4.802352e-001 3.738664e+000 -1.116629e+000 2.387329e+000 -2.754790e-001 1.000299e+000 2.017922e-001 1.262076e-002 1.020304e+000 -5.660947e-001 1.544638e+000 -6.211791e-001 7.413549e-001 -8.068279e-001 3.583927e-001 
-4.030907e+000 7.492488e-001 -1.017992e+001 8.272865e+000 -5.489943e+000 7.458962e-001 5.978145e-001 1.568036e+000 1.625132e+000 -7.050280e-001 2.795629e+000 -1.047920e+000 1.473336e+000 -5.962128e-001 4.400103e-001 9.266789e-002 5.570411e-001 5.493259e-001 -1.566311e-001 1.254649e+000 -8.430799e-001 6.384649e-001 -7.328596e-001 2.078921e-001 
-3.709514e+000 1.574743e+000 -1.062417e+001 8.069071e+000 -5.363232e+000 1.169026e+000 1.763672e-001 1.148687e+000 1.510643e+000 -1.000655e+000 3.279436e+000 -1.822513e+000 1.580709e+000 -9.757325e-001 5.340679e-001 -1.395965e-002 3.572409e-001 8.141279e-001 -6.541525e-001 1.289784e+000 -1.130603e+000 1.041539e+000 -4.112694e-001 6.815966e-001 
-3.968939e+000 9.300867e-002 -9.972159e+000 8.008652e+000 -5.357856e+000 4.928806e-001 7.152836e-001 1.427432e+000 1.120845e+000 -1.885031e-001 2.462062e+000 -1.189363e+000 1.935947e+000 -4.490136e-001 9.909071e-001 1.237394e-001 2.882545e-001 8.015131e-001 1.010986e-001 9.760206e-001 -5.111984e-001 1.008007e+000 -6.083539e-001 8.320856e-001 
-1.826856e+000 5.622329e+000 -6.574045e+000 9.946020e+000 -2.372457e+000 8.260287e-001 5.857299e-001 6.454618e-001 -1.705604e-001 -2.103291e+000 1.269397e+000 -2.050921e+000 3.251729e-001 -1.225078e+000 -2.471279e-001 -4.263818e-001 -4.018844e-001 8.808847e-002 -4.325886e-001 2.639068e-002 -1.183612e+000 4.359207e-001 -2.892555e-001 1.213891e-001 
3.193837e+000 1.377659e+001 -4.097632e+000 7.216213e+000 6.520406e-001 6.904534e-001 1.481448e-001 5.444811e-001 -5.562334e-001 -2.472670e+000 -9.402894e-001 -1.781475e+000 4.114708e-001 1.399362e-001 -6.933550e-003 -7.385486e-001 -7.536968e-001 6.788492e-001 9.147671e-001 -6.768469e-001 -1.917029e+000 -4.811834e-001 -1.833898e-002 -1.403900e-001 
9.527358e+000 1.605372e+001 -1.253480e+000 2.254564e+000 2.765894e+000 -1.475882e-001 -5.296629e-001 -6.968432e-001 -2.531887e+000 -3.658942e+000 -2.226213e+000 -1.095416e+000 3.045018e-001 1.333399e+000 5.762808e-001 -5.598816e-001 1.010117e-001 1.845015e+000 1.180912e+000 -1.331165e+000 -1.897278e+000 -6.712277e-001 2.752516e-002 -5.785039e-002 
1.160035e+001 2.138844e+001 -6.005432e+000 3.612047e+000 -5.379883e-002 -3.881418e-001 -3.214418e+000 -1.021083e+000 -1.178051e+000 -4.942322e+000 -1.054740e+000 -1.162267e+000 -8.091311e-002 6.540319e-001 1.325581e+000 -3.784430e-001 7.018021e-001 1.905120e+000 2.536963e-001 -7.051468e-001 -1.129435e+000 -2.943928e-001 -5.452716e-001 3.712200e-001 
1.654402e+001 1.672849e+001 -3.666313e+000 1.288112e+000 1.563746e+000 -6.522754e-001 -3.521513e+000 -7.901850e-001 -5.462278e-001 -3.042032e+000 -1.786934e+000 -9.314813e-001 2.219461e-001 -5.781597e-003 8.645997e-001 -1.033212e-001 -7.051985e-001 1.727621e+000 6.707565e-001 -1.186740e+000 -8.659538e-001 -3.215071e-001 -1.741008e-001 1.866580e-001 
1.564885e+001 1.890277e+001 -6.425176e+000 3.021060e+000 -7.512171e-001 -1.274821e-001 -2.638248e+000 -6.150509e-001 -6.831294e-001 -2.582099e+000 -8.451850e-001 -1.445150e+000 6.306625e-001 -6.444414e-002 5.988280e-001 -6.997716e-001 -3.510683e-001 1.114233e+000 -3.700589e-001 -5.094962e-001 -7.576625e-001 1.863324e-001 -3.644096e-001 5.130188e-002 
1.731406e+001 1.850325e+001 -5.733155e+000 1.316566e+000 -2.328443e-001 -1.261502e+000 -1.616046e+000 -7.658296e-001 -3.523385e-001 -2.254691e+000 -1.104763e+000 -5.499786e-002 5.707651e-001 -3.088738e-001 -6.512328e-002 -2.236740e-001 -1.194323e+000 1.254728e-001 3.843438e-001 -5.107687e-001 -6.143802e-001 -1.033274e-001 2.697165e-001 2.238312e-001 
1.791581e+001 1.892808e+001 -5.597120e+000 5.661224e-001 -1.175666e+000 -1.786979e+000 -9.137364e-001 -3.516058e-002 4.840022e-002 -2.249128e+000 -1.431795e+000 3.863060e-002 1.055027e+000 -5.712345e-002 -6.924091e-001 -8.276840e-001 -1.293593e+000 1.770975e-001 5.752097e-001 -6.150356e-001 -9.138282e-001 -3.385418e-001 2.991671e-001 5.091097e-001 
1.712426e+001 1.904587e+001 -5.079499e+000 -2.999282e-002 -1.086945e+000 -1.395822e+000 -1.480048e+000 -7.210439e-001 5.730005e-001 -1.274507e+000 -1.804025e+000 -5.833753e-001 1.126811e+000 -2.621501e-003 -8.383886e-001 -4.058534e-001 -1.202430e+000 5.250340e-003 7.548019e-001 -8.968839e-001 -8.909595e-001 -1.449522e-001 7.901274e-002 8.268345e-002 
1.801989e+001 1.455405e+001 -3.332559e+000 -1.360466e+000 -2.637073e-001 -1.526538e+000 -1.824150e+000 -7.106432e-001 5.452825e-001 -6.990750e-001 -1.437779e+000 -5.801619e-001 6.411807e-001 6.893722e-001 -2.489679e-001 -8.897962e-001 -6.336603e-001 5.839980e-001 5.412644e-001 -5.850709e-001 -3.848007e-001 -1.153130e-001 -9.206306e-002 9.889670e-002 
-4.839257e+000 2.119182e+000 -8.479609e+000 4.760256e+000 -2.632308e+000 -1.598398e-001 7.570677e-001 2.652407e-001 2.792469e-001 -7.432345e-001 1.356029e+000 3.324637e-001 8.043701e-001 -3.341239e-001 -2.096045e-001 -3.853130e-002 -1.848978e-001 -4.573909e-001 -2.924388e-001 3.771554e-002 -3.854632e-001 3.223663e-002 -7.953619e-001 -1.834657e-001 
-4.830451e+000 1.693221e+000 -9.714129e+000 7.361459e+000 -4.638501e+000 6.011838e-001 9.596847e-001 1.591467e+000 1.482606e+000 -7.134547e-001 1.900923e+000 -7.540086e-001 2.088836e+000 -3.597593e-001 6.510245e-001 5.380829e-002 2.476776e-001 4.260257e-001 -5.356237e-002 5.966117e-001 -3.069980e-002 4.605401e-001 -7.728877e-001 4.692504e-001 
-4.187122e+000 2.140176e+000 -9.853339e+000 7.518645e+000 -4.188723e+000 1.757534e+000 5.184082e-001 9.822178e-001 1.401183e+000 -6.838684e-001 2.671553e+000 -1.437212e+000 1.788224e+000 -7.908325e-001 -9.782279e-002 -3.004812e-001 -2.149346e-001 3.183931e-001 -1.176955e+000 3.777143e-001 -8.555221e-001 4.940037e-001 -5.496841e-001 1.798117e-001 
-4.536346e+000 2.185953e+000 -1.017924e+001 9.265404e+000 -4.443681e+000 1.014603e+000 4.858846e-001 5.770367e-001 1.797453e+000 -7.420649e-001 3.007334e+000 -1.687132e+000 2.169283e+000 -1.433125e-001 1.022028e+000 2.523049e-002 4.288237e-001 6.862904e-001 -9.122170e-001 1.242152e+000 -8.294296e-001 8.840497e-001 -4.730182e-001 2.418807e-001 
-4.949331e+000 7.696083e-001 -1.045414e+001 8.609282e+000 -5.263592e+000 1.141972e+000 8.272835e-001 5.771000e-001 2.409398e+000 -4.507755e-001 3.768958e+000 -1.301229e+000 2.446709e+000 -2.863452e-001 1.031598e+000 8.698946e-002 -5.804190e-002 8.836547e-001 -4.433046e-001 1.344700e+000 -6.278235e-001 6.512938e-001 -8.979880e-001 2.834027e-001 
-4.190142e+000 5.753454e-001 -1.011623e+001 8.111433e+000 -5.454492e+000 4.048973e-001 7.199371e-001 1.319093e+000 2.025236e+000 -8.460084e-001 3.033603e+000 -1.251324e+000 1.675731e+000 -5.817148e-001 7.443095e-001 2.253565e-001 5.843869e-001 7.304038e-001 -1.647256e-001 1.544398e+000 -8.155976e-001 8.697088e-001 -7.966534e-001 2.070592e-001 
-3.607880e+000 1.314726e+000 -1.038294e+001 8.001504e+000 -5.225839e+000 1.143598e+000 1.923985e-001 1.145770e+000 1.526944e+000 -9.384724e-001 3.103118e+000 -1.847013e+000 1.582425e+000 -9.491525e-001 6.274334e-001 -5.512002e-002 4.079775e-001 6.656855e-001 -4.880769e-001 1.191214e+000 -1.007210e+000 8.544558e-001 -4.044571e-001 5.969014e-001 
-4.571824e+000 5.425669e-001 -1.074884e+001 8.060219e+000 -5.689268e+000 6.022608e-001 7.758478e-001 1.399243e+000 1.427801e+000 -3.231682e-001 2.920778e+000 -1.367926e+000 2.174891e+000 -6.311229e-001 1.086843e+000 1.508581e-001 3.061777e-001 9.808188e-001 -3.024394e-002 1.244642e+000 -6.185889e-001 1.196673e+000 -7.047786e-001 8.689807e-001 
-2.827271e+000 5.367165e+000 -7.164125e+000 1.011038e+001 -2.585751e+000 8.893145e-001 5.260678e-001 5.645437e-001 -1.214389e-001 -2.443131e+000 1.662813e+000 -2.431711e+000 5.788303e-001 -1.445190e+000 -2.453121e-001 -3.976139e-001 -4.410583e-001 3.499483e-001 -7.021801e-001 4.410235e-001 -1.510400e+000 7.197764e-001 -4.677790e-001 2.343467e-001 
4.150243e+000 1.170989e+001 -2.681663e+000 6.115431e+000 1.486492e+000 8.281505e-002 4.449171e-001 2.400209e-001 -6.350760e-001 -2.106471e+000 -9.948621e-001 -1.376178e+000 3.619898e-002 3.676172e-001 -2.777098e-001 -5.911326e-001 -7.636816e-001 4.209779e-001 8.442898e-001 -6.791951e-001 -1.684937e+000 -5.150676e-001 3.953125e-002 -2.679395e-001 
7.812904e+000 1.733828e+001 -2.285952e+000 3.031003e+000 2.421501e+000 7.799251e-002 -3.491013e-001 -7.610553e-001 -2.452755e+000 -3.732214e+000 -1.977478e+000 -1.180816e+000 3.930692e-001 1.373074e+000 5.065185e-001 -6.923515e-001 -4.521435e-002 1.864221e+000 1.246744e+000 -1.306449e+000 -1.922037e+000 -6.244247e-001 -2.619231e-002 -8.037973e-002 
1.315271e+001 1.873304e+001 -3.664686e+000 1.871952e+000 1.365945e+000 -1.270950e+000 -2.555603e+000 -1.076994e+000 -1.644235e+000 -4.315990e+000 -1.612664e+000 -6.054868e-001 -6.375549e-001 1.047493e+000 9.981477e-001 -2.528608e-001 6.911460e-001 1.849208e+000 4.742229e-001 -1.072578e+000 -9.876017e-001 -4.665138e-001 -2.953480e-001 2.409420e-001 
1.586255e+001 1.702346e+001 -3.429198e+000 1.208787e+000 1.416925e+000 -3.769126e-001 -3.469431e+000 -1.010371e+000 -6.600177e-001 -3.129495e+000 -1.833332e+000 -1.047904e+000 1.574943e-001 2.767053e-001 9.780105e-001 -2.810301e-001 -6.075868e-001 1.857696e+000 5.746321e-001 -1.339624e+000 -8.803554e-001 -2.297381e-001 -1.565491e-001 3.165121e-001 
1.381253e+001 2.112887e+001 -8.049286e+000 4.321279e+000 -1.522065e+000 6.494868e-001 -3.313758e+000 -5.357180e-001 -2.746697e-001 -3.391062e+000 7.798384e-002 -2.376730e+000 1.418230e+000 -7.464600e-001 1.149460e+000 -7.432476e-001 -6.811513e-001 1.647556e+000 -8.199180e-001 -1.573260e-001 -1.140656e+000 8.120451e-001 -1.092514e+000 5.754793e-001 
1.788270e+001 1.717528e+001 -4.682419e+000 6.581199e-001 4.069877e-001 -1.383271e+000 -1.532502e+000 -6.896125e-001 -4.934680e-001 -2.155457e+000 -1.302579e+000 -1.370946e-002 5.229406e-001 -9.593794e-002 -3.966639e-002 -2.186675e-001 -1.098973e+000 -3.527411e-002 3.945863e-001 -6.252417e-001 -5.959047e-001 -4.863876e-002 1.961866e-001 3.294064e-001 
1.531407e+001 2.188895e+001 -8.103061e+000 3.038898e+000 -2.533503e+000 -6.191135e-001 -1.337271e+000 1.737231e-001 2.677395e-001 -2.895109e+000 -6.536199e-001 -8.183348e-001 1.639966e+000 -8.509562e-001 -2.271040e-001 -6.611693e-001 -1.212688e+000 4.044159e-001 2.202241e-001 -3.173509e-001 -1.241379e+000 -1.444741e-001 -2.119781e-002 5.963404e-001 
1.643512e+001 1.944773e+001 -5.122596e+000 3.040960e-001 -1.426080e+000 -1.522814e+000 -1.312677e+000 -4.564725e-001 4.354716e-001 -1.554360e+000 -1.702597e+000 -3.842413e-001 1.065731e+000 -2.397499e-001 -8.611708e-001 -2.434377e-001 -1.089549e+000 -4.230176e-002 6.654410e-001 -8.948420e-001 -8.136814e-001 -2.482137e-001 3.180292e-002 1.457036e-001 
