1.216266e+001 2.320288e+000 -5.244718e+000 3.862691e+000 -5.198317e+000 1.624108e+000 -2.210939e+000 1.288189e+000 -2.312148e+000 1.494568e+000 -1.953807e+000 1.349537e+000 2.527062e-001 2.001713e+000 -2.239056e+000 -7.770478e-002 -1.596872e+000 7.082126e-003 -3.202228e-001 8.470720e-001 6.246670e-001 -1.775378e-001 -2.071694e-001 5.224234e-001 
1.226629e+001 1.301676e+000 -5.607523e+000 3.621382e+000 -6.316128e+000 7.822611e-001 -3.559818e+000 5.499174e-001 -2.487109e+000 1.791067e+000 -1.383886e+000 1.533835e+000 -3.553694e-001 2.141505e+000 -2.068741e+000 3.001492e-001 -1.759874e+000 -4.503943e-001 -6.926493e-001 9.089012e-001 7.248515e-001 -5.456831e-001 -8.255818e-002 5.782364e-001 
1.317905e+001 2.188904e+000 -3.266783e+000 4.466198e+000 -5.541171e+000 1.868345e+000 -3.055919e+000 1.606490e+000 -2.198385e+000 1.849562e+000 -1.005106e+000 1.455141e+000 -8.172121e-001 1.887246e+000 -2.423799e+000 3.667005e-002 -2.002187e+000 -7.433893e-001 -4.780751e-001 5.188838e-001 3.636858e-001 -3.921892e-001 -4.345960e-001 7.278926e-001 
1.306808e+001 2.561323e+000 -2.782553e+000 4.340356e+000 -5.513679e+000 1.793041e+000 -3.459688e+000 8.226631e-001 -1.816074e+000 1.952159e+000 -1.977215e+000 2.169161e+000 -2.393238e-001 1.897713e+000 -2.004683e+000 -3.263394e-001 -2.241102e+000 -6.392655e-001 -1.376889e-001 8.031732e-001 -3.309149e-001 -4.725268e-001 -4.306036e-001 1.116231e-001 
1.233746e+001 9.437807e-001 -4.315196e+000 3.727463e+000 -5.299515e+000 2.199137e+000 -2.752828e+000 1.330741e+000 -1.458910e+000 1.567833e+000 -2.790068e+000 9.582280e-001 -9.195270e-002 1.732210e+000 -2.285352e+000 4.495092e-001 -1.796931e+000 -3.668120e-001 -3.357644e-001 7.775272e-001 -1.128629e-001 -2.278748e-001 -1.118785e-001 7.095070e-001 
1.345638e+001 1.182777e+000 -3.798652e+000 4.826254e+000 -5.409106e+000 2.773874e+000 -3.437676e+000 1.823194e+000 -2.222689e+000 1.727587e+000 -2.438239e+000 1.024387e+000 3.943263e-002 1.327504e+000 -2.177175e+000 2.399174e-001 -2.018142e+000 -1.911400e-001 -1.180724e-001 9.147024e-001 -4.512341e-001 -4.619552e-001 -3.232383e-001 9.754212e-001 
1.343107e+001 1.167628e+000 -4.136923e+000 3.268406e+000 -7.078508e+000 1.981142e+000 -4.837751e+000 6.766758e-001 -1.933920e+000 1.871904e+000 -1.720012e+000 1.517042e+000 5.508135e-001 2.052689e+000 -1.664188e+000 2.268583e-001 -2.447910e+000 -5.891150e-001 -4.124270e-001 1.185761e+000 -4.940985e-001 -4.542108e-001 -3.206029e-001 8.443950e-001 
1.220826e+001 2.743098e+000 -3.778618e+000 4.306104e+000 -5.051780e+000 9.818733e-001 -3.420308e+000 8.985580e-001 -2.004604e+000 1.600372e+000 -1.070327e-001 2.170828e+000 6.192963e-001 1.606962e+000 -1.738468e+000 -1.629747e-001 -1.822013e+000 -9.230305e-001 -9.755686e-001 5.970910e-001 1.544594e-001 -5.668646e-001 -3.704934e-001 4.338134e-001 
1.252146e+001 6.995005e+000 -1.871782e+000 4.374536e+000 -1.519084e+000 1.501932e+000 -2.008526e+000 7.059024e-001 -8.669212e-001 1.152317e+000 -6.791663e-001 7.809061e-001 8.349284e-002 5.386642e-001 -1.895310e+000 -9.450410e-001 -1.616379e+000 -7.950804e-001 -2.187136e-001 9.396630e-001 -6.871199e-004 -6.272349e-001 -2.394932e-001 6.633465e-001 
1.375399e+001 1.281018e+001 -3.277183e+000 3.088394e+000 -6.610513e-001 2.906408e+000 -3.111116e+000 -4.310745e-001 -2.351515e+000 1.025087e-001 -2.511401e+000 4.925912e-001 1.258367e-001 1.976675e+000 -9.550215e-001 -1.496820e+000 -1.032693e+000 9.960992e-003 3.372466e-001 4.925166e-001 -7.045843e-001 -5.443506e-001 -3.048832e-002 6.849146e-001 
1.705535e+001 1.235825e+001 -3.885272e+000 1.725840e+000 9.661927e-001 2.487506e+000 -4.283697e+000 -6.430840e-001 -1.630363e+000 -2.432706e+000 -3.044850e+000 3.870196e-002 -4.175980e-001 1.732994e+000 4.896175e-001 -6.825280e-001 1.129048e-001 -3.775010e-001 1.096555e+000 4.684224e-003 -1.742492e+000 -9.086508e-001 1.511532e-001 1.735894e-001 
1.987804e+001 1.235210e+001 -4.849228e+000 -5.165183e-002 -7.619751e-001 3.087568e+000 -5.574000e+000 4.291555e-001 -1.940498e+000 -2.758851e+000 -3.821431e+000 2.268256e+000 -1.661334e-001 1.487834e+000 -4.446601e-001 -3.298285e-001 -7.753980e-001 -1.418885e-002 1.252391e+000 3.155579e-001 -2.002969e+000 -5.529733e-001 3.820383e-002 3.841722e-001 
1.960797e+001 1.221530e+001 -6.665701e+000 3.097367e-001 -1.940653e+000 1.667878e+000 -4.514581e+000 1.020224e+000 -1.582918e+000 -2.905045e+000 -3.576396e+000 3.056887e+000 2.634148e-002 7.380960e-001 -1.185882e+000 -2.959773e-001 -9.279110e-001 -3.729962e-001 8.681194e-001 1.300400e-001 -1.742678e+000 -4.206777e-001 -3.437932e-002 5.918466e-001 
1.871305e+001 1.297637e+001 -6.822856e+000 -4.065056e-003 -2.714506e+000 1.923397e+000 -5.077375e+000 -3.782330e-002 -1.991665e+000 -1.522596e+000 -2.617947e+000 2.788547e+000 -9.173887e-001 5.718867e-001 -1.313163e+000 3.037398e-001 -1.566063e+000 -3.661232e-001 6.857110e-001 4.921783e-001 -1.390023e+000 -5.011188e-001 7.023534e-002 5.746759e-001 
1.998504e+001 1.220821e+001 -6.835770e+000 -1.172487e-001 -1.845679e+000 1.206808e+000 -4.300771e+000 -6.881966e-001 -9.854732e-001 -1.301694e+000 -1.956827e+000 3.011938e+000 -1.063537e+000 3.100485e-001 -9.098259e-001 -4.518455e-001 -1.364273e+000 -1.201803e+000 7.345883e-001 4.337211e-001 -7.813349e-001 -7.341514e-001 -3.709072e-001 7.236184e-001 
2.038407e+001 1.211037e+001 -6.572599e+000 1.982164e-002 -2.387604e+000 1.118094e+000 -3.842004e+000 -1.244532e+000 -1.192645e-002 -9.954423e-001 -2.440511e+000 3.387756e+000 -1.223074e+000 3.792972e-001 -1.524786e+000 -2.803534e-002 -1.851994e+000 -1.705877e+000 9.256185e-001 3.133699e-001 -7.419106e-001 -5.177148e-001 -2.667687e-001 4.491395e-001 
2.082211e+001 1.208576e+001 -6.959706e+000 1.177504e+000 -3.050253e+000 1.290156e+000 -4.314897e+000 -3.648815e-001 -4.356303e-001 2.395623e-001 -2.961022e+000 3.371735e+000 -1.300786e+000 1.023721e+000 -1.906282e+000 4.277304e-001 -2.400193e+000 -1.549162e+000 7.096755e-001 5.816458e-001 -7.536561e-001 -3.303327e-001 -1.786040e-001 1.586421e-001 
2.139388e+001 1.041630e+001 -6.566734e+000 1.086011e+000 -2.112774e+000 -2.205503e-001 -3.623767e+000 7.835595e-002 -1.689774e-001 2.872924e-001 -1.613858e+000 1.310520e+000 -6.329832e-001 3.288136e-001 -1.174089e+000 1.611078e-001 -1.297547e+000 -1.367482e+000 2.738433e-001 4.378834e-001 1.417292e-001 -3.343036e-001 -3.635619e-001 2.870624e-001 
1.207830e+001 1.206314e+000 -5.612405e+000 2.722747e+000 -5.138690e+000 9.705043e-001 -2.184535e+000 4.183891e-001 -1.536987e+000 7.179630e-001 -1.545017e+000 6.628669e-002 4.046615e-002 1.885885e+000 -1.199369e+000 -1.728862e-003 -1.447695e+000 -7.186766e-002 1.626118e-001 1.015176e+000 1.128160e+000 -2.003368e-001 -4.957672e-002 3.359663e-001 
1.206818e+001 7.849846e-001 -4.999640e+000 3.674114e+000 -6.135408e+000 1.718681e+000 -2.642500e+000 1.460300e+000 -2.503803e+000 2.144285e+000 -1.696423e+000 1.631134e+000 4.333002e-002 3.208264e+000 -1.531023e+000 1.946708e-001 -1.785774e+000 -2.274842e-001 -3.952575e-001 4.839861e-001 -1.495860e-001 -1.140466e+000 -2.159076e-001 8.076775e-001 
1.183801e+001 5.903053e-001 -2.767360e+000 5.077783e+000 -5.562990e+000 2.065007e+000 -3.266736e+000 8.578435e-001 -3.179078e+000 1.310896e+000 -1.071301e+000 1.155521e+000 -8.317272e-001 2.648703e+000 -2.015481e+000 3.349132e-001 -1.523316e+000 5.439334e-001 -8.861150e-003 3.562769e-001 1.591926e-001 2.701460e-002 -1.192709e-001 7.090162e-001 
1.222699e+001 1.673105e+000 -2.774153e+000 4.167601e+000 -5.981046e+000 9.688600e-001 -4.243027e+000 -4.158090e-001 -2.660608e+000 1.311072e+000 -1.952095e+000 1.685829e+000 -2.329223e-001 2.209546e+000 -8.567338e-001 4.995444e-001 -1.877405e+000 -9.249977e-001 -3.540763e-001 6.260544e-001 -1.148802e-002 -1.552329e-004 4.023966e-001 5.597453e-001 
1.123246e+001 1.283757e-001 -4.349541e+000 4.267064e+000 -5.218727e+000 2.072581e+000 -3.620745e+000 5.151966e-001 -2.471433e+000 1.686507e+000 -1.860436e+000 1.796929e+000 2.604086e-001 1.881188e+000 -1.670746e+000 1.023027e+000 -1.751422e+000 -3.283156e-001 -3.195294e-001 9.572175e-001 -1.482939e-001 -2.218168e-001 -9.508217e-002 7.480641e-001 
1.265429e+001 3.723108e-001 -3.649014e+000 3.633189e+000 -6.685765e+000 1.202528e+000 -3.330240e+000 1.131151e+000 -2.563190e+000 1.207858e+000 -2.370519e+000 6.359271e-001 6.327001e-002 1.215893e+000 -2.169946e+000 -3.633583e-001 -2.181898e+000 -2.188141e-001 -5.723379e-002 8.639394e-001 -2.590154e-002 -5.048392e-002 -3.591162e-001 5.200315e-001 
1.273758e+001 7.443109e-001 -3.419029e+000 3.887116e+000 -6.461582e+000 2.666896e+000 -3.903958e+000 1.098665e+000 -1.924338e+000 2.247609e+000 -1.659679e+000 1.459345e+000 -8.777702e-002 1.884554e+000 -1.958579e+000 -1.639015e-002 -2.725879e+000 -7.964281e-001 -5.974661e-001 8.469995e-001 -4.629994e-001 -1.596429e-001 -8.194670e-002 8.993257e-001 
1.130313e+001 1.850609e+000 -4.611161e+000 4.117578e+000 -5.508420e+000 1.309503e+000 -3.695858e+000 1.018522e+000 -2.932593e+000 6.798607e-001 -2.039013e+000 7.315345e-001 -2.583509e-001 1.788188e+000 -1.683997e+000 3.138274e-001 -2.076913e+000 -4.705592e-001 -1.167403e+000 7.673485e-001 5.964668e-003 -2.606975e-001 -1.120680e-001 6.587012e-001 
1.184700e+001 6.245777e+000 -2.547523e+000 4.191441e+000 -2.254496e+000 1.830169e+000 -2.348343e+000 6.688894e-001 -1.781543e+000 1.080687e+000 -1.125735e+000 8.249862e-001 5.676683e-002 9.180085e-001 -1.902761e+000 -8.226579e-001 -1.376677e+000 -6.885072e-002 -3.856571e-001 7.410412e-001 -3.918638e-001 -3.923332e-001 5.896426e-002 8.813090e-001 
1.345174e+001 1.069980e+001 -2.717538e+000 2.827476e+000 3.502220e-001 3.237098e+000 -2.678227e+000 -9.454986e-001 -2.382629e+000 -8.099155e-001 -2.457785e+000 -4.108946e-001 4.491547e-001 1.603957e+000 -4.797766e-001 -1.131388e+000 -4.011153e-001 4.283697e-001 3.640462e-001 3.383463e-001 -9.981388e-001 -7.885486e-001 -2.277091e-001 7.636745e-001 
1.588558e+001 1.177964e+001 -4.082776e+000 2.097737e+000 1.252922e+000 3.158329e+000 -4.143520e+000 -1.033974e+000 -1.844806e+000 -2.843262e+000 -3.221379e+000 -4.457746e-002 -6.190228e-001 1.700080e+000 3.632114e-001 -4.493720e-001 3.186332e-001 1.758572e-001 1.432954e+000 3.485960e-002 -1.875188e+000 -1.372113e+000 -3.787823e-001 -1.240189e-001 
1.953776e+001 1.195931e+001 -4.979919e+000 -4.184682e-002 -2.007599e-001 3.286976e+000 -4.895634e+000 1.858638e-001 -1.636987e+000 -3.268847e+000 -4.108428e+000 1.805250e+000 -4.762073e-001 1.560378e+000 -1.035325e-001 -9.112384e-002 -1.892380e-001 -3.463872e-003 1.575589e+000 5.746184e-002 -2.197588e+000 -8.078215e-001 -2.535454e-001 2.179589e-001 
1.953510e+001 1.233285e+001 -6.893632e+000 7.379944e-001 -2.177274e+000 2.208990e+000 -4.735391e+000 1.304495e+000 -1.648253e+000 -3.008415e+000 -3.753668e+000 3.107514e+000 -2.235949e-001 9.925669e-001 -1.263622e+000 -6.042783e-002 -8.296859e-001 -2.951647e-001 9.458445e-001 1.341421e-001 -1.881764e+000 -4.214022e-001 -1.598056e-001 5.989141e-001 
1.902734e+001 1.227673e+001 -6.394687e+000 -4.167706e-001 -2.482723e+000 1.710634e+000 -4.722496e+000 -3.132596e-001 -1.672892e+000 -1.939465e+000 -2.333726e+000 2.509598e+000 -6.184158e-001 3.712364e-001 -1.064468e+000 1.131277e-002 -1.383795e+000 -6.024733e-001 8.012778e-001 3.181389e-001 -1.363539e+000 -5.162338e-001 8.409684e-002 5.796419e-001 
1.990711e+001 1.201860e+001 -6.840092e+000 -1.257922e-001 -1.745035e+000 1.108975e+000 -3.829872e+000 -9.989185e-001 -6.245722e-001 -1.482021e+000 -1.824973e+000 2.748579e+000 -7.729693e-001 6.812282e-002 -7.333122e-001 -5.994604e-001 -1.313664e+000 -1.159104e+000 7.058220e-001 3.630623e-001 -7.256825e-001 -7.620732e-001 -3.840005e-001 7.333286e-001 
2.010848e+001 1.267287e+001 -6.933407e+000 5.664529e-001 -2.431127e+000 1.632616e+000 -4.404547e+000 -5.887357e-001 -5.196835e-001 -2.901912e-001 -2.830624e+000 3.966705e+000 -1.525212e+000 6.584862e-001 -1.766756e+000 2.937396e-001 -2.229501e+000 -1.381813e+000 6.812821e-001 6.790979e-001 -8.624957e-001 -4.491381e-001 -4.014742e-001 3.925461e-001 
2.151622e+001 1.104061e+001 -6.055101e+000 3.763201e-001 -2.028120e+000 4.037791e-001 -3.613011e+000 -9.701408e-001 -3.092023e-001 -3.393388e-001 -2.800145e+000 3.145554e+000 -7.686822e-001 2.814808e-001 -1.505349e+000 2.841878e-001 -2.094209e+000 -1.636228e+000 8.698414e-001 5.597144e-001 -5.538506e-001 -6.394154e-001 -1.191034e-001 1.793077e-002 
