1.467712e+001 1.314285e+001 -1.395107e+001 1.121753e+000 -2.867026e+000 -1.236607e+000 -1.202556e+000 -2.863531e+000 7.532308e-001 -3.358931e+000 -2.164226e+000 -1.439397e-001 -1.047785e+000 -1.285746e+000 -1.592301e+000 -1.415701e+000 -1.843928e+000 2.005942e-001 1.130901e-001 -1.136097e+000 -6.989116e-001 -1.611684e+000 -3.540740e-002 1.038737e+000 
1.541650e+001 1.284180e+001 -1.246158e+001 5.934115e-001 -2.443419e+000 -1.693912e+000 -1.165942e+000 -2.816974e+000 -1.011929e-001 -3.172585e+000 -2.213960e+000 -8.791736e-002 -1.236325e+000 -1.796996e+000 -1.861921e+000 -1.478472e+000 -1.225569e+000 2.413674e-001 -1.384821e-001 -1.045347e+000 -6.814902e-001 -1.356044e+000 -1.557697e-001 8.468340e-001 
1.323552e+001 1.461889e+001 -1.273017e+001 2.097593e+000 -3.288766e+000 -2.129041e+000 -4.956665e-001 -4.090169e+000 8.557297e-002 -3.041683e+000 -2.649502e+000 6.886455e-001 -9.053498e-001 -1.540477e+000 -1.857483e+000 -1.976323e+000 -9.654174e-001 2.488901e-001 -2.791423e-002 -1.193878e+000 -1.004275e+000 -1.215837e+000 -6.566074e-001 4.696438e-001 
1.236980e+001 1.523101e+001 -1.055897e+001 2.894985e+000 -3.585269e+000 -8.131297e-001 -1.600488e+000 -3.878655e+000 1.280997e+000 -3.352421e+000 -2.298146e+000 -3.656753e-001 -6.249768e-001 -1.326854e+000 -2.190094e+000 -8.878640e-001 -1.782788e+000 -1.338333e-001 4.458742e-001 -1.035904e+000 -3.664159e-001 -1.258088e+000 -6.750238e-001 4.782443e-002 
1.186362e+001 1.495262e+001 -7.510093e+000 2.349818e+000 -1.458742e+000 -1.640381e-001 -1.326593e+000 -3.661255e+000 4.858471e-001 -2.282061e+000 -2.598916e+000 -4.663233e-001 -9.756994e-001 -1.500259e+000 -2.036908e+000 -1.938168e+000 -1.283135e+000 5.167543e-002 6.380786e-001 -3.598635e-001 -6.856795e-001 -1.027628e+000 -8.936045e-001 2.761441e-001 
1.296332e+001 1.420850e+001 -6.330325e+000 6.600522e+000 -2.815762e+000 2.593480e+000 -1.087549e+000 -2.834128e+000 9.202519e-001 -2.662036e+000 -2.418982e+000 -1.435100e+000 6.666977e-001 -1.558180e+000 -8.462975e-001 -6.324798e-001 -8.220778e-001 1.682434e-001 -3.374365e-001 -1.880751e-001 -5.942459e-001 -1.818793e-001 -6.366756e-001 6.649424e-001 
1.362545e+001 9.959072e+000 -7.184625e+000 6.525276e+000 -5.013730e+000 3.951747e+000 -4.765760e-002 -3.750363e-001 2.412860e+000 -1.540434e+000 -1.115916e+000 -1.008521e+000 1.427787e+000 -1.652197e+000 -8.553214e-001 -1.075904e+000 -6.996680e-001 3.631792e-001 -9.339301e-002 3.691745e-001 -1.736952e+000 -6.625813e-001 -3.402231e-001 6.586842e-001 
1.367581e+001 6.954651e+000 -8.490831e+000 6.859345e+000 -6.731504e+000 4.112182e+000 -1.659588e+000 5.148982e-001 1.182742e+000 -1.851185e-001 -1.164576e+000 -6.139246e-001 1.802472e+000 -1.401921e+000 -4.120514e-001 -1.699310e+000 4.984501e-001 -4.182016e-002 6.301117e-001 -4.653402e-001 -6.768895e-001 -6.662259e-001 -2.853871e-001 5.481002e-001 
1.438053e+001 5.119540e+000 -8.992347e+000 5.482872e+000 -7.626082e+000 4.494340e+000 -2.964721e+000 -2.343362e-001 -1.034890e+000 -1.305219e+000 -1.652599e+000 -2.710845e-001 1.024084e+000 -1.486098e+000 -1.897183e-001 -1.783204e+000 1.699998e-001 -8.605352e-001 7.065859e-001 -1.406745e+000 -9.052926e-001 -9.875903e-001 1.174528e-001 7.026633e-001 
1.388752e+001 4.961340e+000 -9.155509e+000 5.499510e+000 -8.046086e+000 4.481737e+000 -3.744127e+000 7.530537e-001 -5.666297e-001 -5.757528e-001 -1.489422e+000 -6.943778e-001 1.248379e+000 -1.677722e+000 -4.270165e-001 -1.760593e+000 4.568121e-001 -9.506564e-001 8.208437e-001 -1.217872e+000 -1.804319e-001 -9.493904e-001 -2.143390e-001 3.590688e-001 
1.432380e+001 4.016087e+000 -9.153414e+000 5.738840e+000 -8.718583e+000 3.541271e+000 -3.672441e+000 1.000750e-001 -3.675872e-001 -7.999029e-001 -1.879252e+000 -8.257226e-001 1.108863e+000 -1.566868e+000 -7.112785e-001 -2.216225e+000 2.989034e-001 -1.034058e+000 3.345309e-001 -5.488352e-001 -1.417690e-001 -9.310835e-001 -8.894366e-001 3.235907e-001 
1.329870e+001 2.954538e+000 -9.333465e+000 5.162158e+000 -7.868586e+000 4.165323e+000 -2.217345e+000 9.661518e-001 5.693374e-001 -4.610657e-001 -8.245164e-001 -9.243264e-001 9.499155e-001 -1.595278e+000 -8.837680e-001 -2.055657e+000 -1.489012e-001 -4.756488e-001 2.903886e-001 -4.423699e-001 -1.547155e-001 -1.063304e-001 -4.282222e-002 1.501193e-001 
1.191978e+001 4.167561e+000 -9.286602e+000 5.118352e+000 -8.524506e+000 3.865617e+000 -3.340138e+000 9.362167e-001 -5.213151e-002 -5.825069e-001 -1.256873e+000 -2.158522e-001 8.267085e-001 -1.795245e+000 -7.633350e-001 -2.131916e+000 8.053451e-001 -5.050329e-001 6.162724e-001 -1.172921e+000 6.984299e-001 -5.249781e-001 1.705246e-001 4.294895e-001 
1.255787e+001 4.023369e+000 -9.413429e+000 3.165979e+000 -8.120673e+000 3.079105e+000 -2.384828e+000 -4.779289e-001 -1.835758e-001 -1.551831e+000 -2.256809e+000 -3.922273e-001 2.878671e-001 -2.551070e+000 -2.094473e+000 -2.561112e+000 -1.856485e-001 -1.703206e-001 3.292237e-001 -4.613478e-001 3.640375e-001 -5.325165e-001 1.656960e-001 2.216651e-001 
9.091707e+000 5.756971e+000 -1.065086e+001 4.018416e+000 -7.914899e+000 2.551255e+000 -3.082805e+000 7.894463e-002 4.760026e-001 -1.513488e+000 -9.675450e-001 -2.663948e-001 1.211828e+000 -1.880275e+000 -1.371944e+000 -2.271623e+000 4.390551e-001 1.888611e-001 6.040364e-001 -7.001419e-001 1.832952e-001 -5.159566e-001 -7.290575e-003 4.151771e-001 
9.267087e+000 5.518508e+000 -1.054484e+001 3.899607e+000 -6.626084e+000 1.711213e+000 -1.886461e+000 -1.816143e+000 1.367408e+000 -1.846075e+000 -2.265034e-001 -3.557911e-001 1.624910e+000 -9.419086e-001 -8.218943e-001 -1.189549e+000 -7.365137e-001 -1.998835e-002 -8.486417e-002 4.618892e-001 -1.514204e+000 -6.669559e-001 -1.090691e+000 3.667799e-001 
1.084221e+001 8.702621e+000 -1.068882e+001 4.263117e+000 -5.286625e+000 2.775910e+000 -1.229949e+000 -1.634639e+000 8.671308e-001 -2.714708e+000 -2.340078e+000 -1.311790e+000 5.254077e-001 -2.008394e+000 -1.094299e+000 -1.675235e+000 -5.911122e-001 3.457410e-001 2.503726e-001 -1.915925e-003 -8.664001e-001 1.988790e-002 -1.994489e-001 4.077108e-001 
1.682581e+001 1.035498e+001 -1.022661e+001 8.934892e-001 -2.170793e+000 -1.146336e-001 -1.603024e+000 -1.834180e+000 8.647738e-001 -1.019767e+000 -2.367240e+000 -4.304892e-001 -1.044091e+000 -1.118375e+000 -7.836750e-001 -1.225870e+000 -1.236957e+000 4.021527e-002 3.248681e-001 -8.108450e-001 -6.371235e-001 -5.195166e-002 1.386363e-001 7.878288e-001 
1.543409e+001 1.346390e+001 -1.210756e+001 1.950630e-001 -1.773865e+000 -1.786570e+000 -1.006747e+000 -2.891300e+000 6.304888e-001 -2.076743e+000 -2.766229e+000 -2.561119e-001 -1.516847e+000 -1.445634e+000 -1.218481e+000 -1.984771e+000 -1.344225e+000 2.780075e-001 1.613480e-001 -1.166238e+000 -8.278895e-001 -8.185535e-001 -3.350678e-001 1.101666e+000 
1.378425e+001 1.400601e+001 -1.209211e+001 3.853131e-001 -2.228527e+000 -2.382041e+000 -5.663202e-001 -3.472748e+000 -3.651161e-001 -2.996587e+000 -3.205643e+000 2.731386e-001 -1.525264e+000 -1.678517e+000 -1.491606e+000 -1.986101e+000 -7.958407e-001 -3.084979e-001 -2.832661e-001 -1.211354e+000 -1.022224e+000 -6.679475e-001 -6.171336e-001 1.016343e+000 
1.342933e+001 1.318564e+001 -1.175762e+001 1.668104e+000 -2.733182e+000 -2.509958e+000 -8.939195e-001 -3.251904e+000 -3.567299e-001 -3.842896e+000 -3.188158e+000 7.862642e-001 -4.520002e-001 -1.625821e+000 -1.568778e+000 -1.414875e+000 -9.880381e-001 -2.978467e-001 -9.604236e-001 -1.257645e+000 -7.458616e-001 -1.146407e+000 -2.737091e-001 3.236117e-001 
1.035841e+001 1.589800e+001 -1.219772e+001 4.055879e+000 -3.701496e+000 -9.776243e-001 -1.523051e+000 -4.790620e+000 9.660780e-001 -4.631351e+000 -1.783007e+000 -1.076580e+000 -7.990459e-001 -1.183325e+000 -2.690989e+000 -5.424379e-001 -2.254615e+000 3.862900e-002 -1.352978e-001 -1.317476e+000 -9.800367e-002 -1.990262e+000 -1.091825e-002 5.133603e-002 
1.058434e+001 1.603477e+001 -8.902187e+000 4.149720e+000 -1.282696e+000 -9.512737e-001 -1.846414e+000 -3.642763e+000 9.857671e-001 -2.485582e+000 -2.490412e+000 -1.090764e+000 -1.074830e+000 -1.754338e+000 -1.877684e+000 -1.018518e+000 -1.129389e+000 -1.013592e-001 1.031972e-001 -1.082829e+000 -1.212454e+000 -5.876596e-001 4.502993e-001 5.699567e-001 
1.379277e+001 1.513331e+001 -6.703034e+000 6.190992e+000 -2.592224e+000 1.083052e+000 -1.561083e+000 -1.621310e+000 1.569040e+000 -2.962140e+000 -1.856291e+000 -3.927828e-001 2.288673e-001 -2.334662e+000 -1.678134e+000 -7.228075e-001 -7.271468e-001 3.201766e-001 3.021997e-001 -6.992981e-002 -7.646570e-001 -4.786641e-001 -6.959075e-001 7.422885e-001 
1.450123e+001 1.052179e+001 -7.495105e+000 6.134873e+000 -4.074957e+000 3.172665e+000 -4.743792e-001 -5.676155e-001 2.501314e+000 -1.584117e+000 -5.661632e-001 -2.152625e-001 1.237168e+000 -1.655848e+000 -1.246716e+000 -1.028889e+000 -1.091501e+000 2.916557e-001 -1.254669e-001 1.418291e-001 -1.205709e+000 -6.299615e-001 -1.341141e-001 4.478438e-001 
1.507549e+001 7.236226e+000 -7.468334e+000 6.179542e+000 -5.317638e+000 3.250232e+000 -1.095805e+000 4.885531e-002 7.198525e-001 -1.824477e+000 -8.479253e-001 1.893761e-001 1.673487e+000 -1.533187e+000 -9.299623e-001 -1.017523e+000 -1.719315e-001 2.156671e-001 4.784179e-001 7.603725e-002 -1.007754e+000 -4.326302e-001 -1.782750e-001 7.370458e-001 
1.338269e+001 5.032404e+000 -1.075591e+001 5.191764e+000 -7.992632e+000 4.256521e+000 -3.083515e+000 4.878161e-001 -2.684092e-001 -1.363232e+000 -1.840398e+000 -5.571819e-001 1.315309e+000 -1.820685e+000 -8.748014e-001 -2.215764e+000 7.641321e-001 -4.466441e-001 1.207868e+000 -1.245042e+000 -1.629311e-001 -7.575156e-001 -7.591049e-002 1.999134e-001 
1.455717e+001 5.224410e+000 -1.018561e+001 4.618796e+000 -8.045053e+000 3.714670e+000 -3.876923e+000 3.112190e-001 -9.227415e-001 -1.220085e+000 -1.652489e+000 -9.622484e-001 7.420850e-001 -2.586399e+000 -1.671148e+000 -2.142863e+000 3.626472e-001 -7.604902e-001 8.610161e-001 -9.658258e-001 -2.634928e-001 -9.368282e-001 9.932538e-002 6.778624e-001 
1.391189e+001 4.734724e+000 -9.845291e+000 5.808310e+000 -8.463107e+000 4.345047e+000 -3.893834e+000 -2.503715e-001 -8.423103e-001 -9.973816e-001 -2.160137e+000 -1.432355e+000 3.053852e-001 -2.203727e+000 -1.150221e+000 -2.645266e+000 8.089371e-001 -7.258528e-001 8.817748e-001 -7.046940e-001 9.870054e-002 -7.506169e-001 -2.631877e-001 5.424132e-001 
1.351533e+001 5.084059e+000 -8.959737e+000 6.226689e+000 -7.764215e+000 3.671502e+000 -2.765923e+000 2.293450e-001 -3.018802e-001 -1.965422e+000 -1.346919e+000 -9.855162e-001 1.366658e+000 -1.777719e+000 -6.377450e-001 -1.400122e+000 8.122173e-001 -9.380427e-002 2.087938e-001 -2.481124e-001 -8.870495e-001 -5.809691e-001 -2.010877e-001 4.818187e-001 
1.304008e+001 5.880686e+000 -8.660277e+000 4.542293e+000 -7.952214e+000 3.424298e+000 -2.791374e+000 -1.106413e+000 -5.988896e-001 -2.669062e+000 -1.005570e+000 -6.618780e-001 1.525027e+000 -1.724469e+000 -6.108461e-001 -1.323976e+000 1.135686e-001 5.500638e-001 -2.309153e-001 -5.912755e-001 -7.665011e-001 -1.106677e-002 -4.799862e-001 7.958592e-001 
1.227770e+001 5.532629e+000 -9.221040e+000 5.159178e+000 -7.314952e+000 2.797906e+000 -3.746931e+000 -8.360621e-001 -3.256215e-001 -1.417875e+000 -2.308323e+000 -6.422643e-001 9.876969e-001 -8.044196e-001 7.350586e-002 -1.675472e+000 6.413498e-002 -5.404028e-001 4.063845e-001 -1.128809e+000 -1.478004e-001 -1.071136e+000 3.467712e-002 2.775638e-001 
1.073122e+001 8.121912e+000 -9.392783e+000 4.349863e+000 -6.589270e+000 3.011537e+000 -2.879311e+000 -1.724720e+000 -5.152868e-001 -1.998927e+000 -1.512895e+000 -7.321675e-001 5.651396e-001 -7.723785e-001 -3.298593e-001 -1.554533e+000 6.805633e-002 -2.812919e-001 8.622170e-001 -9.151695e-001 -1.805217e-001 -8.511545e-001 5.037140e-001 9.336306e-001 
8.383730e+000 9.340353e+000 -1.235032e+001 5.005060e+000 -6.848559e+000 8.765416e-001 -1.275801e+000 -2.603389e+000 2.584885e+000 -3.728353e+000 -2.655264e-001 -1.277403e+000 -3.013865e-001 -2.121261e+000 -2.716925e+000 2.065881e-003 -9.857616e-001 3.695135e-001 1.923405e-001 -4.594553e-001 -9.898279e-003 -7.569788e-001 7.137510e-001 4.791274e-001 
9.352484e+000 7.956846e+000 -1.123510e+001 3.604956e+000 -5.835855e+000 2.515182e+000 -9.572740e-001 -2.678815e+000 1.874104e+000 -2.358144e+000 -1.464313e+000 -9.703617e-001 1.089030e+000 -1.538955e+000 -2.142895e+000 -1.506144e+000 -1.500855e+000 7.913589e-001 1.178583e-001 -1.394964e-001 -4.266099e-001 -3.650861e-001 1.192917e-001 5.684502e-001 
