-5.790324e+000 8.742610e+000 8.410101e-001 5.371160e+000 -9.321259e-001 4.830748e+000 -2.258038e+000 2.329142e+000 2.933163e-001 2.875426e-001 7.382692e-001 -1.596299e+000 3.094340e-001 -7.207710e-001 4.585595e-001 -1.047494e-001 7.077603e-001 -1.694230e+000 -5.015923e-001 -5.879404e-001 2.766409e-001 -1.209266e-001 2.092156e-001 -2.678571e-001 
-5.459754e+000 7.807679e+000 4.411304e-001 4.182008e+000 -1.998330e+000 5.401388e+000 -2.036675e+000 2.698224e+000 -1.219168e-001 1.497033e-001 4.941072e-001 -1.169617e+000 5.390785e-001 -4.189398e-001 6.464808e-001 -7.850930e-001 1.519811e-001 -1.740950e+000 1.406967e-001 -8.181518e-001 1.680104e-001 -6.739122e-001 -2.640834e-002 -2.763229e-001 
-5.774605e+000 5.379671e+000 -1.160305e+000 3.484562e+000 -2.461936e+000 4.603370e+000 -3.277401e+000 1.588627e+000 -1.481090e+000 -2.035330e-002 5.539797e-001 -1.110427e+000 5.290113e-001 -7.578407e-001 6.365612e-001 -1.443869e-001 1.115459e+000 -1.285058e+000 2.876917e-001 -7.130613e-001 4.443673e-001 -4.561518e-001 -1.941978e-001 -7.496201e-001 
-3.937538e+000 5.730409e+000 -1.751379e+000 3.668822e+000 -3.092654e+000 5.133684e+000 -3.407564e+000 1.268738e+000 -4.097097e-001 1.222321e-001 3.794581e-001 -8.621030e-001 3.060653e-001 -6.285948e-001 6.608047e-001 -3.139787e-001 1.018125e+000 -1.324204e+000 3.883870e-001 -1.042671e+000 -2.216399e-001 -7.078627e-001 4.056811e-001 -1.326928e-001 
-3.558510e+000 6.644467e+000 -1.112037e+000 4.404116e+000 -2.785113e+000 5.139417e+000 -3.139584e+000 1.798319e+000 1.491253e-002 3.589164e-003 6.948929e-001 -9.735231e-001 4.813456e-001 -5.724775e-001 1.690842e-001 -4.983925e-001 1.087111e+000 -1.038934e+000 7.919584e-002 -1.127929e+000 -4.542313e-002 -3.877695e-001 1.303193e-001 3.651040e-003 
-4.978175e+000 5.788864e+000 -8.371574e-001 5.184866e+000 -3.151926e+000 5.091107e+000 -2.976468e+000 1.423283e+000 1.160183e+000 1.098581e-001 1.611660e-002 -9.452926e-001 2.709027e-001 -1.548994e-001 6.534900e-001 -2.437914e-001 9.429941e-001 -1.411926e+000 -8.631073e-003 -6.770945e-001 3.810570e-001 -5.355260e-001 1.982386e-001 -4.736156e-001 
-5.031009e+000 6.804949e+000 -4.288919e-001 5.407034e+000 -2.766997e+000 4.616762e+000 -2.347444e+000 9.319146e-001 2.110800e-001 -1.443881e+000 7.791979e-002 -8.206251e-001 -5.782187e-001 -3.951741e-001 1.431453e+000 3.709494e-001 1.306366e+000 -9.071230e-001 2.251844e-001 -2.588575e-001 4.277604e-002 -5.214979e-001 -5.571568e-003 -1.149599e-001 
-3.355995e+000 1.020629e+001 -6.311386e-001 5.659930e+000 -2.025141e+000 4.440977e+000 -1.778810e+000 7.578316e-002 1.312655e+000 -1.652744e+000 4.659217e-001 -6.001291e-001 -2.688620e-001 -4.197213e-001 1.238492e+000 -2.190913e-001 -6.577177e-003 -8.453158e-001 -6.580456e-001 -3.437056e-002 -2.426075e-001 -1.032231e-001 -7.500734e-002 3.335155e-001 
-3.044237e+000 1.438794e+001 1.426345e+000 5.253208e+000 -2.192174e+000 1.933953e+000 -1.969403e+000 -6.729932e-002 1.253382e+000 -1.428919e+000 9.588331e-001 -4.064372e-001 2.580141e-001 -6.442174e-001 1.703347e-001 -1.934009e-001 -3.523916e-001 -1.126109e+000 -8.629340e-001 -3.274911e-001 -4.582183e-001 3.641437e-002 7.972459e-002 -4.376945e-002 
-5.583390e+000 1.762531e+001 4.405502e+000 3.706844e+000 -1.143978e+000 -4.523340e-001 -3.483055e+000 -1.536690e+000 1.601728e+000 -1.245016e+000 -3.543184e-001 -8.223282e-001 -1.107557e-001 -2.712469e-001 -5.596691e-001 -1.978821e-001 -3.123997e-001 -3.927140e-001 -7.379813e-001 -6.366983e-001 -1.436099e-002 1.649932e-001 -4.797982e-001 -3.002400e-001 
-5.675635e+000 1.765573e+001 5.146961e+000 3.923680e+000 3.758873e-002 -8.587864e-001 -3.541520e+000 -2.096815e+000 1.484372e+000 -1.654258e+000 -1.723909e+000 -7.752179e-001 1.637309e-001 5.000146e-002 -6.901941e-001 -4.062963e-005 9.112011e-002 -5.451430e-001 -7.866772e-001 -9.467911e-001 -2.113597e-001 -3.455057e-001 -9.476971e-001 -5.519869e-001 
-4.662923e+000 2.052593e+001 3.416447e+000 3.859555e+000 -7.270558e-001 7.454028e-002 -3.814854e+000 -2.829467e+000 1.742122e+000 -1.963471e+000 -3.538780e-001 -1.886072e+000 3.820371e-001 -9.673090e-002 -7.277586e-001 6.788564e-001 5.447113e-001 -1.271878e+000 -1.389924e+000 -4.470159e-001 -2.137286e-001 -2.095182e-001 -1.601818e+000 -4.064813e-001 
-1.427871e+000 1.970893e+001 2.272371e+000 2.765372e+000 8.487010e-001 2.273975e-001 -3.769349e+000 -3.130774e+000 5.723681e-001 -1.281901e+000 -9.349625e-001 -1.367188e+000 4.500617e-002 -2.606286e-001 -1.215257e+000 1.316324e+000 6.185901e-001 -1.773556e+000 -6.900198e-001 -8.298251e-001 -2.981662e-001 -3.807671e-001 -1.855405e+000 -1.610400e-001 
-1.159016e+000 2.056047e+001 1.981106e+000 2.462248e+000 -8.615607e-002 -1.601263e-001 -3.771816e+000 -2.673788e+000 7.886246e-001 -7.468023e-001 -4.878756e-001 -1.955716e+000 2.199636e-001 -5.119923e-001 -1.459042e+000 1.261511e+000 5.024886e-001 -1.468918e+000 -8.430936e-001 -1.147384e+000 -4.011474e-001 -2.550631e-001 -1.486000e+000 3.316957e-003 
-2.029044e+000 2.199127e+001 9.994398e-001 2.933623e+000 -5.207205e-001 -6.260250e-001 -3.642492e+000 -2.925757e+000 1.250702e+000 -1.282509e+000 -2.157945e-001 -2.025473e+000 7.662522e-001 -7.865879e-001 -1.303143e+000 5.664664e-001 -3.217458e-002 -9.865475e-001 -4.326919e-001 -1.261437e+000 -7.475270e-001 1.923830e-001 -1.592237e+000 -1.068865e-001 
-2.409895e+000 2.247460e+001 9.587263e-001 2.316132e+000 -7.610869e-001 -1.575974e+000 -3.482354e+000 -3.256154e+000 1.540958e+000 -6.446684e-001 -6.922181e-001 -2.112362e+000 1.149848e+000 -1.091648e+000 -1.878841e+000 4.821062e-001 -8.534059e-002 -5.838282e-001 -7.327167e-001 -1.302520e+000 -6.553060e-001 4.751444e-002 -1.237639e+000 -2.035078e-001 
-9.366786e-001 2.212595e+001 6.805565e-001 2.231743e+000 -1.463985e+000 -3.248940e+000 -3.186402e+000 -2.087468e+000 1.197884e+000 1.050281e-001 -7.293843e-001 -1.352986e+000 5.157791e-001 -1.323877e+000 -1.615253e+000 -5.325614e-001 -2.438324e-001 7.875185e-002 -7.250857e-001 -1.456380e+000 -4.354045e-001 -9.893983e-002 -1.167432e+000 2.600894e-001 
2.525985e+000 1.830177e+001 2.710140e+000 5.969415e-001 -1.862486e+000 -3.723870e+000 -3.226487e+000 -1.527062e+000 7.125305e-001 4.952806e-001 -8.654464e-001 -9.370620e-001 -1.908928e-001 -1.431221e+000 -1.678359e+000 -3.594098e-001 -2.711033e-001 -1.961720e-001 -8.200707e-001 -8.292111e-001 -3.707137e-002 -8.250123e-001 -8.250493e-001 -1.409028e-001 
2.769307e+000 1.196845e+001 4.264587e+000 2.010009e+000 -1.256255e+000 -1.666347e-002 -1.994803e+000 4.191741e-001 3.357877e-001 -5.605667e-002 8.242547e-001 -9.587716e-001 -3.249599e-001 -7.437227e-001 -6.408026e-001 4.741112e-001 3.118169e-001 -1.758922e-001 -3.630922e-001 -1.655726e-001 -2.589141e-001 -5.103377e-001 -3.816053e-001 -6.004365e-002 
-6.178367e+000 7.769939e+000 5.601956e-001 4.007694e+000 -1.141099e+000 5.135308e+000 -1.674202e+000 2.352989e+000 1.409939e-001 -1.093098e-001 4.129454e-001 -1.349113e+000 4.312367e-001 -2.108259e-001 6.864343e-001 8.236956e-002 8.439424e-001 -1.536642e+000 -5.646026e-001 -3.596116e-001 3.541616e-001 -4.104028e-001 -1.527472e-002 -9.900455e-002 
-5.413667e+000 6.907114e+000 2.446721e-002 3.996010e+000 -2.196731e+000 4.847317e+000 -2.761955e+000 2.439547e+000 -3.220503e-001 1.219807e-001 3.508514e-001 -1.229604e+000 4.792919e-001 -7.694939e-001 8.503615e-001 -5.310726e-001 3.654719e-001 -1.576764e+000 4.922845e-001 -9.156300e-001 2.546813e-001 -8.459273e-001 -1.911827e-001 -4.896280e-001 
-5.502876e+000 5.560116e+000 -1.428064e+000 3.759549e+000 -2.260073e+000 5.338815e+000 -3.249958e+000 1.580890e+000 -1.507035e+000 -1.037298e-001 4.086763e-001 -1.177515e+000 6.163064e-001 -6.302353e-001 5.450724e-001 -3.829855e-001 1.161550e+000 -1.730742e+000 1.875640e-001 -7.869152e-001 2.602699e-001 -5.315876e-001 8.892783e-002 -3.361467e-001 
-4.353017e+000 5.775129e+000 -1.800840e+000 4.007428e+000 -3.180495e+000 4.896114e+000 -3.766278e+000 1.228920e+000 -1.117181e-001 -3.135731e-001 6.345863e-001 -8.745071e-001 2.835547e-001 -4.984530e-001 7.094190e-001 -4.332669e-001 1.311881e+000 -1.022516e+000 4.699605e-001 -9.794419e-001 3.014215e-002 -5.608739e-001 2.384368e-001 -3.157882e-001 
-3.794701e+000 6.440561e+000 -1.214672e+000 4.081630e+000 -3.245071e+000 4.873684e+000 -3.071534e+000 1.752473e+000 6.572679e-001 5.229810e-002 2.712149e-001 -1.168932e+000 6.083182e-001 -2.713918e-001 3.606991e-001 -2.950471e-001 1.019431e+000 -1.070611e+000 3.792900e-001 -8.172013e-001 -1.653236e-001 -3.230298e-001 2.709690e-001 -7.662228e-002 
-5.623732e+000 5.682013e+000 -8.804463e-001 5.430510e+000 -2.234092e+000 5.167359e+000 -2.495341e+000 1.281439e+000 3.839803e-001 -6.146577e-001 1.374587e-001 -8.867608e-001 1.781437e-001 -4.124116e-001 9.040736e-001 4.455158e-003 1.137039e+000 -1.243419e+000 3.513040e-001 -7.071410e-001 2.583039e-001 -4.477148e-001 -2.419517e-002 -4.991026e-001 
-4.548346e+000 7.760293e+000 2.751028e-002 5.549824e+000 -2.547649e+000 4.333459e+000 -2.487387e+000 2.870696e-001 1.154902e+000 -1.527139e+000 1.617400e-001 -8.338393e-001 -4.540375e-001 -5.251801e-001 1.306061e+000 4.352090e-001 1.094405e+000 -9.840677e-001 -3.052137e-002 -9.118289e-002 -1.787147e-001 -1.113704e-001 -5.244290e-002 -2.400163e-001 
-2.696651e+000 1.188347e+001 -1.179497e-001 5.290037e+000 -2.071687e+000 3.848944e+000 -1.773507e+000 2.585250e-001 9.465830e-001 -1.801696e+000 6.733711e-001 -4.680513e-001 2.275346e-001 -2.574698e-001 1.093586e+000 -2.407392e-001 -3.065339e-001 -9.673229e-001 -8.467697e-001 -1.013700e-001 -4.893361e-001 -2.416533e-001 3.025398e-002 3.509217e-001 
-4.539066e+000 1.610481e+001 2.263994e+000 5.150123e+000 -2.437015e+000 1.088124e+000 -2.662975e+000 -3.670937e-001 1.580554e+000 -1.388420e+000 4.889494e-001 -8.937360e-001 1.386075e-001 -6.933260e-001 5.831708e-002 -3.160544e-001 -1.537526e-001 -7.946033e-001 -8.819873e-001 -5.133768e-001 -3.265378e-001 3.343701e-001 1.054428e-001 -2.524577e-001 
-4.982620e+000 1.739001e+001 4.826658e+000 3.342070e+000 -1.391800e-001 -1.424251e+000 -3.582866e+000 -1.951076e+000 1.436920e+000 -8.674747e-001 -1.080214e+000 -6.199512e-001 -1.481240e-001 -8.423884e-002 -7.434225e-001 -3.462162e-001 -9.104710e-002 -2.721936e-001 -4.203031e-001 -8.661532e-001 -2.243852e-001 5.205849e-002 -6.059122e-001 -2.771782e-001 
-4.555610e+000 1.694946e+001 5.696916e+000 3.768224e+000 -2.725517e-001 -8.480077e-001 -3.188497e+000 -1.603093e+000 1.412470e+000 -1.546505e+000 -1.660156e+000 -1.027893e+000 4.651936e-002 1.231437e-001 -8.415004e-001 2.929626e-001 3.476557e-001 -6.430711e-001 -9.950386e-001 -9.985824e-001 -3.961027e-001 -6.526883e-001 -8.453455e-001 -2.315831e-001 
-2.155259e+000 1.910972e+001 3.691942e+000 2.629350e+000 7.599452e-001 -7.976890e-002 -3.933545e+000 -2.748781e+000 5.352674e-001 -9.721348e-001 -8.231927e-001 -1.305341e+000 -8.393055e-002 -4.840558e-002 -9.741415e-001 7.752881e-001 5.454581e-001 -1.222148e+000 -1.155554e+000 -7.443687e-001 -8.646887e-003 -3.995057e-001 -1.530761e+000 -5.403714e-001 
3.104185e-001 1.816377e+001 3.221159e+000 2.016861e+000 7.619455e-001 -7.387460e-002 -3.719634e+000 -2.692218e+000 4.633340e-001 -9.735031e-001 -9.160583e-001 -1.178448e+000 -2.120947e-001 -2.136831e-001 -1.211159e+000 1.152646e+000 6.003171e-001 -1.624839e+000 -8.651523e-001 -7.703835e-001 -2.888955e-001 -5.875708e-001 -1.615234e+000 -1.143348e-001 
-1.982082e+000 2.172506e+001 1.252045e+000 2.590177e+000 -3.122520e-001 -2.848533e-001 -3.608663e+000 -2.745797e+000 9.594167e-001 -8.946737e-001 -4.298560e-001 -2.243618e+000 6.913285e-001 -9.721340e-001 -1.238086e+000 1.105440e+000 1.241961e-001 -1.166634e+000 -7.264311e-001 -1.226233e+000 -5.608528e-001 -1.461660e-001 -1.242091e+000 -2.502382e-001 
-2.055460e+000 2.165355e+001 1.372869e+000 2.497492e+000 -4.091093e-001 -9.222959e-001 -3.867861e+000 -2.661183e+000 1.039239e+000 -9.230181e-001 -5.104445e-001 -1.799559e+000 5.660160e-001 -7.010231e-001 -1.540493e+000 5.906785e-001 -2.626869e-002 -1.009036e+000 -3.235646e-001 -1.495564e+000 -6.693286e-001 2.035346e-001 -1.525224e+000 -1.156086e-001 
-2.091473e+000 2.280654e+001 5.079750e-001 2.682096e+000 -1.355397e+000 -2.044846e+000 -3.173745e+000 -3.227629e+000 1.673246e+000 -4.078202e-001 -5.999788e-001 -2.159124e+000 1.138127e+000 -1.222467e+000 -1.914474e+000 1.022112e-001 2.491461e-002 -4.635163e-001 -7.403781e-001 -1.349375e+000 -6.274131e-001 2.103956e-001 -1.351990e+000 3.397850e-002 
1.858887e-001 2.086166e+001 1.383907e+000 1.436656e+000 -1.667130e+000 -3.813738e+000 -3.154205e+000 -1.643621e+000 9.316283e-001 3.120650e-001 -1.087819e+000 -8.608463e-001 1.736969e-001 -1.450325e+000 -1.470803e+000 -7.709432e-001 -3.751083e-001 7.631110e-002 -7.008407e-001 -1.151980e+000 -3.533826e-001 -5.671602e-001 -8.992282e-001 1.965084e-001 
