6.970676e+000 1.283879e+000 -7.753606e+000 6.414396e+000 -8.271376e+000 2.541869e+000 -2.420528e+000 1.679135e+000 -1.860964e+000 -6.136177e-002 -1.535439e+000 -9.848869e-001 1.970507e+000 -3.425109e-001 5.192044e-001 -2.737244e+000 3.252550e-001 -1.022232e+000 2.084112e-001 -5.869538e-001 3.291852e-001 -1.343116e+000 -3.323641e-002 -3.833302e-003 
7.093794e+000 7.804424e-001 -8.205432e+000 6.894991e+000 -9.114643e+000 2.126392e+000 -3.337883e+000 6.886751e-001 -9.614953e-001 1.551628e-001 -1.191888e+000 -1.626597e+000 2.017327e+000 -8.702410e-001 4.543540e-001 -2.372116e+000 -1.302206e-001 -5.299912e-001 1.102235e-001 2.072962e-001 5.242511e-002 -8.913741e-001 -2.958380e-001 -2.155661e-001 
7.519867e+000 -1.090260e+000 -7.470353e+000 5.665817e+000 -9.576474e+000 1.454268e+000 -3.268044e+000 1.045841e+000 -5.849869e-001 1.143818e-002 -9.148535e-001 -1.091232e+000 2.157691e+000 -2.686084e-001 1.802374e-001 -2.482544e+000 -7.374950e-002 1.818091e-001 -1.192100e-001 -1.930750e-001 1.359976e-001 -1.227253e+000 -6.439392e-001 -5.392589e-002 
8.553225e+000 -6.620290e-001 -8.518173e+000 6.651225e+000 -1.016926e+001 2.783996e+000 -2.187525e+000 2.261886e+000 -1.313597e+000 -6.533567e-002 -7.538371e-001 -1.617219e+000 2.271971e+000 2.011685e-001 1.212998e+000 -1.466276e+000 8.785637e-001 -5.739036e-001 -4.071157e-002 -1.637702e-001 -6.355281e-002 -8.291189e-001 -1.200422e-001 -2.009705e-001 
7.740656e+000 -1.154891e+000 -8.225170e+000 7.454786e+000 -1.090061e+001 3.391155e+000 -1.549671e+000 2.036547e+000 -1.980772e+000 -8.115815e-001 -7.455752e-001 -1.333922e+000 2.604899e+000 -4.749482e-001 1.173448e+000 -1.792746e+000 1.382834e-001 -6.466658e-001 -4.118343e-001 1.753456e-001 1.086653e-001 -4.500375e-001 -2.989040e-001 -1.775377e-001 
1.175668e+001 -4.059560e+000 -4.976481e+000 4.247676e+000 -7.656888e+000 1.953070e+000 -6.739043e-001 4.248880e-001 -1.090027e+000 -1.037860e+000 -4.077067e-001 -1.268425e+000 1.269193e+000 -1.054220e-001 3.940314e-002 -1.625338e+000 -7.263058e-001 -3.438686e-001 -1.086027e+000 4.466534e-001 -2.282433e-001 -6.920712e-001 -7.062484e-001 2.606053e-001 
9.162235e+000 -7.363121e-001 -7.015735e+000 3.124175e+000 -7.469028e+000 1.088787e-001 -6.500326e-001 1.120312e+000 -3.416639e-001 -5.064788e-001 -8.714346e-001 -3.620793e-001 2.246632e+000 1.987663e-001 -1.961170e-001 -1.869974e+000 -7.280104e-001 -8.118109e-004 -2.610275e-001 6.531298e-001 -2.780794e-001 -1.834413e-001 2.325791e-001 1.962359e-002 
7.280354e+000 8.314096e-001 -9.244856e+000 5.475150e+000 -9.828609e+000 1.819872e+000 -2.401419e+000 2.161757e+000 -1.098870e+000 8.809064e-002 -1.669649e+000 -6.558673e-001 3.276929e+000 2.444179e-001 6.724354e-001 -2.606067e+000 3.124827e-001 -8.586370e-001 4.905529e-001 -5.549611e-001 -4.420355e-002 -9.694286e-001 2.179581e-001 9.328555e-002 
7.513958e+000 9.714250e-002 -1.012371e+001 4.573500e+000 -1.148731e+001 2.386259e+000 -3.082157e+000 1.331363e+000 -9.503761e-001 -2.223022e-001 -4.571211e-001 -1.047289e+000 3.163218e+000 3.440954e-001 1.346464e+000 -2.396652e+000 5.698405e-001 6.632880e-001 5.443608e-001 -5.784330e-002 -2.887314e-001 -9.383213e-001 -1.326623e-001 4.729634e-001 
9.498408e+000 2.479710e-001 -7.730063e+000 7.157492e+000 -9.790652e+000 1.780834e+000 -4.419472e+000 3.698293e-001 -1.955897e+000 7.874330e-001 -4.381825e-001 -1.413744e+000 1.634179e+000 -6.520786e-001 6.469729e-001 -2.446475e+000 4.251415e-001 -3.235663e-001 6.205052e-001 -5.456718e-001 -2.403533e-001 -1.559338e+000 -2.713797e-001 -3.634287e-004 
9.327784e+000 3.321000e-001 -9.450635e+000 7.334739e+000 -9.623798e+000 3.111341e+000 -3.082996e+000 1.098494e+000 -8.293853e-001 -2.646376e-001 -4.128102e-001 -2.590353e+000 1.750308e+000 -9.855799e-001 4.265775e-001 -2.426272e+000 9.645510e-002 -2.073944e-001 -5.909000e-001 2.824080e-001 -8.378168e-001 -5.242237e-001 -4.018249e-001 2.856741e-001 
