3.028172e+000 1.960397e+001 -1.421230e+000 5.260652e+000 1.301975e+000 -3.826118e+000 -3.439753e+000 9.545355e-001 2.584491e+000 -1.649931e+000 -1.771329e+000 -6.117779e-001 -2.147130e-001 -1.488520e+000 -2.481059e-001 6.778512e-001 3.074790e-001 -6.697108e-002 -2.642119e-001 -4.607343e-001 1.852309e-001 2.289744e-001 -7.455920e-001 -8.469994e-001 
2.807049e+000 1.741665e+001 -2.156345e+000 6.396642e+000 4.115076e-001 -2.669087e+000 -2.677105e+000 1.244651e+000 3.150280e+000 -2.305837e+000 -1.171183e+000 -3.855865e-001 -1.008143e+000 -1.348617e+000 -5.052715e-001 2.682740e-001 7.001879e-001 4.758458e-001 -2.307251e-001 -9.068314e-001 -3.594451e-002 3.444042e-001 -1.911332e-001 -3.982093e-001 
4.494191e+000 1.443372e+001 -2.517974e+000 6.298471e+000 1.674699e-001 -2.192211e+000 -2.616175e+000 1.411416e+000 2.926552e+000 -1.475752e+000 -1.258233e+000 -7.500143e-001 -5.287711e-001 -1.429368e+000 -7.318959e-001 4.788958e-001 4.624759e-001 3.979991e-001 4.310192e-001 -3.920229e-001 -2.408434e-001 5.090894e-001 -2.102570e-001 -5.451845e-001 
2.612370e+000 1.126178e+001 -2.726473e+000 9.032357e+000 -2.519760e+000 -5.513781e-001 -2.347345e+000 2.117331e+000 2.329216e+000 7.551884e-002 -7.394804e-002 -1.407558e+000 6.011909e-002 -1.755735e+000 1.116038e-001 -4.857827e-001 8.284521e-001 -7.515042e-001 1.671982e-001 -5.228137e-002 -4.144889e-001 3.198241e-001 1.311557e-001 -3.292290e-001 
1.549780e+000 8.456437e+000 -5.694949e+000 1.016476e+001 -9.430812e-001 -1.680428e-001 -2.709248e+000 2.057266e+000 1.870929e+000 -7.204218e-001 2.794238e-001 -9.510112e-001 9.638524e-001 -1.602111e+000 3.357883e-002 -3.298523e-001 7.240965e-001 -9.337358e-001 -6.335827e-001 -1.702348e-001 -7.839826e-001 4.586013e-001 4.529430e-001 3.472099e-002 
2.236488e+000 5.433300e+000 -7.644768e+000 9.439259e+000 -1.333164e+000 8.154702e-001 -2.677324e+000 2.154989e+000 1.491706e+000 -1.799621e-002 6.468523e-001 -1.066780e+000 2.449614e-001 -1.249065e+000 2.010601e-001 -4.084820e-001 1.362698e-001 -1.060558e+000 -9.155834e-002 -4.054391e-001 -5.345962e-001 2.639902e-001 3.713894e-001 -1.151000e-001 
2.020068e+000 5.033773e+000 -7.467195e+000 9.375230e+000 -8.543874e-001 9.801400e-002 -1.448872e+000 2.427814e+000 1.991449e+000 -6.310206e-001 6.147440e-001 -9.888822e-001 6.569517e-002 -1.555005e+000 -1.628950e-001 -8.162352e-001 -5.395116e-001 -2.215926e-001 -1.280573e-001 4.247170e-001 -5.239213e-001 3.173210e-002 -2.473293e-001 5.184063e-002 
4.054433e-001 4.012938e+000 -8.995436e+000 8.872803e+000 -2.203912e+000 1.095836e-001 -2.337631e+000 2.149948e+000 2.476800e+000 1.746444e-001 9.257481e-001 -1.004511e+000 3.383924e-001 -1.904594e+000 1.748581e-001 -4.987637e-001 -3.055901e-001 -5.141896e-001 3.815936e-001 8.392592e-001 4.145962e-002 2.130744e-001 -4.527172e-001 -4.913913e-001 
9.397209e-001 3.923650e+000 -9.726384e+000 8.643785e+000 -2.048538e+000 -7.976463e-001 -2.755843e+000 1.717445e+000 1.480041e+000 -1.022879e+000 1.350210e+000 -4.223961e-001 1.258439e+000 -1.968471e+000 -1.876014e-001 -3.019805e-001 -1.059823e-001 2.751827e-001 -3.101247e-001 2.245024e-001 -5.948885e-001 2.522397e-001 -2.754673e-001 -1.882963e-001 
1.601646e-001 4.265985e+000 -9.019216e+000 8.066875e+000 -1.921890e+000 -1.451476e+000 -2.817163e+000 1.176065e+000 1.596528e+000 -7.072779e-001 1.323075e+000 -9.898964e-001 3.679016e-001 -9.824491e-001 -3.893696e-002 -5.193197e-002 1.542775e-001 -7.069385e-002 -6.567381e-001 8.521956e-002 -5.626013e-001 3.711540e-001 1.221476e-001 -1.056279e-001 
-1.038324e+000 3.704608e+000 -8.821541e+000 9.956061e+000 -1.809074e+000 -1.373327e+000 -2.732599e+000 1.797930e+000 2.011897e+000 -3.146455e-001 1.002525e+000 -6.755099e-001 7.123027e-001 -1.218563e+000 -2.092021e-001 -3.954184e-001 -2.135001e-001 -6.865371e-001 -5.788688e-001 -5.872535e-001 -9.902690e-001 2.340556e-001 3.902656e-003 3.477289e-001 
-1.152828e+000 4.012514e+000 -9.844349e+000 7.757748e+000 -2.677831e+000 -1.210924e+000 -3.178859e+000 8.541273e-001 1.425727e+000 -3.248246e-001 1.623116e+000 -4.394781e-001 1.046109e+000 -1.238343e+000 8.204363e-001 5.863877e-001 4.100548e-001 -5.897859e-001 -4.853188e-001 -9.584669e-002 -5.628385e-001 6.188883e-001 1.595852e-001 -4.891434e-002 
1.152646e+000 5.771463e+000 -8.060249e+000 7.427514e+000 -1.640413e+000 -1.790295e+000 -2.817884e+000 1.385764e+000 1.195540e+000 -5.064879e-001 1.029753e+000 -5.936000e-001 1.093168e+000 -7.187351e-001 6.011618e-001 1.195667e+000 5.153128e-001 -2.451938e-002 -3.383677e-002 -1.703282e-001 -3.428852e-001 6.734915e-001 -1.867667e-002 -5.650296e-002 
7.561871e+000 1.508159e+001 -6.436624e-001 5.499803e+000 -3.460805e-001 -3.254776e+000 -3.520992e+000 1.071805e+000 1.981845e+000 -1.271206e+000 -1.074320e+000 -9.912236e-001 -9.721652e-003 -8.751216e-001 -3.323297e-001 7.590605e-001 1.838524e-001 -6.075056e-002 3.677591e-002 -6.367171e-002 1.167648e-001 -7.721570e-003 -8.055539e-001 -1.984868e-001 
1.902844e+000 1.985809e+001 -2.369537e+000 5.893445e+000 9.965725e-001 -3.785288e+000 -3.345578e+000 1.186784e+000 2.662338e+000 -2.196383e+000 -1.529510e+000 -7.905428e-001 1.872615e-001 -1.543994e+000 -4.055418e-001 3.902167e-001 4.250450e-001 2.331963e-001 -4.191963e-001 -6.249936e-001 1.320490e-001 4.612235e-001 -6.142665e-001 -7.418739e-001 
2.827594e+000 1.646822e+001 -2.274517e+000 6.664777e+000 4.133335e-001 -2.711659e+000 -2.252390e+000 1.278757e+000 3.218601e+000 -2.120160e+000 -1.109255e+000 -5.165038e-001 -1.203859e+000 -1.335719e+000 -5.126822e-001 3.717130e-001 4.985135e-001 5.713523e-001 2.882511e-002 -8.426106e-001 -3.744977e-002 4.254018e-001 -2.642477e-001 -4.476164e-001 
3.580204e+000 1.440661e+001 -3.370586e+000 7.586084e+000 -1.160470e+000 -1.123217e+000 -3.079158e+000 1.592957e+000 2.658651e+000 -9.894009e-001 -8.549703e-001 -1.347417e+000 3.628665e-002 -1.863071e+000 -2.841845e-001 -3.483858e-002 9.969798e-001 1.849919e-001 4.949446e-001 -1.743995e-001 -5.534049e-001 4.920030e-001 -5.627857e-002 -3.715398e-001 
2.362089e+000 1.072469e+001 -3.323868e+000 9.556240e+000 -2.090102e+000 -6.929360e-001 -2.538664e+000 2.182858e+000 2.462579e+000 -1.424790e-001 -2.015655e-001 -1.154868e+000 2.692069e-001 -1.237930e+000 -6.569355e-002 -5.898440e-001 6.017782e-001 -6.418072e-001 -4.802195e-002 6.200319e-003 -6.833599e-001 2.426213e-001 7.950458e-002 -2.482548e-001 
1.738648e+000 7.052594e+000 -5.875224e+000 9.235947e+000 -8.180903e-001 -4.798645e-002 -2.307847e+000 1.816998e+000 1.388652e+000 -8.820025e-001 4.622676e-001 -6.624538e-001 6.179064e-001 -1.473284e+000 -1.180784e-001 -1.678214e-001 2.051646e-001 -9.704831e-001 -5.787556e-001 6.298717e-003 -7.876153e-001 6.681248e-001 6.291412e-001 1.467422e-001 
1.737213e+000 5.402136e+000 -7.513059e+000 9.586545e+000 -1.104692e+000 4.964461e-001 -2.587173e+000 2.477528e+000 1.882919e+000 -3.444880e-001 4.855357e-001 -1.535679e+000 1.660219e-001 -1.454775e+000 3.662478e-001 -5.010701e-001 3.992243e-001 -9.367771e-001 4.648501e-002 -2.463335e-001 -2.595835e-001 2.977516e-001 3.491827e-001 -1.451645e-002 
7.814975e-001 5.248419e+000 -8.505870e+000 9.721453e+000 -1.530373e+000 -2.111938e-002 -2.144522e+000 2.339664e+000 1.790948e+000 -4.445081e-001 7.906021e-001 -1.156329e+000 1.287759e-001 -2.037836e+000 8.405259e-002 -1.014950e+000 -3.954195e-001 -2.827467e-001 6.058124e-002 4.258462e-001 -3.230583e-001 -1.587052e-001 -2.900528e-001 -3.953949e-002 
4.553761e-001 3.807873e+000 -8.868646e+000 9.104450e+000 -1.817544e+000 -9.666850e-002 -2.360634e+000 1.791674e+000 2.235362e+000 4.048445e-002 1.029748e+000 -8.023314e-001 2.500438e-001 -2.121244e+000 -1.001361e-001 -5.183503e-001 -7.572887e-002 -5.894146e-001 8.912198e-002 7.128649e-001 -2.437845e-001 1.715262e-001 -4.355247e-001 -3.952523e-001 
5.285166e-001 3.938922e+000 -9.864816e+000 8.073222e+000 -2.094122e+000 -9.866759e-001 -2.584708e+000 1.610454e+000 1.685840e+000 -1.073253e+000 1.446267e+000 -6.874447e-001 1.468311e+000 -1.634823e+000 -2.577461e-001 -1.679689e-001 -7.851765e-002 2.857498e-001 -4.767825e-001 8.144627e-002 -6.950229e-001 2.543875e-001 -3.075941e-001 4.030616e-002 
-3.010182e-001 4.180503e+000 -9.037720e+000 8.983370e+000 -1.901389e+000 -1.471983e+000 -2.553395e+000 1.524488e+000 1.815491e+000 -6.071356e-001 1.362488e+000 -9.047499e-001 6.443096e-001 -9.561974e-001 -2.149054e-001 -2.194240e-001 7.660964e-002 -4.936639e-001 -7.063366e-001 -3.558221e-002 -7.148678e-001 1.719323e-001 4.704403e-002 -2.525193e-002 
-9.737185e-001 4.057243e+000 -8.901869e+000 9.441580e+000 -1.906721e+000 -1.398503e+000 -3.186124e+000 1.234378e+000 1.948477e+000 -2.870410e-001 1.046712e+000 -6.133790e-001 6.120469e-001 -1.574169e+000 9.869194e-002 -6.159725e-002 1.292312e-001 -7.480989e-001 -6.098193e-001 -8.652669e-001 -9.097892e-001 2.357308e-001 1.825770e-001 3.086451e-001 
-1.493579e+000 4.071530e+000 -9.926994e+000 6.961593e+000 -2.632178e+000 -1.503395e+000 -3.072827e+000 1.263397e+000 1.416692e+000 3.205109e-002 1.699577e+000 1.163710e-001 1.507961e+000 -1.061323e+000 1.105768e+000 9.830851e-001 5.391387e-001 -2.514214e-001 -3.533275e-001 -1.751292e-001 -5.095483e-001 7.736614e-001 2.011640e-001 -9.281185e-002 
