-8.020340e+000 2.069516e+001 4.472691e+000 3.627125e+000 4.203194e-001 -1.302196e+000 7.560938e-001 1.569479e+000 1.138902e+000 -1.390844e+000 -1.008762e+000 -9.554006e-001 2.468927e-001 -9.683449e-001 -5.201074e-001 -2.722859e-001 6.921773e-003 -2.532644e-001 -8.408163e-001 -8.186334e-001 1.087792e-002 -6.333246e-001 -8.182475e-001 -4.156802e-001 
-8.623846e+000 1.891516e+001 6.101282e+000 2.951602e+000 7.769645e-001 -3.412797e-001 1.917586e-001 1.693755e+000 1.711775e+000 -1.107333e+000 -1.115016e+000 -5.543845e-001 1.858369e-001 -5.891778e-001 -7.013848e-001 -4.804455e-001 -4.424979e-001 -6.832217e-001 -8.780373e-001 -1.300217e-001 2.497187e-001 -2.358331e-001 -5.529923e-001 -3.432327e-001 
-8.971652e+000 1.578990e+001 5.187604e+000 2.193581e+000 5.505099e-001 -6.297613e-001 7.349164e-001 2.144203e+000 1.504194e+000 -7.856262e-001 -9.825081e-001 -3.798270e-001 -8.215764e-002 -3.263337e-001 -2.871709e-001 -6.150282e-001 -7.891384e-001 -7.987504e-001 -2.378924e-001 3.442106e-001 4.066844e-001 -1.493286e-001 -2.204177e-001 -1.762177e-002 
-1.436973e+001 1.685322e+001 2.837248e+000 2.274229e+000 3.500137e-001 -2.965012e+000 -1.391613e-001 2.480848e+000 2.242144e+000 -2.344488e+000 -8.879709e-001 1.496233e-002 7.598884e-001 -7.885023e-001 -2.875417e-001 -6.091968e-002 -9.305340e-001 -5.913487e-001 -2.166520e-001 5.232146e-001 9.862394e-002 -1.906928e-001 -4.125023e-001 6.802043e-002 
-1.623954e+001 1.730252e+001 3.133344e+000 1.736629e+000 2.823355e-001 -2.418049e+000 2.501722e-001 2.587515e+000 3.698818e+000 -5.619546e-001 -2.476006e-001 -6.323796e-001 1.818897e-001 -1.313670e+000 -6.871213e-001 -1.035749e-001 -1.489047e-001 -4.017064e-001 -9.317367e-001 -3.040113e-001 -4.608626e-001 2.818318e-001 -4.165832e-001 -2.687711e-001 
-1.682322e+001 1.491432e+001 2.107958e+000 6.888443e-001 1.155820e-001 -2.854679e+000 4.283519e-001 3.231379e+000 3.517947e+000 -4.816333e-002 -1.775582e-001 -7.302147e-001 -2.290322e-001 -1.648970e+000 -1.518534e+000 -7.067302e-001 -1.836862e-001 -8.223751e-001 -1.077239e+000 -6.827474e-002 5.439917e-001 3.969584e-001 -8.001804e-002 2.476218e-001 
-1.916979e+001 1.523083e+001 2.447963e+000 -3.506959e-002 -1.002988e+000 -2.797708e+000 2.037432e-001 2.639180e+000 3.264226e+000 4.062599e-002 4.418324e-001 -9.553063e-001 -5.182090e-001 -1.757781e+000 -9.660965e-001 -5.104914e-001 -4.252492e-001 -8.754530e-001 -6.466196e-001 4.101209e-001 3.341951e-001 4.114319e-001 3.587952e-002 8.455457e-001 
-1.806189e+001 1.480534e+001 2.560213e+000 2.568410e-001 -1.676788e+000 -3.757095e+000 4.177220e-001 2.214003e+000 3.203950e+000 -3.074593e-001 1.586038e-001 -8.032924e-001 -5.427869e-001 -9.576983e-001 -5.268076e-001 -2.930481e-001 -7.597407e-001 -7.582143e-001 -9.499775e-001 -1.631289e-001 3.947174e-001 -7.868469e-003 -5.659296e-001 2.111456e-001 
-6.474203e+000 1.543234e+001 -7.272779e+000 -8.549716e-001 2.949996e-001 -7.998967e-001 3.479028e-001 5.041414e-002 -2.904945e-001 -1.079525e+000 1.666923e+000 -1.395969e+000 -7.334673e-001 -5.055086e-001 -3.819567e-001 -1.264976e-001 8.137960e-002 6.185762e-001 -9.000897e-002 -4.307194e-001 -8.047200e-001 1.231340e-001 -3.545215e-001 -1.566559e-002 
-5.163872e+000 1.452641e+001 -6.463037e+000 4.794079e-001 3.741230e-001 1.235502e+000 -1.461775e-001 4.734564e-002 3.088885e-001 -6.270748e-001 1.566215e+000 -1.424474e+000 -6.811775e-001 -1.312046e+000 -8.890671e-002 -2.867791e-001 2.836998e-001 5.385245e-001 -1.953955e-001 -2.874006e-001 -9.324447e-001 2.743797e-001 -5.363083e-001 9.397163e-002 
3.235631e-001 1.552296e+001 -4.515333e+000 1.598135e+000 2.283443e+000 1.630054e+000 5.599167e-002 -1.649876e+000 -6.401358e-001 -4.567415e-001 5.941281e-001 -1.098927e+000 -1.023734e+000 -4.925469e-001 -5.026768e-003 2.369868e-001 -6.955739e-001 1.245093e-001 4.796662e-001 -1.103431e+000 -1.200211e+000 -5.481043e-001 -1.190745e-001 1.351947e-001 
1.168508e+001 1.533618e+001 -3.712293e+000 1.206614e+000 2.562729e+000 -3.633898e-001 -2.532703e+000 -3.172835e+000 -1.773951e+000 -8.582331e-001 -7.173883e-001 -1.669716e+000 -9.894636e-001 2.727755e-001 6.951549e-001 2.477070e-001 -7.767960e-001 5.069513e-001 9.937316e-001 -1.143359e+000 -1.568835e+000 -7.326254e-001 -4.802148e-001 -3.848738e-001 
1.293113e+001 1.713297e+001 -2.994218e+000 1.565637e+000 1.923855e+000 -1.210788e+000 -3.980392e+000 -3.211163e+000 -2.601430e+000 -2.559311e+000 -8.402604e-001 -1.315136e+000 -3.261826e-002 1.246471e+000 1.033421e+000 -6.429870e-002 -7.898028e-001 6.603665e-001 4.770024e-001 -3.490184e-001 -2.630233e-001 -1.134453e+000 -1.219369e+000 -2.690517e-001 
1.641495e+001 1.524210e+001 -3.983290e+000 7.216789e-001 1.186888e+000 -1.442095e+000 -4.455472e+000 -3.527136e+000 -2.888255e+000 -3.771150e+000 -1.420021e+000 -7.305103e-001 6.980337e-001 1.580305e+000 6.586516e-001 -5.211126e-002 -3.871918e-001 6.805429e-001 3.073592e-001 -5.751704e-001 -4.789433e-001 -1.003797e+000 -3.654155e-001 6.793314e-001 
1.772942e+001 1.576635e+001 -3.513753e+000 4.018285e-001 4.834933e-001 -1.276872e+000 -4.196570e+000 -2.338857e+000 -1.760271e+000 -2.635385e+000 -6.178709e-001 -1.059853e+000 1.223382e-001 6.729534e-001 2.262412e-001 -4.305478e-001 -3.085324e-001 1.486725e+000 3.458731e-002 -1.357566e+000 -8.338495e-001 -1.115941e+000 -4.412040e-001 6.551187e-001 
1.596289e+001 1.775446e+001 -5.124809e+000 1.061323e+000 -7.170053e-001 -1.206471e+000 -3.104946e+000 -1.142453e+000 -2.969678e-001 -2.244401e+000 -7.547229e-001 -2.321745e-001 7.120843e-001 -3.380066e-001 -5.520531e-001 -7.796917e-001 -3.122093e-001 5.361535e-001 -5.108179e-001 -7.199797e-001 -1.081890e+000 -8.128587e-001 -1.417833e-001 3.891181e-001 
1.315824e+001 1.700583e+001 -2.047795e+000 4.282742e-001 1.365540e+000 -8.650394e-001 -1.879828e+000 -6.316276e-001 4.290824e-001 -1.223605e+000 -9.295855e-001 5.834747e-001 6.057169e-001 -6.284930e-002 -6.458625e-001 -5.405558e-001 -1.101036e-003 1.332654e-001 -3.744792e-001 -8.235568e-001 -7.026867e-001 -4.635769e-001 -6.218576e-002 4.378044e-001 
-8.933641e+000 2.094590e+001 4.490019e+000 3.527305e+000 6.001550e-001 -1.021259e+000 5.551454e-001 1.536003e+000 1.361675e+000 -1.421139e+000 -1.051843e+000 -7.911710e-001 2.470041e-001 -1.078717e+000 -6.868281e-001 -5.170349e-002 -8.418228e-002 -2.846417e-001 -9.488897e-001 -6.216096e-001 -5.979614e-002 -4.862793e-001 -6.973680e-001 -5.597006e-001 
-6.947343e+000 1.693282e+001 6.174575e+000 2.681647e+000 8.378265e-001 -3.584704e-002 4.937989e-001 1.570778e+000 1.418409e+000 -6.250208e-001 -1.283228e+000 -6.558394e-001 2.831461e-002 -3.847505e-001 -5.806873e-001 -5.178983e-001 -6.315132e-001 -8.069476e-001 -6.290051e-001 -2.049547e-002 1.657939e-001 -2.390179e-001 -4.727594e-001 -2.468581e-001 
-1.071094e+001 1.624792e+001 4.754332e+000 2.263387e+000 6.694827e-001 -9.309953e-001 6.004731e-001 2.237732e+000 1.677930e+000 -1.002596e+000 -9.812287e-001 -3.214786e-001 1.358888e-001 -4.233024e-001 -3.015356e-001 -4.860310e-001 -6.324722e-001 -7.195081e-001 -3.106623e-001 3.572088e-001 3.970913e-001 -2.430172e-001 -2.750008e-001 -2.154894e-003 
-1.473929e+001 1.694185e+001 2.827898e+000 2.271680e+000 7.327951e-001 -2.997812e+000 -4.170563e-001 2.329094e+000 2.273616e+000 -2.190527e+000 -8.275482e-001 -8.481785e-002 4.312663e-001 -1.008174e+000 -3.129150e-001 -2.292475e-002 -7.733346e-001 -5.982228e-001 -1.887265e-001 3.063232e-001 -7.577368e-002 -3.089612e-001 -3.570678e-001 7.791966e-002 
-1.667761e+001 1.717550e+001 3.095748e+000 1.178464e+000 1.651524e-001 -2.514827e+000 5.105400e-001 2.789059e+000 3.681046e+000 -5.880937e-001 4.577217e-002 -3.874508e-001 1.292290e-001 -1.251182e+000 -6.433087e-001 -5.962070e-002 -1.770352e-001 -6.015736e-001 -9.904754e-001 -2.540072e-001 -2.692384e-001 1.156135e-001 -5.228268e-001 -1.583860e-001 
-1.808692e+001 1.562244e+001 1.586059e+000 6.460365e-001 -5.864113e-002 -2.962480e+000 5.594508e-001 3.148945e+000 3.785077e+000 -1.473661e-001 3.424631e-002 -7.737227e-001 -3.783166e-001 -1.812242e+000 -1.532634e+000 -6.020199e-001 -4.134249e-001 -8.873992e-001 -9.910866e-001 2.692953e-001 3.406260e-001 6.892037e-001 -7.209779e-002 4.278197e-001 
-1.966441e+001 1.543488e+001 2.502368e+000 -3.788415e-002 -7.167455e-001 -3.165128e+000 5.968623e-002 2.440205e+000 3.450605e+000 1.362842e-002 4.914791e-001 -1.245046e+000 -6.310083e-001 -1.632622e+000 -6.624894e-001 -3.457840e-001 -4.481184e-001 -8.756549e-001 -8.157736e-001 6.440475e-001 1.552136e-001 5.479506e-001 -1.319907e-001 5.756224e-001 
-1.848351e+001 1.516043e+001 2.529078e+000 8.892327e-002 -1.859049e+000 -3.364079e+000 3.021002e-001 2.192124e+000 3.303579e+000 -2.336161e-001 2.764826e-001 -6.838345e-001 -8.319349e-001 -5.020421e-001 -4.645642e-001 -4.447246e-001 -6.520470e-001 -1.034239e+000 -8.895326e-001 -1.809519e-001 4.625590e-001 -3.863943e-001 -3.884323e-001 -1.437948e-002 
-5.850557e+000 1.521846e+001 -7.793062e+000 -8.795437e-001 2.067892e-001 -6.866428e-001 3.356930e-001 -2.778853e-001 -2.925358e-001 -1.381753e+000 1.569372e+000 -1.459395e+000 -7.714815e-001 -6.536665e-001 -3.005477e-001 -1.421444e-001 2.150424e-001 6.079106e-001 -1.791431e-002 -4.749379e-001 -8.446015e-001 9.196723e-002 -4.355242e-001 -2.150572e-002 
-6.139186e+000 1.434069e+001 -6.110601e+000 1.026744e+000 7.434639e-001 1.446443e+000 2.492854e-002 -7.595791e-002 4.452160e-001 -7.886068e-001 1.622547e+000 -1.342689e+000 -4.274234e-001 -1.071435e+000 9.297469e-002 -3.722520e-001 8.909590e-002 3.503431e-001 -2.527099e-001 -1.492540e-001 -7.969642e-001 1.787523e-001 -4.857200e-001 4.637839e-002 
3.301107e-001 1.790036e+001 -6.397101e+000 3.233599e+000 1.827282e+000 1.859930e+000 -2.142984e-001 -2.521766e+000 8.215905e-002 -1.283324e+000 1.335593e+000 -2.010016e+000 -6.343213e-001 -4.410769e-001 2.075065e-001 3.477409e-001 -8.995722e-001 5.285854e-001 3.996104e-001 -1.102073e+000 -1.644155e+000 -5.586988e-001 -3.757070e-001 -1.270959e-002 
1.134384e+001 1.605410e+001 -3.575116e+000 1.282032e+000 2.446621e+000 -4.898597e-001 -3.032603e+000 -3.397948e+000 -1.866507e+000 -1.145144e+000 -6.387380e-001 -1.600331e+000 -1.085203e+000 2.506969e-001 7.991960e-001 3.335284e-001 -6.670508e-001 5.286857e-001 7.355305e-001 -1.080864e+000 -1.332848e+000 -7.397108e-001 -4.606905e-001 -4.152376e-001 
1.170224e+001 1.867491e+001 -4.150336e+000 2.534744e+000 1.182064e+000 -7.497107e-001 -4.453153e+000 -3.232613e+000 -2.582427e+000 -2.875698e+000 -4.934950e-001 -1.604501e+000 5.123818e-001 1.240720e+000 8.653788e-001 -4.934788e-002 -7.877990e-001 6.593389e-001 2.838840e-001 -1.551062e-001 -1.790142e-001 -1.149890e+000 -1.331153e+000 -4.143703e-002 
1.641500e+001 1.484096e+001 -3.766507e+000 7.802572e-001 9.322677e-001 -1.798605e+000 -4.502468e+000 -3.395399e+000 -2.917658e+000 -3.652901e+000 -1.311846e+000 -8.857188e-001 3.488470e-001 1.159609e+000 5.233777e-001 1.260426e-001 -1.015621e-001 8.296972e-001 1.497641e-001 -8.490703e-001 -6.751747e-001 -9.895591e-001 -2.549851e-001 6.437738e-001 
1.385375e+001 2.080330e+001 -7.371679e+000 3.756344e+000 -2.461446e+000 1.569182e-001 -4.651664e+000 -1.823054e+000 -9.700366e-001 -3.998065e+000 7.157061e-001 -2.060241e+000 1.362337e+000 -6.013836e-001 7.018728e-001 -6.286767e-001 -4.585527e-001 1.837422e+000 -8.538738e-001 -5.376713e-001 -1.509311e+000 -4.700938e-001 -1.067901e+000 1.043806e+000 
