8.642781e+000 1.378156e+001 -1.615341e+000 1.015968e+000 2.681868e-001 3.652022e+000 -2.227434e+000 -5.971822e-002 -1.514504e+000 -3.017454e-001 -2.109662e+000 2.482461e-002 -1.331025e+000 -8.838212e-001 -1.828510e+000 9.289934e-001 -1.632771e-001 -1.623179e+000 -8.410892e-002 2.759299e-001 -1.087405e+000 -5.609896e-001 -2.572360e-001 -2.608774e-001 
1.175313e+001 1.024438e+001 -4.070454e+000 5.209809e-001 1.740347e+000 6.166758e+000 -4.664934e+000 -1.895063e+000 -5.054923e-001 -5.235692e-001 -4.595226e+000 1.520058e+000 -2.103747e+000 -5.344198e-001 -2.247989e+000 1.540644e+000 -8.654461e-002 -1.828061e+000 -8.809776e-001 7.560424e-001 -1.751836e+000 1.662939e-001 -5.087742e-001 -6.933823e-001 
1.400860e+001 9.042142e+000 -5.225614e+000 9.635214e-001 2.033231e+000 6.327035e+000 -6.761548e+000 -1.792604e+000 -1.102766e+000 -5.867719e-001 -3.932750e+000 2.408490e+000 -1.952031e+000 6.504284e-002 -1.729742e+000 5.619418e-001 -7.679687e-001 -1.589860e+000 -9.927897e-001 9.263054e-001 -1.975715e+000 7.253758e-003 -4.049134e-001 -3.314517e-001 
1.539909e+001 8.261970e+000 -5.460978e+000 1.739101e+000 2.758685e+000 5.643945e+000 -6.487247e+000 -1.425741e+000 -7.545952e-001 -2.744790e-001 -3.747905e+000 1.471327e+000 -2.412487e+000 2.667782e-001 -8.534403e-001 3.292695e-001 -7.412971e-001 -1.211820e+000 -1.473189e+000 8.327032e-001 -1.256217e+000 -2.362706e-001 -7.522407e-001 1.597995e-001 
1.581413e+001 7.479706e+000 -5.877298e+000 1.840806e+000 3.680109e+000 5.072781e+000 -6.162786e+000 -2.301336e+000 -1.802100e+000 -2.062127e-001 -3.375398e+000 2.049611e+000 -2.737191e+000 4.195140e-001 -1.414480e+000 3.242958e-001 -2.453915e-001 -1.024890e+000 -9.208220e-001 4.570151e-001 -1.716301e+000 -5.743920e-001 -1.093910e+000 2.012977e-001 
1.701143e+001 7.904058e+000 -6.236330e+000 2.581443e+000 2.600165e+000 5.079348e+000 -5.853288e+000 -2.067812e+000 -2.156382e+000 1.049450e+000 -3.407266e+000 2.187181e+000 -2.179487e+000 -1.697243e-001 -2.131242e+000 9.476630e-001 -9.079971e-001 -8.048344e-001 -1.142544e+000 5.963123e-001 -1.925317e+000 -2.706428e-002 -2.497222e-001 1.852605e-001 
1.625889e+001 7.719569e+000 -6.197302e+000 2.609058e+000 3.429348e+000 5.542062e+000 -4.494493e+000 -1.327458e+000 -2.580882e+000 4.530998e-001 -3.886560e+000 2.166757e+000 -2.249837e+000 2.016941e-001 -1.862142e+000 6.206622e-001 -5.672256e-001 -8.901525e-001 -1.137332e+000 4.504251e-001 -1.710559e+000 -1.066661e-002 -2.709200e-001 1.938322e-001 
1.649527e+001 8.573581e+000 -6.859375e+000 3.205323e+000 2.712861e+000 4.631043e+000 -3.406621e+000 -2.595875e+000 -3.443380e+000 1.182999e+000 -3.208500e+000 2.701677e+000 -1.169203e+000 -3.951642e-001 -1.986702e+000 3.138303e-001 -7.898939e-001 -8.178991e-001 -4.427926e-001 -3.120154e-002 -1.841382e+000 2.484901e-001 -3.177124e-001 -2.687495e-001 
1.684778e+001 9.059887e+000 -7.942738e+000 2.100466e+000 2.029649e+000 4.716293e+000 -3.470443e+000 -2.141951e+000 -3.400756e+000 -2.832800e-001 -3.004756e+000 2.340379e+000 -1.397313e+000 -3.130490e-001 -1.168003e+000 4.926240e-001 -8.216540e-002 -7.428288e-001 -4.456898e-001 -7.610128e-001 -1.824442e+000 -2.032582e-001 -3.577540e-001 -1.571067e-001 
1.795394e+001 8.780776e+000 -8.033919e+000 1.595088e+000 1.628363e+000 3.840798e+000 -2.920706e+000 -2.612000e+000 -4.048050e+000 -2.034038e+000 -2.136170e+000 1.390141e+000 -5.686655e-001 -3.937762e-001 -3.339312e-001 5.224705e-001 1.094193e+000 -5.352395e-001 -4.779926e-001 -7.754948e-001 -1.799812e+000 -5.648744e-001 -8.624378e-001 3.442170e-001 
1.880298e+001 9.591453e+000 -7.108106e+000 1.285190e+000 1.693762e+000 3.307225e+000 -3.942332e+000 -2.170005e+000 -4.215123e+000 -2.074048e+000 -3.052243e+000 2.002976e+000 -8.507119e-001 1.187058e-001 -3.081093e-001 1.156628e+000 8.303722e-001 -1.216864e-002 -3.356739e-001 -7.037707e-002 -1.859680e+000 -6.632932e-001 -1.033387e+000 1.788671e-001 
2.116544e+001 9.749134e+000 -5.029251e+000 -2.835196e-001 2.114247e+000 2.421573e-001 -3.929497e+000 -2.534827e+000 -3.193040e+000 -2.806994e+000 -2.168366e+000 1.663096e+000 2.103982e-001 -8.314604e-001 1.304308e-001 5.743194e-001 2.056241e-001 -8.344858e-001 2.437654e-001 1.143153e-001 -1.031352e+000 -8.458679e-001 -6.559070e-001 -1.587856e-001 
1.629069e+001 1.060411e+001 -1.962244e+000 1.883134e-001 1.873095e+000 3.470565e-001 -2.307132e+000 -1.178008e+000 -1.350810e+000 -2.042842e+000 -6.759501e-001 3.293133e-001 -5.089771e-001 -1.207110e+000 -4.856603e-001 -4.425533e-001 -5.650258e-001 -1.200226e+000 -5.699354e-001 1.528888e-001 -4.205582e-001 -7.357771e-001 -3.353865e-001 -4.951753e-001 
1.069457e+001 1.242628e+001 -2.622491e+000 1.011076e+000 5.556722e-001 5.198828e+000 -3.078756e+000 -3.439275e-001 -1.041302e+000 -6.268147e-001 -3.916510e+000 6.512037e-001 -2.033496e+000 -2.985361e-001 -1.694261e+000 1.459841e+000 -4.458317e-001 -1.539243e+000 -3.273879e-001 6.640867e-001 -1.658879e+000 -2.636222e-001 -7.072284e-001 -7.582299e-001 
1.326870e+001 1.002204e+001 -3.932636e+000 5.722196e-001 2.516556e+000 6.009085e+000 -5.729283e+000 -1.988615e+000 -2.003956e-001 -1.384034e-001 -3.967899e+000 2.426984e+000 -1.918000e+000 -1.005361e+000 -2.254217e+000 9.675150e-001 -5.893056e-001 -2.123750e+000 -2.908508e-001 1.029349e+000 -1.745524e+000 5.851705e-001 -2.458505e-001 -9.039456e-001 
1.448221e+001 8.402175e+000 -5.785648e+000 1.078477e+000 2.380315e+000 5.657081e+000 -6.779454e+000 -2.087379e+000 -8.416871e-001 -9.685361e-001 -3.952666e+000 1.919779e+000 -2.216742e+000 3.697777e-001 -1.076690e+000 6.544710e-001 -7.710356e-001 -1.302337e+000 -1.473080e+000 7.390112e-001 -1.728551e+000 -1.797811e-001 -8.268759e-001 -3.191904e-002 
1.593745e+001 7.594675e+000 -5.695992e+000 1.667099e+000 3.358064e+000 5.342664e+000 -5.927566e+000 -1.869457e+000 -1.042301e+000 -5.778008e-001 -3.630976e+000 1.946123e+000 -2.689873e+000 3.429940e-001 -1.231611e+000 -1.932565e-003 -7.228990e-001 -8.565060e-001 -1.096889e+000 8.232074e-001 -1.377543e+000 -3.859428e-001 -1.102967e+000 2.733938e-001 
1.632330e+001 8.065990e+000 -5.878113e+000 2.896444e+000 3.667888e+000 5.551602e+000 -5.610734e+000 -1.812738e+000 -2.164334e+000 6.999502e-001 -3.563907e+000 1.903591e+000 -1.897744e+000 -3.406569e-001 -1.587090e+000 1.589721e-001 -7.065861e-001 -1.018290e+000 -7.782635e-001 7.010397e-001 -1.341173e+000 -3.349908e-001 -7.760442e-001 1.434049e-001 
1.690794e+001 7.458198e+000 -5.410574e+000 3.394800e+000 3.675007e+000 6.066542e+000 -4.763133e+000 -2.489534e+000 -1.834669e+000 6.839374e-003 -3.347276e+000 1.917006e+000 -1.979011e+000 -3.822230e-001 -1.405325e+000 5.869494e-001 4.602190e-001 -1.141866e+000 -8.837608e-001 1.292420e-001 -2.114001e+000 -1.950153e-001 -4.652582e-001 3.345926e-001 
1.697468e+001 8.327742e+000 -6.138194e+000 2.277539e+000 2.168018e+000 4.141621e+000 -4.874254e+000 -2.316177e+000 -2.617693e+000 9.649276e-001 -3.364849e+000 2.259223e+000 -1.492038e+000 -9.505144e-002 -2.094145e+000 7.095073e-001 -4.522122e-001 -6.553421e-001 -1.134427e+000 1.980150e-002 -1.597826e+000 -4.746003e-001 -2.380666e-001 -5.863398e-002 
1.690501e+001 8.319573e+000 -7.212337e+000 1.759062e+000 1.909008e+000 3.645561e+000 -3.776348e+000 -2.395931e+000 -3.603920e+000 4.416589e-001 -2.742730e+000 1.974541e+000 -9.609431e-001 -6.270239e-001 -1.436397e+000 5.523822e-001 -4.681534e-001 -6.076597e-001 -2.806331e-001 -6.401381e-001 -1.627707e+000 -5.069793e-001 -7.079685e-002 -6.611031e-001 
1.773970e+001 8.831031e+000 -8.292293e+000 1.466136e+000 1.126993e+000 4.213044e+000 -3.556232e+000 -2.681050e+000 -3.702368e+000 -1.092077e+000 -2.835247e+000 2.141682e+000 -1.179065e+000 -6.931036e-002 -6.174191e-001 2.705667e-001 6.028897e-001 -6.865079e-001 -3.647439e-001 -6.339510e-001 -1.904935e+000 -2.918598e-001 -8.744268e-001 7.936889e-002 
1.851783e+001 8.791992e+000 -7.747214e+000 1.280779e+000 6.877106e-001 3.729201e+000 -3.577781e+000 -2.734029e+000 -4.082811e+000 -2.359289e+000 -1.922708e+000 1.434767e+000 -3.779985e-001 -3.197349e-001 -2.758717e-002 7.818164e-001 1.562398e+000 -1.336589e-001 -2.954631e-001 -4.974976e-001 -1.622777e+000 -4.690904e-001 -6.994983e-001 3.405075e-001 
1.855743e+001 9.887214e+000 -7.298333e+000 1.213515e+000 1.776283e+000 2.043877e+000 -4.306032e+000 -2.720478e+000 -3.795939e+000 -2.564760e+000 -2.929063e+000 1.962961e+000 -4.374651e-001 -1.248162e-001 1.392296e-001 1.456547e+000 1.008821e+000 -3.135151e-001 5.115094e-001 1.005904e-002 -1.583861e+000 -6.918115e-001 -8.654737e-001 5.141087e-002 
