-1.129577e+001 4.151917e+000 1.466580e+000 5.736990e+000 6.066662e+000 6.167306e+000 -2.848087e-001 -1.040071e+000 -1.332683e+000 1.433713e-002 -2.583764e+000 1.341836e+000 -1.693437e+000 7.952081e-001 -1.480776e+000 1.521054e+000 2.243608e-001 3.139172e-001 1.431263e-001 -7.292314e-001 -5.274719e-001 1.726687e-001 -7.172070e-001 -7.611189e-001 
-4.952330e+000 7.431248e+000 1.426060e+000 6.113321e+000 5.809357e+000 5.738809e+000 -2.900836e+000 -2.085656e+000 -1.637192e+000 -5.931121e-001 -2.480795e+000 1.968085e+000 -8.417261e-001 -3.563772e-002 -1.767812e+000 1.109949e+000 8.392611e-001 5.728771e-001 -4.254219e-001 -2.404814e-001 -1.018394e-001 1.575107e-001 -3.571932e-002 -1.885300e-001 
1.775959e+000 8.124084e+000 -2.359662e-001 4.798465e+000 4.371336e+000 5.766948e+000 -3.025968e+000 -1.479318e+000 -1.961627e+000 -9.319491e-001 -2.900483e+000 2.506240e+000 -9.415043e-001 8.376375e-001 -1.037819e+000 8.717977e-001 7.128416e-001 7.399496e-001 -1.313613e-001 -3.161024e-001 -1.043615e+000 2.368731e-001 -4.176361e-001 -3.587940e-002 
9.419201e+000 1.049582e+001 -4.589436e+000 2.237172e+000 5.334252e+000 5.699279e+000 -4.036168e+000 -1.625049e+000 -1.009811e+000 -1.642413e+000 -2.611712e+000 1.869284e+000 -7.698415e-002 8.415403e-001 -8.440850e-001 4.823418e-001 5.175225e-001 5.999883e-001 -1.342080e-001 -2.586202e-001 -3.178023e-001 -3.923973e-001 -1.869013e-001 5.935902e-001 
1.328628e+001 1.169823e+001 -5.346166e+000 -2.630817e-001 4.889405e+000 4.872431e+000 -4.712119e+000 -1.725149e+000 -6.432367e-001 -1.639531e+000 -2.719914e+000 2.387580e+000 4.158262e-001 8.705048e-001 -9.682828e-001 -5.039687e-002 -8.042937e-001 4.351680e-001 3.860516e-001 -3.906016e-001 -6.998312e-003 -2.136506e-001 5.891103e-001 4.762204e-001 
1.579857e+001 1.268044e+001 -4.562862e+000 -2.419409e+000 2.468532e+000 5.007057e+000 -5.777529e+000 -1.956151e+000 4.597748e-001 -1.284144e+000 -3.284049e+000 3.674584e+000 8.537851e-001 4.446949e-001 -4.324505e-001 9.386092e-001 -2.673443e+000 -3.471220e-001 8.662315e-001 -6.976088e-001 -9.468914e-001 1.575486e-001 1.287449e+000 -4.918637e-001 
1.771644e+001 1.370145e+001 -5.277942e+000 -2.727114e+000 1.839269e+000 3.383645e+000 -5.822789e+000 -1.913754e+000 1.085119e+000 -2.753303e+000 -1.473003e+000 2.883305e+000 1.436134e+000 3.945722e-001 -2.590812e-001 3.707031e-001 -2.643128e+000 -1.210686e+000 6.920697e-001 -4.413823e-002 -7.939143e-001 -1.521407e-001 1.051856e+000 -2.121793e-001 
1.734835e+001 1.533592e+001 -6.741784e+000 -1.808376e+000 -6.307890e-001 4.211721e+000 -6.920456e+000 -1.595673e+000 8.951829e-001 -2.295734e+000 -2.480006e+000 3.073777e+000 1.634552e+000 3.071179e-001 -3.484885e-001 1.785140e+000 -4.005225e+000 -1.889430e+000 6.664204e-001 5.010606e-001 -1.597814e+000 6.697075e-001 1.345835e+000 -2.455930e-001 
1.942991e+001 1.351760e+001 -6.004825e+000 -3.198888e+000 -1.758832e-001 2.966395e+000 -6.124110e+000 -8.291448e-001 1.471618e+000 -2.340241e+000 -2.253030e+000 3.174027e+000 1.046392e+000 -4.347006e-001 -1.077965e+000 1.136289e+000 -3.816003e+000 -1.449753e+000 1.126046e+000 3.964796e-001 -1.179536e+000 1.495148e-001 9.679252e-001 -5.871940e-002 
2.096436e+001 1.175477e+001 -6.104908e+000 -3.235547e+000 -1.612768e+000 1.785162e+000 -5.713110e+000 -1.516441e+000 2.390850e+000 -8.002181e-001 -2.243009e+000 2.139065e+000 1.096216e+000 -4.420377e-001 -1.467769e+000 1.091171e-001 -2.466731e+000 -1.544295e+000 6.551325e-001 9.443651e-002 -5.146217e-001 -4.770575e-003 1.737020e-001 2.704681e-001 
2.255586e+001 9.786373e+000 -6.967823e+000 -4.084591e+000 -1.950868e+000 1.086389e+000 -5.243666e+000 -4.516773e-001 2.095429e+000 -6.070853e-001 -2.695139e+000 2.898064e+000 4.168974e-001 -9.497234e-001 -8.846615e-001 2.720071e-001 -2.956140e+000 -2.603505e+000 1.028882e+000 3.062048e-001 -5.166412e-001 2.755295e-001 -2.085571e-001 -2.762471e-001 
2.358583e+001 9.072405e+000 -6.736390e+000 -3.798006e+000 -1.631583e+000 -8.149743e-002 -4.180493e+000 5.656576e-002 1.852755e+000 -9.136577e-001 -2.458769e+000 1.995053e+000 2.778276e-001 -5.412319e-001 -5.698301e-001 -6.739118e-002 -2.004188e+000 -2.159369e+000 3.016623e-001 1.493578e-001 1.067447e-001 2.651267e-001 -4.978004e-001 1.090095e-001 
1.285737e+001 7.028573e+000 -5.105950e+000 -2.111526e+000 -1.144168e+000 -2.224395e+000 -1.802323e+000 2.492197e-001 1.198903e+000 -3.437104e-001 -9.217746e-001 8.302399e-001 2.595963e-001 -8.426126e-001 3.431781e-001 4.549188e-001 -9.651422e-001 -6.887279e-001 -3.355222e-001 -9.744241e-002 4.020889e-001 8.806735e-002 -3.727673e-001 2.380597e-002 
-6.811084e+000 6.377940e+000 1.361555e+000 5.618816e+000 6.289874e+000 5.677916e+000 -1.422321e+000 -1.870943e+000 -1.074742e+000 -2.627205e-001 -2.794156e+000 1.684853e+000 -1.849033e+000 3.610820e-001 -1.793262e+000 1.442104e+000 6.299037e-001 1.494636e-001 -2.708538e-001 -2.828919e-001 2.341252e-001 4.966326e-001 3.436971e-002 -2.462021e-001 
-2.676104e+000 7.627400e+000 1.592915e+000 5.460581e+000 5.015830e+000 5.165570e+000 -2.848986e+000 -1.863687e+000 -1.667477e+000 -6.723664e-001 -2.078307e+000 2.457164e+000 -1.222294e+000 3.934984e-001 -1.128142e+000 8.330779e-001 7.995838e-001 5.901055e-001 -8.665981e-002 -4.974255e-001 -6.806495e-001 2.322785e-001 -2.285619e-001 -1.725768e-001 
6.228324e+000 8.969891e+000 -2.140126e+000 2.856741e+000 5.036418e+000 6.016751e+000 -3.230960e+000 -1.538125e+000 -1.733862e+000 -1.001579e+000 -3.062713e+000 2.037731e+000 -4.801640e-001 7.699519e-001 -1.184056e+000 7.330166e-001 1.143850e+000 5.939996e-001 -3.254314e-001 -1.119088e-001 -8.182676e-001 -1.164828e-001 -5.782901e-001 3.007295e-001 
1.111762e+001 1.172884e+001 -5.805675e+000 1.697665e+000 5.089654e+000 5.373345e+000 -4.771029e+000 -1.189522e+000 -1.361055e+000 -1.536706e+000 -2.665982e+000 2.417460e+000 -1.282667e-001 1.335386e+000 -1.145685e+000 3.851891e-001 -2.460977e-001 7.427313e-001 -3.386198e-002 -4.682915e-001 -1.172293e-001 -1.750138e-001 -3.025897e-002 8.697768e-001 
1.404069e+001 1.250610e+001 -5.093324e+000 -1.042423e+000 3.015351e+000 5.570213e+000 -5.649343e+000 -1.748630e+000 -3.581480e-002 -8.478547e-001 -3.879232e+000 3.714920e+000 1.160441e-001 1.013973e+000 -1.272602e+000 1.009378e+000 -2.006019e+000 4.485427e-002 5.742282e-001 -4.163308e-001 -4.207804e-001 7.371097e-002 9.591457e-001 -1.121474e-001 
1.580454e+001 1.459134e+001 -5.510759e+000 -2.057978e+000 1.205404e+000 5.437606e+000 -7.143377e+000 -1.317639e+000 7.288643e-001 -1.348268e+000 -3.439398e+000 3.929048e+000 1.064711e+000 4.076070e-001 -7.570623e-001 1.632291e+000 -3.492487e+000 -4.007478e-001 6.700156e-001 -1.443227e-002 -1.605035e+000 5.162036e-001 1.270672e+000 -7.630647e-001 
1.726332e+001 1.482845e+001 -6.236626e+000 -2.019637e+000 6.293250e-001 3.992674e+000 -6.271750e+000 -2.472064e+000 1.423589e+000 -2.833907e+000 -1.648227e+000 2.971570e+000 1.796413e+000 9.122130e-004 -1.760867e-001 9.825729e-001 -3.101424e+000 -1.721273e+000 6.428168e-001 2.517451e-001 -1.357495e+000 2.918212e-001 1.256167e+000 -1.797150e-001 
1.821233e+001 1.465799e+001 -6.131793e+000 -2.916333e+000 -7.899667e-001 3.880483e+000 -6.427466e+000 -1.440119e+000 1.260938e+000 -2.457073e+000 -2.727005e+000 3.008424e+000 1.833929e+000 -3.701546e-001 -6.643912e-001 1.801900e+000 -4.185576e+000 -1.933032e+000 1.164013e+000 5.990489e-001 -1.592312e+000 5.810681e-001 1.330428e+000 -4.613772e-001 
1.994470e+001 1.286218e+001 -5.850051e+000 -3.212064e+000 -7.876735e-001 2.796714e+000 -6.356504e+000 -1.356630e+000 2.136359e+000 -1.127362e+000 -2.596886e+000 3.225120e+000 7.606065e-001 -6.551141e-001 -1.300319e+000 1.021586e+000 -3.581275e+000 -1.303877e+000 1.141132e+000 2.331773e-001 -1.431585e+000 3.236870e-001 8.055663e-001 -2.698642e-001 
2.103250e+001 1.155167e+001 -6.848753e+000 -3.432249e+000 -2.094923e+000 1.627183e+000 -5.689678e+000 -7.995588e-001 2.277813e+000 -8.126455e-001 -2.572586e+000 2.435229e+000 1.039706e+000 -8.279462e-001 -1.274816e+000 2.841236e-001 -2.726385e+000 -2.039028e+000 9.368225e-001 2.057378e-001 -4.943450e-001 2.586892e-001 1.258251e-002 -1.239774e-001 
2.141657e+001 1.114747e+001 -7.073291e+000 -4.336521e+000 -3.098503e+000 3.305738e+000 -6.552287e+000 -1.155872e-001 2.406849e+000 1.595015e-001 -4.622537e+000 4.092531e+000 2.604655e-001 -1.357775e+000 -1.209995e+000 1.763951e+000 -3.698351e+000 -2.861008e+000 1.460682e+000 6.872184e-001 -1.655459e+000 1.189281e+000 1.689782e-001 -1.073879e+000 
