7.312494e+000 1.386584e+001 -9.359597e+000 1.056218e+000 -8.891961e+000 2.233621e-001 -4.899157e+000 -8.437532e-001 2.657159e+000 -1.152347e+000 -5.462268e+000 -2.292136e+000 -1.831992e-001 -3.894166e+000 -4.090310e-001 -2.009614e-001 -3.882516e-001 -2.408427e+000 3.751249e-001 5.271563e-001 1.953716e+000 6.206801e-002 8.672926e-001 1.939875e+000 2.601352e-001 1.376905e+000 1.823632e+000 1.356144e+000 -2.313505e-001 6.444833e-001 -2.483460e-001 6.125179e-001 -4.045529e-001 -9.573874e-001 -2.146155e-001 1.487400e-001 
6.755959e+000 1.310568e+001 -6.571857e+000 -7.215303e-002 -8.147276e+000 -9.436005e-001 -3.943643e+000 -1.744395e+000 2.165602e+000 -1.145424e+000 -6.083544e+000 -3.365593e+000 4.170740e-001 -2.561404e+000 -1.065088e+000 -2.856557e-002 -7.294420e-002 -2.631321e+000 -1.356180e+000 6.258790e-001 5.828583e-001 5.114036e-001 1.554127e+000 2.689060e+000 -2.949106e-002 5.927562e-001 2.580635e+000 7.444418e-001 -8.554825e-002 8.918875e-001 1.382609e-001 6.046095e-002 -5.296976e-001 -1.298148e+000 6.804649e-002 -1.478391e-001 
3.160562e+000 1.526287e+001 -7.154030e+000 2.973888e+000 -7.931557e+000 8.967176e-001 -2.335434e+000 -9.632509e-001 1.832705e+000 -2.298035e+000 -3.982183e+000 -3.672163e+000 -1.626035e-001 -1.793270e+000 -1.320042e-001 -4.738327e-003 3.731326e-002 -3.354836e+000 -1.169148e+000 6.783629e-001 3.899974e-001 8.391995e-001 5.694623e-001 2.365259e+000 3.444440e-001 1.183457e+000 2.158586e+000 3.912943e-001 -3.321214e-002 -4.070887e-003 1.831804e-001 1.627808e-001 8.953637e-002 -8.271084e-001 -1.074477e+000 -3.623397e-001 
8.991733e-001 1.389972e+001 -7.162383e+000 3.452302e+000 -5.114748e+000 1.907469e+000 -2.225778e+000 -1.172606e+000 4.234924e+000 -1.540152e+000 -4.038339e+000 -3.068656e+000 -3.438638e-001 -1.627268e+000 -6.347807e-001 -8.785934e-001 5.323824e-004 -7.227100e-001 -1.070672e+000 1.456893e-001 -3.262448e-001 -4.434266e-001 -5.583069e-001 9.050254e-001 2.480298e-001 3.239835e-001 1.139034e+000 9.671917e-001 4.258161e-001 -7.163313e-003 1.131764e+000 1.718522e-001 -3.949014e-001 -1.044091e+000 -1.374109e+000 6.432866e-002 
6.290934e-001 1.132430e+001 -4.979138e+000 5.155937e+000 -2.729172e+000 2.420881e+000 -4.078112e+000 -8.408231e-001 1.899134e+000 -8.272705e-001 -4.846045e+000 -3.545992e+000 -6.372942e-001 -1.759127e+000 -6.469987e-001 -4.327834e-001 2.812768e-001 -8.755942e-001 -1.038556e+000 9.790416e-002 -7.914183e-001 -1.673788e+000 -1.154215e+000 -7.822302e-002 -1.235805e-001 1.006032e-002 1.395992e+000 8.293034e-001 2.777737e-001 1.208667e-001 9.785656e-001 -3.496583e-001 -2.026152e-001 -1.159228e+000 -5.798749e-001 2.683112e-001 
3.695888e+000 9.457690e+000 -4.068264e+000 6.166791e+000 -6.342821e+000 2.326010e+000 -4.623550e+000 7.906216e-001 3.107802e+000 -5.928663e-001 -3.497248e+000 -3.138125e+000 -8.627264e-002 -1.041895e+000 -1.038661e+000 -1.038558e+000 1.302458e+000 -1.479805e+000 -1.078810e+000 -1.383032e-001 -1.483733e+000 -1.388810e+000 -5.936033e-001 -5.553840e-001 -8.665449e-001 -1.750155e-001 9.787564e-001 4.464928e-001 -9.675857e-001 1.022314e-001 7.804648e-001 6.521603e-002 4.200265e-001 -6.250291e-001 -4.294665e-002 9.662403e-001 
7.998049e+000 9.335813e+000 -4.363445e+000 6.879645e+000 -8.118255e+000 3.591859e+000 -5.348578e+000 6.845254e-001 1.203107e+000 -5.200392e-001 -3.063122e+000 -2.726145e+000 -7.440155e-001 -1.972589e+000 -7.531569e-001 -1.504184e+000 1.662526e+000 -1.893946e+000 -5.242820e-001 3.778414e-001 9.325203e-002 -2.138132e+000 -2.000234e-001 -7.046664e-001 -8.295979e-001 2.097825e-001 -8.652466e-001 3.334417e-001 -3.648448e-001 1.068254e+000 -5.794652e-001 1.720294e-001 1.967297e-001 -3.012074e-001 4.365274e-002 6.273497e-001 
8.399842e+000 6.803183e+000 -4.448116e+000 5.729396e+000 -6.367880e+000 3.174829e+000 -4.494557e+000 9.364000e-003 1.468929e+000 -6.510336e-001 -2.452334e+000 -1.397840e+000 -1.401889e+000 -5.560693e-001 -1.212995e+000 -1.129006e+000 1.862733e+000 -8.122723e-001 -5.291038e-001 7.148100e-001 2.311567e-001 -1.414458e+000 6.176623e-002 -1.093276e+000 -1.061654e+000 -5.783288e-001 -4.332479e-001 1.593263e-001 -1.859474e-001 7.181491e-001 4.745231e-002 3.186712e-001 1.394023e-001 -4.617364e-001 -2.759468e-001 6.003488e-001 
1.198223e+001 1.181251e+001 -5.759160e+000 2.020029e+000 -6.612803e+000 1.291893e+000 -3.055105e+000 -1.319264e+000 2.806385e+000 -4.811526e-001 -3.697455e+000 -1.551130e+000 -9.024471e-001 -2.811413e+000 -5.911519e-001 6.982171e-001 1.900675e-001 -1.306711e+000 -1.376393e+000 8.186607e-001 1.543771e+000 -4.930026e-001 6.166583e-001 1.430115e+000 -3.584524e-003 -1.577758e-001 1.050281e+000 8.434853e-001 -1.671384e-001 5.135954e-001 -1.038915e-001 -3.828200e-001 -2.487892e-001 -4.063321e-001 -1.637839e-001 4.103991e-001 
7.487087e+000 1.364081e+001 -9.059925e+000 7.345580e-001 -8.578057e+000 1.063274e-001 -3.507685e+000 -7.521235e-001 2.081772e+000 -1.671254e+000 -5.276479e+000 -2.066126e+000 -3.810139e-001 -2.959916e+000 -9.466608e-001 1.018355e-002 -3.394688e-001 -2.781233e+000 8.601052e-002 9.427268e-001 1.786640e+000 -3.837019e-001 3.020633e-001 2.566597e+000 2.285452e-001 1.305510e+000 1.684280e+000 7.417753e-001 1.197760e-001 2.329046e-001 -1.731650e-001 5.938565e-002 -2.944971e-001 -5.219579e-001 -5.290754e-001 -2.123960e-001 
5.823239e+000 1.389298e+001 -7.482983e+000 1.909320e+000 -8.620079e+000 -8.680908e-002 -3.636255e+000 -7.208641e-001 1.577415e+000 -2.055762e+000 -5.642449e+000 -2.972038e+000 -3.978597e-001 -2.180121e+000 -5.726928e-001 -5.926827e-001 3.622315e-002 -3.163014e+000 -7.508468e-001 3.487347e-001 3.432041e-001 1.087486e-001 1.224782e+000 2.082862e+000 4.068943e-001 5.804559e-001 1.510403e+000 6.967365e-001 1.179386e-001 4.538126e-001 -4.440429e-001 4.573982e-001 -5.323778e-001 -1.073324e+000 -5.569579e-001 2.061587e-001 
2.386332e+000 1.543978e+001 -7.736529e+000 3.903708e+000 -8.074783e+000 1.187707e+000 -1.741038e+000 -1.479100e-001 3.175704e+000 -3.175363e+000 -3.192861e+000 -3.503017e+000 1.264195e-001 -2.324233e+000 -2.255998e-001 -3.684755e-001 -6.857310e-001 -2.057424e+000 -9.799869e-001 7.781220e-001 8.500571e-002 1.263693e-001 -1.655327e-001 2.112795e+000 6.095144e-001 9.788643e-001 1.362744e+000 6.490650e-001 5.930897e-001 -5.458054e-003 3.667807e-001 -4.697132e-002 -1.494193e-001 -1.086053e+000 -9.511045e-001 -4.927629e-001 
1.628505e+000 1.574580e+001 -7.563340e+000 3.696551e+000 -6.080842e+000 3.482967e+000 -1.628873e+000 -1.541346e+000 2.325891e+000 -2.875543e+000 -2.741669e+000 -3.701262e+000 -1.406017e-001 -2.570249e+000 3.273221e-001 -9.577428e-001 -1.319614e-001 -1.865375e+000 -1.003427e+000 1.361396e+000 -1.489668e-001 -4.854631e-001 -1.873935e+000 1.026719e+000 1.684579e-002 6.715943e-001 8.420498e-001 4.699777e-001 8.058987e-001 -1.073830e-001 1.172370e+000 -3.654750e-001 1.689373e-001 -1.305863e+000 -1.442232e+000 -4.909127e-001 
2.925982e+000 1.333397e+001 -7.043184e+000 4.420718e+000 -5.716442e+000 3.368663e+000 -3.996450e+000 -8.251452e-002 1.888170e+000 -2.077937e+000 -3.140641e+000 -3.379154e+000 8.809395e-001 -2.360392e+000 5.767830e-002 -1.753214e+000 4.783481e-001 -1.534529e+000 -8.371421e-001 5.904608e-001 -8.566592e-001 -1.331540e+000 -2.101388e+000 -2.680746e-001 -8.832919e-001 5.553075e-001 6.033597e-001 7.662051e-001 -1.374223e-001 3.051644e-001 7.877522e-001 1.412070e-001 8.379205e-001 -1.167580e+000 -4.630384e-001 1.274075e-001 
5.798359e+000 1.063780e+001 -6.161744e+000 6.263220e+000 -7.614694e+000 4.546349e+000 -4.274694e+000 5.920510e-001 1.654616e+000 -1.627031e+000 -2.782679e+000 -2.898456e+000 1.530517e-001 -1.368933e+000 -5.483475e-001 -1.361660e+000 1.484166e+000 -2.328945e+000 -5.812395e-001 1.036557e+000 -8.899475e-002 -1.360352e+000 -1.215732e+000 -7.902487e-001 -3.562508e-001 6.123945e-001 -1.542651e-002 2.872335e-001 -8.474974e-001 2.124306e-001 -1.501045e-001 3.580272e-001 7.854788e-001 -6.101741e-001 -9.762101e-001 1.005686e-001 
8.564284e+000 9.624735e+000 -5.695482e+000 6.368854e+000 -8.208065e+000 4.254043e+000 -4.028698e+000 1.095830e+000 3.450894e-001 -7.760558e-001 -2.938686e+000 -1.463886e+000 -9.201587e-001 -1.526194e+000 -8.246658e-001 -1.947773e+000 1.392085e+000 -2.108071e+000 1.726223e-002 1.310009e+000 4.941017e-001 -2.479388e+000 -8.002310e-001 -1.115640e+000 -5.143944e-001 2.826225e-001 -4.322769e-001 1.441232e-001 -6.759063e-001 3.727739e-001 -3.242954e-001 3.421359e-001 2.308486e-001 -6.334541e-001 -4.495053e-001 -7.184946e-002 
