1.647030e+001 1.653803e+001 -1.016543e+000 2.324195e+000 -6.392932e+000 1.083942e+000 -3.442176e+000 -2.739114e+000 1.396098e+000 -4.514707e+000 -3.626429e+000 -1.148504e+000 -1.133538e+000 -1.584582e+000 -3.875646e-001 -7.700956e-001 -2.481216e+000 -1.604176e+000 -1.183251e-002 -1.343133e+000 -8.690969e-001 -1.637901e+000 -2.243981e+000 2.266835e-001 -8.827442e-001 -7.544111e-002 8.276241e-001 7.879511e-002 1.908515e-002 -2.445604e-001 1.093966e-001 6.872545e-002 5.405200e-001 -1.098753e-001 -3.984307e-001 9.155290e-002 
1.397579e+001 1.736514e+001 -3.672866e+000 4.656613e+000 -6.044814e+000 3.111657e+000 -3.099326e+000 -2.983903e+000 3.152719e-001 -4.632855e+000 -3.946941e+000 -1.470631e+000 -1.575993e+000 -2.674207e+000 6.664264e-001 -1.921037e+000 -1.984312e+000 4.011102e-001 -3.927074e-001 -1.992543e+000 -2.066308e+000 -2.514463e+000 -2.020042e+000 4.453077e-001 -7.185157e-001 1.001703e-001 9.252810e-001 2.809071e-001 -2.590801e-001 1.370075e-003 -6.199835e-002 -5.723813e-001 4.777264e-001 -2.225661e-001 -2.134639e-001 1.063695e-002 
1.448126e+001 1.482054e+001 -2.287966e+000 5.491309e+000 -4.546602e+000 1.885023e+000 -2.418042e+000 -2.870075e+000 -7.551570e-004 -4.612467e+000 -3.302696e+000 -1.341573e+000 -1.940406e+000 -2.368505e+000 -5.538975e-002 -8.123636e-001 -1.631215e+000 -4.721266e-001 -4.996521e-001 -1.647151e+000 -1.536781e+000 -2.254109e+000 -1.643122e+000 5.916260e-002 -5.890645e-001 2.022821e-001 5.006283e-001 7.222429e-001 2.687184e-001 3.976255e-002 -2.022363e-001 -7.350661e-001 4.544368e-001 -1.145251e-001 -3.040769e-001 -3.951767e-001 
1.476766e+001 1.597987e+001 -2.715224e+000 6.117859e+000 -5.846948e+000 2.468439e+000 -3.430965e+000 -3.270931e+000 -1.409817e-001 -3.935459e+000 -3.394514e+000 -7.955843e-001 -1.214382e+000 -2.175780e+000 -4.423546e-001 -2.035116e+000 -1.180458e+000 -1.434956e+000 -1.279335e+000 -2.011943e+000 -5.641203e-001 -8.749505e-001 -1.282906e+000 1.816849e-001 -1.512267e+000 -5.233251e-001 -3.446162e-001 3.019327e-001 8.147639e-001 3.882071e-001 -3.658086e-002 -5.238142e-001 5.476977e-001 -8.420313e-002 -5.886542e-001 -7.830771e-001 
1.463866e+001 1.734987e+001 -4.112847e+000 6.568017e+000 -7.511877e+000 3.161519e+000 -3.812479e+000 -2.042349e+000 9.571776e-001 -3.597170e+000 -3.039222e+000 -7.873766e-001 -1.475383e+000 -1.897885e+000 -6.291171e-001 -2.445357e+000 -1.756885e+000 -1.177652e+000 1.735847e-001 -1.975223e+000 -6.645517e-001 -9.879407e-001 -3.420906e-001 3.011213e-001 -1.221086e+000 1.799090e-002 -2.043430e-001 3.111604e-001 4.335694e-001 1.133330e+000 -5.864386e-001 -7.560730e-001 3.767712e-001 -2.217061e-001 -2.501176e-001 7.356859e-002 
1.741176e+001 1.588111e+001 -4.250133e+000 4.368437e+000 -7.380272e+000 2.731761e-001 -3.302271e+000 -1.211032e+000 1.286679e+000 -4.540112e+000 -2.554848e+000 -1.787593e+000 -1.236974e+000 -2.223788e+000 -2.960900e+000 -2.182522e+000 -2.001279e+000 -1.132615e+000 -3.289060e-001 -2.014920e+000 -1.160764e+000 -1.183109e+000 -9.342191e-001 5.031159e-001 -1.055657e+000 -3.121361e-001 4.993728e-001 -2.376405e-001 5.151905e-002 1.578006e-001 -5.515710e-001 -5.772316e-001 1.473359e-004 -1.168596e-001 -2.964444e-002 1.894359e-001 
1.828644e+001 1.870208e+001 -6.897050e+000 5.039629e+000 -8.943208e+000 9.833435e-001 -2.553250e+000 -3.465956e-001 8.725329e-001 -2.734114e+000 -3.402431e+000 -6.484166e-001 -4.808372e-001 -2.893945e+000 -1.346561e+000 -2.224279e+000 -1.890165e+000 -1.077576e+000 -8.825799e-001 -1.534611e+000 4.273303e-002 -9.649912e-001 -2.052569e-001 -5.063921e-001 -1.210792e+000 2.921978e-001 1.219395e+000 6.979522e-002 -8.834805e-001 8.046697e-002 -9.639363e-002 2.105585e-001 1.590147e-001 -1.410734e-001 -6.247333e-001 5.375117e-001 
1.816065e+001 1.949920e+001 -8.826360e+000 3.341994e+000 -1.012857e+001 4.456823e-001 -2.952101e+000 -1.389446e+000 7.130436e-002 -3.422542e+000 -3.747395e+000 -1.890712e-001 -9.908585e-001 -2.865125e+000 -1.665962e+000 -2.911831e+000 -2.143831e+000 -1.596200e+000 -6.964450e-001 -2.257845e+000 -4.141134e-001 -9.425526e-001 -2.713505e-001 -1.081257e+000 -1.445885e+000 1.454864e-002 3.974128e-001 -3.041550e-001 -8.493138e-001 2.217462e-001 1.714731e-002 2.363755e-001 7.526621e-002 -1.127305e-001 -4.752838e-001 6.515266e-001 
2.094669e+001 1.879812e+001 -9.888882e+000 2.436825e+000 -8.877217e+000 1.351706e-001 -2.696497e+000 -2.181348e+000 1.740615e+000 -4.692548e+000 -1.881794e+000 1.822949e-001 -1.246497e+000 -1.921420e+000 -1.659484e+000 -1.585657e+000 -2.850769e+000 -1.485150e+000 -3.868777e-001 -1.526606e+000 1.471775e-002 -7.301062e-001 -5.881645e-001 -1.014249e+000 -1.280727e+000 3.226895e-001 4.631247e-001 -3.192996e-001 -5.934613e-001 1.801423e-001 3.197705e-001 3.494326e-001 3.386566e-001 2.055011e-001 -4.940891e-001 2.102189e-001 
2.051910e+001 2.047370e+001 -1.219266e+001 2.518016e+000 -8.081864e+000 8.120056e-001 -3.899386e+000 -1.157542e+000 8.472726e-001 -4.792811e+000 -1.542944e+000 -5.439240e-003 -4.128293e-001 -1.894757e+000 -9.438671e-001 -1.754546e+000 -2.764645e+000 -1.606089e+000 7.005340e-002 -1.143416e+000 -3.534455e-001 -6.577590e-001 -6.042387e-001 -9.577380e-001 -1.338112e+000 3.938678e-001 4.717690e-001 -6.309711e-001 -2.969897e-001 7.872236e-001 1.165090e-001 4.486921e-001 3.159621e-001 3.406749e-001 -7.104636e-001 2.554628e-001 
2.098241e+001 1.918937e+001 -1.119162e+001 4.356700e-001 -6.433500e+000 -7.968252e-001 -4.197014e+000 -8.127787e-001 -2.044523e-001 -4.771346e+000 -1.055703e+000 6.266370e-002 -1.373917e-001 -1.696360e+000 -1.188263e+000 -1.559083e+000 -3.185408e+000 -1.831898e+000 6.198712e-002 -3.479025e-001 -3.710380e-001 -7.456881e-001 -5.942679e-001 -9.775325e-001 -1.294632e+000 3.911802e-001 6.621859e-001 -1.202316e+000 2.574956e-001 9.820505e-001 -1.945017e-001 7.381650e-001 5.730621e-001 4.464964e-002 -7.723083e-001 -6.695115e-002 
2.058637e+001 1.977954e+001 -1.237045e+001 7.335678e-001 -7.642615e+000 1.142329e+000 -5.375114e+000 -1.445523e-001 -1.137936e-001 -4.052592e+000 -1.132724e+000 5.255977e-001 -5.819899e-001 -1.605427e+000 -1.130274e+000 -2.780058e+000 -2.811242e+000 -1.750264e+000 6.680619e-001 -4.283773e-001 6.734366e-002 -1.003461e+000 -3.485240e-001 -7.988033e-001 -6.752218e-001 6.930248e-001 2.051069e-001 -9.178537e-001 2.021554e-001 8.443660e-001 -1.846762e-001 6.908508e-001 2.126520e-001 3.077653e-001 -8.554794e-001 -1.047206e-001 
2.255823e+001 1.664918e+001 -9.809094e+000 -1.139220e+000 -5.401328e+000 2.034601e-001 -3.443865e+000 -2.680663e-001 7.950399e-001 -4.865041e+000 -5.714482e-001 6.907507e-001 -3.571300e-001 -1.004554e+000 -1.087286e+000 -2.476229e+000 -3.507429e+000 -1.198615e+000 4.066149e-001 2.254088e-001 3.108362e-001 -5.541275e-001 -5.758930e-001 1.432787e-001 -4.051218e-001 3.501622e-001 3.483181e-001 -8.265452e-001 3.655027e-001 1.090470e+000 3.365199e-001 3.119082e-002 3.692427e-001 1.194043e-001 -9.350105e-001 -2.753097e-001 
2.158739e+001 1.752965e+001 -1.019943e+001 -1.081155e+000 -5.767403e+000 -2.398109e-002 -3.477365e+000 1.238973e-001 6.339992e-001 -5.099707e+000 -8.668817e-001 1.919273e-001 -6.131331e-001 -1.142329e+000 -1.277587e+000 -2.681879e+000 -3.013452e+000 -9.986000e-001 5.594044e-001 2.018634e-001 -9.234437e-002 -1.072930e+000 -8.453623e-001 3.767788e-001 -4.093559e-001 6.601323e-001 5.235748e-001 -9.438208e-001 4.585807e-001 1.063091e+000 2.598494e-001 -9.760380e-003 1.145719e-001 -9.186972e-002 -6.961988e-001 -4.079539e-001 
2.191890e+001 1.626849e+001 -8.967554e+000 -2.049848e+000 -6.663962e+000 -1.254823e+000 -3.293095e+000 -9.393149e-001 3.826157e-002 -5.765070e+000 -1.942368e+000 -2.934063e-002 -8.195952e-001 -1.118100e+000 -2.238600e+000 -3.180440e+000 -3.781025e+000 -2.101683e+000 4.160856e-001 -1.543505e-001 -5.590339e-001 -9.485876e-001 -7.962007e-001 1.453121e-001 -7.967758e-001 1.044079e-001 3.517275e-002 -1.257069e+000 5.927067e-001 1.026619e+000 1.045492e-001 4.912691e-002 -2.809827e-001 -5.193670e-001 -6.314174e-001 -1.685937e-001 
2.078301e+001 1.840292e+001 -9.721808e+000 1.182990e-002 -7.156378e+000 3.097270e-001 -3.361580e+000 3.822444e-001 7.692062e-002 -5.673687e+000 -2.029819e+000 -5.708312e-002 -2.332095e-001 -1.481126e+000 -1.758182e+000 -2.554522e+000 -2.982546e+000 -1.747331e+000 9.339386e-001 -4.291420e-001 -6.645356e-001 -7.910322e-001 -9.600994e-001 1.284851e-001 -7.761589e-001 2.411819e-001 3.919591e-001 -9.384619e-001 8.790585e-001 1.374590e+000 -4.683071e-002 -6.388950e-002 -2.708526e-001 -4.806500e-001 -1.055230e+000 1.740068e-001 
2.130766e+001 1.756692e+001 -8.783038e+000 -2.570296e-001 -7.386088e+000 -5.084331e-001 -2.859507e+000 2.929342e-001 2.628496e-001 -5.111517e+000 -1.668150e+000 -3.131549e-002 2.064134e-002 -1.644129e+000 -1.879547e+000 -2.524750e+000 -3.222148e+000 -1.686391e+000 7.079888e-001 -1.639993e-001 -3.926530e-001 -5.476460e-001 -9.730212e-001 7.560153e-001 -4.511236e-001 2.695770e-001 3.772909e-001 -1.190194e+000 1.004075e+000 1.141117e+000 -2.530501e-002 -1.235526e-001 -1.700322e-001 -3.641524e-001 -8.432620e-001 6.720241e-002 
1.997246e+001 1.778925e+001 -1.105429e+001 9.454402e-001 -8.434156e+000 5.605735e-001 -3.723484e+000 5.722366e-001 -7.368163e-001 -5.358598e+000 -2.064278e+000 -8.843806e-001 -1.272605e-001 -1.889732e+000 -1.848196e+000 -2.410478e+000 -2.834796e+000 -1.992955e+000 8.908407e-001 -7.754104e-001 -6.844336e-001 -8.942926e-001 -1.785386e+000 5.514566e-001 -7.413158e-001 6.016892e-002 7.206366e-001 -1.234818e+000 9.104184e-001 1.209965e+000 -1.694629e-001 -1.685570e-001 -3.182422e-001 -3.406201e-001 -9.703393e-001 -9.333290e-002 
2.164870e+001 1.632807e+001 -9.110120e+000 -7.692097e-001 -7.254715e+000 -7.442830e-001 -3.464629e+000 -3.076150e-001 -2.346162e-001 -5.437386e+000 -1.877331e+000 -3.238663e-001 1.586348e-001 -7.791713e-001 -1.678676e+000 -2.142488e+000 -2.593695e+000 -1.914535e+000 8.615408e-001 -2.468498e-001 -6.218062e-001 -7.527035e-001 -1.496744e+000 5.037572e-001 -8.377962e-001 2.716727e-001 3.791986e-001 -1.134799e+000 9.299893e-001 1.149900e+000 3.775147e-001 -2.730579e-002 5.121040e-002 -1.805357e-001 -6.265777e-001 -9.332479e-002 
2.098018e+001 1.647735e+001 -9.610221e+000 -9.565121e-001 -6.409952e+000 -7.099237e-001 -3.177583e+000 -4.156021e-001 -2.695593e-001 -4.607047e+000 -1.798432e+000 -4.991820e-001 1.406799e-001 -1.069257e+000 -1.216362e+000 -1.883378e+000 -2.425409e+000 -1.222863e+000 9.475988e-001 1.664988e-002 -4.767525e-001 -1.135569e+000 -1.665022e+000 9.011730e-001 -2.780397e-001 4.877747e-001 8.034968e-001 -1.063455e+000 7.043867e-001 1.078564e+000 4.152306e-001 1.665297e-001 6.025393e-002 -1.477791e-001 -5.816242e-001 -2.232596e-001 
2.716444e+001 1.199667e+001 -2.360173e+000 -1.822558e+000 -2.594100e+000 -7.539534e-001 1.226510e-001 2.602533e-001 1.527995e-001 -2.751747e+000 -2.142749e+000 -3.521770e-001 -6.105788e-001 -4.989558e-001 -5.668524e-001 -1.472531e+000 -1.673791e+000 -4.427244e-001 8.832608e-001 4.042821e-001 -7.928839e-001 -1.535422e+000 -1.067284e+000 -3.371739e-001 -5.200775e-001 2.293941e-002 1.512403e-001 -5.916497e-001 2.130222e-001 8.514333e-001 4.109732e-001 4.922704e-002 7.615760e-002 1.425342e-001 -1.210204e-001 -1.241818e-001 
1.657236e+001 1.559257e+001 -5.140917e-001 2.337747e+000 -5.839587e+000 8.942925e-001 -3.153898e+000 -3.167317e+000 1.022325e+000 -4.060201e+000 -2.856577e+000 -8.553997e-001 -1.653512e+000 -2.024975e+000 -6.964870e-001 -7.970313e-001 -2.856870e+000 -1.865211e+000 1.864894e-001 -9.487118e-001 -7.117234e-001 -1.678130e+000 -2.187376e+000 2.277515e-001 -5.257398e-001 -4.812859e-002 4.489561e-001 -1.594405e-001 7.416559e-002 -2.621805e-002 1.588583e-001 -6.919255e-002 3.371830e-001 -1.949822e-002 -3.717461e-001 -1.069245e-002 
1.456382e+001 1.606755e+001 -1.336748e+000 4.557262e+000 -5.369087e+000 1.359907e+000 -3.472773e+000 -3.427816e+000 6.008476e-001 -4.165465e+000 -2.990387e+000 -3.330056e-002 -1.273271e+000 -2.768564e+000 -2.732364e-001 -2.095975e+000 -2.708383e+000 -2.679490e-001 -6.391052e-001 -1.430113e+000 -8.986434e-001 -1.753965e+000 -1.560339e+000 4.430566e-001 -7.802415e-001 -3.382328e-001 7.650695e-001 -1.448737e-001 -4.227560e-001 2.022127e-001 2.546756e-001 -1.683708e-001 4.081237e-001 -2.196819e-001 -3.370035e-001 3.248087e-002 
1.436877e+001 1.570157e+001 -1.950611e+000 5.264764e+000 -5.849874e+000 7.880374e-001 -3.446369e+000 -2.985273e+000 3.405013e-001 -4.154631e+000 -2.836320e+000 -6.959710e-001 -1.581845e+000 -2.923087e+000 -6.009004e-001 -1.395627e+000 -2.469750e+000 -1.661671e+000 -1.332203e+000 -1.803576e+000 -7.875826e-001 -7.762924e-001 -4.609595e-001 1.203195e-001 -1.601245e+000 -9.481108e-001 -1.102747e-001 7.015622e-001 2.697106e-001 -2.336221e-002 -8.117035e-002 -5.264484e-001 5.785800e-001 -2.037099e-001 -3.294755e-001 -4.896123e-001 
1.402148e+001 1.826109e+001 -4.274842e+000 7.898221e+000 -7.475061e+000 2.959323e+000 -4.998878e+000 -2.148355e+000 4.409296e-001 -2.695164e+000 -3.087259e+000 -6.601275e-001 -8.548372e-001 -2.403946e+000 2.107426e-001 -2.613632e+000 -1.228281e+000 -2.003702e+000 -5.316468e-001 -2.149327e+000 -9.541517e-002 -4.436757e-001 -9.020342e-002 4.638749e-001 -1.823185e+000 -6.956764e-001 -4.336332e-001 4.356833e-001 3.871855e-001 7.674280e-001 6.767879e-002 -2.511985e-001 2.154955e-001 1.552665e-001 -3.530086e-001 -4.167937e-001 
1.642662e+001 1.475227e+001 -2.063072e+000 4.579388e+000 -5.886979e+000 5.293858e-001 -4.001878e+000 -3.452037e+000 1.678530e+000 -4.201500e+000 -3.387958e+000 -5.245521e-001 -1.432862e+000 -2.042732e+000 -1.783384e+000 -2.565713e+000 -2.586757e+000 -1.097165e+000 -2.423706e-001 -1.767710e+000 -1.206865e+000 -1.229619e+000 -7.439947e-001 -2.148571e-001 -1.414324e+000 2.139343e-001 4.161462e-001 -4.192676e-001 -2.710434e-001 6.747330e-001 -1.058133e-001 -8.135956e-001 3.857528e-001 -3.643048e-001 -1.330470e-001 6.052411e-002 
1.532326e+001 1.851258e+001 -4.997986e+000 7.442935e+000 -8.765950e+000 1.683138e+000 -4.994320e+000 -6.584751e-001 8.059769e-001 -3.757591e+000 -2.622223e+000 -1.742713e+000 -4.814677e-001 -2.016004e+000 -2.135265e+000 -2.215845e+000 -5.979195e-001 -1.103085e+000 3.314039e-001 -2.583322e+000 -7.042400e-001 -1.451424e+000 -8.754694e-001 -2.766484e-002 -9.876502e-001 1.820367e-001 9.551353e-001 -2.256585e-001 -3.082169e-001 5.696328e-001 3.695532e-003 -1.405099e-001 -3.440780e-001 -1.721292e-001 3.621068e-002 3.581659e-001 
1.761194e+001 1.862190e+001 -6.997173e+000 5.233892e+000 -9.822900e+000 6.743310e-001 -3.335469e+000 -1.122296e+000 -3.443573e-002 -3.149545e+000 -3.732267e+000 -1.690427e+000 -1.118505e+000 -2.916027e+000 -8.405140e-001 -2.292634e+000 -1.990169e+000 -1.300680e+000 -6.356182e-001 -1.989856e+000 -5.999532e-001 -1.979827e+000 -8.221723e-001 -7.599881e-001 -1.256756e+000 1.056717e-002 9.097191e-001 2.082897e-002 -5.988711e-001 2.793938e-001 -3.929303e-001 -1.533079e-001 2.060441e-001 1.206828e-001 -7.673825e-001 1.849290e-001 
1.863159e+001 1.992176e+001 -7.910558e+000 3.689259e+000 -9.393688e+000 5.473059e-001 -2.783042e+000 -1.605346e+000 -2.024205e-001 -3.470227e+000 -3.382936e+000 3.825896e-001 -5.431853e-001 -2.653653e+000 -1.063266e+000 -1.960849e+000 -1.333808e+000 -1.066419e+000 -4.936641e-001 -2.017828e+000 -6.606483e-001 -1.147828e+000 -3.252159e-001 -8.817711e-001 -1.444635e+000 1.337890e-001 7.102555e-001 4.388546e-002 -5.965017e-001 6.284429e-001 2.883971e-001 1.768379e-001 -2.220189e-002 3.550130e-002 -3.559293e-001 5.744496e-001 
1.992294e+001 2.032735e+001 -1.064808e+001 3.653238e+000 -1.028094e+001 6.881478e-001 -3.836928e+000 -2.502916e+000 5.900577e-001 -4.815646e+000 -2.227856e+000 3.941763e-002 -1.173784e+000 -2.162301e+000 -1.542411e+000 -1.881617e+000 -2.370040e+000 -1.611534e+000 -3.659832e-001 -2.266451e+000 -2.536375e-001 -1.332604e+000 -9.083952e-001 -1.485700e+000 -1.582611e+000 2.483306e-001 3.455971e-001 -1.680930e-001 -8.094620e-001 3.428161e-001 1.597834e-001 5.062238e-001 1.081548e-001 2.865059e-001 -5.697305e-001 2.717120e-001 
2.242422e+001 1.719684e+001 -1.028271e+001 -3.315007e-001 -7.193258e+000 -1.846950e+000 -3.802406e+000 -2.696903e+000 5.407914e-001 -5.672331e+000 -2.343046e+000 -1.349552e-001 -1.143433e+000 -1.732077e+000 -1.757141e+000 -1.856174e+000 -3.512571e+000 -1.835178e+000 -6.329760e-001 -1.404679e+000 -7.625717e-001 -9.932263e-001 -1.112858e+000 -1.438439e+000 -1.717887e+000 1.297600e-001 4.448387e-001 -9.672464e-001 -4.394774e-001 3.534059e-001 3.389360e-001 2.725918e-001 4.165096e-001 1.042061e-002 -6.147995e-001 2.668048e-001 
2.066224e+001 1.994350e+001 -1.155053e+001 1.171029e+000 -6.577930e+000 -3.241712e-001 -4.463922e+000 -5.551100e-001 -2.770418e-001 -4.447948e+000 -8.205213e-001 4.494501e-001 1.674555e-001 -1.504087e+000 -9.212302e-001 -1.609459e+000 -2.998462e+000 -1.759040e+000 1.281769e-001 -3.586096e-001 -1.629316e-001 -5.737709e-001 -4.772734e-001 -9.758388e-001 -1.324146e+000 3.951427e-001 7.086929e-001 -1.085510e+000 2.136308e-001 1.120066e+000 -7.805752e-002 8.902873e-001 5.320275e-001 2.325056e-002 -7.740442e-001 5.514906e-002 
2.332644e+001 1.585098e+001 -8.926941e+000 -2.571336e+000 -5.090263e+000 -1.464454e+000 -3.760756e+000 -1.413097e+000 4.378401e-001 -4.732699e+000 -1.376578e+000 5.247281e-001 -6.121680e-001 -1.156535e+000 -1.539675e+000 -2.160140e+000 -3.230147e+000 -1.570037e+000 1.348609e-001 -1.071358e-001 -3.438194e-001 -8.254699e-001 -5.836559e-001 -7.220262e-001 -9.050429e-001 5.809584e-001 2.163909e-001 -9.583617e-001 4.936365e-001 6.602688e-001 4.875293e-002 4.349418e-001 4.516751e-001 7.565549e-002 -7.194876e-001 -1.818925e-001 
2.016776e+001 1.929183e+001 -1.261645e+001 1.033984e+000 -7.940047e+000 1.791234e+000 -5.408742e+000 5.344226e-001 -1.901266e-001 -4.795744e+000 -9.228199e-001 3.408846e-001 -3.115682e-001 -1.561275e+000 -6.851599e-001 -3.175315e+000 -2.764519e+000 -1.847518e+000 8.322948e-001 -4.244875e-001 3.776960e-001 -1.267826e+000 -5.638970e-001 -2.290931e-001 -4.134990e-001 4.323350e-001 2.745907e-001 -6.021252e-001 8.995744e-002 1.240483e+000 5.271527e-002 2.800901e-001 3.777800e-003 2.581082e-001 -1.042511e+000 -2.099467e-001 
2.260108e+001 1.720954e+001 -9.076528e+000 -1.744474e+000 -5.338150e+000 -6.168216e-001 -3.495711e+000 -4.214754e-001 4.890394e-001 -4.998138e+000 -9.452933e-001 3.190121e-001 -5.271960e-001 -7.342984e-001 -1.123295e+000 -2.389350e+000 -3.029418e+000 -1.031083e+000 4.615151e-001 2.605209e-001 -3.189882e-002 -1.188361e+000 -9.148014e-001 2.259327e-001 -4.950943e-001 4.762012e-001 4.412731e-001 -9.613405e-001 4.830200e-001 1.176703e+000 4.009141e-001 7.977225e-002 1.530871e-001 5.293867e-002 -6.068888e-001 -3.378088e-001 
2.180531e+001 1.685210e+001 -9.366586e+000 -1.469522e+000 -6.497301e+000 -7.700943e-001 -3.482670e+000 -6.353139e-001 2.791265e-001 -5.675906e+000 -1.808594e+000 5.331144e-002 -5.597079e-001 -9.671766e-001 -1.907195e+000 -2.753514e+000 -3.239885e+000 -1.704733e+000 7.319337e-001 -5.656000e-002 -5.693485e-001 -1.020193e+000 -8.549210e-001 2.301381e-001 -6.562001e-001 3.138373e-001 2.856365e-001 -9.765970e-001 7.176421e-001 1.115350e+000 1.914343e-001 1.850684e-001 -1.915093e-001 -6.229749e-001 -6.655492e-001 -1.070209e-001 
1.996732e+001 1.964502e+001 -1.097542e+001 1.365577e+000 -8.085272e+000 1.106494e+000 -4.033691e+000 8.603392e-001 -1.847870e-001 -5.170657e+000 -1.972336e+000 3.208219e-001 1.419083e-001 -1.525991e+000 -1.404821e+000 -2.790114e+000 -2.893049e+000 -1.971987e+000 1.289913e+000 -4.743669e-001 -2.627599e-001 -8.088776e-001 -7.152992e-001 3.395941e-001 -7.646758e-001 2.723480e-001 3.461906e-001 -8.661613e-001 6.526788e-001 1.641238e+000 -1.055535e-001 1.743792e-001 -3.431135e-001 -3.232788e-001 -1.092798e+000 2.836790e-001 
2.246845e+001 1.498428e+001 -7.358588e+000 -2.350686e+000 -6.338135e+000 -1.703855e+000 -2.321362e+000 -2.183601e-001 3.670351e-001 -5.134219e+000 -2.151366e+000 -1.565093e-001 -6.465867e-001 -1.674040e+000 -2.470386e+000 -2.602317e+000 -3.548788e+000 -1.816146e+000 6.082692e-001 -3.278829e-001 -5.240160e-001 -7.989513e-001 -9.275982e-001 5.594148e-001 -4.845963e-001 1.460388e-001 3.857865e-001 -1.154986e+000 7.831976e-001 9.415024e-001 -1.315016e-001 -1.498958e-001 -3.201539e-001 -4.565306e-001 -7.982722e-001 1.644903e-001 
2.180989e+001 1.690177e+001 -8.658448e+000 1.040621e-001 -6.775880e+000 -1.651797e-001 -2.419129e+000 3.309587e-001 7.901779e-003 -5.115904e+000 -1.441924e+000 -3.048619e-001 1.600562e-001 -1.373544e+000 -1.994142e+000 -2.095118e+000 -3.046939e+000 -1.709651e+000 8.407355e-001 -3.196865e-001 -4.163165e-001 -4.757242e-001 -1.376511e+000 7.452536e-001 -6.057049e-001 5.348478e-002 8.443486e-001 -1.296626e+000 9.141508e-001 1.263443e+000 -2.812257e-002 -1.229626e-001 -2.477942e-001 -2.422955e-001 -9.054286e-001 -2.882986e-002 
2.215110e+001 1.699214e+001 -8.787859e+000 -2.825738e-001 -6.935950e+000 -4.286928e-001 -3.137738e+000 -1.768614e-002 -6.502052e-002 -5.475584e+000 -2.008850e+000 -4.209453e-001 6.851633e-002 -8.902092e-001 -1.653938e+000 -1.914892e+000 -2.340145e+000 -1.814148e+000 8.934467e-001 -3.195331e-001 -6.319494e-001 -8.242584e-001 -1.705841e+000 5.125421e-001 -6.953777e-001 3.736508e-001 4.900332e-001 -1.058015e+000 9.605201e-001 1.111710e+000 3.162160e-001 -1.083896e-001 6.731480e-003 -2.188265e-001 -6.439144e-001 -2.247669e-002 
2.120136e+001 1.760778e+001 -9.219279e+000 -2.610462e-001 -6.576522e+000 -4.051347e-001 -3.080260e+000 -2.080362e-001 -2.847317e-001 -4.679304e+000 -1.825912e+000 -4.914745e-001 3.154597e-001 -1.230584e+000 -1.368214e+000 -2.142259e+000 -2.715881e+000 -1.687703e+000 6.618402e-001 -2.408880e-001 -6.108692e-001 -1.151573e+000 -1.924605e+000 6.739780e-001 -5.895545e-001 2.628439e-001 6.393667e-001 -1.278042e+000 5.844009e-001 1.092210e+000 3.482302e-001 -8.849668e-002 -7.715198e-002 -1.370271e-001 -5.735580e-001 -2.959662e-001 
