3.164495e+000 1.681712e+001 -1.171937e+001 1.229414e+000 -2.974621e+000 5.376055e-001 -1.871129e+000 -2.806869e+000 1.923476e+000 -3.455195e+000 -2.290613e+000 -5.550541e-001 -1.246344e+000 -3.195104e+000 -2.782127e+000 -1.605196e+000 -4.076079e-001 4.434590e-001 -1.178716e+000 -1.689171e+000 -6.751024e-001 1.040907e+000 1.099760e+000 3.927142e-001 1.211582e+000 1.875485e+000 1.733804e+000 1.056142e+000 -4.097913e-001 -1.109456e+000 -2.210902e-001 -6.669375e-001 -2.564345e-001 3.477810e-001 -3.025520e-001 5.234591e-001 
2.761622e+000 1.656808e+001 -1.104264e+001 4.353660e-001 -3.421036e+000 -2.660249e-001 -1.435182e+000 -2.407700e+000 1.070584e+000 -4.126679e+000 -2.047737e+000 -5.185753e-001 -2.181316e+000 -3.755963e+000 -2.023258e+000 -2.365668e+000 -1.290230e+000 9.612906e-001 -1.325899e+000 -2.100149e+000 -6.720500e-001 -2.682055e-001 -2.816828e-001 4.208090e-002 1.311637e+000 7.844262e-001 7.511691e-001 1.124291e+000 -7.032533e-001 -1.076106e+000 -2.528301e-001 -5.656781e-001 -3.892797e-001 2.175043e-001 -6.296210e-002 -4.599778e-001 
1.654154e+000 1.652195e+001 -1.226981e+001 1.595061e+000 -4.215837e+000 2.839965e-002 -2.138582e+000 -2.419284e+000 9.992698e-001 -5.067546e+000 -2.566020e+000 -6.521905e-001 -7.023113e-001 -2.450289e+000 -1.773249e+000 -3.284976e+000 -1.849541e+000 -1.117394e-001 -5.309719e-001 -1.996553e+000 -1.190922e+000 -7.811554e-001 2.379298e-001 -4.333196e-001 -3.789799e-001 1.132953e+000 4.173664e-001 5.500837e-001 -6.000727e-001 -4.091335e-001 -3.665591e-002 -7.511518e-001 -4.336618e-001 1.411689e-001 6.741535e-002 4.447932e-001 
1.531071e+000 1.717057e+001 -1.257664e+001 1.315219e+000 -3.614802e+000 5.299764e-001 -2.925661e+000 -3.712161e+000 2.693198e+000 -3.087048e+000 -1.723240e+000 -1.721995e+000 -1.249228e+000 -1.326396e+000 -1.096997e+000 -2.835901e+000 -1.386001e+000 5.945605e-001 -9.990303e-001 -1.892336e+000 -1.300307e+000 -4.926816e-002 9.720817e-001 -5.381310e-001 -1.118173e+000 1.113584e+000 1.225956e+000 1.026596e+000 -4.945955e-001 -3.882130e-001 -2.610413e-001 -7.612294e-001 2.066979e-002 4.259795e-001 2.045058e-001 5.387287e-001 
2.963097e+000 1.545531e+001 -1.296442e+001 -1.252640e+000 -4.196817e+000 -6.947019e-001 -2.340059e+000 -3.254431e+000 1.960147e+000 -2.460702e+000 -1.958180e+000 -1.236988e+000 -2.188769e+000 -2.551815e+000 -1.789818e+000 -1.658928e+000 -4.571748e-001 6.821903e-001 -1.262760e+000 -2.612151e+000 -1.874807e+000 7.712719e-001 7.367037e-001 -1.034644e+000 -3.974581e-001 5.663601e-001 1.614420e+000 1.349648e+000 -3.613071e-001 -7.667279e-001 -2.786917e-001 -6.229824e-001 -3.885010e-001 5.606766e-001 2.409149e-001 4.934584e-001 
2.850077e+000 1.693058e+001 -1.608415e+001 4.130678e-001 -4.724312e+000 -6.270275e-001 -1.637793e+000 -3.760752e+000 2.487462e+000 -3.044134e+000 -1.219761e+000 -1.193978e+000 -1.701231e+000 -3.567465e+000 -1.022226e+000 -5.999502e-001 -8.008264e-001 1.675659e+000 -1.672684e-001 -1.161212e+000 -4.660133e-001 1.300525e+000 1.209700e+000 4.354820e-001 5.790565e-001 1.040802e+000 2.334496e+000 1.791477e+000 2.319673e-001 -4.724590e-001 6.615158e-002 -7.372371e-001 -4.829186e-001 1.589480e-001 -7.408580e-002 -9.777196e-002 
3.365567e+000 1.390702e+001 -1.344800e+001 -1.013126e+000 -4.445837e+000 -1.063928e-001 -1.360652e+000 -4.056225e+000 1.789718e+000 -2.999112e+000 -2.304423e+000 -8.390342e-001 -3.049933e+000 -2.474762e+000 -1.240434e+000 -1.147981e+000 -9.024034e-001 1.076323e+000 8.387978e-001 -3.661876e-001 3.619863e-001 1.018464e+000 1.565514e+000 4.780803e-001 3.675995e-001 1.361807e+000 2.044281e+000 1.884834e+000 -2.822042e-001 8.278939e-002 3.939728e-001 -9.321679e-001 -2.850042e-001 3.665034e-001 2.339945e-001 7.491195e-002 
4.165371e+000 1.412025e+001 -1.565444e+001 7.108225e-001 -4.619606e+000 1.044340e+000 -9.388591e-001 -5.099495e+000 1.242218e+000 -3.897339e+000 -3.190043e+000 -1.731288e+000 -1.977781e+000 -1.921767e+000 -5.731825e-001 -1.283750e+000 -6.777523e-001 1.741824e+000 7.934871e-001 -4.903844e-002 1.992274e-001 5.813785e-001 1.636666e+000 3.553357e-002 -8.509115e-002 3.312002e-001 3.723189e-001 4.276875e-001 -6.681023e-001 -6.619127e-001 1.274322e-001 -4.294312e-001 -1.406559e-001 8.019308e-001 1.028084e+000 4.269906e-001 
8.802431e+000 1.434937e+001 -1.689053e+001 5.546781e-001 -6.411196e+000 -1.100024e+000 -1.323465e+000 -5.470613e+000 -1.592513e-001 -2.890754e+000 -2.593061e+000 -1.339575e+000 -1.799086e+000 -1.899997e+000 -3.970144e-001 -1.554369e+000 -1.328630e+000 1.025524e+000 1.086558e+000 1.272602e+000 -7.399206e-002 4.878758e-001 2.775550e+000 1.049064e+000 -4.237786e-001 5.481007e-001 3.178940e-001 1.751330e-001 1.025105e-001 -3.984541e-001 3.546010e-001 1.774364e-001 -2.954453e-001 4.210834e-001 6.781888e-001 9.785400e-001 
1.137560e+001 1.518283e+001 -1.805605e+001 2.383500e-001 -9.374801e+000 -1.013643e+000 -1.766996e+000 -5.475832e+000 -3.391105e-001 -9.955064e-001 -2.040037e+000 -1.129199e+000 -1.433294e+000 -1.328272e+000 -5.225179e-001 -2.597558e+000 -7.433984e-002 -2.341080e-002 2.111620e+000 8.719268e-001 4.800040e-001 1.685322e+000 2.491804e+000 1.403135e+000 -3.314711e-001 1.749029e-001 -1.660901e-001 -6.282491e-001 -9.045879e-001 5.963048e-001 4.936535e-001 5.939949e-001 5.659314e-001 4.738839e-001 1.986206e-001 9.733313e-001 
1.406868e+001 1.416035e+001 -1.904591e+001 -1.158851e+000 -8.004040e+000 -1.628192e+000 -7.278689e-001 -5.423463e+000 -2.625726e-001 -9.194868e-001 -2.197805e+000 -8.402030e-001 -6.716543e-001 -1.023462e+000 -1.183377e+000 -1.931975e+000 2.302234e-001 5.830438e-001 1.643363e+000 9.898852e-001 7.549927e-001 2.320442e+000 1.984217e+000 1.389823e+000 -2.044418e-001 -1.162061e-001 2.130785e-002 -1.392608e+000 -8.795932e-001 2.728607e-001 5.563377e-001 5.251164e-001 6.224099e-001 3.513737e-001 -1.448095e-002 3.848238e-001 
1.649322e+001 1.297253e+001 -1.537708e+001 -4.060469e+000 -4.950438e+000 -1.217298e+000 -3.805218e-001 -4.082189e+000 3.348361e-001 -9.982727e-001 -2.176795e+000 4.304273e-001 -2.689533e-001 -9.162478e-001 -1.878571e+000 -1.317122e+000 6.662221e-001 6.584132e-001 1.424915e+000 1.139356e+000 1.179440e+000 2.451773e+000 1.946501e+000 5.509139e-001 -7.664215e-001 -8.594237e-001 -1.097876e+000 -1.873629e+000 -1.022945e+000 -3.193160e-001 2.510355e-001 1.173755e+000 7.461681e-001 -1.900115e-001 -1.302318e-001 1.478573e-002 
1.509277e+001 1.341674e+001 -1.815623e+001 -3.677685e+000 -6.883978e+000 -2.032401e+000 -9.234702e-001 -4.753514e+000 1.764995e-001 -1.190184e+000 -1.999403e+000 5.978034e-001 1.211207e-001 -1.207328e+000 -1.963605e+000 -3.586208e-001 8.884099e-001 4.583949e-001 1.662187e+000 1.939815e+000 1.800448e+000 2.288014e+000 2.515829e+000 6.801846e-001 -1.003081e+000 -2.144144e-001 -1.072564e+000 -2.080888e+000 -6.719199e-001 -1.019779e-001 3.380058e-001 1.302288e+000 1.125998e+000 1.511704e-001 -5.619309e-001 -4.630289e-001 
1.744136e+001 1.217438e+001 -1.535456e+001 -3.477194e+000 -5.458744e+000 -1.700143e+000 9.429812e-002 -4.303178e+000 1.793437e-001 -2.205376e-001 -1.953460e+000 8.168353e-001 4.075180e-001 -1.072347e+000 -1.719743e+000 -6.326225e-001 8.267636e-001 2.786123e-001 1.048369e+000 1.639697e+000 1.442059e+000 1.882841e+000 2.066828e+000 3.924286e-001 -1.118446e+000 -2.956010e-001 -9.140022e-001 -2.110432e+000 -6.831129e-001 -5.478456e-003 1.974111e-001 1.216248e+000 1.017431e+000 -1.948176e-002 -8.170231e-001 -5.935547e-001 
1.570970e+001 1.257240e+001 -1.756868e+001 -2.987153e+000 -7.545980e+000 -2.056893e+000 -1.067025e+000 -5.366802e+000 -1.201847e+000 -1.187605e+000 -2.796115e+000 -2.939665e-001 -3.631890e-001 -1.810134e+000 -2.040250e+000 -1.350852e+000 2.562688e-001 2.867577e-001 1.019786e+000 1.256438e+000 1.980997e+000 2.399302e+000 2.286707e+000 9.570527e-001 -4.870037e-001 3.101524e-002 -5.224547e-001 -1.727436e+000 -4.309700e-001 7.726172e-001 6.755715e-001 1.670637e+000 1.305293e+000 1.143932e-001 -6.746612e-001 -1.478258e-001 
1.669459e+001 1.255494e+001 -1.591975e+001 -3.280302e+000 -5.713593e+000 -1.329440e+000 -1.208405e-001 -4.363093e+000 4.101990e-002 -3.525177e-001 -1.571259e+000 4.054464e-001 4.386145e-001 -8.432983e-001 -1.378379e+000 -9.467656e-001 5.482375e-001 1.235874e+000 1.108656e+000 8.732299e-001 1.394803e+000 2.405431e+000 1.813302e+000 3.195035e-001 -6.562860e-001 -4.583712e-001 -1.072681e+000 -2.230500e+000 -1.130241e+000 -1.697113e-001 3.921156e-002 1.048630e+000 8.522077e-001 -5.560332e-001 -5.379150e-001 2.892421e-001 
1.414553e+001 1.525777e+001 -1.755436e+001 -3.511766e+000 -7.231001e+000 -1.145520e+000 -8.349476e-001 -4.357713e+000 -9.354618e-001 -8.012540e-001 -2.463867e+000 -1.498151e+000 -2.645421e-001 -1.644165e+000 -1.821527e+000 -1.529777e+000 1.054821e-001 1.255760e+000 1.457369e+000 1.171734e-001 1.646907e+000 2.712757e+000 1.766611e+000 1.356269e+000 -6.655933e-002 6.434289e-001 -4.523832e-001 -1.655989e+000 -3.292388e-001 4.155456e-002 6.115902e-001 1.437137e+000 1.034787e+000 -1.572022e-001 2.102040e-001 7.656811e-001 
1.478079e+001 1.404249e+001 -1.619748e+001 -4.325927e+000 -5.873085e+000 -7.475982e-001 5.192893e-001 -4.524694e+000 -2.438290e-001 -1.816939e-002 -2.247976e+000 -1.003977e+000 -3.345670e-001 -8.061022e-001 -1.414575e+000 -1.506037e+000 5.255221e-002 1.356755e+000 1.183945e+000 3.226127e-001 1.061746e+000 2.109686e+000 1.873805e+000 9.091665e-001 -2.446350e-002 3.939455e-002 -4.992207e-001 -1.428608e+000 -9.043343e-001 -3.398234e-002 1.830273e-001 6.795009e-001 8.330574e-001 5.059713e-002 3.555267e-001 9.321537e-001 
1.533348e+001 1.192832e+001 -1.558086e+001 -5.127679e+000 -5.750828e+000 -6.338417e-001 -5.696200e-001 -4.996927e+000 2.434440e-001 -1.520742e+000 -3.123344e+000 -2.648751e-001 -1.270802e+000 -1.254764e+000 -7.011136e-001 -1.105777e+000 -1.527507e-002 9.201358e-001 1.489126e+000 7.131951e-001 8.259143e-001 2.239408e+000 1.693051e+000 1.188209e+000 1.286749e+000 1.555948e-001 -4.672499e-001 -5.089306e-001 -5.103023e-001 7.896173e-002 1.458111e-001 3.163826e-001 9.104636e-001 5.184744e-001 3.979774e-001 8.692031e-001 
1.355116e+001 1.529400e+001 -1.690661e+001 -3.011204e+000 -7.267616e+000 6.494990e-002 -9.926475e-001 -5.180034e+000 3.225558e-001 -2.280683e+000 -2.602001e+000 -8.036193e-001 -1.769555e+000 -1.730174e+000 -1.110132e+000 -1.655524e+000 -1.443997e-001 8.954084e-001 1.281169e+000 8.019050e-001 8.828216e-001 2.198672e+000 1.431980e+000 9.108061e-001 1.421982e+000 -4.358914e-001 -1.108960e+000 -2.675234e-001 -7.136087e-001 -2.217736e-002 2.930183e-001 4.569669e-001 1.051370e+000 4.446356e-001 5.413934e-001 8.197337e-001 
1.633513e+001 1.635414e+001 -1.064915e+001 -4.623829e-001 -2.770477e+000 2.738626e+000 2.610879e-001 -3.418317e+000 2.168955e+000 -1.126337e+000 -1.858733e+000 5.930106e-001 -1.302037e+000 -1.997580e+000 -1.126171e+000 -1.217043e+000 -3.587122e-001 6.399630e-001 2.264336e-001 -4.658940e-001 -1.323990e-001 1.294250e+000 9.075191e-001 7.188766e-001 1.334376e+000 -5.447024e-001 -4.854169e-001 1.808855e-001 -7.941260e-001 -3.688756e-002 9.855318e-003 -1.807746e-001 2.675607e-001 -4.641339e-002 2.809480e-001 5.662975e-001 
3.378681e+000 1.729881e+001 -1.054454e+001 8.907458e-001 -3.468032e+000 5.572555e-001 -2.296068e+000 -3.542001e+000 2.442827e+000 -2.177589e+000 -2.467157e+000 -1.715404e+000 -1.660143e+000 -2.535521e+000 -2.168830e+000 -1.788165e+000 -8.119582e-001 5.522050e-001 -1.553738e-001 -1.259411e+000 -1.016990e+000 2.795963e-001 9.956620e-001 6.730515e-001 1.539609e+000 1.776439e+000 1.198543e+000 9.247575e-001 -5.359593e-002 -7.644493e-001 -1.591507e-001 -6.869859e-001 -1.469985e-001 4.427600e-001 -3.596381e-001 4.605856e-001 
1.937197e+000 1.716237e+001 -1.031264e+001 1.718371e+000 -3.915114e+000 -9.702743e-001 -2.536200e+000 -3.343941e+000 1.820640e+000 -2.559531e+000 -1.721560e+000 -1.411482e+000 -2.027527e+000 -3.789583e+000 -2.517277e+000 -2.466786e+000 -1.403193e+000 9.600266e-001 -8.332045e-001 -1.904577e+000 -1.610409e+000 -1.150089e-001 8.497873e-001 2.360282e-001 6.290276e-001 6.173810e-001 8.216933e-001 1.130686e+000 -6.040443e-001 -1.287198e+000 -4.012384e-001 -2.913346e-001 -2.497583e-001 1.159446e-001 -1.089003e-001 -4.135625e-001 
2.471885e+000 1.551920e+001 -1.036937e+001 3.562853e-002 -4.265061e+000 9.057314e-002 -1.870503e+000 -3.523813e+000 7.980176e-001 -3.723513e+000 -2.895902e+000 -3.112188e-001 -1.609932e+000 -3.177160e+000 -2.267778e+000 -2.158026e+000 -1.630741e+000 3.617462e-001 -7.875252e-001 -2.472357e+000 -1.413257e+000 -5.500875e-001 -1.551236e-002 -8.037791e-001 -4.586671e-001 9.857447e-001 1.066866e+000 7.556340e-001 -6.967956e-001 -7.998696e-001 -2.290257e-001 -7.097564e-001 7.138613e-002 1.188052e-001 -3.793662e-001 1.124567e-001 
2.921706e+000 1.541292e+001 -1.213122e+001 1.169002e+000 -2.929890e+000 1.793404e+000 -2.224103e+000 -4.236152e+000 9.360504e-001 -3.769007e+000 -2.138385e+000 -9.778968e-001 -8.541961e-001 -1.147258e+000 -1.481170e+000 -3.665284e+000 -2.203005e+000 1.646745e+000 -7.552893e-001 -2.440946e+000 -4.901232e-001 -7.559221e-002 2.040978e-002 -4.658441e-001 -5.153543e-001 2.089161e-001 1.099427e+000 1.304103e+000 -6.900203e-001 -5.650955e-001 5.015932e-001 -4.841583e-001 -4.053912e-001 3.556048e-001 -3.138223e-001 -4.006489e-001 
1.249898e+000 1.642437e+001 -1.310746e+001 1.792491e+000 -4.197305e+000 1.985239e-001 -2.184795e+000 -3.463751e+000 1.719047e+000 -4.328016e+000 -1.358065e+000 -1.909648e+000 -5.528607e-001 -2.134341e+000 -1.039288e+000 -2.605966e+000 -2.321252e+000 9.837802e-001 -8.813197e-001 -1.499474e+000 -1.529567e+000 5.882661e-001 1.706756e-001 -8.266706e-001 -1.343846e-002 2.187426e-001 1.545353e+000 9.560204e-001 -4.569100e-001 -4.002359e-001 2.706298e-001 -4.720496e-001 -5.181783e-001 3.140640e-001 -2.013107e-001 1.897531e-001 
1.311080e+000 1.644011e+001 -1.438761e+001 2.093161e+000 -4.269320e+000 -5.792086e-001 -1.195898e+000 -3.496992e+000 2.324953e+000 -4.209768e+000 -1.568353e+000 -5.083406e-001 8.989048e-002 -2.796412e+000 -1.333711e+000 -1.893481e+000 -2.080797e+000 1.225067e+000 4.152651e-001 -5.621288e-001 -8.995175e-001 9.316648e-001 9.802539e-001 3.900688e-001 6.961891e-001 1.099738e+000 1.790309e+000 9.289584e-001 1.777774e-001 -1.043619e-001 3.787588e-001 -6.309241e-001 -5.531391e-001 -2.478770e-001 -4.635013e-001 -1.907447e-001 
1.978839e+000 1.446417e+001 -1.483615e+001 -2.346835e-001 -4.485760e+000 -4.387181e-002 -2.070309e+000 -4.942672e+000 2.645000e+000 -2.634338e+000 -1.348589e+000 1.141880e-001 -1.445234e+000 -2.063640e+000 -1.589894e+000 -9.916980e-001 -8.159672e-001 1.348677e+000 7.448422e-001 -5.916261e-001 2.148385e-001 9.861134e-001 1.841055e+000 6.335352e-001 8.752694e-001 1.733967e+000 1.863227e+000 1.515545e+000 -4.526242e-001 7.930305e-002 4.332850e-001 -7.446796e-001 -4.421737e-002 1.887750e-001 -1.498751e-001 -2.862369e-001 
5.945995e+000 1.272177e+001 -1.472946e+001 -1.002122e+000 -4.392904e+000 -2.808866e-001 -1.679755e+000 -5.182396e+000 1.329458e+000 -2.144516e+000 -2.946334e+000 -1.327630e+000 -2.209054e+000 -1.888825e+000 -1.351728e+000 -1.288998e+000 -3.142748e-002 1.528791e+000 6.098491e-001 -1.671345e-001 1.931282e-001 7.510684e-001 1.580562e+000 6.732500e-002 -7.031800e-003 8.007654e-001 4.683868e-001 2.758833e-001 -7.135050e-001 -6.099411e-001 4.079852e-002 -3.744524e-001 1.016793e-001 9.346198e-001 1.147544e+000 5.732685e-001 
8.812963e+000 1.545573e+001 -1.864221e+001 1.086261e+000 -6.116123e+000 -6.929372e-001 -1.761424e+000 -5.045265e+000 1.641336e+000 -2.800259e+000 -2.638103e+000 -1.993508e+000 -8.278491e-001 -2.133899e+000 -6.035568e-001 -1.764276e+000 -2.836660e-001 1.625050e+000 6.900442e-001 1.138521e+000 1.899186e-001 5.455343e-001 2.171100e+000 7.997332e-001 -2.376112e-002 7.007568e-001 8.364174e-002 -5.608816e-002 9.135126e-002 -6.663798e-001 4.132742e-002 -9.086159e-002 -1.024802e-001 7.536175e-001 8.519098e-001 8.895211e-001 
1.487677e+001 1.226762e+001 -1.525235e+001 -1.965016e+000 -6.478542e+000 -2.754378e+000 -1.588588e+000 -5.720896e+000 -3.107184e-002 -1.372849e+000 -2.759333e+000 -5.318008e-001 -1.657963e+000 -9.547994e-001 -1.097459e+000 -2.008378e+000 -3.012265e-001 5.594826e-001 1.475765e+000 1.123782e+000 6.035967e-001 1.886843e+000 2.388567e+000 1.314318e+000 7.863458e-002 7.374946e-002 7.414940e-002 -5.897478e-001 -4.436484e-001 3.440065e-001 4.621978e-001 3.654353e-001 6.822131e-001 3.873067e-001 3.222781e-001 8.401053e-001 
1.386379e+001 1.581601e+001 -2.004064e+001 9.775595e-002 -8.566684e+000 -1.015134e+000 -1.550467e+000 -5.090085e+000 -2.061596e-001 -8.993866e-001 -2.259083e+000 -9.173886e-001 -4.042687e-001 -1.477819e+000 -1.126354e+000 -2.263868e+000 5.775895e-001 3.285448e-001 1.794597e+000 7.816124e-001 9.056249e-001 2.205309e+000 2.004948e+000 1.501978e+000 -5.647075e-002 8.351988e-002 5.412154e-002 -1.080923e+000 -8.205178e-001 4.582592e-001 4.978249e-001 6.274707e-001 6.680659e-001 5.498843e-001 -9.839620e-003 4.748620e-001 
1.442060e+001 1.501932e+001 -1.788817e+001 -2.626581e+000 -6.374469e+000 -1.061447e+000 -1.096061e+000 -4.731327e+000 1.067224e-001 -1.343971e+000 -2.457231e+000 -5.240957e-002 -6.794198e-001 -1.177956e+000 -2.221483e+000 -1.694491e+000 7.075579e-001 5.811316e-001 1.584248e+000 9.957953e-001 1.179228e+000 2.568911e+000 1.947792e+000 8.264227e-001 -5.600444e-001 -5.114402e-001 -8.014289e-001 -1.711867e+000 -8.249020e-001 -1.713780e-001 6.056358e-001 1.367895e+000 1.033813e+000 -9.818398e-002 -7.402502e-004 5.431185e-002 
1.457926e+001 1.641555e+001 -1.918982e+001 -8.391187e-001 -6.958904e+000 -6.666585e-001 -1.024714e+000 -3.493625e+000 1.403109e-001 -9.978860e-001 -1.356959e+000 1.041189e+000 1.353284e-001 -8.996284e-001 -1.592805e+000 -7.196697e-001 5.816908e-001 3.286191e-001 1.339021e+000 1.231685e+000 1.649420e+000 2.077962e+000 2.083895e+000 3.353255e-001 -1.098813e+000 -5.942441e-001 -1.497523e+000 -2.172984e+000 -7.657521e-001 -2.986761e-001 3.440464e-001 1.307204e+000 8.843624e-001 -9.421968e-002 -7.356854e-001 -5.932670e-001 
1.513228e+001 1.465077e+001 -1.884699e+001 -1.437088e+000 -7.327924e+000 -1.794145e+000 -1.313414e+000 -4.819605e+000 -1.124236e+000 -1.704919e+000 -2.371781e+000 3.586187e-001 -3.011304e-001 -1.304165e+000 -1.684427e+000 -1.414440e+000 4.949478e-001 6.336595e-003 1.185798e+000 1.268726e+000 2.042037e+000 2.450125e+000 2.307675e+000 6.377609e-001 -7.762844e-001 -1.800730e-001 -9.935540e-001 -1.727059e+000 -2.708038e-001 4.140827e-001 5.882710e-001 1.773954e+000 1.002101e+000 -6.023514e-004 -9.994632e-001 -6.352270e-001 
1.550377e+001 1.536368e+001 -1.788681e+001 -9.563973e-001 -7.796615e+000 -9.927641e-002 -8.322709e-001 -4.127980e+000 -7.389320e-001 -5.660436e-002 -2.214438e+000 5.154378e-001 5.371036e-001 -1.283768e+000 -1.530548e+000 -1.096466e+000 9.266943e-001 2.185984e-001 1.325599e+000 1.013522e+000 1.985853e+000 1.878528e+000 2.162876e+000 5.117666e-001 -1.090878e+000 -5.383976e-001 -1.040513e+000 -2.149467e+000 -1.109648e+000 3.882177e-001 9.108152e-002 1.360426e+000 7.564643e-001 1.102112e-002 -9.794920e-001 -3.021796e-001 
1.346191e+001 1.643138e+001 -1.973088e+001 -8.418624e-001 -9.130942e+000 -2.573889e-002 -1.719710e+000 -4.609866e+000 -9.087871e-002 -9.482768e-001 -1.700008e+000 -1.171632e+000 9.129614e-001 -2.182299e+000 -1.344528e+000 -1.533869e+000 1.021776e+000 8.881230e-001 1.358661e+000 1.671633e+000 1.569229e+000 2.915122e+000 1.992364e+000 1.060217e+000 -8.480476e-001 -6.321712e-002 -9.131798e-001 -2.059660e+000 -1.079894e+000 1.470109e-001 5.359178e-001 1.247766e+000 1.345170e+000 -1.842450e-001 -1.895586e-001 3.052674e-001 
1.353522e+001 1.661502e+001 -1.897350e+001 -2.571012e+000 -8.638423e+000 -8.537990e-001 -1.791501e+000 -4.265459e+000 -7.726829e-001 -7.681908e-001 -2.211792e+000 -1.165127e+000 2.787921e-001 -1.685717e+000 -1.171879e+000 -1.483170e+000 8.196152e-001 1.087713e+000 1.859743e+000 3.788667e-001 1.879012e+000 2.747824e+000 1.788771e+000 1.398854e+000 -2.283767e-001 5.887041e-001 -6.180445e-001 -1.633673e+000 -5.666107e-001 -4.719620e-002 5.781035e-001 1.287371e+000 8.725489e-001 -3.461807e-001 6.047579e-002 7.226098e-001 
1.320923e+001 1.623479e+001 -1.947066e+001 -2.084807e+000 -7.699668e+000 -2.518652e-001 -1.099220e+000 -4.709797e+000 -6.462847e-001 -1.729630e+000 -2.845791e+000 -1.421386e+000 -6.759738e-001 -1.656324e+000 -1.116926e+000 -1.775569e+000 6.130063e-001 1.025113e+000 1.877069e+000 8.263242e-001 1.266415e+000 2.466809e+000 2.262388e+000 1.126451e+000 3.969799e-001 3.430984e-001 -1.792142e-001 -8.801429e-001 -5.031642e-001 1.423374e-001 4.100239e-001 1.058846e+000 1.250360e+000 4.655715e-002 5.295129e-001 1.258196e+000 
1.286067e+001 1.637339e+001 -1.909564e+001 -1.544961e+000 -7.834409e+000 6.078051e-001 -9.909760e-001 -4.224843e+000 6.298027e-002 -1.982399e+000 -2.205225e+000 -5.497350e-001 -1.052327e+000 -1.660395e+000 1.154253e-001 -1.649141e+000 3.268757e-001 6.023011e-001 2.068781e+000 4.918078e-001 1.082979e+000 1.889374e+000 1.538816e+000 1.133009e+000 7.490248e-001 -3.471493e-001 -8.725283e-001 -3.750545e-001 -1.061204e+000 -2.236461e-001 -1.188241e-002 5.276086e-001 6.753909e-001 3.218824e-001 3.816558e-001 9.701915e-001 
1.335483e+001 1.491604e+001 -1.754484e+001 -3.031971e+000 -7.371222e+000 -4.798802e-001 -1.250020e+000 -4.660362e+000 3.644031e-001 -2.768794e+000 -2.758088e+000 -8.140313e-001 -2.281507e+000 -2.179731e+000 -7.407407e-001 -9.854582e-001 -8.515262e-002 8.010666e-001 1.509961e+000 9.572239e-001 6.882491e-001 1.952636e+000 1.753409e+000 1.522363e+000 1.738632e+000 -3.216474e-001 -7.263993e-001 1.156342e-001 -6.498429e-001 -1.630152e-001 5.866498e-001 8.110926e-001 1.052341e+000 3.673215e-001 6.135978e-001 9.910350e-001 
