6.020632e+000 1.481972e+001 -3.621677e+000 4.130681e+000 -8.193962e-001 1.105350e+000 -2.336782e+000 1.873902e+000 1.359254e+000 -1.712529e+000 -1.010472e+000 -7.776031e-001 -1.135941e-001 -4.996675e-001 4.906225e-001 -1.821652e-001 -4.742889e-001 -2.618307e-001 8.698841e-001 -2.879131e-001 3.985417e-001 2.482684e-001 -8.071879e-002 2.257997e-001 
9.446053e+000 1.370806e+001 -4.323813e+000 5.592176e+000 -1.737184e+000 -6.604775e-002 -4.933869e+000 1.189316e+000 2.140850e+000 -1.861409e+000 -7.810162e-001 9.412463e-002 8.461013e-002 -8.344376e-001 7.029389e-001 3.073150e-001 -5.225209e-001 -3.492979e-001 1.125654e+000 -6.540833e-001 -5.329360e-001 -3.956415e-001 -1.413660e-001 2.407645e-002 
8.404761e+000 1.626535e+001 -5.387419e+000 4.377105e+000 -1.571205e+000 6.719080e-001 -4.393124e+000 2.638722e+000 1.759439e+000 -2.842196e+000 -1.084549e+000 5.793813e-001 8.357668e-001 -1.362996e+000 1.484423e+000 1.370252e-001 -6.659428e-001 -4.995719e-001 9.449809e-001 -4.234372e-001 1.027663e-001 -7.890304e-001 -8.048396e-001 -2.086512e-001 
6.472625e+000 1.526397e+001 -3.606033e+000 3.442390e+000 -1.455700e+000 9.352003e-001 -2.947161e+000 2.552490e+000 1.916260e+000 -2.700669e+000 -1.352484e+000 -4.632525e-002 2.413353e-001 -1.005786e+000 7.617648e-001 -3.094801e-001 -1.180438e+000 1.443260e-001 9.281065e-001 2.828945e-001 5.702681e-001 -4.080601e-001 -2.899049e-001 6.451084e-001 
8.055722e+000 1.550596e+001 -3.965174e+000 4.349163e+000 -1.282656e+000 7.860458e-001 -4.321736e+000 1.107987e+000 1.766053e+000 -3.039286e+000 -1.553957e+000 2.097333e-001 -4.012741e-001 -1.010428e+000 5.697320e-001 -1.746780e-001 -1.305554e+000 5.979998e-001 1.618122e+000 6.003056e-001 4.871026e-001 -4.651290e-001 -2.090285e-001 1.997385e-001 
7.733929e+000 1.618982e+001 -2.984137e+000 3.756280e+000 -1.981173e-001 -2.322397e-001 -4.196190e+000 1.573960e+000 1.180620e+000 -2.450510e+000 -1.936084e+000 -7.452504e-001 -2.422213e-002 -1.122248e+000 4.710308e-001 5.581122e-002 -1.243224e+000 3.344887e-001 1.389763e+000 6.094892e-001 2.705064e-001 4.880587e-002 -6.297487e-001 5.005397e-002 
7.057091e+000 1.443572e+001 -2.582621e+000 4.674858e+000 -1.042465e+000 3.556117e-001 -3.774402e+000 2.272409e+000 1.556556e+000 -1.457695e+000 -1.688074e+000 -9.530668e-001 -8.296353e-002 -1.420838e+000 2.564677e-001 3.993334e-001 -1.196659e+000 2.440905e-001 9.651370e-001 9.428296e-001 -5.908672e-002 5.449490e-001 -4.272906e-002 -6.131661e-002 
4.568488e+000 1.267946e+001 -3.332342e+000 3.989048e+000 -5.266370e-001 1.362228e+000 -2.586904e+000 2.440840e+000 2.713734e+000 -1.140837e+000 -1.637452e+000 -4.028654e-001 -6.041625e-001 -9.647151e-001 5.481957e-001 4.051637e-001 -1.086210e+000 5.639842e-002 7.217570e-001 -3.265631e-001 5.090806e-002 3.576596e-001 6.486867e-002 3.203037e-001 
2.781218e+000 1.538698e+001 -3.270078e+000 3.146551e+000 -1.058924e+000 8.674758e-001 -2.474074e+000 2.261217e+000 2.536242e+000 -3.091026e+000 -2.386967e-001 -2.212663e-001 -1.227874e+000 -4.859850e-001 2.286152e-001 5.350332e-001 -5.990754e-001 3.151865e-001 4.052676e-001 -4.569946e-001 8.159146e-001 -3.182899e-002 5.699379e-001 8.975261e-001 
1.196653e+000 1.709909e+001 -3.906921e+000 4.659353e+000 -8.315842e-001 1.055612e+000 -2.742975e+000 1.220587e+000 3.277398e+000 -4.221560e+000 9.189940e-001 -7.031953e-001 3.539766e-001 -1.254279e+000 2.167021e-001 2.475770e-001 -1.563723e+000 3.323233e-001 2.850354e-001 6.206401e-001 -1.262631e-001 9.046720e-001 1.032952e-001 9.891807e-001 
2.728638e+000 1.529314e+001 -3.167983e+000 2.265499e+000 -2.574980e-001 1.075301e+000 -1.018785e+000 2.472101e+000 2.194883e+000 -2.496826e+000 1.311137e-001 3.362366e-001 1.629178e-001 -5.016415e-001 2.485433e-001 -3.529082e-001 -1.858069e+000 -2.987797e-001 4.543127e-001 5.019981e-002 3.268777e-001 -2.257149e-001 -3.136185e-001 6.461105e-001 
1.771767e+000 1.622045e+001 -3.570785e+000 3.565251e+000 4.413851e-001 1.210974e+000 -9.834668e-001 2.169059e+000 1.751439e+000 -3.337337e+000 -8.762387e-001 -3.525983e-001 -3.447560e-001 -4.723249e-001 8.860206e-001 1.150282e-001 -1.455635e+000 3.746679e-003 7.307635e-001 -1.850041e-001 7.140664e-001 1.328616e-001 -6.040139e-002 4.930450e-001 
2.067525e+000 1.668418e+001 -3.564415e+000 2.998163e+000 -8.257131e-001 2.780470e-001 -1.755499e+000 1.425355e+000 2.046598e+000 -3.040389e+000 7.591978e-002 -1.509803e-001 8.200732e-001 -1.779991e-001 2.546020e-001 -5.446511e-001 -2.006796e+000 2.031320e-001 6.693428e-001 1.177225e-001 8.192348e-001 4.626400e-001 6.366803e-002 5.912356e-002 
2.297776e+000 1.512931e+001 -2.952328e+000 1.531574e+000 -7.378118e-001 -4.718276e-001 -2.099729e+000 1.273402e+000 8.326547e-001 -3.615347e+000 -6.812646e-001 8.743399e-001 8.251301e-001 -5.929546e-001 4.137837e-001 1.305782e-001 -1.480354e+000 -6.000476e-002 9.924238e-001 6.813465e-001 3.974362e-001 3.166489e-001 -2.049391e-001 -2.725222e-001 
1.415454e+000 1.461677e+001 -3.868599e+000 1.582824e+000 -5.652268e-001 7.532911e-001 -3.257645e+000 1.207322e+000 1.190035e+000 -2.847531e+000 -9.949472e-001 4.616350e-001 -6.103197e-003 -3.135504e-001 1.137566e+000 4.162421e-003 -1.512222e+000 -1.798843e-001 4.072539e-001 -1.291425e-001 7.684443e-001 3.936951e-001 4.784439e-002 3.380701e-001 
2.315961e+000 1.335689e+001 -3.485910e+000 4.485432e+000 -1.161252e-001 2.049026e+000 -3.393662e+000 1.960171e+000 1.138946e+000 -2.702117e+000 -8.214638e-001 -3.019447e-001 -1.148641e+000 -7.812639e-001 1.699370e+000 -8.139191e-001 -1.144821e+000 -1.933947e-001 1.132001e+000 -4.392613e-001 1.218189e+000 5.785322e-003 3.573583e-001 7.314186e-001 
3.889000e+000 1.350628e+001 -2.403289e+000 4.870495e+000 -1.176624e+000 2.354714e+000 -3.256280e+000 2.148915e+000 1.171104e+000 -1.492398e+000 -1.231973e+000 -6.459480e-001 -5.230167e-001 -1.086284e+000 1.421140e+000 -3.474502e-001 -4.083542e-001 -5.895990e-001 9.595458e-001 -4.114523e-001 2.625487e-001 4.057669e-001 6.438993e-001 5.377620e-001 
6.890539e+000 9.179608e+000 -1.803377e+000 6.070916e+000 -2.578561e+000 3.683910e+000 -2.684602e+000 2.368903e+000 1.524141e+000 -5.809394e-001 -1.322070e+000 -2.284387e-002 -7.257644e-001 -8.569840e-001 3.089657e-001 3.684138e-001 -1.003878e+000 -3.411995e-001 5.454174e-001 -2.434603e-001 -2.228283e-001 -3.344044e-001 -6.674349e-001 -2.847458e-001 
9.331202e+000 1.119101e+001 -2.700386e+000 6.076494e+000 -4.034611e-001 2.059300e+000 -2.038446e+000 1.483341e+000 6.728870e-001 -2.059701e+000 -1.434853e+000 -1.654008e-001 6.161171e-001 -1.070419e+000 2.164587e-001 8.514571e-001 -1.088980e+000 -5.700617e-001 8.645324e-001 6.445473e-002 9.036690e-002 9.170958e-003 -4.272595e-001 7.098740e-002 
1.164094e+001 1.508338e+001 -6.953172e+000 7.209193e+000 -5.152920e-001 2.071458e+000 -2.877743e+000 7.250964e-001 1.061622e+000 -2.945172e+000 -1.462900e+000 -8.058313e-001 1.266515e+000 -9.173291e-001 3.704259e-001 4.786751e-001 -1.434185e+000 -3.524740e-001 2.263203e+000 -3.398249e-001 -1.907566e-001 6.173151e-002 4.783880e-002 6.582361e-001 
1.261775e+001 1.623632e+001 -7.780751e+000 6.169894e+000 2.406128e-001 2.425657e+000 -2.828247e+000 -9.840159e-001 1.932637e+000 -3.831269e+000 -7.343879e-001 -9.627347e-001 2.084550e-001 -6.970826e-001 -1.124308e-001 1.114137e+000 -1.285189e+000 5.002406e-001 1.388946e+000 -5.537726e-001 -5.048524e-001 4.387664e-001 7.209324e-001 1.021532e+000 
1.343581e+001 1.581640e+001 -7.458655e+000 5.834867e+000 1.215367e+000 1.974491e+000 -2.838963e+000 -1.345694e+000 1.520587e+000 -3.990733e+000 -8.383912e-002 -1.388194e-001 -1.130414e+000 -8.924788e-001 1.173717e-002 9.717884e-001 -7.470248e-001 6.021169e-001 8.055025e-001 -3.713535e-001 3.439057e-001 6.179317e-002 3.425413e-001 1.044549e+000 
1.342130e+001 1.662220e+001 -8.418854e+000 7.410254e+000 1.796686e+000 1.566557e+000 -2.492589e+000 -2.551446e+000 1.042158e+000 -4.512192e+000 -3.228297e-001 -3.675299e-001 -7.455805e-001 -5.058070e-001 -3.040140e-001 2.087627e+000 -1.514941e+000 -8.720413e-002 1.083045e+000 -6.378048e-001 1.318077e+000 3.970576e-002 -1.241441e-001 4.650263e-001 
1.538461e+001 1.516442e+001 -7.150081e+000 6.883073e+000 2.021464e+000 1.014041e+000 -2.166252e+000 -2.340289e+000 9.939058e-001 -2.992584e+000 -7.495977e-001 -8.055196e-001 -7.490640e-001 -4.678474e-001 2.461706e-001 2.337734e+000 -1.850913e+000 -5.709954e-001 1.252206e+000 -3.429713e-001 1.420859e+000 2.185772e-001 -5.576332e-001 -9.910699e-003 
1.695003e+001 1.273918e+001 -5.564911e+000 5.988760e+000 2.804306e+000 5.312386e-001 -2.654084e+000 -1.607415e+000 1.214878e+000 -2.644532e+000 -9.129627e-001 -1.138405e+000 -1.508749e+000 -3.804328e-001 6.171260e-001 2.198770e+000 -1.289239e+000 -6.852912e-001 1.073171e+000 -3.472571e-001 1.140364e+000 4.816321e-001 -6.137841e-001 1.665248e-001 
1.408728e+001 1.593399e+001 -7.871673e+000 8.484160e+000 1.760904e+000 1.003786e+000 -2.484866e+000 -2.749571e+000 1.682265e+000 -2.840731e+000 -3.867924e-001 -1.290214e+000 -1.259292e+000 3.756289e-002 1.622684e-001 2.008498e+000 -1.596966e+000 -2.909576e-001 1.578708e+000 -3.812057e-001 1.173077e+000 1.145390e-001 -6.202756e-001 -3.252018e-002 
1.617596e+001 1.318952e+001 -5.272564e+000 6.774561e+000 2.882233e+000 9.027820e-001 -3.073708e+000 -2.333590e+000 1.118283e+000 -2.609705e+000 -3.222363e-001 -8.738942e-001 -1.505435e+000 -1.154763e-001 4.401368e-001 1.693300e+000 -1.530016e+000 -4.684449e-001 1.488693e+000 -5.038293e-002 1.141469e+000 2.330744e-001 -8.683648e-001 -7.397360e-002 
1.149906e+001 1.354817e+001 -4.437686e+000 5.315038e+000 1.113815e+000 2.672191e-001 -2.694877e+000 -6.424909e-001 1.475613e+000 -1.964997e+000 -4.832792e-001 -1.375512e+000 -8.883644e-001 -5.642066e-001 6.936279e-001 1.364489e+000 -1.219180e+000 -2.999647e-001 1.216403e+000 2.110630e-001 8.292635e-001 4.658015e-001 -9.807547e-001 2.713733e-001 
5.690947e+000 1.356278e+001 -3.927980e+000 5.696969e+000 -1.355584e+000 9.649513e-001 -3.753035e+000 2.602401e+000 8.282708e-001 -1.973613e+000 -7.514041e-001 -1.499943e-001 3.023326e-001 -8.575754e-001 1.008889e+000 -5.906489e-001 -1.604376e-001 -5.238582e-001 1.347255e+000 -4.479168e-001 4.215159e-001 -5.385092e-001 -4.184806e-001 1.273649e-001 
9.507484e+000 1.410253e+001 -3.937801e+000 5.120727e+000 -1.283043e+000 -1.225071e-001 -5.036325e+000 1.904513e+000 2.235893e+000 -1.695154e+000 -4.949454e-001 2.120807e-001 -3.034699e-002 -1.179551e+000 6.769803e-001 9.905596e-002 -4.068654e-001 -2.333500e-001 1.051155e+000 -6.372052e-001 -1.209992e-001 -4.443766e-001 -4.430758e-001 -1.201210e-001 
8.042633e+000 1.604664e+001 -4.487855e+000 4.840129e+000 -9.966212e-001 3.140919e-001 -5.024858e+000 2.124888e+000 1.946041e+000 -2.751511e+000 -1.231694e+000 8.892029e-002 4.274482e-001 -1.400836e+000 1.158684e+000 -5.007911e-001 -9.730515e-001 2.097356e-001 1.608943e+000 9.037315e-002 1.760773e-001 -6.358485e-001 -5.941528e-001 2.110736e-001 
5.531570e+000 1.376155e+001 -3.878625e+000 4.062616e+000 -1.443422e+000 9.599778e-001 -3.951364e+000 3.027941e+000 2.713337e+000 -2.218268e+000 -1.151493e+000 7.266471e-002 -1.168129e-001 -7.249931e-001 7.668327e-001 -5.003272e-001 -9.623943e-001 1.856897e-001 7.913139e-001 -2.841081e-001 4.422770e-001 -6.256776e-001 -4.508225e-001 3.141042e-001 
7.085469e+000 1.449148e+001 -3.912046e+000 4.547503e+000 -1.133873e+000 -1.635162e-001 -5.114364e+000 1.837899e+000 1.860362e+000 -2.315386e+000 -1.399704e+000 3.556403e-001 -2.857207e-001 -9.464689e-001 8.517568e-001 -3.006137e-001 -6.976170e-001 2.498874e-001 1.065424e+000 7.493605e-002 4.354200e-001 -4.827466e-001 -2.668606e-001 4.246441e-001 
6.625044e+000 1.540859e+001 -3.676548e+000 4.431981e+000 2.663900e-001 -8.318976e-002 -4.717964e+000 1.296404e+000 8.346469e-001 -1.920350e+000 -1.637414e+000 -2.328254e-001 -4.137220e-001 -1.286069e+000 1.891731e-001 4.630153e-001 -7.117123e-001 3.723515e-001 1.580600e+000 1.116967e-001 -2.714272e-001 9.003372e-002 -1.873073e-001 3.683612e-002 
6.297618e+000 1.422319e+001 -3.074698e+000 4.414742e+000 -9.319017e-001 9.114104e-001 -3.968619e+000 1.709857e+000 1.492682e+000 -1.717042e+000 -1.920140e+000 -6.627934e-001 -3.449088e-001 -9.786065e-001 -1.660583e-001 -1.827915e-001 -1.518339e+000 4.254813e-001 1.369432e+000 1.265909e+000 -1.436525e-001 4.089020e-001 -9.015629e-002 -4.123538e-002 
4.469802e+000 1.408568e+001 -2.463730e+000 4.732346e+000 -9.888959e-001 1.125877e+000 -3.987727e+000 1.425930e+000 1.205420e+000 -1.936069e+000 -9.475611e-001 5.628215e-001 -1.342419e-001 -5.982578e-001 2.627958e-001 -1.256473e-001 -1.600895e+000 4.834027e-001 6.768267e-001 2.238253e-001 3.453994e-001 2.912125e-001 -2.176094e-001 4.849593e-001 
3.115779e+000 1.551027e+001 -3.340993e+000 4.319003e+000 -2.617212e-001 8.683348e-001 -3.132554e+000 2.373066e+000 1.641633e+000 -2.601779e+000 2.934468e-002 6.770372e-001 -8.976333e-003 -4.557394e-001 8.037114e-001 -1.342683e-001 -1.643733e+000 -4.815320e-001 7.570042e-001 -2.176118e-001 5.498447e-001 -1.896577e-001 -3.818722e-001 3.253680e-001 
2.628121e+000 1.645974e+001 -4.468817e+000 3.594354e+000 -6.765282e-001 6.276849e-001 -2.362597e+000 1.698937e+000 2.325982e+000 -2.534251e+000 9.383221e-001 -5.615392e-001 3.445013e-001 -5.356018e-001 8.845533e-001 -2.767515e-001 -1.459845e+000 1.143351e-001 3.480990e-002 1.004437e-002 -1.491827e-001 1.228060e-001 -6.810661e-001 -1.714021e-001 
1.290218e+000 1.557895e+001 -3.624061e+000 3.509777e+000 -4.876523e-001 3.972137e-001 -2.581105e+000 1.721831e+000 2.244356e+000 -2.884604e+000 6.215647e-001 -2.202040e-001 2.439229e-001 -6.269507e-001 9.027130e-001 -4.472421e-001 -1.409714e+000 5.418808e-001 2.883145e-001 -3.487004e-001 -1.086622e-001 2.483366e-001 -4.431896e-001 1.760333e-001 
-6.017501e-002 1.484214e+001 -5.142957e+000 3.292185e+000 -8.359238e-001 4.897164e-001 -2.967972e+000 1.462459e+000 3.070572e+000 -2.096456e+000 7.220043e-001 -3.438752e-001 -3.533662e-002 -1.648155e+000 8.638586e-001 3.132347e-001 -1.202835e+000 2.710595e-001 4.774303e-001 -5.125374e-001 -2.588940e-001 2.401411e-002 7.749209e-002 4.574511e-001 
-5.511252e-001 1.464398e+001 -4.327618e+000 2.291227e+000 -1.734512e+000 -3.512676e-001 -3.255259e+000 1.110405e+000 2.237415e+000 -2.861582e+000 -3.157956e-001 -6.465523e-001 -4.398187e-002 -7.804388e-001 1.118850e+000 -3.698611e-002 -1.286847e+000 6.089924e-001 7.153863e-001 -1.188651e-001 7.348075e-001 5.585529e-001 3.313107e-001 1.133574e+000 
5.154043e-002 1.549521e+001 -4.480583e+000 2.628660e+000 -6.678050e-001 -1.700132e-001 -3.307665e+000 1.530036e+000 1.974132e+000 -2.891912e+000 -5.789320e-001 -3.524403e-001 -3.231594e-001 -9.931221e-001 1.179314e+000 2.315260e-001 -1.299884e+000 -1.238216e-001 9.410914e-001 1.330592e-001 6.257410e-001 1.097864e-001 -2.751641e-001 2.729221e-001 
1.011285e+000 1.408302e+001 -3.145440e+000 1.973127e+000 -5.511062e-001 1.016089e+000 -3.801436e+000 7.817511e-001 1.944011e+000 -1.603829e+000 -2.747204e-001 6.266979e-001 -6.794937e-001 -6.746556e-001 4.524690e-001 -6.716978e-002 -1.179594e+000 6.692764e-002 7.798543e-001 -1.698022e-001 3.263035e-001 -3.631780e-003 -5.427723e-001 4.021240e-002 
2.069197e+000 1.253453e+001 -3.806687e+000 3.143918e+000 -7.882855e-001 2.188020e+000 -2.948920e+000 2.949571e+000 2.274849e+000 -1.702095e+000 -1.050385e+000 8.109359e-001 1.111925e-002 -1.098070e+000 3.302610e-001 -1.081106e+000 -1.726329e+000 -4.048170e-001 9.674653e-001 -1.503678e-001 5.447005e-001 2.914875e-001 2.467549e-001 5.601982e-001 
3.040673e+000 1.113125e+001 -3.270792e+000 4.133928e+000 -1.656910e+000 3.299335e+000 -1.563645e+000 3.115266e+000 1.276280e+000 -1.390336e+000 -3.716663e-001 3.930598e-001 2.027061e-001 -5.519008e-001 1.033376e+000 -4.489184e-001 -1.239843e+000 -1.312530e+000 1.460697e-001 -4.735941e-001 -9.276124e-002 -4.341867e-002 8.436714e-002 2.961065e-001 
7.658165e+000 9.646447e+000 -1.626807e+000 5.605189e+000 -2.632573e+000 3.114007e+000 -3.012046e+000 1.784590e+000 1.439215e+000 1.072525e-001 -5.717333e-001 4.179545e-001 -4.876823e-001 -1.101856e+000 2.738424e-001 3.102841e-001 -1.142968e+000 -7.322890e-001 2.267861e-001 -2.311957e-002 1.516759e-002 -4.939785e-002 -4.965598e-001 -3.211902e-002 
9.238973e+000 1.220191e+001 -3.860477e+000 6.698924e+000 -3.623781e-001 2.351867e+000 -2.446778e+000 1.502403e+000 2.989666e-001 -2.574042e+000 -2.215384e+000 -7.168257e-001 8.041364e-001 -4.976856e-001 5.722802e-001 8.427144e-001 -1.259957e+000 -2.472891e-001 1.399622e+000 -8.483334e-002 -2.198807e-001 1.675685e-001 4.012375e-001 8.314059e-001 
1.264092e+001 1.398911e+001 -6.422680e+000 5.676991e+000 1.849228e-001 1.207357e+000 -2.906599e+000 -5.882129e-001 1.184336e+000 -3.171256e+000 -1.521197e+000 -5.654267e-001 8.988457e-001 -8.871698e-001 -2.207949e-001 8.963846e-001 -1.550179e+000 3.185438e-001 2.330886e+000 -1.064561e-001 -5.787124e-001 2.190212e-001 4.279278e-002 5.877563e-001 
1.283597e+001 1.330527e+001 -6.740753e+000 4.849717e+000 1.640917e+000 2.093259e+000 -2.830894e+000 -1.748683e+000 1.195648e+000 -3.978796e+000 -9.961477e-001 -3.290542e-001 -6.284364e-001 -6.004086e-001 -4.978697e-001 9.971864e-001 -7.931044e-001 7.189111e-001 1.777185e+000 -3.945383e-001 -3.006507e-001 -8.940606e-002 2.486005e-001 5.720925e-001 
1.364202e+001 1.490910e+001 -7.801408e+000 5.710665e+000 1.505093e+000 2.051120e+000 -2.299826e+000 -1.864322e+000 1.246392e+000 -3.989937e+000 -7.158203e-001 -4.980898e-001 -1.331928e+000 -6.388271e-001 6.246655e-002 1.439356e+000 -5.614285e-001 7.233510e-001 1.148307e+000 -5.505247e-001 2.479687e-001 -1.539399e-001 3.728438e-002 6.259591e-001 
1.506893e+001 1.502249e+001 -7.263155e+000 5.938685e+000 2.299327e+000 1.229311e+000 -2.459937e+000 -2.132815e+000 7.711064e-001 -3.766143e+000 -7.227022e-001 -3.818825e-001 -8.396965e-001 -4.486631e-001 -2.186025e-002 2.044549e+000 -1.318330e+000 -2.140930e-001 1.241166e+000 -5.241856e-001 1.067407e+000 1.186253e-001 -3.782065e-001 3.660767e-001 
1.655464e+001 1.427008e+001 -6.791183e+000 6.033799e+000 1.773978e+000 2.761632e-001 -2.533998e+000 -2.048586e+000 9.825148e-001 -2.648399e+000 -7.468874e-001 -1.277856e+000 -1.302355e+000 -3.672979e-001 4.687896e-001 2.203541e+000 -1.543996e+000 -4.497136e-001 1.065425e+000 -5.403511e-001 1.379563e+000 4.093067e-001 -6.220392e-001 1.789308e-001 
1.493261e+001 1.544022e+001 -7.693740e+000 7.422018e+000 1.374051e+000 8.029463e-001 -2.816268e+000 -2.484049e+000 1.636471e+000 -3.151765e+000 -3.694111e-001 -1.347081e+000 -1.418347e+000 -4.700838e-002 3.468666e-001 2.409804e+000 -1.707243e+000 -7.441268e-001 1.057383e+000 -3.531286e-001 1.580071e+000 3.576953e-001 -3.220077e-001 -1.263025e-001 
1.573036e+001 1.378141e+001 -6.034831e+000 7.173358e+000 2.257806e+000 -5.669151e-002 -2.863485e+000 -2.458525e+000 1.258399e+000 -2.223969e+000 -6.518732e-001 -1.013235e+000 -1.305161e+000 -8.102478e-002 4.295937e-001 1.825908e+000 -1.551840e+000 -6.388484e-001 1.411609e+000 -1.851637e-001 1.227221e+000 4.256766e-001 -7.294338e-001 3.142239e-001 
