-5.839768e+000 2.023473e+001 -2.452668e+000 1.327662e+000 1.990468e+000 -7.033491e-001 -2.260990e+000 -1.901553e+000 3.392809e+000 6.787142e-001 2.440269e-001 -9.138845e-001 1.348836e-001 -1.299874e+000 -4.915509e-001 7.070547e-001 2.971207e-001 -6.599909e-001 -1.071069e+000 3.891769e-001 -8.259496e-001 -7.945486e-001 -7.452142e-002 4.205046e-001 
-4.836789e+000 1.915096e+001 -9.362899e-001 2.719528e+000 2.710424e+000 -8.588238e-001 -3.947707e+000 -1.192125e+000 1.924454e+000 3.128808e-002 -7.501202e-001 -6.477440e-001 5.938397e-001 -1.122015e+000 -1.509463e-001 8.398388e-001 8.607122e-001 -2.147655e-001 -7.115463e-001 2.235996e-001 -5.548211e-001 -6.044001e-001 -2.078826e-001 4.757869e-001 
3.728011e-001 1.506207e+001 -2.034046e+000 2.887098e+000 1.080794e+000 -8.184579e-001 -5.111076e+000 -3.184497e-001 1.286412e+000 4.019193e-002 -9.847926e-001 4.066571e-001 4.074044e-001 -6.049329e-001 -5.791024e-001 5.825205e-001 -1.039275e-001 9.124703e-002 -3.580033e-001 -5.196835e-001 -4.133540e-001 -3.093711e-001 -1.804022e-001 -3.224403e-001 
4.900639e+000 1.217121e+001 -1.738536e+000 4.530441e+000 1.417181e-001 1.029698e+000 -5.274356e+000 -3.502587e-001 1.301595e+000 3.707161e-001 -1.359012e+000 1.521248e-001 2.277272e-002 1.148645e-001 -9.817561e-001 6.601199e-001 -8.297334e-001 3.210431e-001 -7.902386e-001 2.438987e-003 -8.144006e-001 -7.243807e-001 -5.159223e-001 -3.752720e-001 
4.078612e+000 1.432794e+001 -8.998498e-001 5.292719e+000 1.613570e+000 4.787984e-002 -5.843540e+000 -3.214717e-001 1.318457e+000 3.888217e-001 -1.623821e+000 -1.219116e+000 1.009758e-001 3.493354e-001 -5.830644e-001 3.040906e-001 -3.278954e-001 8.564411e-001 -1.099381e-001 5.546424e-003 -5.724301e-001 -8.876149e-001 3.151437e-001 4.831161e-001 
4.528865e+000 1.542363e+001 -1.584966e-001 4.311533e+000 3.066795e+000 1.460109e+000 -7.260934e+000 -3.293505e-001 2.184205e+000 -6.318982e-001 -2.566014e+000 -9.951998e-001 8.125112e-001 -3.034516e-001 -1.318967e+000 1.302382e+000 -5.170506e-001 2.522785e-001 2.637086e-001 2.199263e-001 -1.158232e+000 -3.599512e-001 9.913542e-001 -9.895193e-002 
5.742444e+000 1.608478e+001 -1.282061e+000 4.204639e+000 2.396298e+000 4.757949e-001 -7.451519e+000 -3.970788e-001 1.886739e+000 8.715100e-001 -2.558643e+000 -1.412936e+000 -5.666106e-001 -3.700578e-001 -1.556015e-001 1.855259e+000 -5.467796e-001 2.755017e-001 -2.465583e-001 6.136110e-001 -7.195794e-001 -5.425812e-002 4.520917e-001 -4.816837e-002 
8.869114e+000 1.541986e+001 -1.095309e+000 3.577110e+000 2.604495e+000 -3.818782e-001 -5.673005e+000 -5.445592e-001 1.980912e+000 4.902773e-001 -2.929424e+000 -2.394646e+000 -4.674828e-001 5.180813e-003 4.815768e-001 6.842597e-001 1.111399e-001 6.247858e-002 6.359268e-002 3.681648e-001 -1.028676e+000 -6.429988e-001 2.706684e-001 5.026384e-001 
9.126838e+000 1.540279e+001 -2.455504e+000 3.397169e+000 1.257196e+000 4.204174e-002 -5.627217e+000 -2.159702e-001 1.187749e+000 -4.017479e-001 -2.743204e+000 -2.210454e+000 -1.562100e-001 7.802804e-001 3.637062e-001 2.352441e-001 2.487947e-001 -1.483763e-001 3.715166e-001 8.077552e-001 -4.047337e-001 -5.028952e-001 -1.537509e-001 3.920327e-001 
9.326288e+000 1.497667e+001 -3.594685e+000 3.427520e+000 9.460882e-001 -2.314663e-002 -5.173596e+000 -1.323617e-001 6.716895e-001 -1.780537e+000 -1.927162e+000 -1.837656e+000 1.530811e-001 7.863468e-001 6.182880e-001 2.672083e-003 5.516599e-001 -4.548671e-001 4.350816e-002 9.638076e-001 1.381687e-001 -5.719061e-001 1.775480e-001 3.363854e-001 
9.523404e+000 1.483727e+001 -5.052147e+000 2.991873e+000 9.976444e-001 1.027106e+000 -4.732993e+000 -1.227081e+000 -8.410216e-003 -1.628153e+000 -2.604152e+000 -8.579943e-001 8.608273e-001 2.490090e-001 3.804689e-001 -4.276431e-001 -1.801408e-001 -4.515856e-001 3.456300e-001 1.290307e+000 5.339000e-001 -9.318499e-001 1.582033e-001 -1.727307e-002 
9.538423e+000 1.498964e+001 -5.108859e+000 3.615542e+000 1.756177e+000 2.438661e+000 -4.570909e+000 -9.863832e-001 -7.549875e-001 -8.774270e-001 -3.080041e+000 -4.503896e-001 5.604908e-001 -8.007755e-002 4.243869e-002 8.067276e-002 -2.203978e-002 -1.527852e-001 9.528467e-001 7.560280e-001 -3.277282e-001 -8.912344e-001 -3.160251e-001 5.138347e-001 
9.703973e+000 1.433269e+001 -5.230149e+000 3.546474e+000 2.125392e+000 3.924379e+000 -3.470320e+000 -1.266985e+000 -9.026200e-001 -1.635281e+000 -3.081656e+000 -8.092992e-001 8.436865e-001 -1.119340e+000 4.385969e-001 4.227130e-001 5.992987e-001 1.130129e-001 8.053388e-001 3.696880e-001 -7.122659e-001 -1.061804e+000 -5.095639e-001 3.676976e-001 
9.725871e+000 1.414600e+001 -5.120098e+000 3.507979e+000 2.402214e+000 3.728692e+000 -4.442508e+000 -1.239423e+000 -1.693568e+000 -1.267629e+000 -2.784407e+000 -5.690230e-001 7.190145e-001 -1.150146e+000 3.249549e-001 6.760307e-001 1.268451e+000 7.026723e-002 3.544276e-001 2.932855e-001 -7.406600e-001 -4.581509e-001 -4.297011e-001 2.838188e-001 
1.045948e+001 1.437677e+001 -4.852301e+000 3.815880e+000 1.260727e+000 4.600635e+000 -4.436554e+000 -2.318127e+000 -1.235704e+000 -6.382178e-001 -2.365433e+000 7.252710e-001 -7.404898e-004 -7.674779e-001 1.004776e-002 8.202144e-003 1.353489e+000 -1.529397e-002 -3.003648e-001 2.135130e-001 -3.512066e-001 -7.211528e-001 9.241658e-001 4.551799e-001 
1.192326e+001 1.324529e+001 -4.145792e+000 3.172659e+000 2.909382e+000 3.856407e+000 -2.997084e+000 -2.580389e+000 -4.721242e-001 -7.715943e-001 -8.922313e-001 5.349775e-002 1.614041e-001 -1.519396e+000 -8.380499e-001 -9.274265e-002 1.069464e+000 4.696642e-001 -4.061728e-001 7.100294e-002 -5.161850e-001 -1.211715e+000 1.034016e-001 5.820284e-001 
1.103596e+001 1.483920e+001 -5.270505e+000 3.907998e+000 1.183524e+000 5.046979e+000 -3.387655e+000 -1.675499e+000 -2.896442e-001 8.000724e-001 -2.249385e+000 -1.043342e-002 -7.290413e-001 -2.001945e+000 -1.567284e-004 1.122017e-001 1.808838e+000 -9.678911e-002 -2.247700e-001 -3.910793e-001 -4.812491e-001 -1.595180e+000 6.210806e-004 1.650351e-001 
1.073002e+001 1.324867e+001 -4.193584e+000 2.786210e+000 2.752412e+000 4.363447e+000 -2.360805e+000 -2.906378e+000 6.461409e-001 2.689222e-001 -1.807810e+000 4.051456e-001 -7.080084e-001 -2.497473e+000 2.330988e-001 5.567482e-001 1.285628e+000 1.992671e-001 -5.938733e-001 -2.374222e-001 -7.663355e-001 -1.245535e+000 8.259670e-002 1.891638e-002 
1.087424e+001 1.312308e+001 -3.223290e+000 2.616254e+000 2.601161e+000 4.523885e+000 -2.987152e+000 -3.658515e+000 1.255627e-001 2.941052e-002 -1.188291e+000 7.709017e-001 -3.787315e-001 -2.445808e+000 -2.784163e-001 8.294964e-001 1.253012e+000 1.189788e-001 -5.574558e-001 1.356360e-002 -6.802096e-001 -6.319612e-001 -2.353295e-001 5.858868e-001 
1.015871e+001 1.419373e+001 -3.832195e+000 3.716950e+000 2.605442e+000 5.130563e+000 -2.330358e+000 -3.668473e+000 -6.936515e-001 3.032528e-001 -1.205539e+000 9.786170e-001 -2.365993e-001 -2.315385e+000 -1.013559e+000 9.930190e-001 1.166553e+000 1.856357e-001 -6.910597e-001 -1.040194e-001 -3.267498e-001 -8.817014e-001 -1.500120e-001 8.454767e-001 
1.092313e+001 1.314561e+001 -3.095182e+000 3.271141e+000 3.173238e+000 5.061974e+000 -2.048178e+000 -3.562818e+000 -7.212701e-001 2.534985e-002 -1.369731e+000 1.294757e+000 -2.242356e-002 -2.233402e+000 -1.225646e+000 7.994257e-001 1.217591e+000 4.026041e-002 -7.548865e-001 -2.899425e-001 -2.329556e-001 -1.054275e+000 2.448471e-001 3.316669e-001 
1.083454e+001 1.208528e+001 -4.015142e+000 4.346122e+000 2.361450e+000 5.416844e+000 -1.757938e+000 -3.843397e+000 -4.722907e-001 -4.807945e-002 -1.360981e+000 5.683297e-001 -3.506211e-002 -2.045268e+000 -1.129569e+000 9.984754e-001 1.516135e+000 4.287295e-001 -1.124412e+000 -2.261891e-001 -7.508152e-002 -1.211004e+000 7.999865e-002 8.642808e-001 
9.595174e+000 1.296675e+001 -4.271890e+000 3.214279e+000 2.443910e+000 4.611373e+000 -2.412819e+000 -3.056840e+000 -1.847097e-001 -5.941367e-003 -1.768506e+000 1.417499e-001 -2.563832e-001 -2.268780e+000 -9.108306e-001 1.263573e+000 1.784235e+000 9.826521e-001 -1.058778e+000 8.281482e-002 -1.590976e-001 -1.295506e+000 -2.510588e-001 7.149291e-001 
9.341356e+000 1.364741e+001 -5.009847e+000 5.143699e+000 2.385831e+000 4.365625e+000 -2.962941e+000 -3.098429e+000 -3.393120e-001 2.236321e-001 -2.174772e+000 4.361005e-001 -4.592165e-001 -1.555255e+000 -1.459512e+000 1.217518e+000 1.754228e+000 7.147955e-001 -1.247932e+000 1.599718e-001 -1.265609e-001 -1.147271e+000 1.696812e-002 6.727585e-001 
1.079060e+001 1.346139e+001 -3.403680e+000 4.619627e+000 2.011800e+000 3.530474e+000 -2.962927e+000 -3.394464e+000 2.269370e-001 7.538235e-001 -1.562501e+000 -3.352932e-002 -6.268803e-001 -1.681597e+000 -1.777118e+000 1.286262e+000 2.106449e+000 6.959082e-001 -1.583530e+000 -4.803289e-001 2.311605e-001 -1.526827e+000 4.452673e-001 1.084778e+000 
9.641018e+000 1.368204e+001 -4.788780e+000 5.296906e+000 1.419673e+000 3.908693e+000 -3.675577e+000 -3.074868e+000 -2.390320e-001 1.586019e-001 -6.524833e-001 5.457972e-002 -3.802882e-002 -1.717388e+000 -1.630712e+000 8.580899e-001 1.906073e+000 7.705414e-001 -1.319492e+000 -3.420913e-001 8.994517e-001 -1.646680e+000 9.313047e-001 6.982522e-001 
1.021122e+001 1.350162e+001 -4.945046e+000 5.442213e+000 1.444459e+000 3.408138e+000 -2.867337e+000 -3.426161e+000 -3.286464e-002 6.500717e-004 -8.167770e-001 -1.108656e-001 5.519847e-001 -2.050718e+000 -1.635187e+000 8.587989e-001 1.641277e+000 6.026764e-001 -1.007609e+000 -2.257543e-001 9.286168e-001 -1.750392e+000 2.311290e-001 4.517367e-001 
1.109330e+001 1.176181e+001 -1.639094e+000 9.410688e-001 1.172457e+000 1.495659e+000 -9.330441e-001 -1.735194e+000 1.550919e+000 -9.075952e-002 -1.822716e+000 8.517653e-002 9.758497e-002 -8.603229e-001 -2.841828e-001 6.734730e-001 1.207522e+000 1.056440e-001 -8.051295e-001 3.523052e-001 -1.128572e-001 -1.144696e+000 5.434523e-002 1.795221e-001 
-5.187268e+000 2.037334e+001 -1.462354e+000 1.241749e+000 7.051070e-001 -1.606135e+000 -2.901116e+000 -9.459734e-001 3.963073e+000 -1.102839e-002 -1.093618e+000 -5.656365e-001 9.528529e-001 -1.409160e+000 -7.883743e-001 8.768902e-001 4.427738e-001 -4.691307e-001 -7.888434e-001 1.817745e-001 -6.644741e-001 -5.585226e-001 -1.115865e-001 3.725974e-001 
-3.110925e+000 1.986621e+001 -1.006138e-001 1.439456e+000 2.159059e+000 -5.268949e-001 -3.969353e+000 -7.557164e-001 2.806147e+000 4.510041e-001 -1.148055e+000 -1.812509e-001 6.364465e-001 -1.595800e+000 -2.196278e-001 8.562134e-001 5.538129e-001 -8.745553e-001 -1.234153e+000 7.806408e-002 -8.179786e-001 -1.036082e+000 -2.074861e-002 4.959748e-001 
2.175435e+000 1.387353e+001 -3.025063e+000 2.303413e+000 5.812903e-001 -6.980147e-001 -4.868922e+000 4.516736e-001 2.178481e+000 2.501017e-001 -1.059471e+000 -2.247184e-001 -6.153080e-001 -6.534965e-001 -7.858888e-001 1.131105e+000 -9.291232e-002 1.124521e-001 -5.690416e-001 -7.638962e-001 -7.483930e-001 -5.721912e-001 -1.657061e-001 -3.260960e-001 
5.216528e+000 1.144650e+001 -7.861935e-001 3.967851e+000 7.014684e-001 3.641435e-002 -4.983358e+000 -3.417912e-001 2.667671e+000 8.606275e-001 -1.349080e+000 -5.202250e-001 -1.513632e-001 -3.371209e-001 -8.416215e-001 8.169039e-001 -4.880362e-001 -7.029212e-002 -6.607814e-001 -1.844205e-001 -4.309312e-001 -6.424502e-001 5.101562e-002 -9.526795e-002 
3.943748e+000 1.390929e+001 -1.256076e+000 4.257438e+000 1.587731e+000 -5.328796e-001 -6.147269e+000 -2.488782e-001 2.097866e+000 6.185626e-001 -1.431180e+000 -1.856452e+000 -9.420058e-001 -1.172696e-001 -7.848529e-001 1.074109e+000 2.161404e-001 9.855351e-001 -8.215268e-002 2.343320e-001 6.111404e-002 -6.905640e-001 3.131677e-001 2.489172e-001 
4.849247e+000 1.424080e+001 5.288650e-002 3.854481e+000 2.930053e+000 6.010804e-001 -7.130062e+000 -1.974119e-001 3.399375e+000 -3.962380e-001 -2.055258e+000 -2.084379e+000 6.083424e-001 -1.198558e+000 -9.976810e-001 1.481374e+000 -1.251095e-001 2.835121e-001 7.127241e-001 3.544056e-001 -9.770288e-001 -4.245134e-001 4.368831e-001 -2.935897e-001 
7.091026e+000 1.600733e+001 -9.600270e-001 3.566718e+000 2.613104e+000 3.304362e-001 -5.742234e+000 -3.896304e-001 2.962491e+000 4.825440e-001 -2.514272e+000 -2.672232e+000 -9.039817e-001 -1.126209e+000 4.750191e-001 1.436323e+000 5.220986e-001 4.446397e-001 -1.520862e-001 2.104718e-001 -1.210447e+000 -9.067407e-001 2.269630e-001 -2.459729e-001 
8.001424e+000 1.525258e+001 -2.243404e+000 4.441921e+000 2.654264e+000 9.266037e-001 -6.073681e+000 -2.739889e-001 1.281731e+000 3.938297e-001 -3.345554e+000 -2.176746e+000 -6.271971e-001 4.580079e-001 2.680055e-001 1.155112e+000 -2.984920e-001 6.807797e-001 -9.206704e-002 6.668036e-001 -1.030376e+000 -7.055748e-001 -1.269961e-001 4.922065e-001 
9.430438e+000 1.399542e+001 -1.892560e+000 2.434105e+000 1.899647e+000 -2.943114e-001 -4.736764e+000 -6.753515e-001 9.961709e-001 -1.329291e+000 -2.702926e+000 -2.087375e+000 -8.901911e-002 9.071631e-001 6.835555e-001 4.610623e-001 7.317103e-001 5.399722e-003 3.099072e-001 6.958545e-001 -1.197120e-001 -5.875138e-001 -1.118840e-001 3.823191e-001 
9.442405e+000 1.543667e+001 -3.503402e+000 3.707458e+000 1.206816e+000 6.811544e-001 -4.706607e+000 2.203710e-001 9.398029e-001 -1.513700e+000 -1.897028e+000 -2.104246e+000 -2.872324e-001 3.834484e-001 3.963612e-001 -1.713540e-002 4.798506e-001 -2.726607e-001 1.412734e-001 4.942612e-001 1.491059e-001 -1.005121e+000 -2.451913e-001 2.494753e-001 
1.008773e+001 1.454008e+001 -3.696657e+000 3.295112e+000 2.717499e+000 1.962326e+000 -3.079364e+000 -8.411647e-001 7.573854e-001 -1.984946e+000 -2.997150e+000 -1.261173e+000 6.295007e-001 1.471949e-001 2.585190e-001 6.345941e-002 -1.351823e-001 -2.855992e-001 5.870855e-001 8.731398e-001 -2.039038e-001 -1.179786e+000 -5.796579e-001 -1.390973e-001 
1.083431e+001 1.464530e+001 -3.926182e+000 2.428829e+000 2.329940e+000 1.894777e+000 -3.127031e+000 -6.523668e-001 8.629399e-001 -6.217371e-001 -2.341253e+000 -1.015453e+000 8.315684e-002 -1.121735e+000 2.100297e-001 1.534475e-001 4.547502e-001 3.010112e-001 7.346132e-001 6.006296e-001 -8.185721e-001 -1.082564e+000 -5.557493e-001 5.022584e-001 
1.024403e+001 1.596012e+001 -5.009410e+000 2.973163e+000 7.979151e-001 3.313535e+000 -3.733588e+000 -3.878000e-001 3.330521e-001 -5.629998e-001 -2.978427e+000 -6.270705e-001 -2.033825e-001 -1.895008e+000 3.107366e-001 5.336766e-001 1.025327e+000 5.542968e-001 7.416929e-001 2.390080e-001 -1.180973e+000 -1.046248e+000 -5.791170e-001 2.311791e-001 
1.140101e+001 1.392870e+001 -4.027328e+000 2.351050e+000 2.323250e+000 2.427826e+000 -3.810017e+000 -1.794802e+000 -5.932301e-001 -8.434834e-001 -1.993061e+000 -7.048804e-001 1.755549e-001 -1.489470e+000 -2.226371e-001 8.938101e-001 1.193007e+000 5.456033e-001 1.052043e-001 5.104046e-001 -9.119560e-001 -8.684006e-001 -3.501992e-001 4.150498e-001 
1.197174e+001 1.437773e+001 -4.072318e+000 2.601548e+000 1.164189e+000 3.152413e+000 -3.428145e+000 -2.243898e+000 2.653564e-001 5.427719e-002 -1.581687e+000 6.032861e-002 -6.638974e-001 -1.717143e+000 -4.647143e-001 3.446006e-001 1.539932e+000 4.445999e-001 -2.693494e-001 -3.724042e-002 -7.737653e-001 -1.276203e+000 6.000978e-001 5.189927e-001 
1.122634e+001 1.487829e+001 -5.042004e+000 3.541008e+000 1.386781e+000 4.846882e+000 -3.477104e+000 -1.350154e+000 -4.539757e-001 2.641785e-001 -1.721295e+000 -3.434415e-001 -7.687084e-001 -1.862440e+000 -6.436666e-001 5.086235e-001 1.829414e+000 5.598064e-001 -3.309597e-001 -2.643990e-001 -7.655545e-001 -1.735218e+000 2.170290e-001 4.822605e-001 
1.205248e+001 1.442409e+001 -4.465510e+000 3.080072e+000 1.455956e+000 3.754132e+000 -3.440932e+000 -1.523828e+000 1.128618e-001 6.951029e-001 -1.551220e+000 -1.929455e-002 -8.484281e-001 -2.131711e+000 -7.447537e-002 9.816487e-002 1.904640e+000 -6.158830e-002 -3.221615e-001 -3.610468e-001 -2.788642e-001 -1.209292e+000 1.613575e-002 5.033082e-001 
1.114932e+001 1.488706e+001 -4.297961e+000 2.667883e+000 1.779108e+000 3.785926e+000 -3.355484e+000 -2.750836e+000 8.042203e-001 7.350913e-001 -1.754708e+000 4.262331e-001 -8.845636e-001 -2.654022e+000 -8.812842e-002 8.060553e-001 1.218539e+000 3.293072e-001 -5.961574e-001 -6.214186e-002 -7.924952e-001 -9.416769e-001 8.368951e-002 2.442737e-001 
1.019715e+001 1.436824e+001 -4.025756e+000 3.119968e+000 1.893170e+000 5.126441e+000 -3.343848e+000 -2.387013e+000 4.324161e-002 1.073052e+000 -1.704257e+000 8.331907e-001 -1.295217e+000 -2.240543e+000 -1.075783e+000 1.668451e+000 1.059629e+000 6.454410e-001 -9.483706e-001 -9.397608e-002 -9.998057e-001 -8.598039e-001 -4.084850e-001 7.435138e-001 
1.026203e+001 1.421781e+001 -4.457078e+000 2.690253e+000 1.991179e+000 4.879770e+000 -1.663320e+000 -2.179398e+000 1.631578e-001 1.042379e+000 -1.443696e+000 2.212081e-001 -1.022567e+000 -2.671589e+000 -1.195427e+000 1.546996e+000 1.378093e+000 6.401780e-001 -8.841915e-001 -3.737630e-001 -6.379972e-001 -1.357387e+000 -1.298354e-001 5.097987e-001 
1.120226e+001 1.308179e+001 -3.760991e+000 2.623578e+000 2.087862e+000 4.666032e+000 -1.845375e+000 -2.548474e+000 4.256840e-001 4.954641e-001 -1.612097e+000 3.404856e-001 -9.054997e-001 -2.608409e+000 -1.174643e+000 1.456840e+000 1.723317e+000 6.711185e-001 -7.568626e-001 -4.106621e-001 -5.426744e-001 -1.381162e+000 2.466268e-002 2.993625e-001 
1.047816e+001 1.315581e+001 -4.450282e+000 4.213882e+000 1.403828e+000 5.364729e+000 -2.660166e+000 -2.944585e+000 -3.908058e-001 8.790415e-001 -1.448540e+000 3.230228e-001 -7.372963e-001 -2.384399e+000 -1.596233e+000 1.612985e+000 1.815166e+000 1.177563e+000 -1.539528e+000 -1.604623e-001 -5.951499e-001 -1.049085e+000 -3.538961e-002 1.047447e+000 
9.840292e+000 1.295278e+001 -3.788615e+000 3.421597e+000 2.695059e+000 4.324325e+000 -2.144515e+000 -3.137685e+000 -3.309432e-001 1.435504e-001 -1.699691e+000 4.119663e-001 -6.699613e-002 -2.097776e+000 -1.023803e+000 9.655406e-001 1.497945e+000 6.174977e-001 -1.279341e+000 1.712833e-001 -1.852407e-001 -1.005654e+000 -1.554000e-001 7.652766e-001 
9.796121e+000 1.265136e+001 -4.659758e+000 5.183852e+000 2.620737e+000 4.064850e+000 -2.292903e+000 -3.078239e+000 7.573635e-002 2.865478e-002 -1.848123e+000 4.361001e-001 9.716456e-004 -1.627340e+000 -1.494830e+000 7.906957e-001 1.700247e+000 7.617730e-001 -1.358486e+000 1.188072e-001 3.150971e-001 -1.256460e+000 -3.014059e-001 6.846700e-001 
9.679291e+000 1.381505e+001 -4.318206e+000 5.095667e+000 2.521503e+000 4.213009e+000 -1.855795e+000 -3.409122e+000 -1.071467e-001 -6.670692e-002 -1.821978e+000 -3.015171e-002 2.775592e-001 -8.742546e-001 -1.662217e+000 1.186330e+000 1.080090e+000 7.504159e-001 -1.882819e+000 1.261885e-001 7.792276e-001 -1.793671e+000 2.075971e-001 6.486204e-001 
9.487614e+000 1.346513e+001 -4.710209e+000 6.192268e+000 1.848313e+000 4.835345e+000 -3.187705e+000 -2.932687e+000 -5.919603e-001 -3.003833e-001 -8.183273e-001 -1.267499e-001 3.881649e-001 -1.390011e+000 -1.597820e+000 4.494752e-001 1.738842e+000 4.259112e-001 -1.157143e+000 -2.148205e-001 1.134777e+000 -2.007771e+000 3.893032e-001 4.816076e-001 
