2.939197e+000 1.622049e+001 7.003865e-001 5.436619e+000 -2.863450e-001 2.645461e+000 -2.872517e+000 -2.879608e+000 2.891177e-001 -3.712538e-001 -8.045269e-001 -2.005072e+000 -1.689039e+000 -1.564993e+000 -8.373915e-001 -1.160518e-001 1.816656e+000 3.776410e-001 -3.416461e-001 1.173177e-002 6.727844e-003 -8.415191e-001 -1.208392e+000 6.943370e-001 
3.350405e+000 1.532542e+001 1.515957e+000 5.385539e+000 4.558450e-002 2.164148e+000 -2.861462e+000 -3.026384e+000 9.052524e-001 -9.764454e-002 -9.789713e-001 -1.935956e+000 -1.406812e+000 -1.282816e+000 -8.682404e-001 -5.153755e-003 1.875353e+000 5.811149e-001 -5.834736e-001 -8.858920e-002 -2.545070e-002 -5.695153e-001 -1.182280e+000 6.996793e-001 
2.063743e+000 1.644949e+001 1.711858e-001 6.484969e+000 -7.309020e-001 3.004927e+000 -4.134539e+000 -2.374392e+000 1.286889e+000 -5.816103e-001 -1.290222e+000 -2.084042e+000 -8.688728e-001 -1.459136e+000 -6.266820e-001 -3.847850e-002 2.224732e+000 1.318090e-001 -5.574752e-001 -2.742736e-001 1.779692e-002 -7.984411e-001 -5.601649e-001 5.749097e-001 
1.928857e+000 1.583142e+001 2.464554e-001 6.912422e+000 -7.692522e-001 2.988342e+000 -3.842032e+000 -3.064753e+000 9.770243e-001 -6.461835e-001 -1.393758e+000 -1.752543e+000 2.266090e-001 -1.800114e+000 -4.296865e-001 -9.719897e-003 2.042323e+000 9.504063e-002 -1.185521e+000 1.651572e-001 1.161991e-001 -5.718250e-001 -6.439610e-001 5.355950e-002 
1.654707e+000 1.622886e+001 3.235207e-001 7.040134e+000 2.240845e-001 2.793865e+000 -4.366504e+000 -2.745909e+000 1.279459e+000 -1.288734e+000 -8.348744e-001 -1.402299e+000 -3.051313e-001 -1.125726e+000 -4.298969e-001 -1.978908e-001 1.683925e+000 -1.986326e-001 -8.904235e-001 1.413471e-001 3.904450e-001 -4.336668e-001 -3.535462e-001 -2.743767e-002 
2.915604e+000 1.602125e+001 5.354666e-001 6.720182e+000 6.675811e-001 2.404061e+000 -4.211776e+000 -3.202640e+000 1.218074e+000 -5.327873e-001 -4.386796e-001 -1.371667e+000 -7.328946e-001 -1.731166e+000 -6.007848e-001 5.306135e-003 1.425540e+000 4.964078e-001 -7.196375e-001 4.917106e-001 -2.466112e-001 -6.167548e-001 -1.987923e-001 3.658971e-001 
1.184365e+000 1.652163e+001 2.220179e-001 7.418420e+000 5.166289e-001 2.132133e+000 -4.682385e+000 -2.332657e+000 1.483134e+000 -8.325484e-001 -6.467893e-001 -1.692133e+000 2.555806e-001 -1.568539e+000 -7.010063e-001 -4.183833e-001 1.654776e+000 5.223427e-001 -9.015673e-001 1.941421e-001 2.243421e-001 -3.131420e-001 -8.643706e-001 4.042246e-001 
2.279067e+000 1.555921e+001 1.849672e+000 5.740216e+000 1.454328e+000 2.499181e+000 -5.013587e+000 -2.097105e+000 1.042872e+000 -2.877489e-001 -8.835721e-001 -1.404417e+000 -1.184320e-001 -1.770243e+000 -6.507783e-001 1.665697e-001 1.214006e+000 4.578190e-001 -6.842551e-001 2.677423e-001 2.872401e-001 -6.523496e-001 -3.210634e-001 3.434356e-002 
1.971359e+000 1.616126e+001 8.766152e-001 7.724427e+000 -4.041747e-001 2.712345e+000 -3.642070e+000 -2.353922e+000 6.224492e-001 -1.290763e+000 -9.876262e-001 -9.947498e-001 -4.988997e-001 -1.860732e+000 -6.757583e-001 -3.142044e-001 2.244246e+000 4.047328e-002 -1.011962e+000 8.654553e-002 5.164202e-001 -5.187081e-001 -2.735147e-001 1.780248e-001 
6.490511e+000 1.295682e+001 3.055682e+000 3.563922e+000 7.919283e-001 1.288223e+000 -1.976602e+000 -2.147461e+000 9.151612e-001 -1.031034e+000 -2.033843e+000 -9.961048e-001 -5.073710e-001 -6.825472e-001 -7.568163e-001 -2.876444e-002 8.892514e-001 2.924903e-001 -2.203639e-001 3.609560e-001 -2.035316e-002 -4.488436e-001 -3.464544e-001 -2.230861e-001 
5.152346e+000 1.384003e+001 9.114333e-001 3.615967e+000 8.102719e-001 1.673654e+000 -2.443236e+000 -2.815344e+000 9.311001e-001 -4.646329e-001 -1.438830e+000 -1.802749e+000 -1.816603e+000 -1.183066e+000 -1.504300e+000 -2.146861e-001 1.663194e+000 -7.978355e-002 -2.926774e-001 3.917024e-001 2.250209e-001 -5.088254e-001 -1.511802e+000 5.906781e-001 
2.581446e+000 1.588597e+001 -5.401073e-001 6.168653e+000 -9.475714e-001 3.244267e+000 -2.643397e+000 -2.097578e+000 7.588967e-001 -5.105200e-001 -1.862393e+000 -2.816310e+000 -1.159742e+000 -2.065810e+000 -1.005355e+000 -3.511646e-001 1.621418e+000 -3.937723e-001 -3.244612e-001 4.028583e-001 5.494453e-001 -5.415319e-001 -1.107788e+000 8.509725e-001 
2.727162e+000 1.611497e+001 1.551770e-001 6.590576e+000 -3.776330e-001 2.550191e+000 -4.294788e+000 -2.388728e+000 1.642359e+000 -8.980531e-001 -2.382984e+000 -2.749678e+000 -9.581874e-001 -1.715532e+000 -1.003479e+000 -2.002139e-001 2.128973e+000 2.141811e-002 -8.720839e-001 -1.325761e-001 3.595106e-001 -4.106692e-001 -1.036015e+000 2.856554e-001 
1.867431e+000 1.607724e+001 4.757539e-001 6.183082e+000 -1.086756e+000 2.596041e+000 -3.783290e+000 -2.529304e+000 1.451196e+000 -1.054311e+000 -2.224269e+000 -2.933198e+000 -8.089167e-001 -2.235378e+000 -1.070057e+000 -2.673613e-001 1.516106e+000 -2.892515e-001 -1.127531e+000 4.713068e-001 4.533821e-001 -2.829136e-001 -6.419011e-001 1.425467e-001 
2.508571e+000 1.618297e+001 8.232458e-001 6.727159e+000 3.754399e-001 2.103741e+000 -3.870582e+000 -3.498690e+000 1.454618e+000 -9.658588e-001 -1.468473e+000 -2.079184e+000 -1.377505e+000 -1.631362e+000 -1.452640e+000 -3.023748e-001 1.529701e+000 1.444489e-001 -9.236851e-001 2.645088e-001 3.216164e-001 -4.471584e-001 -3.485255e-001 3.097958e-001 
2.399157e+000 1.671686e+001 -2.452795e-001 7.369455e+000 6.977970e-001 2.765354e+000 -4.083546e+000 -3.862439e+000 1.197257e+000 -1.252207e+000 -1.180693e+000 -1.979557e+000 -5.741056e-001 -2.013610e+000 -9.670717e-001 -6.538599e-002 1.201888e+000 -5.927633e-002 -9.340132e-001 6.255063e-001 3.813280e-001 -1.817700e-001 -6.014495e-001 -2.299418e-001 
3.169413e+000 1.554711e+001 -1.019842e-001 5.880417e+000 1.697282e+000 1.863767e+000 -3.737927e+000 -3.649074e+000 7.430284e-001 -1.021897e+000 -9.086658e-001 -9.026619e-001 -6.965370e-001 -1.643828e+000 -8.640537e-001 2.475063e-001 1.371429e+000 1.808829e-001 -1.236970e+000 1.957547e-001 4.480206e-002 -4.536324e-001 -5.901298e-001 7.757942e-002 
3.087259e+000 1.500730e+001 2.469301e+000 5.338157e+000 1.518688e+000 2.313120e+000 -4.692222e+000 -2.824323e+000 1.257867e+000 -9.145387e-001 -1.394555e+000 -1.711388e+000 -8.408412e-001 -1.689188e+000 -9.454926e-001 1.671082e-001 1.031875e+000 5.726794e-002 -8.817760e-001 6.486276e-001 5.550652e-001 -3.398247e-001 -7.056346e-001 -2.189363e-001 
3.230810e+000 1.666684e+001 8.044091e-001 7.020769e+000 1.552742e-002 2.181386e+000 -4.117159e+000 -2.160475e+000 1.177890e+000 -1.295750e+000 -2.132481e+000 -1.659056e+000 -2.761395e-001 -1.415174e+000 -8.286239e-001 -3.127672e-001 1.397455e+000 7.102912e-002 -5.094623e-001 3.536277e-001 4.097832e-001 -3.339932e-001 -6.581931e-001 -1.746375e-001 
