16.59227 12.408950000000003 -4.4284159999999995 4.660961 -2.324121 -0.1767786 -4.835522 -0.30772019999999994 2.031183 -0.8367570999999999 -3.615658 -1.021667 1.9542400000000002 0.42719560000000006 -0.9792933 -0.4112604000000001 0.5368488 -0.6640707 0.6357071 -0.1798421 0.1256669 -0.3812871 0.5132853 0.41873590000000005 
15.788029999999996 11.65754 -4.326919 5.655462999999999 -0.5409522 -1.240117 -5.364671 -1.1529679999999998 2.059486 -0.96551 -3.660527000000001 -0.7918141 2.341194 0.43049470000000006 -1.156675 -0.42423799999999995 0.3126515 -0.7820644999999999 0.5213042 0.15710120000000002 -0.21630060000000004 -0.1139371 0.6262529 0.3389264 
14.678830000000001 12.602450000000001 -4.174167 6.986398 -1.320124 -0.43657400000000013 -6.091561 -1.6320440000000003 1.827771 -0.6209568 -3.9539149999999994 -0.7784934000000001 1.5654830000000002 -0.5281859999999999 -0.5373779 -0.06637627 0.5457662 -0.16755089999999997 1.035579 0.22721340000000007 0.33626539999999994 -0.7472819 -0.04659403 0.03523305999999999 
14.588099999999999 12.481030000000002 -2.843588 5.553274000000001 -1.301483 -1.0987349999999998 -4.509726 -1.920301 1.7130659999999998 -0.6295523 -3.366477 -1.292433 1.063562 -0.26165180000000005 -0.5564568 0.055798290000000014 0.42176869999999994 0.36495800000000006 0.7401524000000002 0.39460700000000004 0.08244248 -0.638722 0.1438467 0.1955709 
12.56111 12.525170000000001 -3.2118250000000006 6.644098 -0.9754658999999999 0.08739166 -4.881582000000001 -1.27153 1.3629479999999998 -0.7281861000000001 -3.6134510000000004 -1.1620550000000003 1.201195 0.5921162999999999 -0.6856388999999999 -0.08666682999999999 0.0724148 0.2557586 1.200988 0.2627957 -0.09797805000000001 -0.3834947 0.1506813 0.4838081 
11.435360000000001 12.534350000000002 -3.7665599999999992 5.996754000000001 -1.868644 1.130939 -3.6724260000000006 -0.21248329999999999 2.163206 -0.30329160000000005 -4.109082 -1.243558 0.41021179999999996 0.1324681 0.2680695 0.22787850000000004 -0.7381694000000001 -0.04256397 0.5136871 0.31042980000000003 0.24470520000000004 -0.08019099 0.6768799999999999 0.6840092000000001 
10.459760000000001 13.207359999999998 -3.1657119999999996 5.396355 -0.01009427 1.8355719999999995 -3.6957829999999996 -1.090992 0.010579649999999998 -0.5388899 -4.254008 -1.929413 1.259234 0.9619219 0.7213412999999999 -0.1534413 0.1343911 -0.6232274000000001 0.2745091 0.6168073 0.16278820000000002 0.025520949999999994 0.44214479999999995 0.9376809 
9.153659 12.96942 -3.8138989999999997 5.45504 0.1242959 2.055538 -4.453785 -0.2960555999999999 1.456753 -0.32851540000000007 -4.124688 -1.015694 1.826269 0.1701671 -0.7206953 -0.3017162 -0.5897405 -0.3373838 0.7782416999999999 0.7925681 0.34473699999999996 -0.5003287 0.41524999999999995 1.1213630000000003 
9.683676 13.380939999999999 -4.023287 5.631306000000001 0.2971905000000001 1.517749 -3.93374 -0.3308197 0.8491394999999999 -1.001094 -5.373975000000001 -1.055027 1.4288679999999998 -0.20383869999999998 -0.21719660000000002 0.2972317 0.37699749999999993 0.5862949999999999 0.7273433000000001 0.492385 0.007566588 -0.5946126 0.24844770000000002 0.4283259 
13.625770000000001 11.26701 -2.77439 4.137909999999999 0.7891263999999999 0.5042578999999999 -3.7098319999999996 -1.7314259999999995 2.028075 -1.118752 -3.3687569999999996 -1.6259510000000001 0.7844582999999999 -0.6069765 -0.9268872000000001 0.4787936 0.30218610000000007 0.01843907 0.6396404000000001 0.8361405 0.2982204 -0.3555563 -0.09685009 0.42439930000000003 
17.13659 12.20549 -4.141012 5.978699 -1.611366 -0.41660310000000006 -5.606664000000001 -0.3895998 1.974511 -0.6983806 -3.4410929999999995 -1.462408 1.4468940000000001 -0.3387927 -0.9005875000000001 0.3436492 0.9051635000000002 -0.4664278 0.6435959000000001 -0.24008009999999996 0.18326299999999998 -0.19732229999999998 0.2561153 0.1600555 
15.57361 13.93325 -5.579399000000001 7.035502999999999 -2.16821 1.7545719999999998 -6.232674000000001 0.2213075 0.6982768999999999 -0.7102196000000001 -4.309721 -1.429895 1.675003 -0.004018347999999999 0.09570234 -0.6846175 1.511118 -1.307282 1.775269 -0.4021911 0.3254217 -1.219864 0.3955796999999999 -0.07664313 
13.907669999999998 13.744870000000002 -5.178535 7.442141 -2.025864 1.630376 -5.225085 0.2632288 1.058575 -1.1580139999999999 -4.356496 -2.1779429999999995 1.6029470000000001 0.1309639 -0.09762150999999998 0.1850361 1.5155200000000002 -0.7566439000000001 0.9060290999999998 -0.20757120000000004 0.2768663 -1.47983 -0.24349590000000004 -0.09269649 
15.801540000000001 12.21503 -2.8698459999999995 5.861792 -1.659846 -0.05439954000000001 -3.909177 -1.370474 1.6824130000000002 -0.3639873 -3.510337 -1.356179 1.431493 -0.2244427 -0.7971449 -0.1459646 0.6437799000000001 0.2532523 0.6806525 0.24786470000000002 -0.1589273 -0.9570170000000002 -0.10867859999999999 0.5725493 
13.65831 14.380989999999999 -4.466491 6.423436000000001 -2.04806 0.7286172 -5.705179 -0.12689170000000002 2.0939009999999993 -0.7310071999999999 -3.1835370000000003 -1.4970490000000003 1.523529 -0.06400921999999999 0.06975093 -0.29041430000000007 -0.4488718 -0.7909259999999999 1.213503 0.454148 0.12339120000000002 -0.41680770000000006 0.2330531 0.3837549 
13.521569999999999 11.90293 -2.6817959999999994 5.414557000000001 0.04086112 0.027116510000000003 -4.939134 -0.2967199 2.804874 -1.466633 -3.782308 -1.160246 1.825998 0.20910929999999997 -0.32656630000000003 0.2193086 -0.41737130000000006 -0.7443605 0.6844131999999999 0.3822239 -0.1627971 0.09146383999999999 0.46034799999999987 0.3084628 
12.793369999999998 12.00235 -3.2162019999999996 4.501214 -0.3417534 0.8499131999999998 -3.9917890000000003 -0.7050731 1.937422 -0.383297 -3.2477559999999994 -2.120861 1.695409 1.047845 -0.12344920000000001 -0.20810360000000003 -0.1583715 -0.8975786 -0.16801930000000004 0.2822567999999999 0.2178567 0.1293269 0.6228189999999999 1.5940410000000003 
12.47146 13.356669999999998 -3.9915489999999996 5.298876 -1.6853839999999995 0.8441720000000001 -4.656579999999999 -0.33917490000000006 1.152553 -1.188903 -3.503262 -1.6039460000000003 1.9294290000000003 0.6313914 0.3557571 -0.06545798999999998 -0.5797474 -0.7621063 0.611097 0.46801700000000007 0.05673548 0.09719261 1.17933 1.03435 
12.30109 12.151160000000003 -3.451414 4.975329000000001 -1.21919 -0.4917194 -4.821263000000001 -0.5008809 2.025173 -1.7515479999999999 -3.714979 -1.6661909999999998 0.8009547999999997 0.3068292000000001 -0.06946683 0.7325497 0.0029935370000000005 -0.105001 0.8431357999999999 0.2843343 0.3319264 -0.24893980000000002 0.4096966000000001 0.6117088 
