9.424614e+000 2.578104e+001 -9.928834e+000 -7.387366e-001 -8.964631e-001 -7.256987e-001 -2.810374e+000 -1.033503e+000 9.718290e-001 -1.618958e+000 -5.178711e-001 -8.879350e-001 1.205969e+000 -1.138554e+000 -2.107647e-001 -9.707724e-001 -2.624096e+000 -1.107247e-001 -3.938110e-001 -1.231771e+000 -1.158112e+000 -1.140027e-001 -1.440548e+000 -5.000930e-001 9.262755e-001 -1.087083e+000 -5.870992e-001 3.100749e-001 -2.256475e-001 -9.645900e-001 1.401346e+000 1.380081e+000 -6.171048e-001 9.888274e-001 5.263555e-001 1.465360e-001 
8.588456e+000 2.529716e+001 -1.047643e+001 1.138539e+000 -2.702882e-001 -1.793881e-001 -2.872998e+000 -1.095560e+000 2.157406e-001 -2.123929e+000 1.347432e+000 -1.835308e+000 6.908812e-001 -5.622740e-001 -8.092907e-001 -9.559998e-001 -1.659843e+000 5.071339e-001 -1.065462e+000 -1.831132e+000 -1.495348e+000 -3.207998e-002 -7.357246e-001 -2.365070e-001 1.097543e+000 -1.215975e+000 -1.333875e+000 9.551733e-002 3.343347e-001 -5.957991e-001 9.028179e-001 1.346660e+000 -1.654471e-001 6.987961e-001 8.159280e-001 7.842817e-001 
7.781744e+000 2.391696e+001 -9.951059e+000 1.679044e+000 1.047409e+000 -3.285405e-001 -3.419146e+000 -1.078594e+000 -2.755345e-001 -2.487739e+000 1.012712e+000 -1.872566e+000 6.141357e-002 -1.434212e-001 -1.167274e+000 -9.514796e-001 -1.051907e+000 1.075739e-001 -1.240325e+000 -2.034154e+000 -1.552491e+000 4.961856e-001 -8.789214e-001 -1.071556e+000 1.744759e+000 -9.531302e-001 -2.013069e+000 1.760104e-001 4.478710e-001 -8.422404e-001 6.176950e-001 1.508088e+000 2.752822e-001 1.162794e+000 5.814583e-001 4.304322e-001 
6.082351e+000 2.407534e+001 -9.705413e+000 1.952076e+000 2.321355e+000 -4.297209e-001 -5.822674e+000 -2.125603e+000 5.140473e-001 -3.148766e+000 1.703232e+000 -2.214366e+000 -1.499256e+000 -2.213374e-001 -1.379292e+000 -1.166894e+000 -5.529690e-001 -4.380101e-001 -1.151082e+000 -2.583793e+000 -1.420854e+000 9.270399e-001 -1.082014e+000 -1.960312e+000 7.826368e-001 -6.953367e-001 -1.806035e+000 3.795859e-001 5.757148e-001 -1.185613e+000 5.914463e-001 1.367818e+000 1.804118e-001 7.900091e-001 1.133461e+000 1.177557e-001 
5.155681e+000 2.488905e+001 -9.545017e+000 2.722759e+000 5.001606e+000 -6.390139e-001 -4.737498e+000 -2.133525e+000 -1.216333e+000 -1.826273e+000 2.565478e+000 -2.973147e+000 -9.503086e-001 -6.315426e-002 -1.368748e+000 7.225391e-001 -1.660880e-001 -6.650992e-002 -7.405408e-001 -3.412746e+000 -9.874852e-001 1.803987e+000 -1.306736e+000 -1.977100e+000 1.014097e+000 -7.436347e-001 -1.047418e+000 1.032555e+000 1.218650e-001 -5.492353e-001 7.275480e-001 1.234260e+000 6.181865e-001 6.080869e-001 5.640350e-001 3.879189e-001 
4.164775e+000 2.293578e+001 -8.681013e+000 2.477140e+000 5.381189e+000 -9.987469e-001 -5.540376e+000 -3.309880e+000 -1.643556e+000 -2.378463e+000 7.360961e-001 -2.796034e+000 -2.435886e+000 -2.196704e-001 -6.153787e-001 2.447122e-001 -1.007029e+000 -8.985555e-001 -9.486767e-001 -3.477733e+000 -1.123528e+000 1.165724e+000 -2.382704e+000 -2.480870e+000 7.062962e-001 -6.692379e-001 -8.345822e-001 9.114546e-001 -6.813961e-002 -5.457630e-001 7.619383e-001 9.139801e-001 2.231223e-001 4.203190e-001 4.723281e-001 1.008438e-002 
1.241258e+000 2.547943e+001 -8.375192e+000 3.710056e+000 5.589134e+000 4.250533e-001 -5.991641e+000 -3.999502e+000 4.793449e-001 -2.972977e+000 1.437957e+000 -2.547558e+000 -1.647121e+000 -4.928714e-001 9.685883e-001 8.321441e-001 -1.358601e+000 -1.103513e-001 -9.276874e-001 -2.308238e+000 -7.036806e-001 5.736438e-001 -1.970604e+000 -2.087842e+000 1.236531e+000 -8.538066e-002 -1.055437e+000 1.042528e+000 5.705129e-001 -2.413498e-001 1.254810e+000 7.683826e-001 -3.285803e-001 4.951497e-001 6.998080e-001 9.961820e-002 
2.028194e+000 2.291042e+001 -4.668087e+000 -4.370082e-001 6.835949e+000 1.248722e+000 -7.963205e+000 -2.725598e+000 4.794237e-001 -3.502510e+000 2.475986e-001 -1.342836e+000 -3.920346e+000 -4.322978e-001 1.957015e+000 1.770778e-001 -1.382334e+000 -2.714762e-003 -8.774464e-001 -2.625042e+000 -4.260243e-001 -1.905056e-001 -2.437364e+000 -1.589877e+000 8.263650e-001 1.465873e-001 -8.771662e-001 6.827527e-001 8.982906e-001 -6.842357e-002 8.366955e-001 8.094678e-001 -2.032907e-001 1.589391e-002 3.547502e-001 1.448480e-001 
4.202696e+000 2.098101e+001 -4.618352e+000 1.974105e+000 6.452279e+000 -1.420658e-001 -5.948105e+000 -2.807153e+000 -3.707846e-002 -1.748289e+000 -5.669857e-001 -2.501998e+000 -3.340830e+000 3.290694e-001 1.928041e+000 2.649015e-001 -1.056865e+000 -6.857898e-001 -9.765928e-001 -1.832502e+000 -7.495720e-001 -5.006790e-001 -1.825754e+000 -1.037875e+000 9.363738e-001 -8.854819e-002 -1.193571e+000 4.696938e-001 1.200794e+000 6.217569e-001 9.975822e-001 5.289378e-001 -7.089656e-001 -3.862355e-001 6.124190e-001 6.032551e-001 
3.257258e+000 2.179509e+001 -4.957874e+000 3.221428e+000 5.258047e+000 -8.916997e-001 -6.061744e+000 -2.845141e+000 2.355178e-001 -1.558190e+000 -7.761329e-001 -3.531628e+000 -2.939780e+000 1.555770e-001 1.337252e+000 2.563639e-001 -1.736881e+000 -5.924979e-001 -1.247984e+000 -2.261604e+000 -4.988265e-001 -7.639245e-001 -1.706221e+000 -7.055416e-001 7.310317e-001 -6.579349e-001 -1.267972e+000 1.009825e+000 8.507812e-001 1.775893e-001 8.721674e-001 4.931085e-001 -6.239759e-001 -3.662653e-001 7.603993e-001 2.661551e-001 
5.650548e+000 1.835377e+001 -2.813153e+000 2.440566e+000 5.409221e+000 -1.592095e+000 -6.132142e+000 -2.359573e+000 3.823228e-001 -1.485604e+000 -1.940359e+000 -3.649181e+000 -3.368387e+000 4.812827e-001 1.692944e+000 -6.426504e-001 -1.825223e+000 -8.207839e-001 -1.185991e+000 -1.879785e+000 -9.402142e-001 -1.146592e+000 -1.615850e+000 -4.459483e-001 2.961042e-001 -1.011497e+000 -9.284169e-001 1.107849e+000 8.350219e-001 -3.011569e-002 7.457941e-001 4.364338e-001 -5.747725e-001 -4.990580e-002 3.255587e-001 -3.783636e-001 
1.555192e+000 2.345657e+001 -5.979630e+000 5.001087e+000 4.621011e+000 -1.486075e+000 -5.811483e+000 -2.718807e+000 1.475203e+000 -2.258719e+000 -5.714438e-001 -4.401420e+000 -3.115754e+000 1.310721e+000 1.256718e+000 -7.714245e-002 -1.994538e+000 -5.766493e-001 -8.193646e-001 -1.964454e+000 -9.829391e-001 -1.343223e+000 -5.414081e-001 -3.509588e-001 4.437857e-001 -9.637693e-001 -1.630718e+000 1.816353e+000 1.002796e+000 -7.359020e-002 7.212026e-001 2.041742e-001 -3.530018e-001 -2.689301e-002 6.958739e-001 -4.404553e-001 
4.002063e+000 1.913302e+001 -3.262263e+000 3.649407e+000 4.868631e+000 -1.592513e+000 -5.869420e+000 -2.639040e+000 3.613948e-001 -1.314770e+000 -1.515883e+000 -4.154561e+000 -3.506810e+000 6.174961e-001 1.514881e+000 -2.167760e-001 -1.714375e+000 -4.588831e-001 -9.513818e-001 -2.434415e+000 -1.498640e+000 -1.157855e+000 -6.216018e-001 1.339067e-001 3.521274e-002 -1.652323e+000 -1.352261e+000 1.825008e+000 1.372623e+000 -3.003356e-002 5.354419e-001 -9.704880e-002 -5.919154e-001 1.284302e-001 5.032639e-001 -3.460249e-002 
4.668490e+000 1.899707e+001 -2.569336e+000 3.341008e+000 5.001821e+000 -1.390901e+000 -5.546407e+000 -2.621750e+000 2.121070e-001 -6.822458e-001 -1.569675e+000 -4.435391e+000 -2.836177e+000 1.046944e+000 1.493641e+000 -1.814377e-001 -1.823431e+000 -7.502251e-001 -6.302559e-001 -1.909820e+000 -1.474381e+000 -1.252022e+000 -7.549277e-001 9.019794e-002 1.457819e-001 -1.350779e+000 -1.088139e+000 1.579921e+000 1.171513e+000 -1.617921e-001 4.963265e-001 2.998269e-001 -2.471515e-001 1.815571e-001 3.021683e-001 -2.535541e-001 
-2.797962e-001 2.511708e+001 -6.818698e+000 6.475501e+000 4.034118e+000 -1.372428e+000 -4.666366e+000 -3.931700e+000 2.955740e+000 -2.893172e+000 -2.045198e-001 -5.253635e+000 -2.534779e+000 1.411137e+000 1.499241e+000 6.115250e-001 -3.093081e+000 4.907713e-001 -6.834560e-001 -1.921259e+000 -1.290004e+000 -1.655697e+000 -4.209044e-001 2.561991e-002 4.960937e-001 -1.530996e+000 -1.267031e+000 2.008122e+000 1.105255e+000 4.381583e-002 3.577996e-001 5.188338e-001 -3.306316e-001 1.745009e-001 2.855248e-001 -3.429454e-001 
8.719644e+000 2.156896e+001 -3.539813e+000 1.887807e-001 3.854761e+000 3.362243e-001 -2.711992e+000 -1.434778e+000 -1.815756e-001 -1.226461e+000 -1.263371e+000 -1.425420e+000 -9.572081e-001 6.656827e-001 1.230156e+000 -8.724339e-001 -1.835345e+000 3.310316e-001 3.037456e-001 -1.310537e+000 -8.371229e-001 -9.724512e-001 -1.029793e+000 4.381249e-001 5.968999e-001 -6.113130e-001 -3.585988e-001 9.145567e-001 3.386122e-001 -6.034245e-001 5.128349e-001 9.692033e-001 2.458158e-001 4.236733e-001 1.850777e-001 -5.411749e-001 
9.714927e+000 2.616120e+001 -9.202776e+000 -8.286605e-001 -7.994296e-001 -4.544081e-001 -2.285674e+000 -2.258609e-001 9.913331e-001 -6.640570e-001 -9.953206e-001 -5.512288e-001 1.630586e+000 -9.452918e-001 2.700552e-001 -1.067657e+000 -2.330968e+000 1.008755e-002 1.537653e-001 -6.286553e-001 -8.608856e-001 -3.179350e-002 -1.143257e+000 -5.572028e-001 1.147436e+000 -6.132643e-001 -6.344467e-001 3.097488e-001 -3.847546e-001 -9.034727e-001 1.390321e+000 1.288062e+000 -5.894575e-001 7.685100e-001 5.019943e-001 -3.563558e-002 
8.266768e+000 2.527370e+001 -1.023418e+001 2.300745e-004 -4.523287e-001 -1.031516e+000 -2.955946e+000 -1.331137e+000 2.818164e-001 -2.144218e+000 5.872251e-001 -1.426712e+000 4.851578e-001 -8.835472e-001 -7.642126e-001 -1.393559e+000 -2.081479e+000 3.306298e-001 -8.832350e-001 -1.892095e+000 -1.346971e+000 -1.317798e-001 -1.050972e+000 -5.578582e-001 8.595143e-001 -1.187316e+000 -1.344209e+000 4.392661e-001 7.564572e-002 -7.713506e-001 9.830287e-001 1.292610e+000 -4.233481e-001 6.881927e-001 7.720836e-001 5.263891e-001 
7.270628e+000 2.547655e+001 -1.064807e+001 1.641520e+000 4.227413e-001 -4.751784e-002 -2.982972e+000 -1.074215e+000 1.626527e-001 -3.116331e+000 1.728908e+000 -2.212746e+000 9.077983e-001 -5.707083e-001 -1.022910e+000 -7.851178e-001 -1.698140e+000 6.934108e-001 -1.337973e+000 -1.742225e+000 -1.736279e+000 3.933182e-001 -7.343678e-001 -7.185923e-001 1.609179e+000 -1.273087e+000 -1.639293e+000 1.036580e-001 5.002834e-001 -7.641748e-001 6.641681e-001 1.539009e+000 -1.632575e-001 1.125994e+000 7.293184e-001 6.663895e-001 
5.689392e+000 2.475473e+001 -1.088479e+001 2.311024e+000 1.218910e+000 -4.512295e-001 -4.520414e+000 -2.578681e+000 1.111982e+000 -4.161519e+000 1.841827e+000 -2.631125e+000 -6.974520e-001 -5.485555e-001 -1.280570e+000 -9.960184e-001 -1.484553e+000 7.997758e-002 -1.852331e+000 -2.281414e+000 -1.633968e+000 8.137190e-001 -1.068697e+000 -1.825520e+000 1.370672e+000 -1.200547e+000 -1.685471e+000 1.356868e-001 2.661688e-001 -1.068988e+000 5.181311e-001 1.571087e+000 5.813430e-003 1.326165e+000 5.426873e-001 2.531815e-001 
6.499182e+000 2.310200e+001 -8.523451e+000 2.175932e+000 4.640976e+000 -9.486006e-001 -4.817731e+000 -2.095314e+000 -6.278208e-001 -1.471108e+000 1.813424e+000 -1.911872e+000 -1.506423e+000 1.719624e-001 -1.124110e+000 -2.546853e-001 -2.085670e-001 -2.185551e-001 -8.716296e-001 -2.896232e+000 -8.980675e-001 1.417044e+000 -9.514058e-001 -1.997584e+000 8.495929e-001 -5.262319e-001 -1.407897e+000 8.574430e-001 4.211805e-001 -8.402052e-001 4.747769e-001 1.390769e+000 6.702357e-001 6.358855e-001 9.841976e-001 1.983862e-001 
5.250730e+000 2.243013e+001 -7.805729e+000 2.347720e+000 6.048005e+000 -9.164863e-001 -4.767131e+000 -2.587916e+000 -1.552004e+000 -1.393804e+000 1.250233e+000 -2.324277e+000 -1.884968e+000 -9.696401e-002 -8.647802e-001 7.264622e-001 -2.497606e-001 -4.381055e-001 -5.278762e-001 -3.438562e+000 -8.826063e-001 1.616445e+000 -1.988754e+000 -2.095818e+000 7.093378e-001 -4.696330e-001 -5.730795e-001 1.022558e+000 3.674700e-002 -4.903145e-001 7.167765e-001 1.207183e+000 5.158866e-001 3.634741e-001 5.204700e-001 -2.198923e-002 
3.511425e+000 2.204023e+001 -6.929892e+000 2.451771e+000 6.146541e+000 -5.503985e-001 -5.884906e+000 -3.730176e+000 -1.269788e+000 -1.805775e+000 5.494988e-001 -2.175626e+000 -2.160744e+000 -9.362433e-002 -2.239129e-001 1.967837e-001 -8.709499e-001 -8.311636e-001 -8.341997e-001 -2.511187e+000 -8.805513e-001 4.656713e-001 -2.163927e+000 -2.252528e+000 7.466586e-001 -1.866767e-002 -8.764848e-001 8.804632e-001 2.133915e-001 -5.142283e-001 8.576857e-001 8.440484e-001 -1.317051e-002 4.857120e-001 7.421936e-001 -2.109852e-003 
5.345397e+000 1.922324e+001 -3.646648e+000 5.985427e-001 6.470973e+000 1.406012e-001 -6.203879e+000 -3.172296e+000 -5.114519e-001 -1.678396e+000 -3.921187e-001 -1.458977e+000 -3.025297e+000 -6.001393e-001 1.520777e+000 4.251979e-001 -8.413482e-001 -3.892485e-001 -9.448628e-001 -2.103773e+000 -5.730862e-001 -1.758278e-001 -2.066434e+000 -1.551860e+000 5.496279e-001 2.611430e-001 -5.975378e-001 3.723062e-001 9.362870e-001 2.718128e-001 4.928811e-001 8.345960e-001 1.713680e-001 -1.353344e-001 3.096767e-001 3.911266e-001 
-2.149090e-001 2.539145e+001 -6.967304e+000 2.210028e+000 5.923500e+000 8.910110e-001 -7.054868e+000 -2.872115e+000 1.053157e+000 -3.842857e+000 9.760624e-001 -2.407336e+000 -3.754281e+000 -1.600361e-001 2.118351e+000 7.457921e-002 -1.151244e+000 -1.695548e-001 -1.260892e+000 -1.953078e+000 -8.221139e-001 -2.528108e-001 -1.979729e+000 -1.521177e+000 1.017028e+000 1.207011e-001 -1.284812e+000 6.573567e-001 1.355214e+000 -8.894508e-002 9.956077e-001 7.975383e-001 -6.493868e-001 -1.306919e-001 5.174472e-001 2.158804e-001 
4.446346e+000 2.001141e+001 -3.680850e+000 2.205604e+000 5.622608e+000 -7.674137e-001 -5.699390e+000 -3.041526e+000 5.222399e-002 -8.618629e-001 -1.139469e+000 -3.032645e+000 -2.980625e+000 5.265400e-002 1.466806e+000 2.885537e-001 -1.124756e+000 -9.404296e-001 -1.252161e+000 -1.737583e+000 -6.684092e-001 -6.788064e-001 -1.720527e+000 -8.227545e-001 8.186963e-001 -3.826253e-001 -1.209066e+000 6.242838e-001 1.112312e+000 5.578677e-001 8.404183e-001 4.261995e-001 -6.633362e-001 -4.076265e-001 7.248732e-001 6.317783e-001 
2.926464e+000 2.109914e+001 -4.621643e+000 2.923991e+000 5.280682e+000 -1.212522e+000 -6.317570e+000 -2.682798e+000 6.300330e-001 -1.698260e+000 -1.535608e+000 -3.925764e+000 -3.314783e+000 4.139701e-001 1.424614e+000 -9.458585e-002 -1.783873e+000 -9.487937e-001 -1.335374e+000 -2.047900e+000 -7.169142e-001 -1.048216e+000 -1.664801e+000 -6.810814e-001 4.428552e-001 -8.368965e-001 -1.091820e+000 1.100256e+000 7.790527e-001 3.903509e-002 8.035076e-001 4.127167e-001 -6.308352e-001 -1.862025e-001 5.940898e-001 -2.542377e-001 
3.772811e-001 2.436782e+001 -6.807217e+000 5.694445e+000 3.906944e+000 -1.103531e+000 -5.622637e+000 -3.166151e+000 2.220164e+000 -2.892745e+000 -3.206649e-001 -4.699233e+000 -2.886150e+000 1.135943e+000 1.323268e+000 2.012359e-001 -2.356127e+000 -3.085289e-001 -1.112574e+000 -1.684979e+000 -9.294071e-001 -1.412304e+000 -8.362507e-001 -3.567795e-001 5.294671e-001 -7.411038e-001 -1.692338e+000 1.782478e+000 7.537367e-001 1.058765e-001 7.644256e-001 3.539819e-001 -4.979589e-001 -7.731302e-002 6.698222e-001 -3.603226e-001 
3.075222e+000 2.041758e+001 -3.539959e+000 4.241730e+000 5.256017e+000 -1.522889e+000 -5.988561e+000 -2.282183e+000 1.142641e+000 -1.403303e+000 -1.227780e+000 -3.795565e+000 -3.150951e+000 1.131146e+000 1.663292e+000 -2.956312e-001 -1.674941e+000 -3.581760e-001 -6.618260e-001 -2.065777e+000 -1.216672e+000 -1.008305e+000 -4.940339e-001 1.639920e-001 2.971796e-001 -1.406980e+000 -1.306995e+000 1.876485e+000 1.374302e+000 -3.180843e-002 6.175421e-001 1.098850e-001 -4.744315e-001 2.100541e-001 5.819271e-001 -3.524483e-001 
3.195485e+000 1.991567e+001 -3.707023e+000 3.846703e+000 4.477336e+000 -1.614217e+000 -5.801100e+000 -2.976289e+000 3.085514e-001 -1.163068e+000 -1.362158e+000 -4.439973e+000 -3.251065e+000 6.665709e-001 1.179670e+000 -1.426099e-001 -1.841888e+000 -7.361685e-001 -8.915070e-001 -2.286310e+000 -1.634993e+000 -1.230851e+000 -6.052555e-001 -7.280801e-002 8.901736e-002 -1.555039e+000 -1.392435e+000 1.777131e+000 1.095667e+000 -1.138911e-001 4.863405e-001 -5.728151e-002 -3.631947e-001 2.082087e-001 4.890538e-001 -1.215297e-001 
-4.164506e-002 2.418799e+001 -6.441494e+000 6.337735e+000 3.799546e+000 -1.236142e+000 -4.912442e+000 -3.913870e+000 2.269457e+000 -2.523691e+000 2.593706e-003 -5.476387e+000 -2.279338e+000 1.101293e+000 1.388220e+000 3.429504e-001 -2.841432e+000 2.194650e-001 -8.050227e-001 -1.567475e+000 -1.515268e+000 -1.594849e+000 -4.790246e-001 -1.780005e-001 6.451986e-001 -1.640406e+000 -1.005440e+000 1.647328e+000 1.175406e+000 -8.171393e-003 3.511778e-001 5.396697e-001 -4.412032e-001 3.004710e-001 2.091590e-001 -1.599876e-001 
