1.679446e+001 1.193762e+001 -4.937059e+000 1.073682e+001 -8.210031e+000 3.780910e+000 -3.032034e+000 1.043752e+000 -9.454739e-002 -2.890308e+000 -3.367509e+000 -2.563486e+000 5.146862e-001 -2.353293e+000 1.111053e+000 -8.158892e-001 -1.453679e+000 -8.844796e-001 2.577905e-001 1.078319e+000 -7.516454e-001 -2.807816e-001 -8.498887e-001 -1.405089e+000 -1.354033e+000 -4.724207e-001 3.723884e-002 -2.614026e-001 -8.871092e-001 -7.547932e-001 -4.504763e-002 1.918514e-001 -9.464417e-003 1.674953e-001 -2.013243e-001 -2.580382e-001 
1.770429e+001 6.302561e+000 -4.784920e+000 1.044549e+001 -8.910644e+000 5.727850e+000 -2.547704e+000 1.661577e+000 1.659116e+000 -9.619044e-001 -1.298736e+000 -1.466116e+000 7.940000e-001 -2.775436e+000 9.952733e-001 -8.035127e-001 -1.669134e+000 -2.690222e+000 -1.221498e+000 1.077353e+000 5.101350e-001 5.734099e-002 -9.431318e-001 -7.412691e-001 -1.132808e+000 -3.633216e-001 2.275276e-001 4.709209e-002 -1.001253e+000 -5.938654e-001 1.186340e-001 2.991493e-001 5.745947e-001 1.985617e-001 -1.163175e-001 -6.071940e-001 
1.808048e+001 2.486476e+000 -4.436529e+000 7.848358e+000 -1.188876e+001 3.628216e+000 -4.680716e+000 2.520340e-001 1.434778e+000 -2.010488e+000 -1.193428e+000 -9.195206e-001 1.517286e+000 -1.775480e+000 1.069650e+000 -5.867706e-001 -9.766079e-001 -1.858411e+000 -5.300933e-001 1.425477e+000 -9.528220e-002 -5.212154e-002 -6.477956e-001 -7.046971e-001 -1.310277e+000 -5.039404e-001 -2.213580e-002 -3.036893e-001 -9.986602e-001 -7.715275e-001 4.438794e-001 4.121769e-001 2.472479e-001 -4.185927e-002 -8.943547e-002 -7.010377e-002 
1.618730e+001 3.617670e+000 -5.125268e+000 7.118680e+000 -1.195529e+001 5.612908e+000 -5.235461e+000 -8.827792e-001 -1.427489e+000 -2.349803e+000 -2.848123e+000 -1.238534e+000 7.119709e-001 -2.257109e+000 -1.229419e-001 -1.747367e+000 -2.830337e+000 -2.542850e+000 4.781253e-001 1.723941e+000 9.724699e-002 -1.272770e+000 -1.128416e+000 -1.511971e+000 -1.405394e+000 -8.715741e-001 -2.986310e-001 -4.688884e-001 3.242579e-001 4.475359e-001 2.643212e-001 3.746088e-002 1.571461e-001 -2.229394e-001 1.243240e-001 6.331220e-001 
1.606276e+001 4.267640e+000 -5.658489e+000 8.082919e+000 -1.261535e+001 5.565009e+000 -5.769191e+000 3.880746e-001 -8.145620e-001 -9.511009e-001 -2.540441e+000 -2.589243e-001 6.331918e-001 -5.650768e-001 4.994415e-001 -5.299323e-001 -1.421280e+000 -1.803785e+000 2.972157e-001 1.269925e+000 8.060881e-001 -9.370213e-001 -1.306420e+000 -1.863834e+000 -1.363631e+000 -9.028325e-001 5.623340e-001 -3.281560e-001 4.640319e-001 -1.085260e-001 5.305467e-001 -4.113105e-001 2.773919e-001 7.583890e-002 -2.482427e-001 7.721279e-002 
1.670964e+001 4.569145e+000 -4.304474e+000 7.150461e+000 -1.191248e+001 4.357483e+000 -5.772803e+000 -1.529959e+000 -1.093804e+000 -2.371331e+000 -2.874988e+000 -1.674259e+000 1.355154e-001 -2.226901e+000 -9.244225e-001 -1.838734e+000 -2.063167e+000 -1.689424e+000 -1.595081e-001 5.040795e-001 -4.150754e-003 -1.227727e+000 -1.879031e+000 -1.695428e+000 -1.510065e+000 -8.161423e-001 -3.651935e-001 -3.634269e-001 -4.038475e-002 -1.555328e-001 3.332338e-001 2.496769e-002 1.227547e-001 2.899683e-001 4.641353e-001 -3.548005e-001 
1.684121e+001 4.125890e+000 -6.031666e+000 9.053361e+000 -1.192623e+001 4.687435e+000 -5.567494e+000 -1.128280e-001 -8.635726e-001 -1.392869e+000 -2.142209e+000 -1.175313e+000 1.294230e-001 -2.667137e+000 -2.905377e-001 -1.374293e+000 -1.716499e+000 -1.897821e+000 -1.258156e-001 5.608317e-001 -2.762983e-001 -9.492800e-001 -5.879524e-001 -7.778924e-001 -1.308526e+000 -1.315032e+000 -6.282190e-001 -9.736585e-001 -2.083911e-001 -4.598107e-001 2.968274e-001 4.188341e-001 5.246664e-001 2.489438e-001 3.797558e-001 -1.839402e-001 
1.622673e+001 2.344003e+000 -6.717377e+000 6.911786e+000 -1.117152e+001 3.367930e+000 -4.579027e+000 6.250489e-001 4.122868e-001 -7.029762e-001 -2.801238e+000 -7.074946e-001 5.258617e-001 -1.853517e+000 -5.455096e-001 -4.947468e-001 -1.980940e+000 -2.093978e+000 8.029873e-002 9.154552e-001 -1.432045e-001 -6.886944e-001 -4.198220e-001 -1.581082e+000 -1.061268e+000 -1.141125e+000 2.268912e-001 -8.159606e-001 -8.186443e-001 -3.473453e-001 2.751045e-001 2.281563e-001 -2.975264e-001 3.371361e-001 -9.777381e-002 -5.008517e-001 
1.524043e+001 9.064967e+000 -6.589296e+000 9.436529e+000 -9.310182e+000 4.002071e+000 -3.858152e+000 7.961924e-001 1.305743e-001 -2.344078e+000 -1.984821e+000 -2.577640e+000 2.836831e-001 -1.777992e+000 3.610511e-001 -7.420345e-001 -1.897716e+000 -1.809437e+000 -1.067935e-001 1.467279e+000 8.991187e-002 -1.395711e+000 -8.082504e-001 -1.039798e+000 -7.300347e-001 -7.356975e-001 -1.651192e-001 -4.605635e-001 -2.966129e-001 4.955077e-001 4.418491e-001 2.712656e-001 -5.495693e-001 3.205501e-001 -8.099478e-002 4.380745e-002 
1.458324e+001 1.483790e+001 -7.259946e+000 9.252693e+000 -5.694711e+000 3.925862e+000 -3.946780e+000 -1.430872e+000 1.798182e-001 -5.172777e+000 -8.505159e-001 -2.528392e+000 1.398710e+000 -2.832626e+000 -7.367989e-001 -1.479682e+000 -1.747813e+000 -7.768909e-001 -9.322937e-001 8.631331e-002 -2.716859e+000 -7.892911e-001 -9.315355e-001 -9.672897e-001 -1.772274e+000 -1.181681e+000 3.314177e-002 -5.175550e-001 6.686433e-001 6.116053e-001 6.012828e-001 -6.381626e-001 1.316604e-001 2.573391e-001 1.822553e-001 7.683849e-002 
1.637742e+001 1.798063e+001 -8.799588e+000 5.603505e+000 -2.671469e+000 3.092026e+000 -5.458928e+000 -3.025620e+000 -1.172978e+000 -6.559373e+000 -7.361938e-001 -1.479223e+000 8.643384e-001 -3.610807e+000 -1.060887e+000 4.374334e-001 -2.778126e+000 -3.412135e-001 -8.189720e-001 -1.292033e-001 -3.422600e+000 -1.777317e+000 -1.533641e-001 -1.272110e+000 -9.272181e-001 -2.354782e+000 2.777091e-001 -1.100804e+000 1.331373e-001 6.724276e-001 -2.036416e-001 7.419718e-001 -2.627859e-001 9.355919e-001 -8.144893e-001 5.641252e-001 
1.705487e+001 1.661126e+001 -9.729676e+000 4.212070e+000 -2.021162e+000 1.854048e+000 -6.495732e+000 -3.479652e+000 -1.722765e+000 -6.420397e+000 -1.258509e+000 -1.273663e+000 -7.377431e-001 -3.823281e+000 -1.262057e+000 2.241512e-001 -2.587274e+000 -1.702925e+000 -1.151589e+000 -1.229310e+000 -2.979540e+000 -1.700669e+000 -1.026455e+000 -2.105239e+000 -2.395753e+000 -1.482113e+000 2.603032e-001 -4.153085e-001 3.289657e-001 2.591765e-001 -4.160428e-001 1.992637e-002 3.475779e-001 5.928120e-001 -7.144312e-002 5.255321e-001 
1.699644e+001 1.969532e+001 -1.176293e+001 5.733137e+000 -1.360583e+000 3.964958e+000 -5.804870e+000 -3.228914e+000 -1.270316e+000 -6.499064e+000 -6.875278e-001 -9.409332e-001 -4.841003e-002 -3.371984e+000 7.076756e-001 1.139289e+000 -1.890680e+000 -2.109699e+000 -8.070091e-001 -7.460557e-001 -2.197465e+000 -4.931810e-001 -9.815183e-001 -1.822505e+000 -2.298921e+000 -7.769046e-001 6.240202e-001 2.255989e-001 5.157844e-001 -4.945514e-001 -3.035024e-001 2.551640e-001 1.092403e+000 3.366736e-001 1.781548e-001 3.191123e-001 
1.813424e+001 1.820302e+001 -1.058064e+001 4.195390e+000 5.687679e-001 3.263973e+000 -6.197982e+000 -3.853170e+000 -1.510397e+000 -5.775008e+000 -1.157602e+000 -3.383857e-001 -1.195276e+000 -2.328443e+000 5.573191e-001 1.062108e+000 -2.363933e+000 -2.591673e+000 -5.609225e-001 -1.162879e+000 -1.958861e+000 -1.101492e+000 -9.943090e-001 -2.248467e+000 -2.494914e+000 -8.119095e-001 2.559156e-001 4.660064e-001 2.709869e-001 -1.429603e-001 -4.249130e-001 6.014605e-001 1.088110e+000 5.018809e-002 -1.274606e-001 1.535463e-001 
1.865725e+001 1.668296e+001 -9.389187e+000 4.011007e+000 9.737770e-001 3.506064e+000 -6.808373e+000 -3.098879e+000 -2.059674e+000 -4.107390e+000 -1.671669e+000 -7.930588e-001 -1.709667e+000 -3.236509e+000 9.005755e-001 1.097254e+000 -1.128536e+000 -2.159518e+000 4.322747e-001 -7.119558e-001 -2.429837e+000 -1.878352e+000 -1.642701e+000 -1.952288e+000 -2.120853e+000 -4.316671e-001 3.246427e-001 1.106720e+000 4.021260e-001 -8.425266e-002 -5.599794e-002 3.354649e-001 9.356700e-001 -2.417929e-001 -4.344436e-001 1.706001e-001 
1.892477e+001 1.745084e+001 -9.610178e+000 3.527622e+000 -4.238070e-001 2.665096e+000 -7.622599e+000 -2.686166e+000 -2.510784e+000 -4.027095e+000 -2.097147e+000 -1.054090e+000 -1.644369e+000 -3.220783e+000 1.032288e+000 6.567413e-001 -1.564573e+000 -3.416575e+000 -7.803664e-001 -9.596059e-001 -2.111682e+000 -1.501274e+000 -1.185664e+000 -1.332488e+000 -2.295567e+000 -9.694729e-001 -2.091889e-001 1.722141e-001 2.708518e-001 -2.100739e-001 -3.182305e-001 5.398038e-001 1.008146e+000 2.368969e-001 -2.933992e-001 4.732000e-001 
2.299100e+001 1.551314e+001 -4.385295e+000 1.752165e+000 2.307156e+000 6.580067e-001 -3.601407e+000 -1.351001e+000 -1.000066e+000 -2.826690e+000 -9.298335e-001 -2.627137e-001 -8.936823e-001 -1.904055e+000 1.527157e+000 2.584756e+000 -9.903695e-001 -1.604294e+000 1.465757e-001 1.306835e-001 -8.360836e-001 -4.671865e-001 -4.054481e-001 -7.210824e-001 -9.762200e-001 -5.306400e-001 3.220588e-001 6.824847e-001 1.794269e-001 -7.142566e-001 -1.452317e-001 5.742575e-001 8.610644e-001 3.210534e-001 -5.966130e-001 -5.775168e-002 
1.869999e+001 1.317816e+001 -3.638537e+000 9.003671e+000 -6.313333e+000 1.583677e+000 -2.701254e+000 -9.673162e-002 5.262310e-001 -3.529290e+000 -2.741483e+000 -2.528583e+000 4.066091e-001 -1.860880e+000 9.305821e-001 -1.060315e+000 -2.765155e+000 -6.486560e-001 2.798171e-001 1.093127e+000 -1.071620e+000 -5.051231e-001 -5.446152e-001 -1.462769e+000 -1.219922e+000 -7.196515e-001 -9.455777e-002 -6.276601e-001 -6.061350e-001 -2.796361e-001 3.832484e-001 1.921364e-001 -3.010009e-001 1.319937e-001 -3.111167e-002 3.129159e-001 
1.924643e+001 6.661374e+000 -2.648807e+000 8.387566e+000 -7.852052e+000 3.983998e+000 -1.744345e+000 5.138548e-002 1.338822e+000 -1.158298e+000 -1.560625e+000 -2.377067e+000 5.900910e-001 -1.606163e+000 1.439946e+000 -4.823173e-001 -1.881985e+000 -1.376309e+000 -7.218373e-001 1.628654e+000 2.719467e-001 -7.586236e-001 -1.379471e+000 -1.096697e+000 -1.180262e+000 -9.284464e-001 -1.925588e-001 -5.283482e-002 -2.576194e-001 -1.519542e-001 4.625477e-001 3.074794e-001 1.869996e-001 -7.967695e-002 -5.222613e-001 -6.480075e-001 
1.788758e+001 3.595403e+000 -5.468712e+000 9.146622e+000 -1.177479e+001 4.725292e+000 -4.476966e+000 8.922388e-001 1.179275e+000 -9.649799e-001 -7.333957e-001 -1.471819e+000 9.226494e-001 -1.800635e+000 1.645502e+000 -1.407460e+000 -2.227015e+000 -2.452973e+000 5.905251e-002 1.374166e+000 1.876479e-001 -1.830565e-001 -1.132123e+000 -1.159766e+000 -1.849693e+000 -9.038414e-001 8.214570e-003 1.095923e-001 -5.893568e-001 -1.797641e-001 5.164860e-001 1.112294e+000 7.577146e-001 1.555772e-001 -2.422965e-001 -5.280822e-001 
1.715301e+001 2.617595e+000 -4.128492e+000 8.132811e+000 -1.043260e+001 4.450025e+000 -5.648111e+000 1.167176e-001 6.270461e-001 -1.996616e+000 -2.417438e+000 -1.901912e+000 5.279739e-001 -2.178763e+000 1.180382e+000 -6.768688e-001 -2.247414e+000 -2.564351e+000 -2.543809e-002 1.509847e+000 -8.193482e-002 -1.376398e+000 -1.717195e+000 -1.537488e+000 -1.568010e+000 -6.524679e-001 -2.001164e-002 -2.889289e-001 -2.705491e-001 6.837433e-001 5.119118e-001 -6.714137e-002 -1.650906e-001 -1.040905e-001 2.091946e-001 2.884599e-001 
1.760588e+001 4.217708e+000 -3.543858e+000 8.528533e+000 -1.042418e+001 5.458777e+000 -4.863554e+000 -2.667710e-001 -2.250379e-001 -1.620972e+000 -2.321984e+000 -1.108381e+000 1.388095e-003 -2.047545e+000 2.311928e-001 -7.579784e-001 -1.631924e+000 -2.887115e+000 -1.299386e+000 8.925943e-002 -4.638878e-001 -1.354140e+000 -1.352609e+000 -1.124255e+000 -1.374003e+000 -2.707450e-001 8.318887e-001 -2.941291e-001 -3.611507e-001 -6.465382e-002 9.076400e-001 4.700813e-002 -2.065108e-002 3.367178e-001 3.811075e-002 2.066888e-001 
1.610066e+001 4.513442e+000 -5.334263e+000 8.296572e+000 -1.143240e+001 4.808151e+000 -6.837876e+000 -1.109049e+000 -1.339237e+000 -2.520898e+000 -4.056820e+000 -1.504140e+000 2.602653e-001 -1.050470e+000 -5.982143e-002 -9.610543e-001 -2.336689e+000 -2.622036e+000 -1.043222e+000 -4.791312e-001 -8.708327e-001 -1.322370e+000 -1.339563e+000 -1.769580e+000 -1.317895e+000 -6.379024e-001 1.844755e-001 -4.504587e-001 2.116466e-001 2.306511e-001 7.149495e-001 1.217928e-001 1.674422e-001 -1.175371e-001 2.272189e-002 -2.013066e-001 
1.714646e+001 3.907753e+000 -5.139929e+000 8.182007e+000 -1.262476e+001 3.649286e+000 -5.318835e+000 -1.160342e+000 -9.501060e-001 -2.242231e+000 -2.028769e+000 -1.409415e+000 1.027532e+000 -1.897862e+000 9.228151e-001 -5.362711e-001 -8.942242e-001 -1.352114e+000 1.129002e-002 9.292215e-001 -1.249765e-001 -5.311634e-001 -9.196129e-001 -6.621649e-001 -1.092178e+000 -4.514807e-001 -3.401049e-001 -3.826019e-001 8.707881e-002 3.834536e-001 7.047863e-001 2.758122e-001 -4.632064e-002 -1.479322e-001 1.075317e-001 -4.501522e-001 
1.643265e+001 3.551355e+000 -4.923510e+000 8.454586e+000 -1.079990e+001 3.288329e+000 -6.009463e+000 -3.741872e-001 -5.338167e-001 -5.920668e-001 -3.365092e+000 -1.304690e+000 -3.861726e-001 -2.226260e+000 -9.082298e-001 -5.037665e-001 -7.301302e-001 -1.773482e+000 7.398122e-002 1.307524e-001 -1.237306e+000 -1.238587e+000 -2.527647e-001 -8.740001e-001 -7.179474e-001 -1.571270e+000 -2.182961e-001 -6.870943e-001 -1.211232e-001 -2.372196e-001 6.909911e-001 4.001972e-001 -1.309049e-001 -2.764217e-001 -2.477871e-001 -3.378017e-001 
1.585487e+001 6.185091e+000 -4.822859e+000 7.509230e+000 -9.417687e+000 2.398451e+000 -4.241304e+000 -1.077379e+000 -2.405910e-001 -1.780646e+000 -1.443204e+000 -2.064165e+000 9.648177e-001 -7.707272e-001 1.144796e+000 -2.144904e-001 -9.793610e-001 -1.163506e+000 -6.747985e-001 5.510494e-001 1.094764e-001 -3.530972e-001 -6.436436e-001 -6.218488e-001 -6.453597e-001 -4.695127e-001 -1.462883e-001 -4.647086e-001 -3.654574e-001 3.714934e-001 5.557254e-001 3.020839e-001 -6.308620e-002 3.735581e-001 -6.281727e-002 -7.206570e-001 
1.525396e+001 1.335245e+001 -6.388532e+000 7.853560e+000 -7.865728e+000 3.710734e+000 -3.000738e+000 -8.748754e-001 1.037349e-001 -4.022490e+000 -1.483169e+000 -3.238446e+000 6.900630e-001 -2.387255e+000 -2.066951e-001 -1.080963e+000 -2.035771e+000 -1.202937e+000 -1.328957e+000 2.856122e-001 -2.409535e+000 -1.300240e+000 -3.533100e-001 -4.251201e-001 -9.262247e-001 -5.116418e-001 2.082284e-001 -7.644339e-001 -3.915707e-001 -1.678572e-001 2.653097e-001 2.502789e-001 1.941421e-001 2.064171e-001 -7.498204e-002 -6.782241e-003 
1.820649e+001 1.462422e+001 -6.396644e+000 3.573399e+000 -2.597593e+000 2.835192e+000 -4.028544e+000 -1.093226e+000 -7.654749e-001 -5.531270e+000 -1.644138e+000 -1.542499e+000 -3.203831e-001 -3.185512e+000 -3.983737e-001 4.500531e-001 -1.666084e+000 -3.948656e-001 -2.344303e-001 -5.226219e-001 -3.500675e+000 -1.940401e+000 -2.727294e-001 -9.243339e-001 -1.501317e+000 -1.463854e+000 2.172378e-001 -3.528435e-001 2.959496e-001 4.307573e-001 1.166569e-001 2.514698e-001 7.679801e-002 3.914401e-001 -3.090997e-001 3.884407e-001 
1.810703e+001 1.719643e+001 -8.928044e+000 3.971041e+000 -2.780812e+000 2.930467e+000 -5.668441e+000 -1.437045e+000 -9.559662e-001 -5.582966e+000 -1.395121e+000 -1.201777e+000 -1.619461e-001 -3.449655e+000 2.014243e-001 3.975679e-001 -1.692544e+000 -1.493666e+000 -6.645196e-001 -7.645211e-001 -2.828933e+000 -1.373441e+000 -9.751308e-001 -1.240189e+000 -2.348086e+000 -8.591827e-001 5.536807e-001 -5.368418e-001 -1.966565e-001 -9.370255e-003 1.984947e-001 2.114570e-001 1.099290e+000 1.849226e-001 -2.253905e-001 3.609319e-001 
1.915323e+001 1.580738e+001 -8.968297e+000 3.188969e+000 -5.960712e-001 2.335878e+000 -5.697694e+000 -3.247275e+000 -1.436474e+000 -5.786059e+000 -1.114022e+000 -4.577259e-001 -1.403064e+000 -2.837487e+000 6.780760e-002 1.133283e+000 -1.583467e+000 -1.883501e+000 -9.856940e-001 -1.458903e+000 -1.994178e+000 -7.221204e-001 -8.188993e-001 -1.813701e+000 -2.639690e+000 -9.322218e-001 4.523111e-001 1.986710e-001 4.005314e-001 -2.036416e-001 -1.745142e-001 2.633959e-001 8.205750e-001 4.076456e-001 -5.041362e-002 3.571344e-001 
1.797984e+001 1.749834e+001 -1.011833e+001 4.288116e+000 3.810594e-001 3.183831e+000 -7.492184e+000 -4.065269e+000 -2.318785e+000 -5.280793e+000 -8.383893e-001 -2.981599e-001 -1.469770e+000 -3.741139e+000 4.227741e-001 4.529508e-001 -1.734700e+000 -2.189019e+000 -1.270697e-001 -8.529389e-001 -2.109773e+000 -9.740158e-001 -1.423914e+000 -1.494131e+000 -2.932590e+000 -7.166303e-001 4.357546e-001 4.348811e-002 6.123861e-001 -1.738237e-001 -2.454994e-001 4.203771e-001 1.242955e+000 -3.817849e-001 -5.490383e-001 6.278578e-002 
1.903427e+001 1.696215e+001 -9.563779e+000 3.909441e+000 5.530882e-001 3.521664e+000 -6.813712e+000 -2.889352e+000 -2.351401e+000 -4.283383e+000 -2.039683e+000 -7.840489e-001 -1.017554e+000 -2.784804e+000 1.488977e+000 9.071986e-001 -2.066489e+000 -3.142272e+000 -5.672270e-001 -1.073344e+000 -2.106901e+000 -1.079262e+000 -8.249809e-001 -1.704385e+000 -2.220390e+000 -6.563653e-001 -1.493278e-001 5.151789e-001 2.810196e-001 -1.826664e-001 -2.027251e-001 5.415024e-001 1.178987e+000 7.821130e-002 -1.521243e-001 3.465974e-001 
1.804107e+001 1.814483e+001 -1.088155e+001 4.615619e+000 -1.138612e+000 3.488649e+000 -7.725213e+000 -2.583935e+000 -2.972572e+000 -3.623754e+000 -2.292623e+000 -5.809912e-001 -1.228906e+000 -3.330137e+000 1.138579e+000 7.013621e-002 -1.917105e+000 -3.650659e+000 -4.824600e-001 -1.020212e+000 -1.603620e+000 -1.555496e+000 -8.777419e-001 -1.379073e+000 -2.255572e+000 -1.139221e+000 -3.488411e-001 -6.897516e-002 5.837266e-004 1.281993e-002 -2.001294e-001 1.129133e+000 9.397662e-001 -2.133222e-002 -5.097348e-001 -3.622646e-002 
