6.368878e+000 8.292490e+000 -3.335559e+000 2.243229e+000 -3.632812e+000 4.407259e-002 -4.733076e+000 3.141991e+000 -2.103842e-001 2.008779e+000 -4.938582e+000 -9.817177e-001 -1.706077e+000 2.173629e+000 -9.727683e-001 1.040362e+000 -4.608489e-001 -2.039010e+000 -1.482757e+000 -1.151876e+000 3.528228e-001 -2.323917e+000 2.546548e-001 -8.713613e-001 7.590107e-001 -1.490366e+000 1.034872e+000 -4.082590e-002 1.079602e+000 -1.947213e-001 6.955748e-001 -1.947113e-003 4.088055e-001 8.042443e-002 8.718280e-001 9.438941e-001 
5.379590e+000 8.980662e+000 -3.245010e+000 1.161412e+000 -3.736551e+000 2.317369e+000 -5.848401e+000 2.190846e+000 -8.183928e-001 2.090447e+000 -5.513544e+000 -2.329398e+000 -3.167348e+000 2.525995e-001 -2.402450e+000 5.550687e-001 -1.206048e+000 -2.554985e+000 -1.193137e+000 -7.800947e-001 4.904177e-001 -2.295006e+000 5.998963e-001 -1.035942e+000 1.105232e+000 -1.351352e+000 8.908843e-001 -4.942215e-001 1.991750e-001 -2.804403e-001 9.431062e-001 -5.672914e-001 -2.148283e-002 -7.335079e-001 3.211096e-001 1.458026e-001 
4.647125e+000 8.577048e+000 -4.088936e+000 5.957944e-001 -3.746348e+000 8.000851e-001 -7.883926e+000 1.293224e+000 -9.608545e-001 5.842731e-001 -5.604833e+000 -1.706248e+000 -1.963290e+000 2.252545e-002 -2.214393e+000 1.223697e+000 -1.378265e+000 -2.717326e+000 -9.974339e-001 -5.046185e-001 -8.250910e-002 -3.324844e+000 2.416313e-001 -6.652002e-001 3.113232e-001 -2.752716e+000 8.143677e-001 1.249820e-001 7.851755e-001 -2.779291e-001 1.011891e+000 -2.530081e-001 2.469018e-001 -2.618048e-001 2.719479e-001 5.886410e-002 
5.357068e+000 9.725435e+000 -3.775115e+000 -1.227158e-001 -4.405837e+000 9.709076e-001 -8.118189e+000 1.618839e+000 -9.478469e-001 6.059008e-002 -5.701529e+000 -2.282474e+000 -1.348085e+000 2.063002e-001 -2.343133e+000 5.112906e-001 -1.760950e+000 -2.057647e+000 -6.394832e-001 -1.188923e-001 3.874102e-001 -2.209464e+000 -2.095369e-001 -1.078027e+000 6.872806e-001 -1.946985e+000 9.160917e-001 -4.294629e-001 8.651906e-001 2.129897e-002 7.974651e-001 -2.241633e-001 -2.326702e-001 -9.715140e-002 1.100743e-001 4.348797e-001 
5.381272e+000 7.820751e+000 -4.454499e+000 1.725740e-001 -4.996138e+000 -8.444675e-002 -8.136729e+000 6.614648e-001 -6.208883e-001 2.145267e-001 -4.613292e+000 -1.596889e+000 -1.497278e+000 8.289355e-002 -2.518633e+000 1.711734e-001 -1.682677e+000 -2.728058e+000 -1.084078e+000 5.663482e-001 5.879838e-001 -2.009868e+000 -2.606570e-002 -6.823405e-001 5.993121e-001 -1.783934e+000 9.494177e-001 3.367001e-001 6.151494e-001 -2.683201e-001 3.298234e-001 -4.175164e-001 -3.558147e-001 -2.127629e-001 2.862033e-001 4.391952e-001 
7.084487e+000 8.625648e+000 -1.532110e+000 2.077809e+000 -4.143681e+000 1.190520e+000 -7.969033e+000 1.011229e+000 -1.676436e+000 2.858004e-001 -4.015942e+000 -1.836894e+000 -2.840129e+000 3.794183e-001 -2.298057e+000 -6.835190e-001 -1.627275e+000 -2.115197e+000 -8.864533e-001 -8.290660e-001 -4.829034e-001 -2.655711e+000 1.601056e-001 -5.759155e-001 1.429802e-001 -1.744244e+000 8.044052e-001 -2.050617e-001 6.441846e-001 -3.617895e-001 3.437603e-001 1.515725e-001 -1.141194e-001 -8.809448e-001 -1.776677e-001 2.763945e-001 
8.266703e+000 7.567981e+000 -1.350107e+000 3.143490e+000 -4.098779e+000 2.509247e+000 -6.588201e+000 2.809219e+000 -2.529229e+000 6.619096e-001 -5.096037e+000 -1.695142e+000 -3.401523e+000 1.294294e+000 -2.480996e+000 8.694328e-001 -1.542187e+000 -3.241406e+000 -1.229029e+000 -8.019181e-002 3.291619e-001 -2.573335e+000 -2.845154e-001 -1.231497e+000 1.445232e+000 -1.747160e+000 1.050394e+000 -5.966567e-001 9.035223e-001 -2.657388e-001 1.224820e+000 -4.603565e-001 -1.639825e-001 -1.131141e+000 1.782910e-001 -2.484290e-001 
8.123140e+000 7.491430e+000 -4.336801e+000 2.261269e+000 -5.176782e+000 1.985956e+000 -5.088510e+000 2.734659e+000 -1.946230e+000 8.165753e-001 -4.916567e+000 -2.326784e+000 -2.712933e+000 6.049037e-001 -2.086232e+000 8.463209e-001 -6.952301e-001 -2.115611e+000 -8.389038e-001 -3.227330e-002 2.728089e-001 -3.455616e+000 4.133179e-002 -7.146232e-001 1.255442e+000 -1.516249e+000 1.261147e+000 -2.290091e-001 5.391704e-001 -6.574124e-001 7.743937e-001 -1.174034e+000 -1.730105e-001 -9.197490e-001 3.171489e-001 8.102790e-002 
6.903224e+000 9.875609e+000 -2.255905e+000 1.957160e+000 -4.572574e+000 1.153591e+000 -5.397602e+000 1.521573e+000 -2.676996e+000 4.113094e-001 -4.423865e+000 -1.669478e+000 -2.366222e+000 8.095264e-001 -1.888791e+000 -2.071448e-001 -1.173426e+000 -2.836997e+000 -1.795407e+000 -9.156143e-001 -3.921858e-001 -2.389459e+000 1.977492e-001 -5.154541e-002 1.129067e+000 -1.421697e+000 5.975235e-001 -1.280539e-001 1.043261e+000 -9.904686e-001 -5.607084e-002 -7.688965e-001 1.725885e-001 1.099966e-001 2.771261e-001 -3.405094e-001 
4.112275e+000 1.226086e+001 -3.481404e+000 2.922593e+000 -2.420713e+000 1.335935e+000 -4.019330e+000 1.804586e+000 -4.874414e-001 6.589206e-001 -3.288181e+000 -1.139930e+000 -1.792335e+000 1.424280e+000 -3.206547e-001 3.555502e-001 -1.574032e+000 -2.731501e+000 -7.898945e-001 -1.708904e-001 -3.667263e-001 -2.245809e+000 6.899143e-002 1.942589e-001 1.054602e+000 -2.160756e+000 4.285367e-001 3.907492e-001 6.338684e-001 -3.914274e-001 6.958655e-001 9.668159e-002 -7.298835e-001 -2.861632e-001 1.132330e-001 1.699669e-001 
2.626559e+000 1.448117e+001 -4.587355e+000 1.387166e+000 4.425675e-001 2.048450e+000 -2.543327e+000 7.277832e-001 3.583734e-001 -1.046648e+000 -2.784041e+000 -2.114415e+000 -7.512386e-001 4.929908e-001 -1.037660e+000 2.451590e-001 -4.620966e-001 -2.294957e+000 -1.132360e+000 1.267292e-002 -2.751879e-001 -2.588237e+000 -6.275283e-001 -6.928138e-002 2.484788e-001 -7.919554e-001 2.929577e-001 5.008516e-001 -2.354789e-001 5.699932e-002 3.249961e-001 -2.790633e-001 -1.123264e+000 -2.276590e-001 -1.749508e-001 -5.760942e-002 
6.780663e+000 1.608725e+001 -4.224269e+000 -1.014647e+000 -7.861891e-001 2.503791e+000 -3.933490e+000 -2.176442e+000 3.636286e-001 -2.476309e+000 -3.491222e+000 -6.306517e-001 2.929208e-001 -9.145759e-001 -2.009144e+000 5.193783e-001 -3.659140e-001 -3.397557e+000 -1.161575e+000 6.634677e-001 -9.784198e-001 -3.065242e+000 -6.330139e-001 6.762062e-001 1.887068e-001 -7.483746e-001 2.268318e-001 -5.411587e-001 -5.079654e-001 3.272701e-001 -2.206527e-001 4.877365e-001 -3.920614e-001 1.048557e-001 2.146182e-001 -3.025440e-001 
1.099236e+001 1.630578e+001 -5.331460e+000 -1.001845e+000 -1.004634e+000 4.047504e+000 -4.942977e+000 -3.598886e+000 1.939929e-001 -2.332475e+000 -3.843011e+000 8.315693e-001 1.751379e+000 -1.365007e-001 -1.637407e+000 -1.487596e-001 -8.497740e-001 -4.754298e+000 -1.342051e+000 1.469350e+000 -1.949253e+000 -3.216006e+000 2.024273e-001 4.877061e-002 6.780905e-002 -6.926566e-001 4.924523e-001 -9.740894e-001 -8.581218e-001 1.126845e+000 -8.222899e-001 2.718138e-001 -2.643411e-001 1.911481e-001 -1.778963e-001 -9.293473e-001 
1.290895e+001 1.608196e+001 -8.029806e+000 -1.919195e+000 -1.738400e+000 3.154874e+000 -5.097685e+000 -3.302991e+000 -3.078195e-001 -1.415397e+000 -4.386729e+000 1.748983e+000 1.534072e+000 7.706253e-001 -1.764446e+000 3.095444e-002 1.720045e-001 -5.457480e+000 -5.496004e-001 1.574326e+000 -2.353202e+000 -2.752413e+000 7.917725e-001 6.629115e-002 7.343557e-002 -1.810124e-001 9.603242e-002 -1.373940e+000 -7.761972e-001 2.028431e-001 -7.290895e-001 -1.640255e-001 -4.701350e-001 1.985336e-001 6.424786e-001 -8.998526e-001 
1.653698e+001 1.555779e+001 -8.759659e+000 -2.357856e+000 -1.643625e+000 3.318434e+000 -6.888437e+000 -1.681786e+000 -1.600575e+000 -1.904248e+000 -3.749961e+000 1.174553e+000 3.096137e-001 9.522571e-001 -2.498640e+000 -3.125334e-001 4.921054e-001 -6.190988e+000 -7.857911e-001 1.660218e+000 -3.644057e+000 -3.537624e+000 6.599344e-001 7.206229e-001 5.946089e-001 -4.263722e-001 -4.093179e-001 -1.611847e+000 -4.596208e-001 -2.824357e-001 1.907131e-001 -2.284050e-001 1.485468e-001 7.561342e-001 1.359549e+000 -5.006844e-001 
1.799015e+001 1.516807e+001 -9.097719e+000 -2.341362e+000 -9.561133e-001 2.428728e+000 -7.074821e+000 -2.278994e+000 -1.192463e+000 -1.939875e+000 -2.887662e+000 1.409252e+000 6.455013e-001 7.744896e-001 -3.221040e+000 -4.717272e-001 -2.530770e-002 -6.786263e+000 -8.242235e-001 1.731910e+000 -3.757100e+000 -3.220412e+000 1.434798e+000 7.844167e-001 -2.901832e-001 -5.759162e-001 -1.135810e-001 -1.109990e+000 -3.701143e-001 -7.896844e-001 4.225621e-001 7.298162e-001 -4.310464e-002 5.384778e-001 8.206157e-001 -5.249969e-001 
1.705847e+001 1.536527e+001 -1.053972e+001 -2.422845e+000 -1.843887e+000 2.697935e+000 -7.671708e+000 -2.443426e+000 -1.163324e+000 -1.072576e+000 -2.901953e+000 2.294138e+000 1.528687e+000 4.854542e-001 -2.586450e+000 -2.830410e-001 -4.937518e-001 -5.856262e+000 -1.623790e+000 2.655878e+000 -1.721177e+000 -4.039260e+000 1.772590e+000 1.490543e-001 -1.146968e+000 -1.042906e+000 1.046487e-001 -1.104117e+000 1.317990e-002 -4.500285e-002 4.788300e-001 1.447468e+000 -3.887775e-001 8.563843e-001 1.531874e+000 -1.184080e+000 
2.087444e+001 1.469789e+001 -8.309388e+000 -1.327004e+000 -9.010894e-001 2.251917e+000 -5.308596e+000 -1.645752e+000 1.918345e+000 -2.027336e+000 -1.442913e+000 1.473290e+000 1.184706e+000 -4.062156e-001 -1.994600e+000 -2.888437e-001 -4.982676e-001 -3.360611e+000 3.367649e-001 2.445000e+000 -7.573202e-001 -2.744557e+000 4.417761e-001 1.083968e+000 -7.933022e-001 -8.599145e-001 -9.066813e-002 -8.199597e-001 2.942944e-001 5.598670e-001 -4.326031e-002 9.551262e-001 3.624883e-001 1.071762e+000 2.759801e-001 2.655870e-001 
1.199278e+001 9.542115e+000 -3.906283e+000 -3.119876e-001 -1.630149e+000 6.700502e-001 -3.652700e+000 1.191701e+000 -6.985563e-002 1.179762e-001 -2.588295e+000 2.554041e-001 -3.105864e-001 7.844695e-001 -9.914335e-001 1.186816e+000 5.352110e-003 -1.285351e+000 -6.462732e-002 4.523191e-002 1.043578e-002 -1.707282e+000 5.802879e-001 -1.997686e-001 -1.080521e-001 -1.325967e+000 4.739342e-001 8.082205e-002 1.977191e-001 7.404540e-001 4.094006e-001 4.415395e-001 3.722905e-001 -8.105881e-002 2.649958e-002 -1.608820e-001 
8.022493e+000 9.998085e+000 -1.335331e+000 1.547590e+000 -2.962792e+000 9.318592e-001 -6.247071e+000 8.809163e-001 -1.174421e+000 1.922393e+000 -4.178028e+000 -1.391524e+000 -3.215076e+000 6.732617e-001 -2.704446e+000 8.073132e-001 -1.198456e+000 -1.998539e+000 -8.247197e-001 -1.146125e+000 -1.785927e-001 -2.565754e+000 2.482080e-001 -1.101446e+000 9.642522e-001 -1.820473e+000 3.161776e-001 -1.841850e-002 7.042353e-001 -4.785186e-001 5.391367e-001 2.785200e-001 5.384793e-001 -2.598771e-001 -4.731013e-001 -5.486760e-001 
5.937448e+000 9.676728e+000 -2.438611e+000 8.316443e-001 -4.176541e+000 4.815674e-001 -7.461893e+000 1.485285e+000 -1.084757e+000 1.016482e+000 -5.855239e+000 -2.111224e+000 -2.578538e+000 -1.293142e-001 -2.579200e+000 6.240209e-001 -2.065408e+000 -3.408963e+000 -2.555700e+000 -9.695691e-001 -6.452215e-001 -3.252307e+000 5.651606e-001 -9.141978e-001 2.654832e-001 -3.179279e+000 3.864642e-001 -3.254759e-001 2.611056e-001 -9.716446e-002 8.566308e-001 -2.381424e-001 -1.489746e-001 -1.257818e-001 7.177476e-002 3.732680e-002 
5.362831e+000 1.037536e+001 -1.645578e+000 1.858143e+000 -3.607453e+000 2.419680e+000 -7.912768e+000 1.157080e+000 -1.605278e+000 7.652681e-001 -4.591828e+000 -1.653776e+000 -1.356046e+000 1.515754e-001 -1.450699e+000 7.124859e-001 -2.066598e+000 -3.264721e+000 -1.381239e+000 -1.054587e+000 -3.542982e-001 -3.472655e+000 -1.702302e-001 -7.182603e-001 6.796518e-001 -1.696693e+000 3.692157e-001 -4.888793e-001 8.551246e-001 -7.371963e-003 1.000736e+000 -1.024245e-001 -4.107303e-002 -4.775890e-001 -2.417838e-002 2.265737e-002 
6.591362e+000 1.059020e+001 -3.619258e+000 9.162309e-001 -4.124527e+000 1.399057e+000 -6.867812e+000 1.092671e+000 -1.204990e+000 9.204386e-002 -4.963229e+000 -1.756138e+000 -1.716570e+000 3.531755e-001 -2.484253e+000 7.332583e-001 -2.023973e+000 -3.728610e+000 -2.250344e+000 -8.716844e-001 -3.877528e-002 -2.767440e+000 -5.047613e-001 -1.045905e+000 1.273909e+000 -1.773272e+000 -1.505334e-001 -9.606875e-001 5.660573e-001 4.409157e-001 9.015833e-001 -5.292442e-001 -7.551100e-002 -4.371914e-001 -4.441843e-002 -8.028058e-002 
6.600584e+000 7.595794e+000 -3.861557e+000 2.785008e-002 -4.409412e+000 1.891989e+000 -6.698772e+000 2.382622e+000 -1.360961e+000 -6.946965e-001 -5.555053e+000 -1.695636e+000 -2.038766e+000 -1.923129e-002 -2.304713e+000 -4.739951e-001 -1.514479e+000 -2.828192e+000 -1.646658e+000 -7.144193e-001 -4.509784e-001 -2.700945e+000 -4.205144e-003 -6.333443e-001 3.238880e-001 -2.087863e+000 3.177234e-001 -5.205979e-002 1.253618e-001 -4.010379e-001 3.655537e-001 2.406630e-002 2.363562e-001 -4.031753e-001 1.996734e-001 9.950340e-002 
6.542630e+000 6.570636e+000 -2.837036e+000 9.527405e-001 -6.005844e+000 1.772147e+000 -6.641558e+000 3.510739e+000 -1.628404e+000 -7.878585e-002 -4.984779e+000 -4.747260e-001 -2.112496e+000 1.780579e+000 -2.048479e+000 6.434792e-001 -1.485014e+000 -2.779489e+000 -7.796483e-001 -9.368814e-001 -8.904255e-001 -3.504132e+000 -6.137097e-001 -1.532407e+000 2.169390e-001 -2.847719e+000 5.933140e-001 -7.438832e-002 1.145822e+000 -1.857851e-001 1.042875e+000 2.076492e-002 8.367612e-001 -1.899832e-001 5.706082e-001 -7.083353e-002 
8.274401e+000 7.039030e+000 -4.251662e+000 1.633504e+000 -6.043944e+000 1.984149e+000 -5.527728e+000 2.280648e+000 -2.719959e+000 5.827611e-001 -4.361567e+000 -1.961745e+000 -1.761700e+000 1.008983e+000 -2.591749e+000 -3.514791e-001 -1.349523e+000 -2.405757e+000 -6.757517e-001 6.580777e-002 -4.169399e-002 -3.021373e+000 -2.141585e-001 -8.490252e-001 5.850269e-001 -1.816912e+000 1.230499e-001 -7.538389e-001 5.974614e-001 -6.721991e-002 1.371518e+000 -1.318875e-001 5.143207e-001 -2.618427e-001 7.495747e-001 2.350357e-001 
8.295777e+000 8.880624e+000 -3.764575e+000 1.456036e+000 -4.702588e+000 1.250513e+000 -5.521196e+000 1.841810e+000 -2.464249e+000 3.341281e-001 -4.503993e+000 -1.277371e+000 -2.630694e+000 2.013326e-001 -2.254846e+000 -2.590039e-001 -7.595648e-001 -2.930695e+000 -1.266863e+000 -1.760590e-001 -2.791880e-001 -3.273806e+000 -4.494087e-001 -6.976001e-001 -2.735169e-002 -2.364960e+000 2.139348e-003 -3.255994e-003 7.829494e-001 -3.743746e-001 9.239343e-001 -9.627054e-002 7.083015e-001 2.960456e-002 -4.394055e-002 -4.086856e-001 
4.895266e+000 1.025884e+001 -2.844137e+000 1.656122e+000 -3.517940e+000 1.157502e+000 -4.066023e+000 1.638828e+000 -1.162801e+000 5.911161e-001 -3.006004e+000 -1.004980e+000 -1.480346e+000 6.996240e-001 -6.076048e-001 9.061032e-001 -7.199085e-001 -1.421547e+000 -7.545552e-001 -2.489767e-001 -3.362413e-001 -2.401254e+000 -3.441542e-001 -5.286438e-001 1.605415e-001 -2.487181e+000 3.472637e-001 4.416400e-001 8.491507e-001 -4.033766e-001 7.742642e-001 5.174512e-001 -4.102300e-002 -2.221682e-002 1.647896e-001 8.689329e-002 
3.039896e+000 1.314353e+001 -2.839222e+000 2.571108e+000 -2.985415e-001 2.283480e+000 -2.599800e+000 7.098492e-001 -1.052736e+000 6.309408e-002 -2.570905e+000 -1.378518e+000 -1.544316e+000 1.142686e+000 -9.730135e-001 3.314708e-001 -8.102651e-001 -1.734270e+000 -4.429411e-001 -8.944813e-004 -4.271876e-001 -3.019011e+000 -8.208336e-001 -6.225812e-001 1.079868e+000 -1.312645e+000 3.291906e-001 2.020297e-001 -3.387456e-001 -7.261906e-001 4.952521e-001 3.769068e-001 -1.877752e-001 2.093664e-001 1.410853e-001 3.995270e-001 
2.105155e+000 1.723006e+001 -4.815134e+000 6.176033e-001 -1.557900e+000 2.734749e+000 -3.374111e+000 -1.324971e+000 -2.993620e-001 -1.695670e+000 -3.317535e+000 -1.226763e-001 5.237126e-001 3.445410e-001 -1.377054e+000 9.178239e-001 3.790283e-001 -2.675734e+000 -7.120926e-001 1.001424e+000 -6.738736e-001 -4.005058e+000 -2.415601e-001 5.830918e-001 7.474195e-001 -1.113171e+000 6.102182e-001 -4.448005e-001 -8.633618e-001 -5.569827e-001 2.100563e-001 -1.250601e-002 -8.873663e-001 -7.026887e-002 4.929767e-001 -2.140721e-001 
8.798624e+000 1.749531e+001 -5.537112e+000 -4.631424e-001 -3.132353e+000 5.804089e+000 -5.750376e+000 -2.112162e+000 1.640854e-001 -1.442016e+000 -4.357388e+000 -1.530077e-001 1.340064e+000 -1.019396e+000 -2.034856e+000 7.994438e-001 -4.070881e-001 -3.982202e+000 -1.359379e+000 9.790194e-001 -2.025894e+000 -3.813923e+000 7.880502e-001 -1.659662e-001 5.101574e-001 -6.532406e-001 8.738084e-001 -1.679556e+000 -8.780410e-001 7.005147e-001 -7.372790e-001 2.057756e-001 3.839282e-001 3.103529e-001 -1.632955e-001 -6.562671e-001 
1.112541e+001 1.694583e+001 -7.605630e+000 -1.582795e+000 -1.902269e+000 3.842962e+000 -5.595461e+000 -2.808615e+000 -4.209526e-001 -1.225808e+000 -5.447151e+000 1.669637e+000 1.766699e+000 4.314744e-001 -1.306228e+000 4.628811e-001 -1.986920e-001 -5.567937e+000 -9.213835e-001 1.382195e+000 -2.496231e+000 -2.997484e+000 1.189092e+000 -4.364244e-002 7.261006e-001 -2.039116e-001 1.812089e-001 -1.746500e+000 -7.886059e-001 6.425943e-001 -1.240300e+000 2.319895e-001 -2.061174e-001 5.936624e-003 4.957289e-001 -5.011023e-001 
1.473908e+001 1.596173e+001 -9.410986e+000 -1.782448e+000 -2.542631e+000 4.546490e+000 -7.082910e+000 -1.434975e+000 -1.835091e+000 -1.612397e+000 -4.102236e+000 1.443935e+000 1.219145e+000 1.059365e+000 -2.446141e+000 4.327153e-001 -9.739854e-002 -5.706956e+000 -1.040824e+000 1.856034e+000 -2.945140e+000 -3.430884e+000 1.240219e+000 2.962143e-001 8.709761e-001 -4.057723e-001 3.239078e-001 -1.737700e+000 -3.740870e-001 -2.841792e-001 -3.456813e-001 -5.522450e-001 -1.245857e-001 7.431998e-001 1.383361e+000 -7.535263e-001 
1.747088e+001 1.461098e+001 -8.404123e+000 -3.004797e+000 5.110709e-002 2.270538e+000 -6.784749e+000 -2.355758e+000 -1.858022e+000 -1.767731e+000 -3.093635e+000 8.863555e-001 2.545280e-001 8.292669e-001 -3.577050e+000 -4.542820e-001 -3.480992e-001 -7.054795e+000 -1.180524e+000 1.455722e+000 -4.061974e+000 -3.615510e+000 1.096271e+000 7.282393e-001 1.724658e-002 -8.392560e-001 -1.003695e-001 -1.023646e+000 -6.216394e-001 -8.985389e-001 3.900866e-001 2.770140e-002 -2.068490e-001 8.186617e-001 1.140457e+000 -2.889737e-001 
1.824820e+001 1.570331e+001 -8.910294e+000 -2.285378e+000 -8.569658e-001 2.178880e+000 -7.229492e+000 -3.131101e+000 -6.528198e-001 -1.836974e+000 -2.841199e+000 1.350052e+000 1.613135e+000 -7.143796e-001 -2.995027e+000 -1.056879e+000 -2.263511e-001 -6.015904e+000 -1.495781e+000 2.122865e+000 -2.957872e+000 -3.747577e+000 1.086175e+000 4.192367e-001 -1.176720e+000 -2.870405e-001 -1.969157e-001 -1.285222e+000 -4.271930e-001 -4.024424e-001 6.242666e-002 1.442407e+000 -2.178647e-001 7.751508e-001 1.302584e+000 -1.013420e+000 
