7.783076e+000 1.803648e+001 -5.501873e+000 3.807088e+000 -3.212215e+000 2.464996e+000 -4.726524e+000 -9.388617e-001 1.663161e+000 -4.276234e+000 -3.807509e-001 -8.905578e-001 -9.005613e-001 -1.154180e+000 1.626986e+000 -1.018355e-001 -2.019867e+000 2.023392e-001 1.054179e+000 -1.437013e-001 2.015450e-001 4.232400e-001 -1.201969e+000 1.215503e-001 -8.278500e-001 -2.155486e+000 -3.185702e-001 6.254461e-001 -2.999507e-001 -9.703607e-001 -2.788491e-001 -6.513470e-001 -4.702912e-001 -4.746638e-001 1.105567e-001 2.592350e-001 
8.349807e+000 1.583381e+001 -4.844632e+000 5.952522e+000 -4.169646e+000 6.120565e+000 -2.975581e+000 -2.773900e-001 1.003106e+000 -3.297298e+000 -1.125577e+000 -1.551595e+000 6.293653e-001 -2.455800e+000 1.339704e+000 -1.340881e+000 -1.706799e+000 -4.314884e-002 2.218084e-001 4.425255e-001 -5.493924e-001 2.246748e-002 -1.258110e+000 -2.728191e-002 -1.031764e+000 -6.334554e-001 -4.818764e-001 -1.337765e+000 -3.323702e-001 -2.119116e-001 5.751949e-001 6.714331e-002 -9.833237e-003 -2.494159e-001 3.526523e-003 -5.193418e-002 
1.038982e+001 1.355704e+001 -5.102696e+000 8.432244e+000 -5.030385e+000 5.294125e+000 -3.563380e+000 -4.819995e-001 -1.082868e+000 -2.978503e+000 -1.444022e+000 -1.042603e+000 7.854856e-001 -1.588382e+000 5.632714e-001 -1.723266e+000 -9.383900e-001 -5.415355e-001 3.786022e-001 -2.445986e-001 -1.706310e-001 -7.734378e-001 -8.962950e-001 1.570880e-001 -1.333902e+000 -6.064093e-001 -1.315045e-001 -2.312582e-001 1.797085e-002 7.557269e-001 2.972563e-001 5.937720e-001 2.574673e-001 -1.027328e-001 1.102118e-002 1.363457e-001 
1.247459e+001 1.067623e+001 -6.167183e+000 8.417921e+000 -5.830561e+000 5.839652e+000 -6.146953e+000 -6.870672e-001 -1.306169e+000 -1.859842e+000 -1.215841e+000 -1.799748e+000 8.729486e-002 -4.170680e-001 8.671713e-001 -1.269942e+000 -9.033088e-001 -1.261424e+000 1.313684e+000 7.300377e-001 1.213812e+000 1.769888e-002 5.758086e-002 -4.383695e-001 -1.820383e-001 7.134439e-001 1.263837e-001 -1.603677e-001 -1.101053e-001 5.399220e-001 1.884116e-001 1.175402e+000 1.472382e-001 5.345945e-001 -2.581297e-001 -4.618906e-001 
1.328832e+001 8.571917e+000 -5.633991e+000 6.838853e+000 -7.718739e+000 3.699933e+000 -5.935943e+000 -1.731097e-001 -1.631448e+000 -1.804955e+000 -1.122615e+000 -1.587615e+000 -7.844624e-001 -1.698190e+000 2.277864e-001 -1.596143e+000 -7.903459e-001 -1.243570e+000 2.844750e-001 2.193266e-001 3.856034e-001 -4.621579e-001 3.846055e-001 -3.834441e-002 8.632867e-002 -6.234557e-002 2.028807e-001 2.998172e-001 -4.562308e-001 3.405340e-001 -1.258431e-001 5.916162e-001 -4.987638e-001 3.331738e-001 -2.835683e-001 5.790939e-002 
1.401097e+001 1.002397e+001 -5.611403e+000 6.548371e+000 -6.495673e+000 4.955157e+000 -5.579081e+000 2.785474e-001 -1.764422e+000 -1.740708e+000 -2.152529e+000 -7.957610e-001 -1.334758e-002 -3.784172e-001 8.557565e-001 -9.716706e-001 -1.813851e-001 -3.014451e-001 1.303181e+000 1.243102e+000 1.176426e+000 -1.418796e+000 -4.292642e-001 -7.529504e-001 -1.485694e-001 2.466841e-002 3.749838e-001 -3.213844e-001 -6.763783e-001 -7.571117e-002 -2.157585e-001 1.857708e-001 -9.398741e-002 6.772949e-002 -5.115394e-001 -3.453655e-001 
1.133856e+001 8.759071e+000 -4.795646e+000 6.335816e+000 -6.197204e+000 4.526284e+000 -5.298781e+000 -1.571165e-001 -1.520952e+000 -3.166380e+000 -2.328486e+000 -1.409721e+000 -4.376646e-002 -1.758905e+000 -6.885301e-001 -1.521474e+000 -1.177176e+000 -1.092209e+000 8.126876e-001 9.934105e-001 5.212735e-001 -7.690322e-001 -8.247546e-001 -4.932651e-001 4.817566e-001 -1.940142e-001 1.334196e-001 1.286903e-001 -3.234122e-001 -7.640023e-002 7.259563e-002 4.366721e-001 -4.077758e-001 4.232846e-001 4.407437e-001 4.574722e-002 
1.103147e+001 9.150243e+000 -4.329185e+000 7.236863e+000 -6.896386e+000 4.719728e+000 -6.185990e+000 7.239118e-001 -5.369240e-001 -1.471465e+000 -2.201088e+000 -7.737916e-001 -2.548403e-001 -6.865833e-001 -2.738312e-001 -2.866582e+000 -2.820989e+000 -2.353274e+000 -1.043561e-001 3.574357e-001 5.649894e-001 -4.764369e-001 -5.371558e-001 -9.168911e-001 -1.487358e-001 -8.119574e-001 2.876671e-001 2.017185e-001 -1.902214e-001 -2.876677e-001 3.172553e-001 3.141855e-001 -2.048728e-001 1.088446e-001 -3.163488e-001 -1.120836e-001 
9.898712e+000 9.998917e+000 -4.988499e+000 5.671325e+000 -7.718975e+000 4.985803e+000 -5.592961e+000 1.416322e+000 -1.022672e+000 -1.580475e+000 -7.679716e-001 3.494121e-001 7.824390e-001 -7.736178e-002 9.116152e-001 -1.235863e+000 -1.581906e+000 -2.404870e+000 5.987778e-001 1.113950e+000 5.263205e-001 -1.789729e+000 -1.217333e+000 -9.115119e-001 1.223941e-001 1.095176e-001 1.885527e-001 7.418026e-002 -3.056908e-001 5.880988e-002 -7.807952e-002 3.113884e-001 -3.205538e-001 -1.112223e-001 -4.825015e-001 -3.212460e-001 
1.000710e+001 9.473809e+000 -5.436137e+000 5.595122e+000 -7.619470e+000 4.230635e+000 -5.952220e+000 -7.797562e-001 -9.958790e-001 -1.466308e+000 -5.500887e-001 -4.658595e-002 7.542635e-001 -7.315022e-001 9.946015e-001 -1.366982e+000 -1.448657e+000 -1.402537e+000 -1.004394e-001 1.023531e-001 4.451540e-001 -1.581150e+000 -1.152183e+000 -1.339538e+000 -1.164294e+000 -3.084188e-001 3.110041e-001 -3.936217e-001 -8.871543e-001 6.538651e-001 -3.306220e-001 3.560356e-001 -4.081420e-001 -1.291590e-001 -1.102484e-001 -1.984652e-001 
9.170195e+000 9.161950e+000 -6.229883e+000 5.181552e+000 -7.029661e+000 4.742684e+000 -5.864987e+000 4.122500e-001 -1.145812e+000 -1.510701e+000 -6.026926e-001 -2.584074e-001 5.578090e-001 -2.272256e-001 5.915330e-001 -1.972089e+000 -1.418174e+000 -1.293974e+000 6.427052e-001 4.223153e-001 4.405179e-001 -1.338471e+000 -6.335264e-001 -1.097951e+000 -7.884610e-001 -7.932450e-001 -2.087519e-001 -5.695056e-001 -2.187962e-001 4.518204e-001 -1.308508e-002 2.293047e-001 2.333953e-001 5.678509e-001 -3.854379e-002 -4.593127e-001 
7.922657e+000 7.877884e+000 -6.166933e+000 5.495943e+000 -6.168176e+000 5.089752e+000 -5.338134e+000 5.881321e-001 -1.464573e+000 -1.163277e+000 -7.022264e-001 -5.426223e-002 -5.978960e-001 -2.278975e+000 5.101690e-001 -1.987388e+000 -2.564022e+000 -1.697608e+000 5.147300e-001 1.476222e-001 2.660968e-001 -9.794084e-001 -4.025847e-001 -9.260041e-001 6.681967e-002 -3.410210e-001 -3.928578e-001 -3.864571e-001 -5.271154e-002 8.934045e-002 -3.514321e-001 8.433317e-002 -2.679516e-001 7.054053e-002 2.693589e-002 1.418149e-001 
8.742160e+000 1.003258e+001 -4.768972e+000 6.831743e+000 -4.554398e+000 6.071570e+000 -4.808759e+000 2.297983e-001 -2.255029e+000 -2.627160e+000 -1.184463e+000 -2.911022e-001 -1.091110e-001 -1.404533e+000 1.038314e+000 -1.248940e+000 -5.063713e-001 -8.519127e-001 3.174823e-001 5.973289e-002 -3.006746e-004 -9.541894e-001 5.947112e-001 -4.906111e-001 -1.326945e+000 -1.123683e+000 -6.772563e-001 -2.080845e-002 -2.565630e-001 1.333317e-001 -2.002620e-002 1.354669e-001 -7.837501e-001 6.943911e-002 -3.324128e-001 1.220649e-001 
9.524887e+000 1.111616e+001 -4.853074e+000 6.567085e+000 -5.792714e+000 5.998284e+000 -4.656758e+000 -4.650885e-002 -2.376689e+000 -2.234753e+000 -6.662532e-001 -4.837740e-001 5.208430e-001 -1.151766e+000 2.248663e-001 -2.334572e+000 -1.682378e+000 -2.185988e+000 2.184689e-001 6.015802e-002 8.722287e-001 2.365881e-001 9.970259e-002 -2.493387e-001 -8.914745e-001 -8.476074e-001 -7.407749e-001 -1.987899e-001 -2.090562e-001 7.532937e-001 2.609055e-001 5.311382e-001 -1.846142e-001 -1.832126e-001 -6.682984e-001 -2.972029e-001 
1.018594e+001 9.617974e+000 -4.286659e+000 5.883313e+000 -5.289966e+000 3.931764e+000 -5.541900e+000 -1.529106e+000 -1.754328e+000 -3.064530e+000 -1.265539e+000 -1.127468e+000 -2.716405e-001 -8.431699e-001 1.165135e+000 -1.568061e+000 -1.579365e+000 -1.367685e+000 8.583940e-001 1.751549e+000 9.259002e-001 8.847615e-002 6.834491e-002 -4.953182e-001 -6.162764e-001 -1.028942e-001 3.060813e-001 5.385694e-001 -5.486376e-001 -1.161964e-002 4.184081e-001 5.912159e-001 4.366644e-002 -2.441416e-001 -1.569644e-001 2.891976e-001 
8.360229e+000 1.125224e+001 -3.539791e+000 6.770742e+000 -4.335116e+000 4.874470e+000 -4.943580e+000 -3.524882e-001 -1.848174e+000 -2.063074e+000 -1.670233e+000 -1.629699e+000 -7.790659e-001 -1.183365e+000 1.209580e+000 -1.258600e+000 -1.073124e+000 -5.579111e-001 1.073473e+000 5.424975e-001 -5.369488e-002 -1.276474e+000 -4.630674e-001 -3.508026e-001 -3.849197e-001 -3.851291e-001 2.254136e-001 4.791185e-001 -4.154054e-001 -3.047659e-001 -4.172850e-001 8.978812e-002 -5.532521e-001 3.763080e-001 1.776570e-001 -5.491470e-002 
9.967885e+000 1.327438e+001 -2.126813e+000 4.420611e+000 -2.226933e+000 2.857059e+000 -4.259591e+000 -1.771436e+000 -7.148971e-001 -2.458386e+000 -1.637975e+000 -9.789688e-001 2.227337e-001 -1.145846e+000 5.539632e-001 -7.819495e-001 -1.783821e+000 -1.400719e-001 1.256567e+000 6.886990e-001 -5.145466e-001 -9.612726e-001 -3.158798e-001 -5.080505e-001 -3.483357e-001 -1.759164e-001 6.680029e-002 1.159884e-001 -3.987542e-001 2.290751e-002 -4.624887e-001 7.272475e-002 1.676671e-001 -1.560604e-001 -8.262298e-002 5.012042e-001 
1.467020e+001 1.542503e+001 -2.324974e-002 2.266732e+000 8.345188e-001 1.881180e-001 -2.908811e+000 -4.815263e-001 9.636572e-001 -2.870718e+000 -1.903959e+000 -6.081942e-001 8.275515e-002 1.142912e-001 -8.175843e-002 -5.125607e-001 -1.489036e+000 -9.129080e-002 8.718441e-001 -9.034920e-002 -8.832350e-001 -7.212963e-001 2.504147e-001 8.702598e-001 -2.374656e-001 -1.161417e+000 -1.296070e-001 -1.259427e-001 -3.125060e-001 2.816262e-001 1.784888e-001 3.101611e-001 4.050156e-001 -1.059670e-002 -6.851225e-002 4.239725e-001 
1.210376e+001 1.666313e+001 -3.147002e+000 1.790545e+000 1.667083e-001 6.902172e-001 -3.233028e+000 1.860971e-002 1.954081e+000 -3.815248e+000 -1.460058e+000 -3.051539e-001 -6.835468e-001 6.974198e-002 1.560499e-001 -1.071047e+000 -2.811040e+000 -6.076560e-001 -1.736876e-001 -1.345406e+000 8.052185e-002 -1.630514e-001 -1.084293e+000 -1.535690e-001 -4.269567e-001 -1.233787e+000 1.382772e-001 6.518899e-001 -2.432199e-001 -1.872642e-001 2.258935e-001 4.854049e-002 -6.266145e-001 -5.197771e-001 2.908003e-001 6.382300e-001 
7.641851e+000 1.790490e+001 -4.557391e+000 6.021335e+000 -3.440106e+000 5.850397e+000 -3.999990e+000 -7.149045e-001 1.026900e+000 -4.116798e+000 -9.780504e-001 -1.590317e+000 8.626669e-001 -2.182040e+000 1.767764e+000 -1.377292e+000 -2.318558e+000 -9.622313e-001 -4.336604e-001 4.744379e-001 -9.251664e-001 -3.352132e-001 -2.214116e+000 1.409316e-001 -1.073921e+000 -4.189919e-002 4.699576e-001 -4.156082e-001 -2.605790e-001 -6.052296e-001 6.640982e-001 -2.113601e-002 3.704994e-001 -9.357031e-001 6.191368e-002 -5.305570e-002 
8.898425e+000 1.387174e+001 -6.140837e+000 6.642855e+000 -5.470847e+000 4.759777e+000 -4.632939e+000 -5.236921e-001 5.654500e-001 -1.277885e+000 1.568233e-001 -5.580135e-001 1.564383e+000 -1.524750e+000 7.962229e-001 -2.036236e+000 -2.201547e+000 -1.707907e+000 3.102571e-001 4.737734e-001 -2.509331e-001 -3.336938e-001 -7.211412e-001 4.698095e-001 -1.188708e+000 -3.373583e-001 9.245919e-002 -2.132267e-001 -2.656139e-001 2.471111e-001 5.711057e-001 7.221629e-001 2.804647e-001 -3.577419e-001 -1.760729e-001 -1.362802e-001 
1.340593e+001 1.180484e+001 -5.806224e+000 7.665288e+000 -5.635360e+000 5.116964e+000 -5.272795e+000 -8.706798e-001 -1.539190e-001 -1.520347e+000 -5.785861e-001 -8.281955e-001 8.025635e-001 -7.969228e-002 8.017885e-001 -1.738704e+000 -1.853930e+000 -1.778584e+000 9.646658e-001 5.688831e-001 1.148179e+000 -4.454358e-001 -6.392513e-001 -6.053890e-001 -9.768885e-001 -6.455952e-001 -6.523147e-001 -7.936351e-001 -1.229450e-001 7.210260e-001 2.578413e-001 7.869294e-001 -1.507286e-001 2.972711e-001 -4.913713e-001 -2.497607e-001 
1.244980e+001 9.333837e+000 -5.282191e+000 9.009642e+000 -5.736428e+000 5.792761e+000 -5.975273e+000 1.634279e-001 -1.179899e+000 -1.507595e+000 -1.410472e+000 -2.367306e+000 -4.107319e-001 -1.263124e+000 -1.194476e-002 -1.722725e+000 -5.244086e-001 -1.511750e+000 2.101461e-001 -4.746813e-001 -2.470740e-001 -9.599717e-001 -2.921258e-001 -7.395966e-001 -1.791629e-001 -9.716226e-002 -1.676811e-001 1.734677e-001 -4.345746e-001 4.273283e-001 -9.748788e-002 9.855609e-001 -6.144485e-001 6.345647e-001 3.258155e-001 3.562884e-001 
1.455702e+001 9.194557e+000 -3.421574e+000 7.203171e+000 -5.541096e+000 4.272707e+000 -4.218893e+000 -2.481064e-001 -2.224181e+000 -3.029382e+000 -1.718255e+000 -1.533254e+000 -8.511919e-001 -7.047361e-001 1.049139e+000 -1.440274e+000 -1.298033e+000 -1.173167e+000 -1.070170e-001 1.836384e-001 2.316175e-001 -1.059222e+000 -1.916842e-001 -5.609575e-001 -3.375487e-001 1.481951e-001 1.518519e-001 -1.464942e-001 -4.862656e-001 4.549676e-001 1.442719e-001 8.248530e-001 3.241753e-001 2.084207e-001 -4.543080e-001 2.298360e-001 
1.308830e+001 9.121245e+000 -4.694845e+000 7.445738e+000 -4.895422e+000 5.100184e+000 -5.531729e+000 -9.390148e-001 -1.918753e+000 -2.400787e+000 -1.620632e+000 -1.529894e+000 -6.654508e-001 -1.271457e+000 7.371665e-001 -1.463648e+000 -1.871665e+000 -8.451439e-001 1.154986e+000 1.099706e+000 6.556012e-001 -1.006697e+000 -9.482161e-001 -6.661297e-001 1.366753e-003 -2.258046e-001 2.300909e-001 1.534308e-001 -4.734712e-001 -2.327639e-002 8.455965e-002 5.374693e-001 -3.197304e-001 1.681309e-001 1.566468e-001 -1.800369e-001 
1.188484e+001 9.248298e+000 -3.903871e+000 6.674827e+000 -5.923438e+000 4.660941e+000 -5.323520e+000 -3.239873e-001 -9.756629e-001 -3.166110e+000 -2.532376e+000 -1.646789e+000 -4.176753e-001 -8.107591e-001 8.468529e-001 -1.995372e+000 -1.701612e+000 -6.939479e-001 1.096429e+000 1.107002e+000 1.919547e-001 -6.120236e-001 -9.091006e-001 -1.011639e+000 -5.948235e-001 -7.753761e-001 3.123570e-002 1.237244e-001 -4.100770e-001 -3.123138e-001 3.389451e-001 3.633392e-001 -5.922945e-001 -1.280994e-001 -3.220466e-001 4.288493e-001 
1.185312e+001 1.060731e+001 -4.786489e+000 6.268921e+000 -6.705865e+000 5.490644e+000 -5.820951e+000 1.015308e+000 -1.527773e+000 -2.611088e+000 -3.061322e+000 -1.339530e+000 -3.538922e-001 -4.317574e-001 3.285455e-001 -2.001469e+000 -1.954958e+000 -1.911763e+000 1.383660e+000 1.105166e+000 5.918675e-001 -1.229848e+000 -5.138657e-001 -1.151831e+000 -4.225731e-001 -8.818397e-001 -4.504593e-001 -6.586721e-001 -5.245942e-001 2.067426e-001 6.631928e-001 6.922005e-001 -1.203245e-002 -1.957600e-001 -2.188830e-001 -5.438372e-003 
1.075470e+001 1.086919e+001 -5.288036e+000 6.592188e+000 -6.318939e+000 5.688932e+000 -5.160131e+000 5.250139e-001 -1.452699e+000 -2.461284e+000 -1.669571e+000 -1.796135e+000 -7.479982e-001 -1.853003e+000 5.897638e-001 -1.863963e+000 -1.760874e+000 -1.491513e+000 6.204104e-001 -2.555409e-002 1.483418e-001 -1.893986e+000 -7.151301e-001 -8.822526e-001 -8.693431e-001 -3.327643e-001 3.208973e-001 -2.377116e-001 -1.021398e+000 4.332741e-001 -2.784115e-001 5.417223e-001 -1.053809e-001 1.830567e-001 -1.529537e-001 -1.166542e-001 
9.705818e+000 9.953291e+000 -5.211734e+000 6.211430e+000 -6.183908e+000 5.032035e+000 -5.240125e+000 1.971332e-001 -1.249286e+000 -2.529101e+000 -1.696109e+000 -1.195649e+000 -1.757215e-001 -1.208210e+000 5.390008e-001 -1.462488e+000 -1.130946e+000 -1.323516e+000 4.058689e-001 2.256961e-001 1.940689e-001 -9.675165e-001 -2.806489e-001 -8.503884e-001 -7.323285e-001 2.844744e-001 8.754183e-001 1.088317e-001 -1.579665e-001 4.194484e-001 1.194918e-002 4.189387e-001 -2.500522e-001 -5.609676e-002 2.400405e-001 -7.003820e-002 
8.512574e+000 7.982181e+000 -5.863739e+000 5.680775e+000 -5.825509e+000 5.195278e+000 -5.510417e+000 -1.612711e-001 -1.456417e+000 -2.006341e+000 -1.796636e+000 -1.275120e+000 -1.117330e+000 -1.183609e+000 1.470706e+000 -5.994596e-001 -1.193837e+000 -8.824319e-001 3.743833e-002 -3.948676e-001 -4.345641e-001 -1.450346e+000 -3.174658e-001 -8.124122e-001 3.319575e-001 2.347072e-001 8.445718e-001 -9.989859e-003 -7.472915e-001 -2.318848e-001 -1.479842e-001 1.333817e-001 -3.634990e-001 -1.009124e-001 2.458824e-002 2.706356e-001 
8.755796e+000 9.626672e+000 -5.489771e+000 5.389696e+000 -4.998592e+000 6.139786e+000 -5.124911e+000 9.128392e-001 -1.827436e+000 -2.100043e+000 -1.901830e+000 -1.135314e+000 -1.102394e-001 -7.879403e-001 5.724961e-001 -2.235931e+000 -1.460770e+000 -1.607037e+000 -1.125445e-001 -6.463417e-001 -4.758876e-001 -1.701823e+000 -8.268018e-001 -8.971034e-001 -2.669275e-001 5.465152e-002 1.683974e-001 -7.411441e-002 -3.563188e-001 -2.764130e-001 6.186418e-002 4.801880e-001 -4.145011e-001 1.773929e-002 7.799204e-003 3.885947e-001 
8.685954e+000 9.697020e+000 -4.484779e+000 6.769030e+000 -5.632452e+000 5.216483e+000 -5.045538e+000 -1.112500e+000 -2.799439e+000 -3.114476e+000 -1.979951e+000 -1.535355e+000 -6.433430e-002 -1.164260e+000 1.524796e+000 -1.234779e-001 -8.574148e-002 -7.507323e-001 8.401781e-001 3.692969e-001 4.149097e-001 9.458652e-003 4.725686e-001 -3.020885e-001 -1.167727e+000 -7.953291e-001 -6.299724e-001 -1.219815e-002 -4.429859e-001 3.947317e-001 -4.409079e-001 8.184796e-002 -6.177849e-001 8.187187e-002 -3.087249e-001 1.230787e-001 
9.413896e+000 1.091445e+001 -4.354715e+000 7.711891e+000 -6.309641e+000 4.826889e+000 -5.676605e+000 -7.149543e-001 -2.711593e+000 -2.741510e+000 -2.020114e+000 -1.461321e+000 -9.322529e-001 -8.081231e-001 1.642233e+000 -8.992621e-001 -2.204526e-001 -1.363753e-001 1.963580e+000 8.920340e-001 9.805828e-001 -1.308654e-001 -1.015066e-001 -8.654970e-001 -6.694099e-001 -3.504445e-001 -6.131519e-001 -4.695053e-001 -5.076919e-001 -1.102564e-001 -2.889620e-001 -1.156837e-001 9.716882e-002 -5.076701e-002 -4.346463e-001 -7.440943e-002 
9.481254e+000 1.039635e+001 -4.138612e+000 7.223485e+000 -3.622219e+000 4.909756e+000 -5.433667e+000 6.476834e-002 -1.470437e+000 -2.650028e+000 -2.480483e+000 -1.974843e+000 -8.135443e-001 -1.681742e+000 1.053348e+000 -1.044295e+000 -6.321419e-001 -4.797660e-001 7.472969e-001 6.441654e-001 1.230985e-001 -1.102021e+000 -5.712878e-001 -4.852814e-001 2.780423e-002 -4.645151e-001 -1.538797e-001 1.855412e-001 -9.593659e-001 -9.653114e-001 -2.244645e-001 5.216271e-001 -1.331642e-001 3.141948e-001 2.770247e-001 1.478115e-001 
8.027894e+000 1.274351e+001 -3.798391e+000 6.560490e+000 -2.504424e+000 5.254642e+000 -4.279910e+000 -5.946868e-001 -1.704462e+000 -2.443780e+000 -2.203801e+000 -1.253259e+000 4.823504e-001 -2.989119e-001 1.000113e+000 -1.355608e+000 -1.757425e+000 -1.797299e+000 4.591149e-001 1.624626e-001 2.165937e-001 -1.238556e+000 -2.923518e-001 -1.842134e-001 1.537781e-001 -1.199505e-001 -1.708510e-001 1.893278e-001 -2.692659e-001 7.101012e-001 -4.266713e-003 2.127501e-001 -3.833099e-001 -7.970535e-002 -4.677317e-001 1.644957e-001 
