5.851218e+000 1.116914e+001 -7.022879e-001 1.017602e+000 1.110095e+000 1.474916e+000 -9.108853e-001 2.039814e-001 6.209752e-001 -1.911653e-002 -5.578044e-001 8.593962e-001 
4.533965e+000 1.265834e+001 -2.265714e+000 1.142330e+000 7.906457e-001 7.726541e-001 -1.626321e+000 7.213900e-001 1.289763e+000 -3.153761e-001 -4.701349e-001 1.179257e+000 
4.903999e+000 1.286375e+001 -2.165841e+000 1.082278e+000 1.155183e+000 3.661589e-001 -1.739398e+000 5.973008e-001 1.659275e+000 -5.988363e-001 -3.178659e-001 1.347566e+000 
5.210011e+000 1.144234e+001 -1.863838e+000 8.665222e-001 1.614555e+000 1.150597e-001 -1.417803e+000 6.103883e-001 1.390106e+000 -1.539922e-001 -1.270231e-001 1.196390e+000 
8.196976e+000 7.925393e+000 -1.386233e+000 1.176667e+000 1.343258e+000 -2.833442e-001 -1.139137e+000 1.235558e+000 4.883784e-001 2.597174e-001 2.089841e-001 5.139610e-001 
1.258545e+001 6.880188e+000 -1.901598e+000 1.238473e+000 1.492252e+000 8.098986e-001 -1.475895e+000 2.844275e-001 3.207412e-001 -2.283935e-001 -7.024429e-001 4.020837e-001 
1.578600e+001 8.770652e+000 -2.638618e+000 2.917664e-001 2.363342e+000 1.162419e+000 -1.690724e+000 1.952888e-001 -6.255168e-001 -1.308114e+000 -1.514504e+000 -3.211060e-001 
1.778167e+001 8.918946e+000 -3.073918e+000 6.519722e-001 1.912276e+000 1.214969e+000 -1.299565e+000 3.356056e-001 -1.017393e+000 -1.856050e+000 -1.856791e+000 -4.403832e-001 
1.882639e+001 9.651025e+000 -3.931805e+000 6.755654e-001 1.422317e+000 7.748558e-001 -1.424359e+000 5.548205e-001 -7.766345e-001 -2.187023e+000 -1.703612e+000 2.242973e-001 
1.807929e+001 9.572085e+000 -4.649034e+000 3.034059e-001 1.571603e+000 3.944780e-001 -1.695441e+000 2.303731e-001 -1.500244e-001 -2.322808e+000 -1.295373e+000 4.324426e-001 
1.792685e+001 9.066070e+000 -4.661757e+000 7.035322e-005 1.250813e+000 6.599404e-001 -1.414814e+000 8.923650e-002 -6.970439e-002 -1.819517e+000 -1.428927e+000 5.846810e-001 
1.856292e+001 8.480372e+000 -4.174461e+000 -6.898878e-001 1.529067e+000 4.795957e-001 -1.313931e+000 3.117090e-001 2.256770e-001 -1.597911e+000 -1.322002e+000 9.312477e-001 
1.843854e+001 8.470243e+000 -4.294674e+000 -1.216051e+000 1.429500e+000 4.673600e-001 -1.791265e+000 6.990469e-001 4.908738e-001 -1.267203e+000 -1.172197e+000 1.346406e+000 
1.802075e+001 8.690104e+000 -4.887539e+000 -1.080601e+000 1.293873e+000 5.093829e-001 -1.603814e+000 9.669022e-001 7.536197e-001 -8.333414e-001 -9.752353e-001 1.500110e+000 
1.796576e+001 8.882587e+000 -4.441351e+000 -7.377458e-001 1.352773e+000 1.420723e-001 -1.378187e+000 6.639880e-001 3.510557e-001 -1.090331e+000 -1.059582e+000 1.340573e+000 
1.762032e+001 8.086331e+000 -4.796201e+000 -5.713949e-001 8.331865e-001 -3.765665e-003 -1.686865e+000 4.325592e-001 3.058210e-001 -1.145518e+000 -1.000368e+000 1.214227e+000 
1.771059e+001 7.967473e+000 -5.184027e+000 -5.533491e-001 8.129533e-001 1.712618e-001 -1.367763e+000 5.792580e-001 3.905524e-001 -1.020979e+000 -1.121766e+000 1.263029e+000 
1.805837e+001 7.518276e+000 -4.692070e+000 -4.409783e-001 1.300127e+000 3.291674e-003 -4.978024e-001 4.160909e-001 6.642736e-001 -9.174038e-001 -1.041705e+000 1.260895e+000 
1.079870e+001 8.301518e+000 -1.382278e+000 1.199161e+000 2.274514e+000 3.384648e-001 -2.196767e-001 6.911522e-001 4.840365e-001 -7.382454e-001 -7.625417e-001 6.155007e-001 
3.755233e+000 1.196011e+001 -2.130430e+000 1.981308e+000 1.025987e+000 1.374858e+000 -5.616131e-001 8.587220e-001 1.152427e+000 -3.534593e-001 -1.105504e+000 6.449845e-001 
3.229477e+000 1.238940e+001 -2.518141e+000 2.247807e+000 8.990775e-001 1.165392e+000 -1.217010e+000 6.389336e-001 1.259743e+000 -7.354368e-001 -4.460706e-001 1.126395e+000 
3.756359e+000 1.195990e+001 -1.772653e+000 2.390849e+000 1.976444e+000 1.202270e+000 -1.415544e+000 6.883256e-001 1.353622e+000 -6.529300e-001 -8.783598e-001 1.077634e+000 
5.899629e+000 9.573618e+000 -1.815682e+000 1.338090e+000 1.964791e+000 3.984529e-001 -7.287577e-001 1.016425e+000 7.679353e-001 1.086124e-002 -3.785912e-001 8.054451e-001 
1.095239e+001 6.150563e+000 -1.371032e+000 1.978550e+000 1.490448e+000 6.223524e-001 -1.470147e+000 4.506327e-001 4.915412e-002 -1.560042e-001 -3.348720e-001 4.502080e-001 
1.423778e+001 8.281509e+000 -2.733954e+000 9.859815e-001 2.002856e+000 1.322846e+000 -1.762881e+000 3.220494e-001 -3.492149e-001 -1.157710e+000 -1.530073e+000 1.103153e-001 
1.739027e+001 8.519082e+000 -2.730788e+000 2.194726e-001 2.181848e+000 1.391470e+000 -1.752585e+000 4.034101e-001 -9.719572e-001 -1.544891e+000 -1.975645e+000 -2.822239e-001 
1.866509e+001 9.166824e+000 -3.397526e+000 5.702178e-001 1.416130e+000 1.099259e+000 -1.317726e+000 5.541897e-001 -1.035763e+000 -2.201362e+000 -1.853793e+000 -4.843040e-002 
1.841056e+001 9.541364e+000 -4.860593e+000 6.168456e-001 1.306552e+000 8.563508e-001 -1.804493e+000 5.104734e-001 -3.650477e-001 -2.329297e+000 -1.614092e+000 3.729897e-001 
1.778824e+001 9.158716e+000 -4.632445e+000 4.406409e-001 1.155669e+000 5.940844e-001 -1.498493e+000 2.449794e-002 -4.623890e-002 -2.045302e+000 -1.400578e+000 4.765473e-001 
1.820459e+001 8.593672e+000 -4.623959e+000 -2.282327e-001 1.466411e+000 5.633555e-001 -1.237531e+000 2.710462e-001 3.113431e-002 -1.589372e+000 -1.436958e+000 7.680033e-001 
1.812808e+001 8.076693e+000 -4.190775e+000 -1.275359e+000 2.032228e+000 4.618233e-001 -1.222104e+000 6.687091e-001 5.587356e-001 -1.523428e+000 -1.189825e+000 1.088626e+000 
1.830629e+001 8.370250e+000 -4.252145e+000 -9.125358e-001 1.593039e+000 6.388602e-001 -1.681723e+000 8.484994e-001 6.465142e-001 -1.033823e+000 -1.249579e+000 1.391253e+000 
1.783552e+001 8.636218e+000 -4.288011e+000 -7.174722e-001 1.620804e+000 3.615703e-001 -1.350816e+000 9.446428e-001 6.977803e-001 -8.431898e-001 -8.729022e-001 1.346408e+000 
1.810088e+001 8.021970e+000 -4.281879e+000 -4.911234e-001 9.566772e-001 4.406914e-001 -1.265926e+000 8.641258e-001 3.921551e-001 -7.830525e-001 -9.433907e-001 1.268265e+000 
1.785567e+001 8.047065e+000 -4.687192e+000 -5.579272e-001 6.238572e-001 4.483704e-001 -1.527689e+000 8.347426e-001 2.955139e-001 -8.209051e-001 -1.106013e+000 1.350738e+000 
