5.932734e-001 1.639101e+001 -7.494183e+000 2.171690e+000 -2.595636e+000 -1.945435e-001 -5.094275e+000 -1.279729e+000 7.789816e-001 -4.177456e+000 -2.205195e+000 -1.892894e+000 -2.539638e+000 -1.302459e+000 -1.486806e-001 -1.523041e+000 -2.709801e+000 -2.529148e+000 1.056805e-001 -5.663402e-001 -1.492387e+000 -8.792002e-001 -9.934210e-001 -2.510072e+000 -6.269755e-001 -8.515991e-001 2.562191e-001 -1.762048e-001 -2.835745e-001 5.171917e-001 -3.122914e-001 3.909354e-001 1.483988e-001 6.742637e-001 -6.024639e-001 5.409321e-001 
-7.137360e-001 1.620054e+001 -7.984231e+000 4.864482e-001 -3.511336e+000 -7.941419e-001 -6.357680e+000 -2.214516e+000 1.076788e+000 -4.069845e+000 -1.423313e+000 -1.929623e+000 -2.938638e+000 -1.025065e+000 2.870769e-001 -7.944407e-001 -2.233169e+000 -2.356495e+000 8.780920e-001 -2.996507e-001 -1.920143e+000 -1.786394e+000 -1.669442e+000 -1.982665e+000 -7.773532e-001 -7.270010e-001 -1.531492e-001 -5.059373e-001 -2.718229e-001 1.653140e-001 1.466778e-001 5.087183e-001 -3.685075e-001 3.412657e-001 -9.280187e-002 3.471472e-001 
-2.137044e+000 1.519580e+001 -8.424107e+000 1.956897e+000 -3.754880e+000 6.413312e-001 -4.591407e+000 -1.790085e+000 9.442423e-001 -4.684784e+000 -9.635887e-001 -2.443227e+000 -2.527514e+000 -1.855742e+000 -1.283166e-001 -5.956185e-001 -2.608525e+000 -2.454620e+000 -5.580881e-001 -4.656830e-001 -1.882301e+000 -1.374966e+000 -7.008267e-001 -1.974393e+000 -9.617059e-001 -6.853874e-001 3.040074e-001 -6.056575e-001 2.452445e-003 8.376487e-001 -2.255129e-001 1.909058e-001 -1.040633e+000 7.614551e-001 2.425763e-001 9.182661e-001 
-3.302706e-001 1.698021e+001 -7.924833e+000 1.402304e+000 -4.941143e+000 6.029269e-001 -4.333763e+000 -1.864132e+000 2.993462e-001 -5.805820e+000 -2.316578e+000 -2.528564e+000 -2.147316e+000 -1.195381e+000 3.080520e-001 -2.526122e-001 -2.173735e+000 -2.057036e+000 1.035529e-001 -1.241915e+000 -2.312490e+000 -1.105227e+000 -6.114622e-001 -1.797736e+000 -6.606656e-001 -7.568888e-001 7.030749e-002 -5.378432e-001 -1.814801e-001 7.482081e-001 -1.785912e-001 4.827073e-001 -3.144985e-001 5.250997e-001 -1.130506e-001 1.216174e+000 
9.375618e-001 1.674179e+001 -7.705839e+000 7.901876e-001 -4.287710e+000 -1.893976e-001 -4.729651e+000 -2.374110e+000 4.265735e-001 -4.778458e+000 -1.499266e+000 -1.119837e+000 -1.995799e+000 6.039439e-002 9.362815e-001 -2.838945e-001 -1.572727e+000 -2.017642e+000 1.158773e+000 2.850187e-001 -4.630383e-001 -1.978288e-001 -1.948860e-001 -1.335630e+000 -6.395124e-001 -3.935881e-001 -8.059684e-002 -4.886005e-001 4.855066e-001 1.190658e+000 2.465729e-001 6.703228e-001 1.005787e-001 4.399193e-001 -1.696358e-001 3.592374e-001 
-3.822948e-001 1.723159e+001 -9.062057e+000 5.868068e-001 -3.815955e+000 -6.521971e-001 -3.686853e+000 -1.952066e+000 1.814623e+000 -3.505684e+000 -1.190669e+000 9.830533e-002 -2.948396e+000 -2.769954e-003 1.162189e-001 -1.303547e+000 -2.303417e+000 -3.474291e+000 8.236974e-001 -1.742933e-001 -2.116902e-001 -7.328817e-001 -8.061637e-001 -1.220383e+000 -9.214767e-001 -3.966685e-001 -3.754397e-001 -4.927643e-001 -2.808864e-001 7.683465e-001 3.186303e-001 6.827071e-001 2.482397e-001 -3.228285e-001 -2.681755e-001 2.602622e-001 
-1.469268e+000 1.638998e+001 -8.143897e+000 -6.517200e-001 -3.529951e+000 -1.026948e+000 -4.978873e+000 -2.170738e+000 1.107459e+000 -2.954110e+000 -1.950461e+000 -5.318828e-001 -1.772417e+000 2.493787e-001 1.327987e+000 -7.096799e-001 -1.353973e+000 -1.800436e+000 1.354759e+000 2.632695e-001 -9.715453e-001 -1.398045e+000 -3.916059e-001 -1.872259e-001 -7.087527e-001 -6.239481e-001 8.974020e-002 4.971403e-002 -1.585136e-001 1.626994e-001 -2.136936e-001 1.913508e-001 2.694425e-001 -2.080571e-001 -4.019287e-001 4.809551e-001 
-2.568477e+000 1.627824e+001 -8.606390e+000 -7.776469e-001 -4.373701e+000 -1.589185e+000 -5.213101e+000 -2.426040e+000 4.990543e-001 -3.373335e+000 -1.902002e+000 -1.583670e-001 -1.172825e+000 2.213256e-001 1.108454e+000 -1.100628e+000 -1.534686e+000 -9.633234e-001 1.344026e+000 -4.145521e-002 -3.240995e-001 -1.511301e+000 -1.179783e+000 -8.954886e-001 -3.621032e-001 -1.677511e-001 4.080037e-003 -1.230805e-001 -3.643454e-001 4.510702e-001 -3.987895e-002 7.553017e-002 1.886651e-001 6.486339e-001 -3.679535e-001 -9.283666e-002 
-3.112550e+000 1.614017e+001 -6.889029e+000 -4.884513e-001 -3.311102e+000 -2.380337e+000 -5.409482e+000 -1.904539e+000 6.236075e-001 -3.795354e+000 -2.353278e+000 3.118791e-001 -1.613386e+000 -3.963238e-001 5.653695e-002 -7.057306e-001 -1.468708e+000 -1.195919e+000 8.617635e-001 -5.745701e-001 -8.471568e-001 -1.946716e+000 -1.421522e+000 -1.092109e+000 -7.590217e-001 -1.433266e-001 -1.625554e-001 -2.479783e-001 -2.640144e-001 3.815634e-001 -8.263277e-002 9.422768e-002 3.708952e-001 -1.216979e-001 -6.670127e-001 1.592702e-001 
-1.472312e+000 1.684413e+001 -6.659468e+000 5.280270e-001 -2.270144e+000 -1.949498e+000 -5.889102e+000 -2.703258e+000 7.279363e-001 -4.214222e+000 -2.565155e+000 1.694832e-001 -2.563855e+000 -1.540594e+000 6.692488e-001 -7.698900e-001 -1.654334e+000 -1.159428e+000 1.142843e+000 -6.752906e-001 -7.308702e-001 -1.749549e+000 -1.984144e+000 -6.008581e-001 -8.374470e-001 -1.221402e+000 -3.825304e-001 6.114141e-001 -3.206397e-001 2.038914e-001 4.943594e-001 1.403107e-002 -1.775364e-001 4.243018e-001 -1.671800e-001 4.943038e-001 
-2.949617e+000 1.710993e+001 -8.557054e+000 5.403167e-001 -2.985970e+000 -1.429828e+000 -4.604841e+000 -3.165187e+000 1.041433e+000 -4.575805e+000 -1.913564e+000 -1.481406e-001 -1.409118e+000 4.133498e-001 9.528561e-001 -8.320874e-001 -2.115909e+000 -1.554059e+000 2.613455e+000 1.535810e-001 -8.943596e-001 -1.901296e+000 -1.339104e+000 1.373678e-001 -6.853256e-001 -5.402799e-001 -4.507116e-001 -2.886331e-001 -2.599341e-001 7.345358e-002 1.159962e+000 1.288893e+000 -3.450542e-001 -1.570947e-001 1.972500e-002 4.424016e-001 
-1.201544e+000 1.690308e+001 -8.528768e+000 1.896062e+000 -2.742016e+000 -4.708669e-001 -4.927476e+000 -2.644098e+000 5.486049e-001 -5.554980e+000 -1.684710e+000 -2.232148e-001 -6.493794e-001 -1.511698e+000 -4.032707e-002 -1.141350e+000 -2.946749e+000 -1.967346e+000 5.618042e-001 -3.880186e-001 -1.506920e+000 -1.848777e+000 -1.676569e+000 -6.148905e-001 -7.332614e-001 -9.114298e-002 -5.927012e-002 8.005027e-002 -4.879996e-002 4.656862e-002 8.663284e-001 4.605460e-001 1.044218e-001 -5.213734e-001 -7.019790e-002 3.424226e-001 
2.820086e-001 1.611265e+001 -6.887919e+000 2.092223e+000 -3.111159e+000 1.766925e-001 -4.614979e+000 -1.723032e+000 -3.157012e-002 -4.411215e+000 -9.543416e-001 -1.600042e+000 -6.767147e-001 -1.744867e+000 -2.437762e-001 -6.788119e-001 -2.712167e+000 -2.699053e+000 4.634225e-002 6.588408e-001 -1.730587e+000 -1.590791e+000 -1.464677e+000 -9.984149e-001 -9.033268e-001 -2.694978e-001 -1.792294e-001 -3.323157e-001 1.163556e-001 2.591803e-001 5.854457e-001 2.878569e-001 5.352575e-001 -2.575719e-001 -1.606522e-001 1.070426e-001 
5.731376e+000 1.383778e+001 -5.539699e+000 2.793088e+000 -8.344805e-001 9.709808e-001 -4.977449e+000 -1.575665e-001 -4.148987e-002 -3.642263e+000 -7.158683e-001 -7.475723e-001 -4.463955e-001 -1.592870e+000 2.333937e-001 -1.109031e+000 -1.486621e+000 8.991336e-002 1.082703e+000 6.496000e-001 -4.176151e-001 -2.059284e-001 -1.074661e+000 -4.357531e-001 -5.077876e-001 -8.650474e-002 2.916321e-001 -5.488789e-001 -7.616697e-001 -6.846735e-002 5.109401e-001 3.598993e-001 6.900594e-001 -4.669432e-001 -2.968317e-001 1.720318e-001 
1.164638e+001 1.768921e+001 -1.039635e+001 2.982198e+000 1.323264e+000 4.325130e-001 -4.745856e+000 -3.167986e+000 5.628361e-001 -5.010888e+000 -2.079332e+000 -1.159255e-001 -9.206993e-001 -9.536217e-001 1.342167e-001 4.396152e-001 -2.272076e+000 -6.440659e-001 3.406567e-001 -2.016263e+000 -1.361592e+000 -7.556249e-001 -7.201522e-001 -1.207869e+000 -1.676154e+000 -7.073304e-001 1.722975e-001 -1.329266e-001 -2.373730e-001 5.295724e-001 2.635808e-001 8.669437e-001 8.384372e-001 -8.453783e-001 -2.867057e-001 2.612536e-001 
1.230750e+001 1.872680e+001 -1.310700e+001 3.371038e+000 3.044795e-001 5.802663e-001 -6.474926e+000 -3.762395e+000 2.327094e-002 -5.274215e+000 -2.858353e+000 -7.232651e-001 -1.990448e+000 -1.746409e+000 -2.634865e-001 -7.263157e-001 -2.065000e+000 -9.694379e-001 1.764331e-002 -3.111001e+000 -1.478060e+000 -7.122858e-001 -1.996837e+000 -6.025890e-001 -2.295115e+000 -1.617151e+000 9.738587e-001 -9.448387e-001 -4.095535e-001 -1.901427e-001 -2.634465e-001 1.080540e+000 7.407111e-001 1.213615e-001 -7.871748e-001 4.735484e-001 
1.273012e+001 1.766886e+001 -1.190125e+001 2.289227e+000 4.851405e-001 2.953021e+000 -9.006128e+000 -3.364253e+000 7.158663e-001 -4.232312e+000 -2.921004e+000 1.182438e+000 -2.714484e+000 -2.694840e+000 1.513129e+000 -5.432898e-001 -1.986940e+000 1.774347e-001 5.920396e-001 -2.726350e+000 -1.784953e-001 4.443095e-001 -1.829776e+000 -1.370270e+000 -2.092635e+000 -2.321006e+000 1.078284e+000 5.943648e-002 -1.674106e-002 -1.357352e-001 -5.923892e-001 2.482510e-001 4.089444e-001 3.959185e-003 2.740789e-002 6.801874e-001 
1.518546e+001 1.539965e+001 -9.446203e+000 1.087816e+000 3.038533e+000 5.249107e-001 -6.969759e+000 -4.097401e+000 -3.540649e-001 -4.246404e+000 -1.893229e+000 4.876980e-002 -2.528950e+000 -2.271459e+000 -3.433900e-002 3.819127e-002 -1.121964e+000 2.851112e-002 1.142648e+000 -1.626982e+000 -8.615724e-001 -1.516266e-001 -2.175116e+000 -1.336664e+000 -1.650834e+000 -1.218148e+000 4.676838e-001 3.051415e-002 4.697390e-001 6.158686e-003 -1.318861e-001 5.010769e-001 -4.136082e-001 -2.943154e-001 4.014974e-001 6.194223e-001 
1.270493e+001 1.556724e+001 -1.023775e+001 3.674175e+000 3.813477e+000 1.848551e+000 -6.492224e+000 -4.395890e+000 -8.647814e-001 -5.494957e+000 -3.026402e+000 -1.942449e+000 -3.947416e+000 -6.574845e-001 8.714849e-001 1.048606e+000 -2.414965e-001 -1.129685e+000 1.071903e-001 -2.200910e+000 -1.156416e+000 -1.660797e+000 -2.045666e+000 -1.153508e+000 -1.745760e+000 -6.534769e-002 2.932065e-002 -3.325718e-001 -1.434066e-001 2.438034e-001 2.023964e-001 1.339765e-001 2.999265e-001 -8.023636e-001 -4.800655e-001 4.565636e-001 
1.338492e+001 1.635945e+001 -9.812962e+000 4.055738e+000 2.179231e+000 1.815489e+000 -5.922152e+000 -5.073161e+000 1.603224e+000 -5.114865e+000 -3.752483e+000 8.018982e-001 -3.755674e+000 -1.964495e-001 1.828045e+000 3.657624e-001 -7.176392e-001 -1.472842e+000 8.397333e-001 -2.649352e+000 -1.205540e+000 -1.053575e+000 -2.146055e+000 -6.732216e-001 -1.577605e+000 -3.765239e-001 -2.152876e-001 -3.653490e-001 1.778362e-001 8.579390e-001 9.912063e-001 3.249556e-001 1.943051e-001 -4.873098e-001 -5.152391e-001 5.683152e-001 
1.205294e+001 1.602257e+001 -1.168381e+001 4.912417e+000 1.229684e+000 7.781773e-001 -6.854722e+000 -5.061107e+000 8.260450e-002 -4.963311e+000 -4.832068e+000 -6.152264e-001 -4.988834e+000 -5.760239e-001 3.521251e-001 -8.312995e-001 -6.022223e-001 -4.392821e+000 9.617925e-001 -3.141316e+000 -2.459046e+000 -1.717384e+000 -2.924236e+000 -1.217279e+000 -2.866431e+000 -3.455445e-002 5.039275e-002 -1.190131e+000 3.422331e-001 3.820759e-001 1.559047e-001 -1.076618e-002 8.201709e-002 1.375935e-001 -1.098120e+000 1.528417e+000 
1.420434e+001 1.375870e+001 -8.128708e+000 4.007881e+000 2.632208e+000 2.042026e-001 -7.092882e+000 -4.012505e+000 3.921411e-001 -4.925912e+000 -3.023338e+000 -8.676709e-001 -3.377698e+000 -6.210671e-001 1.114435e+000 -3.160130e-001 -1.946519e+000 -3.159221e+000 6.211879e-001 -1.326365e+000 -2.521520e+000 -1.056711e+000 -2.717498e+000 -1.400660e+000 -1.248901e+000 -5.656339e-001 1.124998e-001 -6.632794e-001 -1.820265e-001 3.351233e-001 7.320742e-001 2.054400e-001 5.240656e-001 9.416813e-002 -7.123476e-001 7.944891e-001 
1.201847e+001 1.633949e+001 -1.073530e+001 7.151013e+000 1.057492e-001 1.218688e+000 -8.146264e+000 -3.737526e+000 -8.191922e-001 -4.116767e+000 -2.450491e+000 -8.834721e-001 -3.105245e+000 -2.136557e+000 8.024989e-001 -1.714302e+000 -1.352524e+000 -3.260133e+000 1.563352e+000 -1.151188e+000 -3.078431e+000 -1.580811e+000 -3.271799e+000 -1.883895e+000 -1.720845e+000 -1.748613e-001 4.083056e-001 -6.162319e-001 -2.789737e-002 2.552515e-001 1.194511e-001 3.593683e-001 -5.901883e-002 3.315803e-001 -7.609041e-001 9.215304e-001 
1.511431e+001 1.268822e+001 -7.006507e+000 5.235441e+000 3.341140e+000 1.053458e+000 -4.188910e+000 -4.047510e+000 2.646561e-001 -3.136175e+000 -1.789641e+000 1.938792e-002 -2.412862e+000 -6.442391e-001 1.050966e+000 2.502625e-001 -1.800974e+000 -2.558888e+000 1.686461e+000 -4.485564e-001 -2.647467e+000 -4.736901e-001 -2.097435e+000 -1.812796e+000 -1.093388e+000 1.505938e-001 9.121034e-001 -3.683146e-001 4.431861e-001 2.053916e-001 3.325094e-001 4.355529e-001 3.015401e-001 6.096965e-001 -1.029062e-001 9.369480e-001 
1.314505e+001 1.178016e+001 -2.772919e+000 2.651100e+000 3.123081e+000 -4.961005e-001 -2.640177e+000 -1.260905e+000 1.032411e+000 -1.318673e+000 -1.306581e+000 -1.196547e-001 -1.444679e+000 -5.707080e-001 1.022464e+000 4.390937e-001 -1.262835e+000 -6.826187e-001 2.256384e+000 8.621816e-001 -1.442338e+000 -5.412788e-001 -1.054922e+000 -1.402918e+000 -1.124145e-001 3.770543e-001 9.586221e-001 5.045219e-001 -8.668471e-002 5.574073e-001 3.299913e-001 -6.989210e-002 -1.659037e-001 -6.026961e-001 -5.369993e-001 -2.482079e-002 
2.948128e-001 1.637736e+001 -8.283649e+000 1.766634e+000 -3.950655e+000 -5.255859e-001 -5.506284e+000 -1.827218e+000 1.145451e-001 -3.883562e+000 -1.169301e+000 -6.459380e-001 -2.139527e+000 -1.054195e+000 2.448838e-001 -7.658793e-001 -9.530708e-001 -4.082565e-001 1.415392e+000 -2.074739e-001 -2.297183e+000 -1.860139e+000 -1.098989e+000 -1.787509e+000 1.069887e-001 -9.776589e-001 7.422547e-002 -4.292436e-001 -2.927073e-001 6.335752e-001 3.085151e-001 1.060014e+000 8.078441e-002 1.395996e-001 -7.790441e-001 4.049445e-001 
-4.822262e-001 1.619451e+001 -8.544255e+000 8.224611e-001 -4.550867e+000 -7.637129e-001 -6.247347e+000 -2.353787e+000 8.822119e-001 -3.853442e+000 -4.540973e-001 -3.965580e-001 -2.069647e+000 -6.274006e-001 6.432670e-001 -3.934972e-001 -1.341196e+000 -1.522985e+000 1.461700e+000 -4.990047e-001 -1.557747e+000 -7.846399e-001 -1.111291e+000 -2.302732e+000 -4.171903e-001 -1.993499e-001 -2.383653e-002 1.718328e-001 -2.576475e-001 7.878870e-001 3.619777e-002 2.413728e-001 3.340294e-001 3.510286e-001 1.812938e-001 5.568808e-001 
8.897006e-004 1.456307e+001 -6.375313e+000 1.842971e+000 -2.850180e+000 -9.060898e-001 -6.095371e+000 -1.764236e+000 1.302504e+000 -3.901663e+000 -3.356917e-001 -1.025074e+000 -2.021344e+000 -1.645354e+000 -2.862117e-001 -1.095163e+000 -3.146192e+000 -2.056188e+000 9.411302e-001 -2.200877e-002 -1.705106e+000 -3.237675e-001 -9.222175e-001 -1.493176e+000 -7.456003e-001 -5.373895e-001 -3.594984e-001 -3.980118e-001 2.858376e-001 5.885201e-002 -2.711769e-001 1.140925e-001 8.184787e-001 4.643671e-001 2.876705e-001 1.007644e+000 
-3.710238e-001 1.722223e+001 -7.643594e+000 2.640280e+000 -4.994323e+000 7.430226e-001 -5.450329e+000 -3.137977e+000 2.289416e+000 -4.622038e+000 -8.283863e-001 -2.405226e+000 -8.884479e-001 -1.606879e+000 6.485490e-001 -5.804712e-001 -2.773603e+000 -1.792095e+000 2.097367e-001 6.123297e-001 -1.476917e+000 -8.005180e-001 -1.105273e+000 -9.976657e-001 -4.400766e-001 -7.650381e-001 -3.338816e-001 -2.715696e-001 2.983572e-001 6.315681e-001 4.491464e-001 -9.258814e-003 -2.840668e-001 3.327256e-001 3.717258e-001 1.082805e+000 
-5.279270e-001 1.573045e+001 -7.200895e+000 1.372475e+000 -4.237264e+000 -6.947554e-003 -4.455659e+000 -2.887033e+000 1.540628e+000 -4.217486e+000 -1.131595e+000 -3.283353e-001 -1.970805e+000 -6.627380e-001 -1.933957e-001 -5.814460e-001 -2.629891e+000 -2.211937e+000 1.438622e+000 -6.377930e-002 -1.365566e+000 -9.351440e-001 -4.471478e-001 -1.342644e+000 -1.225939e+000 -1.107816e+000 -1.623331e-001 -1.543080e-001 -2.984109e-001 4.937327e-001 3.014712e-001 6.804913e-001 6.447112e-002 2.124082e-001 1.117810e-001 4.990145e-001 
-1.394597e+000 1.704901e+001 -8.587781e+000 1.340810e+000 -3.353036e+000 -7.209063e-001 -4.282764e+000 -2.581809e+000 1.332009e+000 -3.467288e+000 -1.259812e+000 -7.140172e-001 -3.214098e+000 -9.963073e-001 -1.783998e-001 -1.016640e+000 -1.913586e+000 -3.292426e+000 9.749213e-001 -5.275472e-001 -1.151985e+000 -1.326733e+000 -8.312871e-001 -8.664068e-001 -8.804323e-001 -3.819851e-001 -4.011294e-001 -8.372815e-001 -6.755917e-001 3.112740e-001 5.354001e-001 7.098520e-001 2.399317e-001 -2.899446e-001 1.608752e-001 7.049224e-002 
-8.073319e-001 1.784133e+001 -7.541419e+000 1.484311e+000 -2.788883e+000 -1.012646e+000 -4.268620e+000 -1.506054e+000 7.204036e-001 -2.762787e+000 -1.739566e+000 -2.011109e-001 -1.888062e+000 -1.545350e+000 -1.097002e+000 -1.721808e+000 -9.968663e-001 -1.913694e+000 3.023692e-001 4.096569e-001 -1.225816e+000 -2.141934e+000 -1.545431e+000 -1.509191e+000 -1.940335e-001 -6.699958e-002 1.880765e-001 -2.847972e-001 -7.194739e-001 2.094801e-001 7.349003e-002 5.956534e-001 2.424929e-002 1.200233e-001 6.540937e-002 1.418445e-001 
-1.608904e+000 1.713096e+001 -8.547449e+000 -6.787098e-001 -1.970270e+000 4.372967e-001 -3.985302e+000 -2.289861e+000 6.462375e-001 -2.823260e+000 -2.047461e+000 -5.316632e-001 -1.838297e+000 -7.752480e-001 6.652751e-004 -9.203018e-001 -1.794749e+000 -2.158425e+000 1.012587e+000 2.477994e-001 -7.346388e-001 -1.626282e+000 -1.363822e+000 -1.363266e+000 -2.913668e-001 -5.454387e-002 -2.732930e-001 -9.411153e-003 1.202094e-001 3.627830e-001 -3.698353e-001 1.198841e-001 3.070951e-001 4.855925e-001 -1.412306e-001 5.260892e-001 
-2.874650e+000 1.604361e+001 -9.366916e+000 -1.069288e+000 -3.260766e+000 1.136604e-001 -3.729741e+000 -1.568332e+000 1.519336e+000 -3.004158e+000 -1.369730e+000 -1.281367e-001 -1.560937e+000 -2.043004e-001 1.000929e+000 -4.268944e-001 -1.566690e+000 -2.000219e+000 1.070640e+000 -2.452763e-001 -6.858807e-001 -1.558125e+000 -1.557161e+000 -1.234296e+000 -3.330051e-001 6.101527e-002 -2.418436e-002 1.196017e-001 3.922562e-002 -1.066074e-001 -2.515144e-002 -1.657702e-001 -6.997866e-002 5.651412e-001 -3.576256e-001 -2.994310e-001 
-3.794354e+000 1.593784e+001 -8.254478e+000 -5.305897e-002 -3.213515e+000 -8.444158e-001 -3.304147e+000 -5.375887e-001 1.572078e+000 -3.320993e+000 -1.999527e+000 -2.356137e-001 -8.702565e-001 -3.764446e-001 3.156442e-001 -7.112273e-001 -1.543130e+000 -2.439134e+000 4.758152e-001 -3.868046e-001 -2.077577e-001 -4.072042e-001 -7.165310e-001 -6.103063e-001 -4.463455e-001 4.270129e-001 1.789492e-001 -4.056209e-001 -3.877612e-001 5.387298e-001 6.958953e-001 5.130759e-001 -1.923163e-001 1.978119e-001 -1.244542e-001 5.623441e-002 
-2.076201e+000 1.721433e+001 -8.554881e+000 1.224850e+000 -3.454415e+000 -1.673800e+000 -3.478821e+000 -1.069710e+000 1.623078e+000 -5.552724e+000 -2.380752e+000 -1.774849e+000 -1.552607e+000 -1.758693e+000 -9.044244e-001 -1.510459e+000 -3.000509e+000 -1.945954e+000 2.803397e-001 -1.939314e-001 -1.085696e+000 -3.418973e-001 -1.168818e+000 -1.017770e+000 -7.455882e-001 -1.064668e-001 3.185832e-001 -2.569854e-001 1.691130e-002 1.696999e-001 -8.217209e-003 2.917413e-001 1.519908e-001 -6.667593e-001 -7.019976e-002 6.718689e-001 
-1.854649e+000 1.511499e+001 -8.842596e+000 2.159285e+000 -2.494467e+000 1.151795e-001 -4.455111e+000 -1.349635e+000 1.049284e+000 -4.468156e+000 -8.352793e-001 -1.142351e+000 -1.532342e+000 -1.673941e+000 1.451453e-001 -8.737200e-001 -2.459042e+000 -2.075201e+000 1.125969e+000 1.100562e+000 -9.229404e-001 -1.175063e-001 -1.049417e+000 -8.080268e-001 -3.483647e-001 -4.973232e-001 1.558071e-002 4.942532e-001 3.141567e-001 5.755622e-001 1.515880e-001 -3.077775e-001 7.709509e-001 -2.104578e-001 6.534479e-002 5.957022e-001 
-5.729354e-001 1.341222e+001 -7.748898e+000 2.282913e+000 -3.293753e+000 3.559003e-001 -4.487673e+000 4.271071e-001 1.438679e+000 -3.014404e+000 -1.104863e+000 -1.589014e+000 -4.856813e-001 -1.417618e+000 1.472676e+000 -4.161387e-001 -1.627725e+000 -1.189109e+000 8.448074e-001 7.382052e-001 -1.274550e+000 -5.782114e-001 -1.345841e+000 -6.852067e-001 -8.836269e-001 5.476055e-003 3.848070e-001 3.553345e-002 5.210931e-001 4.805008e-001 4.693164e-001 -1.945521e-001 1.250217e-001 -1.002242e+000 -1.840803e-001 4.255365e-001 
8.526913e+000 1.512980e+001 -6.810581e+000 2.653820e+000 1.090741e+000 1.748699e+000 -4.747862e+000 -4.889061e-001 1.097960e+000 -4.072409e+000 -2.331431e+000 -1.358730e+000 -1.537524e+000 -2.396448e+000 2.499218e-001 -3.682167e-001 -1.749598e+000 1.652880e-001 8.750069e-001 -7.292508e-001 -1.087219e+000 -3.677241e-001 -6.098036e-001 -3.209715e-001 -1.114160e+000 -3.579399e-001 6.674901e-001 3.429484e-001 2.599108e-001 4.536727e-001 -9.591507e-002 -2.683320e-001 5.213309e-001 -4.740002e-001 -1.934843e-001 2.984901e-001 
1.062511e+001 2.011143e+001 -1.287761e+001 4.914022e+000 2.281267e-001 3.108592e-001 -5.381655e+000 -4.232081e+000 1.360901e+000 -5.384454e+000 -1.419054e+000 -8.098294e-001 -1.797568e+000 -1.300579e+000 -8.871528e-001 2.774504e-002 -2.006945e+000 -5.521501e-001 3.573825e-001 -3.041203e+000 -1.623808e+000 -1.780925e+000 -1.052023e+000 -1.058894e+000 -1.756593e+000 -8.063663e-001 -2.090291e-001 -5.609555e-002 -6.812834e-001 4.506069e-001 3.243496e-001 8.079990e-001 1.028938e+000 -4.796604e-001 -2.774671e-001 2.717084e-002 
1.398327e+001 1.793689e+001 -1.162032e+001 2.931030e+000 1.466860e+000 1.495607e+000 -6.451454e+000 -3.418065e+000 2.654812e-001 -4.802464e+000 -2.351871e+000 4.025300e-001 -1.573611e+000 -1.872200e+000 4.849138e-001 -6.645002e-001 -1.737610e+000 -2.281984e-001 4.357857e-001 -2.393393e+000 -9.193351e-001 3.417576e-002 -1.982677e+000 -1.593070e+000 -2.058539e+000 -9.906467e-001 1.025189e+000 -6.078476e-001 -5.902054e-001 -4.001827e-001 -6.308142e-002 9.905700e-001 6.119534e-001 1.037930e-001 -5.578458e-001 4.983695e-001 
1.293597e+001 1.825226e+001 -1.057361e+001 2.563456e+000 1.872682e+000 3.944602e+000 -8.578912e+000 -3.211100e+000 1.303479e+000 -4.785423e+000 -3.386995e+000 1.124870e+000 -3.128491e+000 -3.256724e+000 1.957728e+000 -2.976658e-001 -2.116950e+000 5.996594e-001 8.580614e-001 -3.493879e+000 -3.290851e-001 1.535170e-001 -2.875631e+000 -1.085871e+000 -8.022790e-001 -1.917578e+000 9.268077e-001 3.241015e-001 -5.804164e-001 -3.784279e-001 3.811051e-001 1.137131e+000 6.764863e-002 -1.267882e-002 -2.831192e-001 -1.826357e-001 
1.305702e+001 1.666610e+001 -9.923014e+000 2.337703e+000 3.999739e+000 1.615139e+000 -6.787619e+000 -3.190272e+000 -1.502605e-001 -4.676762e+000 -2.676848e+000 -1.114619e+000 -3.448797e+000 -1.824647e+000 7.403874e-001 7.557225e-001 -3.470972e-001 -5.645829e-001 3.041036e-001 -2.110846e+000 -8.316182e-001 -6.597605e-001 -1.994936e+000 -1.274851e+000 -2.229336e+000 -7.373312e-001 6.639564e-001 -7.053777e-002 5.049652e-001 3.162101e-001 7.301064e-002 2.384797e-001 -2.787280e-003 -5.968949e-001 -6.211960e-001 7.700312e-001 
1.160948e+001 1.698005e+001 -1.090606e+001 4.787856e+000 2.886614e+000 1.753886e+000 -6.914182e+000 -4.224952e+000 -3.230374e-001 -4.811713e+000 -2.749222e+000 -8.598375e-001 -3.807351e+000 -4.168409e-001 7.826054e-001 6.134627e-001 -3.796927e-001 -1.667558e+000 -4.197661e-002 -2.561862e+000 -3.347068e-001 -1.290221e+000 -1.623254e+000 -1.361070e+000 -2.257152e+000 -2.907881e-001 -1.638257e-001 2.504605e-001 -2.651249e-001 1.639984e-001 3.190779e-001 1.407000e-001 4.474466e-001 -6.839498e-001 -2.492415e-001 2.911274e-001 
1.210927e+001 1.634080e+001 -1.074748e+001 4.577557e+000 2.295615e+000 1.275992e+000 -6.380560e+000 -4.619060e+000 1.429424e+000 -5.107290e+000 -3.862025e+000 3.001636e-001 -4.474788e+000 2.089783e-001 1.315760e+000 8.546904e-003 -8.498263e-001 -3.045409e+000 7.564225e-001 -3.166264e+000 -1.116986e+000 -1.271996e+000 -2.677151e+000 -7.976414e-001 -2.376696e+000 -2.707416e-001 1.692416e-001 -3.656815e-001 2.921590e-001 5.303809e-001 7.621860e-001 4.336681e-001 7.971246e-002 -1.068423e-001 -6.070378e-001 8.783814e-001 
1.302483e+001 1.478779e+001 -1.011859e+001 4.484520e+000 2.260319e+000 7.322379e-001 -6.298828e+000 -4.544741e+000 5.875868e-001 -4.939212e+000 -4.297752e+000 -1.135326e+000 -4.350813e+000 3.457503e-001 9.539132e-001 -2.009089e-001 -1.052616e+000 -4.131086e+000 1.146437e+000 -1.669160e+000 -2.143015e+000 -1.292606e+000 -2.955481e+000 -1.738000e+000 -2.440770e+000 3.015450e-002 2.931745e-001 -6.878551e-001 5.101310e-001 5.828590e-001 4.126185e-001 -4.722157e-002 2.876012e-001 -1.608247e-001 -1.269964e+000 1.433042e+000 
1.310799e+001 1.478817e+001 -8.844730e+000 4.302501e+000 2.044201e+000 1.711286e+000 -7.592459e+000 -3.924224e+000 8.445721e-002 -5.495330e+000 -3.189800e+000 -1.256269e-001 -2.672326e+000 -1.193932e+000 1.580372e+000 -3.265033e-001 -1.725609e+000 -2.805893e+000 1.027306e+000 -1.250718e+000 -2.901178e+000 -6.907792e-001 -2.815148e+000 -1.671025e+000 -1.007034e+000 -4.916816e-001 -5.606616e-002 -4.517027e-001 -5.824060e-002 1.666807e-001 9.909925e-001 4.881965e-001 3.788136e-001 -1.326209e-001 -9.579315e-001 4.125525e-001 
1.185956e+001 1.654988e+001 -1.129822e+001 7.237805e+000 -6.702139e-003 1.779184e+000 -6.585987e+000 -3.275339e+000 -7.919688e-001 -4.182709e+000 -3.123679e+000 -7.730112e-001 -2.536326e+000 -1.564253e+000 1.776632e+000 -1.190431e+000 -1.076543e+000 -3.745590e+000 1.656482e+000 -1.181815e+000 -3.027910e+000 -6.096263e-001 -2.661773e+000 -1.468984e+000 -1.884366e+000 -1.706024e-001 4.764578e-001 -6.599134e-001 6.285042e-001 4.305628e-001 2.762399e-002 5.512120e-001 -7.599206e-002 6.022660e-001 -8.481754e-001 1.050002e+000 
