1.937734e+001 1.472122e+001 -3.973497e+000 1.272985e+000 -1.995998e-002 3.753658e-001 -4.423979e+000 -5.123042e-001 8.499167e-001 -2.922216e+000 -1.925038e+000 -1.125169e+000 5.661599e-001 5.029200e-001 5.890696e-001 4.782563e-001 -1.166436e+000 -7.569363e-001 4.308917e-001 -2.310486e-001 -2.437213e-002 -6.363157e-002 -7.736203e-001 2.197185e-001 
1.665325e+001 1.682472e+001 -5.055845e+000 2.834208e+000 -8.906923e-001 3.209277e-001 -5.785982e+000 5.862122e-001 1.206489e+000 -2.103596e+000 -1.359556e+000 -1.099476e+000 1.998924e-001 -3.305471e-001 6.722668e-001 3.739551e-001 -8.458900e-001 -4.838077e-001 1.894112e-001 -8.639854e-001 -1.541759e-001 -1.390218e-001 -3.833476e-001 4.629755e-001 
1.518863e+001 1.665243e+001 -3.516586e+000 8.925441e-001 -6.759900e-001 7.078145e-001 -5.225200e+000 -2.732947e-001 2.116426e+000 -1.793518e+000 -1.281214e+000 -1.613759e+000 -7.645043e-001 -2.013618e-001 5.738972e-001 6.914150e-001 -6.006374e-001 -5.354344e-001 8.556782e-002 -6.407733e-001 -5.684649e-001 -2.956259e-001 -1.496522e-001 1.376573e-001 
9.014134e+000 1.737983e+001 -3.686232e+000 3.018236e+000 -1.485432e+000 2.156864e+000 -4.367338e+000 3.840410e-002 2.205534e+000 -1.703370e+000 -1.545117e+000 -1.760502e+000 -1.273712e+000 -1.758930e-001 6.788404e-001 5.612595e-002 -3.747549e-001 1.888254e-001 3.124731e-001 -4.781559e-001 -2.744796e-001 -6.072868e-001 -4.350333e-002 3.938432e-001 
7.220055e+000 1.625154e+001 -3.018202e+000 2.215431e+000 -7.730801e-001 1.664836e+000 -3.241927e+000 8.402269e-001 2.084696e+000 -3.017574e+000 -8.652888e-001 -1.164065e+000 -1.651251e-001 8.339188e-002 3.957477e-001 -2.418744e-001 -1.377671e+000 -2.762820e-001 1.741109e-001 -1.659483e-001 -2.179748e-001 -3.969783e-001 -7.619932e-001 -1.453287e-001 
1.096807e+001 1.716605e+001 -2.160741e+000 1.181504e+000 -1.794723e+000 8.290133e-001 -4.304204e+000 -7.367064e-001 1.545216e+000 -2.028580e+000 -1.672001e+000 -1.254831e+000 -4.403982e-001 3.725465e-001 6.642690e-001 -3.571799e-001 -6.262184e-001 3.483267e-001 5.322706e-001 -3.800553e-001 -4.229118e-001 -3.827423e-001 -4.836356e-001 -2.563294e-001 
1.228456e+001 1.737152e+001 -2.119817e+000 6.316417e-001 -1.399753e+000 3.626387e-001 -5.342361e+000 -1.495667e+000 1.800033e+000 -2.066269e+000 -1.023798e+000 -8.946392e-001 -8.353063e-001 2.925978e-001 1.379545e-001 -2.754036e-001 -3.587527e-001 2.911388e-001 9.816383e-001 2.109262e-001 -3.470873e-001 -6.420248e-001 -6.204111e-001 -7.048478e-001 
1.347594e+001 1.628331e+001 -1.394836e+000 6.316598e-001 -4.207596e-001 -3.879729e-001 -6.032152e+000 -1.159525e+000 2.409439e+000 -2.259333e+000 -6.015602e-001 -6.760574e-001 -9.907775e-001 -1.749178e-001 1.765636e-002 1.141412e-001 -8.526076e-001 3.618145e-001 1.125292e+000 -1.369795e-001 -3.887469e-001 -3.578594e-001 -5.005775e-001 -8.145892e-001 
1.234735e+001 1.876373e+001 -3.615913e+000 2.056655e+000 -5.289357e-001 1.456792e-002 -6.672390e+000 1.245769e-001 1.570949e+000 -2.528771e+000 -5.147511e-001 -5.736036e-001 -5.065379e-001 -1.187969e-001 2.687473e-001 8.486874e-002 -1.057974e+000 -2.984494e-001 9.794699e-001 -4.710561e-001 4.535974e-001 9.916703e-002 -8.765742e-001 -8.422162e-001 
1.252021e+001 1.870886e+001 -4.370950e+000 2.178243e+000 2.467464e-001 8.431741e-002 -5.942987e+000 -1.731968e+000 1.149288e+000 -1.443629e+000 -4.906780e-001 -7.052344e-001 -5.474248e-002 8.944264e-002 -4.362588e-001 1.861042e-001 -8.431893e-001 -5.434539e-001 4.567155e-001 -5.155527e-001 7.540926e-001 -9.308118e-002 -3.865494e-001 -4.758517e-001 
1.529202e+001 1.565958e+001 -2.671146e+000 2.145169e+000 1.597772e+000 -1.206759e+000 -5.081211e+000 -2.292845e+000 1.362584e+000 -1.310175e+000 -1.199674e+000 -2.154078e-001 4.709941e-001 1.368237e-001 -2.831782e-001 1.189209e-001 -1.278480e+000 -8.161385e-001 1.815177e-002 -4.858072e-002 8.243611e-001 1.781138e-001 -4.074897e-001 -3.704220e-001 
1.495296e+001 1.736076e+001 -4.955678e+000 3.231428e+000 3.898823e-002 -5.520496e-002 -4.892919e+000 -1.460150e+000 3.210048e-001 -1.616819e+000 -1.818773e+000 -4.964377e-001 1.180062e+000 5.640927e-001 1.362684e-001 -1.352231e-001 -1.359588e+000 -1.182566e+000 -9.457776e-003 -4.336252e-001 1.076836e+000 4.345114e-001 -4.041960e-001 2.365272e-001 
1.687085e+001 1.380383e+001 -2.877052e+000 2.157449e+000 1.660268e+000 -6.808362e-001 -3.748911e+000 -2.435466e+000 -9.123901e-002 -1.694875e+000 -1.972861e+000 -2.577351e-001 1.121593e+000 8.767659e-001 5.150251e-001 -1.174169e-001 -1.516949e+000 -1.287556e+000 -5.081558e-001 -4.427548e-001 1.009358e+000 8.314305e-001 -2.824269e-001 3.291622e-001 
1.522223e+001 1.584387e+001 -4.094060e+000 4.071324e+000 -1.002924e-002 -4.886716e-001 -4.830200e+000 -2.486990e+000 3.419570e-001 -3.548709e-001 -1.456604e+000 -2.077783e-001 6.786708e-001 -4.216140e-001 8.695419e-002 -1.954515e-001 -9.773540e-001 -7.547602e-001 1.087466e-001 -4.331695e-001 8.428287e-001 2.777913e-001 -6.013743e-001 -4.512410e-001 
1.613319e+001 1.647499e+001 -3.867615e+000 2.722640e+000 -3.980188e-001 -5.682284e-001 -3.800820e+000 -2.360932e+000 9.620319e-001 -7.725969e-001 -1.886371e+000 -4.610714e-001 3.350978e-001 -3.052750e-001 6.205359e-001 9.101753e-002 -1.606689e+000 -7.597994e-001 3.066709e-002 -2.593510e-002 8.925677e-001 -1.719203e-001 -6.936991e-001 -6.240814e-001 
1.674523e+001 1.514134e+001 -2.532400e+000 2.410182e+000 7.727435e-001 -1.142579e+000 -3.720130e+000 -2.029545e+000 6.235959e-001 -9.312414e-001 -2.242113e+000 -2.094095e-001 4.009157e-001 -1.251426e-001 9.734259e-001 2.058790e-002 -1.551925e+000 -1.135570e+000 -5.227067e-002 3.066318e-002 8.253457e-001 1.107336e-001 -9.749840e-001 -2.900329e-001 
2.183276e+001 1.130561e+001 -1.241680e+000 -3.069460e-001 1.977885e+000 -5.946667e-002 -2.999015e+000 -1.339724e+000 -5.917133e-001 -1.950730e+000 -1.339003e+000 3.278363e-001 1.099111e+000 5.707040e-001 6.465160e-001 4.086860e-001 -8.279180e-001 -6.771174e-001 2.523285e-001 -3.199377e-001 -4.332885e-001 2.118641e-001 1.825061e-001 3.925380e-001 
1.924298e+001 1.405585e+001 -4.233868e+000 8.048742e-001 1.908757e-001 5.543137e-001 -4.226256e+000 -6.169675e-001 6.881007e-001 -2.970514e+000 -2.025424e+000 -1.293547e+000 3.515413e-001 4.540763e-001 5.798223e-001 5.576380e-001 -9.301828e-001 -5.405393e-001 5.446406e-001 -2.344453e-001 -2.184544e-001 -3.143668e-001 -9.098955e-001 2.316829e-001 
1.661214e+001 1.666116e+001 -5.718381e+000 2.472484e+000 -1.288212e+000 6.638541e-001 -5.541767e+000 6.187002e-001 8.929984e-001 -2.418171e+000 -1.754535e+000 -1.230043e+000 4.133834e-001 -2.568374e-001 6.127012e-001 2.443985e-001 -8.999841e-001 -4.249369e-001 5.588010e-001 -6.101419e-001 -1.676764e-001 -4.117075e-001 -7.403562e-001 2.890604e-001 
1.491107e+001 1.703982e+001 -4.622795e+000 1.783528e+000 -1.077137e+000 1.133708e+000 -5.700606e+000 4.865577e-001 1.941530e+000 -1.891840e+000 -1.483395e+000 -1.509703e+000 -4.563921e-001 -4.809036e-002 9.344735e-001 4.643845e-001 -7.770888e-001 -7.746729e-001 -2.793326e-002 -6.784601e-001 -3.380457e-001 -1.989185e-001 -4.911959e-002 2.527873e-001 
9.761200e+000 1.710114e+001 -3.599751e+000 2.601529e+000 -1.147733e+000 1.789119e+000 -4.734593e+000 -6.388855e-001 2.535177e+000 -1.413650e+000 -1.962742e+000 -1.863139e+000 -1.150005e+000 -2.468704e-001 8.105140e-001 7.200172e-001 -3.057344e-001 -3.008498e-001 4.595146e-002 -3.183194e-001 -2.894246e-001 -4.455520e-001 4.504076e-002 3.937010e-001 
5.936206e+000 1.645626e+001 -3.348244e+000 2.811822e+000 -2.999894e-001 2.313807e+000 -3.991474e+000 -4.076546e-001 1.514823e+000 -2.750433e+000 -9.241292e-001 -1.351397e+000 -1.307806e-001 -3.745246e-001 4.418475e-001 4.669104e-001 -6.095917e-001 -1.343265e-001 -1.369113e-001 -5.314021e-001 -3.184230e-001 -4.025510e-001 -6.181539e-001 3.830442e-001 
1.029576e+001 1.603462e+001 -2.198383e+000 2.031434e+000 -4.523083e-001 8.140583e-001 -4.462184e+000 -9.267879e-001 1.213697e+000 -2.228002e+000 -1.377519e+000 -1.266011e+000 -1.171425e+000 -2.245337e-001 1.068257e+000 2.421900e-001 1.071735e-001 9.226687e-001 2.970709e-001 -5.083244e-001 -6.064716e-001 -7.608027e-001 -6.757326e-001 -5.397675e-002 
1.095338e+001 1.724594e+001 -2.483903e+000 1.903021e+000 -1.656811e+000 2.132705e-001 -6.044302e+000 -1.939485e+000 1.145939e+000 -1.981449e+000 -8.228976e-001 -8.301264e-001 -1.196313e+000 -1.685131e-001 3.362044e-002 8.001433e-003 3.698988e-001 8.190395e-001 1.408653e+000 9.683677e-002 -6.598240e-001 -1.010255e+000 -5.258225e-001 -3.992796e-001 
1.198548e+001 1.707266e+001 -2.577856e+000 1.496225e+000 -1.114043e+000 -2.732946e-001 -7.354790e+000 -1.573118e+000 1.940338e+000 -2.680229e+000 -4.281120e-001 -5.978481e-001 -1.133535e+000 -3.306565e-001 1.598175e-001 -9.426177e-003 -6.063353e-001 5.266717e-001 1.348841e+000 3.593242e-001 -1.819604e-001 -6.306548e-001 -7.207635e-001 -9.031762e-001 
1.324192e+001 1.832212e+001 -3.801581e+000 1.361430e+000 -1.950051e-001 2.473589e-001 -6.574261e+000 -6.656797e-001 1.108005e+000 -2.880663e+000 -2.307771e-001 -4.017214e-001 -5.665879e-001 1.014107e-001 2.829378e-001 -2.892448e-001 -1.217662e+000 1.317976e-001 1.304666e+000 -1.175699e-001 3.170912e-001 -2.078532e-001 -1.048950e+000 -5.930405e-001 
1.335796e+001 1.821142e+001 -3.556191e+000 1.404289e+000 6.470428e-001 -4.767425e-001 -5.855784e+000 -1.479660e+000 1.237030e+000 -2.054619e+000 -1.089171e+000 -7.690425e-001 1.082516e-001 3.645848e-001 -1.180879e-001 2.312207e-001 -1.094926e+000 -6.762989e-001 5.412960e-001 1.529530e-001 9.046947e-001 -2.808647e-001 -8.509994e-001 -6.281464e-001 
1.320097e+001 1.872308e+001 -5.242063e+000 3.670578e+000 -1.461901e-002 1.885400e-001 -5.560096e+000 -2.499915e+000 1.215719e+000 -2.007184e+000 -8.849115e-001 -8.814275e-001 4.447833e-001 4.074729e-001 -5.658991e-002 5.802547e-001 -1.246510e+000 -9.584395e-001 8.059205e-002 -1.872424e-001 1.223812e+000 -5.102557e-002 -2.531078e-001 -4.640681e-001 
1.541309e+001 1.552661e+001 -3.778774e+000 2.984229e+000 1.853659e+000 -5.978978e-001 -4.740221e+000 -2.453016e+000 -2.181195e-002 -2.079450e+000 -1.698837e+000 -2.239887e-001 1.028379e+000 5.791204e-001 3.539805e-001 1.806563e-001 -1.324821e+000 -9.452404e-001 -2.455015e-001 -5.346112e-001 8.031811e-001 6.219126e-001 -1.253752e-002 3.373447e-001 
1.543156e+001 1.626910e+001 -4.478822e+000 3.680593e+000 6.799482e-001 -4.556118e-001 -4.762402e+000 -1.852736e+000 4.237160e-001 -1.170282e+000 -2.014747e+000 -6.869481e-001 7.188957e-001 5.049073e-001 9.289559e-001 1.140021e-001 -1.431452e+000 -1.502275e+000 -3.273690e-001 -3.625662e-001 1.231748e+000 6.888296e-001 -5.376748e-001 4.729164e-003 
1.554002e+001 1.654117e+001 -4.752543e+000 3.866572e+000 -6.041565e-001 -6.444173e-002 -4.467841e+000 -1.315834e+000 5.652478e-001 -8.577661e-001 -2.408235e+000 -6.684275e-001 8.221334e-001 2.797552e-001 9.144468e-001 -1.153728e-001 -1.426009e+000 -1.569950e+000 -4.124458e-002 -3.588127e-001 1.125354e+000 3.556035e-001 -5.608243e-001 -4.147199e-001 
1.577626e+001 1.504954e+001 -3.010578e+000 2.777169e+000 7.070833e-001 -4.805806e-001 -3.738765e+000 -3.085520e+000 5.664948e-001 -5.582956e-001 -1.830084e+000 -2.307233e-001 8.076116e-001 -8.118272e-002 2.776894e-001 -3.043862e-001 -1.599353e+000 -6.187785e-001 4.094891e-003 4.479689e-003 7.243424e-001 -1.263208e-001 -4.959766e-001 -2.588892e-001 
1.415207e+001 1.610469e+001 -4.330432e+000 5.201263e+000 5.301306e-001 4.484680e-001 -5.302372e+000 -2.645280e+000 -5.694410e-001 -2.550550e-001 -1.487459e+000 6.407616e-001 4.937118e-001 -7.754270e-001 7.744794e-001 -3.363093e-001 -9.752282e-001 -1.212114e+000 1.057259e-001 -7.893750e-001 7.161333e-001 5.687219e-002 -2.340824e-002 3.861676e-001 
