1.020944e+001 3.599718e+000 -3.580744e+000 5.070217e+000 -2.668854e+000 3.675317e+000 -2.042419e+000 1.430934e+000 -2.506958e+000 8.254763e-002 -1.351744e+000 5.391983e-001 7.038048e-002 -1.118929e-002 -1.752517e+000 -7.671716e-001 -1.358066e+000 -7.414399e-001 3.770122e-002 4.740627e-001 -7.559941e-001 -1.153381e+000 -7.869733e-001 8.785325e-001 
1.159449e+001 2.698806e+000 -2.811690e+000 4.212488e+000 -2.159140e+000 5.320034e+000 -2.181086e+000 8.364899e-001 -3.025729e+000 1.568475e-001 -3.080546e+000 4.835357e-001 -9.192664e-001 1.188932e+000 -2.612725e+000 3.964075e-001 -1.619347e+000 -8.739939e-002 -6.198300e-001 1.630476e-001 -1.037319e+000 -8.927404e-001 -1.219410e-001 1.475734e+000 
1.194627e+001 2.137806e+000 -3.609228e+000 3.117833e+000 -2.440328e+000 4.673766e+000 -2.598390e+000 6.486712e-001 -2.607372e+000 9.081607e-001 -2.489267e+000 8.242617e-001 -1.123826e+000 1.285470e+000 -1.722626e+000 2.213404e-001 -1.538573e+000 9.027933e-002 -8.068647e-001 -1.691196e-001 -1.082114e+000 -1.057739e+000 -5.673601e-001 1.233030e+000 
1.301978e+001 3.307867e+000 -3.661571e+000 4.617323e+000 -1.440358e+000 4.883056e+000 -1.986138e+000 5.589100e-001 -3.365118e+000 6.127415e-001 -3.077601e+000 2.926192e-001 -1.984467e+000 1.422676e+000 -2.066787e+000 -9.580468e-002 -1.794986e+000 3.997034e-001 -1.183983e+000 4.942373e-001 -9.773071e-001 -4.101051e-001 -3.332732e-001 1.229607e+000 
1.180709e+001 5.477996e+000 -3.982829e+000 3.733360e+000 -2.434695e+000 5.231836e+000 -2.171568e+000 6.891606e-001 -3.025885e+000 -3.908003e-001 -2.171195e+000 4.798920e-003 -1.828702e+000 7.318218e-001 -3.011117e+000 -2.405461e-001 -1.312607e+000 9.996988e-002 -3.611759e-001 4.907280e-001 -1.041979e+000 -9.988767e-001 1.098097e-001 7.381398e-001 
1.104186e+001 7.372297e+000 -5.883851e+000 1.408775e+000 -1.468763e+000 3.569172e+000 -2.046969e+000 -6.448420e-001 -2.388066e+000 -1.694653e+000 -1.696290e+000 -1.101490e+000 -1.451467e+000 -2.274612e-001 -2.058903e+000 -1.433285e+000 -1.082175e+000 -1.878308e-001 4.319640e-001 -3.965351e-002 -5.782553e-001 -1.081434e+000 -1.983868e-001 2.477310e-001 
1.402289e+001 9.723167e+000 -8.087659e+000 1.979125e+000 -1.045935e+000 2.676634e+000 -3.358793e+000 5.883358e-001 -3.115334e+000 -1.538341e+000 -2.495791e+000 -8.470131e-001 -5.546462e-001 7.086707e-001 -2.090474e+000 -2.007484e+000 -1.558926e+000 6.228712e-001 1.945845e-001 3.231314e-001 -1.613422e+000 -1.149838e+000 1.347051e-002 2.837791e-001 
1.508369e+001 9.992474e+000 -8.723837e+000 1.738229e+000 2.926713e-001 8.299300e-001 -2.975872e+000 1.382691e+000 -2.879234e+000 -2.555452e+000 -2.161243e+000 2.624705e-001 3.641178e-001 5.061491e-001 -1.907310e+000 -1.748581e+000 -1.685323e+000 1.687543e-001 4.846218e-001 1.720753e-001 -1.643373e+000 -1.453649e+000 8.754229e-001 2.888969e-002 
1.688848e+001 9.996127e+000 -9.335469e+000 1.214297e+000 7.427770e-002 2.513018e-001 -4.124734e+000 -1.703704e-001 -3.105558e+000 -1.756042e+000 -2.090614e+000 1.886965e+000 2.075452e-001 4.730590e-001 -1.125658e+000 -8.775588e-001 -1.937411e+000 -4.589377e-002 -5.186269e-001 -9.193611e-002 -1.417774e+000 -1.253616e+000 3.497079e-001 -3.647286e-001 
1.831959e+001 1.190555e+001 -9.430052e+000 1.755674e+000 1.885643e-001 1.301599e-001 -5.262624e+000 -9.306425e-001 -3.141716e+000 -1.470640e+000 -2.255936e+000 2.654625e+000 -1.389395e-001 1.027284e+000 -5.375409e-001 -9.277359e-001 -1.845728e+000 -8.385190e-001 -1.001631e+000 -1.937221e-001 -1.589239e+000 -9.461990e-001 1.989488e-001 -2.307783e-001 
1.829664e+001 1.135425e+001 -9.658333e+000 6.895613e-002 -1.742728e+000 1.977074e-001 -6.011261e+000 -1.509360e+000 -2.537292e+000 -2.650786e+000 -1.834936e+000 1.934534e+000 3.643163e-001 -1.798178e-001 3.288356e-001 -1.341443e+000 -1.323372e+000 -1.570581e+000 -6.346530e-001 -8.737227e-001 -1.537786e+000 -1.337827e+000 6.153364e-001 -7.971694e-002 
1.737477e+001 1.158797e+001 -1.004543e+001 2.505013e-001 -2.398678e+000 9.002374e-003 -4.512898e+000 -2.219046e+000 -2.076100e+000 -1.849942e+000 -2.722294e+000 1.995349e+000 -2.331575e-001 -8.260571e-001 -1.062812e-001 -1.513757e+000 -7.430591e-001 -1.203962e+000 -3.076290e-001 -7.824483e-001 -1.399512e+000 -1.617896e+000 3.006240e-001 -5.706772e-001 
1.739058e+001 1.194771e+001 -1.030695e+001 6.877681e-002 -2.257807e+000 6.219840e-001 -4.973476e+000 -1.038947e+000 -2.588106e+000 -8.337214e-001 -2.865013e+000 1.704332e+000 1.159099e-001 -1.135414e+000 -1.574452e-002 -1.767678e+000 2.513508e-001 -1.751087e+000 8.480444e-002 -7.795399e-001 -1.131230e+000 -1.775984e+000 2.570017e-001 -6.002778e-001 
1.678156e+001 1.308844e+001 -1.049148e+001 4.998301e-001 -2.340781e+000 1.369113e+000 -5.393878e+000 -3.442012e-001 -2.828077e+000 -9.669458e-001 -2.857911e+000 1.466492e+000 2.829543e-001 -1.427402e+000 -3.030651e-001 -1.416572e+000 4.062477e-001 -1.976274e+000 3.550313e-001 -9.761857e-001 -1.062707e+000 -1.544466e+000 1.884245e-001 -5.406435e-001 
1.754528e+001 1.270589e+001 -9.537886e+000 1.122617e+000 -2.132037e+000 1.521073e+000 -4.221177e+000 -1.378245e+000 -1.930503e+000 -1.081401e+000 -2.786350e+000 1.386647e+000 3.281103e-001 -1.189538e+000 -5.324386e-001 -9.112398e-001 -1.139186e-001 -1.725720e+000 1.645168e-001 -1.127496e+000 -1.123793e+000 -1.287953e+000 1.773050e-001 -3.475154e-001 
1.753783e+001 1.033470e+001 -9.128387e+000 -3.860776e-001 -1.639647e+000 4.377851e-002 -4.540904e+000 -2.387160e+000 -2.560784e+000 -1.305155e+000 -2.936944e+000 8.525384e-001 -4.446523e-002 -1.150406e+000 -9.057990e-001 -9.687579e-001 -1.505923e-001 -1.982096e+000 -7.247231e-003 -1.197140e+000 -1.366172e+000 -1.099872e+000 -1.224089e-001 -2.003067e-001 
1.775125e+001 1.068334e+001 -6.469118e+000 2.011237e+000 -4.708250e-001 2.693796e+000 -3.548063e+000 -6.833132e-001 -1.303179e+000 -3.057590e-001 -1.088570e+000 2.099601e+000 8.115950e-001 -6.437492e-002 -4.702144e-001 -1.345488e-001 1.620032e-001 -1.427379e+000 1.279686e-001 -6.399477e-001 -8.791251e-001 -7.527793e-001 -7.303650e-002 6.685299e-002 
1.099566e+001 4.043410e+000 -3.383143e+000 4.092004e+000 -2.124780e+000 3.925238e+000 -1.333879e+000 1.138460e+000 -2.854263e+000 -6.429699e-001 -1.616201e+000 2.677899e-001 -7.261560e-001 -8.973766e-001 -1.987935e+000 -5.315318e-001 -6.980402e-001 -7.517290e-001 -1.651387e-001 3.454662e-001 -2.789244e-001 -5.954373e-001 -4.873368e-001 6.459079e-001 
1.209670e+001 3.313245e+000 -3.755602e+000 3.015968e+000 -3.424061e+000 4.334492e+000 -2.040900e+000 9.844775e-001 -2.838380e+000 -3.864682e-001 -2.124075e+000 1.259029e+000 -9.463100e-002 1.511166e+000 -2.407672e+000 2.657586e-001 -1.557175e+000 -2.405215e-001 -5.001069e-001 2.860833e-001 -1.047298e+000 -1.203376e+000 -5.927731e-001 1.100121e+000 
1.281826e+001 3.366423e+000 -2.518342e+000 3.332478e+000 -2.844265e+000 5.220896e+000 -2.265117e+000 5.317658e-001 -2.984508e+000 7.523046e-001 -2.769585e+000 4.605628e-001 -1.612542e+000 1.065066e+000 -2.393502e+000 -2.001890e-001 -1.819240e+000 5.487952e-001 -2.921545e-001 9.659237e-002 -1.012449e+000 -9.228984e-001 -5.859375e-001 1.247740e+000 
1.191740e+001 1.480693e+000 -4.453456e+000 2.951334e+000 -2.583122e+000 4.349181e+000 -1.562884e+000 1.442111e+000 -1.895769e+000 1.471260e+000 -2.135184e+000 -2.200747e-001 -2.262954e+000 2.734270e-001 -2.645406e+000 -1.118281e+000 -1.884352e+000 5.133664e-001 -4.738744e-001 6.287142e-001 -3.665331e-001 -3.872077e-001 -6.593070e-002 1.363308e+000 
1.186901e+001 4.167342e+000 -5.165051e+000 3.210837e+000 -2.918626e+000 4.807880e+000 -1.938094e+000 1.183553e+000 -2.333534e+000 -5.451518e-001 -2.227492e+000 -2.337858e-002 -1.705502e+000 5.534483e-001 -3.163963e+000 -3.932177e-001 -1.107578e+000 6.893292e-002 -3.074896e-001 4.911003e-001 -1.122093e+000 -8.930822e-001 1.007660e-001 9.573444e-001 
1.007501e+001 6.910748e+000 -4.880905e+000 2.718855e+000 -1.108559e+000 4.819577e+000 -2.101209e+000 -3.277620e-001 -2.816815e+000 -1.538203e+000 -2.299998e+000 -1.210600e+000 -1.552266e+000 -4.915607e-002 -1.935997e+000 -1.057213e+000 -9.015486e-001 -3.953880e-001 -3.715827e-002 4.012946e-003 -6.491822e-001 -7.454512e-001 4.866766e-002 6.813588e-001 
1.168889e+001 7.725653e+000 -8.598154e+000 2.221544e+000 -5.456832e-001 3.832291e+000 -3.093431e+000 1.339702e-001 -3.474537e+000 -2.654111e+000 -3.640069e+000 -2.049290e+000 -9.754655e-001 5.350128e-001 -2.131651e+000 -2.036088e+000 -1.724766e+000 5.146013e-001 -1.128581e-001 -3.955115e-002 -1.344231e+000 -1.265367e+000 2.498463e-001 6.275232e-001 
1.395266e+001 8.373626e+000 -8.290684e+000 1.523514e+000 1.587012e+000 1.838355e+000 -2.318099e+000 1.414724e+000 -2.873702e+000 -3.007845e+000 -3.013908e+000 -5.520248e-001 -4.210124e-001 2.574126e-001 -1.892778e+000 -1.451893e+000 -1.825337e+000 5.097926e-003 2.438487e-001 1.426220e-002 -1.342495e+000 -1.077057e+000 1.270840e+000 3.935426e-001 
1.651659e+001 8.762221e+000 -9.243025e+000 1.534937e-001 6.085169e-001 -1.979934e-001 -3.942063e+000 -1.105442e+000 -3.243076e+000 -2.617695e+000 -2.673904e+000 1.430283e+000 -5.483779e-002 4.180628e-001 -9.377491e-001 -1.240946e+000 -1.915581e+000 -5.927101e-001 -5.698919e-001 -4.815682e-001 -1.387249e+000 -1.055407e+000 4.776649e-001 -7.647185e-002 
1.830199e+001 1.075679e+001 -9.029942e+000 1.415394e+000 1.064508e+000 -1.963438e-001 -4.998434e+000 -1.320068e+000 -3.124827e+000 -1.807752e+000 -2.186904e+000 2.466257e+000 2.408318e-001 1.107114e+000 -4.165281e-002 -7.898911e-001 -1.911989e+000 -1.100695e+000 -1.258085e+000 -3.554826e-001 -1.484397e+000 -7.696777e-001 5.816669e-001 -9.744335e-002 
1.908842e+001 1.078703e+001 -9.050156e+000 -5.090299e-001 -1.141213e+000 -4.134055e-001 -5.526062e+000 -1.512596e+000 -2.702020e+000 -2.562345e+000 -1.832088e+000 2.143711e+000 4.990858e-001 1.429121e-001 2.005509e-001 -1.140748e+000 -1.563478e+000 -1.220665e+000 -8.344752e-001 -7.017765e-001 -1.591667e+000 -1.289662e+000 5.433856e-001 -1.233878e-001 
1.713586e+001 1.071417e+001 -1.004354e+001 -8.322964e-001 -2.546107e+000 -8.584358e-001 -5.250535e+000 -2.489928e+000 -2.751260e+000 -2.019466e+000 -2.736825e+000 1.737831e+000 1.941492e-002 -8.274873e-001 4.714367e-002 -1.449919e+000 -9.474730e-001 -1.307340e+000 -5.507505e-001 -8.436900e-001 -1.421507e+000 -1.675301e+000 3.806513e-001 -5.101426e-001 
1.754890e+001 1.153740e+001 -9.932023e+000 -2.999353e-001 -2.110717e+000 1.774812e-001 -4.753288e+000 -1.683040e+000 -2.311471e+000 -1.088811e+000 -2.647435e+000 1.733810e+000 3.022368e-001 -9.058692e-001 6.509947e-002 -1.555788e+000 8.797531e-002 -1.631482e+000 -6.151797e-002 -8.304539e-001 -1.127597e+000 -1.746951e+000 2.281718e-001 -5.478677e-001 
1.676463e+001 1.196303e+001 -1.045951e+001 -1.422025e-001 -2.516273e+000 5.907841e-001 -5.410632e+000 -1.127161e+000 -2.993839e+000 -9.039631e-001 -3.083587e+000 1.595116e+000 5.115986e-002 -1.277500e+000 -1.106422e-001 -1.693345e+000 5.591051e-001 -2.218047e+000 1.908108e-001 -1.067659e+000 -1.068272e+000 -1.590712e+000 1.993548e-001 -5.268429e-001 
1.657032e+001 1.313980e+001 -1.024349e+001 1.567285e+000 -2.644975e+000 1.533604e+000 -4.636376e+000 -1.467304e+000 -2.019471e+000 -1.025677e+000 -2.779214e+000 1.618596e+000 4.206436e-001 -1.123475e+000 -1.029659e-001 -1.017333e+000 2.575144e-001 -2.052136e+000 1.564171e-001 -1.404883e+000 -9.406503e-001 -1.395691e+000 3.656788e-001 -3.930092e-001 
1.593920e+001 1.072339e+001 -1.071745e+001 -5.232769e-002 -3.846858e+000 4.932624e-001 -5.694393e+000 -2.058986e+000 -3.398945e+000 -1.244549e+000 -3.356652e+000 1.140456e+000 -4.630591e-001 -1.022854e+000 -1.133240e+000 -9.064923e-001 -3.321966e-001 -1.967926e+000 -3.085646e-001 -1.447390e+000 -1.291302e+000 -1.126865e+000 -2.611180e-001 -2.483199e-001 
