4.687376e+000 1.765487e+001 -8.794636e+000 2.241578e+000 -2.773662e+000 -9.963464e-001 -4.296987e-001 -2.235364e+000 1.404264e+000 -4.944289e+000 -2.417787e+000 -2.564616e+000 -3.216449e+000 -5.549691e-001 -1.094394e+000 -1.704781e+000 -2.461040e+000 1.022257e-001 1.618408e-001 -9.001205e-001 4.349679e-001 -1.372601e-001 8.519931e-001 5.145931e-001 
6.229344e+000 1.463218e+001 -6.677489e+000 -6.772763e-002 -2.149113e+000 -1.065300e+000 -1.705023e+000 -2.002183e+000 3.816185e-001 -4.107295e+000 -3.141275e+000 -2.534816e+000 -4.034458e+000 -1.369807e+000 -8.212738e-001 -2.452376e+000 -2.253100e+000 -9.356733e-002 1.245166e-001 -7.455687e-001 1.179127e-001 -1.578623e-002 1.115310e-001 6.662899e-001 
6.352343e+000 1.526581e+001 -6.252358e+000 -7.819032e-002 -1.263316e+000 -9.034157e-001 -1.515821e+000 -2.288582e+000 2.939456e-001 -3.279349e+000 -2.785066e+000 -1.921443e+000 -3.635119e+000 -1.209824e+000 -7.588978e-001 -2.549145e+000 -1.791863e+000 1.351993e-002 3.323797e-001 -4.922126e-001 -7.640642e-002 8.197485e-003 -1.456406e-002 6.978389e-001 
3.855560e+000 1.819736e+001 -8.606920e+000 1.631404e+000 -2.253010e+000 -6.617913e-001 -8.770760e-001 -3.895572e+000 9.709582e-001 -4.329555e+000 -1.625561e+000 -1.893706e+000 -3.520769e+000 -1.097523e+000 -1.604141e+000 -2.102717e+000 -2.034022e+000 -1.343827e-001 7.783204e-001 -4.442078e-001 -6.642583e-002 -4.501803e-001 1.439347e-001 4.450435e-001 
6.164864e+000 1.487752e+001 -6.709779e+000 2.916803e-001 -2.122004e+000 -5.577918e-001 -1.905055e+000 -3.504822e+000 -9.478298e-002 -3.837631e+000 -2.321089e+000 -1.369702e+000 -3.618351e+000 -1.340178e+000 -1.497767e+000 -2.756511e+000 -1.960547e+000 -3.267007e-001 7.148442e-001 -1.581424e-001 -3.545709e-001 -4.221852e-001 -2.479070e-001 5.462394e-001 
5.312262e+000 1.552960e+001 -6.738051e+000 4.327858e-001 -2.064591e+000 -3.660927e-001 -1.753205e+000 -3.388579e+000 8.761064e-002 -3.734171e+000 -2.325480e+000 -1.763074e+000 -3.356232e+000 -9.466344e-001 -1.542514e+000 -2.908933e+000 -1.922862e+000 -7.981026e-002 5.683674e-001 -1.945945e-001 -1.049742e-001 -4.982080e-001 -1.193195e-001 7.043619e-001 
3.950182e+000 1.795659e+001 -9.118669e+000 2.082840e+000 -2.499524e+000 2.758292e-002 -1.139942e+000 -3.884864e+000 1.116983e+000 -4.993446e+000 -1.521955e+000 -2.280057e+000 -2.878756e+000 -6.431155e-001 -1.874549e+000 -2.255195e+000 -2.285109e+000 8.023501e-002 4.303140e-001 -1.284549e-001 -6.580712e-002 -6.444197e-001 6.262463e-001 4.932782e-001 
5.659823e+000 1.586309e+001 -7.492101e+000 7.408128e-001 -1.047107e+000 -3.342827e-001 -1.410164e+000 -2.776837e+000 -8.003785e-001 -3.740370e+000 -2.464769e+000 -1.977901e+000 -2.287154e+000 -5.157856e-001 -1.475680e+000 -3.343982e+000 -1.786993e+000 -5.443509e-002 3.355920e-001 7.801711e-002 -3.646791e-001 -1.377038e-001 3.049664e-001 6.716649e-001 
5.153944e+000 1.590988e+001 -7.395723e+000 1.138283e-001 -1.703199e+000 -5.455978e-001 -1.720648e+000 -3.761733e+000 -1.127471e+000 -3.948513e+000 -2.780042e+000 -1.687216e+000 -2.264858e+000 -7.117194e-001 -1.695631e+000 -3.763353e+000 -2.043930e+000 -6.877089e-003 1.444626e-001 -8.088233e-002 -1.082768e-001 -4.907790e-001 -3.149409e-001 6.812317e-001 
6.472527e+000 1.551492e+001 -6.701236e+000 -2.489264e-001 -1.788073e+000 -4.178168e-001 -1.826615e+000 -3.563268e+000 -8.902942e-001 -3.486442e+000 -2.737074e+000 -1.566084e+000 -1.887829e+000 -7.807909e-001 -1.851858e+000 -3.342592e+000 -1.794430e+000 -2.017645e-002 1.606233e-001 -6.809427e-002 -8.728125e-002 -5.253552e-001 -3.542852e-001 4.101236e-001 
5.372215e+000 1.774478e+001 -7.407560e+000 2.665164e-001 -1.542389e+000 -5.255991e-001 -1.694190e+000 -3.102422e+000 -5.401902e-001 -3.652147e+000 -2.243997e+000 -1.179586e+000 -1.778332e+000 -8.787958e-001 -1.259875e+000 -3.344591e+000 -1.755100e+000 2.755311e-001 2.457661e-001 -1.676035e-001 -1.087123e-001 -1.565621e-001 -6.618620e-001 4.327470e-001 
7.181508e+000 1.679896e+001 -8.203443e+000 4.120632e-001 -3.175876e+000 -3.600464e-001 -1.036485e+000 -2.383483e+000 -8.883070e-001 -4.527769e+000 -2.414076e+000 -8.532475e-001 -1.287490e+000 -1.360820e+000 -1.752557e+000 -3.007717e+000 -2.209783e+000 1.678321e-001 8.368940e-001 -2.690818e-001 -1.545366e-001 -5.364593e-002 -7.953999e-001 5.362994e-001 
1.485816e+001 1.448820e+001 -1.073021e+001 -1.295319e+000 -4.660037e+000 1.722651e-002 -1.052386e+000 -2.123187e+000 3.898960e-001 -4.573917e+000 -3.035130e+000 3.465340e-001 8.106902e-001 -1.007942e+000 -2.832032e+000 -1.950225e+000 -1.178053e+000 -8.589591e-002 6.489383e-001 -5.368658e-001 -3.487092e-001 1.514049e-001 -8.144493e-001 -3.240589e-001 
1.591676e+001 1.331954e+001 -1.290922e+001 -3.815248e-001 -4.742964e+000 -3.366192e-001 -1.683501e+000 -2.630691e+000 1.409140e+000 -3.598470e+000 -1.857480e+000 7.783839e-002 -4.101027e-001 -1.490334e+000 -2.472092e+000 -6.391519e-001 -6.284006e-001 -8.052783e-002 1.641742e-001 -1.116404e+000 -1.545697e-001 1.863279e-001 -8.263563e-001 -9.826945e-001 
1.590235e+001 1.322055e+001 -1.439969e+001 -3.690834e-001 -5.235139e+000 3.742258e-001 -2.278668e+000 -1.521970e+000 4.314776e-001 -3.733538e+000 -4.962663e-001 7.269285e-001 -8.517099e-001 -2.039141e+000 -1.567839e+000 -1.352974e+000 1.323993e-001 3.967614e-001 -4.516853e-001 -1.150223e+000 -2.907983e-001 5.805570e-002 -1.163008e+000 -4.649977e-001 
1.456871e+001 1.431468e+001 -1.621062e+001 -1.165909e-001 -6.077189e+000 5.053529e-001 -1.933496e+000 -2.032181e+000 6.449409e-001 -3.941887e+000 4.562140e-001 1.176491e+000 -7.955927e-001 -1.709978e+000 -1.617329e+000 -9.049219e-001 2.092598e-001 2.015300e-001 -5.291138e-001 -1.527668e+000 -5.473109e-001 -2.548727e-001 -1.048365e+000 -1.214445e-001 
1.988405e+001 9.764962e+000 -9.536041e+000 -3.025039e+000 -1.894740e+000 5.664295e-002 -4.864663e-001 -1.329018e+000 5.552377e-001 -2.203548e+000 -1.701409e-001 2.321049e+000 -7.947795e-001 -1.413990e+000 -9.722830e-001 -5.813572e-001 7.933709e-001 8.339648e-001 3.058022e-003 -1.081980e+000 -2.270690e-001 1.639754e-001 -9.335074e-001 1.860074e-001 
1.557528e+001 1.024584e+001 -3.881979e+000 -2.547774e+000 3.744604e-002 3.498155e-001 -4.257108e-001 -2.436643e-001 -8.220055e-001 -3.197808e+000 -1.594168e+000 3.321057e-001 -1.601423e+000 -2.104211e+000 -1.044445e+000 -9.447906e-001 -2.188821e-001 1.265146e-001 -4.273830e-001 -1.972743e-001 5.555355e-001 3.960481e-001 1.024403e-002 2.942999e-001 
5.808579e+000 1.549985e+001 -7.347852e+000 3.301351e-001 -2.611421e+000 -1.918649e+000 -1.911830e+000 -2.920685e+000 -9.561450e-002 -3.865675e+000 -2.986988e+000 -2.419548e+000 -3.277217e+000 -9.491462e-001 -8.441333e-001 -1.970690e+000 -2.335670e+000 -9.612749e-001 -1.485007e-002 -8.925993e-001 -2.234949e-001 3.295003e-001 3.395672e-001 2.295324e-001 
6.893604e+000 1.495258e+001 -6.503050e+000 -4.056969e-001 -2.088436e+000 -1.329455e+000 -1.847109e+000 -2.503863e+000 -2.606151e-001 -3.624646e+000 -2.370130e+000 -1.912956e+000 -3.288923e+000 -4.990563e-001 -5.722257e-001 -2.488197e+000 -2.044278e+000 -3.552728e-001 9.458832e-002 -7.400651e-001 -3.221963e-001 6.199916e-004 2.861689e-001 6.836313e-001 
4.099383e+000 1.839905e+001 -9.058719e+000 1.290531e+000 -2.956593e+000 -1.165015e+000 -9.825579e-001 -3.652359e+000 9.085192e-001 -4.502440e+000 -1.535710e+000 -1.980232e+000 -2.980644e+000 -2.411716e-001 -1.054871e+000 -2.105688e+000 -2.439347e+000 6.905833e-002 2.204213e-001 -8.528523e-001 1.325620e-001 -6.753012e-001 4.495143e-001 7.284978e-001 
4.812354e+000 1.584090e+001 -7.516450e+000 -2.929706e-001 -2.465171e+000 -1.261495e+000 -2.192609e+000 -3.498654e+000 1.288248e-001 -3.913672e+000 -2.739923e+000 -1.338433e+000 -2.851547e+000 -8.104666e-001 -1.176921e+000 -2.551778e+000 -2.174504e+000 -6.565994e-001 6.692135e-001 -6.785424e-001 -7.965737e-001 -2.309403e-002 1.189810e-001 4.364408e-001 
4.409550e+000 1.599265e+001 -7.939013e+000 8.888424e-001 -3.256427e+000 -6.292506e-001 -1.966348e+000 -3.943053e+000 5.162170e-001 -4.730873e+000 -1.872717e+000 -1.214425e+000 -2.680138e+000 -1.278924e-001 -1.426094e+000 -2.697245e+000 -2.298738e+000 -2.237509e-001 3.604831e-001 -5.887029e-001 -2.426647e-001 -6.763496e-001 2.197432e-001 7.807984e-001 
3.657314e+000 1.805568e+001 -9.436803e+000 1.444177e+000 -3.077592e+000 -1.024891e+000 -1.135175e+000 -4.296461e+000 1.058013e+000 -5.140200e+000 -1.530708e+000 -1.583145e+000 -2.096381e+000 -1.356158e-001 -1.208489e+000 -1.857750e+000 -2.851556e+000 -1.253091e-001 2.892047e-001 -9.316697e-001 -1.447011e-002 -6.824212e-001 7.421728e-001 6.915690e-001 
5.196734e+000 1.659096e+001 -8.702493e+000 9.521011e-001 -2.695521e+000 -9.757167e-001 -1.713983e+000 -3.680113e+000 1.795372e-001 -4.387295e+000 -1.983749e+000 -1.557270e+000 -1.973379e+000 -1.621850e-002 -1.148680e+000 -2.348042e+000 -2.126524e+000 -3.651282e-001 -1.524605e-001 -8.352076e-001 -1.879493e-001 -4.383178e-002 4.969443e-001 6.729178e-001 
3.687207e+000 1.745425e+001 -9.154511e+000 1.213733e+000 -2.745011e+000 -9.047621e-001 -2.309169e+000 -4.057242e+000 -2.487312e-001 -4.422236e+000 -1.256199e+000 -2.149814e+000 -1.338211e+000 -3.424966e-001 -1.155511e+000 -2.995988e+000 -2.077324e+000 1.845950e-001 -8.682942e-001 -2.129193e-001 -2.044814e-001 -3.064358e-001 -5.336019e-002 8.529153e-001 
3.951152e+000 1.631353e+001 -8.247710e+000 -1.664378e-001 -2.768563e+000 -1.114651e+000 -2.655441e+000 -3.947815e+000 -4.808108e-001 -4.523085e+000 -2.252938e+000 -1.414156e+000 -2.039868e+000 -5.453075e-002 -1.534142e+000 -3.199053e+000 -2.132051e+000 -2.597785e-001 -5.210434e-001 -6.833811e-001 7.727372e-003 -6.473368e-001 -4.098445e-002 6.588677e-001 
4.961367e+000 1.661746e+001 -7.813104e+000 1.929553e-001 -1.844542e+000 -1.050279e+000 -1.922390e+000 -2.915044e+000 -6.808816e-001 -4.094119e+000 -2.005978e+000 -5.055407e-001 -1.385989e+000 -1.687718e-001 -9.252324e-001 -3.552717e+000 -1.718216e+000 2.017141e-001 -1.614654e-001 -2.941268e-001 -1.128067e-001 -2.356540e-001 -4.855251e-001 4.900507e-001 
3.874078e+000 1.825955e+001 -9.628100e+000 1.082973e+000 -2.436149e+000 -9.013156e-001 -1.015775e+000 -4.020666e+000 -4.099851e-001 -4.784058e+000 -1.540342e+000 -1.011977e+000 -1.013157e+000 -6.561944e-001 -1.249759e+000 -3.203639e+000 -2.221508e+000 9.679102e-002 1.268653e-001 -3.133732e-001 -1.506947e-001 -7.317324e-002 -7.853347e-001 2.908348e-001 
1.201894e+001 1.359742e+001 -7.926203e+000 -2.446760e+000 -3.501682e+000 -9.466854e-001 -7.105320e-001 -2.066252e+000 -4.384375e-001 -4.237161e+000 -2.819631e+000 8.684778e-001 1.743095e-001 -8.935698e-001 -2.001615e+000 -2.035750e+000 -1.674727e+000 -1.915255e-001 8.078770e-001 -5.192592e-001 -1.250692e-001 -9.039239e-002 -7.899323e-001 3.168430e-001 
1.413436e+001 1.239992e+001 -1.289146e+001 -3.119213e+000 -5.339491e+000 -6.847122e-001 -1.645645e+000 -2.532156e+000 1.821747e+000 -3.628688e+000 -1.981974e+000 1.731585e+000 1.334642e+000 -3.468913e-001 -2.222198e+000 -7.521672e-001 -9.860821e-001 -1.486928e-001 5.964412e-001 -1.166439e+000 -5.745825e-001 -2.517510e-001 -8.946604e-001 -1.138355e+000 
1.665836e+001 1.013173e+001 -1.193307e+001 -3.312621e+000 -3.645668e+000 -1.412734e+000 -1.446270e+000 -1.991133e+000 9.660229e-001 -2.133301e+000 -1.114502e+000 1.484232e+000 -1.543791e-001 -1.211364e+000 -1.565666e+000 -6.353692e-001 1.697032e-001 4.309449e-002 8.139996e-003 -1.165048e+000 -6.300229e-001 1.188177e-001 -1.202505e+000 -8.303954e-001 
1.665580e+001 1.150229e+001 -1.287742e+001 -2.400638e+000 -4.264973e+000 -6.966864e-001 -1.618791e+000 -1.972172e+000 3.193803e-001 -3.500482e+000 -4.455905e-001 1.322372e+000 -1.402075e+000 -1.784185e+000 -1.793560e+000 -1.076539e+000 2.217381e-001 2.849703e-001 -4.120898e-001 -1.375487e+000 -3.898579e-001 -6.771234e-002 -1.287045e+000 -2.521155e-002 
1.820002e+001 1.104283e+001 -1.105319e+001 -2.838310e+000 -2.978324e+000 -3.803902e-001 -9.798670e-001 -1.876149e+000 1.021976e-001 -3.498261e+000 -6.276175e-001 1.318099e+000 -1.782782e+000 -1.721052e+000 -1.954901e+000 -1.197686e+000 4.187602e-001 4.203091e-001 -2.603921e-001 -1.186597e+000 -2.033064e-001 4.129026e-002 -9.238804e-001 1.228272e-002 
