4.687376 17.65487 -8.794635999999999 2.241578 -2.773662 -0.9963464000000001 -0.42969869999999993 -2.235364 1.4042639999999997 -4.944289 -2.417787 -2.5646160000000005 -3.2164490000000003 -0.5549691 -1.094394 -1.7047810000000003 -2.46104 0.10222569999999999 0.1618408 -0.9001205 0.4349679000000001 -0.1372601 0.8519930999999998 0.5145931 
6.229343999999999 14.632180000000002 -6.6774890000000005 -0.06772763 -2.149113 -1.0653 -1.7050230000000002 -2.002183 0.3816185 -4.107295 -3.141275 -2.5348159999999997 -4.034458 -1.369807 -0.8212738 -2.4523760000000006 -2.2531 -0.09356733 0.12451659999999999 -0.7455686999999999 0.1179127 -0.01578623 0.11153100000000002 0.6662898999999999 
6.352342999999999 15.26581 -6.252358 -0.07819032 -1.2633159999999999 -0.9034157 -1.5158210000000003 -2.288582 0.2939456 -3.279349 -2.785066 -1.921443 -3.635119 -1.209824 -0.7588977999999998 -2.5491449999999998 -1.7918629999999998 0.01351993 0.3323797 -0.4922126000000001 -0.07640641999999999 0.008197485 -0.014564060000000002 0.6978388999999999 
3.85556 18.19736 -8.60692 1.631404 -2.25301 -0.6617913 -0.8770759999999999 -3.8955720000000005 0.9709582 -4.329555 -1.6255609999999998 -1.893706 -3.5207690000000005 -1.097523 -1.604141 -2.102717 -2.034022 -0.1343827 0.7783204 -0.4442078 -0.06642583 -0.4501803 0.1439347 0.44504350000000004 
6.164864000000001 14.877520000000002 -6.709778999999999 0.29168029999999995 -2.122004 -0.5577918 -1.9050550000000004 -3.5048220000000003 -0.09478297999999999 -3.837631000000001 -2.321089 -1.369702 -3.618351 -1.340178 -1.4977669999999998 -2.756511 -1.960547 -0.3267007 0.7148442 -0.1581424 -0.3545709000000001 -0.4221852 -0.24790700000000004 0.5462394 
5.312262 15.5296 -6.738051 0.4327858 -2.064591 -0.36609269999999994 -1.7532049999999997 -3.388579 0.08761063999999999 -3.734171 -2.32548 -1.7630739999999998 -3.3562319999999994 -0.9466343999999999 -1.5425140000000002 -2.9089330000000007 -1.922862 -0.07981026000000001 0.5683674 -0.1945945 -0.1049742 -0.498208 -0.11931950000000001 0.7043619000000001 
3.950181999999999 17.956590000000002 -9.118668999999999 2.0828400000000005 -2.4995240000000005 0.027582920000000004 -1.1399419999999998 -3.884864 1.116983 -4.993446 -1.521955 -2.280057 -2.8787559999999996 -0.6431155 -1.874549 -2.255195 -2.285109 0.08023501 0.43031400000000003 -0.1284549 -0.06580712 -0.6444197000000002 0.6262463 0.4932781999999999 
5.659823000000001 15.86309 -7.492100999999999 0.7408128 -1.0471070000000002 -0.33428270000000004 -1.410164 -2.776837 -0.8003785 -3.7403699999999995 -2.464769 -1.9779009999999997 -2.2871540000000006 -0.5157856 -1.4756800000000003 -3.343982 -1.7869930000000003 -0.054435090000000005 0.33559200000000006 0.07801711 -0.3646791 -0.13770379999999996 0.3049664 0.6716648999999999 
5.153944 15.90988 -7.395723000000002 0.1138283 -1.703199 -0.5455978 -1.7206480000000002 -3.761733 -1.127471 -3.9485129999999993 -2.780042 -1.6872159999999998 -2.264858 -0.7117193999999999 -1.6956310000000003 -3.7633529999999995 -2.04393 -0.006877089000000001 0.1444626 -0.08088233 -0.10827680000000003 -0.49077899999999997 -0.3149409 0.6812316999999999 
6.472527 15.514920000000002 -6.701236000000001 -0.2489264 -1.7880730000000002 -0.4178167999999999 -1.826615 -3.5632680000000003 -0.8902941999999998 -3.486442 -2.737074 -1.566084 -1.887829 -0.7807909 -1.851858 -3.342592 -1.79443 -0.02017645 0.1606233 -0.06809427 -0.08728124999999999 -0.5253552 -0.3542852 0.4101236 
5.372214999999999 17.744779999999995 -7.407560000000002 0.2665164 -1.542389 -0.5255991 -1.6941900000000003 -3.1024220000000002 -0.5401902 -3.652147 -2.243997 -1.1795860000000002 -1.7783320000000002 -0.8787957999999999 -1.259875 -3.3445910000000003 -1.7551000000000003 0.2755311 0.2457661 -0.1676035 -0.1087123 -0.1565621 -0.6618620000000001 0.432747 
7.181508 16.798959999999997 -8.203443 0.4120632 -3.1758759999999997 -0.36004639999999993 -1.036485 -2.383483 -0.8883070000000001 -4.527769 -2.414076 -0.8532475 -1.28749 -1.3608200000000001 -1.7525569999999997 -3.007717 -2.209783 0.1678321 0.836894 -0.2690818 -0.1545366 -0.05364593 -0.7953999 0.5362994 
14.85816 14.488200000000003 -10.73021 -1.295319 -4.660037 0.01722651 -1.052386 -2.123187 0.389896 -4.573917000000001 -3.0351299999999997 0.34653400000000006 0.8106901999999999 -1.007942 -2.832032 -1.9502249999999999 -1.178053 -0.08589590999999999 0.6489383000000001 -0.5368658000000001 -0.3487092 0.15140489999999998 -0.8144492999999999 -0.3240589 
15.916759999999998 13.319540000000002 -12.909220000000001 -0.3815248 -4.742964 -0.33661919999999995 -1.683501 -2.630691 1.4091400000000003 -3.5984699999999994 -1.8574800000000002 0.07783839 -0.4101027 -1.4903340000000003 -2.472092 -0.6391519 -0.6284006 -0.08052782999999998 0.16417419999999996 -1.116404 -0.1545697 0.1863279 -0.8263563000000003 -0.9826945 
15.90235 13.220550000000001 -14.399689999999996 -0.3690834 -5.235139 0.3742258 -2.278668 -1.5219699999999998 0.4314776 -3.733538 -0.49626629999999994 0.7269284999999999 -0.8517099000000001 -2.0391410000000003 -1.5678389999999998 -1.352974 0.1323993 0.3967614 -0.45168529999999996 -1.1502230000000002 -0.2907983 0.058055699999999995 -1.1630079999999998 -0.4649977 
14.568709999999998 14.314679999999997 -16.210620000000002 -0.11659090000000003 -6.077188999999999 0.5053529 -1.933496 -2.032181 0.6449409 -3.9418870000000004 0.45621400000000006 1.1764910000000002 -0.7955927000000002 -1.7099779999999998 -1.617329 -0.9049218999999998 0.20925979999999994 0.20153 -0.5291138000000001 -1.527668 -0.5473109000000002 -0.2548727 -1.0483650000000002 -0.12144449999999998 
19.88405 9.764961999999999 -9.536040999999999 -3.025039 -1.8947400000000003 0.056642949999999984 -0.4864663 -1.3290179999999998 0.5552377000000001 -2.203548 -0.1701409 2.321049 -0.7947794999999999 -1.41399 -0.972283 -0.5813572000000001 0.7933709000000001 0.8339648000000002 0.003058022 -1.08198 -0.227069 0.1639754 -0.9335074 0.18600740000000002 
15.575279999999996 10.24584 -3.8819790000000003 -2.547774 0.03744604000000001 0.3498155 -0.4257108 -0.24366430000000003 -0.8220054999999997 -3.197808 -1.594168 0.3321057 -1.6014230000000003 -2.104211 -1.0444449999999998 -0.9447906 -0.21888210000000002 0.1265146 -0.42738299999999996 -0.1972743 0.5555355 0.3960481 0.01024403 0.2942999 
5.808579000000001 15.499849999999999 -7.347852000000001 0.33013510000000007 -2.611421 -1.918649 -1.91183 -2.9206849999999998 -0.09561450000000002 -3.865675 -2.986988 -2.4195479999999994 -3.277217 -0.9491462000000002 -0.8441333000000001 -1.9706899999999998 -2.33567 -0.9612749000000002 -0.014850069999999996 -0.8925992999999999 -0.22349489999999997 0.3295003 0.33956719999999996 0.22953240000000003 
6.893603999999998 14.95258 -6.503050000000001 -0.4056969000000001 -2.088436 -1.329455 -1.847109 -2.5038629999999995 -0.26061509999999993 -3.6246459999999994 -2.37013 -1.9129559999999999 -3.288923 -0.49905629999999995 -0.5722256999999998 -2.488197 -2.044278 -0.35527279999999994 0.09458832 -0.7400650999999999 -0.32219629999999994 6.199916E-4 0.2861689 0.6836313 
4.099383 18.39905 -9.058718999999998 1.2905309999999999 -2.956593 -1.1650150000000001 -0.9825578999999999 -3.652359 0.9085191999999999 -4.50244 -1.53571 -1.9802320000000004 -2.980644 -0.24117159999999999 -1.0548710000000001 -2.1056880000000002 -2.439347 0.06905833 0.22042129999999996 -0.8528523000000001 0.13256200000000004 -0.6753011999999999 0.44951430000000003 0.7284978 
4.812354 15.840900000000001 -7.51645 -0.2929706 -2.465171 -1.261495 -2.1926090000000005 -3.498654000000001 0.1288248 -3.913671999999999 -2.7399230000000006 -1.338433 -2.851547 -0.8104665999999999 -1.176921 -2.551778 -2.174504 -0.6565994 0.6692134999999999 -0.6785424 -0.7965736999999999 -0.02309403 0.118981 0.4364408000000001 
4.40955 15.99265 -7.939013000000001 0.8888423999999999 -3.2564269999999995 -0.6292505999999999 -1.966348 -3.9430529999999995 0.516217 -4.730873 -1.872717 -1.214425 -2.680138 -0.1278924 -1.426094 -2.6972449999999997 -2.298738 -0.2237509 0.36048310000000006 -0.5887029 -0.24266469999999998 -0.6763496 0.21974319999999997 0.7807984 
3.657314 18.05568 -9.436803 1.444177 -3.0775919999999997 -1.024891 -1.135175 -4.296461 1.058013 -5.1402 -1.5307080000000002 -1.583145 -2.0963810000000005 -0.13561580000000004 -1.208489 -1.8577499999999998 -2.8515559999999995 -0.12530909999999998 0.2892047 -0.9316697000000003 -0.014470109999999998 -0.6824212000000001 0.7421727999999999 0.6915690000000001 
5.196734 16.59096 -8.702493000000002 0.9521011 -2.695521 -0.9757166999999998 -1.7139830000000003 -3.6801129999999995 0.17953719999999998 -4.387295000000001 -1.9837489999999998 -1.55727 -1.9733789999999998 -0.0162185 -1.14868 -2.348042 -2.126524 -0.3651282 -0.1524605 -0.8352076000000002 -0.18794930000000004 -0.043831779999999994 0.4969443 0.6729178 
3.6872070000000003 17.45425 -9.154511 1.2137329999999997 -2.745011 -0.9047621 -2.3091690000000002 -4.057242 -0.24873119999999999 -4.422235999999999 -1.2561990000000003 -2.1498139999999997 -1.3382109999999998 -0.3424966 -1.155511 -2.995988 -2.0773240000000004 0.18459500000000004 -0.8682942000000001 -0.2129193 -0.20448139999999998 -0.3064358 -0.053360190000000016 0.8529153000000002 
3.951152 16.31353 -8.24771 -0.1664378 -2.768563 -1.114651 -2.655441 -3.9478149999999994 -0.4808108 -4.523085000000001 -2.252938 -1.414156 -2.039868 -0.05453075000000001 -1.5341419999999997 -3.1990529999999997 -2.132051 -0.25977849999999997 -0.5210434 -0.6833811 0.007727371999999998 -0.6473368 -0.04098445 0.6588677 
4.961367 16.617459999999998 -7.813104000000001 0.19295529999999997 -1.8445420000000001 -1.050279 -1.92239 -2.915044 -0.6808816000000001 -4.094119 -2.0059779999999994 -0.5055407 -1.3859890000000001 -0.1687718 -0.9252323999999998 -3.5527170000000003 -1.718216 0.2017141 -0.1614654 -0.29412679999999997 -0.11280670000000001 -0.235654 -0.48552509999999993 0.49005069999999995 
3.8740780000000004 18.25955 -9.628100000000002 1.082973 -2.436149 -0.9013156000000001 -1.0157749999999999 -4.020665999999999 -0.40998510000000005 -4.784058000000001 -1.5403420000000003 -1.011977 -1.0131569999999999 -0.6561944 -1.249759 -3.2036389999999995 -2.221508 0.09679102 0.1268653 -0.3133732 -0.1506947 -0.07317324000000001 -0.7853347 0.2908348 
12.01894 13.59742 -7.926203 -2.44676 -3.5016819999999997 -0.9466853999999999 -0.7105319999999999 -2.066252 -0.4384375 -4.237161 -2.8196310000000007 0.8684778 0.1743095 -0.8935698 -2.0016150000000006 -2.03575 -1.6747270000000003 -0.1915255 0.8078769999999997 -0.5192592 -0.1250692 -0.09039239 -0.7899323000000001 0.316843 
14.13436 12.399919999999998 -12.891459999999999 -3.1192129999999993 -5.339491000000001 -0.6847122 -1.645645 -2.532156 1.821747 -3.628688 -1.9819739999999997 1.7315849999999995 1.3346420000000003 -0.3468913 -2.222198 -0.7521671999999999 -0.9860821 -0.14869280000000004 0.5964412 -1.1664390000000002 -0.5745825 -0.251751 -0.8946604000000001 -1.138355 
16.65836 10.13173 -11.93307 -3.312621 -3.645668 -1.4127340000000002 -1.44627 -1.9911329999999998 0.9660229000000002 -2.133301 -1.114502 1.4842320000000002 -0.1543791 -1.2113639999999999 -1.565666 -0.6353692 0.16970320000000003 0.04309448999999999 0.008139995999999998 -1.1650480000000003 -0.6300229 0.11881770000000001 -1.2025050000000002 -0.8303954000000002 
16.6558 11.50229 -12.87742 -2.4006380000000003 -4.264973 -0.6966864 -1.618791 -1.9721720000000003 0.3193803 -3.500481999999999 -0.4455904999999999 1.3223719999999999 -1.402075 -1.7841850000000004 -1.7935599999999998 -1.0765390000000001 0.22173810000000002 0.28497029999999995 -0.4120898 -1.375487 -0.3898579 -0.06771234 -1.287045 -0.02521155 
18.20002 11.042829999999999 -11.05319 -2.83831 -2.978324 -0.38039019999999996 -0.9798670000000003 -1.876149 0.1021976 -3.498261 -0.6276175 1.318099 -1.7827820000000005 -1.721052 -1.9549009999999998 -1.197686 0.41876019999999997 0.42030909999999994 -0.2603921 -1.186597 -0.2033064 0.04129026 -0.9238803999999999 0.012282719999999999 
