2.806670e+000 1.145169e+001 -8.764262e+000 4.501787e+000 -5.179591e+000 1.309779e-001 -3.245912e+000 -4.926648e-001 1.161922e+000 -1.902272e+000 -3.076001e-001 -1.119634e+000 1.954852e+000 -1.035424e+000 -6.716455e-002 -1.138456e+000 -1.064129e+000 -6.301074e-001 -1.038831e+000 -3.993386e-001 -1.298858e+000 4.760624e-002 2.951675e-001 5.082691e-001 -6.734767e-001 -7.971936e-001 -8.333648e-001 -8.068399e-001 -2.034472e-001 -5.170454e-001 7.755519e-001 9.690216e-001 3.299149e-001 1.253548e-001 6.481838e-001 2.059279e-001 
2.177248e+000 1.244935e+001 -9.636995e+000 5.283938e+000 -5.137101e+000 3.556443e-001 -3.503756e+000 -1.690239e+000 2.890308e+000 -1.510523e+000 8.334447e-001 -7.585875e-001 2.426475e+000 -1.002268e+000 1.262404e+000 1.120676e-001 -9.083950e-001 1.167188e-001 -1.333588e+000 -2.219151e-001 -1.802743e+000 -3.167659e-001 3.170516e-002 1.277663e-001 -4.804612e-001 -1.995663e+000 -2.119722e-001 -4.627852e-001 1.527521e-001 1.786467e-002 6.726443e-001 1.293478e+000 2.783073e-001 1.018913e+000 5.017657e-001 4.645533e-001 
2.682761e+000 1.330274e+001 -7.728907e+000 5.279165e+000 -3.772784e+000 -3.162377e-001 -3.385540e+000 -1.449277e+000 1.189598e+000 -2.649213e+000 2.951745e-001 -1.782810e-001 2.417255e+000 -5.478881e-001 -7.883177e-001 -8.393591e-001 -6.669623e-001 3.508015e-001 -9.936299e-001 -3.048404e-003 -1.098738e+000 -3.202168e-001 3.248071e-001 -1.602487e-001 -2.851514e-001 -1.123577e+000 3.571110e-001 -1.001015e-001 -1.101056e-001 -1.301498e-001 6.574430e-001 1.257862e+000 3.127090e-001 9.640191e-001 6.911912e-001 6.291863e-001 
7.234051e-002 1.454165e+001 -9.728967e+000 4.961085e+000 -4.306431e+000 -9.713424e-001 -3.913407e+000 -2.894770e+000 1.759556e+000 -3.256682e+000 6.141236e-001 -6.446540e-001 2.811248e+000 7.187650e-002 -7.684761e-001 -3.666741e-001 -7.394315e-001 3.731391e-001 -1.129930e+000 -1.232188e-001 -7.922666e-001 9.823601e-001 8.619822e-001 7.523521e-001 -6.557452e-001 -1.881476e+000 4.605572e-001 -2.092111e-001 1.782114e-001 1.620466e-001 1.288881e+000 1.100326e+000 1.337321e-001 9.349183e-001 6.678333e-001 2.006182e-001 
-8.350620e-001 1.377414e+001 -8.160773e+000 3.695771e+000 -2.943699e+000 -1.294076e+000 -3.046790e+000 -2.188011e+000 1.173626e+000 -3.502088e+000 -6.858699e-001 9.983731e-001 2.309597e+000 4.886068e-001 -5.016173e-002 -2.830596e-003 -2.231047e-001 1.994923e-002 -8.922421e-001 -5.488816e-002 -6.067187e-001 2.425533e-001 1.566052e+000 1.482578e-001 -1.088251e+000 -2.012701e+000 7.808775e-002 1.527775e-001 -1.833172e-001 7.176375e-001 8.065851e-001 8.707433e-001 1.987719e-001 4.711383e-001 5.421466e-001 1.765006e-001 
-2.442654e+000 1.488777e+001 -8.248927e+000 4.753902e+000 -2.862855e+000 -1.212724e+000 -2.945871e+000 -1.264268e+000 2.542481e+000 -2.658589e+000 -3.531432e-001 -4.083367e-004 2.670351e+000 -5.203964e-001 -1.691773e-001 -4.449535e-001 -2.698331e-001 3.206777e-001 -2.920782e-001 5.538801e-001 -1.005172e+000 7.825674e-002 4.773957e-001 2.026515e-001 -8.226147e-001 -1.215318e+000 3.066047e-001 2.093577e-001 -2.121632e-001 1.130064e-001 1.359226e+000 6.209674e-001 3.534115e-001 1.002431e+000 1.038837e+000 2.113506e-001 
-3.511021e+000 1.722146e+001 -8.526886e+000 1.827818e+000 -2.240457e+000 4.220937e-001 -3.818928e+000 -4.171419e+000 3.189370e+000 -2.458526e+000 -1.626073e+000 6.093054e-001 2.125917e+000 -1.151088e+000 1.840928e-001 6.546875e-001 -3.819851e-001 -1.441083e+000 -3.251503e-001 1.196692e+000 -1.320696e+000 -1.292611e-001 4.038757e-001 1.039228e+000 -5.522324e-001 -1.020639e+000 3.041303e-001 3.214289e-001 6.211675e-001 9.077787e-002 9.271021e-001 8.898676e-001 1.554800e-001 9.652560e-001 8.667404e-001 -2.782757e-002 
-5.395183e-001 1.752456e+001 -1.088466e+001 5.300758e-001 1.002615e+000 2.167880e+000 -2.535800e+000 -5.348889e+000 2.496663e+000 -1.233496e+000 -2.255792e+000 3.906051e-001 6.277410e-001 -2.305967e+000 -6.281280e-001 1.093508e+000 -1.846132e+000 -2.823683e+000 4.853031e-001 1.023419e+000 -1.613262e+000 -1.374930e-001 1.801377e+000 8.795880e-001 -1.011260e-001 2.325018e-001 4.915418e-001 1.257250e-001 8.024858e-001 -3.760419e-001 -1.783422e-001 3.613093e-001 -2.750765e-001 4.270691e-001 4.409581e-001 9.205429e-001 
3.459558e+000 1.842446e+001 -1.318840e+001 2.260909e+000 1.361333e+000 2.651339e+000 -3.490511e+000 -6.504761e+000 1.836518e+000 -9.742481e-001 -2.485823e+000 -7.361150e-001 1.436218e+000 -2.846875e+000 -3.735426e-001 1.895771e+000 -3.015578e+000 -2.557205e+000 6.079932e-001 1.479382e+000 -1.894101e+000 3.377690e-001 2.765203e+000 6.948372e-001 3.874816e-001 6.571875e-001 1.198593e+000 -7.604746e-002 9.827047e-001 -8.132258e-002 4.815528e-002 1.184118e+000 -5.449224e-001 -6.939119e-001 -5.932991e-001 1.027124e+000 
4.549300e+000 1.732444e+001 -1.362667e+001 2.990590e+000 8.400832e-001 1.887570e+000 -3.318597e+000 -8.257157e+000 2.490907e+000 -6.625375e-001 -3.324390e+000 -7.024874e-001 9.026636e-001 -2.490472e+000 -1.057954e+000 1.728679e+000 -2.147284e+000 -2.378399e+000 1.212098e+000 1.616394e+000 -1.579547e+000 -6.021638e-001 3.359170e+000 1.472948e+000 -1.853704e-001 1.204460e+000 1.097064e+000 4.623518e-001 -2.171518e-002 -2.951778e-002 9.640799e-001 9.929212e-001 1.660853e-001 -4.325265e-001 -2.012243e-001 9.309241e-001 
7.361257e+000 1.675954e+001 -1.402812e+001 3.422044e+000 1.465252e+000 1.314023e+000 -2.917400e+000 -6.722928e+000 3.160867e+000 -1.204509e+000 -3.258675e+000 -7.467839e-001 -6.947416e-001 -1.590950e+000 -8.091602e-001 5.999078e-001 -1.716603e+000 -2.425632e+000 -7.245982e-002 1.504721e+000 -1.853593e-001 -1.177561e+000 2.562893e+000 1.972236e+000 1.865304e-001 7.410765e-001 1.272416e+000 1.635227e+000 -7.557947e-001 -4.174017e-001 1.495941e+000 1.567919e-001 -1.085280e+000 -5.784293e-001 6.393602e-001 1.290562e-001 
9.991807e+000 1.474975e+001 -1.204618e+001 2.868741e+000 2.545245e+000 1.018262e+000 -3.361705e+000 -6.629283e+000 2.230668e+000 -5.241398e-001 -3.757717e+000 -1.695233e-001 -1.321611e+000 -2.091263e+000 -4.691420e-001 7.171864e-001 -7.002774e-001 -1.942512e+000 5.029009e-001 1.340362e+000 1.258607e-001 -2.093311e-001 1.137325e+000 2.031927e+000 1.183634e+000 1.031102e+000 9.929241e-001 5.033617e-001 -3.022270e-001 1.999783e-001 1.868551e+000 -1.669376e-002 -1.349843e+000 3.211079e-001 5.250669e-001 3.234616e-001 
7.018016e+000 1.683405e+001 -1.422546e+001 4.033056e+000 4.122915e-001 1.408705e+000 -2.879920e+000 -7.577497e+000 4.354746e+000 -1.249278e+000 -3.149400e+000 -2.237979e-001 -1.997104e+000 -1.848858e+000 -1.212764e+000 3.881399e-001 -1.480584e+000 -2.311861e+000 1.160185e+000 1.848240e+000 1.521907e+000 -2.925991e-001 7.108442e-001 2.482301e+000 1.152287e+000 1.726185e+000 1.349819e+000 3.499128e-001 -4.724574e-001 -3.678425e-001 1.564344e+000 -2.850390e-001 -1.110647e+000 9.310159e-001 3.304367e-001 1.421337e-001 
9.964615e+000 1.326169e+001 -1.202055e+001 1.363736e+000 1.128796e+000 5.961905e-001 -3.536006e+000 -6.362385e+000 2.481647e+000 -4.315977e-001 -4.503703e+000 -1.214535e+000 -1.165990e+000 -2.294704e+000 -1.455914e+000 5.716785e-001 -9.535420e-001 -2.436708e+000 7.190495e-001 2.183455e+000 9.541946e-001 3.849298e-002 2.022134e+000 2.604122e+000 6.209001e-001 1.383538e+000 1.355939e+000 6.835873e-001 1.413681e-001 -4.542444e-001 1.358863e+000 4.952917e-002 -8.514573e-001 1.066216e+000 3.078616e-001 3.971987e-002 
8.527432e+000 1.437135e+001 -1.273099e+001 2.657535e+000 2.637663e+000 6.121222e-001 -3.212510e+000 -7.144855e+000 2.418380e+000 -4.003961e-001 -5.449880e+000 -4.860018e-001 -1.199015e+000 -2.542394e+000 -9.428250e-001 -2.454507e-001 -4.587816e-001 -2.357048e+000 2.783745e-001 2.924395e+000 1.357042e-001 -2.692298e-001 2.264651e+000 2.373035e+000 1.122224e+000 7.943342e-001 1.270938e+000 1.012881e+000 -3.867287e-001 -4.500687e-001 9.384299e-001 3.864565e-001 -5.058598e-001 4.094548e-001 6.604146e-001 4.477701e-002 
5.566668e+000 1.817216e+001 -1.581427e+001 5.112439e+000 2.565046e+000 2.810441e-001 -1.121773e+000 -7.940432e+000 3.302697e+000 -8.510588e-001 -5.451070e+000 -7.964144e-001 -6.932013e-001 -2.015336e+000 -8.659189e-001 6.326688e-001 -1.907933e-001 -3.117327e+000 8.831662e-001 2.657711e+000 -3.864395e-002 -3.347034e-001 1.754852e+000 2.372216e+000 9.564309e-001 6.789404e-001 1.372051e+000 8.088107e-001 -4.202047e-001 -5.571475e-001 1.196426e+000 1.372042e-001 -8.303741e-001 5.791006e-001 3.665736e-001 8.920585e-002 
9.406053e+000 1.160036e+001 -1.164235e+001 2.123793e+000 3.672607e+000 1.207508e+000 -2.913882e+000 -5.488726e+000 2.408304e+000 -2.001314e-001 -4.900577e+000 -4.077676e-001 -8.013608e-001 -2.953144e+000 -3.662260e-001 6.278468e-001 -1.595846e+000 -2.332172e+000 6.089575e-001 2.598470e+000 9.689313e-001 -4.514097e-001 1.306162e+000 2.170298e+000 8.836260e-001 9.051247e-001 1.225048e+000 4.886834e-001 -8.388230e-001 -3.386538e-001 1.446611e+000 1.272817e-002 -7.094201e-001 7.070592e-001 2.198477e-001 -1.165320e-001 
8.267905e+000 1.357175e+001 -1.305063e+001 7.114093e-001 2.980625e+000 3.909572e-001 -2.804818e+000 -5.406051e+000 2.434471e+000 -6.337859e-002 -4.838633e+000 1.593574e-001 -9.346963e-001 -3.034018e+000 -2.258361e-001 2.819715e-001 -6.211089e-001 -1.884299e+000 1.955468e-001 2.684526e+000 9.692042e-002 -7.276954e-001 1.430180e+000 1.955011e+000 1.512236e+000 8.326301e-001 1.213804e+000 8.746496e-001 -9.468443e-001 1.258296e-001 1.666852e+000 -2.592083e-001 -1.090580e+000 6.254911e-001 6.438539e-001 -5.791944e-001 
7.663774e+000 1.387842e+001 -1.412281e+001 1.436213e+000 3.696640e+000 7.967527e-001 -1.886650e+000 -5.610718e+000 1.887897e+000 4.155762e-002 -4.951006e+000 -1.129088e-001 -6.537449e-001 -3.056370e+000 -9.177861e-001 -2.976791e-001 -3.942170e-001 -1.597317e+000 1.130350e-001 2.684722e+000 2.256789e-001 -7.495602e-001 1.650244e+000 2.242876e+000 1.045485e+000 1.735101e-001 1.508627e+000 1.295170e+000 -1.085299e+000 -1.568692e-001 1.291237e+000 -4.913740e-001 -1.137236e+000 6.587321e-001 8.226048e-001 -5.651049e-001 
1.439442e+001 9.038861e+000 -8.623284e+000 -3.280973e-001 4.004003e+000 5.583276e-001 -3.700749e+000 -2.617754e+000 9.228714e-001 -1.228207e+000 -3.246627e+000 -1.558243e+000 -5.322160e-001 -6.874271e-001 -1.635029e-001 3.241273e-001 -3.935128e-001 -8.313727e-001 6.007817e-001 1.457774e+000 -6.404375e-002 -7.639759e-001 1.046076e+000 1.581920e+000 -3.237123e-001 -3.979874e-001 1.251023e+000 9.542655e-001 -3.615452e-001 -6.617653e-001 3.097308e-001 3.042797e-001 -7.070301e-001 -9.254344e-002 3.862050e-001 -9.462656e-002 
5.581707e+000 9.066283e+000 -7.557011e+000 3.041738e+000 -1.995097e+000 1.362480e-001 -2.482407e+000 -1.291784e+000 1.636426e+000 -1.494324e+000 -1.271011e+000 -5.253377e-001 4.853466e-001 -9.085621e-001 -9.502187e-001 -7.280225e-001 -7.407178e-001 -4.679646e-001 3.989144e-001 1.022959e+000 -1.078046e+000 -1.238035e+000 -4.951511e-001 -2.741625e-001 -5.309547e-001 -6.618172e-001 9.500727e-002 -4.952904e-002 -1.092532e-001 -8.155827e-001 -4.588656e-002 6.757148e-001 -1.688101e-001 5.334666e-001 7.420426e-001 2.499023e-001 
2.701659e+000 1.256138e+001 -9.415862e+000 5.726562e+000 -4.254525e+000 8.318155e-001 -3.753509e+000 -1.454012e+000 1.359328e+000 -2.691675e+000 4.084218e-001 -2.844750e-001 2.164906e+000 -2.151723e+000 2.886417e-001 -1.050224e+000 4.733161e-001 2.889890e-001 -8.346779e-001 -2.489562e-001 -2.065173e+000 8.077341e-003 -2.784318e-001 5.565954e-001 -8.880612e-001 -9.940516e-001 2.790419e-001 2.516699e-002 9.068591e-002 -9.688022e-002 1.363622e+000 6.707116e-001 4.785635e-001 -1.833464e-002 4.858261e-001 -3.350622e-001 
1.735101e+000 1.342218e+001 -9.740332e+000 6.633168e+000 -4.462657e+000 3.250574e-001 -3.311773e+000 -2.261243e+000 2.206262e+000 -3.349861e+000 7.258421e-001 -1.015128e+000 2.040323e+000 -2.203127e+000 -1.907557e-002 1.371760e-001 -8.622519e-001 -2.240678e-002 -1.257751e+000 9.208441e-001 -1.581361e+000 -8.445869e-002 3.905621e-001 -1.964831e-001 -3.851659e-002 -1.456625e+000 7.032144e-001 -2.376493e-001 1.750645e-001 -2.442402e-001 7.514622e-001 7.899549e-001 -7.344676e-002 8.697744e-001 5.786946e-001 5.056137e-001 
8.547494e-001 1.366088e+001 -9.242056e+000 5.514835e+000 -4.060399e+000 -7.171250e-001 -4.035344e+000 -2.732894e+000 1.872833e+000 -3.192899e+000 4.890919e-001 -6.281367e-001 1.671013e+000 -1.062268e+000 -1.160889e+000 -5.871152e-001 -5.914712e-001 1.021873e+000 2.268382e-001 1.154728e+000 -8.893327e-001 -1.786033e-001 2.064570e-001 -6.072746e-003 3.085231e-001 2.498242e-002 1.491232e+000 2.901755e-001 9.335385e-002 -9.566602e-002 8.217631e-001 7.693865e-001 -3.438600e-001 1.282453e+000 7.736319e-001 1.048332e+000 
1.710995e-001 1.518880e+001 -9.151501e+000 4.543690e+000 -2.899009e+000 -2.474461e-001 -3.467549e+000 -2.535387e+000 2.546235e+000 -2.208640e+000 -1.794201e-001 -3.706766e-001 1.801214e+000 -1.598688e+000 -1.436037e+000 -4.927135e-001 1.078267e-001 1.730841e-001 -9.941667e-001 1.431614e-001 -1.039917e+000 6.720350e-002 2.963832e-002 9.321989e-002 -4.752116e-001 -8.410950e-001 1.014343e+000 4.286776e-001 -1.957460e-001 1.151886e-002 1.138444e+000 5.227498e-001 -3.783841e-001 8.880324e-001 1.084266e+000 8.281194e-001 
-1.974133e+000 1.485573e+001 -9.172595e+000 4.367996e+000 -2.698508e+000 9.094930e-002 -2.284178e+000 -1.462007e+000 2.430757e+000 -2.284777e+000 4.066976e-001 -7.801273e-001 1.544816e+000 -1.616338e+000 -5.044339e-001 -6.796012e-001 4.505886e-001 9.210830e-002 -1.048605e+000 1.600139e-002 -1.146288e+000 7.693221e-001 8.082306e-001 9.863665e-001 2.444431e-001 -7.585922e-001 5.618156e-001 2.510863e-001 -5.499437e-001 2.054205e-001 1.241254e+000 3.887052e-001 4.233574e-001 5.411434e-001 3.669633e-001 -3.203764e-001 
-2.324794e+000 1.589901e+001 -9.761282e+000 3.369069e+000 -1.150878e+000 -5.260346e-001 -2.799350e+000 -2.518372e+000 1.893881e+000 -2.499295e+000 -1.708211e+000 -3.191405e-001 2.050727e+000 -1.079188e+000 -4.724593e-001 -3.049602e-001 -5.452030e-001 -7.862529e-001 -4.376750e-001 1.172730e+000 -3.366248e-001 -3.776337e-001 5.763533e-001 1.475447e+000 1.905137e-001 -1.044563e+000 1.085488e+000 -2.739567e-001 -7.092129e-001 2.257586e-001 1.675466e+000 1.010127e+000 -3.843793e-001 7.223047e-001 6.089542e-001 -1.276623e-001 
6.446813e-001 1.655097e+001 -1.113838e+001 2.543450e+000 9.460713e-002 7.712142e-001 -1.906982e+000 -2.922077e+000 7.837320e-001 -1.408197e+000 1.060188e-001 -8.099150e-001 6.135664e-001 -2.005104e+000 -1.366115e+000 -7.230286e-001 -1.352520e+000 -1.078719e+000 -7.738001e-002 1.053377e+000 -7.664817e-001 -4.308454e-001 7.474084e-002 1.588452e+000 6.685840e-001 -8.702508e-001 3.740913e-001 1.113366e-001 -1.772675e-001 -5.652668e-001 1.244823e+000 1.061804e+000 -5.572525e-001 7.044108e-001 4.486124e-001 -5.484897e-001 
3.616295e+000 1.814515e+001 -1.421718e+001 3.371659e+000 1.667276e+000 2.121586e+000 -1.724234e+000 -4.836800e+000 1.910637e+000 -1.789418e+000 -9.964713e-001 -1.510464e+000 -1.713864e-001 -1.938546e+000 -1.540047e-001 2.608394e-001 -2.246878e+000 -1.468323e+000 -4.800440e-001 3.009017e-001 -7.473358e-001 5.360418e-002 1.789678e+000 1.761534e+000 6.887347e-001 2.357621e-002 6.323385e-001 7.005267e-001 -5.323720e-002 -6.411117e-001 9.826949e-001 6.188868e-001 -1.005593e+000 -1.966456e-001 1.815662e-001 -4.107129e-001 
3.714284e+000 1.756043e+001 -1.498979e+001 3.023789e+000 4.029520e-001 1.646720e+000 -2.310728e+000 -7.822006e+000 3.454706e+000 -8.330883e-001 -3.099537e+000 -1.167152e+000 8.994456e-001 -1.937312e+000 -1.363367e+000 2.434320e+000 -2.380534e+000 -2.771484e+000 7.935367e-001 9.313388e-001 -9.878429e-001 -6.182857e-001 3.426851e+000 1.163504e+000 -5.698993e-001 1.202473e+000 6.727833e-001 7.560231e-001 1.806075e-001 3.017400e-001 7.256709e-001 3.962836e-001 -1.217476e-001 -1.451901e+000 -2.324727e-001 6.058885e-001 
4.494072e+000 1.775965e+001 -1.551400e+001 4.395037e+000 1.008479e+000 1.908068e+000 -1.510879e+000 -7.824426e+000 4.480883e+000 -7.724233e-001 -2.632605e+000 -1.306258e+000 -2.317843e-002 -1.821922e+000 -2.052766e+000 1.135887e+000 -1.958423e+000 -2.386349e+000 6.779831e-001 1.235252e+000 -2.798565e-001 -1.741084e+000 2.930955e+000 1.589493e+000 -1.540569e-001 1.103257e+000 1.292672e+000 1.638692e+000 -6.825754e-001 -4.545195e-001 1.366744e+000 -3.419006e-001 -9.790092e-001 -8.307459e-001 1.103632e-002 -8.072066e-002 
8.847209e+000 1.577264e+001 -1.404269e+001 4.234334e+000 2.121366e+000 1.519643e+000 -2.409529e+000 -6.240735e+000 3.074723e+000 -6.532073e-001 -3.175492e+000 4.259157e-002 -1.308318e+000 -2.247961e+000 -1.091822e+000 1.124909e-002 -1.350854e+000 -1.878662e+000 7.794972e-001 1.511173e+000 1.815645e-001 -4.930575e-001 6.876989e-001 1.387373e+000 1.411377e+000 1.446356e+000 1.709990e+000 1.478973e+000 -8.221834e-001 -4.703023e-001 1.406217e+000 -3.211785e-001 -1.464631e+000 -2.244511e-001 3.387246e-001 9.159047e-002 
6.347827e+000 1.793213e+001 -1.568898e+001 3.897986e+000 7.771304e-002 7.681226e-001 -2.063906e+000 -7.425055e+000 5.194969e+000 -9.585687e-001 -3.064638e+000 1.190727e-001 -2.837938e+000 -2.681942e+000 -1.147944e+000 5.104789e-001 -6.324092e-001 -2.447134e+000 1.041438e+000 1.776022e+000 7.092330e-001 -2.595226e-002 4.155202e-001 1.777148e+000 1.194858e+000 1.484012e+000 1.722603e+000 8.495164e-001 -2.835174e-001 -6.870707e-002 1.028220e+000 -4.237221e-001 -1.405544e+000 2.311077e-001 1.937736e-001 -5.030442e-001 
8.087630e+000 1.617880e+001 -1.429764e+001 4.043356e+000 1.443642e-001 3.555385e-001 -2.812017e+000 -6.903106e+000 3.682933e+000 -8.463596e-001 -3.722162e+000 -1.118807e+000 -2.432397e+000 -2.495534e+000 -1.668206e+000 4.674065e-001 -8.625271e-001 -2.024636e+000 1.250141e+000 1.695164e+000 9.112074e-001 -6.029998e-001 9.305632e-001 2.433133e+000 4.283672e-001 1.537269e+000 1.544019e+000 7.606906e-001 3.818840e-001 -5.519971e-001 1.455924e+000 -1.634443e-001 -1.473912e+000 8.554295e-001 7.285488e-002 -1.155827e-001 
7.704154e+000 1.682578e+001 -1.462766e+001 4.230802e+000 1.919196e+000 1.159725e+000 -1.938181e+000 -6.634483e+000 3.641054e+000 -7.537883e-001 -4.319078e+000 -3.103713e-001 -1.958510e+000 -2.507573e+000 -1.738362e+000 -6.098986e-001 -2.696277e-001 -1.718077e+000 9.005439e-001 2.340983e+000 4.580622e-002 -1.056531e+000 1.275242e+000 1.982353e+000 5.892235e-002 3.892261e-001 9.284159e-001 7.723695e-001 -2.318227e-001 -1.138096e+000 7.719995e-001 -2.306006e-001 -1.245847e+000 6.206616e-001 4.384554e-001 1.630862e-001 
7.396137e+000 1.726919e+001 -1.505455e+001 3.603847e+000 2.388354e+000 -5.850744e-001 -1.216739e+000 -6.757067e+000 2.934244e+000 2.051275e-001 -5.509396e+000 -1.378995e-001 -1.208957e+000 -2.969923e+000 -1.148353e+000 -7.077489e-001 -8.338213e-002 -2.316712e+000 9.221714e-001 3.779113e+000 -4.498444e-001 -1.484018e-001 1.819071e+000 1.659842e+000 1.428608e+000 1.945415e-001 1.449831e+000 1.405164e+000 -9.156589e-001 -3.419663e-001 5.450581e-001 3.047224e-001 -4.033012e-001 1.819478e-001 1.258786e+000 -2.428026e-002 
5.698780e+000 1.812895e+001 -1.589291e+001 3.963059e+000 2.392229e+000 -5.002697e-001 -1.640387e+000 -7.423036e+000 3.363057e+000 7.529104e-001 -5.432777e+000 9.301238e-002 -5.874037e-001 -3.029698e+000 -4.659354e-002 1.006461e-001 -6.902679e-001 -2.487355e+000 2.450260e-001 3.153208e+000 2.419247e-002 -2.835900e-001 1.502487e+000 1.667150e+000 1.292263e+000 4.363327e-001 1.420858e+000 8.952994e-001 -1.175120e+000 -2.050347e-002 7.837010e-001 -2.233386e-001 -5.964368e-001 3.275920e-001 8.419990e-001 -1.836265e-001 
2.891799e+000 2.046776e+001 -1.719405e+001 3.771045e+000 4.552996e+000 -1.545213e+000 8.709803e-002 -7.546549e+000 2.937275e+000 -4.714814e-001 -5.741063e+000 1.240165e+000 -1.033498e+000 -2.612962e+000 7.542191e-001 -7.631852e-001 -4.743470e-001 -1.963690e+000 -9.891337e-001 2.621231e+000 -1.168404e-001 -4.444782e-001 1.640031e+000 1.369593e+000 9.389825e-001 -1.049156e-001 8.622874e-001 5.082697e-001 -1.140471e+000 6.111182e-001 1.516044e+000 -5.389365e-002 -1.119259e+000 1.698702e-001 8.158467e-001 -1.012427e+000 
5.730138e+000 1.648263e+001 -1.616906e+001 2.019192e+000 3.301361e+000 -5.156998e-001 -1.297333e+000 -5.669731e+000 2.319189e+000 2.891664e-001 -5.105806e+000 6.558330e-002 -1.108503e+000 -3.124631e+000 2.648975e-001 -1.978779e-001 -3.994467e-001 -1.355967e+000 -4.254917e-001 2.823943e+000 7.396517e-001 -8.375573e-001 1.656572e+000 2.288925e+000 1.126088e+000 3.251885e-001 1.214657e+000 1.094757e+000 -1.022978e+000 1.005105e-001 1.724621e+000 -1.211903e-001 -9.854636e-001 5.360397e-001 5.532941e-001 -6.310181e-001 
