4.188029e+000 1.451213e+001 -2.672526e+000 2.251710e+000 -1.735054e-001 3.929624e+000 -2.961478e+000 -9.721930e-001 2.931736e+000 -7.757570e-002 -2.390873e+000 7.476819e-001 5.865064e-001 -9.403523e-001 -1.139535e+000 2.493779e-001 -5.066078e-001 -2.622079e+000 1.572463e+000 -5.045365e-001 -7.710066e-001 -2.423430e-001 2.091480e-003 -1.041098e+000 
4.831252e+000 1.462448e+001 -2.297802e+000 2.363496e+000 -6.422011e-001 3.693051e+000 -3.682788e+000 -8.714103e-001 2.772945e+000 -6.472847e-001 -1.802932e+000 4.550927e-001 7.140688e-001 -5.534062e-001 -9.605671e-001 -1.070749e-001 -7.544499e-001 -2.205131e+000 1.294011e+000 -3.587215e-001 -3.559267e-001 -8.923932e-002 3.297945e-001 -8.777621e-001 
2.540560e+000 1.635414e+001 -2.615856e+000 2.562791e+000 3.488035e-001 3.195118e+000 -3.902969e+000 -1.306295e+000 2.550354e+000 -1.184424e+000 -2.099222e+000 8.708091e-001 8.408487e-001 -5.449874e-001 -1.089368e-001 -3.285398e-001 -8.153753e-001 -2.700552e+000 1.129768e+000 -2.755095e-001 -8.840788e-001 4.009609e-001 6.624005e-001 -8.856131e-001 
2.007778e+000 1.717444e+001 -3.156217e+000 3.067963e+000 4.769127e-001 4.474634e+000 -2.965956e+000 -2.216969e+000 3.118010e+000 -6.898484e-001 -2.142392e+000 4.268730e-002 1.427518e+000 -8.216987e-001 -3.015040e-001 2.874908e-001 -1.258687e+000 -2.524179e+000 1.164322e+000 1.328056e-002 -1.688463e+000 1.074394e+000 4.759205e-001 -1.290432e+000 
7.237607e-001 1.772288e+001 -2.863228e+000 3.207676e+000 1.167145e+000 4.059805e+000 -2.835801e+000 -2.926000e+000 3.564483e+000 -9.753655e-001 -1.505537e+000 2.058065e-003 1.608636e+000 -1.632225e+000 -7.185255e-001 1.084028e+000 -1.808424e+000 -1.994255e+000 1.237405e+000 -1.012402e-001 -2.154166e+000 1.292690e+000 7.765605e-001 -1.343829e+000 
3.413305e-001 1.713978e+001 -2.578960e+000 2.686453e+000 1.995159e+000 3.319149e+000 -3.007471e+000 -2.343187e+000 3.029254e+000 -9.804056e-001 -1.020356e+000 1.054626e+000 2.397619e+000 2.156515e-002 -4.760081e-001 -7.707019e-002 -2.275919e+000 -2.649621e+000 2.466632e-001 -2.018773e-001 -1.559695e+000 4.189383e-001 5.331657e-001 -3.992025e-001 
9.253970e-001 1.602318e+001 -9.323699e-001 2.187108e+000 1.990705e+000 1.779959e+000 -2.355905e+000 -2.238035e+000 2.009221e+000 -6.633051e-001 -1.135423e+000 1.372488e+000 1.429315e+000 -5.102855e-001 -7.540269e-001 1.940515e-002 -1.488063e+000 -1.707654e+000 5.911550e-001 -3.535756e-001 -1.114555e+000 5.229759e-001 6.182875e-001 1.414563e-001 
8.169267e+000 1.204548e+001 -1.138096e-002 1.313073e+000 1.253158e+000 2.463830e+000 -1.725524e+000 -2.014586e+000 1.907979e+000 -8.868044e-001 -6.239443e-001 1.597663e+000 3.032778e-001 1.887822e-001 -8.494201e-001 -4.331337e-001 -1.583951e-001 -1.426576e+000 3.959069e-001 4.212387e-001 -1.178585e-001 -2.872893e-001 -8.413096e-001 6.260960e-002 
4.272375e+000 1.540523e+001 -2.479539e+000 2.848854e+000 -2.614110e-001 4.418173e+000 -2.856122e+000 -7.813800e-001 2.702286e+000 -9.733982e-001 -2.800566e+000 6.385321e-001 1.070936e+000 -9.589968e-001 -1.152248e+000 4.285440e-002 -5.491059e-001 -2.332318e+000 2.062986e+000 -4.273498e-001 -8.113417e-001 -2.412682e-001 2.008873e-001 -1.223873e+000 
4.283779e+000 1.463660e+001 -1.871871e+000 3.121198e+000 1.759120e-001 4.369917e+000 -3.389679e+000 -6.004388e-001 2.929163e+000 -5.994217e-001 -2.325540e+000 -1.150507e-001 2.851187e-001 -1.112046e+000 -6.569097e-001 1.929978e-001 -9.026670e-002 -2.002852e+000 1.320746e+000 -4.538540e-001 -8.661462e-001 -2.316847e-001 1.658482e-002 -1.219999e+000 
1.465888e+000 1.595041e+001 -2.864712e+000 3.141032e+000 9.858659e-001 4.269437e+000 -2.599189e+000 -9.871875e-001 3.180160e+000 -9.224958e-001 -1.643826e+000 2.794071e-001 7.665697e-001 -1.158579e+000 -3.143791e-001 -3.170405e-001 -5.694478e-001 -2.345250e+000 5.953502e-001 -1.834197e-001 -1.591173e+000 4.802148e-001 1.267819e-001 -9.583387e-001 
9.893429e-001 1.596450e+001 -3.052459e+000 3.479177e+000 1.639462e+000 4.973849e+000 -1.105793e+000 -2.433420e+000 2.749922e+000 -3.325472e-001 -1.735369e+000 -5.597733e-001 1.700325e+000 -6.419432e-001 -6.387328e-001 3.982200e-001 -1.485840e+000 -2.195231e+000 7.021193e-001 -3.677524e-001 -1.880712e+000 7.474743e-001 1.037246e-001 -1.270742e+000 
-6.069047e-001 1.688892e+001 -3.512788e+000 3.705997e+000 1.521644e+000 5.048755e+000 -1.152165e+000 -2.245235e+000 4.370328e+000 -7.759087e-001 -1.624118e+000 -6.942083e-001 1.676410e+000 -1.626955e+000 -1.016459e+000 1.192925e+000 -1.933319e+000 -2.164595e+000 1.189712e+000 -2.287767e-001 -2.040052e+000 7.293250e-001 1.905784e-001 -1.508792e+000 
9.200330e-001 1.562928e+001 -2.081057e+000 2.627373e+000 2.745456e+000 3.160715e+000 -2.403609e+000 -2.017912e+000 2.720945e+000 -9.776247e-001 -1.699677e+000 1.671933e-001 7.588735e-001 -7.424215e-001 -7.906940e-001 3.965441e-001 -1.253619e+000 -1.482686e+000 1.063427e+000 1.299814e-001 -1.330466e+000 4.792973e-002 2.522557e-002 -5.900254e-001 
