8.551321e+000 1.286282e+001 -2.493175e+000 5.322317e+000 -1.469193e+000 3.380598e+000 -4.408749e+000 1.281453e+000 5.508311e-001 -1.501058e+000 -1.859996e+000 9.932261e-002 -1.101983e-001 -1.291808e+000 7.280070e-001 -1.025606e-001 -4.716465e-001 -4.465184e-001 1.313916e+000 -4.750533e-001 -3.360318e-001 -8.360342e-001 -2.356730e-001 -7.944710e-001 
9.519084e+000 1.221537e+001 -1.284067e+000 4.153608e+000 -9.068814e-001 2.540415e+000 -3.835638e+000 -4.999984e-001 6.601656e-001 -1.707603e+000 -1.049230e+000 2.183037e-001 -7.070583e-001 -1.317197e+000 1.181098e+000 7.656953e-001 -8.693674e-001 -2.491039e-001 5.629502e-001 1.669178e-002 2.427971e-001 -3.807317e-001 -3.409116e-001 -7.314757e-001 
8.290351e+000 1.293306e+001 -2.908932e+000 5.119476e+000 -2.997870e-001 2.759438e+000 -3.548143e+000 -6.691388e-001 2.896323e-001 -1.196681e+000 -1.448524e+000 8.084655e-001 -1.872007e-001 -1.093981e+000 4.634928e-001 4.582574e-002 -1.287379e+000 1.610765e-001 4.225873e-001 -4.365457e-002 3.395896e-001 -3.264293e-001 -5.184635e-001 -4.968909e-001 
6.814627e+000 1.212877e+001 -2.447463e+000 5.381637e+000 -1.032588e+000 3.226656e+000 -4.202860e+000 -3.941929e-002 1.717811e+000 -9.394870e-001 -7.445928e-001 8.886781e-001 1.727531e-001 -1.197621e+000 7.007115e-001 -6.695989e-001 -1.414957e+000 -6.931263e-001 1.091824e+000 -2.134073e-001 -2.863319e-001 -5.487496e-001 -4.556590e-001 -5.432236e-001 
6.149783e+000 1.270805e+001 -2.494969e+000 4.328930e+000 -1.217500e+000 2.877906e+000 -4.357068e+000 2.547308e-002 9.791463e-001 -6.870892e-001 -6.724704e-001 1.368070e-001 -6.802069e-001 -1.023099e+000 1.100622e+000 -4.895366e-002 -5.601956e-001 -9.938234e-001 9.938143e-001 -6.675134e-001 4.040466e-001 1.856250e-001 -1.663150e-001 -6.222639e-001 
5.231523e+000 1.327774e+001 -1.967757e+000 3.825869e+000 -1.206739e+000 2.715242e+000 -5.329877e+000 4.236383e-001 1.661424e+000 -1.225656e+000 -1.652379e+000 6.224896e-001 -4.349272e-001 -1.935786e+000 1.438437e+000 1.077608e+000 -9.889794e-001 -1.127697e+000 1.307347e+000 -5.012237e-001 -4.439998e-002 1.655028e-001 4.321884e-001 -5.619868e-001 
6.471657e+000 1.255014e+001 -2.191867e+000 3.117126e+000 -2.927544e-001 1.523282e+000 -4.569263e+000 2.870296e-001 1.820139e+000 -2.147522e+000 3.458910e-002 5.542550e-002 -9.874767e-001 -1.204943e+000 1.281477e+000 1.127972e+000 -8.823836e-001 -2.484228e-001 4.193690e-001 -3.706460e-001 2.116120e-001 -8.513842e-002 -4.458056e-001 -6.830881e-002 
1.074406e+001 9.597112e+000 -1.890111e+000 2.444797e+000 9.907954e-001 1.526944e-001 -2.734062e+000 1.481853e-001 1.671857e+000 -9.189042e-001 -3.025861e-002 -2.865596e-001 -9.036438e-001 -8.587492e-001 2.626396e-001 4.281850e-001 -6.949073e-001 -4.365874e-001 3.308962e-001 5.767132e-001 2.175470e-001 8.560949e-002 -3.992277e-002 -1.943901e-001 
8.185378e+000 1.110315e+001 -3.178515e+000 4.785722e+000 -1.557152e+000 1.598158e+000 -5.402145e+000 1.160604e+000 9.612766e-001 -1.036964e+000 -9.937720e-001 3.869117e-001 -2.766285e-001 -1.213809e+000 9.122806e-001 1.805572e-001 -8.936304e-001 -7.834796e-001 7.027836e-001 -2.620625e-001 5.136576e-001 -2.702169e-003 -1.289330e-001 -3.790551e-001 
7.505953e+000 1.089268e+001 -2.658371e+000 4.687603e+000 -3.692122e-001 2.710739e+000 -4.177721e+000 -1.600350e-001 1.285798e+000 -9.606745e-001 -7.057575e-001 6.759869e-001 -1.058433e+000 -1.238291e+000 7.338023e-001 4.498675e-001 -1.413341e+000 -4.227036e-001 2.447422e-001 -1.958912e-001 2.717720e-001 -4.927951e-002 2.273329e-001 -2.727037e-001 
6.657300e+000 1.138104e+001 -3.918874e+000 5.812133e+000 6.429143e-001 3.891436e+000 -2.891255e+000 5.991203e-001 1.336754e+000 -8.730791e-001 -1.663844e+000 3.088677e-001 -7.829529e-001 -1.504154e+000 1.159759e+000 -5.525803e-002 -1.355862e+000 -1.418091e-001 5.499150e-002 -6.679111e-001 3.650822e-002 -3.398278e-001 -4.853229e-001 -4.128256e-001 
6.808194e+000 1.241189e+001 -3.359207e+000 5.078984e+000 -1.212037e+000 3.179636e+000 -3.621437e+000 1.308126e+000 1.040302e+000 -1.660459e+000 -7.620564e-001 3.481794e-001 -6.024768e-001 -1.418914e+000 8.682148e-001 -5.714565e-001 -6.176343e-001 -6.241786e-001 9.321293e-001 -4.747122e-001 2.461112e-001 -5.824811e-001 -1.088205e-001 6.224833e-002 
5.574110e+000 1.231415e+001 -4.049619e+000 4.096915e+000 -1.517290e+000 2.185388e+000 -4.817373e+000 1.328132e+000 1.125494e+000 -8.719207e-001 -1.270436e+000 3.091228e-001 -4.292366e-002 -1.102433e+000 6.823252e-001 -4.633025e-001 -3.547943e-001 -4.950409e-001 1.646967e+000 -1.337949e-001 1.987934e-001 -3.091936e-001 4.443836e-001 1.819487e-001 
5.525851e+000 1.340046e+001 -2.980924e+000 3.790266e+000 -1.111735e+000 3.232619e+000 -3.674251e+000 1.411329e+000 1.316209e+000 -7.683924e-001 -9.110234e-001 2.957620e-001 -1.390524e-001 -9.553781e-001 6.586612e-001 -7.482372e-001 -1.053174e+000 -6.531438e-001 1.187676e+000 -7.434945e-001 -4.675971e-001 -5.207763e-001 1.267232e-001 -3.894463e-001 
