6.637074e+000 1.407509e+001 -1.491359e+000 4.709684e+000 1.381029e+000 4.475621e+000 -3.181095e+000 4.352038e-001 2.384179e-001 -1.796635e+000 -1.689253e+000 -3.510107e-001 -7.659583e-001 -1.229213e+000 -1.305468e-001 2.184117e+000 -6.959576e-001 -6.578402e-001 -1.192891e-001 -5.691648e-001 -1.055837e+000 -1.091631e+000 -2.517868e-001 -1.144215e+000 
7.228073e+000 1.103381e+001 -1.908094e+000 5.189373e+000 5.353844e-001 5.456882e+000 -2.061115e+000 1.304538e+000 1.140289e+000 -3.310935e-001 -1.462803e+000 -5.866303e-001 -1.331277e+000 -6.579295e-001 -1.074792e+000 5.320422e-001 -9.841096e-001 -5.524673e-001 -3.225032e-001 6.051753e-002 -1.926101e-001 -5.477089e-001 -3.102847e-001 -6.661030e-001 
7.469896e+000 5.965372e+000 -2.561854e+000 5.602752e+000 -1.205164e+000 6.512931e+000 -2.545976e+000 9.705854e-001 -8.728577e-001 -1.261007e+000 -1.672882e+000 6.489467e-002 -2.242491e-001 1.308304e+000 -3.941952e-001 9.849236e-001 -1.427583e+000 -6.280430e-001 -1.005225e+000 -1.740997e-001 -1.530114e-001 -6.111196e-001 -2.590502e-002 -1.407905e-002 
1.046703e+001 3.369505e+000 -1.789200e+000 6.129361e+000 -2.332278e+000 6.002596e+000 -2.402333e+000 1.240587e+000 -8.768234e-001 4.968365e-001 -9.920702e-001 7.836050e-001 -5.486857e-001 1.620826e+000 -1.089634e+000 9.953749e-001 -1.580272e+000 -4.743040e-001 -1.381577e+000 2.426901e-003 -6.681994e-001 -1.143999e+000 -2.322429e-001 -3.938152e-001 
1.118970e+001 2.144128e+000 -2.090763e+000 6.383210e+000 -2.757586e+000 6.669255e+000 -3.478336e+000 6.656922e-001 -1.866387e+000 -4.296539e-001 -9.862809e-001 4.360920e-001 -7.433210e-001 9.927343e-001 -1.351141e+000 1.063127e+000 -1.413971e+000 -5.410672e-001 -1.199411e+000 5.433564e-001 -5.480935e-001 -4.349496e-001 -6.083103e-001 -2.751553e-001 
1.172187e+001 2.606009e+000 -1.482425e+000 6.370862e+000 -2.775818e+000 5.840902e+000 -3.778141e+000 1.639260e-001 -7.598216e-001 -1.670188e+000 -1.248554e+000 1.908411e-001 1.155842e-001 9.856139e-001 -1.969702e+000 7.542308e-001 -1.076289e+000 -3.995302e-001 -1.462647e+000 8.621739e-002 -6.143367e-003 -5.208127e-001 -3.674330e-001 -2.417634e-001 
1.272581e+001 1.899349e+000 -1.331591e-001 6.304565e+000 -2.823346e+000 6.311099e+000 -4.329193e+000 7.669368e-001 -1.015423e+000 -1.859264e+000 -1.674055e+000 3.968547e-001 -9.566447e-002 1.105609e+000 -1.855135e+000 7.083810e-001 -1.281146e+000 1.683078e-001 -1.432288e+000 2.117179e-001 -4.006943e-001 -8.623280e-001 -6.427982e-001 -3.332376e-001 
1.116106e+001 1.855339e+000 -1.200921e-001 6.347779e+000 -2.911735e+000 6.741327e+000 -4.063208e+000 1.134063e+000 -1.180442e+000 -1.497487e+000 -1.990276e+000 3.901861e-001 -5.435756e-001 1.281012e+000 -1.633729e+000 6.810239e-001 -1.346632e+000 -2.417201e-001 -1.283956e+000 2.292491e-001 -8.799497e-001 -3.738629e-001 -3.970926e-001 2.305947e-001 
9.143398e+000 1.686444e+000 -2.682983e+000 7.406884e+000 -2.716502e+000 7.447577e+000 -3.923008e+000 -3.874536e-001 -7.486030e-001 -3.405856e+000 -1.189857e+000 -1.287482e+000 5.516066e-001 1.478111e-001 -2.811175e-001 1.481740e+000 4.923402e-002 -3.981641e-001 -1.080226e+000 4.162909e-001 -1.020626e+000 -5.470407e-001 -1.320529e+000 4.555251e-001 
9.042867e+000 1.781161e+000 -2.169993e+000 7.358916e+000 -2.994578e+000 6.827225e+000 -3.691281e+000 -3.740483e-002 -1.482593e+000 -1.737803e+000 -1.128794e+000 -5.821950e-001 -9.986991e-001 6.541418e-001 -4.456192e-001 1.704415e+000 -7.131264e-002 4.584765e-002 -1.019684e+000 -2.554650e-001 -7.785890e-001 -1.245967e+000 -1.153682e+000 -5.248508e-003 
9.042946e+000 1.896523e+000 -1.858932e+000 7.085948e+000 -2.141621e+000 5.783122e+000 -4.857981e+000 -5.000088e-001 -1.233600e+000 -1.293804e+000 -2.338285e+000 4.780017e-001 -1.846695e+000 1.660242e+000 -1.297493e+000 2.367347e+000 -9.450223e-001 -3.608697e-001 -9.600077e-001 7.592344e-002 -4.502047e-001 -1.656122e+000 -6.476889e-001 -1.778899e-001 
8.424158e+000 2.552952e+000 -2.724602e+000 5.811642e+000 -3.248238e+000 5.446370e+000 -3.552908e+000 -3.658946e-001 2.075262e-001 -1.197463e+000 -1.368851e+000 1.892395e-001 -7.889919e-001 1.178464e+000 -1.482881e+000 1.090525e+000 -9.853884e-001 -8.397616e-001 -5.654192e-001 -2.604710e-001 3.277864e-001 -1.163280e+000 -4.165052e-001 -9.983921e-002 
6.836975e+000 3.690229e+000 -3.182904e+000 4.567778e+000 -3.146985e+000 4.858347e+000 -4.548038e+000 -1.702765e+000 -1.530202e+000 -1.844571e+000 -1.239622e+000 6.290323e-002 -1.075629e+000 1.633561e+000 -1.298298e+000 1.304074e+000 -8.875604e-002 1.520372e-001 -1.325938e+000 -4.821739e-003 -1.461348e-001 -3.280159e-001 -6.423223e-001 -1.752195e-001 
5.187426e+000 5.760045e+000 -1.750353e+000 4.619940e+000 -9.522823e-001 5.361583e+000 -4.315372e+000 -1.110565e+000 -4.116434e-001 -1.038295e+000 -1.328365e+000 3.382034e-001 -9.426847e-001 1.776929e+000 -1.350762e+000 9.715994e-001 -7.950861e-001 -8.641810e-001 -1.247602e+000 -3.310238e-001 -2.179331e-001 -7.480339e-001 -2.917305e-001 -2.268087e-001 
3.733446e+000 9.151076e+000 -1.376038e+000 4.592818e+000 -2.267498e-001 5.285612e+000 -3.250807e+000 -4.386673e-001 -2.370185e-001 -3.764560e-001 1.853816e-001 2.102168e-001 -1.026590e+000 3.823984e-002 -1.997939e+000 1.297732e-001 -7.390134e-001 -1.149046e+000 -3.514538e-001 3.485298e-001 3.985805e-001 -1.611890e+000 -7.478349e-001 -2.343259e-002 
3.196098e+000 1.025485e+001 -3.630030e-001 3.877765e+000 1.305038e-002 4.742713e+000 -3.391782e+000 2.472335e-002 1.189210e+000 -1.441478e+000 -3.817475e-001 -7.107787e-001 -3.502163e-001 -1.004713e+000 -2.044522e+000 5.781097e-001 -6.441666e-001 -3.599282e-001 2.605355e-002 2.303312e-001 -5.069820e-001 -1.574391e+000 -1.046360e+000 -7.053287e-001 
3.314293e+000 1.245909e+001 -6.355955e-001 2.388099e+000 -9.685449e-001 5.256892e+000 -4.028006e+000 -1.278548e+000 1.405962e+000 -9.582229e-001 -1.476649e+000 -1.504165e+000 1.077160e-002 -4.825828e-001 -1.418627e+000 1.075015e+000 -1.939358e-001 -1.924709e-001 -6.154141e-002 2.625257e-001 -1.692703e+000 -1.678232e+000 -1.201340e+000 -5.556033e-001 
4.632195e+000 1.314620e+001 -1.510946e+000 9.672892e-001 -2.281133e+000 4.092416e+000 -5.476047e+000 -2.087854e+000 1.281221e+000 -1.334997e+000 -1.645573e+000 -1.514615e+000 -3.030282e-001 -1.194422e+000 -1.049427e+000 1.340742e+000 4.369762e-001 2.734804e-002 1.264078e-001 -2.251946e-001 -1.745497e+000 -9.667720e-001 -1.300346e+000 -5.905489e-001 
5.486204e+000 1.427391e+001 -2.076514e+000 1.583519e+000 -1.488907e+000 2.784056e+000 -6.682264e+000 -1.477155e+000 2.251176e+000 -1.458494e+000 -1.661986e+000 -7.387934e-001 -4.979802e-001 -1.206385e+000 -1.175572e+000 1.830941e+000 -6.104752e-002 1.557657e-001 -4.678144e-001 -4.831649e-001 -9.929247e-001 -8.565732e-001 -1.122028e+000 -8.004507e-001 
6.629047e+000 1.443097e+001 -5.500912e-001 2.316584e+000 -8.841316e-001 2.704649e+000 -6.258249e+000 -1.028054e+000 2.022735e+000 -1.283983e+000 -1.695576e+000 -3.255305e-001 -5.910806e-001 -1.474396e-001 -1.566862e+000 1.195905e+000 1.896235e-001 4.866234e-001 -1.278841e+000 -4.417823e-001 -6.821519e-001 -1.095999e+000 -8.351282e-001 -5.090962e-001 
6.940041e+000 1.378860e+001 -1.723208e-001 2.531354e+000 -4.138949e-001 1.562052e+000 -5.278290e+000 -1.681182e+000 1.157974e+000 -1.676896e+000 -1.032216e+000 -1.065400e+000 -2.035625e-001 -3.234954e-002 -1.107186e+000 5.215619e-001 7.265767e-001 1.849303e-001 -9.063070e-001 -3.837444e-001 -6.826190e-001 -1.583770e+000 -9.152919e-001 3.885738e-001 
6.701116e+000 1.392068e+001 -9.421220e-001 2.648024e+000 -9.845358e-001 1.665653e+000 -5.520324e+000 -1.399105e+000 4.778807e-001 -2.134379e+000 -1.053418e+000 -4.755352e-001 -5.155455e-001 6.014719e-001 -7.467883e-001 8.282406e-001 -6.913460e-002 3.259642e-001 -8.129417e-001 5.331319e-002 -2.353049e-001 -1.251306e+000 -1.069110e+000 2.034354e-001 
9.841920e+000 1.187452e+001 8.851817e-001 1.711322e+000 2.112919e+000 3.148928e-001 -3.976750e+000 -5.294664e-001 1.173627e+000 -2.079391e+000 -1.279733e+000 4.622191e-002 4.945358e-001 -6.317752e-001 1.838965e-002 1.015932e+000 -5.357053e-001 -4.759049e-001 -1.597061e-001 -3.769683e-001 -3.219401e-001 -4.032337e-001 2.152903e-001 3.567851e-001 
6.780444e+000 1.337541e+001 -1.277892e+000 4.300973e+000 8.439850e-001 4.123513e+000 -3.130762e+000 7.367533e-001 2.245875e-001 -2.142917e+000 -2.013268e+000 -4.914678e-001 -2.090068e-002 -9.945437e-001 -7.674107e-002 1.688968e+000 -6.086704e-001 -3.991130e-001 1.974851e-001 -4.322323e-001 -1.445284e+000 -1.109381e+000 -2.818043e-001 -8.976262e-001 
8.305634e+000 1.022575e+001 -3.528419e-001 4.523840e+000 3.491694e-001 3.791131e+000 -2.661077e+000 6.700738e-002 4.712727e-001 -1.466607e+000 -1.283512e+000 7.851090e-002 -5.436786e-001 1.809056e-001 -7.219785e-001 1.060420e+000 -2.286904e-001 -4.890738e-002 -3.122192e-001 -5.753624e-001 -7.999034e-001 -1.362534e+000 -3.632956e-001 -6.593319e-001 
8.707270e+000 6.111701e+000 -1.688573e+000 5.479541e+000 -1.152970e+000 5.774681e+000 -2.599288e+000 8.241363e-002 -1.303907e+000 -2.240091e+000 -1.848636e+000 4.990726e-001 4.848215e-001 1.523542e+000 9.272994e-003 1.242601e+000 -7.437649e-001 -1.263139e-001 -3.449344e-001 1.165602e-001 -3.454215e-001 -1.210277e+000 -9.950893e-002 1.619402e-001 
1.064688e+001 3.601379e+000 -1.781515e+000 6.286180e+000 -2.551549e+000 5.860191e+000 -2.651610e+000 8.499559e-001 -1.553888e+000 -8.238507e-001 -1.828572e+000 9.118392e-001 -2.392224e-001 1.849140e+000 -1.391988e+000 1.300584e+000 -1.179039e+000 2.519736e-001 -6.160510e-001 6.397405e-001 -3.006127e-001 -1.469372e+000 -4.786492e-001 -6.092970e-001 
1.075675e+001 1.568594e+000 -2.378201e+000 5.811101e+000 -3.406045e+000 5.735270e+000 -3.829292e+000 3.237210e-001 -2.006136e+000 -1.413877e+000 -2.180352e+000 -1.399948e-001 -6.859316e-001 1.797850e+000 -8.406983e-001 1.729483e+000 -6.147595e-001 4.758341e-001 -5.070048e-001 6.725317e-001 -7.554887e-001 -7.558180e-001 -4.217598e-001 -1.274109e-001 
1.121763e+001 2.020369e+000 -3.441834e+000 5.014510e+000 -4.443097e+000 5.610627e+000 -5.242463e+000 -5.261840e-001 -2.417531e+000 -1.980682e+000 -2.079833e+000 4.895663e-001 3.373242e-001 2.214985e+000 -9.870878e-001 1.726052e+000 -4.363280e-001 7.681463e-001 -6.254899e-001 1.182050e+000 1.270689e-001 -2.993088e-001 -4.315058e-001 3.774581e-003 
1.117855e+001 4.580091e-001 -3.086345e+000 4.541859e+000 -3.497443e+000 6.046541e+000 -5.513833e+000 -1.213435e+000 -3.236062e+000 -2.758090e+000 -2.240819e+000 5.810602e-001 -2.138580e-001 2.081313e+000 -1.043435e+000 1.883094e+000 -8.954295e-001 5.564860e-001 -7.534383e-001 7.784793e-001 9.102527e-002 -4.104074e-001 -4.192154e-001 2.032403e-003 
1.167865e+001 1.930284e+000 -1.976920e+000 5.126870e+000 -2.917487e+000 6.790512e+000 -5.194914e+000 -5.827299e-001 -2.525299e+000 -2.045668e+000 -2.434059e+000 3.377864e-001 -7.025791e-001 1.165646e+000 -1.475432e+000 1.520221e+000 -6.313558e-001 1.276942e-001 -7.497278e-001 1.016368e+000 -8.645730e-001 -1.016779e+000 -1.017266e+000 2.474131e-001 
9.983661e+000 3.469973e+000 -2.718083e+000 7.909742e+000 -3.520339e+000 7.122941e+000 -4.827465e+000 -6.923637e-001 -1.387344e+000 -3.974205e+000 -1.993103e+000 -1.445259e+000 3.385731e-001 4.277935e-001 -3.215927e-001 1.715498e+000 3.268276e-001 4.759942e-001 -4.375630e-001 8.972908e-001 -1.381998e+000 -1.302982e+000 -1.809143e+000 2.072084e-001 
1.069793e+001 2.958436e+000 -1.505945e+000 6.773761e+000 -3.022556e+000 6.648001e+000 -4.324604e+000 -7.081201e-001 -2.179699e+000 -2.738824e+000 -1.843265e+000 -1.687401e+000 -8.609899e-001 1.395010e+000 4.097024e-001 1.650907e+000 -3.230721e-001 1.127142e-001 -6.347957e-001 3.757548e-001 -7.651533e-001 -1.115539e+000 -1.242059e+000 -1.764396e-001 
1.052775e+001 3.419823e+000 -7.167485e-001 7.109235e+000 -2.148968e+000 6.387670e+000 -3.486654e+000 -6.845844e-001 -1.639475e+000 -2.889050e+000 -2.902415e+000 6.485860e-002 -1.190346e+000 2.229125e+000 -8.790616e-001 1.950156e+000 -8.210150e-001 9.294602e-002 -3.959190e-001 -3.087758e-002 -5.549495e-001 -1.907178e+000 -6.543078e-001 -3.853067e-001 
9.678204e+000 4.021590e+000 -6.687833e-001 6.371668e+000 -2.255810e+000 5.712582e+000 -2.793722e+000 -6.322789e-001 -5.980690e-001 -2.071588e+000 -2.173079e+000 -2.051838e-001 -8.080401e-001 1.346135e+000 -1.328366e+000 1.229290e+000 -4.927790e-001 -4.715509e-001 -6.428308e-001 -6.831101e-001 1.178803e-001 -1.229508e+000 -5.281591e-001 -3.114462e-001 
7.438495e+000 5.497897e+000 -1.551284e+000 6.768873e+000 -1.623977e+000 6.234827e+000 -3.482211e+000 -6.580414e-001 -1.092159e+000 -2.107015e+000 -1.933025e+000 -3.419324e-001 -4.679800e-001 1.910658e+000 -1.261272e+000 1.346767e-001 -7.500107e-001 -1.048753e-001 -6.188771e-001 3.124365e-002 -3.604091e-001 -1.045443e+000 -1.054810e+000 -3.518215e-001 
5.296928e+000 6.916884e+000 -1.315329e+000 4.973734e+000 -1.061326e+000 5.133041e+000 -4.153253e+000 -1.176079e+000 -1.544279e+000 -2.567355e+000 -2.265985e+000 5.781311e-001 8.759888e-002 1.575151e+000 -2.012395e+000 3.929522e-001 -4.888685e-001 -1.052902e-001 -2.553328e-001 -5.901276e-002 -1.076278e-001 -1.203370e+000 -7.444187e-001 -3.827680e-001 
3.167464e+000 9.385741e+000 -1.533829e+000 3.734981e+000 -1.408616e+000 3.967656e+000 -3.931619e+000 -1.784545e-001 -7.254497e-001 -1.486360e+000 -1.259949e+000 -4.989778e-001 -2.226211e-001 6.764833e-001 -1.338551e+000 7.776535e-001 -2.956764e-002 -4.753512e-001 -2.182580e-001 2.921510e-001 3.520516e-001 -1.867584e+000 -8.902836e-001 -2.403913e-001 
2.338200e+000 1.024552e+001 -1.850016e+000 2.910956e+000 -1.186066e+000 4.149732e+000 -4.714724e+000 -1.053350e+000 -2.255863e-001 -1.755983e+000 -1.458272e+000 -1.162807e+000 -5.783953e-001 -9.959013e-002 -1.171115e+000 1.338724e+000 -3.376748e-001 5.604518e-002 2.298516e-001 4.294359e-001 -8.734965e-001 -1.692320e+000 -1.339717e+000 -7.338544e-001 
2.906613e+000 1.143166e+001 -1.824479e+000 1.231453e+000 -2.004183e+000 4.285214e+000 -4.714589e+000 -1.483645e+000 1.354746e+000 -1.075663e+000 -1.118188e+000 -1.288155e+000 -2.037977e-002 -5.213226e-001 -9.571059e-001 1.156488e+000 -4.391453e-001 -3.229320e-001 1.083458e-001 3.706619e-001 -1.470384e+000 -1.033101e+000 -8.940771e-001 -6.067842e-001 
5.510936e+000 1.460800e+001 -9.431612e-001 1.488451e+000 -2.002606e+000 4.890916e+000 -5.008568e+000 -1.489135e+000 1.843357e+000 -7.837107e-001 -1.214966e+000 -1.062851e+000 7.288089e-002 -7.443316e-001 -1.164152e+000 8.539609e-001 -2.596005e-001 -1.691331e-001 1.770838e-001 -1.514167e-001 -1.665572e+000 -7.905039e-001 -1.059318e+000 -4.601363e-001 
6.717457e+000 1.541084e+001 -4.382294e-001 2.015433e+000 -7.779363e-001 3.576191e+000 -5.338965e+000 -1.161563e+000 2.458288e+000 -1.219638e+000 -1.230942e+000 -7.382794e-001 -1.532733e-001 -8.503302e-001 -1.448349e+000 1.014949e+000 -1.668541e-001 4.238709e-001 -4.393995e-001 -8.484616e-001 -1.103387e+000 -7.548381e-001 -8.331171e-001 -7.483522e-001 
6.658979e+000 1.463703e+001 -6.457666e-002 2.338522e+000 -7.818504e-001 3.166853e+000 -5.643706e+000 -9.341535e-001 1.732697e+000 -9.475865e-001 -1.726089e+000 -4.587143e-001 -8.525107e-001 1.154786e-001 -1.574827e+000 1.103047e+000 1.487676e-002 5.286041e-001 -1.241496e+000 -4.277693e-001 -7.317804e-001 -1.284601e+000 -9.425074e-001 -5.094131e-001 
6.288707e+000 1.416244e+001 -8.501184e-001 3.395945e+000 -1.130506e+000 1.926044e+000 -5.974137e+000 -1.083388e+000 3.598574e-001 -1.805483e+000 -1.406425e+000 -4.602899e-001 -1.067541e+000 7.338074e-002 -1.086544e+000 1.284058e+000 6.869009e-001 5.800271e-001 -1.001318e+000 -1.910256e-001 -7.802947e-001 -1.366540e+000 -1.068457e+000 1.318676e-001 
