8.317381e+000 1.284900e+001 2.974446e-001 2.774829e+000 7.919930e-001 1.079637e-001 4.683110e-001 -2.377168e-001 4.602032e-001 4.103754e-002 -8.911244e-001 -5.212049e-001 
8.570341e+000 1.300621e+001 1.553915e-001 2.657057e+000 6.954509e-001 -1.886459e-001 5.726868e-001 -5.075109e-002 6.214420e-001 1.769990e-002 -1.036097e+000 -4.823274e-001 
7.891098e+000 1.522331e+001 -1.750999e+000 4.298274e+000 -1.307004e+000 1.039628e-001 -1.647759e-001 1.607294e-001 9.222252e-001 1.129434e-001 -7.199452e-001 -4.418836e-001 
9.602628e+000 1.394029e+001 -2.740401e-001 2.806941e+000 -1.056513e+000 -8.767380e-001 -6.254403e-001 8.077948e-003 1.051652e+000 -1.780741e-001 -5.587010e-001 -5.417925e-001 
8.990227e+000 1.340853e+001 -5.739852e-001 3.890513e+000 5.853054e-002 -5.328211e-001 -1.519770e+000 -3.800214e-001 7.511904e-001 -3.463089e-001 -4.524015e-001 -1.453825e-001 
8.468830e+000 1.360966e+001 8.682255e-002 3.528341e+000 1.553426e-002 -4.294668e-001 -1.402126e+000 -7.720368e-001 3.971515e-001 -2.668258e-001 8.750283e-002 -1.598752e-001 
8.487364e+000 1.331654e+001 7.474054e-001 3.320364e+000 1.599306e-001 -4.780336e-001 -1.518409e+000 -8.095755e-001 3.092797e-001 -3.855955e-001 2.571241e-001 8.454550e-002 
8.862589e+000 1.242678e+001 1.600603e+000 2.745332e+000 8.880983e-001 -7.155707e-001 -1.346865e+000 -9.170856e-001 1.772996e-001 -2.377587e-001 -8.933943e-002 4.019498e-002 
8.287054e+000 1.321318e+001 5.965495e-001 3.365655e+000 9.945284e-001 -9.314194e-001 -1.407604e+000 -8.281510e-001 4.428855e-001 -2.290471e-001 -5.047071e-001 -1.687108e-001 
8.877763e+000 1.276013e+001 6.576331e-001 3.031363e+000 1.235665e+000 -9.416868e-001 -1.330978e+000 -8.666940e-001 3.407232e-001 -1.131580e-001 -6.419924e-001 1.294925e-002 
9.579404e+000 1.190257e+001 1.129918e+000 2.818755e+000 1.340708e+000 -9.251512e-001 -1.442427e+000 -8.714014e-001 2.825262e-001 -8.841236e-002 -5.380687e-001 3.526837e-002 
7.754646e+000 1.438864e+001 -1.123823e+000 4.531746e+000 7.937349e-002 -1.577375e-001 -2.022943e+000 -5.503975e-001 2.191214e-001 -6.476054e-002 -4.825265e-001 -2.363846e-002 
8.716497e+000 1.288137e+001 4.215165e-001 3.350007e+000 4.970300e-001 -8.889990e-001 -1.284428e+000 -8.955053e-001 3.857212e-001 -1.842655e-001 -2.394556e-001 -8.834314e-002 
7.906464e+000 1.393945e+001 -3.481535e-001 4.145765e+000 -7.278851e-001 -3.215097e-001 -1.684839e+000 -4.182095e-001 3.082619e-001 -2.744121e-001 -6.977847e-003 -9.198850e-002 
9.430612e+000 1.252796e+001 1.018346e-001 3.231489e+000 -3.773228e-002 -7.509187e-001 -1.463844e+000 -3.773789e-001 5.588164e-001 -5.043009e-001 -1.506157e-001 9.501690e-002 
8.468812e+000 1.379288e+001 -1.103536e+000 4.194847e+000 -1.081757e+000 1.484555e-001 -1.767840e+000 2.885548e-001 3.634102e-002 -2.835201e-001 -3.566151e-001 -1.371077e-001 
9.800064e+000 1.200845e+001 6.369095e-001 2.457754e+000 -1.591383e-001 -7.614437e-001 -5.981491e-001 -1.983003e-001 3.430094e-001 -3.144665e-001 -4.118704e-001 -3.739585e-001 
8.696788e+000 1.371809e+001 -5.189926e-001 2.321936e+000 -1.796533e-001 -7.767738e-001 -5.398201e-001 -1.948172e-001 8.024419e-001 -1.846572e-001 -6.931721e-001 -4.255591e-001 
7.720782e+000 1.334629e+001 -4.249451e-001 2.477320e+000 1.097599e-001 8.231268e-002 8.044940e-003 -2.049883e-001 6.963567e-001 -2.969979e-001 -4.087980e-001 -5.161398e-001 
8.488271e+000 1.237756e+001 7.111884e-001 2.429283e+000 8.402351e-001 8.489659e-002 4.045529e-001 -1.637085e-001 4.582298e-001 5.975391e-002 -8.420074e-001 -5.569669e-001 
7.531487e+000 1.393587e+001 -6.190738e-001 3.331464e+000 3.537910e-001 9.384676e-002 5.470177e-001 -2.208615e-001 6.821295e-001 -8.288462e-002 -9.090434e-001 -5.736538e-001 
7.782361e+000 1.430375e+001 -1.013940e+000 3.583759e+000 -6.667153e-002 -1.315134e-001 2.796051e-001 -1.418243e-002 8.205291e-001 -2.555744e-002 -7.685647e-001 -4.420559e-001 
8.463784e+000 1.507022e+001 -1.227111e+000 3.624195e+000 -1.651187e+000 -3.667400e-001 -6.545290e-001 1.223092e-001 1.127009e+000 -2.392668e-002 -6.146897e-001 -5.711560e-001 
8.356792e+000 1.452002e+001 -1.271565e+000 4.135201e+000 -1.103333e+000 -7.680037e-002 -1.557685e+000 2.409573e-002 8.496215e-001 -2.432943e-001 -7.185367e-001 -2.006294e-001 
8.755867e+000 1.296517e+001 8.202493e-002 3.564187e+000 4.318165e-001 -6.845823e-001 -1.396490e+000 -6.484782e-001 3.967890e-001 -3.155050e-001 -3.419668e-003 -4.986850e-002 
9.000986e+000 1.250910e+001 1.316920e+000 2.703831e+000 4.414746e-001 -6.653296e-001 -1.381439e+000 -7.767930e-001 2.863600e-001 -3.076286e-001 1.645447e-001 7.794708e-002 
8.167291e+000 1.312644e+001 9.381815e-001 3.253200e+000 4.947128e-001 -5.476051e-001 -1.396210e+000 -1.015557e+000 2.065163e-001 -3.602955e-001 1.822536e-001 1.368637e-001 
7.590893e+000 1.369035e+001 4.914643e-001 3.555162e+000 6.509136e-001 -7.501362e-001 -1.345398e+000 -9.000863e-001 4.490700e-001 -3.067055e-001 -3.558199e-001 -1.610477e-001 
9.231698e+000 1.193839e+001 1.381002e+000 2.668862e+000 1.395411e+000 -9.971222e-001 -1.378177e+000 -7.369124e-001 2.741587e-001 -1.074144e-001 -6.185516e-001 -3.727323e-002 
7.312258e+000 1.437300e+001 -6.594207e-001 4.221206e+000 4.297670e-001 -4.110881e-001 -1.758333e+000 -6.849082e-001 2.667539e-001 -6.644935e-002 -6.139753e-001 1.994906e-002 
8.552771e+000 1.290575e+001 3.601748e-001 3.359824e+000 1.049996e+000 -8.416809e-001 -1.493264e+000 -9.446344e-001 4.006480e-001 -1.725608e-001 -4.403552e-001 1.054647e-002 
7.959352e+000 1.376163e+001 -5.326968e-001 4.141531e+000 1.129245e-001 -4.057185e-001 -1.710609e+000 -7.262391e-001 3.521641e-001 -1.673019e-001 -3.403479e-001 -7.488844e-002 
8.299316e+000 1.309731e+001 4.262185e-001 3.425158e+000 8.898958e-003 -8.001312e-001 -1.241688e+000 -7.659884e-001 3.859381e-001 -3.398726e-001 2.647414e-002 -1.227056e-001 
8.274486e+000 1.363110e+001 -5.781825e-001 4.101317e+000 -7.760389e-001 -3.288568e-001 -1.872807e+000 -2.350946e-002 3.144338e-001 -3.641642e-001 -1.013597e-001 1.281144e-002 
9.906269e+000 1.193951e+001 2.730925e-001 2.969940e+000 1.012151e-001 -8.049465e-001 -1.238876e+000 -2.572054e-001 5.203770e-001 -5.501537e-001 -2.308340e-001 -9.210933e-002 
8.981210e+000 1.248992e+001 2.996514e-001 3.169147e+000 -6.254567e-001 -5.967903e-001 -7.643993e-001 -7.053359e-002 2.086640e-001 -3.740376e-001 -3.500289e-001 -2.964182e-001 
8.176681e+000 1.427505e+001 -1.266969e+000 3.309809e+000 -7.898389e-001 -3.759515e-001 -7.897405e-001 -1.156071e-001 6.633920e-001 -2.512070e-001 -5.736992e-001 -4.723528e-001 
