-1.341771e+001 2.005588e+001 3.233853e+000 9.201356e-001 2.506697e+000 -6.346262e-001 -2.155984e+000 -1.215741e+000 1.822433e+000 -7.451891e-001 -5.936267e-001 -1.559080e+000 -8.177029e-002 -5.826793e-002 -4.392184e-001 -1.937897e+000 -5.053150e-001 1.271411e+000 5.748720e-001 -3.699838e-001 -4.506881e-001 7.171412e-001 -4.281492e-003 1.895791e-002 
-1.422738e+001 1.916152e+001 3.875487e+000 2.185385e+000 2.618902e+000 -1.145627e+000 -1.472987e+000 -7.525435e-001 5.328391e-001 -1.708885e+000 5.303503e-001 -1.368057e+000 -1.125779e+000 4.184166e-001 3.680833e-001 -1.431106e+000 -5.247212e-001 6.120490e-001 -1.060435e-001 -2.269706e-001 7.320569e-002 1.216505e+000 -3.065008e-002 -1.715295e-001 
-1.161629e+001 1.824198e+001 4.255877e+000 2.241641e+000 2.321740e+000 -4.581625e-001 -1.388812e+000 -2.998060e-001 6.854201e-003 -1.322666e+000 -8.537755e-001 -1.812754e+000 -1.005348e+000 1.246635e-001 2.108717e-001 -8.899438e-001 -4.204494e-001 5.539923e-001 2.664426e-001 -6.540622e-001 -2.498015e-001 6.599015e-001 1.065676e-001 -2.221145e-001 
-1.286282e+001 1.985619e+001 4.230396e+000 2.492932e+000 3.241197e+000 -9.203085e-001 -1.091103e+000 6.487137e-002 2.057887e-001 -1.559730e+000 -7.738239e-001 -2.695726e+000 -1.416641e+000 3.252980e-001 7.171297e-001 -5.973247e-002 8.271216e-001 1.204515e+000 4.039198e-001 -1.098553e+000 -8.793258e-001 8.234479e-002 -1.689176e-001 -3.582428e-001 
-7.763819e+000 1.692934e+001 4.273358e+000 1.634968e+000 2.147719e+000 8.300599e-001 -4.847699e-001 -6.598965e-001 -4.767852e-001 -1.270036e+000 -1.433826e+000 -1.277969e+000 -6.155246e-001 -1.127083e-001 3.953107e-001 3.563309e-001 4.581940e-001 6.392269e-001 2.944483e-001 -3.286917e-001 -4.250365e-001 -1.115078e-001 -7.267663e-002 -1.483343e-001 
-8.824613e+000 1.803556e+001 5.319422e+000 3.027788e+000 2.521936e+000 -2.197880e-001 -1.260396e+000 -9.348803e-001 -9.421114e-001 -1.705759e+000 -8.509307e-001 -6.649685e-001 -3.204549e-001 2.742348e-001 3.631610e-001 -2.747180e-001 -3.147691e-002 5.002799e-001 2.948142e-001 -2.195355e-001 -1.247556e-001 2.974304e-001 4.284879e-001 2.921702e-001 
-1.062545e+001 2.089565e+001 2.813932e+000 3.606590e+000 3.674406e+000 1.159488e-001 -1.257404e+000 -1.811949e+000 -8.758885e-002 -1.830259e+000 -6.102437e-001 -1.583746e+000 -2.190974e-003 -2.156935e-002 2.406971e-001 5.409225e-001 2.377124e-001 2.992526e-002 -3.209409e-002 -7.584403e-002 -1.064150e-001 8.123389e-001 -5.073969e-002 2.942520e-003 
-7.475593e+000 1.834309e+001 3.869352e+000 3.306957e+000 2.815995e+000 1.233441e-001 -1.548973e+000 -1.988024e+000 -6.608795e-001 -1.203674e+000 -1.219046e+000 -6.841618e-001 3.376339e-001 3.924353e-002 6.995473e-002 6.821077e-001 1.642805e-001 -3.115794e-001 2.858811e-001 -2.232541e-001 -1.711001e-001 5.618510e-001 8.040645e-002 -6.404221e-002 
-7.255400e+000 1.837219e+001 3.506774e+000 3.729919e+000 2.790959e+000 -4.436914e-001 -1.912495e+000 -2.420603e+000 -6.346841e-001 -4.943760e-001 -9.096039e-001 -9.681399e-001 1.347750e-001 -2.152477e-001 -1.690034e-001 4.786970e-001 1.417473e-002 -3.689187e-002 5.947937e-001 -4.063386e-001 -9.143679e-002 7.993615e-001 -1.550192e-001 -1.137938e-001 
-7.891666e+000 2.135555e+001 5.034321e-001 3.683662e+000 3.296631e+000 -3.872770e-001 -1.061466e+000 -2.282203e+000 -5.229587e-003 -1.639530e+000 -2.440545e-001 -1.870330e+000 3.373648e-001 1.911798e-001 4.971974e-001 1.700087e-001 -5.693559e-001 3.400851e-001 2.088295e-001 -6.055163e-001 1.455443e-001 1.379199e+000 -5.095916e-001 -1.391850e-001 
-6.240035e+000 1.971064e+001 5.951495e-001 4.201592e+000 4.122780e+000 -8.601098e-001 -1.532776e+000 -1.855424e+000 -5.771069e-001 -7.684572e-001 -4.133282e-001 -1.578874e+000 -1.306225e-001 2.267041e-001 3.401330e-001 1.475898e-001 -3.027741e-001 4.095559e-001 1.756193e-001 -1.080211e+000 5.117291e-001 1.283340e+000 -4.477447e-001 -3.399633e-001 
-3.795651e+000 1.734630e+001 1.787296e+000 3.347149e+000 3.827553e+000 -4.796405e-001 -1.818218e+000 -1.296361e+000 -5.198267e-001 -7.438306e-001 -1.118538e+000 -1.710253e+000 -5.706801e-001 5.601492e-001 5.597358e-001 -1.283198e-001 -8.062903e-002 7.307333e-001 6.423894e-002 -1.006420e+000 4.392567e-001 1.124101e+000 -2.765411e-001 -6.173556e-001 
-5.876673e+000 1.984196e+001 5.013270e-001 3.310208e+000 4.130261e+000 -5.245062e-001 -1.917473e+000 -2.134117e+000 -1.962294e-001 -5.842163e-001 -1.105269e+000 -1.849102e+000 -2.000801e-001 3.801777e-001 4.036114e-001 1.822049e-001 -5.811219e-002 4.932517e-001 -8.679870e-003 -1.377557e+000 4.496440e-001 1.513907e+000 -2.064270e-001 -2.625440e-001 
-3.279066e+000 1.750814e+001 2.014457e+000 2.801983e+000 3.945408e+000 -1.026678e-001 -2.296463e+000 -1.473494e+000 9.623305e-002 -5.056582e-001 -1.564703e+000 -1.638654e+000 -3.571230e-001 2.025005e-001 3.886153e-001 2.599055e-001 1.104079e-001 3.734524e-001 -7.510418e-002 -7.623046e-001 4.726949e-001 9.987352e-001 -3.051247e-001 -6.882911e-001 
-4.496234e+000 1.883715e+001 1.174955e+000 3.360347e+000 4.471121e+000 -4.976981e-001 -2.190821e+000 -1.631512e+000 -1.546385e-001 -3.464579e-001 -8.742240e-001 -1.715149e+000 -7.295052e-001 6.017964e-002 5.803654e-001 2.008515e-001 4.163188e-002 5.786614e-001 -2.788232e-003 -1.079207e+000 4.327934e-001 1.166458e+000 -4.375736e-001 -7.424025e-001 
-6.870906e+000 2.196320e+001 -7.416377e-001 3.613596e+000 5.049510e+000 -1.467922e+000 -1.755500e+000 -1.940136e+000 -2.355946e-002 -6.084176e-001 -1.486199e-001 -2.043940e+000 -3.998850e-001 -1.978065e-001 5.437582e-001 1.838301e-001 -9.673656e-002 5.385113e-001 5.995849e-002 -1.145838e+000 4.567362e-001 1.537717e+000 -9.091511e-001 -3.392188e-001 
-4.900913e+000 1.951468e+001 6.168206e-001 3.583245e+000 4.767202e+000 -7.241964e-001 -1.966746e+000 -1.689838e+000 -6.453845e-001 -1.636064e-001 -4.238481e-001 -1.458826e+000 -6.799627e-001 -2.700081e-001 3.105004e-001 2.939578e-001 -7.240828e-002 6.188391e-001 1.255944e-001 -1.059108e+000 5.841133e-001 1.052292e+000 -6.817455e-001 -4.573937e-001 
-5.129473e+000 2.013060e+001 3.323447e-001 3.424788e+000 4.952233e+000 -6.288093e-001 -2.417500e+000 -1.833522e+000 -3.310337e-001 -3.097450e-001 -1.300892e-001 -1.489449e+000 -5.930041e-001 -3.742638e-001 5.149501e-001 1.687202e-001 -5.954860e-002 5.865252e-001 -1.208531e-001 -9.651656e-001 6.767602e-001 1.107538e+000 -6.494897e-001 -6.299475e-001 
-2.119405e+000 1.684053e+001 1.600449e+000 3.178926e+000 4.493781e+000 -9.805469e-002 -2.367098e+000 -1.855129e+000 -5.967817e-001 -9.221160e-002 -5.402651e-001 -1.239189e+000 -6.657315e-001 -5.222860e-002 4.265533e-001 2.096731e-002 -1.236784e-001 5.866667e-001 -8.674119e-002 -9.239253e-001 5.801160e-001 1.082495e+000 -4.005925e-001 -8.000829e-001 
-6.199577e+000 2.096085e+001 -4.986508e-001 3.445256e+000 5.254561e+000 -1.245482e+000 -2.189315e+000 -1.720241e+000 -1.788287e-001 -3.135359e-001 -2.432871e-001 -2.345816e+000 -4.522753e-001 7.998623e-003 5.293740e-001 2.101996e-001 1.119421e-001 6.114090e-001 -3.614111e-001 -1.076520e+000 3.864046e-001 1.348807e+000 -3.216797e-001 -6.223428e-001 
-4.776301e+000 1.963978e+001 2.565868e-001 3.507806e+000 4.794890e+000 -1.043151e+000 -2.777138e+000 -1.436118e+000 -2.227528e-001 -3.512021e-001 -4.220643e-001 -1.954216e+000 -5.936164e-001 3.867832e-001 2.552201e-001 1.944328e-001 1.703199e-001 4.589316e-001 -2.349281e-001 -1.165914e+000 4.805829e-001 1.267632e+000 -2.421879e-001 -3.642076e-001 
-5.900378e+000 2.125160e+001 -1.916551e-001 3.148694e+000 5.109747e+000 -1.336144e+000 -2.528076e+000 -1.626112e+000 -1.010075e-001 -1.445241e-001 -2.824747e-001 -2.023236e+000 -1.509606e-001 -9.579319e-002 2.028820e-001 2.797073e-001 -8.684229e-002 5.837233e-001 -2.010047e-001 -1.067303e+000 5.394163e-001 1.155812e+000 -5.204587e-001 -3.071276e-001 
-1.256020e+000 1.703276e+001 1.978825e+000 2.371832e+000 3.367226e+000 -6.619069e-001 -2.788330e+000 -1.777981e+000 1.554897e-002 1.951831e-001 -7.025900e-001 -1.135008e+000 -2.339916e-001 -2.035049e-001 -5.020802e-001 -6.483524e-001 -9.061652e-002 5.995328e-001 1.254501e-001 -5.843808e-001 3.246559e-001 4.997713e-001 -6.189444e-001 -6.815604e-001 
-1.024485e+001 1.846085e+001 3.271275e+000 6.994426e-001 1.828957e+000 -6.527152e-001 -2.046051e+000 -9.517506e-001 1.279141e+000 1.078936e-002 -7.780663e-001 -1.210439e+000 -1.936882e-001 -2.406460e-001 -1.048615e+000 -1.855349e+000 -4.261084e-001 1.217901e+000 9.392224e-001 -3.553573e-001 -4.271337e-001 2.984609e-001 -9.475131e-002 -2.365547e-001 
-1.539843e+001 1.948988e+001 4.000310e+000 2.416826e+000 2.689390e+000 -8.294734e-001 -2.066130e+000 -1.121496e+000 7.769649e-001 -1.319002e+000 5.956686e-001 -1.311081e+000 -5.613378e-001 3.555065e-001 4.188014e-002 -1.875453e+000 -8.146169e-001 8.362256e-001 1.274295e-001 -1.298051e-001 5.802789e-003 1.253168e+000 -3.654086e-002 -1.570908e-001 
-1.186077e+001 1.881722e+001 3.858894e+000 2.178992e+000 2.184269e+000 -8.094018e-001 -1.258529e+000 -1.337751e-001 2.243880e-001 -1.463472e+000 -4.577009e-001 -1.798829e+000 -1.317210e+000 5.476821e-002 3.208687e-001 -9.187857e-001 -2.257072e-001 6.923112e-001 1.080743e-001 -7.033439e-001 -2.082760e-001 7.072996e-001 1.433410e-002 -3.057263e-001 
-1.181738e+001 1.890281e+001 4.311619e+000 2.486980e+000 2.811985e+000 -4.238387e-001 -1.250083e+000 -2.973779e-001 1.845548e-001 -1.163454e+000 -1.144670e+000 -2.444621e+000 -1.237701e+000 4.514959e-001 6.912469e-001 -9.759483e-003 4.409347e-001 1.049350e+000 1.946427e-001 -8.418251e-001 -7.778834e-001 9.808335e-002 -4.087228e-002 -3.203307e-001 
-1.237383e+001 2.031390e+001 3.477263e+000 1.786106e+000 3.033617e+000 5.322752e-001 -6.539837e-001 -7.411503e-001 -8.430851e-002 -1.723172e+000 -1.044571e+000 -1.810439e+000 -5.032148e-001 -2.871210e-001 6.964401e-001 5.113456e-002 4.257653e-001 9.298612e-001 4.288589e-001 -2.195493e-001 -7.701188e-001 -1.381647e-001 -3.729082e-001 -3.501939e-001 
-9.318959e+000 1.890709e+001 4.880055e+000 2.110700e+000 2.224258e+000 -2.321641e-001 -1.162232e+000 -8.491982e-001 -5.529429e-001 -1.505925e+000 -6.874116e-001 -7.664728e-001 -5.149170e-001 1.055720e-001 4.318295e-001 -1.039268e-001 1.369072e-001 5.480101e-001 2.030823e-001 -3.731933e-001 -1.985137e-001 3.314865e-001 3.952682e-001 3.126788e-001 
-1.117600e+001 2.098556e+001 3.068779e+000 3.456673e+000 3.973806e+000 -2.124046e-001 -8.724995e-001 -1.544553e+000 -4.545045e-001 -1.900568e+000 -5.746174e-001 -1.532906e+000 6.059537e-002 1.547567e-001 4.066434e-001 2.085992e-001 1.380287e-001 1.865802e-001 -1.198667e-001 -1.656215e-001 -4.944040e-003 7.425355e-001 9.378297e-002 3.341415e-002 
-8.997572e+000 1.991439e+001 3.054621e+000 3.440664e+000 2.983154e+000 1.796172e-001 -1.320351e+000 -2.185878e+000 -2.469576e-001 -1.422539e+000 -9.445959e-001 -1.063342e+000 2.629165e-001 -5.838081e-002 9.570199e-002 7.663658e-001 2.719004e-001 -2.480719e-001 2.358282e-001 -1.474431e-001 -1.738098e-001 6.369612e-001 -5.712297e-002 -4.697883e-002 
-6.018752e+000 1.680892e+001 4.250892e+000 3.425666e+000 2.824499e+000 -1.430322e-001 -2.018724e+000 -2.146987e+000 -7.946615e-001 -7.137118e-001 -8.317909e-001 -6.648642e-001 -6.793886e-002 -2.720129e-001 -1.676562e-001 3.117933e-001 1.745867e-001 8.019791e-002 3.972185e-001 -1.945422e-001 -6.327458e-002 5.049245e-001 5.124957e-002 -1.207797e-001 
-8.120451e+000 2.142844e+001 9.409412e-001 3.478718e+000 3.013502e+000 -4.567175e-001 -1.013343e+000 -2.468103e+000 -1.546429e-001 -1.248397e+000 -4.872359e-001 -1.742085e+000 4.778237e-001 1.736050e-001 4.015814e-001 2.260272e-001 -5.189834e-001 1.598812e-001 3.115506e-001 -5.092382e-001 5.702946e-002 1.371180e+000 -4.284567e-001 -2.344072e-001 
-3.078459e+000 1.617938e+001 2.723251e+000 3.359196e+000 3.608630e+000 -8.788281e-002 -1.858587e+000 -1.584331e+000 -7.113826e-001 -5.588574e-001 -8.827515e-001 -1.145323e+000 -3.329133e-001 3.199809e-001 3.722732e-001 -5.590428e-002 -1.292423e-001 3.789848e-001 4.179619e-002 -6.989978e-001 3.253683e-001 9.834521e-001 -4.038692e-002 -5.023527e-001 
-6.764335e+000 2.073221e+001 -4.150188e-001 4.537724e+000 4.038916e+000 -1.178504e+000 -1.122500e+000 -1.836380e+000 -9.386250e-002 -1.423409e+000 -3.930517e-001 -2.111521e+000 -1.183915e-001 4.363604e-001 3.809318e-001 1.303943e-001 -3.237683e-001 5.093836e-001 2.939829e-001 -1.105881e+000 5.790594e-001 1.434855e+000 -7.720320e-001 -3.857737e-001 
-5.549636e+000 1.954879e+001 6.595063e-001 3.145844e+000 3.969683e+000 -5.257745e-001 -1.938097e+000 -1.990721e+000 -1.828904e-001 -4.884421e-001 -1.188020e+000 -1.743603e+000 -3.160659e-001 5.269785e-001 4.965167e-001 -3.958699e-002 -1.444851e-001 5.373005e-001 -2.682838e-002 -1.334371e+000 4.300114e-001 1.512565e+000 -1.742219e-001 -2.894160e-001 
-6.992486e+000 2.128500e+001 -4.238419e-001 3.939254e+000 4.381641e+000 -8.458743e-001 -1.606982e+000 -2.164203e+000 5.627309e-001 -1.089678e+000 -9.337995e-001 -2.264586e+000 -2.782651e-003 5.141396e-002 1.828771e-001 6.270330e-001 -8.641721e-002 5.388423e-001 6.310547e-003 -9.882965e-001 4.342600e-001 1.287650e+000 -7.786593e-001 -3.405275e-001 
-3.533372e+000 1.770748e+001 1.896421e+000 3.031725e+000 4.155782e+000 -1.573694e-001 -2.396735e+000 -1.571013e+000 -6.770034e-002 -3.542412e-001 -1.131209e+000 -1.505281e+000 -6.844224e-001 1.486208e-001 4.627569e-001 1.113431e-001 1.332787e-001 5.651786e-001 -9.463903e-002 -9.547861e-001 3.228047e-001 1.118264e+000 -1.761676e-001 -7.380635e-001 
-4.635981e+000 1.914098e+001 8.390468e-001 3.201115e+000 4.557385e+000 -7.800909e-001 -2.229189e+000 -1.549885e+000 -3.982592e-001 -2.829523e-001 -6.018793e-001 -1.604041e+000 -7.914860e-001 6.880912e-002 5.947677e-001 5.416530e-002 -3.569679e-002 5.654030e-001 -2.340082e-002 -1.084674e+000 5.517158e-001 1.251354e+000 -4.492256e-001 -7.151171e-001 
-3.452438e+000 1.786010e+001 1.505114e+000 3.214213e+000 4.409138e+000 -3.629967e-001 -2.181808e+000 -1.581220e+000 -5.111568e-001 -2.150657e-001 -6.354887e-001 -1.330737e+000 -8.004460e-001 -1.949316e-001 3.690643e-001 1.552521e-001 6.743364e-002 6.529357e-001 -1.598266e-002 -8.794481e-001 5.596983e-001 9.434204e-001 -4.910479e-001 -6.259158e-001 
-4.014822e+000 1.883275e+001 1.047361e+000 3.239133e+000 4.711644e+000 -5.516105e-001 -2.481160e+000 -1.645647e+000 -4.728758e-001 -2.607766e-001 -3.437531e-001 -1.214928e+000 -8.165922e-001 -2.452468e-001 4.720542e-001 1.396480e-001 -1.286827e-002 5.985039e-001 -1.583442e-001 -8.941266e-001 6.325114e-001 1.006440e+000 -5.081391e-001 -6.532237e-001 
-5.883677e+000 2.111031e+001 -7.951648e-001 3.997882e+000 4.980236e+000 -9.638732e-001 -1.862459e+000 -2.238051e+000 -3.620748e-001 -3.924108e-001 1.504850e-001 -2.067162e+000 -4.752218e-002 -3.905395e-001 4.076173e-001 4.759088e-001 -5.616257e-001 6.652201e-001 3.250468e-002 -1.074772e+000 6.461973e-001 1.510068e+000 -1.061571e+000 -4.284297e-001 
-3.771486e+000 1.812595e+001 1.053758e+000 2.916085e+000 4.730014e+000 -4.277637e-001 -2.631578e+000 -1.557895e+000 -3.476741e-001 -1.557712e-001 -6.155813e-001 -1.691884e+000 -9.105808e-001 1.189538e-001 5.615400e-001 8.173646e-002 1.625580e-001 6.146648e-001 -3.125166e-001 -1.049507e+000 4.818695e-001 1.147060e+000 -1.660101e-001 -7.802917e-001 
-6.635975e+000 2.158071e+001 -7.734197e-001 3.642896e+000 5.145294e+000 -1.264254e+000 -2.751830e+000 -1.544601e+000 2.058369e-001 -8.402888e-001 1.808916e-001 -2.481705e+000 -3.528755e-001 2.850099e-001 3.872219e-001 1.984957e-001 -1.469274e-003 6.711160e-001 -4.847125e-001 -1.065634e+000 4.307658e-001 1.463608e+000 -4.919706e-001 -1.755102e-001 
-2.675923e+000 1.737488e+001 1.769920e+000 2.895274e+000 4.313466e+000 -5.506758e-001 -2.832656e+000 -1.455239e+000 -6.902765e-002 -2.004390e-001 -7.554059e-001 -1.415171e+000 -6.837534e-001 1.731971e-001 3.214505e-001 -7.165083e-002 2.428663e-001 6.270646e-001 -2.938372e-001 -9.278836e-001 3.659309e-001 9.512679e-001 -9.159438e-002 -5.457477e-001 
